5e-05
5e-05
5e-05
5e-05
5e-05
5e-05
5e-05
5e-05
5e-05
5e-05
5e-05
5e-05
5e-05
5e-05
5e-05
5e-05
5e-05
5e-05
5e-05
5e-05
5e-05
5e-05
5e-05
5e-05
5e-05
5e-05
5e-05
5e-05
5e-05
5e-05
5e-05
5e-05
5e-05
5e-05
5e-05
5e-05
5e-05
5e-05
5e-05
5e-05
5e-05
5e-05
5e-05
5e-05
5e-05
5e-05
5e-05
5e-05
5e-05
5e-05
5e-05
5e-05
5e-05
5e-05
5e-05
5e-05
5e-05
5e-05
5e-05
5e-05
5e-05
5e-05
5e-05
5e-05
5e-05
5e-05
5e-05
5e-05
5e-05
5e-05
5e-05
5e-05
5e-05
5e-05
5e-05
5e-05
5e-05
5e-05
5e-05
5e-05
5e-05
5e-05
5e-05
5e-05
5e-05
5e-05
5e-05
5e-05
5e-05
5e-05
5e-05
5e-05
5e-05
5e-05
5e-05
5e-05
5e-05
5e-05
5e-05
5e-05
5e-05
5e-05
5e-05
5e-05
5e-05
5e-05
5e-05
5e-05
5e-05
5e-05
5e-05
5e-05
5e-05
5e-05
5e-05
5e-05
5e-05
5e-05
5e-05
5e-05
5e-05
5e-05
5e-05
5e-05
5e-05
5e-05
5e-05
5e-05
5e-05
5e-05
5e-05
5e-05
5e-05
5e-05
5e-05
5e-05
5e-05
5e-05
5e-05
5e-05
5e-05
5e-05
5e-05
5e-05
5e-05
5e-05
5e-05
5e-05
5e-05
5e-05
5e-05
5e-05
5e-05
5e-05
5e-05
5e-05
5e-05
5e-05
5e-05
5e-05
5e-05
5e-05
5e-05
5e-05
5e-05
5e-05
5e-05
5e-05
5e-05
5e-05
5e-05
5e-05
5e-05
5e-05
5e-05
5e-05
5e-05
5e-05
5e-05
5e-05
5e-05
5e-05
5e-05
5e-05
5e-05
5e-05
5e-05
5e-05
5e-05
5e-05
5e-05
5e-05
5e-05
5e-05
5e-05
5e-05
5e-05
5e-05
5e-05
5e-05
5e-05
5e-05
5e-05
5e-05
5e-05
5e-05
5e-05
5e-05
5e-05
5e-05
5e-05
5e-05
5e-05
5e-05
5e-05
5e-05
5e-05
5e-05
5e-05
5e-05
5e-05
5e-05
5e-05
5e-05
5e-05
5e-05
5e-05
5e-05
5e-05
5e-05
5e-05
5e-05
5e-05
5e-05
5e-05
5e-05
5e-05
5e-05
5e-05
5e-05
5e-05
5e-05
5e-05
5e-05
5e-05
5e-05
5e-05
5e-05
5e-05
5e-05
5e-05
5e-05
5e-05
5e-05
5e-05
5e-05
5e-05
5e-05
5e-05
5e-05
5e-05
5e-05
5e-05
5e-05
5e-05
5e-05
5e-05
5e-05
5e-05
5e-05
5e-05
5e-05
5e-05
5e-05
5e-05
5e-05
5e-05
5e-05
5e-05
5e-05
5e-05
5e-05
5e-05
5e-05
5e-05
5e-05
5e-05
5e-05
5e-05
5e-05
5e-05
5e-05
5e-05
5e-05
5e-05
5e-05
5e-05
5e-05
5e-05
5e-05
5e-05
5e-05
5e-05
5e-05
5e-05
5e-05
5e-05
5e-05
5e-05
5e-05
5e-05
5e-05
5e-05
5e-05
5e-05
5e-05
5e-05
5e-05
5e-05
5e-05
5e-05
5e-05
5e-05
5e-05
5e-05
5e-05
5e-05
5e-05
5e-05
5e-05
5e-05
5e-05
5e-05
5e-05
5e-05
5e-05
5e-05
5e-05
5e-05
5e-05
5e-05
5e-05
5e-05
5e-05
5e-05
5e-05
5e-05
5e-05
5e-05
5e-05
5e-05
5e-05
5e-05
5e-05
5e-05
5e-05
5e-05
5e-05
5e-05
5e-05
5e-05
5e-05
5e-05
5e-05
5e-05
5e-05
5e-05
5e-05
5e-05
5e-05
5e-05
5e-05
5e-05
5e-05
5e-05
5e-05
5e-05
5e-05
5e-05
5e-05
5e-05
5e-05
5e-05
5e-05
5e-05
5e-05
5e-05
5e-05
5e-05
5e-05
5e-05
5e-05
5e-05
5e-05
5e-05
5e-05
5e-05
5e-05
5e-05
5e-05
5e-05
5e-05
5e-05
5e-05
5e-05
5e-05
5e-05
5e-05
5e-05
5e-05
5e-05
5e-05
5e-05
5e-05
5e-05
5e-05
5e-05
5e-05
5e-05
5e-05
5e-05
5e-05
5e-05
5e-05
5e-05
5e-05
5e-05
5e-05
5e-05
5e-05
5e-05
5e-05
5e-05
5e-05
5e-05
5e-05
5e-05
5e-05
5e-05
5e-05
5e-05
5e-05
5e-05
5e-05
5e-05
5e-05
5e-05
5e-05
5e-05
5e-05
5e-05
5e-05
5e-05
5e-05
5e-05
5e-05
5e-05
5e-05
5e-05
5e-05
5e-05
5e-05
5e-05
5e-05
5e-05
5e-05
5e-05
5e-05
5e-05
5e-05
5e-05
5e-05
5e-05
5e-05
5e-05
5e-05
5e-05
5e-05
5e-05
5e-05
5e-05
5e-05
5e-05
5e-05
5e-05
5e-05
5e-05
5e-05
5e-05
5e-05
5e-05
5e-05
5e-05
5e-05
5e-05
5e-05
5e-05
5e-05
5e-05
5e-05
5e-05
5e-05
5e-05
5e-05
5e-05
5e-05
5e-05
5e-05
5e-05
5e-05
5e-05
5e-05
5e-05
5e-05
5e-05
5e-05
5e-05
5e-05
5e-05
5e-05
5e-05
5e-05
5e-05
5e-05
5e-05
5e-05
5e-05
5e-05
5e-05
5e-05
5e-05
5e-05
5e-05
5e-05
5e-05
5e-05
5e-05
5e-05
5e-05
5e-05
5e-05
5e-05
5e-05
5e-05
5e-05
5e-05
5e-05
5e-05
5e-05
5e-05
5e-05
5e-05
5e-05
5e-05
5e-05
5e-05
5e-05
5e-05
5e-05
5e-05
5e-05
5e-05
5e-05
5e-05
5e-05
5e-05
5e-05
5e-05
5e-05
5e-05
5e-05
5e-05
5e-05
5e-05
5e-05
5e-05
5e-05
5e-05
5e-05
5e-05
5e-05
5e-05
5e-05
5e-05
5e-05
5e-05
5e-05
5e-05
5e-05
5e-05
5e-05
5e-05
5e-05
5e-05
5e-05
5e-05
5e-05
5e-05
5e-05
5e-05
5e-05
5e-05
5e-05
5e-05
5e-05
5e-05
5e-05
5e-05
5e-05
5e-05
5e-05
5e-05
5e-05
5e-05
5e-05
5e-05
5e-05
5e-05
5e-05
5e-05
5e-05
5e-05
5e-05
5e-05
5e-05
5e-05
5e-05
5e-05
5e-05
5e-05
5e-05
5e-05
5e-05
5e-05
5e-05
5e-05
5e-05
5e-05
5e-05
5e-05
5e-05
5e-05
5e-05
5e-05
5e-05
5e-05
5e-05
5e-05
5e-05
5e-05
5e-05
5e-05
5e-05
5e-05
5e-05
5e-05
5e-05
5e-05
5e-05
5e-05
5e-05
5e-05
5e-05
5e-05
5e-05
5e-05
5e-05
5e-05
5e-05
5e-05
5e-05
5e-05
5e-05
5e-05
5e-05
5e-05
5e-05
5e-05
5e-05
5e-05
5e-05
5e-05
5e-05
5e-05
5e-05
5e-05
5e-05
5e-05
5e-05
5e-05
5e-05
5e-05
5e-05
5e-05
5e-05
5e-05
5e-05
5e-05
5e-05
5e-05
5e-05
5e-05
5e-05
5e-05
5e-05
5e-05
5e-05
5e-05
5e-05
5e-05
5e-05
5e-05
5e-05
5e-05
5e-05
5e-05
5e-05
5e-05
5e-05
5e-05
5e-05
5e-05
5e-05
5e-05
5e-05
5e-05
5e-05
5e-05
5e-05
5e-05
5e-05
5e-05
5e-05
5e-05
5e-05
5e-05
5e-05
5e-05
5e-05
5e-05
5e-05
5e-05
5e-05
5e-05
5e-05
5e-05
5e-05
5e-05
5e-05
5e-05
5e-05
5e-05
5e-05
5e-05
5e-05
5e-05
5e-05
5e-05
5e-05
5e-05
5e-05
5e-05
5e-05
5e-05
5e-05
5e-05
5e-05
5e-05
5e-05
5e-05
5e-05
5e-05
5e-05
5e-05
5e-05
5e-05
5e-05
5e-05
5e-05
5e-05
5e-05
5e-05
5e-05
5e-05
5e-05
5e-05
5e-05
5e-05
5e-05
5e-05
5e-05
5e-05
5e-05
5e-05
5e-05
5e-05
5e-05
5e-05
5e-05
5e-05
5e-05
5e-05
5e-05
5e-05
5e-05
5e-05
5e-05
5e-05
5e-05
5e-05
5e-05
5e-05
5e-05
5e-05
5.00001e-05
5.00001e-05
5.00001e-05
5.00001e-05
5.00002e-05
5.00002e-05
5.00002e-05
5.00003e-05
5.00003e-05
5.00004e-05
5.00005e-05
5.00006e-05
5.00006e-05
5.00007e-05
5.00009e-05
5.0001e-05
5.00011e-05
5.00013e-05
5.00014e-05
5.00016e-05
5.00018e-05
5.0002e-05
5.00023e-05
5.00025e-05
5.00028e-05
5.00031e-05
5.00034e-05
5.00038e-05
5.00042e-05
5.00046e-05
5.00051e-05
5.00056e-05
5.00061e-05
5.00066e-05
5.00072e-05
5.00079e-05
5.00086e-05
5.00093e-05
5.00101e-05
5.00109e-05
5.00117e-05
5.00127e-05
5.00137e-05
5.00147e-05
5.00158e-05
5.00169e-05
5.00182e-05
5.00194e-05
5.00208e-05
5.00222e-05
5.00237e-05
5.00253e-05
5.00269e-05
5.00286e-05
5.00304e-05
5.00323e-05
5.00343e-05
5.00364e-05
5.00385e-05
5.00407e-05
5.00431e-05
5.00455e-05
5.00481e-05
5.00507e-05
5.00534e-05
5.00563e-05
5.00593e-05
5.00623e-05
5.00655e-05
5.00688e-05
5.00723e-05
5.00758e-05
5.00795e-05
5.00833e-05
5.00872e-05
5.00913e-05
5.00955e-05
5.00998e-05
5.01043e-05
5.01089e-05
5.01137e-05
5.01186e-05
5.01237e-05
5.01289e-05
5.01342e-05
5.01398e-05
5.01454e-05
5.01513e-05
5.01573e-05
5.01634e-05
5.01697e-05
5.01762e-05
5.01829e-05
5.01897e-05
5.01967e-05
5.02039e-05
5.02112e-05
5.02188e-05
5.02265e-05
5.02344e-05
5.02424e-05
5.02507e-05
5.02591e-05
5.02678e-05
5.02766e-05
5.02856e-05
5.02948e-05
5.03042e-05
5.03137e-05
5.03235e-05
5.03335e-05
5.03436e-05
5.0354e-05
5.03645e-05
5.03753e-05
5.03863e-05
5.03974e-05
5.04087e-05
5.04203e-05
5.04321e-05
5.0444e-05
5.04562e-05
5.04685e-05
5.04811e-05
5.04938e-05
5.05068e-05
5.052e-05
5.05334e-05
5.05469e-05
5.05607e-05
5.05747e-05
5.05889e-05
5.06033e-05
5.06179e-05
5.06327e-05
5.06478e-05
5.0663e-05
5.06784e-05
5.0694e-05
5.07099e-05
5.07259e-05
5.07422e-05
5.07586e-05
5.07753e-05
5.07922e-05
5.08092e-05
5.08265e-05
5.0844e-05
5.08617e-05
5.08795e-05
5.08976e-05
5.09159e-05
5.09344e-05
5.09531e-05
5.0972e-05
5.0991e-05
5.10103e-05
5.10298e-05
5.10495e-05
5.10694e-05
5.10894e-05
5.11097e-05
5.11302e-05
5.11508e-05
5.11717e-05
5.11928e-05
5.1214e-05
5.12354e-05
5.1257e-05
5.12789e-05
5.13009e-05
5.1323e-05
5.13454e-05
5.1368e-05
5.13907e-05
5.14137e-05
5.14368e-05
5.14601e-05
5.14836e-05
5.15072e-05
5.15311e-05
5.15551e-05
5.15793e-05
5.16036e-05
5.16282e-05
5.16529e-05
5.16778e-05
5.17029e-05
5.17281e-05
5.17535e-05
5.17791e-05
5.18048e-05
5.18307e-05
5.18568e-05
5.1883e-05
5.19094e-05
5.1936e-05
5.19627e-05
5.19896e-05
5.20166e-05
5.20438e-05
5.20711e-05
5.20986e-05
5.21263e-05
5.21541e-05
5.2182e-05
5.22101e-05
5.22384e-05
5.22668e-05
5.22953e-05
5.2324e-05
5.23528e-05
5.23818e-05
5.24109e-05
5.24401e-05
5.24695e-05
5.2499e-05
5.25287e-05
5.25584e-05
5.25884e-05
5.26184e-05
5.26486e-05
5.26789e-05
5.27093e-05
5.27398e-05
5.27705e-05
5.28013e-05
5.28322e-05
5.28632e-05
5.28943e-05
5.29256e-05
5.2957e-05
5.29885e-05
5.30201e-05
5.30518e-05
5.30836e-05
5.31155e-05
5.31475e-05
5.31797e-05
5.32119e-05
5.32443e-05
5.32767e-05
5.33092e-05
5.33419e-05
5.33746e-05
5.34074e-05
5.34404e-05
5.34734e-05
5.35065e-05
5.35397e-05
5.3573e-05
5.36063e-05
5.36398e-05
5.36733e-05
5.3707e-05
5.37407e-05
5.37744e-05
5.38083e-05
5.38422e-05
5.38763e-05
5.39103e-05
5.39445e-05
5.39787e-05
5.40131e-05
5.40474e-05
5.40819e-05
5.41164e-05
5.4151e-05
5.41856e-05
5.42203e-05
5.42551e-05
5.42899e-05
5.43248e-05
5.43597e-05
5.43947e-05
5.44297e-05
5.44648e-05
5.45e-05
5.45352e-05
5.45705e-05
5.46058e-05
5.46411e-05
5.46765e-05
5.4712e-05
5.47475e-05
5.4783e-05
5.48186e-05
5.48542e-05
5.48898e-05
5.49255e-05
5.49613e-05
5.4997e-05
5.50328e-05
5.50687e-05
5.51045e-05
5.51404e-05
5.51763e-05
5.52123e-05
5.52483e-05
5.52843e-05
5.53203e-05
5.53564e-05
5.53924e-05
5.54285e-05
5.54647e-05
5.55008e-05
5.5537e-05
5.55732e-05
5.56094e-05
5.56456e-05
5.56818e-05
5.5718e-05
5.57543e-05
5.57906e-05
5.58268e-05
5.58631e-05
5.58994e-05
5.59357e-05
5.5972e-05
5.60083e-05
5.60447e-05
5.6081e-05
5.61173e-05
5.61536e-05
5.619e-05
5.62263e-05
5.62626e-05
5.62989e-05
5.63353e-05
5.63716e-05
5.64079e-05
5.64442e-05
5.64805e-05
5.65168e-05
5.65531e-05
5.65894e-05
5.66256e-05
5.66619e-05
5.66981e-05
5.67344e-05
5.67706e-05
5.68068e-05
5.6843e-05
5.68792e-05
5.69154e-05
5.69515e-05
5.69876e-05
5.70237e-05
5.70598e-05
5.70959e-05
5.71319e-05
5.7168e-05
5.7204e-05
5.724e-05
5.72759e-05
5.73119e-05
5.73478e-05
5.73837e-05
5.74195e-05
5.74553e-05
5.74911e-05
5.75269e-05
5.75627e-05
5.75984e-05
5.76341e-05
5.76697e-05
5.77053e-05
5.77409e-05
5.77765e-05
5.7812e-05
5.78475e-05
5.7883e-05
5.79184e-05
5.79538e-05
5.79891e-05
5.80244e-05
5.80597e-05
5.80949e-05
5.81301e-05
5.81653e-05
5.82004e-05
5.82355e-05
5.82705e-05
5.83055e-05
5.83404e-05
5.83753e-05
5.84102e-05
5.8445e-05
5.84798e-05
5.85145e-05
5.85492e-05
5.85839e-05
5.86185e-05
5.8653e-05
5.86875e-05
5.8722e-05
5.87564e-05
5.87907e-05
5.8825e-05
5.88593e-05
5.88935e-05
5.89277e-05
5.89618e-05
5.89959e-05
5.90299e-05
5.90638e-05
5.90977e-05
5.91316e-05
5.91654e-05
5.91991e-05
5.92328e-05
5.92665e-05
5.93e-05
5.93336e-05
5.9367e-05
5.94005e-05
5.94338e-05
5.94671e-05
5.95004e-05
5.95336e-05
5.95667e-05
5.95998e-05
5.96328e-05
5.96658e-05
5.96987e-05
5.97316e-05
5.97643e-05
5.97971e-05
5.98297e-05
5.98624e-05
5.98949e-05
5.99274e-05
5.99598e-05
5.99922e-05
6.00245e-05
6.00567e-05
6.00889e-05
6.01211e-05
6.01531e-05
6.01851e-05
6.02171e-05
6.02489e-05
6.02807e-05
6.03125e-05
6.03442e-05
6.03758e-05
6.04074e-05
6.04388e-05
6.04703e-05
6.05016e-05
6.05329e-05
6.05642e-05
6.05953e-05
6.06264e-05
6.06575e-05
6.06885e-05
6.07194e-05
6.07502e-05
6.0781e-05
6.08117e-05
6.08423e-05
6.08729e-05
6.09034e-05
6.09339e-05
6.09642e-05
6.09945e-05
6.10248e-05
6.1055e-05
6.10851e-05
6.11151e-05
6.11451e-05
6.1175e-05
6.12048e-05
6.12346e-05
6.12643e-05
6.12939e-05
6.13235e-05
6.13529e-05
6.13824e-05
6.14117e-05
6.1441e-05
6.14702e-05
6.14994e-05
6.15284e-05
6.15575e-05
6.15864e-05
6.16153e-05
6.16441e-05
6.16728e-05
6.17015e-05
6.173e-05
6.17586e-05
6.1787e-05
6.18154e-05
6.18437e-05
6.1872e-05
6.19001e-05
6.19282e-05
6.19563e-05
6.19842e-05
6.20121e-05
6.20399e-05
6.20677e-05
6.20954e-05
6.2123e-05
6.21505e-05
6.2178e-05
6.22054e-05
6.22327e-05
6.22599e-05
6.22871e-05
6.23142e-05
6.23413e-05
6.23683e-05
6.23952e-05
6.2422e-05
6.24488e-05
6.24754e-05
6.25021e-05
6.25286e-05
6.25551e-05
6.25815e-05
6.26078e-05
6.26341e-05
6.26603e-05
6.26864e-05
6.27125e-05
6.27385e-05
6.27644e-05
6.27902e-05
6.2816e-05
6.28417e-05
6.28673e-05
6.28929e-05
6.29184e-05
6.29438e-05
6.29691e-05
6.29944e-05
6.30196e-05
6.30447e-05
6.30698e-05
6.30948e-05
6.31197e-05
6.31446e-05
6.31694e-05
6.31941e-05
6.32187e-05
6.32433e-05
6.32678e-05
6.32922e-05
6.33166e-05
6.33409e-05
6.33651e-05
6.33893e-05
6.34134e-05
6.34374e-05
6.34613e-05
6.34852e-05
6.3509e-05
6.35327e-05
6.35564e-05
6.358e-05
6.36035e-05
6.3627e-05
6.36504e-05
6.36737e-05
6.36969e-05
6.37201e-05
6.37432e-05
6.37663e-05
6.37892e-05
6.38122e-05
6.3835e-05
6.38578e-05
6.38805e-05
6.39031e-05
6.39257e-05
6.39482e-05
6.39706e-05
6.39929e-05
6.40152e-05
6.40374e-05
6.40596e-05
6.40817e-05
6.41037e-05
6.41257e-05
6.41475e-05
6.41694e-05
6.41911e-05
6.42128e-05
6.42344e-05
6.4256e-05
6.42774e-05
6.42988e-05
6.43202e-05
6.43415e-05
6.43627e-05
6.43838e-05
6.44049e-05
6.44259e-05
6.44469e-05
6.44677e-05
6.44886e-05
6.45093e-05
6.453e-05
6.45506e-05
6.45712e-05
6.45916e-05
6.46121e-05
6.46324e-05
6.46527e-05
6.46729e-05
6.46931e-05
6.47132e-05
6.47332e-05
6.47532e-05
6.47731e-05
6.47929e-05
6.48127e-05
6.48324e-05
6.4852e-05
6.48716e-05
6.48911e-05
6.49106e-05
6.49299e-05
6.49493e-05
6.49685e-05
6.49877e-05
6.50068e-05
6.50259e-05
6.50449e-05
6.50639e-05
6.50827e-05
6.51015e-05
6.51203e-05
6.5139e-05
6.51576e-05
6.51762e-05
6.51947e-05
6.52131e-05
6.52315e-05
6.52498e-05
6.52681e-05
6.52863e-05
6.53044e-05
6.53225e-05
6.53405e-05
6.53584e-05
6.53763e-05
6.53941e-05
6.54119e-05
6.54296e-05
6.54472e-05
6.54648e-05
6.54823e-05
6.54998e-05
6.55172e-05
6.55345e-05
6.55518e-05
6.5569e-05
6.55862e-05
6.56033e-05
6.56203e-05
6.56373e-05
6.56542e-05
6.56711e-05
6.56879e-05
6.57047e-05
6.57213e-05
6.5738e-05
6.57545e-05
6.5771e-05
6.57875e-05
6.58039e-05
6.58202e-05
6.58365e-05
6.58527e-05
6.58689e-05
6.5885e-05
6.5901e-05
6.5917e-05
6.5933e-05
6.59488e-05
6.59647e-05
6.59804e-05
6.59961e-05
6.60118e-05
6.60274e-05
6.60429e-05
6.60584e-05
6.60738e-05
6.60892e-05
6.61045e-05
6.61197e-05
6.61349e-05
6.61501e-05
6.61652e-05
6.61802e-05
6.61952e-05
6.62101e-05
6.6225e-05
6.62398e-05
6.62546e-05
6.62693e-05
6.62839e-05
6.62985e-05
6.63131e-05
6.63275e-05
6.6342e-05
6.63564e-05
6.63707e-05
6.6385e-05
6.63992e-05
6.64134e-05
6.64275e-05
6.64415e-05
6.64555e-05
6.64695e-05
6.64834e-05
6.64972e-05
6.6511e-05
6.65248e-05
6.65385e-05
6.65521e-05
6.65657e-05
6.65792e-05
6.65927e-05
6.66062e-05
6.66196e-05
6.66329e-05
6.66462e-05
6.66594e-05
6.66726e-05
6.66857e-05
6.66988e-05
6.67118e-05
6.67248e-05
6.67377e-05
6.67506e-05
6.67634e-05
6.67762e-05
6.67889e-05
6.68016e-05
6.68142e-05
6.68268e-05
6.68393e-05
6.68518e-05
6.68642e-05
6.68766e-05
6.68889e-05
6.69012e-05
6.69134e-05
6.69256e-05
6.69378e-05
6.69498e-05
6.69619e-05
6.69739e-05
6.69858e-05
6.69977e-05
6.70096e-05
6.70214e-05
6.70331e-05
6.70448e-05
6.70565e-05
6.70681e-05
6.70797e-05
6.70912e-05
6.71026e-05
6.71141e-05
6.71254e-05
6.71368e-05
6.71481e-05
6.71593e-05
6.71705e-05
6.71816e-05
6.71927e-05
6.72038e-05
6.72148e-05
6.72258e-05
6.72367e-05
6.72476e-05
6.72584e-05
6.72692e-05
6.72799e-05
6.72906e-05
6.73013e-05
6.73119e-05
6.73224e-05
6.73329e-05
6.73434e-05
6.73538e-05
6.73642e-05
6.73746e-05
6.73849e-05
6.73951e-05
6.74053e-05
6.74155e-05
6.74256e-05
6.74357e-05
6.74457e-05
6.74557e-05
6.74657e-05
6.74756e-05
6.74854e-05
6.74953e-05
6.7505e-05
6.75148e-05
6.75245e-05
6.75341e-05
6.75437e-05
6.75533e-05
6.75628e-05
6.75723e-05
6.75818e-05
6.75912e-05
6.76005e-05
6.76098e-05
6.76191e-05
6.76284e-05
6.76376e-05
6.76467e-05
6.76558e-05
6.76649e-05
6.76739e-05
6.76829e-05
6.76919e-05
6.77008e-05
6.77097e-05
6.77185e-05
6.77273e-05
6.77361e-05
6.77448e-05
6.77535e-05
6.77621e-05
6.77707e-05
6.77793e-05
6.77878e-05
6.77963e-05
6.78047e-05
6.78131e-05
6.78215e-05
6.78298e-05
6.78381e-05
6.78463e-05
6.78545e-05
6.78627e-05
6.78708e-05
6.78789e-05
6.7887e-05
6.7895e-05
6.7903e-05
6.7911e-05
6.79189e-05
6.79267e-05
6.79346e-05
6.79424e-05
6.79501e-05
6.79578e-05
6.79655e-05
6.79732e-05
6.79808e-05
6.79884e-05
6.79959e-05
6.80034e-05
6.80109e-05
6.80183e-05
6.80257e-05
6.80331e-05
6.80404e-05
6.80477e-05
6.80549e-05
6.80622e-05
6.80693e-05
6.80765e-05
6.80836e-05
6.80907e-05
6.80977e-05
6.81047e-05
6.81117e-05
6.81186e-05
6.81255e-05
6.81324e-05
6.81392e-05
6.8146e-05
6.81528e-05
6.81595e-05
6.81662e-05
6.81729e-05
6.81795e-05
6.81861e-05
6.81927e-05
6.81992e-05
6.82057e-05
6.82122e-05
6.82186e-05
6.8225e-05
6.82313e-05
6.82377e-05
6.8244e-05
6.82502e-05
6.82565e-05
6.82627e-05
6.82688e-05
6.82749e-05
6.8281e-05
6.82871e-05
6.82932e-05
6.82992e-05
6.83051e-05
6.83111e-05
6.8317e-05
6.83228e-05
6.83287e-05
6.83345e-05
6.83403e-05
6.8346e-05
6.83517e-05
6.83574e-05
6.83631e-05
6.83687e-05
6.83743e-05
6.83799e-05
6.83854e-05
6.83909e-05
6.83964e-05
6.84018e-05
6.84072e-05
6.84126e-05
6.8418e-05
6.84233e-05
6.84286e-05
6.84338e-05
6.8439e-05
6.84442e-05
6.84494e-05
6.84546e-05
6.84597e-05
6.84647e-05
6.84698e-05
6.84748e-05
6.84798e-05
6.84848e-05
6.84897e-05
6.84946e-05
6.84995e-05
6.85043e-05
6.85091e-05
6.85139e-05
6.85187e-05
6.85234e-05
6.85281e-05
6.85328e-05
6.85375e-05
6.85421e-05
6.85467e-05
6.85512e-05
6.85558e-05
6.85603e-05
6.85648e-05
6.85692e-05
6.85736e-05
6.8578e-05
6.85824e-05
6.85867e-05
6.8591e-05
6.85953e-05
6.85996e-05
6.86038e-05
6.8608e-05
6.86122e-05
6.86164e-05
6.86205e-05
6.86246e-05
6.86287e-05
6.86327e-05
6.86367e-05
6.86407e-05
6.86447e-05
6.86486e-05
6.86525e-05
6.86564e-05
6.86603e-05
6.86641e-05
6.86679e-05
6.86717e-05
6.86755e-05
6.86792e-05
6.86829e-05
6.86866e-05
6.86902e-05
6.86939e-05
6.86975e-05
6.87011e-05
6.87046e-05
6.87081e-05
6.87117e-05
6.87151e-05
6.87186e-05
6.8722e-05
6.87254e-05
6.87288e-05
6.87322e-05
6.87355e-05
6.87388e-05
6.87421e-05
6.87453e-05
6.87486e-05
6.87518e-05
6.8755e-05
6.87581e-05
6.87613e-05
6.87644e-05
6.87675e-05
6.87705e-05
6.87736e-05
6.87766e-05
6.87796e-05
6.87826e-05
6.87855e-05
6.87884e-05
6.87914e-05
6.87942e-05
6.87971e-05
6.87999e-05
6.88027e-05
6.88055e-05
6.88083e-05
6.8811e-05
6.88137e-05
6.88164e-05
6.88191e-05
6.88218e-05
6.88244e-05
6.8827e-05
6.88296e-05
6.88321e-05
6.88347e-05
6.88372e-05
6.88397e-05
6.88422e-05
6.88446e-05
6.88471e-05
6.88495e-05
6.88519e-05
6.88542e-05
6.88566e-05
6.88589e-05
6.88612e-05
6.88635e-05
6.88657e-05
6.8868e-05
6.88702e-05
6.88724e-05
6.88745e-05
6.88767e-05
6.88788e-05
6.88809e-05
6.8883e-05
6.88851e-05
6.88871e-05
6.88892e-05
6.88912e-05
6.88931e-05
6.88951e-05
6.88971e-05
6.8899e-05
6.89009e-05
6.89028e-05
6.89046e-05
6.89065e-05
6.89083e-05
6.89101e-05
6.89119e-05
6.89136e-05
6.89154e-05
6.89171e-05
6.89188e-05
6.89205e-05
6.89222e-05
6.89238e-05
6.89254e-05
6.8927e-05
6.89286e-05
6.89302e-05
6.89317e-05
6.89333e-05
6.89348e-05
6.89363e-05
6.89377e-05
6.89392e-05
6.89406e-05
6.8942e-05
6.89434e-05
6.89448e-05
6.89462e-05
6.89475e-05
6.89488e-05
6.89501e-05
6.89514e-05
6.89527e-05
6.89539e-05
6.89552e-05
6.89564e-05
6.89576e-05
6.89587e-05
6.89599e-05
6.8961e-05
6.89621e-05
6.89633e-05
6.89643e-05
6.89654e-05
6.89664e-05
6.89675e-05
6.89685e-05
6.89695e-05
6.89705e-05
6.89714e-05
6.89724e-05
6.89733e-05
6.89742e-05
6.89751e-05
6.8976e-05
6.89768e-05
6.89777e-05
6.89785e-05
6.89793e-05
6.89801e-05
6.89809e-05
6.89816e-05
6.89823e-05
6.89831e-05
6.89838e-05
6.89845e-05
6.89851e-05
6.89858e-05
6.89864e-05
6.8987e-05
6.89876e-05
6.89882e-05
6.89888e-05
6.89894e-05
6.89899e-05
6.89904e-05
6.89909e-05
6.89914e-05
6.89919e-05
6.89923e-05
6.89928e-05
6.89932e-05
6.89936e-05
6.8994e-05
6.89944e-05
6.89948e-05
6.89951e-05
6.89954e-05
6.89958e-05
6.89961e-05
6.89963e-05
6.89966e-05
6.89969e-05
6.89971e-05
6.89973e-05
6.89975e-05
6.89977e-05
6.89979e-05
6.89981e-05
6.89982e-05
6.89984e-05
6.89985e-05
6.89986e-05
6.89987e-05
6.89987e-05
6.89988e-05
6.89988e-05
6.89989e-05
6.89989e-05
6.89989e-05
6.89989e-05
6.89988e-05
6.89988e-05
6.89987e-05
6.89987e-05
6.89986e-05
6.89985e-05
6.89984e-05
6.89982e-05
6.89981e-05
6.89979e-05
6.89978e-05
6.89976e-05
6.89974e-05
6.89972e-05
6.89969e-05
6.89967e-05
6.89964e-05
6.89962e-05
6.89959e-05
6.89956e-05
6.89953e-05
6.89949e-05
6.89946e-05
6.89943e-05
6.89939e-05
6.89935e-05
6.89931e-05
6.89927e-05
6.89923e-05
6.89919e-05
6.89914e-05
6.8991e-05
6.89905e-05
6.899e-05
6.89895e-05
6.8989e-05
6.89885e-05
6.89879e-05
6.89874e-05
6.89868e-05
6.89862e-05
6.89856e-05
6.8985e-05
6.89844e-05
6.89838e-05
6.89832e-05
6.89825e-05
6.89818e-05
6.89812e-05
6.89805e-05
6.89798e-05
6.89791e-05
6.89783e-05
6.89776e-05
6.89768e-05
6.89761e-05
6.89753e-05
6.89745e-05
6.89737e-05
6.89729e-05
6.89721e-05
6.89712e-05
6.89704e-05
6.89695e-05
6.89686e-05
6.89678e-05
6.89669e-05
6.89659e-05
6.8965e-05
6.89641e-05
6.89631e-05
6.89622e-05
6.89612e-05
6.89602e-05
6.89592e-05
6.89582e-05
6.89572e-05
6.89562e-05
6.89552e-05
6.89541e-05
6.89531e-05
6.8952e-05
6.89509e-05
6.89498e-05
6.89487e-05
6.89476e-05
6.89465e-05
6.89453e-05
6.89442e-05
6.8943e-05
6.89418e-05
6.89407e-05
6.89395e-05
6.89383e-05
6.8937e-05
6.89358e-05
6.89346e-05
6.89333e-05
6.89321e-05
6.89308e-05
6.89295e-05
6.89282e-05
6.89269e-05
6.89256e-05
6.89243e-05
6.89229e-05
6.89216e-05
6.89203e-05
6.89189e-05
6.89175e-05
6.89161e-05
6.89147e-05
6.89133e-05
6.89119e-05
6.89105e-05
6.8909e-05
6.89076e-05
6.89061e-05
6.89047e-05
6.89032e-05
6.89017e-05
6.89002e-05
6.88987e-05
6.88972e-05
6.88956e-05
6.88941e-05
6.88926e-05
6.8891e-05
6.88894e-05
6.88879e-05
6.88863e-05
6.88847e-05
6.88831e-05
6.88815e-05
6.88798e-05
6.88782e-05
6.88766e-05
6.88749e-05
6.88732e-05
6.88716e-05
6.88699e-05
6.88682e-05
6.88665e-05
6.88648e-05
6.88631e-05
6.88613e-05
6.88596e-05
6.88578e-05
6.88561e-05
6.88543e-05
6.88525e-05
6.88508e-05
6.8849e-05
6.88472e-05
6.88454e-05
6.88435e-05
6.88417e-05
6.88399e-05
6.8838e-05
6.88362e-05
6.88343e-05
6.88324e-05
6.88305e-05
6.88286e-05
6.88267e-05
6.88248e-05
6.88229e-05
6.8821e-05
6.88191e-05
6.88171e-05
6.88152e-05
6.88132e-05
6.88112e-05
6.88093e-05
6.88073e-05
6.88053e-05
6.88033e-05
6.88013e-05
6.87992e-05
6.87972e-05
6.87952e-05
6.87931e-05
6.87911e-05
6.8789e-05
6.8787e-05
6.87849e-05
6.87828e-05
6.87807e-05
6.87786e-05
6.87765e-05
6.87744e-05
6.87722e-05
6.87701e-05
6.8768e-05
6.87658e-05
6.87637e-05
6.87615e-05
6.87593e-05
6.87571e-05
6.87549e-05
6.87528e-05
6.87505e-05
6.87483e-05
6.87461e-05
6.87439e-05
6.87417e-05
6.87394e-05
6.87372e-05
6.87349e-05
6.87326e-05
6.87304e-05
6.87281e-05
6.87258e-05
6.87235e-05
6.87212e-05
6.87189e-05
6.87166e-05
6.87142e-05
6.87119e-05
6.87096e-05
6.87072e-05
6.87049e-05
6.87025e-05
6.87001e-05
6.86978e-05
6.86954e-05
6.8693e-05
6.86906e-05
6.86882e-05
6.86858e-05
6.86833e-05
6.86809e-05
6.86785e-05
6.8676e-05
6.86736e-05
6.86711e-05
6.86687e-05
6.86662e-05
6.86637e-05
6.86613e-05
6.86588e-05
6.86563e-05
6.86538e-05
6.86513e-05
6.86488e-05
6.86462e-05
6.86437e-05
6.86412e-05
6.86386e-05
6.86361e-05
6.86335e-05
6.8631e-05
6.86284e-05
6.86258e-05
6.86232e-05
6.86206e-05
6.86181e-05
6.86154e-05
6.86128e-05
6.86102e-05
6.86076e-05
6.8605e-05
6.86023e-05
6.85997e-05
6.85971e-05
6.85944e-05
6.85918e-05
6.85891e-05
6.85864e-05
6.85837e-05
6.85811e-05
6.85784e-05
6.85757e-05
6.8573e-05
6.85703e-05
6.85676e-05
6.85648e-05
6.85621e-05
6.85594e-05
6.85566e-05
6.85539e-05
6.85511e-05
6.85484e-05
6.85456e-05
6.85429e-05
6.85401e-05
6.85373e-05
6.85345e-05
6.85317e-05
6.85289e-05
6.85261e-05
6.85233e-05
6.85205e-05
6.85177e-05
6.85149e-05
6.8512e-05
6.85092e-05
6.85064e-05
6.85035e-05
6.85007e-05
6.84978e-05
6.84949e-05
6.84921e-05
6.84892e-05
6.84863e-05
6.84834e-05
6.84805e-05
6.84776e-05
6.84747e-05
6.84718e-05
6.84689e-05
6.8466e-05
6.84631e-05
6.84601e-05
6.84572e-05
6.84543e-05
6.84513e-05
6.84484e-05
6.84454e-05
6.84424e-05
6.84395e-05
6.84365e-05
6.84335e-05
6.84305e-05
6.84276e-05
6.84246e-05
6.84216e-05
6.84186e-05
6.84156e-05
6.84125e-05
6.84095e-05
6.84065e-05
6.84035e-05
6.84004e-05
6.83974e-05
6.83944e-05
6.83913e-05
6.83883e-05
6.83852e-05
6.83821e-05
6.83791e-05
6.8376e-05
6.83729e-05
6.83699e-05
6.83668e-05
6.83637e-05
6.83606e-05
6.83575e-05
6.83544e-05
6.83513e-05
6.83481e-05
6.8345e-05
6.83419e-05
6.83388e-05
6.83356e-05
6.83325e-05
6.83294e-05
6.83262e-05
6.83231e-05
6.83199e-05
6.83167e-05
6.83136e-05
6.83104e-05
6.83072e-05
6.83041e-05
6.83009e-05
6.82977e-05
6.82945e-05
6.82913e-05
6.82881e-05
6.82849e-05
6.82817e-05
6.82785e-05
6.82753e-05
6.8272e-05
6.82688e-05
6.82656e-05
6.82623e-05
6.82591e-05
6.82559e-05
6.82526e-05
6.82494e-05
6.82461e-05
6.82428e-05
6.82396e-05
6.82363e-05
6.8233e-05
6.82298e-05
6.82265e-05
6.82232e-05
6.82199e-05
6.82166e-05
6.82133e-05
6.821e-05
6.82067e-05
6.82034e-05
6.82001e-05
6.81968e-05
6.81935e-05
6.81901e-05
6.81868e-05
6.81835e-05
6.81801e-05
6.81768e-05
6.81735e-05
6.81701e-05
6.81668e-05
6.81634e-05
6.816e-05
6.81567e-05
6.81533e-05
6.81499e-05
6.81466e-05
6.81432e-05
6.81398e-05
6.81364e-05
6.8133e-05
6.81296e-05
6.81262e-05
6.81228e-05
6.81194e-05
6.8116e-05
6.81126e-05
6.81092e-05
6.81058e-05
6.81024e-05
6.80989e-05
6.80955e-05
6.80921e-05
6.80886e-05
6.80852e-05
6.80818e-05
6.80783e-05
6.80749e-05
6.80714e-05
6.8068e-05
6.80645e-05
6.8061e-05
6.80576e-05
6.80541e-05
6.80506e-05
6.80471e-05
6.80437e-05
6.80402e-05
6.80367e-05
6.80332e-05
6.80297e-05
6.80262e-05
6.80227e-05
6.80192e-05
6.80157e-05
6.80122e-05
6.80087e-05
6.80052e-05
6.80017e-05
6.79981e-05
6.79946e-05
6.79911e-05
6.79875e-05
6.7984e-05
6.79805e-05
6.79769e-05
6.79734e-05
6.79698e-05
6.79663e-05
6.79627e-05
6.79592e-05
6.79556e-05
6.79521e-05
6.79485e-05
6.79449e-05
6.79414e-05
6.79378e-05
6.79342e-05
6.79306e-05
6.7927e-05
6.79235e-05
6.79199e-05
6.79163e-05
6.79127e-05
6.79091e-05
6.79055e-05
6.79019e-05
6.78983e-05
6.78947e-05
6.78911e-05
6.78874e-05
6.78838e-05
6.78802e-05
6.78766e-05
6.7873e-05
6.78693e-05
6.78657e-05
6.78621e-05
6.78584e-05
6.78548e-05
6.78512e-05
6.78475e-05
6.78439e-05
6.78402e-05
6.78366e-05
6.78329e-05
6.78292e-05
6.78256e-05
6.78219e-05
6.78183e-05
6.78146e-05
6.78109e-05
6.78072e-05
6.78036e-05
6.77999e-05
6.77962e-05
6.77925e-05
6.77888e-05
6.77852e-05
6.77815e-05
6.77778e-05
6.77741e-05
6.77704e-05
6.77667e-05
6.7763e-05
6.77593e-05
6.77556e-05
6.77519e-05
6.77481e-05
6.77444e-05
6.77407e-05
6.7737e-05
6.77333e-05
6.77296e-05
6.77258e-05
6.77221e-05
6.77184e-05
6.77146e-05
6.77109e-05
6.77072e-05
6.77034e-05
6.76997e-05
6.76959e-05
6.76922e-05
6.76884e-05
6.76847e-05
6.76809e-05
6.76772e-05
6.76734e-05
6.76697e-05
6.76659e-05
6.76621e-05
6.76584e-05
6.76546e-05
6.76508e-05
6.76471e-05
6.76433e-05
6.76395e-05
6.76357e-05
6.76319e-05
6.76282e-05
6.76244e-05
6.76206e-05
6.76168e-05
6.7613e-05
6.76092e-05
6.76054e-05
6.76016e-05
6.75978e-05
6.7594e-05
6.75902e-05
6.75864e-05
6.75826e-05
6.75788e-05
6.7575e-05
6.75712e-05
6.75674e-05
6.75635e-05
6.75597e-05
6.75559e-05
6.75521e-05
6.75483e-05
6.75444e-05
6.75406e-05
6.75368e-05
6.75329e-05
6.75291e-05
6.75253e-05
6.75214e-05
6.75176e-05
6.75138e-05
6.75099e-05
6.75061e-05
6.75022e-05
6.74984e-05
6.74945e-05
6.74907e-05
6.74868e-05
6.7483e-05
6.74791e-05
6.74752e-05
6.74714e-05
6.74675e-05
6.74637e-05
6.74598e-05
6.74559e-05
6.74521e-05
6.74482e-05
6.74443e-05
6.74404e-05
6.74366e-05
6.74327e-05
6.74288e-05
6.74249e-05
6.74211e-05
6.74172e-05
6.74133e-05
6.74094e-05
6.74055e-05
6.74016e-05
6.73977e-05
6.73938e-05
6.73899e-05
6.7386e-05
6.73822e-05
6.73783e-05
6.73744e-05
6.73705e-05
6.73665e-05
6.73626e-05
6.73587e-05
6.73548e-05
6.73509e-05
6.7347e-05
6.73431e-05
6.73392e-05
6.73353e-05
6.73314e-05
6.73274e-05
6.73235e-05
6.73196e-05
6.73157e-05
6.73118e-05
6.73078e-05
6.73039e-05
6.73e-05
6.72961e-05
6.72921e-05
6.72882e-05
6.72843e-05
6.72803e-05
6.72764e-05
6.72725e-05
6.72685e-05
6.72646e-05
6.72606e-05
6.72567e-05
6.72528e-05
6.72488e-05
6.72449e-05
6.72409e-05
6.7237e-05
6.7233e-05
6.72291e-05
6.72251e-05
6.72212e-05
6.72172e-05
6.72133e-05
6.72093e-05
6.72053e-05
6.72014e-05
6.71974e-05
6.71935e-05
6.71895e-05
6.71855e-05
6.71816e-05
6.71776e-05
6.71736e-05
6.71697e-05
6.71657e-05
6.71617e-05
6.71578e-05
6.71538e-05
6.71498e-05
6.71458e-05
6.71419e-05
6.71379e-05
6.71339e-05
6.71299e-05
6.7126e-05
6.7122e-05
6.7118e-05
6.7114e-05
6.711e-05
6.7106e-05
6.71021e-05
6.70981e-05
6.70941e-05
6.70901e-05
6.70861e-05
6.70821e-05
6.70781e-05
6.70741e-05
6.70701e-05
6.70661e-05
6.70621e-05
6.70582e-05
6.70542e-05
6.70502e-05
6.70462e-05
6.70422e-05
6.70382e-05
6.70342e-05
6.70302e-05
6.70261e-05
6.70221e-05
6.70181e-05
6.70141e-05
6.70101e-05
6.70061e-05
6.70021e-05
6.69981e-05
6.69941e-05
6.69901e-05
6.69861e-05
6.69821e-05
6.6978e-05
6.6974e-05
6.697e-05
6.6966e-05
6.6962e-05
6.6958e-05
6.69539e-05
6.69499e-05
6.69459e-05
6.69419e-05
6.69379e-05
6.69338e-05
6.69298e-05
6.69258e-05
6.69218e-05
6.69177e-05
6.69137e-05
6.69097e-05
6.69057e-05
6.69016e-05
6.68976e-05
6.68936e-05
6.68895e-05
6.68855e-05
6.68815e-05
6.68774e-05
6.68734e-05
6.68694e-05
6.68653e-05
6.68613e-05
6.68573e-05
6.68532e-05
6.68492e-05
6.68452e-05
6.68411e-05
6.68371e-05
6.6833e-05
6.6829e-05
6.6825e-05
6.68209e-05
6.68169e-05
6.68128e-05
6.68088e-05
6.68047e-05
6.68007e-05
6.67967e-05
6.67926e-05
6.67886e-05
6.67845e-05
6.67805e-05
6.67764e-05
6.67724e-05
6.67683e-05
6.67643e-05
6.67602e-05
6.67562e-05
6.67521e-05
6.67481e-05
6.6744e-05
6.674e-05
6.67359e-05
6.67319e-05
6.67278e-05
6.67238e-05
6.67197e-05
6.67157e-05
6.67116e-05
6.67075e-05
6.67035e-05
6.66994e-05
6.66954e-05
6.66913e-05
6.66873e-05
6.66832e-05
6.66791e-05
6.66751e-05
6.6671e-05
6.6667e-05
6.66629e-05
6.66588e-05
6.66548e-05
6.66507e-05
6.66466e-05
6.66426e-05
6.66385e-05
6.66345e-05
6.66304e-05
6.66263e-05
6.66223e-05
6.66182e-05
6.66141e-05
6.66101e-05
6.6606e-05
6.66019e-05
6.65979e-05
6.65938e-05
6.65897e-05
6.65857e-05
6.65816e-05
6.65775e-05
6.65735e-05
6.65694e-05
6.65653e-05
6.65613e-05
6.65572e-05
6.65531e-05
6.6549e-05
6.6545e-05
6.65409e-05
6.65368e-05
6.65328e-05
6.65287e-05
6.65246e-05
6.65205e-05
6.65165e-05
6.65124e-05
6.65083e-05
6.65043e-05
6.65002e-05
6.64961e-05
6.6492e-05
6.6488e-05
6.64839e-05
6.64798e-05
6.64757e-05
6.64717e-05
6.64676e-05
6.64635e-05
6.64594e-05
6.64554e-05
6.64513e-05
6.64472e-05
6.64431e-05
6.64391e-05
6.6435e-05
6.64309e-05
6.64268e-05
6.64228e-05
6.64187e-05
6.64146e-05
6.64105e-05
6.64064e-05
6.64024e-05
6.63983e-05
6.63942e-05
6.63901e-05
6.63861e-05
6.6382e-05
6.63779e-05
6.63738e-05
6.63697e-05
6.63657e-05
6.63616e-05
6.63575e-05
6.63534e-05
6.63494e-05
6.63453e-05
6.63412e-05
6.63371e-05
6.6333e-05
6.6329e-05
6.63249e-05
6.63208e-05
6.63167e-05
6.63126e-05
6.63086e-05
6.63045e-05
6.63004e-05
6.62963e-05
6.62922e-05
6.62882e-05
6.62841e-05
6.628e-05
6.62759e-05
6.62718e-05
6.62678e-05
6.62637e-05
6.62596e-05
6.62555e-05
6.62514e-05
6.62474e-05
6.62433e-05
6.62392e-05
6.62351e-05
6.6231e-05
6.6227e-05
6.62229e-05
6.62188e-05
6.62147e-05
6.62107e-05
6.62066e-05
6.62025e-05
6.61984e-05
6.61943e-05
6.61903e-05
6.61862e-05
6.61821e-05
6.6178e-05
6.61739e-05
6.61699e-05
6.61658e-05
6.61617e-05
6.61576e-05
6.61535e-05
6.61495e-05
6.61454e-05
6.61413e-05
6.61372e-05
6.61332e-05
6.61291e-05
6.6125e-05
6.61209e-05
6.61168e-05
6.61128e-05
6.61087e-05
6.61046e-05
6.61005e-05
6.60965e-05
6.60924e-05
6.60883e-05
6.60842e-05
6.60802e-05
6.60761e-05
6.6072e-05
6.60679e-05
6.60638e-05
6.60598e-05
6.60557e-05
6.60516e-05
6.60475e-05
6.60435e-05
6.60394e-05
6.60353e-05
6.60312e-05
6.60272e-05
6.60231e-05
6.6019e-05
6.6015e-05
6.60109e-05
6.60068e-05
6.60027e-05
6.59987e-05
6.59946e-05
6.59905e-05
6.59864e-05
6.59824e-05
6.59783e-05
6.59742e-05
6.59702e-05
6.59661e-05
6.5962e-05
6.59579e-05
6.59539e-05
6.59498e-05
6.59457e-05
6.59417e-05
6.59376e-05
6.59335e-05
6.59295e-05
6.59254e-05
6.59213e-05
6.59173e-05
6.59132e-05
6.59091e-05
6.59051e-05
6.5901e-05
6.58969e-05
6.58929e-05
6.58888e-05
6.58847e-05
6.58807e-05
6.58766e-05
6.58725e-05
6.58685e-05
6.58644e-05
6.58603e-05
6.58563e-05
6.58522e-05
6.58481e-05
6.58441e-05
6.584e-05
6.5836e-05
6.58319e-05
6.58278e-05
6.58238e-05
6.58197e-05
6.58156e-05
6.58116e-05
6.58075e-05
6.58035e-05
6.57994e-05
6.57953e-05
6.57913e-05
6.57872e-05
6.57832e-05
6.57791e-05
6.57751e-05
6.5771e-05
6.57669e-05
6.57629e-05
6.57588e-05
6.57548e-05
6.57507e-05
6.57467e-05
6.57426e-05
6.57386e-05
6.57345e-05
6.57304e-05
6.57264e-05
6.57223e-05
6.57183e-05
6.57142e-05
6.57102e-05
6.57061e-05
6.57021e-05
6.5698e-05
6.5694e-05
6.56899e-05
6.56859e-05
6.56818e-05
6.56778e-05
6.56737e-05
6.56697e-05
6.56657e-05
6.56616e-05
6.56576e-05
6.56535e-05
6.56495e-05
6.56454e-05
6.56414e-05
6.56373e-05
6.56333e-05
6.56292e-05
6.56252e-05
6.56212e-05
6.56171e-05
6.56131e-05
6.5609e-05
6.5605e-05
6.5601e-05
6.55969e-05
6.55929e-05
6.55888e-05
6.55848e-05
6.55808e-05
6.55767e-05
6.55727e-05
6.55687e-05
6.55646e-05
6.55606e-05
6.55566e-05
6.55525e-05
6.55485e-05
6.55444e-05
6.55404e-05
6.55364e-05
6.55324e-05
6.55283e-05
6.55243e-05
6.55203e-05
6.55162e-05
6.55122e-05
6.55082e-05
6.55041e-05
6.55001e-05
6.54961e-05
6.54921e-05
6.5488e-05
6.5484e-05
6.548e-05
6.5476e-05
6.54719e-05
6.54679e-05
6.54639e-05
6.54599e-05
6.54558e-05
6.54518e-05
6.54478e-05
6.54438e-05
6.54398e-05
6.54357e-05
6.54317e-05
6.54277e-05
6.54237e-05
6.54197e-05
6.54156e-05
6.54116e-05
6.54076e-05
6.54036e-05
6.53996e-05
6.53956e-05
6.53916e-05
6.53875e-05
6.53835e-05
6.53795e-05
6.53755e-05
6.53715e-05
6.53675e-05
6.53635e-05
6.53595e-05
6.53555e-05
6.53514e-05
6.53474e-05
6.53434e-05
6.53394e-05
6.53354e-05
6.53314e-05
6.53274e-05
6.53234e-05
6.53194e-05
6.53154e-05
6.53114e-05
6.53074e-05
6.53034e-05
6.52994e-05
6.52954e-05
6.52914e-05
6.52874e-05
6.52834e-05
6.52794e-05
6.52754e-05
6.52714e-05
6.52674e-05
6.52634e-05
6.52594e-05
6.52554e-05
6.52514e-05
6.52474e-05
6.52435e-05
6.52395e-05
6.52355e-05
6.52315e-05
6.52275e-05
6.52235e-05
6.52195e-05
6.52155e-05
6.52115e-05
6.52076e-05
6.52036e-05
6.51996e-05
6.51956e-05
6.51916e-05
6.51876e-05
6.51836e-05
6.51797e-05
6.51757e-05
6.51717e-05
6.51677e-05
6.51637e-05
6.51598e-05
6.51558e-05
6.51518e-05
6.51478e-05
6.51439e-05
6.51399e-05
6.51359e-05
6.51319e-05
6.5128e-05
6.5124e-05
6.512e-05
6.5116e-05
6.51121e-05
6.51081e-05
6.51041e-05
6.51002e-05
6.50962e-05
6.50922e-05
6.50883e-05
6.50843e-05
6.50803e-05
6.50764e-05
6.50724e-05
6.50684e-05
6.50645e-05
6.50605e-05
6.50566e-05
6.50526e-05
6.50486e-05
6.50447e-05
6.50407e-05
6.50368e-05
6.50328e-05
6.50288e-05
6.50249e-05
6.50209e-05
6.5017e-05
6.5013e-05
6.50091e-05
6.50051e-05
6.50012e-05
6.49972e-05
6.49933e-05
6.49893e-05
6.49854e-05
6.49814e-05
6.49775e-05
6.49735e-05
6.49696e-05
6.49656e-05
6.49617e-05
6.49577e-05
6.49538e-05
6.49499e-05
6.49459e-05
6.4942e-05
6.4938e-05
6.49341e-05
6.49302e-05
6.49262e-05
6.49223e-05
6.49183e-05
6.49144e-05
6.49105e-05
6.49065e-05
6.49026e-05
6.48987e-05
6.48947e-05
6.48908e-05
6.48869e-05
6.48829e-05
6.4879e-05
6.48751e-05
6.48712e-05
6.48672e-05
6.48633e-05
6.48594e-05
6.48555e-05
6.48515e-05
6.48476e-05
6.48437e-05
6.48398e-05
6.48358e-05
6.48319e-05
6.4828e-05
6.48241e-05
6.48202e-05
6.48163e-05
6.48123e-05
6.48084e-05
6.48045e-05
6.48006e-05
6.47967e-05
6.47928e-05
6.47889e-05
6.47849e-05
6.4781e-05
6.47771e-05
6.47732e-05
6.47693e-05
6.47654e-05
6.47615e-05
6.47576e-05
6.47537e-05
6.47498e-05
6.47459e-05
6.4742e-05
6.47381e-05
6.47342e-05
6.47303e-05
6.47264e-05
6.47225e-05
6.47186e-05
6.47147e-05
6.47108e-05
6.47069e-05
6.4703e-05
6.46991e-05
6.46952e-05
6.46913e-05
6.46874e-05
6.46835e-05
6.46796e-05
6.46757e-05
6.46719e-05
6.4668e-05
6.46641e-05
6.46602e-05
6.46563e-05
6.46524e-05
6.46485e-05
6.46447e-05
6.46408e-05
6.46369e-05
6.4633e-05
6.46291e-05
6.46253e-05
6.46214e-05
6.46175e-05
6.46136e-05
6.46098e-05
6.46059e-05
6.4602e-05
6.45981e-05
6.45943e-05
6.45904e-05
6.45865e-05
6.45827e-05
6.45788e-05
6.45749e-05
6.4571e-05
6.45672e-05
6.45633e-05
6.45594e-05
6.45556e-05
6.45517e-05
6.45479e-05
6.4544e-05
6.45401e-05
6.45363e-05
6.45324e-05
6.45286e-05
6.45247e-05
6.45208e-05
6.4517e-05
6.45131e-05
6.45093e-05
6.45054e-05
6.45016e-05
6.44977e-05
6.44939e-05
6.449e-05
6.44862e-05
6.44823e-05
6.44785e-05
6.44746e-05
6.44708e-05
6.44669e-05
6.44631e-05
6.44593e-05
6.44554e-05
6.44516e-05
6.44477e-05
6.44439e-05
6.44401e-05
6.44362e-05
6.44324e-05
6.44285e-05
6.44247e-05
6.44209e-05
6.4417e-05
6.44132e-05
6.44094e-05
6.44055e-05
6.44017e-05
6.43979e-05
6.4394e-05
6.43902e-05
6.43864e-05
6.43826e-05
6.43787e-05
6.43749e-05
6.43711e-05
6.43673e-05
6.43635e-05
6.43596e-05
6.43558e-05
6.4352e-05
6.43482e-05
6.43444e-05
6.43405e-05
6.43367e-05
6.43329e-05
6.43291e-05
6.43253e-05
6.43215e-05
6.43177e-05
6.43138e-05
6.431e-05
6.43062e-05
6.43024e-05
6.42986e-05
6.42948e-05
6.4291e-05
6.42872e-05
6.42834e-05
6.42796e-05
6.42758e-05
6.4272e-05
6.42682e-05
6.42644e-05
6.42606e-05
6.42568e-05
6.4253e-05
6.42492e-05
6.42454e-05
6.42416e-05
6.42378e-05
6.4234e-05
6.42302e-05
6.42264e-05
6.42227e-05
6.42189e-05
6.42151e-05
6.42113e-05
6.42075e-05
6.42037e-05
6.41999e-05
6.41962e-05
6.41924e-05
6.41886e-05
6.41848e-05
6.4181e-05
6.41772e-05
6.41735e-05
6.41697e-05
6.41659e-05
6.41621e-05
6.41584e-05
6.41546e-05
6.41508e-05
6.41471e-05
6.41433e-05
6.41395e-05
6.41357e-05
6.4132e-05
6.41282e-05
6.41244e-05
6.41207e-05
6.41169e-05
6.41131e-05
6.41094e-05
6.41056e-05
6.41019e-05
6.40981e-05
6.40943e-05
6.40906e-05
6.40868e-05
6.40831e-05
6.40793e-05
6.40756e-05
6.40718e-05
6.40681e-05
6.40643e-05
6.40605e-05
6.40568e-05
6.40531e-05
6.40493e-05
6.40456e-05
6.40418e-05
6.40381e-05
6.40343e-05
6.40306e-05
6.40268e-05
6.40231e-05
6.40193e-05
6.40156e-05
6.40119e-05
6.40081e-05
6.40044e-05
6.40007e-05
6.39969e-05
6.39932e-05
6.39895e-05
6.39857e-05
6.3982e-05
6.39783e-05
6.39745e-05
6.39708e-05
6.39671e-05
6.39633e-05
6.39596e-05
6.39559e-05
6.39522e-05
6.39484e-05
6.39447e-05
6.3941e-05
6.39373e-05
6.39336e-05
6.39298e-05
6.39261e-05
6.39224e-05
6.39187e-05
6.3915e-05
6.39113e-05
6.39075e-05
6.39038e-05
6.39001e-05
6.38964e-05
6.38927e-05
6.3889e-05
6.38853e-05
6.38816e-05
6.38779e-05
6.38742e-05
6.38705e-05
6.38668e-05
6.38631e-05
6.38594e-05
6.38557e-05
6.3852e-05
6.38483e-05
6.38446e-05
6.38409e-05
6.38372e-05
6.38335e-05
6.38298e-05
6.38261e-05
6.38224e-05
6.38187e-05
6.3815e-05
6.38113e-05
6.38076e-05
6.3804e-05
6.38003e-05
6.37966e-05
6.37929e-05
6.37892e-05
6.37855e-05
6.37818e-05
6.37782e-05
6.37745e-05
6.37708e-05
6.37671e-05
6.37635e-05
6.37598e-05
6.37561e-05
6.37524e-05
6.37488e-05
6.37451e-05
6.37414e-05
6.37377e-05
6.37341e-05
6.37304e-05
6.37267e-05
6.37231e-05
6.37194e-05
6.37157e-05
6.37121e-05
6.37084e-05
6.37047e-05
6.37011e-05
6.36974e-05
6.36938e-05
6.36901e-05
6.36865e-05
6.36828e-05
6.36791e-05
6.36755e-05
6.36718e-05
6.36682e-05
6.36645e-05
6.36609e-05
6.36572e-05
6.36536e-05
6.36499e-05
6.36463e-05
6.36426e-05
6.3639e-05
6.36354e-05
6.36317e-05
6.36281e-05
6.36244e-05
6.36208e-05
6.36171e-05
6.36135e-05
6.36099e-05
6.36062e-05
6.36026e-05
6.3599e-05
6.35953e-05
6.35917e-05
6.35881e-05
6.35844e-05
6.35808e-05
6.35772e-05
6.35735e-05
6.35699e-05
6.35663e-05
6.35627e-05
6.3559e-05
6.35554e-05
6.35518e-05
6.35482e-05
6.35446e-05
6.35409e-05
6.35373e-05
6.35337e-05
6.35301e-05
6.35265e-05
6.35229e-05
6.35192e-05
6.35156e-05
6.3512e-05
6.35084e-05
6.35048e-05
6.35012e-05
6.34976e-05
6.3494e-05
6.34904e-05
6.34868e-05
6.34832e-05
6.34796e-05
6.3476e-05
6.34724e-05
6.34688e-05
6.34652e-05
6.34616e-05
6.3458e-05
6.34544e-05
6.34508e-05
6.34472e-05
6.34436e-05
6.344e-05
6.34364e-05
6.34328e-05
6.34292e-05
6.34256e-05
6.3422e-05
6.34185e-05
6.34149e-05
6.34113e-05
6.34077e-05
6.34041e-05
6.34005e-05
6.3397e-05
6.33934e-05
6.33898e-05
6.33862e-05
6.33826e-05
6.33791e-05
6.33755e-05
6.33719e-05
6.33683e-05
6.33648e-05
6.33612e-05
6.33576e-05
6.33541e-05
6.33505e-05
6.33469e-05
6.33434e-05
6.33398e-05
6.33362e-05
6.33327e-05
6.33291e-05
6.33255e-05
6.3322e-05
6.33184e-05
6.33149e-05
6.33113e-05
6.33077e-05
6.33042e-05
6.33006e-05
6.32971e-05
6.32935e-05
6.329e-05
6.32864e-05
6.32829e-05
6.32793e-05
6.32758e-05
6.32722e-05
6.32687e-05
6.32651e-05
6.32616e-05
6.3258e-05
6.32545e-05
6.3251e-05
6.32474e-05
6.32439e-05
6.32403e-05
6.32368e-05
6.32333e-05
6.32297e-05
6.32262e-05
6.32227e-05
6.32191e-05
6.32156e-05
6.32121e-05
6.32085e-05
6.3205e-05
6.32015e-05
6.3198e-05
6.31944e-05
6.31909e-05
6.31874e-05
6.31839e-05
6.31803e-05
6.31768e-05
6.31733e-05
6.31698e-05
6.31663e-05
6.31627e-05
6.31592e-05
6.31557e-05
6.31522e-05
6.31487e-05
6.31452e-05
6.31417e-05
6.31381e-05
6.31346e-05
6.31311e-05
6.31276e-05
6.31241e-05
6.31206e-05
6.31171e-05
6.31136e-05
6.31101e-05
6.31066e-05
6.31031e-05
6.30996e-05
6.30961e-05
6.30926e-05
6.30891e-05
6.30856e-05
6.30821e-05
6.30786e-05
6.30751e-05
6.30716e-05
6.30681e-05
6.30646e-05
6.30611e-05
6.30577e-05
6.30542e-05
6.30507e-05
6.30472e-05
6.30437e-05
6.30402e-05
6.30368e-05
6.30333e-05
6.30298e-05
6.30263e-05
6.30228e-05
6.30194e-05
6.30159e-05
6.30124e-05
6.30089e-05
6.30055e-05
6.3002e-05
6.29985e-05
6.2995e-05
6.29916e-05
6.29881e-05
6.29846e-05
6.29812e-05
6.29777e-05
6.29742e-05
6.29708e-05
6.29673e-05
6.29638e-05
6.29604e-05
6.29569e-05
6.29535e-05
6.295e-05
6.29465e-05
6.29431e-05
6.29396e-05
6.29362e-05
6.29327e-05
6.29293e-05
6.29258e-05
6.29224e-05
6.29189e-05
6.29155e-05
6.2912e-05
6.29086e-05
6.29051e-05
6.29017e-05
6.28982e-05
6.28948e-05
6.28914e-05
6.28879e-05
6.28845e-05
6.2881e-05
6.28776e-05
6.28742e-05
6.28707e-05
6.28673e-05
6.28639e-05
6.28604e-05
6.2857e-05
6.28536e-05
6.28501e-05
6.28467e-05
6.28433e-05
6.28398e-05
6.28364e-05
6.2833e-05
6.28296e-05
6.28261e-05
6.28227e-05
6.28193e-05
6.28159e-05
6.28125e-05
6.2809e-05
6.28056e-05
6.28022e-05
6.27988e-05
6.27954e-05
6.2792e-05
6.27885e-05
6.27851e-05
6.27817e-05
6.27783e-05
6.27749e-05
6.27715e-05
6.27681e-05
6.27647e-05
6.27613e-05
6.27579e-05
6.27545e-05
6.27511e-05
6.27477e-05
6.27443e-05
6.27409e-05
6.27375e-05
6.27341e-05
6.27307e-05
6.27273e-05
6.27239e-05
6.27205e-05
6.27171e-05
6.27137e-05
6.27103e-05
6.27069e-05
6.27035e-05
6.27001e-05
6.26968e-05
6.26934e-05
6.269e-05
6.26866e-05
6.26832e-05
6.26798e-05
6.26765e-05
6.26731e-05
6.26697e-05
6.26663e-05
6.26629e-05
6.26596e-05
6.26562e-05
6.26528e-05
6.26494e-05
6.26461e-05
6.26427e-05
6.26393e-05
6.2636e-05
6.26326e-05
6.26292e-05
6.26259e-05
6.26225e-05
6.26191e-05
6.26158e-05
6.26124e-05
6.2609e-05
6.26057e-05
6.26023e-05
6.2599e-05
6.25956e-05
6.25922e-05
6.25889e-05
6.25855e-05
6.25822e-05
6.25788e-05
6.25755e-05
6.25721e-05
6.25688e-05
6.25654e-05
6.25621e-05
6.25587e-05
6.25554e-05
6.2552e-05
6.25487e-05
6.25453e-05
6.2542e-05
6.25387e-05
6.25353e-05
6.2532e-05
6.25286e-05
6.25253e-05
6.2522e-05
6.25186e-05
6.25153e-05
6.2512e-05
6.25086e-05
6.25053e-05
6.2502e-05
6.24986e-05
6.24953e-05
6.2492e-05
6.24886e-05
6.24853e-05
6.2482e-05
6.24787e-05
6.24753e-05
6.2472e-05
6.24687e-05
6.24654e-05
6.24621e-05
6.24587e-05
6.24554e-05
6.24521e-05
6.24488e-05
6.24455e-05
6.24422e-05
6.24388e-05
6.24355e-05
6.24322e-05
6.24289e-05
6.24256e-05
6.24223e-05
6.2419e-05
6.24157e-05
6.24124e-05
6.24091e-05
6.24058e-05
6.24025e-05
6.23992e-05
6.23959e-05
6.23926e-05
6.23893e-05
6.2386e-05
6.23827e-05
6.23794e-05
6.23761e-05
6.23728e-05
6.23695e-05
6.23662e-05
6.23629e-05
6.23596e-05
6.23563e-05
6.2353e-05
6.23498e-05
6.23465e-05
6.23432e-05
6.23399e-05
6.23366e-05
6.23333e-05
6.23301e-05
6.23268e-05
6.23235e-05
6.23202e-05
6.23169e-05
6.23137e-05
6.23104e-05
6.23071e-05
6.23038e-05
6.23006e-05
6.22973e-05
6.2294e-05
6.22907e-05
6.22875e-05
6.22842e-05
6.22809e-05
6.22777e-05
6.22744e-05
6.22711e-05
6.22679e-05
6.22646e-05
6.22614e-05
6.22581e-05
6.22548e-05
6.22516e-05
6.22483e-05
6.22451e-05
6.22418e-05
6.22386e-05
6.22353e-05
6.2232e-05
6.22288e-05
6.22255e-05
6.22223e-05
6.2219e-05
6.22158e-05
6.22125e-05
6.22093e-05
6.22061e-05
6.22028e-05
6.21996e-05
6.21963e-05
6.21931e-05
6.21898e-05
6.21866e-05
6.21834e-05
6.21801e-05
6.21769e-05
6.21736e-05
6.21704e-05
6.21672e-05
6.21639e-05
6.21607e-05
6.21575e-05
6.21543e-05
6.2151e-05
6.21478e-05
6.21446e-05
6.21413e-05
6.21381e-05
6.21349e-05
6.21317e-05
6.21284e-05
6.21252e-05
6.2122e-05
6.21188e-05
6.21156e-05
6.21123e-05
6.21091e-05
6.21059e-05
6.21027e-05
6.20995e-05
6.20963e-05
6.2093e-05
6.20898e-05
6.20866e-05
6.20834e-05
6.20802e-05
6.2077e-05
6.20738e-05
6.20706e-05
6.20674e-05
6.20642e-05
6.2061e-05
6.20578e-05
6.20546e-05
6.20514e-05
6.20482e-05
6.2045e-05
6.20418e-05
6.20386e-05
6.20354e-05
6.20322e-05
6.2029e-05
6.20258e-05
6.20226e-05
6.20194e-05
6.20162e-05
6.2013e-05
6.20099e-05
6.20067e-05
6.20035e-05
6.20003e-05
6.19971e-05
6.19939e-05
6.19907e-05
6.19876e-05
6.19844e-05
6.19812e-05
6.1978e-05
6.19748e-05
6.19717e-05
6.19685e-05
6.19653e-05
6.19621e-05
6.1959e-05
6.19558e-05
6.19526e-05
6.19494e-05
6.19463e-05
6.19431e-05
6.19399e-05
6.19368e-05
6.19336e-05
6.19304e-05
6.19273e-05
6.19241e-05
6.1921e-05
6.19178e-05
6.19146e-05
6.19115e-05
6.19083e-05
6.19052e-05
6.1902e-05
6.18988e-05
6.18957e-05
6.18925e-05
6.18894e-05
6.18862e-05
6.18831e-05
6.18799e-05
6.18768e-05
6.18736e-05
6.18705e-05
6.18673e-05
6.18642e-05
6.1861e-05
6.18579e-05
6.18548e-05
6.18516e-05
6.18485e-05
6.18453e-05
6.18422e-05
6.18391e-05
6.18359e-05
6.18328e-05
6.18297e-05
6.18265e-05
6.18234e-05
6.18203e-05
6.18171e-05
6.1814e-05
6.18109e-05
6.18077e-05
6.18046e-05
6.18015e-05
6.17984e-05
6.17952e-05
6.17921e-05
6.1789e-05
6.17859e-05
6.17827e-05
6.17796e-05
6.17765e-05
6.17734e-05
6.17703e-05
6.17671e-05
6.1764e-05
6.17609e-05
6.17578e-05
6.17547e-05
6.17516e-05
6.17485e-05
6.17453e-05
6.17422e-05
6.17391e-05
6.1736e-05
6.17329e-05
6.17298e-05
6.17267e-05
6.17236e-05
6.17205e-05
6.17174e-05
6.17143e-05
6.17112e-05
6.17081e-05
6.1705e-05
6.17019e-05
6.16988e-05
6.16957e-05
6.16926e-05
6.16895e-05
6.16864e-05
6.16833e-05
6.16802e-05
6.16771e-05
6.16741e-05
6.1671e-05
6.16679e-05
6.16648e-05
6.16617e-05
6.16586e-05
6.16555e-05
6.16525e-05
6.16494e-05
6.16463e-05
6.16432e-05
6.16401e-05
6.16371e-05
6.1634e-05
6.16309e-05
6.16278e-05
6.16247e-05
6.16217e-05
6.16186e-05
6.16155e-05
6.16125e-05
6.16094e-05
6.16063e-05
6.16032e-05
6.16002e-05
6.15971e-05
6.1594e-05
6.1591e-05
6.15879e-05
6.15849e-05
6.15818e-05
6.15787e-05
6.15757e-05
6.15726e-05
6.15695e-05
6.15665e-05
6.15634e-05
6.15604e-05
6.15573e-05
6.15543e-05
6.15512e-05
6.15482e-05
6.15451e-05
6.15421e-05
6.1539e-05
6.1536e-05
6.15329e-05
6.15299e-05
6.15268e-05
6.15238e-05
6.15207e-05
6.15177e-05
6.15146e-05
6.15116e-05
6.15086e-05
6.15055e-05
6.15025e-05
6.14994e-05
6.14964e-05
6.14934e-05
6.14903e-05
6.14873e-05
6.14843e-05
6.14812e-05
6.14782e-05
6.14752e-05
6.14721e-05
6.14691e-05
6.14661e-05
6.14631e-05
6.146e-05
6.1457e-05
6.1454e-05
6.1451e-05
6.14479e-05
6.14449e-05
6.14419e-05
6.14389e-05
6.14359e-05
6.14328e-05
6.14298e-05
6.14268e-05
6.14238e-05
6.14208e-05
6.14178e-05
6.14147e-05
6.14117e-05
6.14087e-05
6.14057e-05
6.14027e-05
6.13997e-05
6.13967e-05
6.13937e-05
6.13907e-05
6.13877e-05
6.13847e-05
6.13817e-05
6.13787e-05
6.13757e-05
6.13727e-05
6.13697e-05
6.13667e-05
6.13637e-05
6.13607e-05
6.13577e-05
6.13547e-05
6.13517e-05
6.13487e-05
6.13457e-05
6.13427e-05
6.13397e-05
6.13367e-05
6.13337e-05
6.13307e-05
6.13278e-05
6.13248e-05
6.13218e-05
6.13188e-05
6.13158e-05
6.13128e-05
6.13099e-05
6.13069e-05
6.13039e-05
6.13009e-05
6.12979e-05
6.1295e-05
6.1292e-05
6.1289e-05
6.1286e-05
6.12831e-05
6.12801e-05
6.12771e-05
6.12741e-05
6.12712e-05
6.12682e-05
6.12652e-05
6.12623e-05
6.12593e-05
6.12563e-05
6.12534e-05
6.12504e-05
6.12474e-05
6.12445e-05
6.12415e-05
6.12385e-05
6.12356e-05
6.12326e-05
6.12297e-05
6.12267e-05
6.12238e-05
6.12208e-05
6.12178e-05
6.12149e-05
6.12119e-05
6.1209e-05
6.1206e-05
6.12031e-05
6.12001e-05
6.11972e-05
6.11942e-05
6.11913e-05
6.11883e-05
6.11854e-05
6.11825e-05
6.11795e-05
6.11766e-05
6.11736e-05
6.11707e-05
6.11677e-05
6.11648e-05
6.11619e-05
6.11589e-05
6.1156e-05
6.11531e-05
6.11501e-05
6.11472e-05
6.11443e-05
6.11413e-05
6.11384e-05
6.11355e-05
6.11325e-05
6.11296e-05
6.11267e-05
6.11238e-05
6.11208e-05
6.11179e-05
6.1115e-05
6.11121e-05
6.11091e-05
6.11062e-05
6.11033e-05
6.11004e-05
6.10975e-05
6.10945e-05
6.10916e-05
6.10887e-05
6.10858e-05
6.10829e-05
6.108e-05
6.1077e-05
6.10741e-05
6.10712e-05
6.10683e-05
6.10654e-05
6.10625e-05
6.10596e-05
6.10567e-05
6.10538e-05
6.10509e-05
6.1048e-05
6.10451e-05
6.10422e-05
6.10393e-05
6.10364e-05
6.10335e-05
6.10306e-05
6.10277e-05
6.10248e-05
6.10219e-05
6.1019e-05
6.10161e-05
6.10132e-05
6.10103e-05
6.10074e-05
6.10045e-05
6.10016e-05
6.09987e-05
6.09958e-05
6.09929e-05
6.09901e-05
6.09872e-05
6.09843e-05
6.09814e-05
6.09785e-05
6.09756e-05
6.09727e-05
6.09699e-05
6.0967e-05
6.09641e-05
6.09612e-05
6.09583e-05
6.09555e-05
6.09526e-05
6.09497e-05
6.09468e-05
6.0944e-05
6.09411e-05
6.09382e-05
6.09354e-05
6.09325e-05
6.09296e-05
6.09267e-05
6.09239e-05
6.0921e-05
6.09181e-05
6.09153e-05
6.09124e-05
6.09096e-05
6.09067e-05
6.09038e-05
6.0901e-05
6.08981e-05
6.08952e-05
6.08924e-05
6.08895e-05
6.08867e-05
6.08838e-05
6.0881e-05
6.08781e-05
6.08753e-05
6.08724e-05
6.08696e-05
6.08667e-05
6.08639e-05
6.0861e-05
6.08582e-05
6.08553e-05
6.08525e-05
6.08496e-05
6.08468e-05
6.08439e-05
6.08411e-05
6.08382e-05
6.08354e-05
6.08326e-05
6.08297e-05
6.08269e-05
6.0824e-05
6.08212e-05
6.08184e-05
6.08155e-05
6.08127e-05
6.08099e-05
6.0807e-05
6.08042e-05
6.08014e-05
6.07985e-05
6.07957e-05
6.07929e-05
6.079e-05
6.07872e-05
6.07844e-05
6.07816e-05
6.07787e-05
6.07759e-05
6.07731e-05
6.07703e-05
6.07675e-05
6.07646e-05
6.07618e-05
6.0759e-05
6.07562e-05
6.07534e-05
6.07505e-05
6.07477e-05
6.07449e-05
6.07421e-05
6.07393e-05
6.07365e-05
6.07337e-05
6.07309e-05
6.0728e-05
6.07252e-05
6.07224e-05
6.07196e-05
6.07168e-05
6.0714e-05
6.07112e-05
6.07084e-05
6.07056e-05
6.07028e-05
6.07e-05
6.06972e-05
6.06944e-05
6.06916e-05
6.06888e-05
6.0686e-05
6.06832e-05
6.06804e-05
6.06776e-05
6.06748e-05
6.0672e-05
6.06692e-05
6.06664e-05
6.06636e-05
6.06609e-05
6.06581e-05
6.06553e-05
6.06525e-05
6.06497e-05
6.06469e-05
6.06441e-05
6.06413e-05
6.06386e-05
6.06358e-05
6.0633e-05
6.06302e-05
6.06274e-05
6.06247e-05
6.06219e-05
6.06191e-05
6.06163e-05
6.06136e-05
6.06108e-05
6.0608e-05
6.06052e-05
6.06025e-05
6.05997e-05
6.05969e-05
6.05941e-05
6.05914e-05
6.05886e-05
6.05858e-05
6.05831e-05
6.05803e-05
6.05775e-05
6.05748e-05
6.0572e-05
6.05692e-05
6.05665e-05
6.05637e-05
6.0561e-05
6.05582e-05
6.05554e-05
6.05527e-05
6.05499e-05
6.05472e-05
6.05444e-05
6.05417e-05
6.05389e-05
6.05362e-05
6.05334e-05
6.05307e-05
6.05279e-05
6.05252e-05
6.05224e-05
6.05197e-05
6.05169e-05
6.05142e-05
6.05114e-05
6.05087e-05
6.05059e-05
6.05032e-05
6.05004e-05
6.04977e-05
6.0495e-05
6.04922e-05
6.04895e-05
6.04867e-05
6.0484e-05
6.04813e-05
6.04785e-05
6.04758e-05
6.04731e-05
6.04703e-05
6.04676e-05
6.04649e-05
6.04621e-05
6.04594e-05
6.04567e-05
6.04539e-05
6.04512e-05
6.04485e-05
6.04458e-05
6.0443e-05
6.04403e-05
6.04376e-05
6.04349e-05
6.04321e-05
6.04294e-05
6.04267e-05
6.0424e-05
6.04213e-05
6.04185e-05
6.04158e-05
6.04131e-05
6.04104e-05
6.04077e-05
6.0405e-05
6.04022e-05
6.03995e-05
6.03968e-05
6.03941e-05
6.03914e-05
6.03887e-05
6.0386e-05
6.03833e-05
6.03806e-05
6.03779e-05
6.03751e-05
6.03724e-05
6.03697e-05
6.0367e-05
6.03643e-05
6.03616e-05
6.03589e-05
6.03562e-05
6.03535e-05
6.03508e-05
6.03481e-05
6.03454e-05
6.03427e-05
6.034e-05
6.03374e-05
6.03347e-05
6.0332e-05
6.03293e-05
6.03266e-05
6.03239e-05
6.03212e-05
6.03185e-05
6.03158e-05
6.03131e-05
6.03104e-05
6.03078e-05
6.03051e-05
6.03024e-05
6.02997e-05
6.0297e-05
6.02943e-05
6.02917e-05
6.0289e-05
6.02863e-05
6.02836e-05
6.02809e-05
6.02783e-05
6.02756e-05
6.02729e-05
6.02702e-05
6.02676e-05
6.02649e-05
6.02622e-05
6.02596e-05
6.02569e-05
6.02542e-05
6.02515e-05
6.02489e-05
6.02462e-05
6.02435e-05
6.02409e-05
6.02382e-05
6.02355e-05
6.02329e-05
6.02302e-05
6.02276e-05
6.02249e-05
6.02222e-05
6.02196e-05
6.02169e-05
6.02143e-05
6.02116e-05
6.02089e-05
6.02063e-05
6.02036e-05
6.0201e-05
6.01983e-05
6.01957e-05
6.0193e-05
6.01904e-05
6.01877e-05
6.01851e-05
6.01824e-05
6.01798e-05
6.01771e-05
6.01745e-05
6.01718e-05
6.01692e-05
6.01665e-05
6.01639e-05
6.01612e-05
6.01586e-05
6.0156e-05
6.01533e-05
6.01507e-05
6.0148e-05
6.01454e-05
6.01428e-05
6.01401e-05
6.01375e-05
6.01349e-05
6.01322e-05
6.01296e-05
6.0127e-05
6.01243e-05
6.01217e-05
6.01191e-05
6.01164e-05
6.01138e-05
6.01112e-05
6.01086e-05
6.01059e-05
6.01033e-05
6.01007e-05
6.00981e-05
6.00954e-05
6.00928e-05
6.00902e-05
6.00876e-05
6.00849e-05
6.00823e-05
6.00797e-05
6.00771e-05
6.00745e-05
6.00718e-05
6.00692e-05
6.00666e-05
6.0064e-05
6.00614e-05
6.00588e-05
6.00562e-05
6.00536e-05
6.00509e-05
6.00483e-05
6.00457e-05
6.00431e-05
6.00405e-05
6.00379e-05
6.00353e-05
6.00327e-05
6.00301e-05
6.00275e-05
6.00249e-05
6.00223e-05
6.00197e-05
6.00171e-05
6.00145e-05
6.00119e-05
6.00093e-05
6.00067e-05
6.00041e-05
6.00015e-05
5.99989e-05
5.99963e-05
5.99937e-05
5.99911e-05
5.99885e-05
5.99859e-05
5.99833e-05
5.99807e-05
5.99782e-05
5.99756e-05
5.9973e-05
5.99704e-05
5.99678e-05
5.99652e-05
5.99626e-05
5.99601e-05
5.99575e-05
5.99549e-05
5.99523e-05
5.99497e-05
5.99471e-05
5.99446e-05
5.9942e-05
5.99394e-05
5.99368e-05
5.99343e-05
5.99317e-05
5.99291e-05
5.99265e-05
5.9924e-05
5.99214e-05
5.99188e-05
5.99162e-05
5.99137e-05
5.99111e-05
5.99085e-05
5.9906e-05
5.99034e-05
5.99008e-05
5.98983e-05
5.98957e-05
5.98931e-05
5.98906e-05
5.9888e-05
5.98854e-05
5.98829e-05
5.98803e-05
5.98778e-05
5.98752e-05
5.98726e-05
5.98701e-05
5.98675e-05
5.9865e-05
5.98624e-05
5.98599e-05
5.98573e-05
5.98548e-05
5.98522e-05
5.98497e-05
5.98471e-05
5.98446e-05
5.9842e-05
5.98395e-05
5.98369e-05
5.98344e-05
5.98318e-05
5.98293e-05
5.98267e-05
5.98242e-05
5.98216e-05
5.98191e-05
5.98166e-05
5.9814e-05
5.98115e-05
5.98089e-05
5.98064e-05
5.98039e-05
5.98013e-05
5.97988e-05
5.97962e-05
5.97937e-05
5.97912e-05
5.97886e-05
5.97861e-05
5.97836e-05
5.9781e-05
5.97785e-05
5.9776e-05
5.97734e-05
5.97709e-05
5.97684e-05
5.97659e-05
5.97633e-05
5.97608e-05
5.97583e-05
5.97558e-05
5.97532e-05
5.97507e-05
5.97482e-05
5.97457e-05
5.97432e-05
5.97406e-05
5.97381e-05
5.97356e-05
5.97331e-05
5.97306e-05
5.9728e-05
5.97255e-05
5.9723e-05
5.97205e-05
5.9718e-05
5.97155e-05
5.9713e-05
5.97104e-05
5.97079e-05
5.97054e-05
5.97029e-05
5.97004e-05
5.96979e-05
5.96954e-05
5.96929e-05
5.96904e-05
5.96879e-05
5.96854e-05
5.96829e-05
5.96804e-05
5.96779e-05
5.96754e-05
5.96729e-05
5.96704e-05
5.96679e-05
5.96654e-05
5.96629e-05
5.96604e-05
5.96579e-05
5.96554e-05
5.96529e-05
5.96504e-05
5.96479e-05
5.96454e-05
5.96429e-05
5.96404e-05
5.96379e-05
5.96355e-05
5.9633e-05
5.96305e-05
5.9628e-05
5.96255e-05
5.9623e-05
5.96205e-05
5.9618e-05
5.96156e-05
5.96131e-05
5.96106e-05
5.96081e-05
5.96056e-05
5.96032e-05
5.96007e-05
5.95982e-05
5.95957e-05
5.95932e-05
5.95908e-05
5.95883e-05
5.95858e-05
5.95833e-05
5.95809e-05
5.95784e-05
5.95759e-05
5.95735e-05
5.9571e-05
5.95685e-05
5.9566e-05
5.95636e-05
5.95611e-05
5.95586e-05
5.95562e-05
5.95537e-05
5.95512e-05
5.95488e-05
5.95463e-05
5.95438e-05
5.95414e-05
5.95389e-05
5.95365e-05
5.9534e-05
5.95315e-05
5.95291e-05
5.95266e-05
5.95242e-05
5.95217e-05
5.95193e-05
5.95168e-05
5.95144e-05
5.95119e-05
5.95094e-05
5.9507e-05
5.95045e-05
5.95021e-05
5.94996e-05
5.94972e-05
5.94947e-05
5.94923e-05
5.94898e-05
5.94874e-05
5.9485e-05
5.94825e-05
5.94801e-05
5.94776e-05
5.94752e-05
5.94727e-05
5.94703e-05
5.94679e-05
5.94654e-05
5.9463e-05
5.94605e-05
5.94581e-05
5.94557e-05
5.94532e-05
5.94508e-05
5.94484e-05
5.94459e-05
5.94435e-05
5.94411e-05
5.94386e-05
5.94362e-05
5.94338e-05
5.94313e-05
5.94289e-05
5.94265e-05
5.9424e-05
5.94216e-05
5.94192e-05
5.94168e-05
5.94143e-05
5.94119e-05
5.94095e-05
5.94071e-05
5.94046e-05
5.94022e-05
5.93998e-05
5.93974e-05
5.9395e-05
5.93925e-05
5.93901e-05
5.93877e-05
5.93853e-05
5.93829e-05
5.93805e-05
5.9378e-05
5.93756e-05
5.93732e-05
5.93708e-05
5.93684e-05
5.9366e-05
5.93636e-05
5.93612e-05
5.93587e-05
5.93563e-05
5.93539e-05
5.93515e-05
5.93491e-05
5.93467e-05
5.93443e-05
5.93419e-05
5.93395e-05
5.93371e-05
5.93347e-05
5.93323e-05
5.93299e-05
5.93275e-05
5.93251e-05
5.93227e-05
5.93203e-05
5.93179e-05
5.93155e-05
5.93131e-05
5.93107e-05
5.93083e-05
5.93059e-05
5.93035e-05
5.93011e-05
5.92987e-05
5.92963e-05
5.92939e-05
5.92916e-05
5.92892e-05
5.92868e-05
5.92844e-05
5.9282e-05
5.92796e-05
5.92772e-05
5.92748e-05
5.92725e-05
5.92701e-05
5.92677e-05
5.92653e-05
5.92629e-05
5.92606e-05
5.92582e-05
5.92558e-05
5.92534e-05
5.9251e-05
5.92487e-05
5.92463e-05
5.92439e-05
5.92415e-05
5.92392e-05
5.92368e-05
5.92344e-05
5.9232e-05
5.92297e-05
5.92273e-05
5.92249e-05
5.92225e-05
5.92202e-05
5.92178e-05
5.92154e-05
5.92131e-05
5.92107e-05
5.92083e-05
5.9206e-05
5.92036e-05
5.92012e-05
5.91989e-05
5.91965e-05
5.91942e-05
5.91918e-05
5.91894e-05
5.91871e-05
5.91847e-05
5.91824e-05
5.918e-05
5.91776e-05
5.91753e-05
5.91729e-05
5.91706e-05
5.91682e-05
5.91659e-05
5.91635e-05
5.91612e-05
5.91588e-05
5.91565e-05
5.91541e-05
5.91518e-05
5.91494e-05
5.91471e-05
5.91447e-05
5.91424e-05
5.914e-05
5.91377e-05
5.91353e-05
5.9133e-05
5.91306e-05
5.91283e-05
5.9126e-05
5.91236e-05
5.91213e-05
5.91189e-05
5.91166e-05
5.91143e-05
5.91119e-05
5.91096e-05
5.91072e-05
5.91049e-05
5.91026e-05
5.91002e-05
5.90979e-05
5.90956e-05
5.90932e-05
5.90909e-05
5.90886e-05
5.90862e-05
5.90839e-05
5.90816e-05
5.90792e-05
5.90769e-05
5.90746e-05
5.90723e-05
5.90699e-05
5.90676e-05
5.90653e-05
5.9063e-05
5.90606e-05
5.90583e-05
5.9056e-05
5.90537e-05
5.90513e-05
5.9049e-05
5.90467e-05
5.90444e-05
5.90421e-05
5.90398e-05
5.90374e-05
5.90351e-05
5.90328e-05
5.90305e-05
5.90282e-05
5.90259e-05
5.90235e-05
5.90212e-05
5.90189e-05
5.90166e-05
5.90143e-05
5.9012e-05
5.90097e-05
5.90074e-05
5.90051e-05
5.90028e-05
5.90005e-05
5.89981e-05
5.89958e-05
5.89935e-05
5.89912e-05
5.89889e-05
5.89866e-05
5.89843e-05
5.8982e-05
5.89797e-05
5.89774e-05
5.89751e-05
5.89728e-05
5.89705e-05
5.89682e-05
5.89659e-05
5.89636e-05
5.89613e-05
5.8959e-05
5.89568e-05
5.89545e-05
5.89522e-05
5.89499e-05
5.89476e-05
5.89453e-05
5.8943e-05
5.89407e-05
5.89384e-05
5.89361e-05
5.89338e-05
5.89316e-05
5.89293e-05
5.8927e-05
5.89247e-05
5.89224e-05
5.89201e-05
5.89179e-05
5.89156e-05
5.89133e-05
5.8911e-05
5.89087e-05
5.89064e-05
5.89042e-05
5.89019e-05
5.88996e-05
5.88973e-05
5.88951e-05
5.88928e-05
5.88905e-05
5.88882e-05
5.8886e-05
5.88837e-05
5.88814e-05
5.88791e-05
5.88769e-05
5.88746e-05
5.88723e-05
5.88701e-05
5.88678e-05
5.88655e-05
5.88633e-05
5.8861e-05
5.88587e-05
5.88565e-05
5.88542e-05
5.88519e-05
5.88497e-05
5.88474e-05
5.88451e-05
5.88429e-05
5.88406e-05
5.88384e-05
5.88361e-05
5.88338e-05
5.88316e-05
5.88293e-05
5.88271e-05
5.88248e-05
5.88226e-05
5.88203e-05
5.8818e-05
5.88158e-05
5.88135e-05
5.88113e-05
5.8809e-05
5.88068e-05
5.88045e-05
5.88023e-05
5.88e-05
5.87978e-05
5.87955e-05
5.87933e-05
5.8791e-05
5.87888e-05
5.87865e-05
5.87843e-05
5.87821e-05
5.87798e-05
5.87776e-05
5.87753e-05
5.87731e-05
5.87708e-05
5.87686e-05
5.87664e-05
5.87641e-05
5.87619e-05
5.87596e-05
5.87574e-05
5.87552e-05
5.87529e-05
5.87507e-05
5.87485e-05
5.87462e-05
5.8744e-05
5.87418e-05
5.87395e-05
5.87373e-05
5.87351e-05
5.87328e-05
5.87306e-05
5.87284e-05
5.87262e-05
5.87239e-05
5.87217e-05
5.87195e-05
5.87172e-05
5.8715e-05
5.87128e-05
5.87106e-05
5.87083e-05
5.87061e-05
5.87039e-05
5.87017e-05
5.86995e-05
5.86972e-05
5.8695e-05
5.86928e-05
5.86906e-05
5.86884e-05
5.86861e-05
5.86839e-05
5.86817e-05
5.86795e-05
5.86773e-05
5.86751e-05
5.86729e-05
5.86706e-05
5.86684e-05
5.86662e-05
5.8664e-05
5.86618e-05
5.86596e-05
5.86574e-05
5.86552e-05
5.8653e-05
5.86508e-05
5.86486e-05
5.86463e-05
5.86441e-05
5.86419e-05
5.86397e-05
5.86375e-05
5.86353e-05
5.86331e-05
5.86309e-05
5.86287e-05
5.86265e-05
5.86243e-05
5.86221e-05
5.86199e-05
5.86177e-05
5.86155e-05
5.86133e-05
5.86111e-05
5.86089e-05
5.86067e-05
5.86046e-05
5.86024e-05
5.86002e-05
5.8598e-05
5.85958e-05
5.85936e-05
5.85914e-05
5.85892e-05
5.8587e-05
5.85848e-05
5.85826e-05
5.85805e-05
5.85783e-05
5.85761e-05
5.85739e-05
5.85717e-05
5.85695e-05
5.85673e-05
5.85652e-05
5.8563e-05
5.85608e-05
5.85586e-05
5.85564e-05
5.85543e-05
5.85521e-05
5.85499e-05
5.85477e-05
5.85455e-05
5.85434e-05
5.85412e-05
5.8539e-05
5.85368e-05
5.85347e-05
5.85325e-05
5.85303e-05
5.85281e-05
5.8526e-05
5.85238e-05
5.85216e-05
5.85195e-05
5.85173e-05
5.85151e-05
5.8513e-05
5.85108e-05
5.85086e-05
5.85065e-05
5.85043e-05
5.85021e-05
5.85e-05
5.84978e-05
5.84956e-05
5.84935e-05
5.84913e-05
5.84891e-05
5.8487e-05
5.84848e-05
5.84827e-05
5.84805e-05
5.84783e-05
5.84762e-05
5.8474e-05
5.84719e-05
5.84697e-05
5.84676e-05
5.84654e-05
5.84633e-05
5.84611e-05
5.84589e-05
5.84568e-05
5.84546e-05
5.84525e-05
5.84503e-05
5.84482e-05
5.8446e-05
5.84439e-05
5.84417e-05
5.84396e-05
5.84375e-05
5.84353e-05
5.84332e-05
5.8431e-05
5.84289e-05
5.84267e-05
5.84246e-05
5.84224e-05
5.84203e-05
5.84182e-05
5.8416e-05
5.84139e-05
5.84117e-05
5.84096e-05
5.84075e-05
5.84053e-05
5.84032e-05
5.8401e-05
5.83989e-05
5.83968e-05
5.83946e-05
5.83925e-05
5.83904e-05
5.83882e-05
5.83861e-05
5.8384e-05
5.83818e-05
5.83797e-05
5.83776e-05
5.83754e-05
5.83733e-05
5.83712e-05
5.83691e-05
5.83669e-05
5.83648e-05
5.83627e-05
5.83606e-05
5.83584e-05
5.83563e-05
5.83542e-05
5.83521e-05
5.83499e-05
5.83478e-05
5.83457e-05
5.83436e-05
5.83415e-05
5.83393e-05
5.83372e-05
5.83351e-05
5.8333e-05
5.83309e-05
5.83287e-05
5.83266e-05
5.83245e-05
5.83224e-05
5.83203e-05
5.83182e-05
5.83161e-05
5.83139e-05
5.83118e-05
5.83097e-05
5.83076e-05
5.83055e-05
5.83034e-05
5.83013e-05
5.82992e-05
5.82971e-05
5.8295e-05
5.82929e-05
5.82908e-05
5.82886e-05
5.82865e-05
5.82844e-05
5.82823e-05
5.82802e-05
5.82781e-05
5.8276e-05
5.82739e-05
5.82718e-05
5.82697e-05
5.82676e-05
5.82655e-05
5.82634e-05
5.82613e-05
5.82592e-05
5.82571e-05
5.8255e-05
5.82529e-05
5.82509e-05
5.82488e-05
5.82467e-05
5.82446e-05
5.82425e-05
5.82404e-05
5.82383e-05
5.82362e-05
5.82341e-05
5.8232e-05
5.82299e-05
5.82278e-05
5.82258e-05
5.82237e-05
5.82216e-05
5.82195e-05
5.82174e-05
5.82153e-05
5.82132e-05
5.82112e-05
5.82091e-05
5.8207e-05
5.82049e-05
5.82028e-05
5.82008e-05
5.81987e-05
5.81966e-05
5.81945e-05
5.81924e-05
5.81904e-05
5.81883e-05
5.81862e-05
5.81841e-05
5.81821e-05
5.818e-05
5.81779e-05
5.81758e-05
5.81738e-05
5.81717e-05
5.81696e-05
5.81675e-05
5.81655e-05
5.81634e-05
5.81613e-05
5.81593e-05
5.81572e-05
5.81551e-05
5.81531e-05
5.8151e-05
5.81489e-05
5.81469e-05
5.81448e-05
5.81427e-05
5.81407e-05
5.81386e-05
5.81365e-05
5.81345e-05
5.81324e-05
5.81304e-05
5.81283e-05
5.81262e-05
5.81242e-05
5.81221e-05
5.81201e-05
5.8118e-05
5.81159e-05
5.81139e-05
5.81118e-05
5.81098e-05
5.81077e-05
5.81057e-05
5.81036e-05
5.81016e-05
5.80995e-05
5.80975e-05
5.80954e-05
5.80933e-05
5.80913e-05
5.80892e-05
5.80872e-05
5.80852e-05
5.80831e-05
5.80811e-05
5.8079e-05
5.8077e-05
5.80749e-05
5.80729e-05
5.80708e-05
5.80688e-05
5.80667e-05
5.80647e-05
5.80627e-05
5.80606e-05
5.80586e-05
5.80565e-05
5.80545e-05
5.80525e-05
5.80504e-05
5.80484e-05
5.80463e-05
5.80443e-05
5.80423e-05
5.80402e-05
5.80382e-05
5.80362e-05
5.80341e-05
5.80321e-05
5.80301e-05
5.8028e-05
5.8026e-05
5.8024e-05
5.80219e-05
5.80199e-05
5.80179e-05
5.80158e-05
5.80138e-05
5.80118e-05
5.80098e-05
5.80077e-05
5.80057e-05
5.80037e-05
5.80016e-05
5.79996e-05
5.79976e-05
5.79956e-05
5.79936e-05
5.79915e-05
5.79895e-05
5.79875e-05
5.79855e-05
5.79834e-05
5.79814e-05
5.79794e-05
5.79774e-05
5.79754e-05
5.79734e-05
5.79713e-05
5.79693e-05
5.79673e-05
5.79653e-05
5.79633e-05
5.79613e-05
5.79592e-05
5.79572e-05
5.79552e-05
5.79532e-05
5.79512e-05
5.79492e-05
5.79472e-05
5.79452e-05
5.79432e-05
5.79411e-05
5.79391e-05
5.79371e-05
5.79351e-05
5.79331e-05
5.79311e-05
5.79291e-05
5.79271e-05
5.79251e-05
5.79231e-05
5.79211e-05
5.79191e-05
5.79171e-05
5.79151e-05
5.79131e-05
5.79111e-05
5.79091e-05
5.79071e-05
5.79051e-05
5.79031e-05
5.79011e-05
5.78991e-05
5.78971e-05
5.78951e-05
5.78931e-05
5.78911e-05
5.78891e-05
5.78871e-05
5.78851e-05
5.78831e-05
5.78811e-05
5.78792e-05
5.78772e-05
5.78752e-05
5.78732e-05
5.78712e-05
5.78692e-05
5.78672e-05
5.78652e-05
5.78632e-05
5.78613e-05
5.78593e-05
5.78573e-05
5.78553e-05
5.78533e-05
5.78513e-05
5.78494e-05
5.78474e-05
5.78454e-05
5.78434e-05
5.78414e-05
5.78394e-05
5.78375e-05
5.78355e-05
5.78335e-05
5.78315e-05
5.78295e-05
5.78276e-05
5.78256e-05
5.78236e-05
5.78216e-05
5.78197e-05
5.78177e-05
5.78157e-05
5.78137e-05
5.78118e-05
5.78098e-05
5.78078e-05
5.78059e-05
5.78039e-05
5.78019e-05
5.77999e-05
5.7798e-05
5.7796e-05
5.7794e-05
5.77921e-05
5.77901e-05
5.77881e-05
5.77862e-05
5.77842e-05
5.77822e-05
5.77803e-05
5.77783e-05
5.77764e-05
5.77744e-05
5.77724e-05
5.77705e-05
5.77685e-05
5.77665e-05
5.77646e-05
5.77626e-05
5.77607e-05
5.77587e-05
5.77568e-05
5.77548e-05
5.77528e-05
5.77509e-05
5.77489e-05
5.7747e-05
5.7745e-05
5.77431e-05
5.77411e-05
5.77392e-05
5.77372e-05
5.77353e-05
5.77333e-05
5.77314e-05
5.77294e-05
5.77275e-05
5.77255e-05
5.77236e-05
5.77216e-05
5.77197e-05
5.77177e-05
5.77158e-05
5.77138e-05
5.77119e-05
5.77099e-05
5.7708e-05
5.7706e-05
5.77041e-05
5.77022e-05
5.77002e-05
5.76983e-05
5.76963e-05
5.76944e-05
5.76925e-05
5.76905e-05
5.76886e-05
5.76866e-05
5.76847e-05
5.76828e-05
5.76808e-05
5.76789e-05
5.7677e-05
5.7675e-05
5.76731e-05
5.76711e-05
5.76692e-05
5.76673e-05
5.76653e-05
5.76634e-05
5.76615e-05
5.76596e-05
5.76576e-05
5.76557e-05
5.76538e-05
5.76518e-05
5.76499e-05
5.7648e-05
5.76461e-05
5.76441e-05
5.76422e-05
5.76403e-05
5.76383e-05
5.76364e-05
5.76345e-05
5.76326e-05
5.76307e-05
5.76287e-05
5.76268e-05
5.76249e-05
5.7623e-05
5.7621e-05
5.76191e-05
5.76172e-05
5.76153e-05
5.76134e-05
5.76115e-05
5.76095e-05
5.76076e-05
5.76057e-05
5.76038e-05
5.76019e-05
5.76e-05
5.7598e-05
5.75961e-05
5.75942e-05
5.75923e-05
5.75904e-05
5.75885e-05
5.75866e-05
5.75847e-05
5.75827e-05
5.75808e-05
5.75789e-05
5.7577e-05
5.75751e-05
5.75732e-05
5.75713e-05
5.75694e-05
5.75675e-05
5.75656e-05
5.75637e-05
5.75618e-05
5.75599e-05
5.7558e-05
5.75561e-05
5.75542e-05
5.75523e-05
5.75504e-05
5.75485e-05
5.75466e-05
5.75447e-05
5.75428e-05
5.75409e-05
5.7539e-05
5.75371e-05
5.75352e-05
5.75333e-05
5.75314e-05
5.75295e-05
5.75276e-05
5.75257e-05
5.75238e-05
5.75219e-05
5.752e-05
5.75181e-05
5.75162e-05
5.75143e-05
5.75124e-05
5.75106e-05
5.75087e-05
5.75068e-05
5.75049e-05
5.7503e-05
5.75011e-05
5.74992e-05
5.74973e-05
5.74955e-05
5.74936e-05
5.74917e-05
5.74898e-05
5.74879e-05
5.7486e-05
5.74842e-05
5.74823e-05
5.74804e-05
5.74785e-05
5.74766e-05
5.74747e-05
5.74729e-05
5.7471e-05
5.74691e-05
5.74672e-05
5.74653e-05
5.74635e-05
5.74616e-05
5.74597e-05
5.74578e-05
5.7456e-05
5.74541e-05
5.74522e-05
5.74503e-05
5.74485e-05
5.74466e-05
5.74447e-05
5.74429e-05
5.7441e-05
5.74391e-05
5.74372e-05
5.74354e-05
5.74335e-05
5.74316e-05
5.74298e-05
5.74279e-05
5.7426e-05
5.74242e-05
5.74223e-05
5.74204e-05
5.74186e-05
5.74167e-05
5.74148e-05
5.7413e-05
5.74111e-05
5.74093e-05
5.74074e-05
5.74055e-05
5.74037e-05
5.74018e-05
5.73999e-05
5.73981e-05
5.73962e-05
5.73944e-05
5.73925e-05
5.73907e-05
5.73888e-05
5.73869e-05
5.73851e-05
5.73832e-05
5.73814e-05
5.73795e-05
5.73777e-05
5.73758e-05
5.7374e-05
5.73721e-05
5.73703e-05
5.73684e-05
5.73666e-05
5.73647e-05
5.73629e-05
5.7361e-05
5.73592e-05
5.73573e-05
5.73555e-05
5.73536e-05
5.73518e-05
5.73499e-05
5.73481e-05
5.73462e-05
5.73444e-05
5.73425e-05
5.73407e-05
5.73389e-05
5.7337e-05
5.73352e-05
5.73333e-05
5.73315e-05
5.73296e-05
5.73278e-05
5.7326e-05
5.73241e-05
5.73223e-05
5.73204e-05
5.73186e-05
5.73168e-05
5.73149e-05
5.73131e-05
5.73113e-05
5.73094e-05
5.73076e-05
5.73058e-05
5.73039e-05
5.73021e-05
5.73003e-05
5.72984e-05
5.72966e-05
5.72948e-05
5.72929e-05
5.72911e-05
5.72893e-05
5.72874e-05
5.72856e-05
5.72838e-05
5.7282e-05
5.72801e-05
5.72783e-05
5.72765e-05
5.72746e-05
5.72728e-05
5.7271e-05
5.72692e-05
5.72673e-05
5.72655e-05
5.72637e-05
5.72619e-05
5.72601e-05
5.72582e-05
5.72564e-05
5.72546e-05
5.72528e-05
5.7251e-05
5.72491e-05
5.72473e-05
5.72455e-05
5.72437e-05
5.72419e-05
5.724e-05
5.72382e-05
5.72364e-05
5.72346e-05
5.72328e-05
5.7231e-05
5.72292e-05
5.72273e-05
5.72255e-05
5.72237e-05
5.72219e-05
5.72201e-05
5.72183e-05
5.72165e-05
5.72147e-05
5.72129e-05
5.72111e-05
5.72092e-05
5.72074e-05
5.72056e-05
5.72038e-05
5.7202e-05
5.72002e-05
5.71984e-05
5.71966e-05
5.71948e-05
5.7193e-05
5.71912e-05
5.71894e-05
5.71876e-05
5.71858e-05
5.7184e-05
5.71822e-05
5.71804e-05
5.71786e-05
5.71768e-05
5.7175e-05
5.71732e-05
5.71714e-05
5.71696e-05
5.71678e-05
5.7166e-05
5.71642e-05
5.71624e-05
5.71606e-05
5.71588e-05
5.7157e-05
5.71552e-05
5.71534e-05
5.71516e-05
5.71498e-05
5.71481e-05
5.71463e-05
5.71445e-05
5.71427e-05
5.71409e-05
5.71391e-05
5.71373e-05
5.71355e-05
5.71337e-05
5.7132e-05
5.71302e-05
5.71284e-05
5.71266e-05
5.71248e-05
5.7123e-05
5.71212e-05
5.71195e-05
5.71177e-05
5.71159e-05
5.71141e-05
5.71123e-05
5.71105e-05
5.71088e-05
5.7107e-05
5.71052e-05
5.71034e-05
5.71016e-05
5.70999e-05
5.70981e-05
5.70963e-05
5.70945e-05
5.70928e-05
5.7091e-05
5.70892e-05
5.70874e-05
5.70857e-05
5.70839e-05
5.70821e-05
5.70803e-05
5.70786e-05
5.70768e-05
5.7075e-05
5.70732e-05
5.70715e-05
5.70697e-05
5.70679e-05
5.70662e-05
5.70644e-05
5.70626e-05
5.70609e-05
5.70591e-05
5.70573e-05
5.70556e-05
5.70538e-05
5.7052e-05
5.70503e-05
5.70485e-05
5.70467e-05
5.7045e-05
5.70432e-05
5.70414e-05
5.70397e-05
5.70379e-05
5.70361e-05
5.70344e-05
5.70326e-05
5.70309e-05
5.70291e-05
5.70273e-05
5.70256e-05
5.70238e-05
5.70221e-05
5.70203e-05
5.70186e-05
5.70168e-05
5.7015e-05
5.70133e-05
5.70115e-05
5.70098e-05
5.7008e-05
5.70063e-05
5.70045e-05
5.70028e-05
5.7001e-05
5.69993e-05
5.69975e-05
5.69958e-05
5.6994e-05
5.69923e-05
5.69905e-05
5.69888e-05
5.6987e-05
5.69853e-05
5.69835e-05
5.69818e-05
5.698e-05
5.69783e-05
5.69765e-05
5.69748e-05
5.69731e-05
5.69713e-05
5.69696e-05
5.69678e-05
5.69661e-05
5.69643e-05
5.69626e-05
5.69609e-05
5.69591e-05
5.69574e-05
5.69556e-05
5.69539e-05
5.69522e-05
5.69504e-05
5.69487e-05
5.69469e-05
5.69452e-05
5.69435e-05
5.69417e-05
5.694e-05
5.69383e-05
5.69365e-05
5.69348e-05
5.69331e-05
5.69313e-05
5.69296e-05
5.69279e-05
5.69261e-05
5.69244e-05
5.69227e-05
5.69209e-05
5.69192e-05
5.69175e-05
5.69157e-05
5.6914e-05
5.69123e-05
5.69106e-05
5.69088e-05
5.69071e-05
5.69054e-05
5.69037e-05
5.69019e-05
5.69002e-05
5.68985e-05
5.68968e-05
5.6895e-05
5.68933e-05
5.68916e-05
5.68899e-05
5.68881e-05
5.68864e-05
5.68847e-05
5.6883e-05
5.68813e-05
5.68795e-05
5.68778e-05
5.68761e-05
5.68744e-05
5.68727e-05
5.6871e-05
5.68692e-05
5.68675e-05
5.68658e-05
5.68641e-05
5.68624e-05
5.68607e-05
5.68589e-05
5.68572e-05
5.68555e-05
5.68538e-05
5.68521e-05
5.68504e-05
5.68487e-05
5.6847e-05
5.68453e-05
5.68435e-05
5.68418e-05
5.68401e-05
5.68384e-05
5.68367e-05
5.6835e-05
5.68333e-05
5.68316e-05
5.68299e-05
5.68282e-05
5.68265e-05
5.68248e-05
5.68231e-05
5.68214e-05
5.68197e-05
5.68179e-05
5.68162e-05
5.68145e-05
5.68128e-05
5.68111e-05
5.68094e-05
5.68077e-05
5.6806e-05
5.68043e-05
5.68026e-05
5.68009e-05
5.67992e-05
5.67976e-05
5.67959e-05
5.67942e-05
5.67925e-05
5.67908e-05
5.67891e-05
5.67874e-05
5.67857e-05
5.6784e-05
5.67823e-05
5.67806e-05
5.67789e-05
5.67772e-05
5.67755e-05
5.67738e-05
5.67721e-05
5.67705e-05
5.67688e-05
5.67671e-05
5.67654e-05
5.67637e-05
5.6762e-05
5.67603e-05
5.67586e-05
5.67569e-05
5.67553e-05
5.67536e-05
5.67519e-05
5.67502e-05
5.67485e-05
5.67468e-05
5.67452e-05
5.67435e-05
5.67418e-05
5.67401e-05
5.67384e-05
5.67367e-05
5.67351e-05
5.67334e-05
5.67317e-05
5.673e-05
5.67283e-05
5.67267e-05
5.6725e-05
5.67233e-05
5.67216e-05
5.672e-05
5.67183e-05
5.67166e-05
5.67149e-05
5.67133e-05
5.67116e-05
5.67099e-05
5.67082e-05
5.67066e-05
5.67049e-05
5.67032e-05
5.67015e-05
5.66999e-05
5.66982e-05
5.66965e-05
5.66949e-05
5.66932e-05
5.66915e-05
5.66899e-05
5.66882e-05
5.66865e-05
5.66848e-05
5.66832e-05
5.66815e-05
5.66799e-05
5.66782e-05
5.66765e-05
5.66749e-05
5.66732e-05
5.66715e-05
5.66699e-05
5.66682e-05
5.66665e-05
5.66649e-05
5.66632e-05
5.66616e-05
5.66599e-05
5.66582e-05
5.66566e-05
5.66549e-05
5.66533e-05
5.66516e-05
5.66499e-05
5.66483e-05
5.66466e-05
5.6645e-05
5.66433e-05
5.66417e-05
5.664e-05
5.66383e-05
5.66367e-05
5.6635e-05
5.66334e-05
5.66317e-05
5.66301e-05
5.66284e-05
5.66268e-05
5.66251e-05
5.66235e-05
5.66218e-05
5.66202e-05
5.66185e-05
5.66169e-05
5.66152e-05
5.66136e-05
5.66119e-05
5.66103e-05
5.66086e-05
5.6607e-05
5.66053e-05
5.66037e-05
5.6602e-05
5.66004e-05
5.65988e-05
5.65971e-05
5.65955e-05
5.65938e-05
5.65922e-05
5.65905e-05
5.65889e-05
5.65873e-05
5.65856e-05
5.6584e-05
5.65823e-05
5.65807e-05
5.65791e-05
5.65774e-05
5.65758e-05
5.65741e-05
5.65725e-05
5.65709e-05
5.65692e-05
5.65676e-05
5.6566e-05
5.65643e-05
5.65627e-05
5.65611e-05
5.65594e-05
5.65578e-05
5.65562e-05
5.65545e-05
5.65529e-05
5.65513e-05
5.65496e-05
5.6548e-05
5.65464e-05
5.65447e-05
5.65431e-05
5.65415e-05
5.65398e-05
5.65382e-05
5.65366e-05
5.6535e-05
5.65333e-05
5.65317e-05
5.65301e-05
5.65285e-05
5.65268e-05
5.65252e-05
5.65236e-05
5.6522e-05
5.65203e-05
5.65187e-05
5.65171e-05
5.65155e-05
5.65138e-05
5.65122e-05
5.65106e-05
5.6509e-05
5.65074e-05
5.65057e-05
5.65041e-05
5.65025e-05
5.65009e-05
5.64993e-05
5.64977e-05
5.6496e-05
5.64944e-05
5.64928e-05
5.64912e-05
5.64896e-05
5.6488e-05
5.64863e-05
5.64847e-05
5.64831e-05
5.64815e-05
5.64799e-05
5.64783e-05
5.64767e-05
5.6475e-05
5.64734e-05
5.64718e-05
5.64702e-05
5.64686e-05
5.6467e-05
5.64654e-05
5.64638e-05
5.64622e-05
5.64606e-05
5.6459e-05
5.64574e-05
5.64557e-05
5.64541e-05
5.64525e-05
5.64509e-05
5.64493e-05
5.64477e-05
5.64461e-05
5.64445e-05
5.64429e-05
5.64413e-05
5.64397e-05
5.64381e-05
5.64365e-05
5.64349e-05
5.64333e-05
5.64317e-05
5.64301e-05
5.64285e-05
5.64269e-05
5.64253e-05
5.64237e-05
5.64221e-05
5.64205e-05
5.64189e-05
5.64173e-05
5.64157e-05
5.64141e-05
5.64125e-05
5.64109e-05
5.64093e-05
5.64077e-05
5.64062e-05
5.64046e-05
5.6403e-05
5.64014e-05
5.63998e-05
5.63982e-05
5.63966e-05
5.6395e-05
5.63934e-05
5.63918e-05
5.63902e-05
5.63887e-05
5.63871e-05
5.63855e-05
5.63839e-05
5.63823e-05
5.63807e-05
5.63791e-05
5.63775e-05
5.6376e-05
5.63744e-05
5.63728e-05
5.63712e-05
5.63696e-05
5.6368e-05
5.63665e-05
5.63649e-05
5.63633e-05
5.63617e-05
5.63601e-05
5.63585e-05
5.6357e-05
5.63554e-05
5.63538e-05
5.63522e-05
5.63506e-05
5.63491e-05
5.63475e-05
5.63459e-05
5.63443e-05
5.63428e-05
5.63412e-05
5.63396e-05
5.6338e-05
5.63365e-05
5.63349e-05
5.63333e-05
5.63317e-05
5.63302e-05
5.63286e-05
5.6327e-05
5.63254e-05
5.63239e-05
5.63223e-05
5.63207e-05
5.63192e-05
5.63176e-05
5.6316e-05
5.63145e-05
5.63129e-05
5.63113e-05
5.63097e-05
5.63082e-05
5.63066e-05
5.6305e-05
5.63035e-05
5.63019e-05
5.63004e-05
5.62988e-05
5.62972e-05
5.62957e-05
5.62941e-05
5.62925e-05
5.6291e-05
5.62894e-05
5.62878e-05
5.62863e-05
5.62847e-05
5.62832e-05
5.62816e-05
5.628e-05
5.62785e-05
5.62769e-05
5.62754e-05
5.62738e-05
5.62722e-05
5.62707e-05
5.62691e-05
5.62676e-05
5.6266e-05
5.62645e-05
5.62629e-05
5.62613e-05
5.62598e-05
5.62582e-05
5.62567e-05
5.62551e-05
5.62536e-05
5.6252e-05
5.62505e-05
5.62489e-05
5.62474e-05
5.62458e-05
5.62443e-05
5.62427e-05
5.62412e-05
5.62396e-05
5.62381e-05
5.62365e-05
5.6235e-05
5.62334e-05
5.62319e-05
5.62303e-05
5.62288e-05
5.62272e-05
5.62257e-05
5.62241e-05
5.62226e-05
5.62211e-05
5.62195e-05
5.6218e-05
5.62164e-05
5.62149e-05
5.62133e-05
5.62118e-05
5.62103e-05
5.62087e-05
5.62072e-05
5.62056e-05
5.62041e-05
5.62026e-05
5.6201e-05
5.61995e-05
5.61979e-05
5.61964e-05
5.61949e-05
5.61933e-05
5.61918e-05
5.61903e-05
5.61887e-05
5.61872e-05
5.61856e-05
5.61841e-05
5.61826e-05
5.6181e-05
5.61795e-05
5.6178e-05
5.61764e-05
5.61749e-05
5.61734e-05
5.61718e-05
5.61703e-05
5.61688e-05
5.61673e-05
5.61657e-05
5.61642e-05
5.61627e-05
5.61611e-05
5.61596e-05
5.61581e-05
5.61566e-05
5.6155e-05
5.61535e-05
5.6152e-05
5.61504e-05
5.61489e-05
5.61474e-05
5.61459e-05
5.61443e-05
5.61428e-05
5.61413e-05
5.61398e-05
5.61383e-05
5.61367e-05
5.61352e-05
5.61337e-05
5.61322e-05
5.61306e-05
5.61291e-05
5.61276e-05
5.61261e-05
5.61246e-05
5.6123e-05
5.61215e-05
5.612e-05
5.61185e-05
5.6117e-05
5.61155e-05
5.61139e-05
5.61124e-05
5.61109e-05
5.61094e-05
5.61079e-05
5.61064e-05
5.61049e-05
5.61033e-05
5.61018e-05
5.61003e-05
5.60988e-05
5.60973e-05
5.60958e-05
5.60943e-05
5.60928e-05
5.60912e-05
5.60897e-05
5.60882e-05
5.60867e-05
5.60852e-05
5.60837e-05
5.60822e-05
5.60807e-05
5.60792e-05
5.60777e-05
5.60762e-05
5.60747e-05
5.60731e-05
5.60716e-05
5.60701e-05
5.60686e-05
5.60671e-05
5.60656e-05
5.60641e-05
5.60626e-05
5.60611e-05
5.60596e-05
5.60581e-05
5.60566e-05
5.60551e-05
5.60536e-05
5.60521e-05
5.60506e-05
5.60491e-05
5.60476e-05
5.60461e-05
5.60446e-05
5.60431e-05
5.60416e-05
5.60401e-05
5.60386e-05
5.60371e-05
5.60356e-05
5.60341e-05
5.60326e-05
5.60311e-05
5.60297e-05
5.60282e-05
5.60267e-05
5.60252e-05
5.60237e-05
5.60222e-05
5.60207e-05
5.60192e-05
5.60177e-05
5.60162e-05
5.60147e-05
5.60132e-05
5.60118e-05
5.60103e-05
5.60088e-05
5.60073e-05
5.60058e-05
5.60043e-05
5.60028e-05
5.60013e-05
5.59998e-05
5.59984e-05
5.59969e-05
5.59954e-05
5.59939e-05
5.59924e-05
5.59909e-05
5.59895e-05
5.5988e-05
5.59865e-05
5.5985e-05
5.59835e-05
5.5982e-05
5.59806e-05
5.59791e-05
5.59776e-05
5.59761e-05
5.59746e-05
5.59732e-05
5.59717e-05
5.59702e-05
5.59687e-05
5.59672e-05
5.59658e-05
5.59643e-05
5.59628e-05
5.59613e-05
5.59599e-05
5.59584e-05
5.59569e-05
5.59554e-05
5.5954e-05
5.59525e-05
5.5951e-05
5.59495e-05
5.59481e-05
5.59466e-05
5.59451e-05
5.59436e-05
5.59422e-05
5.59407e-05
5.59392e-05
5.59378e-05
5.59363e-05
5.59348e-05
5.59334e-05
5.59319e-05
5.59304e-05
5.59289e-05
5.59275e-05
5.5926e-05
5.59245e-05
5.59231e-05
5.59216e-05
5.59201e-05
5.59187e-05
5.59172e-05
5.59158e-05
5.59143e-05
5.59128e-05
5.59114e-05
5.59099e-05
5.59084e-05
5.5907e-05
5.59055e-05
5.59041e-05
5.59026e-05
5.59011e-05
5.58997e-05
5.58982e-05
5.58967e-05
5.58953e-05
5.58938e-05
5.58924e-05
5.58909e-05
5.58895e-05
5.5888e-05
5.58865e-05
5.58851e-05
5.58836e-05
5.58822e-05
5.58807e-05
5.58793e-05
5.58778e-05
5.58764e-05
5.58749e-05
5.58734e-05
5.5872e-05
5.58705e-05
5.58691e-05
5.58676e-05
5.58662e-05
5.58647e-05
5.58633e-05
5.58618e-05
5.58604e-05
5.58589e-05
5.58575e-05
5.5856e-05
5.58546e-05
5.58531e-05
5.58517e-05
5.58502e-05
5.58488e-05
5.58473e-05
5.58459e-05
5.58445e-05
5.5843e-05
5.58416e-05
5.58401e-05
5.58387e-05
5.58372e-05
5.58358e-05
5.58343e-05
5.58329e-05
5.58315e-05
5.583e-05
5.58286e-05
5.58271e-05
5.58257e-05
5.58242e-05
5.58228e-05
5.58214e-05
5.58199e-05
5.58185e-05
5.58171e-05
5.58156e-05
5.58142e-05
5.58127e-05
5.58113e-05
5.58099e-05
5.58084e-05
5.5807e-05
5.58056e-05
5.58041e-05
5.58027e-05
5.58012e-05
5.57998e-05
5.57984e-05
5.57969e-05
5.57955e-05
5.57941e-05
5.57926e-05
5.57912e-05
5.57898e-05
5.57884e-05
5.57869e-05
5.57855e-05
5.57841e-05
5.57826e-05
5.57812e-05
5.57798e-05
5.57783e-05
5.57769e-05
5.57755e-05
5.57741e-05
5.57726e-05
5.57712e-05
5.57698e-05
5.57684e-05
5.57669e-05
5.57655e-05
5.57641e-05
5.57627e-05
5.57612e-05
5.57598e-05
5.57584e-05
5.5757e-05
5.57555e-05
5.57541e-05
5.57527e-05
5.57513e-05
5.57498e-05
5.57484e-05
5.5747e-05
5.57456e-05
5.57442e-05
5.57427e-05
5.57413e-05
5.57399e-05
5.57385e-05
5.57371e-05
5.57357e-05
5.57342e-05
5.57328e-05
5.57314e-05
5.573e-05
5.57286e-05
5.57272e-05
5.57257e-05
5.57243e-05
5.57229e-05
5.57215e-05
5.57201e-05
5.57187e-05
5.57173e-05
5.57158e-05
5.57144e-05
5.5713e-05
5.57116e-05
5.57102e-05
5.57088e-05
5.57074e-05
5.5706e-05
5.57046e-05
5.57031e-05
5.57017e-05
5.57003e-05
5.56989e-05
5.56975e-05
5.56961e-05
5.56947e-05
5.56933e-05
5.56919e-05
5.56905e-05
5.56891e-05
5.56877e-05
5.56863e-05
5.56849e-05
5.56835e-05
5.5682e-05
5.56806e-05
5.56792e-05
5.56778e-05
5.56764e-05
5.5675e-05
5.56736e-05
5.56722e-05
5.56708e-05
5.56694e-05
5.5668e-05
5.56666e-05
5.56652e-05
5.56638e-05
5.56624e-05
5.5661e-05
5.56596e-05
5.56582e-05
5.56568e-05
5.56554e-05
5.5654e-05
5.56527e-05
5.56513e-05
5.56499e-05
5.56485e-05
5.56471e-05
5.56457e-05
5.56443e-05
5.56429e-05
5.56415e-05
5.56401e-05
5.56387e-05
5.56373e-05
5.56359e-05
5.56345e-05
5.56331e-05
5.56318e-05
5.56304e-05
5.5629e-05
5.56276e-05
5.56262e-05
5.56248e-05
5.56234e-05
5.5622e-05
5.56206e-05
5.56193e-05
5.56179e-05
5.56165e-05
5.56151e-05
5.56137e-05
5.56123e-05
5.56109e-05
5.56095e-05
5.56082e-05
5.56068e-05
5.56054e-05
5.5604e-05
5.56026e-05
5.56012e-05
5.55999e-05
5.55985e-05
5.55971e-05
5.55957e-05
5.55943e-05
5.5593e-05
5.55916e-05
5.55902e-05
5.55888e-05
5.55874e-05
5.55861e-05
5.55847e-05
5.55833e-05
5.55819e-05
5.55805e-05
5.55792e-05
5.55778e-05
5.55764e-05
5.5575e-05
5.55737e-05
5.55723e-05
5.55709e-05
5.55695e-05
5.55682e-05
5.55668e-05
5.55654e-05
5.5564e-05
5.55627e-05
5.55613e-05
5.55599e-05
5.55586e-05
5.55572e-05
5.55558e-05
5.55544e-05
5.55531e-05
5.55517e-05
5.55503e-05
5.5549e-05
5.55476e-05
5.55462e-05
5.55449e-05
5.55435e-05
5.55421e-05
5.55407e-05
5.55394e-05
5.5538e-05
5.55367e-05
5.55353e-05
5.55339e-05
5.55326e-05
5.55312e-05
5.55298e-05
5.55285e-05
5.55271e-05
5.55257e-05
5.55244e-05
5.5523e-05
5.55216e-05
5.55203e-05
5.55189e-05
5.55176e-05
5.55162e-05
5.55148e-05
5.55135e-05
5.55121e-05
5.55108e-05
5.55094e-05
5.5508e-05
5.55067e-05
5.55053e-05
5.5504e-05
5.55026e-05
5.55013e-05
5.54999e-05
5.54985e-05
5.54972e-05
5.54958e-05
5.54945e-05
5.54931e-05
5.54918e-05
5.54904e-05
5.54891e-05
5.54877e-05
5.54863e-05
5.5485e-05
5.54836e-05
5.54823e-05
5.54809e-05
5.54796e-05
5.54782e-05
5.54769e-05
5.54755e-05
5.54742e-05
5.54728e-05
5.54715e-05
5.54701e-05
5.54688e-05
5.54674e-05
5.54661e-05
5.54647e-05
5.54634e-05
5.5462e-05
5.54607e-05
5.54594e-05
5.5458e-05
5.54567e-05
5.54553e-05
5.5454e-05
5.54526e-05
5.54513e-05
5.54499e-05
5.54486e-05
5.54473e-05
5.54459e-05
5.54446e-05
5.54432e-05
5.54419e-05
5.54405e-05
5.54392e-05
5.54379e-05
5.54365e-05
5.54352e-05
5.54338e-05
5.54325e-05
5.54312e-05
5.54298e-05
5.54285e-05
5.54271e-05
5.54258e-05
5.54245e-05
5.54231e-05
5.54218e-05
5.54205e-05
5.54191e-05
5.54178e-05
5.54165e-05
5.54151e-05
5.54138e-05
5.54125e-05
5.54111e-05
5.54098e-05
5.54085e-05
5.54071e-05
5.54058e-05
5.54045e-05
5.54031e-05
5.54018e-05
5.54005e-05
5.53991e-05
5.53978e-05
5.53965e-05
5.53951e-05
5.53938e-05
5.53925e-05
5.53912e-05
5.53898e-05
5.53885e-05
5.53872e-05
5.53858e-05
5.53845e-05
5.53832e-05
5.53819e-05
5.53805e-05
5.53792e-05
5.53779e-05
5.53766e-05
5.53752e-05
5.53739e-05
5.53726e-05
5.53713e-05
5.53699e-05
5.53686e-05
5.53673e-05
5.5366e-05
5.53647e-05
5.53633e-05
5.5362e-05
5.53607e-05
5.53594e-05
5.5358e-05
5.53567e-05
5.53554e-05
5.53541e-05
5.53528e-05
5.53515e-05
5.53501e-05
5.53488e-05
5.53475e-05
5.53462e-05
5.53449e-05
5.53435e-05
5.53422e-05
5.53409e-05
5.53396e-05
5.53383e-05
5.5337e-05
5.53357e-05
5.53343e-05
5.5333e-05
5.53317e-05
5.53304e-05
5.53291e-05
5.53278e-05
5.53265e-05
5.53252e-05
5.53238e-05
5.53225e-05
5.53212e-05
5.53199e-05
5.53186e-05
5.53173e-05
5.5316e-05
5.53147e-05
5.53134e-05
5.53121e-05
5.53107e-05
5.53094e-05
5.53081e-05
5.53068e-05
5.53055e-05
5.53042e-05
5.53029e-05
5.53016e-05
5.53003e-05
5.5299e-05
5.52977e-05
5.52964e-05
5.52951e-05
5.52938e-05
5.52925e-05
5.52912e-05
5.52899e-05
5.52886e-05
5.52873e-05
5.5286e-05
5.52847e-05
5.52834e-05
5.52821e-05
5.52808e-05
5.52795e-05
5.52782e-05
5.52769e-05
5.52756e-05
5.52743e-05
5.5273e-05
5.52717e-05
5.52704e-05
5.52691e-05
5.52678e-05
5.52665e-05
5.52652e-05
5.52639e-05
5.52626e-05
5.52613e-05
5.526e-05
5.52587e-05
5.52574e-05
5.52561e-05
5.52548e-05
5.52535e-05
5.52522e-05
5.52509e-05
5.52496e-05
5.52484e-05
5.52471e-05
5.52458e-05
5.52445e-05
5.52432e-05
5.52419e-05
5.52406e-05
5.52393e-05
5.5238e-05
5.52367e-05
5.52354e-05
5.52342e-05
5.52329e-05
5.52316e-05
5.52303e-05
5.5229e-05
5.52277e-05
5.52264e-05
5.52252e-05
5.52239e-05
5.52226e-05
5.52213e-05
5.522e-05
5.52187e-05
5.52174e-05
5.52162e-05
5.52149e-05
5.52136e-05
5.52123e-05
5.5211e-05
5.52097e-05
5.52085e-05
5.52072e-05
5.52059e-05
5.52046e-05
5.52033e-05
5.52021e-05
5.52008e-05
5.51995e-05
5.51982e-05
5.51969e-05
5.51957e-05
5.51944e-05
5.51931e-05
5.51918e-05
5.51906e-05
5.51893e-05
5.5188e-05
5.51867e-05
5.51854e-05
5.51842e-05
5.51829e-05
5.51816e-05
5.51803e-05
5.51791e-05
5.51778e-05
5.51765e-05
5.51753e-05
5.5174e-05
5.51727e-05
5.51714e-05
5.51702e-05
5.51689e-05
5.51676e-05
5.51663e-05
5.51651e-05
5.51638e-05
5.51625e-05
5.51613e-05
5.516e-05
5.51587e-05
5.51575e-05
5.51562e-05
5.51549e-05
5.51537e-05
5.51524e-05
5.51511e-05
5.51499e-05
5.51486e-05
5.51473e-05
5.51461e-05
5.51448e-05
5.51435e-05
5.51423e-05
5.5141e-05
5.51397e-05
5.51385e-05
5.51372e-05
5.51359e-05
5.51347e-05
5.51334e-05
5.51322e-05
5.51309e-05
5.51296e-05
5.51284e-05
5.51271e-05
5.51258e-05
5.51246e-05
5.51233e-05
5.51221e-05
5.51208e-05
5.51195e-05
5.51183e-05
5.5117e-05
5.51158e-05
5.51145e-05
5.51133e-05
5.5112e-05
5.51107e-05
5.51095e-05
5.51082e-05
5.5107e-05
5.51057e-05
5.51045e-05
5.51032e-05
5.5102e-05
5.51007e-05
5.50994e-05
5.50982e-05
5.50969e-05
5.50957e-05
5.50944e-05
5.50932e-05
5.50919e-05
5.50907e-05
5.50894e-05
5.50882e-05
5.50869e-05
5.50857e-05
5.50844e-05
5.50832e-05
5.50819e-05
5.50807e-05
5.50794e-05
5.50782e-05
5.50769e-05
5.50757e-05
5.50744e-05
5.50732e-05
5.50719e-05
5.50707e-05
5.50694e-05
5.50682e-05
5.5067e-05
5.50657e-05
5.50645e-05
5.50632e-05
5.5062e-05
5.50607e-05
5.50595e-05
5.50582e-05
5.5057e-05
5.50558e-05
5.50545e-05
5.50533e-05
5.5052e-05
5.50508e-05
5.50495e-05
5.50483e-05
5.50471e-05
5.50458e-05
5.50446e-05
5.50433e-05
5.50421e-05
5.50409e-05
5.50396e-05
5.50384e-05
5.50372e-05
5.50359e-05
5.50347e-05
5.50334e-05
5.50322e-05
5.5031e-05
5.50297e-05
5.50285e-05
5.50273e-05
5.5026e-05
5.50248e-05
5.50236e-05
5.50223e-05
5.50211e-05
5.50199e-05
5.50186e-05
5.50174e-05
5.50162e-05
5.50149e-05
5.50137e-05
5.50125e-05
5.50112e-05
5.501e-05
5.50088e-05
5.50075e-05
5.50063e-05
5.50051e-05
5.50038e-05
5.50026e-05
5.50014e-05
5.50002e-05
5.49989e-05
5.49977e-05
5.49965e-05
5.49952e-05
5.4994e-05
5.49928e-05
5.49916e-05
5.49903e-05
5.49891e-05
5.49879e-05
5.49867e-05
5.49854e-05
5.49842e-05
5.4983e-05
5.49818e-05
5.49805e-05
5.49793e-05
5.49781e-05
5.49769e-05
5.49757e-05
5.49744e-05
5.49732e-05
5.4972e-05
5.49708e-05
5.49695e-05
5.49683e-05
5.49671e-05
5.49659e-05
5.49647e-05
5.49634e-05
5.49622e-05
5.4961e-05
5.49598e-05
5.49586e-05
5.49574e-05
5.49561e-05
5.49549e-05
5.49537e-05
5.49525e-05
5.49513e-05
5.49501e-05
5.49488e-05
5.49476e-05
5.49464e-05
5.49452e-05
5.4944e-05
5.49428e-05
5.49416e-05
5.49403e-05
5.49391e-05
5.49379e-05
5.49367e-05
5.49355e-05
5.49343e-05
5.49331e-05
5.49319e-05
5.49306e-05
5.49294e-05
5.49282e-05
5.4927e-05
5.49258e-05
5.49246e-05
5.49234e-05
5.49222e-05
5.4921e-05
5.49198e-05
5.49186e-05
5.49173e-05
5.49161e-05
5.49149e-05
5.49137e-05
5.49125e-05
5.49113e-05
5.49101e-05
5.49089e-05
5.49077e-05
5.49065e-05
5.49053e-05
5.49041e-05
5.49029e-05
5.49017e-05
5.49005e-05
5.48993e-05
5.48981e-05
5.48969e-05
5.48957e-05
5.48945e-05
5.48933e-05
5.48921e-05
5.48909e-05
5.48897e-05
5.48885e-05
5.48873e-05
5.48861e-05
5.48849e-05
5.48837e-05
5.48825e-05
5.48813e-05
5.48801e-05
5.48789e-05
5.48777e-05
5.48765e-05
5.48753e-05
5.48741e-05
5.48729e-05
5.48717e-05
5.48705e-05
5.48693e-05
5.48681e-05
5.48669e-05
5.48657e-05
5.48645e-05
5.48633e-05
5.48621e-05
5.48609e-05
5.48597e-05
5.48586e-05
5.48574e-05
5.48562e-05
5.4855e-05
5.48538e-05
5.48526e-05
5.48514e-05
5.48502e-05
5.4849e-05
5.48478e-05
5.48466e-05
5.48455e-05
5.48443e-05
5.48431e-05
5.48419e-05
5.48407e-05
5.48395e-05
5.48383e-05
5.48371e-05
5.4836e-05
5.48348e-05
5.48336e-05
5.48324e-05
5.48312e-05
5.483e-05
5.48288e-05
5.48277e-05
5.48265e-05
5.48253e-05
5.48241e-05
5.48229e-05
5.48217e-05
5.48205e-05
5.48194e-05
5.48182e-05
5.4817e-05
5.48158e-05
5.48146e-05
5.48135e-05
5.48123e-05
5.48111e-05
5.48099e-05
5.48087e-05
5.48076e-05
5.48064e-05
5.48052e-05
5.4804e-05
5.48028e-05
5.48017e-05
5.48005e-05
5.47993e-05
5.47981e-05
5.4797e-05
5.47958e-05
5.47946e-05
5.47934e-05
5.47922e-05
5.47911e-05
5.47899e-05
5.47887e-05
5.47875e-05
5.47864e-05
5.47852e-05
5.4784e-05
5.47829e-05
5.47817e-05
5.47805e-05
5.47793e-05
5.47782e-05
5.4777e-05
5.47758e-05
5.47746e-05
5.47735e-05
5.47723e-05
5.47711e-05
5.477e-05
5.47688e-05
5.47676e-05
5.47665e-05
5.47653e-05
5.47641e-05
5.4763e-05
5.47618e-05
5.47606e-05
5.47594e-05
5.47583e-05
5.47571e-05
5.47559e-05
5.47548e-05
5.47536e-05
5.47525e-05
5.47513e-05
5.47501e-05
5.4749e-05
5.47478e-05
5.47466e-05
5.47455e-05
5.47443e-05
5.47431e-05
5.4742e-05
5.47408e-05
5.47396e-05
5.47385e-05
5.47373e-05
5.47362e-05
5.4735e-05
5.47338e-05
5.47327e-05
5.47315e-05
5.47304e-05
5.47292e-05
5.4728e-05
5.47269e-05
5.47257e-05
5.47246e-05
5.47234e-05
5.47222e-05
5.47211e-05
5.47199e-05
5.47188e-05
5.47176e-05
5.47165e-05
5.47153e-05
5.47142e-05
5.4713e-05
5.47118e-05
5.47107e-05
5.47095e-05
5.47084e-05
5.47072e-05
5.47061e-05
5.47049e-05
5.47038e-05
5.47026e-05
5.47015e-05
5.47003e-05
5.46991e-05
5.4698e-05
5.46968e-05
5.46957e-05
5.46945e-05
5.46934e-05
5.46922e-05
5.46911e-05
5.46899e-05
5.46888e-05
5.46876e-05
5.46865e-05
5.46853e-05
5.46842e-05
5.46831e-05
5.46819e-05
5.46808e-05
5.46796e-05
5.46785e-05
5.46773e-05
5.46762e-05
5.4675e-05
5.46739e-05
5.46727e-05
5.46716e-05
5.46704e-05
5.46693e-05
5.46682e-05
5.4667e-05
5.46659e-05
5.46647e-05
5.46636e-05
5.46624e-05
5.46613e-05
5.46601e-05
5.4659e-05
5.46579e-05
5.46567e-05
5.46556e-05
5.46544e-05
5.46533e-05
5.46522e-05
5.4651e-05
5.46499e-05
5.46487e-05
5.46476e-05
5.46465e-05
5.46453e-05
5.46442e-05
5.46431e-05
5.46419e-05
5.46408e-05
5.46396e-05
5.46385e-05
5.46374e-05
5.46362e-05
5.46351e-05
5.4634e-05
5.46328e-05
5.46317e-05
5.46306e-05
5.46294e-05
5.46283e-05
5.46271e-05
5.4626e-05
5.46249e-05
5.46237e-05
5.46226e-05
5.46215e-05
5.46204e-05
5.46192e-05
5.46181e-05
5.4617e-05
5.46158e-05
5.46147e-05
5.46136e-05
5.46124e-05
5.46113e-05
5.46102e-05
5.4609e-05
5.46079e-05
5.46068e-05
5.46057e-05
5.46045e-05
5.46034e-05
5.46023e-05
5.46011e-05
5.46e-05
5.45989e-05
5.45978e-05
5.45966e-05
5.45955e-05
5.45944e-05
5.45933e-05
5.45921e-05
5.4591e-05
5.45899e-05
5.45888e-05
5.45876e-05
5.45865e-05
5.45854e-05
5.45843e-05
5.45831e-05
5.4582e-05
5.45809e-05
5.45798e-05
5.45787e-05
5.45775e-05
5.45764e-05
5.45753e-05
5.45742e-05
5.45731e-05
5.45719e-05
5.45708e-05
5.45697e-05
5.45686e-05
5.45675e-05
5.45663e-05
5.45652e-05
5.45641e-05
5.4563e-05
5.45619e-05
5.45608e-05
5.45596e-05
5.45585e-05
5.45574e-05
5.45563e-05
5.45552e-05
5.45541e-05
5.45529e-05
5.45518e-05
5.45507e-05
5.45496e-05
5.45485e-05
5.45474e-05
5.45463e-05
5.45451e-05
5.4544e-05
5.45429e-05
5.45418e-05
5.45407e-05
5.45396e-05
5.45385e-05
5.45374e-05
5.45362e-05
5.45351e-05
5.4534e-05
5.45329e-05
5.45318e-05
5.45307e-05
5.45296e-05
5.45285e-05
5.45274e-05
5.45263e-05
5.45252e-05
5.4524e-05
5.45229e-05
5.45218e-05
5.45207e-05
5.45196e-05
5.45185e-05
5.45174e-05
5.45163e-05
5.45152e-05
5.45141e-05
5.4513e-05
5.45119e-05
5.45108e-05
5.45097e-05
5.45086e-05
5.45075e-05
5.45064e-05
5.45053e-05
5.45041e-05
5.4503e-05
5.45019e-05
5.45008e-05
5.44997e-05
5.44986e-05
5.44975e-05
5.44964e-05
5.44953e-05
5.44942e-05
5.44931e-05
5.4492e-05
5.44909e-05
5.44898e-05
5.44887e-05
5.44876e-05
5.44865e-05
5.44854e-05
5.44843e-05
5.44832e-05
5.44822e-05
5.44811e-05
5.448e-05
5.44789e-05
5.44778e-05
5.44767e-05
5.44756e-05
5.44745e-05
5.44734e-05
5.44723e-05
5.44712e-05
5.44701e-05
5.4469e-05
5.44679e-05
5.44668e-05
5.44657e-05
5.44646e-05
5.44635e-05
5.44624e-05
5.44614e-05
5.44603e-05
5.44592e-05
5.44581e-05
5.4457e-05
5.44559e-05
5.44548e-05
5.44537e-05
5.44526e-05
5.44515e-05
5.44504e-05
5.44494e-05
5.44483e-05
5.44472e-05
5.44461e-05
5.4445e-05
5.44439e-05
5.44428e-05
5.44417e-05
5.44407e-05
5.44396e-05
5.44385e-05
5.44374e-05
5.44363e-05
5.44352e-05
5.44341e-05
5.44331e-05
5.4432e-05
5.44309e-05
5.44298e-05
5.44287e-05
5.44276e-05
5.44266e-05
5.44255e-05
5.44244e-05
5.44233e-05
5.44222e-05
5.44211e-05
5.44201e-05

