5e-05
5e-05
5e-05
5e-05
5e-05
5e-05
5e-05
5e-05
5e-05
5e-05
5e-05
5e-05
5e-05
5e-05
5e-05
5e-05
5e-05
5e-05
5e-05
5e-05
5e-05
5e-05
5e-05
5e-05
5e-05
5e-05
5e-05
5e-05
5e-05
5e-05
5e-05
5e-05
5e-05
5e-05
5e-05
5e-05
5e-05
5e-05
5e-05
5e-05
5e-05
5e-05
5e-05
5e-05
5e-05
5e-05
5e-05
5e-05
5e-05
5e-05
5e-05
5e-05
5e-05
5e-05
5e-05
5e-05
5e-05
5e-05
5e-05
5e-05
5e-05
5e-05
5e-05
5e-05
5e-05
5e-05
5e-05
5e-05
5e-05
5e-05
5e-05
5e-05
5e-05
5e-05
5e-05
5e-05
5e-05
5e-05
5e-05
5e-05
5e-05
5e-05
5e-05
5e-05
5e-05
5e-05
5e-05
5e-05
5e-05
5e-05
5e-05
5e-05
5e-05
5e-05
5e-05
5e-05
5e-05
5e-05
5e-05
5e-05
5e-05
5e-05
5e-05
5e-05
5e-05
5e-05
5e-05
5e-05
5e-05
5e-05
5e-05
5e-05
5e-05
5e-05
5e-05
5e-05
5e-05
5e-05
5e-05
5e-05
5e-05
5e-05
5e-05
5e-05
5e-05
5e-05
5e-05
5e-05
5e-05
5e-05
5e-05
5e-05
5e-05
5e-05
5e-05
5e-05
5e-05
5e-05
5e-05
5e-05
5e-05
5e-05
5e-05
5e-05
5e-05
5e-05
5e-05
5e-05
5e-05
5e-05
5e-05
5e-05
5e-05
5e-05
5e-05
5e-05
5e-05
5e-05
5e-05
5e-05
5e-05
5e-05
5e-05
5e-05
5e-05
5e-05
5e-05
5e-05
5e-05
5e-05
5e-05
5e-05
5e-05
5e-05
5e-05
5e-05
5e-05
5e-05
5e-05
5e-05
5e-05
5e-05
5e-05
5e-05
5e-05
5e-05
5e-05
5e-05
5e-05
5e-05
5e-05
5e-05
5e-05
5e-05
5e-05
5e-05
5e-05
5e-05
5e-05
5e-05
5e-05
5e-05
5e-05
5e-05
5e-05
5e-05
5e-05
5e-05
5e-05
5e-05
5e-05
5e-05
5e-05
5e-05
5e-05
5e-05
5e-05
5e-05
5e-05
5e-05
5e-05
5e-05
5e-05
5e-05
5e-05
5e-05
5e-05
5e-05
5e-05
5e-05
5e-05
5e-05
5e-05
5e-05
5e-05
5e-05
5e-05
5e-05
5e-05
5e-05
5e-05
5e-05
5e-05
5e-05
5e-05
5e-05
5e-05
5e-05
5e-05
5e-05
5e-05
5e-05
5e-05
5e-05
5e-05
5e-05
5e-05
5e-05
5e-05
5e-05
5e-05
5e-05
5e-05
5e-05
5e-05
5e-05
5e-05
5e-05
5e-05
5e-05
5e-05
5e-05
5e-05
5e-05
5e-05
5e-05
5e-05
5e-05
5e-05
5e-05
5e-05
5e-05
5e-05
5e-05
5e-05
5e-05
5e-05
5e-05
5e-05
5e-05
5e-05
5e-05
5e-05
5e-05
5e-05
5e-05
5e-05
5e-05
5e-05
5e-05
5e-05
5e-05
5e-05
5e-05
5e-05
5e-05
5e-05
5e-05
5e-05
5e-05
5e-05
5e-05
5e-05
5e-05
5e-05
5e-05
5e-05
5e-05
5e-05
5e-05
5e-05
5e-05
5e-05
5e-05
5e-05
5e-05
5e-05
5e-05
5e-05
5e-05
5e-05
5e-05
5e-05
5e-05
5e-05
5e-05
5e-05
5e-05
5e-05
5e-05
5e-05
5e-05
5e-05
5e-05
5e-05
5e-05
5e-05
5e-05
5e-05
5e-05
5e-05
5e-05
5e-05
5e-05
5e-05
5e-05
5e-05
5e-05
5e-05
5e-05
5e-05
5e-05
5e-05
5e-05
5e-05
5e-05
5e-05
5e-05
5e-05
5e-05
5e-05
5e-05
5e-05
5e-05
5e-05
5e-05
5e-05
5e-05
5e-05
5e-05
5e-05
5e-05
5e-05
5e-05
5e-05
5e-05
5e-05
5e-05
5e-05
5e-05
5e-05
5e-05
5e-05
5e-05
5e-05
5e-05
5e-05
5e-05
5e-05
5e-05
5e-05
5e-05
5e-05
5e-05
5e-05
5e-05
5e-05
5e-05
5e-05
5e-05
5e-05
5e-05
5e-05
5e-05
5e-05
5e-05
5e-05
5e-05
5e-05
5e-05
5e-05
5e-05
5e-05
5e-05
5e-05
5e-05
5e-05
5e-05
5e-05
5e-05
5e-05
5e-05
5e-05
5e-05
5e-05
5e-05
5e-05
5e-05
5e-05
5e-05
5e-05
5e-05
5e-05
5e-05
5e-05
5e-05
5e-05
5e-05
5e-05
5e-05
5e-05
5e-05
5e-05
5e-05
5e-05
5e-05
5e-05
5e-05
5e-05
5e-05
5e-05
5e-05
5e-05
5e-05
5e-05
5e-05
5e-05
5e-05
5e-05
5e-05
5e-05
5e-05
5e-05
5e-05
5e-05
5e-05
5e-05
5e-05
5e-05
5e-05
5e-05
5e-05
5e-05
5e-05
5e-05
5e-05
5e-05
5e-05
5e-05
5e-05
5e-05
5e-05
5e-05
5e-05
5e-05
5e-05
5e-05
5e-05
5e-05
5e-05
5e-05
5e-05
5e-05
5e-05
5e-05
5e-05
5e-05
5e-05
5e-05
5e-05
5e-05
5e-05
5e-05
5e-05
5e-05
5e-05
5e-05
5e-05
5e-05
5e-05
5e-05
5e-05
5e-05
5e-05
5e-05
5e-05
5e-05
5e-05
5e-05
5e-05
5e-05
5e-05
5e-05
5e-05
5e-05
5e-05
5e-05
5e-05
5e-05
5e-05
5e-05
5e-05
5e-05
5e-05
5e-05
5e-05
5e-05
5e-05
5e-05
5e-05
5e-05
5e-05
5e-05
5e-05
5e-05
5e-05
5e-05
5e-05
5e-05
5e-05
5e-05
5e-05
5e-05
5e-05
5e-05
5e-05
5e-05
5e-05
5e-05
5e-05
5e-05
5e-05
5e-05
5e-05
5e-05
5e-05
5e-05
5e-05
5e-05
5e-05
5e-05
5e-05
5e-05
5e-05
5e-05
5e-05
5e-05
5e-05
5e-05
5e-05
5e-05
5e-05
5e-05
5e-05
5e-05
5e-05
5e-05
5e-05
5e-05
5e-05
5e-05
5e-05
5e-05
5e-05
5e-05
5e-05
5e-05
5e-05
5e-05
5e-05
5e-05
5e-05
5e-05
5e-05
5e-05
5e-05
5e-05
5e-05
5e-05
5e-05
5e-05
5e-05
5e-05
5e-05
5e-05
5e-05
5e-05
5e-05
5e-05
5e-05
5e-05
5e-05
5e-05
5e-05
5e-05
5e-05
5e-05
5e-05
5e-05
5e-05
5e-05
5e-05
5e-05
5e-05
5e-05
5e-05
5e-05
5e-05
5e-05
5e-05
5e-05
5e-05
5e-05
5e-05
5e-05
5e-05
5e-05
5e-05
5e-05
5e-05
5e-05
5e-05
5e-05
5e-05
5e-05
5e-05
5e-05
5e-05
5e-05
5e-05
5e-05
5e-05
5e-05
5e-05
5e-05
5e-05
5e-05
5e-05
5e-05
5e-05
5e-05
5e-05
5e-05
5e-05
5e-05
5e-05
5e-05
5e-05
5e-05
5e-05
5e-05
5e-05
5e-05
5e-05
5e-05
5e-05
5e-05
5e-05
5e-05
5e-05
5e-05
5e-05
5e-05
5e-05
5e-05
5e-05
5e-05
5e-05
5e-05
5e-05
5e-05
5e-05
5e-05
5e-05
5e-05
5e-05
5e-05
5e-05
5e-05
5e-05
5e-05
5e-05
5e-05
5e-05
5e-05
5e-05
5e-05
5e-05
5e-05
5e-05
5e-05
5e-05
5e-05
5e-05
5e-05
5e-05
5e-05
5e-05
5e-05
5e-05
5e-05
5e-05
5e-05
5e-05
5e-05
5e-05
5e-05
5e-05
5e-05
5e-05
5e-05
5e-05
5e-05
5e-05
5e-05
5e-05
5e-05
5e-05
5e-05
5e-05
5e-05
5e-05
5e-05
5e-05
5e-05
5e-05
5e-05
5e-05
5e-05
5e-05
5e-05
5e-05
5e-05
5e-05
5e-05
5e-05
5e-05
5e-05
5e-05
5e-05
5e-05
5e-05
5e-05
5e-05
5e-05
5e-05
5e-05
5e-05
5e-05
5e-05
5e-05
5e-05
5e-05
5e-05
5e-05
5e-05
5e-05
5e-05
5e-05
5e-05
5e-05
5e-05
5.01515e-05
5.04216e-05
5.07837e-05
5.12164e-05
5.17026e-05
5.22287e-05
5.27838e-05
5.33598e-05
5.39502e-05
5.45499e-05
5.51555e-05
5.57643e-05
5.63744e-05
5.69845e-05
5.75941e-05
5.82026e-05
5.881e-05
5.94166e-05
6.00225e-05
6.06281e-05
6.1234e-05
6.18406e-05
6.24485e-05
6.30581e-05
6.36699e-05
6.42846e-05
6.49024e-05
6.55239e-05
6.61494e-05
6.67792e-05
6.74137e-05
6.80531e-05
6.86977e-05
6.93477e-05
7.00032e-05
7.06643e-05
7.13313e-05
7.20041e-05
7.26828e-05
7.33675e-05
7.40582e-05
7.47548e-05
7.54574e-05
7.6166e-05
7.68804e-05
7.76007e-05
7.83267e-05
7.90584e-05
7.97958e-05
8.05387e-05
8.1287e-05
8.20407e-05
8.27997e-05
8.35638e-05
8.43329e-05
8.51071e-05
8.5886e-05
8.66698e-05
8.74581e-05
8.8251e-05
8.90484e-05
8.985e-05
9.06559e-05
9.14659e-05
9.22799e-05
9.30979e-05
9.39196e-05
9.47451e-05
9.55743e-05
9.64069e-05
9.72431e-05
9.80825e-05
9.89253e-05
9.97712e-05
0.00010062
0.000101472
0.000102327
0.000103185
0.000104046
0.000104909
0.000105624
0.000106222
0.000106731
0.000107171
0.000107561
0.000107913
0.000108237
0.000108543
0.000108837
0.000109124
0.000109406
0.000109687
0.000109969
0.000110253
0.000110539
0.000110827
0.000111119
0.000111412
0.000111709
0.000112006
0.000112305
0.000112605
0.000112905
0.000113205
0.000113503
0.0001138
0.000114095
0.000114388
0.000114678
0.000114964
0.000115247
0.000115526
0.000115801
0.000116072
0.000116338
0.000116599
0.000116855
0.000117107
0.000117353
0.000117594
0.00011783
0.00011806
0.000118285
0.000118505
0.00011872
0.00011893
0.000119134
0.000119334
0.000119528
0.000119717
0.000119902
0.000120081
0.000120256
0.000120426
0.000120591
0.000120752
0.000120908
0.00012106
0.000121208
0.000121351
0.00012149
0.000121626
0.000121757
0.000121884
0.000122008
0.000122128
0.000122244
0.000122357
0.000122467
0.000122573
0.000122675
0.000122775
0.000122871
0.000122964
0.000123054
0.000123142
0.000123226
0.000123308
0.000123386
0.000123462
0.000123536
0.000123607
0.000123675
0.000123741
0.000123805
0.000123866
0.000123925
0.000123982
0.000124036
0.000124088
0.000124139
0.000124187
0.000124233
0.000124277
0.00012432
0.00012436
0.000124399
0.000124436
0.000124471
0.000124504
0.000124536
0.000124566
0.000124594
0.000124621
0.000124646
0.00012467
0.000124692
0.000124713
0.000124732
0.00012475
0.000124767
0.000124782
0.000124796
0.000124808
0.00012482
0.00012483
0.000124839
0.000124847
0.000124853
0.000124859
0.000124863
0.000124866
0.000124868
0.000124869
0.000124869
0.000124868
0.000124866
0.000124863
0.000124859
0.000124855
0.000124849
0.000124842
0.000124834
0.000124826
0.000124817
0.000124806
0.000124795
0.000124784
0.000124771
0.000124757
0.000124743
0.000124728
0.000124713
0.000124696
0.000124679
0.000124661
0.000124643
0.000124624
0.000124604
0.000124583
0.000124562
0.00012454
0.000124518
0.000124495
0.000124471
0.000124447
0.000124422
0.000124396
0.000124371
0.000124344
0.000124317
0.000124289
0.000124261
0.000124233
0.000124204
0.000124174
0.000124144
0.000124113
0.000124082
0.000124051
0.000124019
0.000123986
0.000123953
0.00012392
0.000123886
0.000123852
0.000123818
0.000123783
0.000123747
0.000123712
0.000123675
0.000123639
0.000123602
0.000123565
0.000123527
0.000123489
0.000123451
0.000123412
0.000123373
0.000123334
0.000123294
0.000123254
0.000123214
0.000123174
0.000123133
0.000123092
0.00012305
0.000123008
0.000122966
0.000122924
0.000122882
0.000122839
0.000122796
0.000122752
0.000122709
0.000122665
0.000122621
0.000122576
0.000122532
0.000122487
0.000122442
0.000122397
0.000122351
0.000122306
0.00012226
0.000122214
0.000122167
0.000122121
0.000122074
0.000122027
0.00012198
0.000121933
0.000121885
0.000121838
0.00012179
0.000121742
0.000121694
0.000121645
0.000121597
0.000121548
0.000121499
0.00012145
0.000121401
0.000121352
0.000121303
0.000121253
0.000121203
0.000121154
0.000121104
0.000121054
0.000121003
0.000120953
0.000120903
0.000120852
0.000120801
0.000120751
0.0001207
0.000120649
0.000120598
0.000120546
0.000120495
0.000120444
0.000120392
0.00012034
0.000120289
0.000120237
0.000120185
0.000120133
0.000120081
0.000120029
0.000119977
0.000119924
0.000119872
0.000119819
0.000119767
0.000119714
0.000119662
0.000119609
0.000119556
0.000119503
0.00011945
0.000119397
0.000119344
0.000119291
0.000119238
0.000119185
0.000119131
0.000119078
0.000119025
0.000118971
0.000118918
0.000118864
0.000118811
0.000118757
0.000118704
0.00011865
0.000118596
0.000118543
0.000118489
0.000118435
0.000118381
0.000118327
0.000118274
0.00011822
0.000118166
0.000118112
0.000118058
0.000118004
0.00011795
0.000117896
0.000117842
0.000117788
0.000117734
0.00011768
0.000117625
0.000117571
0.000117517
0.000117463
0.000117409
0.000117355
0.000117301
0.000117247
0.000117192
0.000117138
0.000117084
0.00011703
0.000116976
0.000116922
0.000116867
0.000116813
0.000116759
0.000116705
0.000116651
0.000116597
0.000116542
0.000116488
0.000116434
0.00011638
0.000116326
0.000116272
0.000116218
0.000116164
0.00011611
0.000116056
0.000116002
0.000115948
0.000115894
0.00011584
0.000115786
0.000115732
0.000115678
0.000115624
0.00011557
0.000115516
0.000115462
0.000115409
0.000115355
0.000115301
0.000115247
0.000115194
0.00011514
0.000115086
0.000115033
0.000114979
0.000114925
0.000114872
0.000114818
0.000114765
0.000114711
0.000114658
0.000114605
0.000114551
0.000114498
0.000114445
0.000114391
0.000114338
0.000114285
0.000114232
0.000114179
0.000114126
0.000114073
0.00011402
0.000113967
0.000113914
0.000113861
0.000113808
0.000113755
0.000113702
0.000113649
0.000113597
0.000113544
0.000113491
0.000113439
0.000113386
0.000113334
0.000113281
0.000113229
0.000113177
0.000113124
0.000113072
0.00011302
0.000112967
0.000112915
0.000112863
0.000112811
0.000112759
0.000112707
0.000112655
0.000112603
0.000112551
0.0001125
0.000112448
0.000112396
0.000112344
0.000112293
0.000112241
0.00011219
0.000112138
0.000112087
0.000112036
0.000111984
0.000111933
0.000111882
0.000111831
0.000111779
0.000111728
0.000111677
0.000111626
0.000111575
0.000111525
0.000111474
0.000111423
0.000111372
0.000111322
0.000111271
0.00011122
0.00011117
0.000111119
0.000111069
0.000111019
0.000110968
0.000110918
0.000110868
0.000110818
0.000110768
0.000110718
0.000110668
0.000110618
0.000110568
0.000110518
0.000110468
0.000110419
0.000110369
0.000110319
0.00011027
0.00011022
0.000110171
0.000110121
0.000110072
0.000110023
0.000109974
0.000109924
0.000109875
0.000109826
0.000109777
0.000109728
0.000109679
0.000109631
0.000109582
0.000109533
0.000109484
0.000109436
0.000109387
0.000109339
0.00010929
0.000109242
0.000109194
0.000109145
0.000109097
0.000109049
0.000109001
0.000108953
0.000108905
0.000108857
0.000108809
0.000108761
0.000108713
0.000108666
0.000108618
0.000108571
0.000108523
0.000108475
0.000108428
0.000108381
0.000108333
0.000108286
0.000108239
0.000108192
0.000108145
0.000108098
0.000108051
0.000108004
0.000107957
0.00010791
0.000107863
0.000107817
0.00010777
0.000107724
0.000107677
0.000107631
0.000107584
0.000107538
0.000107492
0.000107445
0.000107399
0.000107353
0.000107307
0.000107261
0.000107215
0.000107169
0.000107123
0.000107077
0.000107032
0.000106986
0.000106941
0.000106895
0.000106849
0.000106804
0.000106759
0.000106713
0.000106668
0.000106623
0.000106578
0.000106533
0.000106488
0.000106443
0.000106398
0.000106353
0.000106308
0.000106263
0.000106219
0.000106174
0.000106129
0.000106085
0.00010604
0.000105996
0.000105952
0.000105907
0.000105863
0.000105819
0.000105775
0.000105731
0.000105687
0.000105643
0.000105599
0.000105555
0.000105511
0.000105467
0.000105424
0.00010538
0.000105337
0.000105293
0.00010525
0.000105206
0.000105163
0.000105119
0.000105076
0.000105033
0.00010499
0.000104947
0.000104904
0.000104861
0.000104818
0.000104775
0.000104732
0.00010469
0.000104647
0.000104604
0.000104562
0.000104519
0.000104477
0.000104434
0.000104392
0.00010435
0.000104307
0.000104265
0.000104223
0.000104181
0.000104139
0.000104097
0.000104055
0.000104013
0.000103971
0.00010393
0.000103888
0.000103846
0.000103805
0.000103763
0.000103722
0.00010368
0.000103639
0.000103597
0.000103556
0.000103515
0.000103474
0.000103433
0.000103391
0.00010335
0.000103309
0.000103269
0.000103228
0.000103187
0.000103146
0.000103105
0.000103065
0.000103024
0.000102984
0.000102943
0.000102903
0.000102862
0.000102822
0.000102782
0.000102742
0.000102701
0.000102661
0.000102621
0.000102581
0.000102541
0.000102501
0.000102461
0.000102422
0.000102382
0.000102342
0.000102302
0.000102263
0.000102223
0.000102184
0.000102144
0.000102105
0.000102065
0.000102026
0.000101987
0.000101948
0.000101909
0.000101869
0.00010183
0.000101791
0.000101752
0.000101714
0.000101675
0.000101636
0.000101597
0.000101558
0.00010152
0.000101481
0.000101443
0.000101404
0.000101366
0.000101327
0.000101289
0.000101251
0.000101212
0.000101174
0.000101136
0.000101098
0.00010106
0.000101022
0.000100984
0.000100946
0.000100908
0.00010087
0.000100832
0.000100795
0.000100757
0.000100719
0.000100682
0.000100644
0.000100607
0.000100569
0.000100532
0.000100495
0.000100457
0.00010042
0.000100383
0.000100346
0.000100309
0.000100271
0.000100234
0.000100198
0.000100161
0.000100124
0.000100087
0.00010005
0.000100013
9.99767e-05
9.99401e-05
9.99035e-05
9.98669e-05
9.98304e-05
9.9794e-05
9.97576e-05
9.97212e-05
9.96849e-05
9.96486e-05
9.96124e-05
9.95762e-05
9.95401e-05
9.9504e-05
9.9468e-05
9.9432e-05
9.9396e-05
9.93601e-05
9.93243e-05
9.92885e-05
9.92527e-05
9.9217e-05
9.91813e-05
9.91457e-05
9.91101e-05
9.90745e-05
9.9039e-05
9.90036e-05
9.89682e-05
9.89328e-05
9.88975e-05
9.88622e-05
9.8827e-05
9.87918e-05
9.87566e-05
9.87215e-05
9.86865e-05
9.86515e-05
9.86165e-05
9.85816e-05
9.85467e-05
9.85118e-05
9.8477e-05
9.84423e-05
9.84076e-05
9.83729e-05
9.83383e-05
9.83037e-05
9.82692e-05
9.82347e-05
9.82002e-05
9.81658e-05
9.81315e-05
9.80971e-05
9.80629e-05
9.80286e-05
9.79944e-05
9.79603e-05
9.79262e-05
9.78921e-05
9.78581e-05
9.78241e-05
9.77901e-05
9.77562e-05
9.77224e-05
9.76886e-05
9.76548e-05
9.76211e-05
9.75874e-05
9.75537e-05
9.75201e-05
9.74865e-05
9.7453e-05
9.74195e-05
9.73861e-05
9.73527e-05
9.73193e-05
9.7286e-05
9.72527e-05
9.72195e-05
9.71863e-05
9.71531e-05
9.712e-05
9.70869e-05
9.70539e-05
9.70209e-05
9.69879e-05
9.6955e-05
9.69221e-05
9.68893e-05
9.68565e-05
9.68237e-05
9.6791e-05
9.67583e-05
9.67257e-05
9.66931e-05
9.66606e-05
9.6628e-05
9.65956e-05
9.65631e-05
9.65307e-05
9.64984e-05
9.6466e-05
9.64337e-05
9.64015e-05
9.63693e-05
9.63371e-05
9.6305e-05
9.62729e-05
9.62409e-05
9.62089e-05
9.61769e-05
9.6145e-05
9.61131e-05
9.60812e-05
9.60494e-05
9.60176e-05
9.59859e-05
9.59542e-05
9.59225e-05
9.58909e-05
9.58593e-05
9.58277e-05
9.57962e-05
9.57647e-05
9.57333e-05
9.57019e-05
9.56705e-05
9.56392e-05
9.56079e-05
9.55766e-05
9.55454e-05
9.55142e-05
9.54831e-05
9.5452e-05
9.54209e-05
9.53899e-05
9.53589e-05
9.5328e-05
9.5297e-05
9.52661e-05
9.52353e-05
9.52045e-05
9.51737e-05
9.5143e-05
9.51123e-05
9.50816e-05
9.5051e-05
9.50204e-05
9.49898e-05
9.49593e-05
9.49288e-05
9.48984e-05
9.4868e-05
9.48376e-05
9.48072e-05
9.47769e-05
9.47467e-05
9.47164e-05
9.46862e-05
9.46561e-05
9.46259e-05
9.45959e-05
9.45658e-05
9.45358e-05
9.45058e-05
9.44758e-05
9.44459e-05
9.4416e-05
9.43862e-05
9.43564e-05
9.43266e-05
9.42968e-05
9.42671e-05
9.42375e-05
9.42078e-05
9.41782e-05
9.41486e-05
9.41191e-05
9.40896e-05
9.40601e-05
9.40307e-05
9.40013e-05
9.39719e-05
9.39426e-05
9.39133e-05
9.3884e-05
9.38548e-05
9.38256e-05
9.37964e-05
9.37673e-05
9.37382e-05
9.37092e-05
9.36801e-05
9.36511e-05
9.36222e-05
9.35932e-05
9.35643e-05
9.35355e-05
9.35066e-05
9.34778e-05
9.34491e-05
9.34203e-05
9.33916e-05
9.3363e-05
9.33343e-05
9.33057e-05
9.32772e-05
9.32486e-05
9.32201e-05
9.31917e-05
9.31632e-05
9.31348e-05
9.31064e-05
9.30781e-05
9.30498e-05
9.30215e-05
9.29933e-05
9.29651e-05
9.29369e-05
9.29087e-05
9.28806e-05
9.28525e-05
9.28245e-05
9.27965e-05
9.27685e-05
9.27405e-05
9.27126e-05
9.26847e-05
9.26568e-05
9.2629e-05
9.26012e-05
9.25734e-05
9.25457e-05
9.2518e-05
9.24903e-05
9.24626e-05
9.2435e-05
9.24074e-05
9.23799e-05
9.23524e-05
9.23249e-05
9.22974e-05
9.227e-05
9.22426e-05
9.22152e-05
9.21879e-05
9.21606e-05
9.21333e-05
9.2106e-05
9.20788e-05
9.20516e-05
9.20245e-05
9.19973e-05
9.19702e-05
9.19432e-05
9.19161e-05
9.18891e-05
9.18622e-05
9.18352e-05
9.18083e-05
9.17814e-05
9.17545e-05
9.17277e-05
9.17009e-05
9.16741e-05
9.16474e-05
9.16207e-05
9.1594e-05
9.15674e-05
9.15407e-05
9.15141e-05
9.14876e-05
9.14611e-05
9.14345e-05
9.14081e-05
9.13816e-05
9.13552e-05
9.13288e-05
9.13025e-05
9.12761e-05
9.12498e-05
9.12235e-05
9.11973e-05
9.11711e-05
9.11449e-05
9.11187e-05
9.10926e-05
9.10665e-05
9.10404e-05
9.10144e-05
9.09883e-05
9.09624e-05
9.09364e-05
9.09105e-05
9.08846e-05
9.08587e-05
9.08328e-05
9.0807e-05
9.07812e-05
9.07554e-05
9.07297e-05
9.0704e-05
9.06783e-05
9.06527e-05
9.0627e-05
9.06014e-05
9.05759e-05
9.05503e-05
9.05248e-05
9.04993e-05
9.04738e-05
9.04484e-05
9.0423e-05
9.03976e-05
9.03723e-05
9.03469e-05
9.03216e-05
9.02964e-05
9.02711e-05
9.02459e-05
9.02207e-05
9.01955e-05
9.01704e-05
9.01453e-05
9.01202e-05
9.00951e-05
9.00701e-05
9.00451e-05
9.00201e-05
8.99952e-05
8.99702e-05
8.99453e-05
8.99205e-05
8.98956e-05
8.98708e-05
8.9846e-05
8.98212e-05
8.97965e-05
8.97718e-05
8.97471e-05
8.97224e-05
8.96978e-05
8.96732e-05
8.96486e-05
8.9624e-05
8.95995e-05
8.9575e-05
8.95505e-05
8.95261e-05
8.95016e-05
8.94772e-05
8.94528e-05
8.94285e-05
8.94041e-05
8.93798e-05
8.93556e-05
8.93313e-05
8.93071e-05
8.92829e-05
8.92587e-05
8.92346e-05
8.92104e-05
8.91863e-05
8.91622e-05
8.91382e-05
8.91142e-05
8.90902e-05
8.90662e-05
8.90422e-05
8.90183e-05
8.89944e-05
8.89705e-05
8.89467e-05
8.89228e-05
8.8899e-05
8.88753e-05
8.88515e-05
8.88278e-05
8.88041e-05
8.87804e-05
8.87567e-05
8.87331e-05
8.87095e-05
8.86859e-05
8.86623e-05
8.86388e-05
8.86153e-05
8.85918e-05
8.85684e-05
8.85449e-05
8.85215e-05
8.84981e-05
8.84747e-05
8.84514e-05
8.84281e-05
8.84048e-05
8.83815e-05
8.83583e-05
8.8335e-05
8.83118e-05
8.82887e-05
8.82655e-05
8.82424e-05
8.82193e-05
8.81962e-05
8.81731e-05
8.81501e-05
8.81271e-05
8.81041e-05
8.80811e-05
8.80582e-05
8.80352e-05
8.80124e-05
8.79895e-05
8.79666e-05
8.79438e-05
8.7921e-05
8.78982e-05
8.78755e-05
8.78527e-05
8.783e-05
8.78073e-05
8.77846e-05
8.7762e-05
8.77394e-05
8.77168e-05
8.76942e-05
8.76716e-05
8.76491e-05
8.76266e-05
8.76041e-05
8.75817e-05
8.75592e-05
8.75368e-05
8.75144e-05
8.7492e-05
8.74697e-05
8.74473e-05
8.7425e-05
8.74028e-05
8.73805e-05
8.73583e-05
8.7336e-05
8.73138e-05
8.72917e-05
8.72695e-05
8.72474e-05
8.72253e-05
8.72032e-05
8.71811e-05
8.71591e-05
8.71371e-05
8.71151e-05
8.70931e-05
8.70711e-05
8.70492e-05
8.70273e-05
8.70054e-05
8.69835e-05
8.69617e-05
8.69398e-05
8.6918e-05
8.68962e-05
8.68745e-05
8.68527e-05
8.6831e-05
8.68093e-05
8.67876e-05
8.6766e-05
8.67444e-05
8.67227e-05
8.67012e-05
8.66796e-05
8.6658e-05
8.66365e-05
8.6615e-05
8.65935e-05
8.6572e-05
8.65506e-05
8.65292e-05
8.65078e-05
8.64864e-05
8.6465e-05
8.64437e-05
8.64224e-05
8.64011e-05
8.63798e-05
8.63585e-05
8.63373e-05
8.63161e-05
8.62949e-05
8.62737e-05
8.62525e-05
8.62314e-05
8.62103e-05
8.61892e-05
8.61681e-05
8.61471e-05
8.6126e-05
8.6105e-05
8.6084e-05
8.60631e-05
8.60421e-05
8.60212e-05
8.60003e-05
8.59794e-05
8.59585e-05
8.59376e-05
8.59168e-05
8.5896e-05
8.58752e-05
8.58544e-05
8.58337e-05
8.58129e-05
8.57922e-05
8.57715e-05
8.57509e-05
8.57302e-05
8.57096e-05
8.5689e-05
8.56684e-05
8.56478e-05
8.56272e-05
8.56067e-05
8.55862e-05
8.55657e-05
8.55452e-05
8.55247e-05
8.55043e-05
8.54839e-05
8.54635e-05
8.54431e-05
8.54227e-05
8.54024e-05
8.53821e-05
8.53618e-05
8.53415e-05
8.53212e-05
8.5301e-05
8.52807e-05
8.52605e-05
8.52404e-05
8.52202e-05
8.52e-05
8.51799e-05
8.51598e-05
8.51397e-05
8.51196e-05
8.50996e-05
8.50795e-05
8.50595e-05
8.50395e-05
8.50195e-05
8.49996e-05
8.49796e-05
8.49597e-05
8.49398e-05
8.49199e-05
8.49e-05
8.48802e-05
8.48603e-05
8.48405e-05
8.48207e-05
8.48009e-05
8.47812e-05
8.47614e-05
8.47417e-05
8.4722e-05
8.47023e-05
8.46827e-05
8.4663e-05
8.46434e-05
8.46238e-05
8.46042e-05
8.45846e-05
8.4565e-05
8.45455e-05
8.4526e-05
8.45065e-05
8.4487e-05
8.44675e-05
8.44481e-05
8.44286e-05
8.44092e-05
8.43898e-05
8.43704e-05
8.43511e-05
8.43317e-05
8.43124e-05
8.42931e-05
8.42738e-05
8.42545e-05
8.42353e-05
8.4216e-05
8.41968e-05
8.41776e-05
8.41584e-05
8.41393e-05
8.41201e-05
8.4101e-05
8.40819e-05
8.40628e-05
8.40437e-05
8.40246e-05
8.40056e-05
8.39866e-05
8.39675e-05
8.39486e-05
8.39296e-05
8.39106e-05
8.38917e-05
8.38728e-05
8.38538e-05
8.3835e-05
8.38161e-05
8.37972e-05
8.37784e-05
8.37596e-05
8.37408e-05
8.3722e-05
8.37032e-05
8.36845e-05
8.36657e-05
8.3647e-05
8.36283e-05
8.36096e-05
8.35909e-05
8.35723e-05
8.35536e-05
8.3535e-05
8.35164e-05
8.34978e-05
8.34793e-05
8.34607e-05
8.34422e-05
8.34237e-05
8.34052e-05
8.33867e-05
8.33682e-05
8.33498e-05
8.33313e-05
8.33129e-05
8.32945e-05
8.32761e-05
8.32577e-05
8.32394e-05
8.32211e-05
8.32027e-05
8.31844e-05
8.31661e-05
8.31479e-05
8.31296e-05
8.31114e-05
8.30931e-05
8.30749e-05
8.30567e-05
8.30386e-05
8.30204e-05
8.30023e-05
8.29841e-05
8.2966e-05
8.29479e-05
8.29299e-05
8.29118e-05
8.28938e-05
8.28757e-05
8.28577e-05
8.28397e-05
8.28217e-05
8.28038e-05
8.27858e-05
8.27679e-05
8.275e-05
8.27321e-05
8.27142e-05
8.26963e-05
8.26784e-05
8.26606e-05
8.26428e-05
8.2625e-05
8.26072e-05
8.25894e-05
8.25716e-05
8.25539e-05
8.25361e-05
8.25184e-05
8.25007e-05
8.2483e-05
8.24654e-05
8.24477e-05
8.24301e-05
8.24125e-05
8.23948e-05
8.23773e-05
8.23597e-05
8.23421e-05
8.23246e-05
8.2307e-05
8.22895e-05
8.2272e-05
8.22545e-05
8.22371e-05
8.22196e-05
8.22022e-05
8.21847e-05
8.21673e-05
8.21499e-05
8.21326e-05
8.21152e-05
8.20978e-05
8.20805e-05
8.20632e-05
8.20459e-05
8.20286e-05
8.20113e-05
8.19941e-05
8.19768e-05
8.19596e-05
8.19424e-05
8.19252e-05
8.1908e-05
8.18908e-05
8.18736e-05
8.18565e-05
8.18394e-05
8.18223e-05
8.18052e-05
8.17881e-05
8.1771e-05
8.1754e-05
8.17369e-05
8.17199e-05
8.17029e-05
8.16859e-05
8.16689e-05
8.16519e-05
8.1635e-05
8.16181e-05
8.16011e-05
8.15842e-05
8.15673e-05
8.15505e-05
8.15336e-05
8.15167e-05
8.14999e-05
8.14831e-05
8.14663e-05
8.14495e-05
8.14327e-05
8.14159e-05
8.13992e-05
8.13824e-05
8.13657e-05
8.1349e-05
8.13323e-05
8.13156e-05
8.1299e-05
8.12823e-05
8.12657e-05
8.12491e-05
8.12324e-05
8.12159e-05
8.11993e-05
8.11827e-05
8.11661e-05
8.11496e-05
8.11331e-05
8.11166e-05
8.11001e-05
8.10836e-05
8.10671e-05
8.10507e-05
8.10342e-05
8.10178e-05
8.10014e-05
8.0985e-05
8.09686e-05
8.09522e-05
8.09359e-05
8.09195e-05
8.09032e-05
8.08869e-05
8.08705e-05
8.08543e-05
8.0838e-05
8.08217e-05
8.08055e-05
8.07892e-05
8.0773e-05
8.07568e-05
8.07406e-05
8.07244e-05
8.07082e-05
8.06921e-05
8.06759e-05
8.06598e-05
8.06437e-05
8.06276e-05
8.06115e-05
8.05954e-05
8.05794e-05
8.05633e-05
8.05473e-05
8.05313e-05
8.05152e-05
8.04992e-05
8.04833e-05
8.04673e-05
8.04513e-05
8.04354e-05
8.04195e-05
8.04035e-05
8.03876e-05
8.03718e-05
8.03559e-05
8.034e-05
8.03242e-05
8.03083e-05
8.02925e-05
8.02767e-05
8.02609e-05
8.02451e-05
8.02293e-05
8.02136e-05
8.01978e-05
8.01821e-05
8.01664e-05
8.01506e-05
8.0135e-05
8.01193e-05
8.01036e-05
8.00879e-05
8.00723e-05
8.00567e-05
8.0041e-05
8.00254e-05
8.00098e-05
7.99943e-05
7.99787e-05
7.99631e-05
7.99476e-05
7.99321e-05
7.99165e-05
7.9901e-05
7.98856e-05
7.98701e-05
7.98546e-05
7.98391e-05
7.98237e-05
7.98083e-05
7.97929e-05
7.97775e-05
7.97621e-05
7.97467e-05
7.97313e-05
7.9716e-05
7.97006e-05
7.96853e-05
7.967e-05
7.96547e-05
7.96394e-05
7.96241e-05
7.96088e-05
7.95936e-05
7.95783e-05
7.95631e-05
7.95479e-05
7.95327e-05
7.95175e-05
7.95023e-05
7.94871e-05
7.9472e-05
7.94568e-05
7.94417e-05
7.94266e-05
7.94115e-05
7.93964e-05
7.93813e-05
7.93662e-05
7.93511e-05
7.93361e-05
7.93211e-05
7.9306e-05
7.9291e-05
7.9276e-05
7.9261e-05
7.92461e-05
7.92311e-05
7.92161e-05
7.92012e-05
7.91863e-05
7.91714e-05
7.91564e-05
7.91416e-05
7.91267e-05
7.91118e-05
7.90969e-05
7.90821e-05
7.90673e-05
7.90524e-05
7.90376e-05
7.90228e-05
7.90081e-05
7.89933e-05
7.89785e-05
7.89638e-05
7.8949e-05
7.89343e-05
7.89196e-05
7.89049e-05
7.88902e-05
7.88755e-05
7.88608e-05
7.88462e-05
7.88315e-05
7.88169e-05
7.88023e-05
7.87877e-05
7.87731e-05
7.87585e-05
7.87439e-05
7.87293e-05
7.87148e-05
7.87002e-05
7.86857e-05
7.86712e-05
7.86567e-05
7.86422e-05
7.86277e-05
7.86132e-05
7.85987e-05
7.85843e-05
7.85698e-05
7.85554e-05
7.8541e-05
7.85266e-05
7.85122e-05
7.84978e-05
7.84834e-05
7.84691e-05
7.84547e-05
7.84404e-05
7.84261e-05
7.84117e-05
7.83974e-05
7.83831e-05
7.83689e-05
7.83546e-05
7.83403e-05
7.83261e-05
7.83118e-05
7.82976e-05
7.82834e-05
7.82692e-05
7.8255e-05
7.82408e-05
7.82266e-05
7.82125e-05
7.81983e-05
7.81842e-05
7.81701e-05
7.81559e-05
7.81418e-05
7.81277e-05
7.81136e-05
7.80996e-05
7.80855e-05
7.80715e-05
7.80574e-05
7.80434e-05
7.80294e-05
7.80154e-05
7.80014e-05
7.79874e-05
7.79734e-05
7.79594e-05
7.79455e-05
7.79315e-05
7.79176e-05
7.79037e-05
7.78898e-05
7.78759e-05
7.7862e-05
7.78481e-05
7.78342e-05
7.78204e-05
7.78065e-05
7.77927e-05
7.77789e-05
7.7765e-05
7.77512e-05
7.77374e-05
7.77236e-05
7.77099e-05
7.76961e-05
7.76824e-05
7.76686e-05
7.76549e-05
7.76412e-05
7.76275e-05
7.76138e-05
7.76001e-05
7.75864e-05
7.75727e-05
7.75591e-05
7.75454e-05
7.75318e-05
7.75181e-05
7.75045e-05
7.74909e-05
7.74773e-05
7.74637e-05
7.74502e-05
7.74366e-05
7.7423e-05
7.74095e-05
7.7396e-05
7.73824e-05
7.73689e-05
7.73554e-05
7.73419e-05
7.73284e-05
7.7315e-05
7.73015e-05
7.72881e-05
7.72746e-05
7.72612e-05
7.72478e-05
7.72343e-05
7.72209e-05
7.72076e-05
7.71942e-05
7.71808e-05
7.71674e-05
7.71541e-05
7.71407e-05
7.71274e-05
7.71141e-05
7.71008e-05
7.70875e-05
7.70742e-05
7.70609e-05
7.70476e-05
7.70344e-05
7.70211e-05
7.70079e-05
7.69947e-05
7.69814e-05
7.69682e-05
7.6955e-05
7.69418e-05
7.69286e-05
7.69155e-05
7.69023e-05
7.68892e-05
7.6876e-05
7.68629e-05
7.68498e-05
7.68366e-05
7.68235e-05
7.68104e-05
7.67974e-05
7.67843e-05
7.67712e-05
7.67582e-05
7.67451e-05
7.67321e-05
7.67191e-05
7.67061e-05
7.6693e-05
7.66801e-05
7.66671e-05
7.66541e-05
7.66411e-05
7.66282e-05
7.66152e-05
7.66023e-05
7.65893e-05
7.65764e-05
7.65635e-05
7.65506e-05
7.65377e-05
7.65248e-05
7.6512e-05
7.64991e-05
7.64863e-05
7.64734e-05
7.64606e-05
7.64478e-05
7.64349e-05
7.64221e-05
7.64093e-05
7.63966e-05
7.63838e-05
7.6371e-05
7.63583e-05
7.63455e-05
7.63328e-05
7.632e-05
7.63073e-05
7.62946e-05
7.62819e-05
7.62692e-05
7.62565e-05
7.62439e-05
7.62312e-05
7.62185e-05
7.62059e-05
7.61933e-05
7.61806e-05
7.6168e-05
7.61554e-05
7.61428e-05
7.61302e-05
7.61176e-05
7.61051e-05
7.60925e-05
7.60799e-05
7.60674e-05
7.60549e-05
7.60423e-05
7.60298e-05
7.60173e-05
7.60048e-05
7.59923e-05
7.59799e-05
7.59674e-05
7.59549e-05
7.59425e-05
7.593e-05
7.59176e-05
7.59052e-05
7.58927e-05
7.58803e-05
7.58679e-05
7.58555e-05
7.58432e-05
7.58308e-05
7.58184e-05
7.58061e-05
7.57937e-05
7.57814e-05
7.57691e-05
7.57568e-05
7.57444e-05
7.57321e-05
7.57199e-05
7.57076e-05
7.56953e-05
7.5683e-05
7.56708e-05
7.56585e-05
7.56463e-05
7.56341e-05
7.56218e-05
7.56096e-05
7.55974e-05
7.55852e-05
7.55731e-05
7.55609e-05
7.55487e-05
7.55366e-05
7.55244e-05
7.55123e-05
7.55001e-05
7.5488e-05
7.54759e-05
7.54638e-05
7.54517e-05
7.54396e-05
7.54275e-05
7.54154e-05
7.54034e-05
7.53913e-05
7.53793e-05
7.53672e-05
7.53552e-05
7.53432e-05
7.53312e-05
7.53192e-05
7.53072e-05
7.52952e-05
7.52832e-05
7.52713e-05
7.52593e-05
7.52474e-05
7.52354e-05
7.52235e-05
7.52116e-05
7.51996e-05
7.51877e-05
7.51758e-05
7.51639e-05
7.51521e-05
7.51402e-05
7.51283e-05
7.51165e-05
7.51046e-05
7.50928e-05
7.50809e-05
7.50691e-05
7.50573e-05
7.50455e-05
7.50337e-05
7.50219e-05
7.50101e-05
7.49983e-05
7.49866e-05
7.49748e-05
7.49631e-05
7.49513e-05
7.49396e-05
7.49279e-05
7.49162e-05
7.49045e-05
7.48928e-05
7.48811e-05
7.48694e-05
7.48577e-05
7.4846e-05
7.48344e-05
7.48227e-05
7.48111e-05
7.47995e-05
7.47878e-05
7.47762e-05
7.47646e-05
7.4753e-05
7.47414e-05
7.47298e-05
7.47183e-05
7.47067e-05
7.46951e-05
7.46836e-05
7.4672e-05
7.46605e-05
7.4649e-05
7.46375e-05
7.4626e-05
7.46145e-05
7.4603e-05
7.45915e-05
7.458e-05
7.45685e-05
7.45571e-05
7.45456e-05
7.45342e-05
7.45227e-05
7.45113e-05
7.44999e-05
7.44885e-05
7.44771e-05
7.44657e-05
7.44543e-05
7.44429e-05
7.44315e-05
7.44201e-05
7.44088e-05
7.43974e-05
7.43861e-05
7.43748e-05
7.43634e-05
7.43521e-05
7.43408e-05
7.43295e-05
7.43182e-05
7.43069e-05
7.42956e-05
7.42844e-05
7.42731e-05
7.42618e-05
7.42506e-05
7.42394e-05
7.42281e-05
7.42169e-05
7.42057e-05
7.41945e-05
7.41833e-05
7.41721e-05
7.41609e-05
7.41497e-05
7.41385e-05
7.41274e-05
7.41162e-05
7.41051e-05
7.40939e-05
7.40828e-05
7.40717e-05
7.40606e-05
7.40495e-05
7.40384e-05
7.40273e-05
7.40162e-05
7.40051e-05
7.3994e-05
7.3983e-05
7.39719e-05
7.39609e-05
7.39498e-05
7.39388e-05
7.39278e-05
7.39168e-05
7.39057e-05
7.38947e-05
7.38837e-05
7.38728e-05
7.38618e-05
7.38508e-05
7.38398e-05
7.38289e-05
7.38179e-05
7.3807e-05
7.37961e-05
7.37851e-05
7.37742e-05
7.37633e-05
7.37524e-05
7.37415e-05
7.37306e-05
7.37197e-05
7.37089e-05
7.3698e-05
7.36871e-05
7.36763e-05
7.36654e-05
7.36546e-05
7.36438e-05
7.3633e-05
7.36221e-05
7.36113e-05
7.36005e-05
7.35897e-05
7.3579e-05
7.35682e-05
7.35574e-05
7.35466e-05
7.35359e-05
7.35251e-05
7.35144e-05
7.35037e-05
7.34929e-05
7.34822e-05
7.34715e-05
7.34608e-05
7.34501e-05
7.34394e-05
7.34287e-05
7.34181e-05
7.34074e-05
7.33967e-05
7.33861e-05
7.33754e-05
7.33648e-05
7.33542e-05
7.33435e-05
7.33329e-05
7.33223e-05
7.33117e-05
7.33011e-05
7.32905e-05
7.32799e-05
7.32694e-05
7.32588e-05
7.32482e-05
7.32377e-05
7.32271e-05
7.32166e-05
7.32061e-05
7.31955e-05
7.3185e-05
7.31745e-05
7.3164e-05
7.31535e-05
7.3143e-05
7.31325e-05
7.31221e-05
7.31116e-05
7.31011e-05
7.30907e-05
7.30802e-05
7.30698e-05
7.30593e-05
7.30489e-05
7.30385e-05
7.30281e-05
7.30177e-05
7.30073e-05
7.29969e-05
7.29865e-05
7.29761e-05
7.29658e-05
7.29554e-05
7.2945e-05
7.29347e-05
7.29244e-05
7.2914e-05
7.29037e-05
7.28934e-05
7.28831e-05
7.28727e-05
7.28624e-05
7.28522e-05
7.28419e-05
7.28316e-05
7.28213e-05
7.2811e-05
7.28008e-05
7.27905e-05
7.27803e-05
7.277e-05
7.27598e-05
7.27496e-05
7.27394e-05
7.27292e-05
7.2719e-05
7.27088e-05
7.26986e-05
7.26884e-05
7.26782e-05
7.2668e-05
7.26579e-05
7.26477e-05
7.26376e-05
7.26274e-05
7.26173e-05
7.26071e-05
7.2597e-05
7.25869e-05
7.25768e-05
7.25667e-05
7.25566e-05
7.25465e-05
7.25364e-05
7.25263e-05
7.25163e-05
7.25062e-05
7.24961e-05
7.24861e-05
7.2476e-05
7.2466e-05
7.2456e-05
7.2446e-05
7.24359e-05
7.24259e-05
7.24159e-05
7.24059e-05
7.23959e-05
7.2386e-05
7.2376e-05
7.2366e-05
7.2356e-05
7.23461e-05
7.23361e-05
7.23262e-05
7.23162e-05
7.23063e-05
7.22964e-05
7.22865e-05
7.22766e-05
7.22667e-05
7.22568e-05
7.22469e-05
7.2237e-05
7.22271e-05
7.22172e-05
7.22074e-05
7.21975e-05
7.21876e-05
7.21778e-05
7.2168e-05
7.21581e-05
7.21483e-05
7.21385e-05
7.21287e-05
7.21188e-05
7.2109e-05
7.20992e-05
7.20895e-05
7.20797e-05
7.20699e-05
7.20601e-05
7.20504e-05
7.20406e-05
7.20309e-05
7.20211e-05
7.20114e-05
7.20016e-05
7.19919e-05
7.19822e-05
7.19725e-05
7.19628e-05
7.19531e-05
7.19434e-05
7.19337e-05
7.1924e-05
7.19143e-05
7.19047e-05
7.1895e-05
7.18854e-05
7.18757e-05
7.18661e-05
7.18564e-05
7.18468e-05
7.18372e-05
7.18275e-05
7.18179e-05
7.18083e-05
7.17987e-05
7.17891e-05
7.17796e-05
7.177e-05
7.17604e-05
7.17508e-05
7.17413e-05
7.17317e-05
7.17222e-05
7.17126e-05
7.17031e-05
7.16935e-05
7.1684e-05
7.16745e-05
7.1665e-05
7.16555e-05
7.1646e-05
7.16365e-05
7.1627e-05
7.16175e-05
7.1608e-05
7.15986e-05
7.15891e-05
7.15796e-05
7.15702e-05
7.15607e-05
7.15513e-05
7.15419e-05
7.15324e-05
7.1523e-05
7.15136e-05
7.15042e-05
7.14948e-05
7.14854e-05
7.1476e-05
7.14666e-05
7.14572e-05
7.14479e-05
7.14385e-05
7.14291e-05
7.14198e-05
7.14104e-05
7.14011e-05
7.13918e-05
7.13824e-05
7.13731e-05
7.13638e-05
7.13545e-05
7.13452e-05
7.13359e-05
7.13266e-05
7.13173e-05
7.1308e-05
7.12987e-05
7.12895e-05
7.12802e-05
7.12709e-05
7.12617e-05
7.12524e-05
7.12432e-05
7.1234e-05
7.12247e-05
7.12155e-05
7.12063e-05
7.11971e-05
7.11879e-05
7.11787e-05
7.11695e-05
7.11603e-05
7.11511e-05
7.11419e-05
7.11327e-05
7.11236e-05
7.11144e-05
7.11053e-05
7.10961e-05
7.1087e-05
7.10778e-05
7.10687e-05
7.10596e-05
7.10505e-05
7.10414e-05
7.10323e-05
7.10231e-05
7.10141e-05
7.1005e-05
7.09959e-05
7.09868e-05
7.09777e-05
7.09687e-05
7.09596e-05
7.09505e-05
7.09415e-05
7.09325e-05
7.09234e-05
7.09144e-05
7.09054e-05
7.08963e-05
7.08873e-05
7.08783e-05
7.08693e-05
7.08603e-05
7.08513e-05
7.08423e-05
7.08333e-05
7.08244e-05
7.08154e-05
7.08064e-05
7.07975e-05
7.07885e-05
7.07796e-05
7.07706e-05
7.07617e-05
7.07528e-05
7.07439e-05
7.07349e-05
7.0726e-05
7.07171e-05
7.07082e-05
7.06993e-05
7.06904e-05
7.06815e-05
7.06727e-05
7.06638e-05
7.06549e-05
7.06461e-05
7.06372e-05
7.06283e-05
7.06195e-05
7.06107e-05
7.06018e-05
7.0593e-05
7.05842e-05
7.05754e-05
7.05665e-05
7.05577e-05
7.05489e-05
7.05401e-05
7.05313e-05
7.05226e-05
7.05138e-05
7.0505e-05
7.04962e-05
7.04875e-05
7.04787e-05
7.047e-05
7.04612e-05
7.04525e-05
7.04437e-05
7.0435e-05
7.04263e-05
7.04176e-05
7.04088e-05
7.04001e-05
7.03914e-05
7.03827e-05
7.0374e-05
7.03654e-05
7.03567e-05
7.0348e-05
7.03393e-05
7.03307e-05
7.0322e-05
7.03134e-05
7.03047e-05
7.02961e-05
7.02874e-05
7.02788e-05
7.02702e-05
7.02615e-05
7.02529e-05
7.02443e-05
7.02357e-05
7.02271e-05
7.02185e-05
7.02099e-05
7.02013e-05
7.01928e-05
7.01842e-05
7.01756e-05
7.0167e-05
7.01585e-05
7.01499e-05
7.01414e-05
7.01328e-05
7.01243e-05
7.01158e-05
7.01073e-05
7.00987e-05
7.00902e-05
7.00817e-05
7.00732e-05
7.00647e-05
7.00562e-05
7.00477e-05
7.00392e-05
7.00308e-05
7.00223e-05
7.00138e-05
7.00053e-05
6.99969e-05
6.99884e-05
6.998e-05
6.99715e-05
6.99631e-05
6.99547e-05
6.99462e-05
6.99378e-05
6.99294e-05
6.9921e-05
6.99126e-05
6.99042e-05
6.98958e-05
6.98874e-05
6.9879e-05
6.98706e-05
6.98623e-05
6.98539e-05
6.98455e-05
6.98372e-05
6.98288e-05
6.98205e-05
6.98121e-05
6.98038e-05
6.97954e-05
6.97871e-05
6.97788e-05
6.97705e-05
6.97622e-05
6.97539e-05
6.97456e-05
6.97373e-05
6.9729e-05
6.97207e-05
6.97124e-05
6.97041e-05
6.96958e-05
6.96876e-05
6.96793e-05
6.96711e-05
6.96628e-05
6.96546e-05
6.96463e-05
6.96381e-05
6.96298e-05
6.96216e-05
6.96134e-05
6.96052e-05
6.9597e-05
6.95888e-05
6.95805e-05
6.95724e-05
6.95642e-05
6.9556e-05
6.95478e-05
6.95396e-05
6.95314e-05
6.95233e-05
6.95151e-05
6.9507e-05
6.94988e-05
6.94907e-05
6.94825e-05
6.94744e-05
6.94662e-05
6.94581e-05
6.945e-05
6.94419e-05
6.94338e-05
6.94256e-05
6.94175e-05
6.94094e-05
6.94014e-05
6.93933e-05
6.93852e-05
6.93771e-05
6.9369e-05
6.9361e-05
6.93529e-05
6.93448e-05
6.93368e-05
6.93287e-05
6.93207e-05
6.93127e-05
6.93046e-05
6.92966e-05
6.92886e-05
6.92805e-05
6.92725e-05
6.92645e-05
6.92565e-05
6.92485e-05
6.92405e-05
6.92325e-05
6.92245e-05
6.92166e-05
6.92086e-05
6.92006e-05
6.91926e-05
6.91847e-05
6.91767e-05
6.91688e-05
6.91608e-05
6.91529e-05
6.91449e-05
6.9137e-05
6.91291e-05
6.91212e-05
6.91132e-05
6.91053e-05
6.90974e-05
6.90895e-05
6.90816e-05
6.90737e-05
6.90658e-05
6.90579e-05
6.90501e-05
6.90422e-05
6.90343e-05
6.90264e-05
6.90186e-05
6.90107e-05
6.90029e-05
6.8995e-05
6.89872e-05
6.89793e-05
6.89715e-05
6.89637e-05
6.89559e-05
6.8948e-05
6.89402e-05
6.89324e-05
6.89246e-05
6.89168e-05
6.8909e-05
6.89012e-05
6.88934e-05
6.88856e-05
6.88779e-05
6.88701e-05
6.88623e-05
6.88546e-05
6.88468e-05
6.88391e-05
6.88313e-05
6.88236e-05
6.88158e-05
6.88081e-05
6.88003e-05
6.87926e-05
6.87849e-05
6.87772e-05
6.87695e-05
6.87618e-05
6.87541e-05
6.87464e-05
6.87387e-05
6.8731e-05
6.87233e-05
6.87156e-05
6.87079e-05
6.87003e-05
6.86926e-05
6.86849e-05
6.86773e-05
6.86696e-05
6.8662e-05
6.86543e-05
6.86467e-05
6.86391e-05
6.86314e-05
6.86238e-05
6.86162e-05
6.86086e-05
6.86009e-05
6.85933e-05
6.85857e-05
6.85781e-05
6.85705e-05
6.85629e-05
6.85554e-05
6.85478e-05
6.85402e-05
6.85326e-05
6.85251e-05
6.85175e-05
6.85099e-05
6.85024e-05
6.84948e-05
6.84873e-05
6.84798e-05
6.84722e-05
6.84647e-05
6.84572e-05
6.84496e-05
6.84421e-05
6.84346e-05
6.84271e-05
6.84196e-05
6.84121e-05
6.84046e-05
6.83971e-05
6.83896e-05
6.83821e-05
6.83747e-05
6.83672e-05
6.83597e-05
6.83522e-05
6.83448e-05
6.83373e-05
6.83299e-05
6.83224e-05
6.8315e-05
6.83075e-05
6.83001e-05
6.82927e-05
6.82853e-05
6.82778e-05
6.82704e-05
6.8263e-05
6.82556e-05
6.82482e-05
6.82408e-05
6.82334e-05
6.8226e-05
6.82186e-05
6.82112e-05
6.82039e-05
6.81965e-05
6.81891e-05
6.81817e-05
6.81744e-05
6.8167e-05
6.81597e-05
6.81523e-05
6.8145e-05
6.81376e-05
6.81303e-05
6.8123e-05
6.81157e-05
6.81083e-05
6.8101e-05
6.80937e-05
6.80864e-05
6.80791e-05
6.80718e-05
6.80645e-05
6.80572e-05
6.80499e-05
6.80426e-05
6.80353e-05
6.80281e-05
6.80208e-05
6.80135e-05
6.80063e-05
6.7999e-05
6.79918e-05
6.79845e-05
6.79773e-05
6.797e-05
6.79628e-05
6.79556e-05
6.79483e-05
6.79411e-05
6.79339e-05
6.79267e-05
6.79195e-05
6.79122e-05
6.7905e-05
6.78978e-05
6.78906e-05
6.78835e-05
6.78763e-05
6.78691e-05
6.78619e-05
6.78547e-05
6.78476e-05
6.78404e-05
6.78332e-05
6.78261e-05
6.78189e-05
6.78118e-05
6.78046e-05
6.77975e-05
6.77904e-05
6.77832e-05
6.77761e-05
6.7769e-05
6.77618e-05
6.77547e-05
6.77476e-05
6.77405e-05
6.77334e-05
6.77263e-05
6.77192e-05
6.77121e-05
6.7705e-05
6.76979e-05
6.76909e-05
6.76838e-05
6.76767e-05
6.76697e-05
6.76626e-05
6.76555e-05
6.76485e-05
6.76414e-05
6.76344e-05
6.76273e-05
6.76203e-05
6.76133e-05
6.76062e-05
6.75992e-05
6.75922e-05
6.75852e-05
6.75782e-05
6.75711e-05
6.75641e-05
6.75571e-05
6.75501e-05
6.75431e-05
6.75362e-05
6.75292e-05
6.75222e-05
6.75152e-05
6.75082e-05
6.75013e-05
6.74943e-05
6.74873e-05
6.74804e-05
6.74734e-05
6.74665e-05
6.74595e-05
6.74526e-05
6.74457e-05
6.74387e-05
6.74318e-05
6.74249e-05
6.74179e-05
6.7411e-05
6.74041e-05
6.73972e-05
6.73903e-05
6.73834e-05
6.73765e-05
6.73696e-05
6.73627e-05
6.73558e-05
6.73489e-05
6.73421e-05
6.73352e-05
6.73283e-05
6.73215e-05
6.73146e-05
6.73077e-05
6.73009e-05
6.7294e-05
6.72872e-05
6.72803e-05
6.72735e-05
6.72667e-05
6.72598e-05
6.7253e-05
6.72462e-05
6.72394e-05
6.72325e-05
6.72257e-05
6.72189e-05
6.72121e-05
6.72053e-05
6.71985e-05
6.71917e-05
6.71849e-05
6.71782e-05
6.71714e-05
6.71646e-05
6.71578e-05
6.71511e-05
6.71443e-05
6.71375e-05
6.71308e-05
6.7124e-05
6.71173e-05
6.71105e-05
6.71038e-05
6.7097e-05
6.70903e-05
6.70836e-05
6.70768e-05
6.70701e-05
6.70634e-05
6.70567e-05
6.705e-05
6.70433e-05
6.70366e-05
6.70299e-05
6.70232e-05
6.70165e-05
6.70098e-05
6.70031e-05
6.69964e-05
6.69897e-05
6.69831e-05
6.69764e-05
6.69697e-05
6.69631e-05
6.69564e-05
6.69497e-05
6.69431e-05
6.69364e-05
6.69298e-05
6.69232e-05
6.69165e-05
6.69099e-05
6.69033e-05
6.68966e-05
6.689e-05
6.68834e-05
6.68768e-05
6.68702e-05
6.68636e-05
6.6857e-05
6.68504e-05
6.68438e-05
6.68372e-05
6.68306e-05
6.6824e-05
6.68174e-05
6.68108e-05
6.68043e-05
6.67977e-05
6.67911e-05
6.67846e-05
6.6778e-05
6.67715e-05
6.67649e-05
6.67584e-05
6.67518e-05
6.67453e-05
6.67387e-05
6.67322e-05
6.67257e-05
6.67192e-05
6.67126e-05
6.67061e-05
6.66996e-05
6.66931e-05
6.66866e-05
6.66801e-05
6.66736e-05
6.66671e-05
6.66606e-05
6.66541e-05
6.66476e-05
6.66411e-05
6.66347e-05
6.66282e-05
6.66217e-05
6.66153e-05
6.66088e-05
6.66023e-05
6.65959e-05
6.65894e-05
6.6583e-05
6.65765e-05
6.65701e-05
6.65636e-05
6.65572e-05
6.65508e-05
6.65444e-05
6.65379e-05
6.65315e-05
6.65251e-05
6.65187e-05
6.65123e-05
6.65059e-05
6.64995e-05
6.64931e-05
6.64867e-05
6.64803e-05
6.64739e-05
6.64675e-05
6.64611e-05
6.64547e-05
6.64484e-05
6.6442e-05
6.64356e-05
6.64293e-05
6.64229e-05
6.64166e-05
6.64102e-05
6.64039e-05
6.63975e-05
6.63912e-05
6.63848e-05
6.63785e-05
6.63722e-05
6.63658e-05
6.63595e-05
6.63532e-05
6.63469e-05
6.63406e-05
6.63343e-05
6.63279e-05
6.63216e-05
6.63153e-05
6.6309e-05
6.63028e-05
6.62965e-05
6.62902e-05
6.62839e-05
6.62776e-05
6.62713e-05
6.62651e-05
6.62588e-05
6.62525e-05
6.62463e-05
6.624e-05
6.62338e-05
6.62275e-05
6.62213e-05
6.6215e-05
6.62088e-05
6.62025e-05
6.61963e-05
6.61901e-05
6.61838e-05
6.61776e-05
6.61714e-05
6.61652e-05
6.6159e-05
6.61528e-05
6.61466e-05
6.61404e-05
6.61342e-05
6.6128e-05
6.61218e-05
6.61156e-05
6.61094e-05
6.61032e-05
6.6097e-05
6.60909e-05
6.60847e-05
6.60785e-05
6.60723e-05
6.60662e-05
6.606e-05
6.60539e-05
6.60477e-05
6.60416e-05
6.60354e-05
6.60293e-05
6.60231e-05
6.6017e-05
6.60109e-05
6.60048e-05
6.59986e-05
6.59925e-05
6.59864e-05
6.59803e-05
6.59742e-05
6.59681e-05
6.59619e-05
6.59558e-05
6.59497e-05
6.59437e-05
6.59376e-05
6.59315e-05
6.59254e-05
6.59193e-05
6.59132e-05
6.59072e-05
6.59011e-05
6.5895e-05
6.5889e-05
6.58829e-05
6.58768e-05
6.58708e-05
6.58647e-05
6.58587e-05
6.58526e-05
6.58466e-05
6.58406e-05
6.58345e-05
6.58285e-05
6.58225e-05
6.58164e-05
6.58104e-05
6.58044e-05
6.57984e-05
6.57924e-05
6.57864e-05
6.57804e-05
6.57743e-05
6.57684e-05
6.57624e-05
6.57564e-05
6.57504e-05
6.57444e-05
6.57384e-05
6.57324e-05
6.57265e-05
6.57205e-05
6.57145e-05
6.57085e-05
6.57026e-05
6.56966e-05
6.56907e-05
6.56847e-05
6.56788e-05
6.56728e-05
6.56669e-05
6.56609e-05
6.5655e-05
6.56491e-05
6.56431e-05
6.56372e-05
6.56313e-05
6.56254e-05
6.56194e-05
6.56135e-05
6.56076e-05
6.56017e-05
6.55958e-05
6.55899e-05
6.5584e-05
6.55781e-05
6.55722e-05
6.55663e-05
6.55604e-05
6.55546e-05
6.55487e-05
6.55428e-05
6.55369e-05
6.55311e-05
6.55252e-05
6.55193e-05
6.55135e-05
6.55076e-05
6.55018e-05
6.54959e-05
6.54901e-05
6.54842e-05
6.54784e-05
6.54725e-05
6.54667e-05
6.54609e-05
6.5455e-05
6.54492e-05
6.54434e-05
6.54376e-05
6.54317e-05
6.54259e-05
6.54201e-05
6.54143e-05
6.54085e-05
6.54027e-05
6.53969e-05
6.53911e-05
6.53853e-05
6.53795e-05
6.53738e-05
6.5368e-05
6.53622e-05
6.53564e-05
6.53506e-05
6.53449e-05
6.53391e-05
6.53334e-05
6.53276e-05
6.53218e-05
6.53161e-05
6.53103e-05
6.53046e-05
6.52988e-05
6.52931e-05
6.52874e-05
6.52816e-05
6.52759e-05
6.52702e-05
6.52644e-05
6.52587e-05
6.5253e-05
6.52473e-05
6.52416e-05
6.52358e-05
6.52301e-05
6.52244e-05
6.52187e-05
6.5213e-05
6.52073e-05
6.52016e-05
6.5196e-05
6.51903e-05
6.51846e-05
6.51789e-05
6.51732e-05
6.51676e-05
6.51619e-05
6.51562e-05
6.51506e-05
6.51449e-05
6.51392e-05
6.51336e-05
6.51279e-05
6.51223e-05
6.51166e-05
6.5111e-05
6.51053e-05
6.50997e-05
6.50941e-05
6.50884e-05
6.50828e-05
6.50772e-05
6.50716e-05
6.50659e-05
6.50603e-05
6.50547e-05
6.50491e-05
6.50435e-05
6.50379e-05
6.50323e-05
6.50267e-05
6.50211e-05
6.50155e-05
6.50099e-05
6.50043e-05
6.49987e-05
6.49931e-05
6.49876e-05
6.4982e-05
6.49764e-05
6.49709e-05
6.49653e-05
6.49597e-05
6.49542e-05
6.49486e-05
6.4943e-05
6.49375e-05
6.49319e-05
6.49264e-05
6.49209e-05
6.49153e-05
6.49098e-05
6.49042e-05
6.48987e-05
6.48932e-05
6.48877e-05
6.48821e-05
6.48766e-05
6.48711e-05
6.48656e-05
6.48601e-05
6.48546e-05
6.48491e-05
6.48436e-05
6.48381e-05
6.48326e-05
6.48271e-05
6.48216e-05
6.48161e-05
6.48106e-05
6.48051e-05
6.47997e-05
6.47942e-05
6.47887e-05
6.47832e-05
6.47778e-05
6.47723e-05
6.47668e-05
6.47614e-05
6.47559e-05
6.47505e-05
6.4745e-05
6.47396e-05
6.47341e-05
6.47287e-05
6.47233e-05
6.47178e-05
6.47124e-05
6.4707e-05
6.47015e-05
6.46961e-05
6.46907e-05
6.46853e-05
6.46799e-05
6.46744e-05
6.4669e-05
6.46636e-05
6.46582e-05
6.46528e-05
6.46474e-05
6.4642e-05
6.46366e-05
6.46312e-05
6.46259e-05
6.46205e-05
6.46151e-05
6.46097e-05
6.46043e-05
6.4599e-05
6.45936e-05
6.45882e-05
6.45829e-05
6.45775e-05
6.45721e-05
6.45668e-05
6.45614e-05
6.45561e-05
6.45507e-05
6.45454e-05
6.454e-05
6.45347e-05
6.45294e-05
6.4524e-05
6.45187e-05
6.45134e-05
6.45081e-05
6.45027e-05
6.44974e-05
6.44921e-05
6.44868e-05
6.44815e-05
6.44762e-05
6.44709e-05
6.44656e-05
6.44603e-05
6.4455e-05
6.44497e-05
6.44444e-05
6.44391e-05
6.44338e-05
6.44285e-05
6.44232e-05
6.44179e-05
6.44127e-05
6.44074e-05
6.44021e-05
6.43969e-05
6.43916e-05
6.43863e-05
6.43811e-05
6.43758e-05
6.43706e-05
6.43653e-05
6.43601e-05
6.43548e-05
6.43496e-05
6.43443e-05
6.43391e-05
6.43339e-05
6.43286e-05
6.43234e-05
6.43182e-05
6.4313e-05
6.43077e-05
6.43025e-05
6.42973e-05
6.42921e-05
6.42869e-05
6.42817e-05
6.42765e-05
6.42713e-05
6.42661e-05
6.42609e-05
6.42557e-05
6.42505e-05
6.42453e-05
6.42401e-05
6.42349e-05
6.42297e-05
6.42246e-05
6.42194e-05
6.42142e-05
6.42091e-05
6.42039e-05
6.41987e-05
6.41936e-05
6.41884e-05
6.41832e-05
6.41781e-05
6.41729e-05
6.41678e-05
6.41626e-05
6.41575e-05
6.41524e-05
6.41472e-05
6.41421e-05
6.4137e-05
6.41318e-05
6.41267e-05
6.41216e-05
6.41165e-05
6.41113e-05
6.41062e-05
6.41011e-05
6.4096e-05
6.40909e-05
6.40858e-05
6.40807e-05
6.40756e-05
6.40705e-05
6.40654e-05
6.40603e-05
6.40552e-05
6.40501e-05
6.4045e-05
6.40399e-05
6.40349e-05
6.40298e-05
6.40247e-05
6.40196e-05
6.40146e-05
6.40095e-05
6.40044e-05
6.39994e-05
6.39943e-05
6.39893e-05
6.39842e-05
6.39792e-05
6.39741e-05
6.39691e-05
6.3964e-05
6.3959e-05
6.39539e-05
6.39489e-05
6.39439e-05
6.39388e-05
6.39338e-05
6.39288e-05
6.39238e-05
6.39187e-05
6.39137e-05
6.39087e-05
6.39037e-05
6.38987e-05
6.38937e-05
6.38887e-05
6.38837e-05
6.38787e-05
6.38737e-05
6.38687e-05
6.38637e-05
6.38587e-05
6.38537e-05
6.38487e-05
6.38438e-05
6.38388e-05
6.38338e-05
6.38288e-05
6.38239e-05
6.38189e-05
6.38139e-05
6.3809e-05
6.3804e-05
6.3799e-05
6.37941e-05
6.37891e-05
6.37842e-05
6.37792e-05
6.37743e-05
6.37693e-05
6.37644e-05
6.37595e-05
6.37545e-05
6.37496e-05
6.37446e-05
6.37397e-05
6.37348e-05
6.37299e-05
6.37249e-05
6.372e-05
6.37151e-05
6.37102e-05
6.37053e-05
6.37004e-05
6.36955e-05
6.36906e-05
6.36857e-05
6.36808e-05
6.36759e-05
6.3671e-05
6.36661e-05
6.36612e-05
6.36563e-05
6.36514e-05
6.36466e-05
6.36417e-05
6.36368e-05
6.36319e-05
6.36271e-05
6.36222e-05
6.36173e-05
6.36125e-05
6.36076e-05
6.36027e-05
6.35979e-05
6.3593e-05
6.35882e-05
6.35833e-05
6.35785e-05
6.35736e-05
6.35688e-05
6.35639e-05
6.35591e-05
6.35543e-05
6.35494e-05
6.35446e-05
6.35398e-05
6.3535e-05
6.35301e-05
6.35253e-05
6.35205e-05
6.35157e-05
6.35109e-05
6.35061e-05
6.35013e-05
6.34964e-05
6.34916e-05
6.34868e-05
6.3482e-05
6.34773e-05
6.34725e-05
6.34677e-05
6.34629e-05
6.34581e-05
6.34533e-05
6.34485e-05
6.34438e-05
6.3439e-05
6.34342e-05
6.34294e-05
6.34247e-05
6.34199e-05
6.34151e-05
6.34104e-05
6.34056e-05
6.34009e-05
6.33961e-05
6.33913e-05
6.33866e-05
6.33818e-05
6.33771e-05
6.33724e-05
6.33676e-05
6.33629e-05
6.33581e-05
6.33534e-05
6.33487e-05
6.33439e-05
6.33392e-05
6.33345e-05
6.33298e-05
6.33251e-05
6.33203e-05
6.33156e-05
6.33109e-05
6.33062e-05
6.33015e-05
6.32968e-05
6.32921e-05
6.32874e-05
6.32827e-05
6.3278e-05
6.32733e-05
6.32686e-05
6.32639e-05
6.32592e-05
6.32546e-05
6.32499e-05
6.32452e-05
6.32405e-05
6.32358e-05
6.32312e-05
6.32265e-05
6.32218e-05
6.32172e-05
6.32125e-05
6.32078e-05
6.32032e-05
6.31985e-05
6.31939e-05
6.31892e-05
6.31846e-05
6.31799e-05
6.31753e-05
6.31706e-05
6.3166e-05
6.31614e-05
6.31567e-05
6.31521e-05
6.31475e-05
6.31428e-05
6.31382e-05
6.31336e-05
6.3129e-05
6.31244e-05
6.31197e-05
6.31151e-05
6.31105e-05
6.31059e-05
6.31013e-05
6.30967e-05
6.30921e-05
6.30875e-05
6.30829e-05
6.30783e-05
6.30737e-05
6.30691e-05
6.30645e-05
6.30599e-05
6.30553e-05
6.30508e-05
6.30462e-05
6.30416e-05
6.3037e-05
6.30325e-05
6.30279e-05
6.30233e-05
6.30188e-05
6.30142e-05
6.30096e-05
6.30051e-05
6.30005e-05
6.2996e-05
6.29914e-05
6.29868e-05
6.29823e-05
6.29778e-05
6.29732e-05
6.29687e-05
6.29641e-05
6.29596e-05
6.29551e-05
6.29505e-05
6.2946e-05
6.29415e-05
6.29369e-05
6.29324e-05
6.29279e-05
6.29234e-05
6.29189e-05
6.29143e-05
6.29098e-05
6.29053e-05
6.29008e-05
6.28963e-05
6.28918e-05
6.28873e-05
6.28828e-05
6.28783e-05
6.28738e-05
6.28693e-05
6.28648e-05
6.28603e-05
6.28559e-05
6.28514e-05
6.28469e-05
6.28424e-05
6.28379e-05
6.28335e-05
6.2829e-05
6.28245e-05
6.282e-05
6.28156e-05
6.28111e-05
6.28067e-05
6.28022e-05
6.27977e-05
6.27933e-05
6.27888e-05
6.27844e-05
6.27799e-05
6.27755e-05
6.2771e-05
6.27666e-05
6.27622e-05
6.27577e-05
6.27533e-05
6.27489e-05
6.27444e-05
6.274e-05
6.27356e-05
6.27311e-05
6.27267e-05
6.27223e-05
6.27179e-05
6.27135e-05
6.27091e-05
6.27046e-05
6.27002e-05
6.26958e-05
6.26914e-05
6.2687e-05
6.26826e-05
6.26782e-05
6.26738e-05
6.26694e-05
6.2665e-05
6.26606e-05
6.26563e-05
6.26519e-05
6.26475e-05
6.26431e-05
6.26387e-05
6.26343e-05
6.263e-05
6.26256e-05
6.26212e-05
6.26169e-05
6.26125e-05
6.26081e-05
6.26038e-05
6.25994e-05
6.2595e-05
6.25907e-05
6.25863e-05
6.2582e-05
6.25776e-05
6.25733e-05
6.25689e-05
6.25646e-05
6.25603e-05
6.25559e-05
6.25516e-05
6.25472e-05
6.25429e-05
6.25386e-05
6.25343e-05
6.25299e-05
6.25256e-05
6.25213e-05
6.2517e-05
6.25126e-05
6.25083e-05
6.2504e-05
6.24997e-05
6.24954e-05
6.24911e-05
6.24868e-05
6.24825e-05
6.24782e-05
6.24739e-05
6.24696e-05
6.24653e-05
6.2461e-05
6.24567e-05
6.24524e-05
6.24481e-05
6.24438e-05
6.24396e-05
6.24353e-05
6.2431e-05
6.24267e-05
6.24224e-05
6.24182e-05
6.24139e-05
6.24096e-05
6.24054e-05
6.24011e-05
6.23968e-05
6.23926e-05
6.23883e-05
6.23841e-05
6.23798e-05
6.23756e-05
6.23713e-05
6.23671e-05
6.23628e-05
6.23586e-05
6.23543e-05
6.23501e-05
6.23459e-05
6.23416e-05
6.23374e-05
6.23332e-05
6.23289e-05
6.23247e-05
6.23205e-05
6.23163e-05
6.2312e-05
6.23078e-05
6.23036e-05
6.22994e-05
6.22952e-05
6.2291e-05
6.22868e-05
6.22825e-05
6.22783e-05
6.22741e-05
6.22699e-05
6.22657e-05
6.22615e-05
6.22573e-05
6.22532e-05
6.2249e-05
6.22448e-05
6.22406e-05
6.22364e-05
6.22322e-05
6.2228e-05
6.22239e-05
6.22197e-05
6.22155e-05
6.22113e-05
6.22072e-05
6.2203e-05
6.21988e-05
6.21947e-05
6.21905e-05
6.21863e-05
6.21822e-05
6.2178e-05
6.21739e-05
6.21697e-05
6.21656e-05
6.21614e-05
6.21573e-05
6.21531e-05
6.2149e-05
6.21448e-05
6.21407e-05
6.21366e-05
6.21324e-05
6.21283e-05
6.21242e-05
6.212e-05
6.21159e-05
6.21118e-05
6.21077e-05
6.21035e-05
6.20994e-05
6.20953e-05
6.20912e-05
6.20871e-05
6.2083e-05
6.20789e-05
6.20748e-05
6.20707e-05
6.20665e-05
6.20624e-05
6.20583e-05
6.20543e-05
6.20502e-05
6.20461e-05
6.2042e-05
6.20379e-05
6.20338e-05
6.20297e-05
6.20256e-05
6.20215e-05
6.20175e-05
6.20134e-05
6.20093e-05
6.20052e-05
6.20012e-05
6.19971e-05
6.1993e-05
6.1989e-05
6.19849e-05
6.19808e-05
6.19768e-05
6.19727e-05
6.19687e-05
6.19646e-05
6.19605e-05
6.19565e-05
6.19524e-05
6.19484e-05
6.19444e-05
6.19403e-05
6.19363e-05
6.19322e-05
6.19282e-05
6.19242e-05
6.19201e-05
6.19161e-05
6.19121e-05
6.1908e-05
6.1904e-05
6.19e-05
6.1896e-05
6.18919e-05
6.18879e-05
6.18839e-05
6.18799e-05
6.18759e-05
6.18719e-05
6.18679e-05
6.18639e-05
6.18598e-05
6.18558e-05
6.18518e-05
6.18478e-05
6.18438e-05
6.18398e-05
6.18359e-05
6.18319e-05
6.18279e-05
6.18239e-05
6.18199e-05
6.18159e-05
6.18119e-05
6.1808e-05
6.1804e-05
6.18e-05
6.1796e-05
6.1792e-05
6.17881e-05
6.17841e-05
6.17801e-05
6.17762e-05
6.17722e-05
6.17682e-05
6.17643e-05
6.17603e-05
6.17564e-05
6.17524e-05
6.17485e-05
6.17445e-05
6.17406e-05
6.17366e-05
6.17327e-05
6.17287e-05
6.17248e-05
6.17208e-05
6.17169e-05
6.1713e-05
6.1709e-05
6.17051e-05
6.17012e-05
6.16972e-05
6.16933e-05
6.16894e-05
6.16855e-05
6.16816e-05
6.16776e-05
6.16737e-05
6.16698e-05
6.16659e-05
6.1662e-05
6.16581e-05
6.16542e-05
6.16502e-05
6.16463e-05
6.16424e-05
6.16385e-05
6.16346e-05
6.16307e-05
6.16268e-05
6.1623e-05
6.16191e-05
6.16152e-05
6.16113e-05
6.16074e-05
6.16035e-05
6.15996e-05
6.15957e-05
6.15919e-05
6.1588e-05
6.15841e-05
6.15802e-05
6.15764e-05
6.15725e-05
6.15686e-05
6.15648e-05
6.15609e-05
6.1557e-05
6.15532e-05
6.15493e-05
6.15455e-05
6.15416e-05
6.15377e-05
6.15339e-05
6.153e-05
6.15262e-05
6.15224e-05
6.15185e-05
6.15147e-05
6.15108e-05
6.1507e-05
6.15031e-05
6.14993e-05
6.14955e-05
6.14916e-05
6.14878e-05
6.1484e-05
6.14802e-05
6.14763e-05
6.14725e-05
6.14687e-05
6.14649e-05
6.1461e-05
6.14572e-05
6.14534e-05
6.14496e-05
6.14458e-05
6.1442e-05
6.14382e-05
6.14344e-05
6.14306e-05
6.14268e-05
6.1423e-05
6.14192e-05
6.14154e-05
6.14116e-05
6.14078e-05
6.1404e-05
6.14002e-05
6.13964e-05
6.13926e-05
6.13888e-05
6.1385e-05
6.13813e-05
6.13775e-05
6.13737e-05
6.13699e-05
6.13662e-05
6.13624e-05
6.13586e-05
6.13548e-05
6.13511e-05
6.13473e-05
6.13436e-05
6.13398e-05
6.1336e-05
6.13323e-05
6.13285e-05
6.13248e-05
6.1321e-05
6.13173e-05
6.13135e-05
6.13098e-05
6.1306e-05
6.13023e-05
6.12985e-05
6.12948e-05
6.1291e-05
6.12873e-05
6.12836e-05
6.12798e-05
6.12761e-05
6.12724e-05
6.12686e-05
6.12649e-05
6.12612e-05
6.12575e-05
6.12537e-05
6.125e-05
6.12463e-05
6.12426e-05
6.12389e-05
6.12351e-05
6.12314e-05
6.12277e-05
6.1224e-05
6.12203e-05
6.12166e-05
6.12129e-05
6.12092e-05
6.12055e-05
6.12018e-05
6.11981e-05
6.11944e-05
6.11907e-05
6.1187e-05
6.11833e-05
6.11796e-05
6.1176e-05
6.11723e-05
6.11686e-05
6.11649e-05
6.11612e-05
6.11575e-05
6.11539e-05
6.11502e-05
6.11465e-05
6.11429e-05
6.11392e-05
6.11355e-05
6.11318e-05
6.11282e-05
6.11245e-05
6.11209e-05
6.11172e-05
6.11135e-05
6.11099e-05
6.11062e-05
6.11026e-05
6.10989e-05
6.10953e-05
6.10916e-05
6.1088e-05
6.10843e-05
6.10807e-05
6.1077e-05
6.10734e-05
6.10698e-05
6.10661e-05
6.10625e-05
6.10589e-05
6.10552e-05
6.10516e-05
6.1048e-05
6.10443e-05
6.10407e-05
6.10371e-05
6.10335e-05
6.10299e-05
6.10262e-05
6.10226e-05
6.1019e-05
6.10154e-05
6.10118e-05
6.10082e-05
6.10046e-05
6.1001e-05
6.09974e-05
6.09937e-05
6.09901e-05
6.09865e-05
6.09829e-05
6.09794e-05
6.09758e-05
6.09722e-05
6.09686e-05
6.0965e-05
6.09614e-05
6.09578e-05
6.09542e-05
6.09506e-05
6.09471e-05
6.09435e-05
6.09399e-05
6.09363e-05
6.09327e-05
6.09292e-05
6.09256e-05
6.0922e-05
6.09184e-05
6.09149e-05
6.09113e-05
6.09078e-05
6.09042e-05
6.09006e-05
6.08971e-05
6.08935e-05
6.089e-05
6.08864e-05
6.08828e-05
6.08793e-05
6.08757e-05
6.08722e-05
6.08686e-05
6.08651e-05
6.08616e-05
6.0858e-05
6.08545e-05
6.08509e-05
6.08474e-05
6.08439e-05
6.08403e-05
6.08368e-05
6.08333e-05
6.08297e-05
6.08262e-05
6.08227e-05
6.08192e-05
6.08156e-05
6.08121e-05
6.08086e-05
6.08051e-05
6.08016e-05
6.0798e-05
6.07945e-05
6.0791e-05
6.07875e-05
6.0784e-05
6.07805e-05
6.0777e-05
6.07735e-05
6.077e-05
6.07665e-05
6.0763e-05
6.07595e-05
6.0756e-05
6.07525e-05
6.0749e-05
6.07455e-05
6.0742e-05
6.07385e-05
6.0735e-05
6.07316e-05
6.07281e-05
6.07246e-05
6.07211e-05
6.07176e-05
6.07142e-05
6.07107e-05
6.07072e-05
6.07037e-05
6.07003e-05
6.06968e-05
6.06933e-05
6.06899e-05
6.06864e-05
6.06829e-05
6.06795e-05
6.0676e-05
6.06725e-05
6.06691e-05
6.06656e-05
6.06622e-05
6.06587e-05
6.06553e-05
6.06518e-05
6.06484e-05
6.06449e-05
6.06415e-05
6.0638e-05
6.06346e-05
6.06312e-05
6.06277e-05
6.06243e-05
6.06208e-05
6.06174e-05
6.0614e-05
6.06105e-05
6.06071e-05
6.06037e-05
6.06003e-05
6.05968e-05
6.05934e-05
6.059e-05
6.05866e-05
6.05832e-05
6.05797e-05
6.05763e-05
6.05729e-05
6.05695e-05
6.05661e-05
6.05627e-05
6.05593e-05
6.05559e-05
6.05525e-05
6.05491e-05
6.05456e-05
6.05422e-05
6.05388e-05
6.05355e-05
6.05321e-05
6.05287e-05
6.05253e-05
6.05219e-05
6.05185e-05
6.05151e-05
6.05117e-05
6.05083e-05
6.05049e-05
6.05016e-05
6.04982e-05
6.04948e-05
6.04914e-05
6.0488e-05
6.04847e-05
6.04813e-05
6.04779e-05
6.04746e-05
6.04712e-05
6.04678e-05
6.04644e-05
6.04611e-05
6.04577e-05
6.04544e-05
6.0451e-05
6.04476e-05
6.04443e-05
6.04409e-05
6.04376e-05
6.04342e-05
6.04309e-05
6.04275e-05
6.04242e-05
6.04208e-05
6.04175e-05
6.04141e-05
6.04108e-05
6.04075e-05
6.04041e-05
6.04008e-05
6.03974e-05
6.03941e-05
6.03908e-05
6.03874e-05
6.03841e-05
6.03808e-05
6.03774e-05
6.03741e-05
6.03708e-05
6.03675e-05
6.03642e-05
6.03608e-05
6.03575e-05
6.03542e-05
6.03509e-05
6.03476e-05
6.03443e-05
6.03409e-05
6.03376e-05
6.03343e-05
6.0331e-05
6.03277e-05
6.03244e-05
6.03211e-05
6.03178e-05
6.03145e-05
6.03112e-05
6.03079e-05
6.03046e-05
6.03013e-05
6.0298e-05
6.02947e-05
6.02914e-05
6.02882e-05
6.02849e-05
6.02816e-05
6.02783e-05
6.0275e-05
6.02717e-05
6.02685e-05
6.02652e-05
6.02619e-05
6.02586e-05
6.02553e-05
6.02521e-05
6.02488e-05
6.02455e-05
6.02423e-05
6.0239e-05
6.02357e-05
6.02325e-05
6.02292e-05
6.02259e-05
6.02227e-05
6.02194e-05
6.02162e-05
6.02129e-05
6.02097e-05
6.02064e-05
6.02032e-05
6.01999e-05
6.01967e-05
6.01934e-05
6.01902e-05
6.01869e-05
6.01837e-05
6.01804e-05
6.01772e-05
6.0174e-05
6.01707e-05
6.01675e-05
6.01643e-05
6.0161e-05
6.01578e-05
6.01546e-05
6.01513e-05
6.01481e-05
6.01449e-05
6.01417e-05
6.01384e-05
6.01352e-05
6.0132e-05
6.01288e-05
6.01255e-05
6.01223e-05
6.01191e-05
6.01159e-05
6.01127e-05
6.01095e-05
6.01063e-05
6.01031e-05
6.00999e-05
6.00967e-05
6.00935e-05
6.00903e-05
6.00871e-05
6.00839e-05
6.00807e-05
6.00775e-05
6.00743e-05
6.00711e-05
6.00679e-05
6.00647e-05
6.00615e-05
6.00583e-05
6.00551e-05
6.00519e-05
6.00488e-05
6.00456e-05
6.00424e-05
6.00392e-05
6.0036e-05
6.00329e-05
6.00297e-05
6.00265e-05
6.00233e-05
6.00202e-05
6.0017e-05
6.00138e-05
6.00106e-05
6.00075e-05
6.00043e-05
6.00012e-05
5.9998e-05
5.99948e-05
5.99917e-05
5.99885e-05
5.99854e-05
5.99822e-05
5.9979e-05
5.99759e-05
5.99727e-05
5.99696e-05
5.99664e-05
5.99633e-05
5.99602e-05
5.9957e-05
5.99539e-05
5.99507e-05
5.99476e-05
5.99444e-05
5.99413e-05
5.99382e-05
5.9935e-05
5.99319e-05
5.99288e-05
5.99256e-05
5.99225e-05
5.99194e-05
5.99163e-05
5.99131e-05
5.991e-05
5.99069e-05
5.99038e-05
5.99006e-05
5.98975e-05
5.98944e-05
5.98913e-05
5.98882e-05
5.98851e-05
5.98819e-05
5.98788e-05
5.98757e-05
5.98726e-05
5.98695e-05
5.98664e-05
5.98633e-05
5.98602e-05
5.98571e-05
5.9854e-05
5.98509e-05
5.98478e-05
5.98447e-05
5.98416e-05
5.98385e-05
5.98354e-05
5.98323e-05
5.98292e-05
5.98262e-05
5.98231e-05
5.982e-05
5.98169e-05
5.98138e-05
5.98107e-05
5.98077e-05
5.98046e-05
5.98015e-05
5.97984e-05
5.97954e-05
5.97923e-05
5.97892e-05
5.97861e-05
5.97831e-05
5.978e-05
5.97769e-05
5.97739e-05
5.97708e-05
5.97677e-05
5.97647e-05
5.97616e-05
5.97586e-05
5.97555e-05
5.97524e-05
5.97494e-05
5.97463e-05
5.97433e-05
5.97402e-05
5.97372e-05
5.97341e-05
5.97311e-05
5.9728e-05
5.9725e-05
5.97219e-05
5.97189e-05
5.97159e-05
5.97128e-05
5.97098e-05
5.97067e-05
5.97037e-05
5.97007e-05
5.96976e-05
5.96946e-05
5.96916e-05
5.96886e-05
5.96855e-05
5.96825e-05
5.96795e-05
5.96764e-05
5.96734e-05
5.96704e-05
5.96674e-05
5.96644e-05
5.96613e-05
5.96583e-05
5.96553e-05
5.96523e-05
5.96493e-05
5.96463e-05
5.96433e-05
5.96403e-05
5.96372e-05
5.96342e-05
5.96312e-05
5.96282e-05
5.96252e-05
5.96222e-05
5.96192e-05
5.96162e-05
5.96132e-05
5.96102e-05
5.96072e-05
5.96042e-05
5.96013e-05
5.95983e-05
5.95953e-05
5.95923e-05
5.95893e-05
5.95863e-05
5.95833e-05
5.95803e-05
5.95774e-05
5.95744e-05
5.95714e-05
5.95684e-05
5.95654e-05
5.95625e-05
5.95595e-05
5.95565e-05
5.95535e-05
5.95506e-05
5.95476e-05
5.95446e-05
5.95417e-05
5.95387e-05
5.95357e-05
5.95328e-05
5.95298e-05
5.95269e-05
5.95239e-05
5.95209e-05
5.9518e-05
5.9515e-05
5.95121e-05
5.95091e-05
5.95062e-05
5.95032e-05
5.95003e-05
5.94973e-05
5.94944e-05
5.94914e-05
5.94885e-05
5.94855e-05
5.94826e-05
5.94796e-05
5.94767e-05
5.94738e-05
5.94708e-05
5.94679e-05
5.9465e-05
5.9462e-05
5.94591e-05
5.94562e-05
5.94532e-05
5.94503e-05
5.94474e-05
5.94444e-05
5.94415e-05
5.94386e-05
5.94357e-05
5.94328e-05
5.94298e-05
5.94269e-05
5.9424e-05
5.94211e-05
5.94182e-05
5.94153e-05
5.94123e-05
5.94094e-05
5.94065e-05
5.94036e-05
5.94007e-05
5.93978e-05
5.93949e-05
5.9392e-05
5.93891e-05
5.93862e-05
5.93833e-05
5.93804e-05
5.93775e-05
5.93746e-05
5.93717e-05
5.93688e-05
5.93659e-05
5.9363e-05
5.93601e-05
5.93572e-05
5.93543e-05
5.93514e-05
5.93486e-05
5.93457e-05
5.93428e-05
5.93399e-05
5.9337e-05
5.93341e-05
5.93313e-05
5.93284e-05
5.93255e-05
5.93226e-05
5.93198e-05
5.93169e-05
5.9314e-05
5.93111e-05
5.93083e-05
5.93054e-05
5.93025e-05
5.92997e-05
5.92968e-05
5.92939e-05
5.92911e-05
5.92882e-05
5.92854e-05
5.92825e-05
5.92796e-05
5.92768e-05
5.92739e-05
5.92711e-05
5.92682e-05
5.92654e-05
5.92625e-05
5.92597e-05
5.92568e-05
5.9254e-05
5.92511e-05
5.92483e-05
5.92454e-05
5.92426e-05
5.92398e-05
5.92369e-05
5.92341e-05
5.92312e-05
5.92284e-05
5.92256e-05
5.92227e-05
5.92199e-05
5.92171e-05
5.92142e-05
5.92114e-05
5.92086e-05
5.92058e-05
5.92029e-05
5.92001e-05
5.91973e-05
5.91945e-05
5.91916e-05
5.91888e-05
5.9186e-05
5.91832e-05
5.91804e-05
5.91776e-05
5.91747e-05
5.91719e-05
5.91691e-05
5.91663e-05
5.91635e-05
5.91607e-05
5.91579e-05
5.91551e-05
5.91523e-05
5.91495e-05
5.91467e-05
5.91439e-05
5.91411e-05
5.91383e-05
5.91355e-05
5.91327e-05
5.91299e-05
5.91271e-05
5.91243e-05
5.91215e-05
5.91187e-05
5.91159e-05
5.91131e-05
5.91103e-05
5.91075e-05
5.91048e-05
5.9102e-05
5.90992e-05
5.90964e-05
5.90936e-05
5.90909e-05
5.90881e-05
5.90853e-05
5.90825e-05
5.90797e-05
5.9077e-05
5.90742e-05
5.90714e-05
5.90687e-05
5.90659e-05
5.90631e-05
5.90604e-05
5.90576e-05
5.90548e-05
5.90521e-05
5.90493e-05
5.90465e-05
5.90438e-05
5.9041e-05
5.90383e-05
5.90355e-05
5.90327e-05
5.903e-05
5.90272e-05
5.90245e-05
5.90217e-05
5.9019e-05
5.90162e-05
5.90135e-05
5.90107e-05
5.9008e-05
5.90052e-05
5.90025e-05
5.89998e-05
5.8997e-05
5.89943e-05
5.89915e-05
5.89888e-05
5.89861e-05
5.89833e-05
5.89806e-05
5.89779e-05
5.89751e-05
5.89724e-05
5.89697e-05
5.89669e-05
5.89642e-05
5.89615e-05
5.89588e-05
5.8956e-05
5.89533e-05
5.89506e-05
5.89479e-05
5.89452e-05
5.89424e-05
5.89397e-05
5.8937e-05
5.89343e-05
5.89316e-05
5.89289e-05
5.89261e-05
5.89234e-05
5.89207e-05
5.8918e-05
5.89153e-05
5.89126e-05
5.89099e-05
5.89072e-05
5.89045e-05
5.89018e-05
5.88991e-05
5.88964e-05
5.88937e-05
5.8891e-05
5.88883e-05
5.88856e-05
5.88829e-05
5.88802e-05
5.88775e-05
5.88748e-05
5.88721e-05
5.88694e-05
5.88667e-05
5.88641e-05
5.88614e-05
5.88587e-05
5.8856e-05
5.88533e-05
5.88506e-05
5.8848e-05
5.88453e-05
5.88426e-05
5.88399e-05
5.88372e-05
5.88346e-05
5.88319e-05
5.88292e-05
5.88266e-05
5.88239e-05
5.88212e-05
5.88185e-05
5.88159e-05
5.88132e-05
5.88105e-05
5.88079e-05
5.88052e-05
5.88026e-05
5.87999e-05
5.87972e-05
5.87946e-05
5.87919e-05
5.87893e-05
5.87866e-05
5.87839e-05
5.87813e-05
5.87786e-05
5.8776e-05
5.87733e-05
5.87707e-05
5.8768e-05
5.87654e-05
5.87627e-05
5.87601e-05
5.87575e-05
5.87548e-05
5.87522e-05
5.87495e-05
5.87469e-05
5.87443e-05
5.87416e-05
5.8739e-05
5.87363e-05
5.87337e-05
5.87311e-05
5.87284e-05
5.87258e-05
5.87232e-05
5.87206e-05
5.87179e-05
5.87153e-05
5.87127e-05
5.871e-05
5.87074e-05
5.87048e-05
5.87022e-05
5.86996e-05
5.86969e-05
5.86943e-05
5.86917e-05
5.86891e-05
5.86865e-05
5.86839e-05
5.86812e-05
5.86786e-05
5.8676e-05
5.86734e-05
5.86708e-05
5.86682e-05
5.86656e-05
5.8663e-05
5.86604e-05
5.86578e-05
5.86552e-05
5.86526e-05
5.865e-05
5.86474e-05
5.86448e-05
5.86422e-05
5.86396e-05
5.8637e-05
5.86344e-05
5.86318e-05
5.86292e-05
5.86266e-05
5.8624e-05
5.86214e-05
5.86188e-05
5.86162e-05
5.86137e-05
5.86111e-05
5.86085e-05
5.86059e-05
5.86033e-05
5.86007e-05
5.85982e-05
5.85956e-05
5.8593e-05
5.85904e-05
5.85879e-05
5.85853e-05
5.85827e-05
5.85801e-05
5.85776e-05
5.8575e-05
5.85724e-05
5.85698e-05
5.85673e-05
5.85647e-05
5.85621e-05
5.85596e-05
5.8557e-05
5.85545e-05
5.85519e-05
5.85493e-05
5.85468e-05
5.85442e-05
5.85417e-05
5.85391e-05
5.85365e-05
5.8534e-05
5.85314e-05
5.85289e-05
5.85263e-05
5.85238e-05
5.85212e-05
5.85187e-05
5.85161e-05
5.85136e-05
5.8511e-05
5.85085e-05
5.8506e-05
5.85034e-05
5.85009e-05
5.84983e-05
5.84958e-05
5.84932e-05
5.84907e-05
5.84882e-05
5.84856e-05
5.84831e-05
5.84806e-05
5.8478e-05
5.84755e-05
5.8473e-05
5.84704e-05
5.84679e-05
5.84654e-05
5.84629e-05
5.84603e-05
5.84578e-05
5.84553e-05
5.84528e-05
5.84502e-05
5.84477e-05
5.84452e-05
5.84427e-05
5.84402e-05
5.84377e-05
5.84351e-05
5.84326e-05
5.84301e-05
5.84276e-05
5.84251e-05
5.84226e-05
5.84201e-05
5.84176e-05
5.8415e-05
5.84125e-05
5.841e-05
5.84075e-05
5.8405e-05
5.84025e-05
5.84e-05
5.83975e-05
5.8395e-05
5.83925e-05
5.839e-05
5.83875e-05
5.8385e-05
5.83825e-05
5.838e-05
5.83776e-05
5.83751e-05
5.83726e-05
5.83701e-05
5.83676e-05
5.83651e-05
5.83626e-05
5.83601e-05
5.83576e-05
5.83552e-05
5.83527e-05
5.83502e-05
5.83477e-05
5.83452e-05
5.83428e-05
5.83403e-05
5.83378e-05
5.83353e-05
5.83328e-05
5.83304e-05
5.83279e-05
5.83254e-05
5.8323e-05
5.83205e-05
5.8318e-05
5.83155e-05
5.83131e-05
5.83106e-05
5.83081e-05
5.83057e-05
5.83032e-05
5.83008e-05
5.82983e-05
5.82958e-05
5.82934e-05
5.82909e-05
5.82885e-05
5.8286e-05
5.82835e-05
5.82811e-05
5.82786e-05
5.82762e-05
5.82737e-05
5.82713e-05
5.82688e-05
5.82664e-05
5.82639e-05
5.82615e-05
5.8259e-05
5.82566e-05
5.82541e-05
5.82517e-05
5.82493e-05
5.82468e-05
5.82444e-05
5.82419e-05
5.82395e-05
5.82371e-05
5.82346e-05
5.82322e-05
5.82297e-05
5.82273e-05
5.82249e-05
5.82224e-05
5.822e-05
5.82176e-05
5.82152e-05
5.82127e-05
5.82103e-05
5.82079e-05
5.82054e-05
5.8203e-05
5.82006e-05
5.81982e-05
5.81958e-05
5.81933e-05
5.81909e-05
5.81885e-05
5.81861e-05
5.81837e-05
5.81812e-05
5.81788e-05
5.81764e-05
5.8174e-05
5.81716e-05
5.81692e-05
5.81668e-05
5.81644e-05
5.81619e-05
5.81595e-05
5.81571e-05
5.81547e-05
5.81523e-05
5.81499e-05
5.81475e-05
5.81451e-05
5.81427e-05
5.81403e-05
5.81379e-05
5.81355e-05
5.81331e-05
5.81307e-05
5.81283e-05
5.81259e-05
5.81235e-05
5.81211e-05
5.81187e-05
5.81164e-05
5.8114e-05
5.81116e-05
5.81092e-05
5.81068e-05
5.81044e-05
5.8102e-05
5.80996e-05
5.80973e-05
5.80949e-05
5.80925e-05
5.80901e-05
5.80877e-05
5.80854e-05
5.8083e-05
5.80806e-05
5.80782e-05
5.80758e-05
5.80735e-05
5.80711e-05
5.80687e-05
5.80664e-05
5.8064e-05
5.80616e-05
5.80592e-05
5.80569e-05
5.80545e-05
5.80521e-05
5.80498e-05
5.80474e-05
5.8045e-05
5.80427e-05
5.80403e-05
5.8038e-05
5.80356e-05
5.80332e-05
5.80309e-05
5.80285e-05
5.80262e-05
5.80238e-05
5.80215e-05
5.80191e-05
5.80168e-05
5.80144e-05
5.80121e-05
5.80097e-05
5.80074e-05
5.8005e-05
5.80027e-05
5.80003e-05
5.7998e-05
5.79956e-05
5.79933e-05
5.79909e-05
5.79886e-05
5.79863e-05
5.79839e-05
5.79816e-05
5.79792e-05
5.79769e-05
5.79746e-05
5.79722e-05
5.79699e-05
5.79676e-05
5.79652e-05
5.79629e-05
5.79606e-05
5.79582e-05
5.79559e-05
5.79536e-05
5.79512e-05
5.79489e-05
5.79466e-05
5.79443e-05
5.79419e-05
5.79396e-05
5.79373e-05
5.7935e-05
5.79327e-05
5.79303e-05
5.7928e-05
5.79257e-05
5.79234e-05
5.79211e-05
5.79187e-05
5.79164e-05
5.79141e-05
5.79118e-05
5.79095e-05
5.79072e-05
5.79049e-05
5.79026e-05
5.79003e-05
5.78979e-05
5.78956e-05
5.78933e-05
5.7891e-05
5.78887e-05
5.78864e-05
5.78841e-05
5.78818e-05
5.78795e-05
5.78772e-05
5.78749e-05
5.78726e-05
5.78703e-05
5.7868e-05
5.78657e-05
5.78634e-05
5.78612e-05
5.78589e-05
5.78566e-05
5.78543e-05
5.7852e-05
5.78497e-05
5.78474e-05
5.78451e-05
5.78428e-05
5.78405e-05
5.78383e-05
5.7836e-05
5.78337e-05
5.78314e-05
5.78291e-05
5.78269e-05
5.78246e-05
5.78223e-05
5.782e-05
5.78177e-05
5.78155e-05
5.78132e-05
5.78109e-05
5.78086e-05
5.78064e-05
5.78041e-05
5.78018e-05
5.77996e-05
5.77973e-05
5.7795e-05
5.77928e-05
5.77905e-05
5.77882e-05
5.7786e-05
5.77837e-05
5.77814e-05
5.77792e-05
5.77769e-05
5.77746e-05
5.77724e-05
5.77701e-05
5.77679e-05
5.77656e-05
5.77634e-05
5.77611e-05
5.77588e-05
5.77566e-05
5.77543e-05
5.77521e-05
5.77498e-05
5.77476e-05
5.77453e-05
5.77431e-05
5.77408e-05
5.77386e-05
5.77363e-05
5.77341e-05
5.77319e-05
5.77296e-05
5.77274e-05
5.77251e-05
5.77229e-05
5.77206e-05
5.77184e-05
5.77162e-05
5.77139e-05
5.77117e-05
5.77095e-05
5.77072e-05
5.7705e-05
5.77028e-05
5.77005e-05
5.76983e-05
5.76961e-05
5.76938e-05
5.76916e-05
5.76894e-05
5.76871e-05
5.76849e-05
5.76827e-05
5.76805e-05
5.76782e-05
5.7676e-05
5.76738e-05
5.76716e-05
5.76694e-05
5.76671e-05
5.76649e-05
5.76627e-05
5.76605e-05
5.76583e-05
5.7656e-05
5.76538e-05
5.76516e-05
5.76494e-05
5.76472e-05
5.7645e-05
5.76428e-05
5.76406e-05
5.76383e-05
5.76361e-05
5.76339e-05
5.76317e-05
5.76295e-05
5.76273e-05
5.76251e-05
5.76229e-05
5.76207e-05
5.76185e-05
5.76163e-05
5.76141e-05
5.76119e-05
5.76097e-05
5.76075e-05
5.76053e-05
5.76031e-05
5.76009e-05
5.75987e-05
5.75965e-05
5.75943e-05
5.75921e-05
5.75899e-05
5.75878e-05
5.75856e-05
5.75834e-05
5.75812e-05
5.7579e-05
5.75768e-05
5.75746e-05
5.75724e-05
5.75703e-05
5.75681e-05
5.75659e-05
5.75637e-05
5.75615e-05
5.75594e-05
5.75572e-05
5.7555e-05
5.75528e-05
5.75506e-05
5.75485e-05
5.75463e-05
5.75441e-05
5.75419e-05
5.75398e-05
5.75376e-05
5.75354e-05
5.75333e-05
5.75311e-05
5.75289e-05
5.75268e-05
5.75246e-05
5.75224e-05
5.75203e-05
5.75181e-05
5.75159e-05
5.75138e-05
5.75116e-05
5.75094e-05
5.75073e-05
5.75051e-05
5.7503e-05
5.75008e-05
5.74986e-05
5.74965e-05
5.74943e-05
5.74922e-05
5.749e-05
5.74879e-05
5.74857e-05
5.74836e-05
5.74814e-05
5.74793e-05
5.74771e-05
5.7475e-05
5.74728e-05
5.74707e-05
5.74685e-05
5.74664e-05
5.74642e-05
5.74621e-05
5.74599e-05
5.74578e-05
5.74557e-05
5.74535e-05
5.74514e-05
5.74492e-05
5.74471e-05
5.7445e-05
5.74428e-05
5.74407e-05
5.74386e-05
5.74364e-05
5.74343e-05
5.74322e-05
5.743e-05
5.74279e-05
5.74258e-05
5.74236e-05
5.74215e-05
5.74194e-05
5.74173e-05
5.74151e-05
5.7413e-05
5.74109e-05
5.74088e-05
5.74066e-05
5.74045e-05
5.74024e-05
5.74003e-05
5.73981e-05
5.7396e-05
5.73939e-05
5.73918e-05
5.73897e-05
5.73876e-05
5.73854e-05
5.73833e-05
5.73812e-05
5.73791e-05
5.7377e-05
5.73749e-05
5.73728e-05
5.73707e-05
5.73685e-05
5.73664e-05
5.73643e-05
5.73622e-05
5.73601e-05
5.7358e-05
5.73559e-05
5.73538e-05
5.73517e-05
5.73496e-05
5.73475e-05
5.73454e-05
5.73433e-05
5.73412e-05
5.73391e-05
5.7337e-05
5.73349e-05
5.73328e-05
5.73307e-05
5.73286e-05
5.73265e-05
5.73244e-05
5.73223e-05
5.73202e-05
5.73181e-05
5.73161e-05
5.7314e-05
5.73119e-05
5.73098e-05
5.73077e-05
5.73056e-05
5.73035e-05
5.73014e-05
5.72994e-05
5.72973e-05
5.72952e-05
5.72931e-05
5.7291e-05
5.7289e-05
5.72869e-05
5.72848e-05
5.72827e-05
5.72806e-05
5.72786e-05
5.72765e-05
5.72744e-05
5.72723e-05
5.72703e-05
5.72682e-05
5.72661e-05
5.72641e-05
5.7262e-05
5.72599e-05
5.72578e-05
5.72558e-05
5.72537e-05
5.72516e-05
5.72496e-05
5.72475e-05
5.72454e-05
5.72434e-05
5.72413e-05
5.72393e-05
5.72372e-05
5.72351e-05
5.72331e-05
5.7231e-05
5.7229e-05
5.72269e-05
5.72248e-05
5.72228e-05
5.72207e-05
5.72187e-05
5.72166e-05
5.72146e-05
5.72125e-05
5.72105e-05
5.72084e-05
5.72064e-05
5.72043e-05
5.72023e-05
5.72002e-05
5.71982e-05
5.71961e-05
5.71941e-05
5.7192e-05
5.719e-05
5.71879e-05
5.71859e-05
5.71839e-05
5.71818e-05
5.71798e-05
5.71777e-05
5.71757e-05
5.71737e-05
5.71716e-05
5.71696e-05
5.71676e-05
5.71655e-05
5.71635e-05
5.71614e-05
5.71594e-05
5.71574e-05
5.71553e-05
5.71533e-05
5.71513e-05
5.71493e-05
5.71472e-05
5.71452e-05
5.71432e-05
5.71411e-05
5.71391e-05
5.71371e-05
5.71351e-05
5.7133e-05
5.7131e-05
5.7129e-05
5.7127e-05
5.7125e-05
5.71229e-05
5.71209e-05
5.71189e-05
5.71169e-05
5.71149e-05
5.71129e-05
5.71108e-05
5.71088e-05
5.71068e-05
5.71048e-05
5.71028e-05
5.71008e-05
5.70988e-05
5.70967e-05
5.70947e-05
5.70927e-05
5.70907e-05
5.70887e-05
5.70867e-05
5.70847e-05
5.70827e-05
5.70807e-05
5.70787e-05
5.70767e-05
5.70747e-05
5.70727e-05
5.70707e-05
5.70687e-05
5.70667e-05
5.70647e-05
5.70627e-05
5.70607e-05
5.70587e-05
5.70567e-05
5.70547e-05
5.70527e-05
5.70507e-05
5.70487e-05
5.70467e-05
5.70447e-05
5.70427e-05
5.70407e-05
5.70388e-05
5.70368e-05
5.70348e-05
5.70328e-05
5.70308e-05
5.70288e-05
5.70268e-05
5.70248e-05
5.70229e-05
5.70209e-05
5.70189e-05
5.70169e-05
5.70149e-05
5.7013e-05
5.7011e-05
5.7009e-05
5.7007e-05
5.7005e-05
5.70031e-05
5.70011e-05
5.69991e-05
5.69971e-05
5.69952e-05
5.69932e-05
5.69912e-05
5.69892e-05
5.69873e-05
5.69853e-05
5.69833e-05
5.69814e-05
5.69794e-05
5.69774e-05
5.69755e-05
5.69735e-05
5.69715e-05
5.69696e-05
5.69676e-05
5.69656e-05
5.69637e-05
5.69617e-05
5.69597e-05
5.69578e-05
5.69558e-05
5.69539e-05
5.69519e-05
5.69499e-05
5.6948e-05
5.6946e-05
5.69441e-05
5.69421e-05
5.69402e-05
5.69382e-05
5.69363e-05
5.69343e-05
5.69324e-05
5.69304e-05
5.69285e-05
5.69265e-05
5.69246e-05
5.69226e-05
5.69207e-05
5.69187e-05
5.69168e-05
5.69148e-05
5.69129e-05
5.69109e-05
5.6909e-05
5.6907e-05
5.69051e-05
5.69032e-05
5.69012e-05
5.68993e-05
5.68973e-05
5.68954e-05
5.68935e-05
5.68915e-05
5.68896e-05
5.68877e-05
5.68857e-05
5.68838e-05
5.68819e-05
5.68799e-05
5.6878e-05
5.68761e-05
5.68741e-05
5.68722e-05
5.68703e-05
5.68683e-05
5.68664e-05
5.68645e-05
5.68626e-05
5.68606e-05
5.68587e-05
5.68568e-05
5.68549e-05
5.68529e-05
5.6851e-05
5.68491e-05
5.68472e-05
5.68452e-05
5.68433e-05
5.68414e-05
5.68395e-05
5.68376e-05
5.68356e-05
5.68337e-05
5.68318e-05
5.68299e-05
5.6828e-05
5.68261e-05
5.68242e-05
5.68222e-05
5.68203e-05
5.68184e-05
5.68165e-05
5.68146e-05
5.68127e-05
5.68108e-05
5.68089e-05
5.6807e-05
5.68051e-05
5.68032e-05
5.68012e-05
5.67993e-05
5.67974e-05
5.67955e-05
5.67936e-05
5.67917e-05
5.67898e-05
5.67879e-05
5.6786e-05
5.67841e-05
5.67822e-05
5.67803e-05
5.67784e-05
5.67765e-05
5.67746e-05
5.67727e-05
5.67709e-05
5.6769e-05
5.67671e-05
5.67652e-05
5.67633e-05
5.67614e-05
5.67595e-05
5.67576e-05
5.67557e-05
5.67538e-05
5.67519e-05
5.67501e-05
5.67482e-05
5.67463e-05
5.67444e-05
5.67425e-05
5.67406e-05
5.67387e-05
5.67369e-05
5.6735e-05
5.67331e-05
5.67312e-05
5.67293e-05
5.67275e-05
5.67256e-05
5.67237e-05
5.67218e-05
5.67199e-05
5.67181e-05
5.67162e-05
5.67143e-05
5.67124e-05
5.67106e-05
5.67087e-05
5.67068e-05
5.6705e-05
5.67031e-05
5.67012e-05
5.66993e-05
5.66975e-05
5.66956e-05
5.66937e-05
5.66919e-05
5.669e-05
5.66881e-05
5.66863e-05
5.66844e-05
5.66826e-05
5.66807e-05
5.66788e-05
5.6677e-05
5.66751e-05
5.66732e-05
5.66714e-05
5.66695e-05
5.66677e-05
5.66658e-05
5.66639e-05
5.66621e-05
5.66602e-05
5.66584e-05
5.66565e-05
5.66547e-05
5.66528e-05
5.6651e-05
5.66491e-05
5.66473e-05
5.66454e-05
5.66436e-05
5.66417e-05
5.66399e-05
5.6638e-05
5.66362e-05
5.66343e-05
5.66325e-05
5.66306e-05
5.66288e-05
5.66269e-05
5.66251e-05
5.66233e-05
5.66214e-05
5.66196e-05
5.66177e-05
5.66159e-05
5.6614e-05
5.66122e-05
5.66104e-05
5.66085e-05
5.66067e-05
5.66049e-05
5.6603e-05
5.66012e-05
5.65994e-05
5.65975e-05
5.65957e-05
5.65939e-05
5.6592e-05
5.65902e-05
5.65884e-05
5.65865e-05
5.65847e-05
5.65829e-05
5.6581e-05
5.65792e-05
5.65774e-05
5.65756e-05
5.65737e-05
5.65719e-05
5.65701e-05
5.65683e-05
5.65664e-05
5.65646e-05
5.65628e-05
5.6561e-05
5.65591e-05
5.65573e-05
5.65555e-05
5.65537e-05
5.65519e-05
5.65501e-05
5.65482e-05
5.65464e-05
5.65446e-05
5.65428e-05
5.6541e-05
5.65392e-05
5.65373e-05
5.65355e-05
5.65337e-05
5.65319e-05
5.65301e-05
5.65283e-05
5.65265e-05
5.65247e-05
5.65229e-05
5.65211e-05
5.65192e-05
5.65174e-05
5.65156e-05
5.65138e-05
5.6512e-05
5.65102e-05
5.65084e-05
5.65066e-05
5.65048e-05
5.6503e-05
5.65012e-05
5.64994e-05
5.64976e-05
5.64958e-05
5.6494e-05
5.64922e-05
5.64904e-05
5.64886e-05
5.64868e-05
5.6485e-05
5.64832e-05
5.64814e-05
5.64796e-05
5.64779e-05
5.64761e-05
5.64743e-05
5.64725e-05
5.64707e-05
5.64689e-05
5.64671e-05
5.64653e-05
5.64635e-05
5.64617e-05
5.646e-05
5.64582e-05
5.64564e-05
5.64546e-05
5.64528e-05
5.6451e-05
5.64493e-05
5.64475e-05
5.64457e-05
5.64439e-05
5.64421e-05
5.64403e-05
5.64386e-05
5.64368e-05
5.6435e-05
5.64332e-05
5.64315e-05
5.64297e-05
5.64279e-05
5.64261e-05
5.64244e-05
5.64226e-05
5.64208e-05
5.6419e-05
5.64173e-05
5.64155e-05
5.64137e-05
5.6412e-05
5.64102e-05
5.64084e-05
5.64066e-05
5.64049e-05
5.64031e-05
5.64013e-05
5.63996e-05
5.63978e-05
5.6396e-05
5.63943e-05
5.63925e-05
5.63908e-05
5.6389e-05
5.63872e-05
5.63855e-05
5.63837e-05
5.6382e-05
5.63802e-05
5.63784e-05
5.63767e-05
5.63749e-05
5.63732e-05
5.63714e-05
5.63696e-05
5.63679e-05
5.63661e-05
5.63644e-05
5.63626e-05
5.63609e-05
5.63591e-05
5.63574e-05
5.63556e-05
5.63539e-05
5.63521e-05
5.63504e-05
5.63486e-05
5.63469e-05
5.63451e-05
5.63434e-05
5.63416e-05
5.63399e-05
5.63381e-05
5.63364e-05
5.63347e-05
5.63329e-05
5.63312e-05
5.63294e-05
5.63277e-05
5.63259e-05
5.63242e-05
5.63225e-05
5.63207e-05
5.6319e-05
5.63173e-05
5.63155e-05
5.63138e-05
5.6312e-05
5.63103e-05
5.63086e-05
5.63068e-05
5.63051e-05
5.63034e-05
5.63016e-05
5.62999e-05
5.62982e-05
5.62964e-05
5.62947e-05
5.6293e-05
5.62913e-05
5.62895e-05
5.62878e-05
5.62861e-05
5.62843e-05
5.62826e-05
5.62809e-05
5.62792e-05
5.62774e-05
5.62757e-05
5.6274e-05
5.62723e-05
5.62705e-05
5.62688e-05
5.62671e-05
5.62654e-05
5.62637e-05
5.62619e-05
5.62602e-05
5.62585e-05
5.62568e-05
5.62551e-05
5.62534e-05
5.62516e-05
5.62499e-05
5.62482e-05
5.62465e-05
5.62448e-05
5.62431e-05
5.62414e-05
5.62396e-05
5.62379e-05
5.62362e-05
5.62345e-05
5.62328e-05
5.62311e-05
5.62294e-05
5.62277e-05
5.6226e-05
5.62243e-05
5.62226e-05
5.62209e-05
5.62192e-05
5.62175e-05
5.62157e-05
5.6214e-05
5.62123e-05
5.62106e-05
5.62089e-05
5.62072e-05
5.62055e-05
5.62038e-05
5.62021e-05
5.62004e-05
5.61987e-05
5.6197e-05
5.61953e-05
5.61937e-05
5.6192e-05
5.61903e-05
5.61886e-05
5.61869e-05
5.61852e-05
5.61835e-05
5.61818e-05
5.61801e-05
5.61784e-05
5.61767e-05
5.6175e-05
5.61733e-05
5.61717e-05
5.617e-05
5.61683e-05
5.61666e-05
5.61649e-05
5.61632e-05
5.61615e-05
5.61598e-05
5.61582e-05
5.61565e-05
5.61548e-05
5.61531e-05
5.61514e-05
5.61497e-05
5.61481e-05
5.61464e-05
5.61447e-05
5.6143e-05
5.61414e-05
5.61397e-05
5.6138e-05
5.61363e-05
5.61346e-05
5.6133e-05
5.61313e-05
5.61296e-05
5.61279e-05
5.61263e-05
5.61246e-05
5.61229e-05
5.61213e-05
5.61196e-05
5.61179e-05
5.61162e-05
5.61146e-05
5.61129e-05
5.61112e-05
5.61096e-05
5.61079e-05
5.61062e-05
5.61046e-05
5.61029e-05
5.61012e-05
5.60996e-05
5.60979e-05
5.60962e-05
5.60946e-05
5.60929e-05
5.60913e-05
5.60896e-05
5.60879e-05
5.60863e-05
5.60846e-05
5.6083e-05
5.60813e-05
5.60796e-05
5.6078e-05
5.60763e-05
5.60747e-05
5.6073e-05
5.60714e-05
5.60697e-05
5.6068e-05
5.60664e-05
5.60647e-05
5.60631e-05
5.60614e-05
5.60598e-05
5.60581e-05
5.60565e-05
5.60548e-05
5.60532e-05
5.60515e-05
5.60499e-05
5.60482e-05
5.60466e-05
5.60449e-05
5.60433e-05
5.60417e-05
5.604e-05
5.60384e-05
5.60367e-05
5.60351e-05
5.60334e-05
5.60318e-05
5.60301e-05
5.60285e-05
5.60269e-05
5.60252e-05
5.60236e-05
5.60219e-05
5.60203e-05
5.60187e-05
5.6017e-05
5.60154e-05
5.60138e-05
5.60121e-05
5.60105e-05
5.60089e-05
5.60072e-05
5.60056e-05
5.6004e-05
5.60023e-05
5.60007e-05
5.59991e-05
5.59974e-05
5.59958e-05
5.59942e-05
5.59925e-05
5.59909e-05
5.59893e-05
5.59877e-05
5.5986e-05
5.59844e-05
5.59828e-05
5.59812e-05
5.59795e-05
5.59779e-05
5.59763e-05
5.59747e-05
5.5973e-05
5.59714e-05
5.59698e-05
5.59682e-05
5.59665e-05
5.59649e-05
5.59633e-05
5.59617e-05
5.59601e-05
5.59585e-05
5.59568e-05
5.59552e-05
5.59536e-05
5.5952e-05
5.59504e-05
5.59488e-05
5.59471e-05
5.59455e-05
5.59439e-05
5.59423e-05
5.59407e-05
5.59391e-05
5.59375e-05
5.59359e-05
5.59343e-05
5.59326e-05
5.5931e-05
5.59294e-05
5.59278e-05
5.59262e-05
5.59246e-05
5.5923e-05
5.59214e-05
5.59198e-05
5.59182e-05
5.59166e-05
5.5915e-05
5.59134e-05
5.59118e-05
5.59102e-05
5.59086e-05
5.5907e-05
5.59054e-05
5.59038e-05
5.59022e-05
5.59006e-05
5.5899e-05
5.58974e-05
5.58958e-05
5.58942e-05
5.58926e-05
5.5891e-05
5.58894e-05
5.58878e-05
5.58862e-05
5.58846e-05
5.5883e-05
5.58814e-05
5.58798e-05
5.58782e-05
5.58766e-05
5.58751e-05
5.58735e-05
5.58719e-05
5.58703e-05
5.58687e-05
5.58671e-05
5.58655e-05
5.58639e-05
5.58624e-05
5.58608e-05
5.58592e-05
5.58576e-05
5.5856e-05
5.58544e-05
5.58528e-05
5.58513e-05
5.58497e-05
5.58481e-05
5.58465e-05
5.58449e-05
5.58434e-05
5.58418e-05
5.58402e-05
5.58386e-05
5.5837e-05
5.58355e-05
5.58339e-05
5.58323e-05
5.58307e-05
5.58292e-05
5.58276e-05
5.5826e-05
5.58244e-05
5.58229e-05
5.58213e-05
5.58197e-05
5.58181e-05
5.58166e-05
5.5815e-05
5.58134e-05
5.58119e-05
5.58103e-05
5.58087e-05
5.58072e-05
5.58056e-05
5.5804e-05
5.58025e-05
5.58009e-05
5.57993e-05
5.57978e-05
5.57962e-05
5.57946e-05
5.57931e-05
5.57915e-05
5.57899e-05
5.57884e-05
5.57868e-05
5.57853e-05
5.57837e-05
5.57821e-05
5.57806e-05
5.5779e-05
5.57775e-05
5.57759e-05
5.57743e-05
5.57728e-05
5.57712e-05
5.57697e-05
5.57681e-05
5.57666e-05
5.5765e-05
5.57635e-05
5.57619e-05
5.57604e-05
5.57588e-05
5.57572e-05
5.57557e-05
5.57541e-05
5.57526e-05
5.5751e-05
5.57495e-05
5.57479e-05
5.57464e-05
5.57449e-05
5.57433e-05
5.57418e-05
5.57402e-05
5.57387e-05
5.57371e-05
5.57356e-05
5.5734e-05
5.57325e-05
5.57309e-05
5.57294e-05
5.57279e-05
5.57263e-05
5.57248e-05
5.57232e-05
5.57217e-05
5.57202e-05
5.57186e-05
5.57171e-05
5.57155e-05
5.5714e-05
5.57125e-05
5.57109e-05
5.57094e-05
5.57079e-05
5.57063e-05
5.57048e-05
5.57032e-05
5.57017e-05
5.57002e-05
5.56986e-05
5.56971e-05
5.56956e-05
5.5694e-05
5.56925e-05
5.5691e-05
5.56895e-05
5.56879e-05
5.56864e-05
5.56849e-05
5.56833e-05
5.56818e-05
5.56803e-05
5.56788e-05
5.56772e-05
5.56757e-05
5.56742e-05
5.56727e-05
5.56711e-05
5.56696e-05
5.56681e-05
5.56666e-05
5.5665e-05
5.56635e-05
5.5662e-05
5.56605e-05
5.5659e-05
5.56574e-05
5.56559e-05
5.56544e-05
5.56529e-05
5.56514e-05
5.56499e-05
5.56483e-05
5.56468e-05
5.56453e-05
5.56438e-05
5.56423e-05
5.56408e-05
5.56392e-05
5.56377e-05
5.56362e-05
5.56347e-05
5.56332e-05
5.56317e-05
5.56302e-05
5.56287e-05
5.56272e-05
5.56256e-05
5.56241e-05
5.56226e-05
5.56211e-05
5.56196e-05
5.56181e-05
5.56166e-05
5.56151e-05
5.56136e-05
5.56121e-05
5.56106e-05
5.56091e-05
5.56076e-05
5.56061e-05
5.56046e-05
5.56031e-05
5.56016e-05
5.56001e-05
5.55986e-05
5.55971e-05
5.55956e-05
5.55941e-05
5.55926e-05
5.55911e-05
5.55896e-05
5.55881e-05
5.55866e-05
5.55851e-05
5.55836e-05
5.55821e-05
5.55806e-05
5.55791e-05
5.55776e-05
5.55761e-05
5.55746e-05
5.55731e-05
5.55716e-05
5.55701e-05
5.55686e-05
5.55672e-05
5.55657e-05
5.55642e-05
5.55627e-05
5.55612e-05
5.55597e-05
5.55582e-05
5.55567e-05
5.55552e-05
5.55538e-05
5.55523e-05
5.55508e-05
5.55493e-05
5.55478e-05
5.55463e-05
5.55449e-05
5.55434e-05
5.55419e-05
5.55404e-05
5.55389e-05
5.55374e-05
5.5536e-05
5.55345e-05
5.5533e-05
5.55315e-05
5.553e-05
5.55286e-05
5.55271e-05
5.55256e-05
5.55241e-05
5.55227e-05
5.55212e-05
5.55197e-05
5.55182e-05
5.55168e-05
5.55153e-05
5.55138e-05
5.55123e-05
5.55109e-05
5.55094e-05
5.55079e-05
5.55064e-05
5.5505e-05
5.55035e-05
5.5502e-05
5.55006e-05
5.54991e-05
5.54976e-05
5.54962e-05
5.54947e-05
5.54932e-05
5.54918e-05
5.54903e-05
5.54888e-05
5.54874e-05
5.54859e-05
5.54844e-05
5.5483e-05
5.54815e-05
5.548e-05
5.54786e-05
5.54771e-05
5.54757e-05
5.54742e-05
5.54727e-05
5.54713e-05
5.54698e-05
5.54684e-05
5.54669e-05
5.54654e-05
5.5464e-05
5.54625e-05
5.54611e-05
5.54596e-05
5.54582e-05
5.54567e-05
5.54552e-05
5.54538e-05
5.54523e-05
5.54509e-05
5.54494e-05
5.5448e-05
5.54465e-05
5.54451e-05
5.54436e-05
5.54422e-05
5.54407e-05
5.54393e-05
5.54378e-05
5.54364e-05
5.54349e-05
5.54335e-05
5.5432e-05
5.54306e-05
5.54291e-05
5.54277e-05
5.54262e-05
5.54248e-05
5.54234e-05
5.54219e-05
5.54205e-05
5.5419e-05
5.54176e-05
5.54161e-05
5.54147e-05
5.54132e-05
5.54118e-05
5.54104e-05
5.54089e-05
5.54075e-05
5.5406e-05
5.54046e-05
5.54032e-05
5.54017e-05
5.54003e-05
5.53989e-05
5.53974e-05
5.5396e-05
5.53945e-05
5.53931e-05
5.53917e-05
5.53902e-05
5.53888e-05
5.53874e-05
5.53859e-05
5.53845e-05
5.53831e-05
5.53816e-05
5.53802e-05
5.53788e-05
5.53774e-05
5.53759e-05
5.53745e-05
5.53731e-05
5.53716e-05
5.53702e-05
5.53688e-05
5.53674e-05
5.53659e-05
5.53645e-05
5.53631e-05
5.53617e-05
5.53602e-05
5.53588e-05
5.53574e-05
5.5356e-05
5.53545e-05
5.53531e-05
5.53517e-05
5.53503e-05
5.53488e-05
5.53474e-05
5.5346e-05
5.53446e-05
5.53432e-05
5.53417e-05
5.53403e-05
5.53389e-05
5.53375e-05
5.53361e-05
5.53347e-05
5.53332e-05
5.53318e-05
5.53304e-05
5.5329e-05
5.53276e-05
5.53262e-05
5.53247e-05
5.53233e-05
5.53219e-05
5.53205e-05
5.53191e-05
5.53177e-05
5.53163e-05
5.53149e-05
5.53135e-05
5.5312e-05
5.53106e-05
5.53092e-05
5.53078e-05
5.53064e-05
5.5305e-05
5.53036e-05
5.53022e-05
5.53008e-05
5.52994e-05
5.5298e-05
5.52966e-05
5.52952e-05
5.52938e-05
5.52924e-05
5.52909e-05
5.52895e-05
5.52881e-05
5.52867e-05
5.52853e-05
5.52839e-05
5.52825e-05
5.52811e-05
5.52797e-05
5.52783e-05
5.52769e-05
5.52755e-05
5.52741e-05
5.52727e-05
5.52713e-05
5.527e-05
5.52686e-05
5.52672e-05
5.52658e-05
5.52644e-05
5.5263e-05
5.52616e-05
5.52602e-05
5.52588e-05
5.52574e-05
5.5256e-05
5.52546e-05
5.52532e-05
5.52518e-05
5.52504e-05
5.52491e-05
5.52477e-05
5.52463e-05
5.52449e-05
5.52435e-05
5.52421e-05
5.52407e-05
5.52393e-05
5.5238e-05
5.52366e-05
5.52352e-05
5.52338e-05
5.52324e-05
5.5231e-05
5.52296e-05
5.52283e-05
5.52269e-05
5.52255e-05
5.52241e-05
5.52227e-05
5.52213e-05
5.522e-05
5.52186e-05
5.52172e-05
5.52158e-05
5.52144e-05
5.52131e-05
5.52117e-05
5.52103e-05
5.52089e-05
5.52076e-05
5.52062e-05
5.52048e-05
5.52034e-05
5.5202e-05
5.52007e-05
5.51993e-05
5.51979e-05
5.51966e-05
5.51952e-05
5.51938e-05
5.51924e-05
5.51911e-05
5.51897e-05
5.51883e-05
5.51869e-05
5.51856e-05
5.51842e-05
5.51828e-05
5.51815e-05
5.51801e-05
5.51787e-05
5.51774e-05
5.5176e-05
5.51746e-05
5.51733e-05
5.51719e-05
5.51705e-05
5.51692e-05
5.51678e-05
5.51664e-05
5.51651e-05
5.51637e-05
5.51623e-05
5.5161e-05
5.51596e-05
5.51583e-05
5.51569e-05
5.51555e-05
5.51542e-05
5.51528e-05
5.51515e-05
5.51501e-05
5.51487e-05
5.51474e-05
5.5146e-05
5.51447e-05
5.51433e-05
5.51419e-05
5.51406e-05
5.51392e-05
5.51379e-05
5.51365e-05
5.51352e-05
5.51338e-05
5.51325e-05
5.51311e-05
5.51298e-05
5.51284e-05
5.51271e-05
5.51257e-05
5.51243e-05
5.5123e-05
5.51216e-05
5.51203e-05
5.51189e-05
5.51176e-05
5.51162e-05
5.51149e-05
5.51136e-05
5.51122e-05
5.51109e-05
5.51095e-05
5.51082e-05
5.51068e-05
5.51055e-05
5.51041e-05
5.51028e-05
5.51014e-05
5.51001e-05
5.50987e-05
5.50974e-05
5.50961e-05
5.50947e-05
5.50934e-05
5.5092e-05
5.50907e-05
5.50894e-05
5.5088e-05
5.50867e-05
5.50853e-05
5.5084e-05
5.50827e-05
5.50813e-05
5.508e-05
5.50786e-05
5.50773e-05
5.5076e-05
5.50746e-05
5.50733e-05
5.5072e-05
5.50706e-05
5.50693e-05
5.5068e-05
5.50666e-05
5.50653e-05
5.5064e-05
5.50626e-05
5.50613e-05
5.506e-05
5.50586e-05
5.50573e-05
5.5056e-05
5.50546e-05
5.50533e-05
5.5052e-05
5.50507e-05
5.50493e-05
5.5048e-05
5.50467e-05
5.50453e-05
5.5044e-05
5.50427e-05
5.50414e-05
5.504e-05
5.50387e-05
5.50374e-05
5.50361e-05
5.50347e-05
5.50334e-05
5.50321e-05
5.50308e-05
5.50295e-05
5.50281e-05
5.50268e-05
5.50255e-05
5.50242e-05
5.50228e-05
5.50215e-05
5.50202e-05
5.50189e-05
5.50176e-05
5.50163e-05
5.50149e-05
5.50136e-05
5.50123e-05
5.5011e-05
5.50097e-05
5.50084e-05
5.5007e-05
5.50057e-05
5.50044e-05
5.50031e-05
5.50018e-05
5.50005e-05
5.49992e-05
5.49978e-05
5.49965e-05
5.49952e-05
5.49939e-05
5.49926e-05
5.49913e-05
5.499e-05
5.49887e-05
5.49874e-05
5.4986e-05
5.49847e-05
5.49834e-05
5.49821e-05
5.49808e-05
5.49795e-05
5.49782e-05
5.49769e-05
5.49756e-05
5.49743e-05
5.4973e-05
5.49717e-05
5.49704e-05
5.49691e-05
5.49678e-05
5.49665e-05
5.49652e-05
5.49639e-05
5.49626e-05
5.49613e-05
5.496e-05
5.49587e-05
5.49574e-05
5.49561e-05
5.49548e-05
5.49535e-05
5.49522e-05
5.49509e-05
5.49496e-05
5.49483e-05
5.4947e-05
5.49457e-05
5.49444e-05
5.49431e-05
5.49418e-05
5.49405e-05
5.49392e-05
5.49379e-05
5.49366e-05
5.49353e-05
5.4934e-05
5.49327e-05
5.49314e-05
5.49301e-05
5.49288e-05
5.49276e-05
5.49263e-05
5.4925e-05
5.49237e-05
5.49224e-05
5.49211e-05
5.49198e-05
5.49185e-05
5.49172e-05
5.4916e-05
5.49147e-05
5.49134e-05
5.49121e-05
5.49108e-05
5.49095e-05
5.49082e-05
5.4907e-05
5.49057e-05
5.49044e-05
5.49031e-05
5.49018e-05
5.49005e-05
5.48993e-05
5.4898e-05
5.48967e-05
5.48954e-05
5.48941e-05
5.48928e-05
5.48916e-05
5.48903e-05
5.4889e-05
5.48877e-05
5.48865e-05
5.48852e-05
5.48839e-05
5.48826e-05
5.48813e-05
5.48801e-05
5.48788e-05
5.48775e-05
5.48762e-05
5.4875e-05
5.48737e-05
5.48724e-05
5.48711e-05
5.48699e-05
5.48686e-05
5.48673e-05
5.4866e-05
5.48648e-05
5.48635e-05
5.48622e-05
5.4861e-05
5.48597e-05
5.48584e-05
5.48571e-05
5.48559e-05
5.48546e-05
5.48533e-05
5.48521e-05
5.48508e-05
5.48495e-05
5.48483e-05
5.4847e-05
5.48457e-05
5.48445e-05
5.48432e-05
5.48419e-05
5.48407e-05
5.48394e-05
5.48381e-05
5.48369e-05
5.48356e-05
5.48344e-05
5.48331e-05
5.48318e-05
5.48306e-05
5.48293e-05
5.48281e-05
5.48268e-05
5.48255e-05
5.48243e-05
5.4823e-05
5.48218e-05
5.48205e-05
5.48192e-05
5.4818e-05
5.48167e-05
5.48155e-05
5.48142e-05
5.48129e-05
5.48117e-05
5.48104e-05
5.48092e-05
5.48079e-05
5.48067e-05
5.48054e-05
5.48042e-05
5.48029e-05
5.48017e-05
5.48004e-05
5.47992e-05
5.47979e-05
5.47967e-05
5.47954e-05
5.47941e-05
5.47929e-05
5.47916e-05
5.47904e-05
5.47891e-05
5.47879e-05
5.47867e-05
5.47854e-05
5.47842e-05
5.47829e-05
5.47817e-05
5.47804e-05
5.47792e-05
5.47779e-05
5.47767e-05
5.47754e-05
5.47742e-05
5.47729e-05
5.47717e-05
5.47705e-05
5.47692e-05
5.4768e-05
5.47667e-05
5.47655e-05
5.47642e-05
5.4763e-05
5.47618e-05
5.47605e-05
5.47593e-05
5.4758e-05
5.47568e-05
5.47556e-05
5.47543e-05
5.47531e-05
5.47518e-05
5.47506e-05
5.47494e-05
5.47481e-05
5.47469e-05
5.47457e-05
5.47444e-05
5.47432e-05
5.4742e-05
5.47407e-05
5.47395e-05
5.47383e-05
5.4737e-05
5.47358e-05
5.47346e-05
5.47333e-05
5.47321e-05
5.47309e-05
5.47296e-05
5.47284e-05
5.47272e-05
5.47259e-05
5.47247e-05
5.47235e-05
5.47222e-05
5.4721e-05
5.47198e-05
5.47186e-05
5.47173e-05
5.47161e-05
5.47149e-05
5.47137e-05
5.47124e-05
5.47112e-05
5.471e-05
5.47087e-05
5.47075e-05
5.47063e-05
5.47051e-05
5.47039e-05
5.47026e-05
5.47014e-05
5.47002e-05
5.4699e-05
5.46977e-05
5.46965e-05
5.46953e-05
5.46941e-05
5.46929e-05
5.46916e-05
5.46904e-05
5.46892e-05
5.4688e-05
5.46868e-05
5.46855e-05
5.46843e-05
5.46831e-05
5.46819e-05
5.46807e-05
5.46795e-05
5.46782e-05
5.4677e-05
5.46758e-05
5.46746e-05
5.46734e-05
5.46722e-05
5.4671e-05
5.46697e-05
5.46685e-05
5.46673e-05
5.46661e-05
5.46649e-05
5.46637e-05
5.46625e-05
5.46613e-05
5.466e-05
5.46588e-05
5.46576e-05
5.46564e-05
5.46552e-05
5.4654e-05
5.46528e-05
5.46516e-05
5.46504e-05
5.46492e-05
5.4648e-05
5.46467e-05
5.46455e-05
5.46443e-05
5.46431e-05
5.46419e-05
5.46407e-05
5.46395e-05
5.46383e-05
5.46371e-05
5.46359e-05
5.46347e-05
5.46335e-05
5.46323e-05
5.46311e-05
5.46299e-05
5.46287e-05
5.46275e-05
5.46263e-05
5.46251e-05
5.46239e-05
5.46227e-05
5.46215e-05
5.46203e-05
5.46191e-05
5.46179e-05
5.46167e-05
5.46155e-05
5.46143e-05
5.46131e-05
5.46119e-05
5.46107e-05
5.46095e-05
5.46083e-05
5.46071e-05
5.46059e-05
5.46047e-05
5.46035e-05
5.46024e-05
5.46012e-05
5.46e-05
5.45988e-05
5.45976e-05
5.45964e-05
5.45952e-05
5.4594e-05
5.45928e-05
5.45916e-05
5.45904e-05
5.45893e-05
5.45881e-05
5.45869e-05
5.45857e-05
5.45845e-05
5.45833e-05
5.45821e-05
5.45809e-05
5.45797e-05
5.45786e-05
5.45774e-05
5.45762e-05
5.4575e-05
5.45738e-05
5.45726e-05
5.45714e-05
5.45703e-05
5.45691e-05
5.45679e-05
5.45667e-05
5.45655e-05
5.45644e-05
5.45632e-05
5.4562e-05
5.45608e-05
5.45596e-05
5.45584e-05
5.45573e-05
5.45561e-05
5.45549e-05
5.45537e-05
5.45525e-05
5.45514e-05
5.45502e-05
5.4549e-05
5.45478e-05
5.45467e-05
5.45455e-05
5.45443e-05
5.45431e-05
5.4542e-05
5.45408e-05
5.45396e-05
5.45384e-05
5.45373e-05
5.45361e-05
5.45349e-05
5.45337e-05

