5e-05
5e-05
5e-05
5e-05
5e-05
5e-05
5e-05
5e-05
5e-05
5e-05
5e-05
5e-05
5e-05
5e-05
5e-05
5e-05
5e-05
5e-05
5e-05
5e-05
5e-05
5e-05
5e-05
5e-05
5e-05
5e-05
5e-05
5e-05
5e-05
5e-05
5e-05
5e-05
5e-05
5e-05
5e-05
5e-05
5e-05
5e-05
5e-05
5e-05
5e-05
5e-05
5e-05
5e-05
5e-05
5e-05
5e-05
5e-05
5e-05
5e-05
5e-05
5e-05
5e-05
5e-05
5e-05
5e-05
5e-05
5e-05
5e-05
5e-05
5e-05
5e-05
5e-05
5e-05
5e-05
5e-05
5e-05
5e-05
5e-05
5e-05
5e-05
5e-05
5e-05
5e-05
5e-05
5e-05
5e-05
5e-05
5e-05
5e-05
5e-05
5e-05
5e-05
5e-05
5e-05
5e-05
5e-05
5e-05
5e-05
5e-05
5e-05
5e-05
5e-05
5e-05
5e-05
5e-05
5e-05
5e-05
5e-05
5e-05
5e-05
5e-05
5e-05
5e-05
5e-05
5e-05
5e-05
5e-05
5e-05
5e-05
5e-05
5e-05
5e-05
5e-05
5e-05
5e-05
5e-05
5e-05
5e-05
5e-05
5e-05
5e-05
5e-05
5e-05
5e-05
5e-05
5e-05
5e-05
5e-05
5e-05
5e-05
5e-05
5e-05
5e-05
5e-05
5e-05
5e-05
5e-05
5e-05
5e-05
5e-05
5e-05
5e-05
5e-05
5e-05
5e-05
5e-05
5e-05
5e-05
5e-05
5e-05
5e-05
5e-05
5e-05
5e-05
5e-05
5e-05
5e-05
5e-05
5e-05
5e-05
5e-05
5e-05
5e-05
5e-05
5e-05
5e-05
5e-05
5e-05
5e-05
5e-05
5e-05
5e-05
5e-05
5e-05
5e-05
5e-05
5e-05
5e-05
5e-05
5e-05
5e-05
5e-05
5e-05
5e-05
5e-05
5e-05
5e-05
5e-05
5e-05
5e-05
5e-05
5e-05
5e-05
5e-05
5e-05
5e-05
5e-05
5e-05
5e-05
5e-05
5e-05
5e-05
5e-05
5e-05
5e-05
5e-05
5e-05
5e-05
5e-05
5e-05
5e-05
5e-05
5e-05
5e-05
5e-05
5e-05
5e-05
5e-05
5e-05
5e-05
5e-05
5e-05
5e-05
5e-05
5e-05
5e-05
5e-05
5e-05
5e-05
5e-05
5e-05
5e-05
5e-05
5e-05
5e-05
5e-05
5e-05
5e-05
5e-05
5e-05
5e-05
5e-05
5e-05
5e-05
5e-05
5e-05
5e-05
5e-05
5e-05
5e-05
5e-05
5e-05
5e-05
5e-05
5e-05
5e-05
5e-05
5e-05
5e-05
5e-05
5e-05
5e-05
5e-05
5e-05
5e-05
5e-05
5e-05
5e-05
5e-05
5e-05
5e-05
5e-05
5e-05
5e-05
5e-05
5e-05
5e-05
5e-05
5e-05
5e-05
5e-05
5e-05
5e-05
5e-05
5e-05
5e-05
5e-05
5e-05
5e-05
5e-05
5e-05
5e-05
5e-05
5e-05
5e-05
5e-05
5e-05
5e-05
5e-05
5e-05
5e-05
5e-05
5e-05
5e-05
5e-05
5e-05
5e-05
5e-05
5e-05
5e-05
5e-05
5e-05
5e-05
5e-05
5e-05
5e-05
5e-05
5e-05
5e-05
5e-05
5e-05
5e-05
5e-05
5e-05
5e-05
5e-05
5e-05
5e-05
5e-05
5e-05
5e-05
5e-05
5e-05
5e-05
5e-05
5e-05
5e-05
5e-05
5e-05
5e-05
5e-05
5e-05
5e-05
5e-05
5e-05
5e-05
5e-05
5e-05
5e-05
5e-05
5e-05
5e-05
5e-05
5e-05
5e-05
5e-05
5e-05
5e-05
5e-05
5e-05
5e-05
5e-05
5e-05
5e-05
5e-05
5e-05
5e-05
5e-05
5e-05
5e-05
5e-05
5e-05
5e-05
5e-05
5e-05
5e-05
5e-05
5e-05
5e-05
5e-05
5e-05
5e-05
5e-05
5e-05
5e-05
5e-05
5e-05
5e-05
5e-05
5e-05
5e-05
5e-05
5e-05
5e-05
5e-05
5e-05
5e-05
5e-05
5e-05
5e-05
5e-05
5e-05
5e-05
5e-05
5e-05
5e-05
5e-05
5e-05
5e-05
5e-05
5e-05
5e-05
5e-05
5e-05
5e-05
5e-05
5e-05
5e-05
5e-05
5e-05
5e-05
5e-05
5e-05
5e-05
5e-05
5e-05
5e-05
5e-05
5e-05
5e-05
5e-05
5e-05
5e-05
5e-05
5e-05
5e-05
5e-05
5e-05
5e-05
5e-05
5e-05
5e-05
5e-05
5e-05
5e-05
5e-05
5e-05
5e-05
5e-05
5e-05
5e-05
5e-05
5e-05
5e-05
5e-05
5e-05
5e-05
5e-05
5e-05
5e-05
5e-05
5e-05
5e-05
5e-05
5e-05
5e-05
5e-05
5e-05
5e-05
5e-05
5e-05
5e-05
5e-05
5e-05
5e-05
5e-05
5e-05
5e-05
5e-05
5e-05
5e-05
5e-05
5e-05
5e-05
5e-05
5e-05
5e-05
5e-05
5e-05
5e-05
5e-05
5e-05
5e-05
5e-05
5e-05
5e-05
5e-05
5e-05
5e-05
5e-05
5e-05
5e-05
5e-05
5e-05
5e-05
5e-05
5e-05
5e-05
5e-05
5e-05
5e-05
5e-05
5e-05
5e-05
5e-05
5e-05
5e-05
5e-05
5e-05
5e-05
5e-05
5e-05
5e-05
5e-05
5e-05
5e-05
5e-05
5e-05
5e-05
5e-05
5e-05
5e-05
5e-05
5e-05
5e-05
5e-05
5e-05
5e-05
5e-05
5e-05
5e-05
5e-05
5e-05
5e-05
5e-05
5e-05
5e-05
5e-05
5e-05
5e-05
5e-05
5e-05
5e-05
5e-05
5e-05
5e-05
5e-05
5e-05
5e-05
5e-05
5e-05
5e-05
5e-05
5e-05
5e-05
5e-05
5e-05
5e-05
5e-05
5e-05
5e-05
5e-05
5e-05
5e-05
5e-05
5e-05
5e-05
5e-05
5e-05
5e-05
5e-05
5e-05
5e-05
5e-05
5e-05
5e-05
5e-05
5e-05
5e-05
5e-05
5e-05
5e-05
5e-05
5e-05
5e-05
5e-05
5e-05
5e-05
5e-05
5e-05
5e-05
5e-05
5e-05
5e-05
5e-05
5e-05
5e-05
5e-05
5e-05
5e-05
5e-05
5e-05
5e-05
5e-05
5e-05
5e-05
5e-05
5e-05
5e-05
5e-05
5e-05
5e-05
5e-05
5e-05
5e-05
5e-05
5e-05
5e-05
5e-05
5e-05
5e-05
5e-05
5e-05
5e-05
5e-05
5e-05
5e-05
5e-05
5e-05
5e-05
5e-05
5e-05
5e-05
5e-05
5e-05
5e-05
5e-05
5e-05
5e-05
5e-05
5e-05
5e-05
5e-05
5e-05
5e-05
5e-05
5e-05
5e-05
5e-05
5e-05
5e-05
5e-05
5e-05
5e-05
5e-05
5e-05
5e-05
5e-05
5e-05
5e-05
5e-05
5e-05
5e-05
5e-05
5e-05
5e-05
5e-05
5e-05
5e-05
5e-05
5e-05
5e-05
5e-05
5e-05
5e-05
5e-05
5e-05
5e-05
5e-05
5e-05
5e-05
5e-05
5e-05
5e-05
5e-05
5e-05
5e-05
5e-05
5e-05
5e-05
5e-05
5e-05
5e-05
5e-05
5e-05
5e-05
5e-05
5e-05
5e-05
5e-05
5e-05
5e-05
5e-05
5e-05
5e-05
5e-05
5e-05
5e-05
5e-05
5e-05
5e-05
5e-05
5e-05
5e-05
5e-05
5e-05
5e-05
5e-05
5e-05
5e-05
5e-05
5e-05
5e-05
5e-05
5e-05
5e-05
5e-05
5e-05
5e-05
5e-05
5e-05
5e-05
5e-05
5e-05
5e-05
5e-05
5e-05
5e-05
5e-05
5e-05
5e-05
5e-05
5e-05
5e-05
5e-05
5e-05
5e-05
5e-05
5e-05
5e-05
5e-05
5e-05
5e-05
5e-05
5e-05
5e-05
5e-05
5e-05
5e-05
5e-05
5e-05
5e-05
5e-05
5e-05
5e-05
5e-05
5e-05
5e-05
5e-05
5e-05
5e-05
5e-05
5e-05
5e-05
5e-05
5e-05
5e-05
5e-05
5e-05
5e-05
5e-05
5e-05
5e-05
5e-05
5e-05
5e-05
5e-05
5e-05
5e-05
5e-05
5e-05
5e-05
5e-05
5e-05
5e-05
5e-05
5e-05
5e-05
5e-05
5e-05
5e-05
5e-05
5.00001e-05
5.00001e-05
5.00001e-05
5.00001e-05
5.00002e-05
5.00002e-05
5.00003e-05
5.00004e-05
5.00005e-05
5.00006e-05
5.00007e-05
5.00009e-05
5.00011e-05
5.00013e-05
5.00015e-05
5.00018e-05
5.00021e-05
5.00025e-05
5.00029e-05
5.00033e-05
5.00038e-05
5.00044e-05
5.0005e-05
5.00057e-05
5.00064e-05
5.00072e-05
5.00081e-05
5.00091e-05
5.00102e-05
5.00114e-05
5.00126e-05
5.0014e-05
5.00155e-05
5.00171e-05
5.00188e-05
5.00207e-05
5.00227e-05
5.00248e-05
5.00271e-05
5.00296e-05
5.00322e-05
5.0035e-05
5.00379e-05
5.00411e-05
5.00444e-05
5.00479e-05
5.00517e-05
5.00557e-05
5.00599e-05
5.00643e-05
5.00689e-05
5.00739e-05
5.0079e-05
5.00845e-05
5.00902e-05
5.00962e-05
5.01025e-05
5.0109e-05
5.01159e-05
5.01232e-05
5.01307e-05
5.01386e-05
5.01468e-05
5.01554e-05
5.01643e-05
5.01736e-05
5.01833e-05
5.01934e-05
5.02039e-05
5.02148e-05
5.02262e-05
5.02379e-05
5.02501e-05
5.02628e-05
5.02759e-05
5.02895e-05
5.03035e-05
5.03181e-05
5.03331e-05
5.03487e-05
5.03647e-05
5.03813e-05
5.03985e-05
5.04161e-05
5.04343e-05
5.04531e-05
5.04724e-05
5.04924e-05
5.05129e-05
5.0534e-05
5.05556e-05
5.05779e-05
5.06008e-05
5.06244e-05
5.06485e-05
5.06733e-05
5.06988e-05
5.07248e-05
5.07516e-05
5.0779e-05
5.0807e-05
5.08358e-05
5.08652e-05
5.08953e-05
5.0926e-05
5.09575e-05
5.09897e-05
5.10225e-05
5.10561e-05
5.10904e-05
5.11254e-05
5.11611e-05
5.11975e-05
5.12346e-05
5.12725e-05
5.13111e-05
5.13504e-05
5.13905e-05
5.14313e-05
5.14728e-05
5.15151e-05
5.15582e-05
5.16019e-05
5.16464e-05
5.16917e-05
5.17377e-05
5.17844e-05
5.18319e-05
5.18802e-05
5.19291e-05
5.19789e-05
5.20294e-05
5.20806e-05
5.21326e-05
5.21853e-05
5.22388e-05
5.2293e-05
5.23479e-05
5.24036e-05
5.24601e-05
5.25173e-05
5.25752e-05
5.26338e-05
5.26932e-05
5.27533e-05
5.28142e-05
5.28757e-05
5.2938e-05
5.3001e-05
5.30648e-05
5.31292e-05
5.31944e-05
5.32602e-05
5.33268e-05
5.33941e-05
5.34621e-05
5.35307e-05
5.36001e-05
5.36702e-05
5.37409e-05
5.38123e-05
5.38844e-05
5.39571e-05
5.40306e-05
5.41047e-05
5.41794e-05
5.42548e-05
5.43308e-05
5.44075e-05
5.44849e-05
5.45628e-05
5.46414e-05
5.47206e-05
5.48005e-05
5.48809e-05
5.4962e-05
5.50436e-05
5.51259e-05
5.52087e-05
5.52922e-05
5.53762e-05
5.54608e-05
5.55459e-05
5.56317e-05
5.5718e-05
5.58048e-05
5.58922e-05
5.59801e-05
5.60686e-05
5.61576e-05
5.62471e-05
5.63371e-05
5.64277e-05
5.65187e-05
5.66103e-05
5.67023e-05
5.67948e-05
5.68878e-05
5.69813e-05
5.70753e-05
5.71697e-05
5.72645e-05
5.73599e-05
5.74556e-05
5.75518e-05
5.76485e-05
5.77455e-05
5.7843e-05
5.79409e-05
5.80392e-05
5.81379e-05
5.82369e-05
5.83364e-05
5.84363e-05
5.85365e-05
5.86371e-05
5.8738e-05
5.88394e-05
5.8941e-05
5.9043e-05
5.91453e-05
5.9248e-05
5.9351e-05
5.94543e-05
5.95579e-05
5.96619e-05
5.97661e-05
5.98706e-05
5.99754e-05
6.00805e-05
6.01859e-05
6.02915e-05
6.03974e-05
6.05035e-05
6.06099e-05
6.07165e-05
6.08234e-05
6.09305e-05
6.10379e-05
6.11454e-05
6.12532e-05
6.13612e-05
6.14693e-05
6.15777e-05
6.16863e-05
6.1795e-05
6.19039e-05
6.2013e-05
6.21223e-05
6.22317e-05
6.23413e-05
6.2451e-05
6.25609e-05
6.26709e-05
6.27811e-05
6.28914e-05
6.30018e-05
6.31123e-05
6.32229e-05
6.33336e-05
6.34445e-05
6.35554e-05
6.36664e-05
6.37775e-05
6.38887e-05
6.4e-05
6.41113e-05
6.42227e-05
6.43341e-05
6.44456e-05
6.45572e-05
6.46688e-05
6.47804e-05
6.48921e-05
6.50038e-05
6.51155e-05
6.52273e-05
6.5339e-05
6.54508e-05
6.55626e-05
6.56744e-05
6.57861e-05
6.58979e-05
6.60097e-05
6.61214e-05
6.62331e-05
6.63448e-05
6.64565e-05
6.65681e-05
6.66797e-05
6.67912e-05
6.69027e-05
6.70142e-05
6.71255e-05
6.72369e-05
6.73481e-05
6.74593e-05
6.75704e-05
6.76815e-05
6.77925e-05
6.79033e-05
6.80141e-05
6.81248e-05
6.82354e-05
6.8346e-05
6.84564e-05
6.85667e-05
6.86769e-05
6.87869e-05
6.88969e-05
6.90067e-05
6.91164e-05
6.9226e-05
6.93355e-05
6.94448e-05
6.9554e-05
6.9663e-05
6.97719e-05
6.98807e-05
6.99893e-05
7.00977e-05
7.0206e-05
7.03142e-05
7.04221e-05
7.05299e-05
7.06376e-05
7.0745e-05
7.08523e-05
7.09594e-05
7.10664e-05
7.11731e-05
7.12797e-05
7.13861e-05
7.14922e-05
7.15982e-05
7.1704e-05
7.18096e-05
7.1915e-05
7.20202e-05
7.21252e-05
7.22299e-05
7.23345e-05
7.24388e-05
7.2543e-05
7.26469e-05
7.27506e-05
7.2854e-05
7.29573e-05
7.30603e-05
7.31631e-05
7.32656e-05
7.33679e-05
7.347e-05
7.35718e-05
7.36734e-05
7.37748e-05
7.38759e-05
7.39768e-05
7.40774e-05
7.41778e-05
7.42779e-05
7.43778e-05
7.44774e-05
7.45767e-05
7.46758e-05
7.47747e-05
7.48732e-05
7.49715e-05
7.50696e-05
7.51674e-05
7.52649e-05
7.53621e-05
7.54591e-05
7.55558e-05
7.56522e-05
7.57483e-05
7.58442e-05
7.59398e-05
7.60351e-05
7.61301e-05
7.62249e-05
7.63193e-05
7.64135e-05
7.65074e-05
7.6601e-05
7.66943e-05
7.67873e-05
7.688e-05
7.69725e-05
7.70646e-05
7.71565e-05
7.7248e-05
7.73393e-05
7.74302e-05
7.75209e-05
7.76113e-05
7.77013e-05
7.77911e-05
7.78805e-05
7.79697e-05
7.80586e-05
7.81471e-05
7.82353e-05
7.83233e-05
7.84109e-05
7.84982e-05
7.85852e-05
7.8672e-05
7.87583e-05
7.88444e-05
7.89302e-05
7.90157e-05
7.91008e-05
7.91856e-05
7.92702e-05
7.93544e-05
7.94383e-05
7.95218e-05
7.96051e-05
7.96881e-05
7.97707e-05
7.9853e-05
7.9935e-05
8.00167e-05
8.0098e-05
8.01791e-05
8.02598e-05
8.03402e-05
8.04203e-05
8.05e-05
8.05795e-05
8.06586e-05
8.07374e-05
8.08159e-05
8.0894e-05
8.09719e-05
8.10494e-05
8.11266e-05
8.12035e-05
8.128e-05
8.13562e-05
8.14321e-05
8.15077e-05
8.1583e-05
8.16579e-05
8.17325e-05
8.18068e-05
8.18808e-05
8.19544e-05
8.20278e-05
8.21007e-05
8.21734e-05
8.22458e-05
8.23178e-05
8.23895e-05
8.24609e-05
8.25319e-05
8.26027e-05
8.26731e-05
8.27432e-05
8.28129e-05
8.28824e-05
8.29515e-05
8.30203e-05
8.30888e-05
8.31569e-05
8.32248e-05
8.32923e-05
8.33595e-05
8.34263e-05
8.34929e-05
8.35591e-05
8.3625e-05
8.36906e-05
8.37559e-05
8.38208e-05
8.38854e-05
8.39497e-05
8.40137e-05
8.40774e-05
8.41407e-05
8.42037e-05
8.42665e-05
8.43288e-05
8.43909e-05
8.44527e-05
8.45141e-05
8.45752e-05
8.46361e-05
8.46966e-05
8.47567e-05
8.48166e-05
8.48761e-05
8.49354e-05
8.49943e-05
8.50529e-05
8.51112e-05
8.51692e-05
8.52268e-05
8.52842e-05
8.53413e-05
8.5398e-05
8.54544e-05
8.55105e-05
8.55663e-05
8.56218e-05
8.5677e-05
8.57319e-05
8.57865e-05
8.58407e-05
8.58947e-05
8.59484e-05
8.60017e-05
8.60548e-05
8.61075e-05
8.61599e-05
8.62121e-05
8.62639e-05
8.63154e-05
8.63667e-05
8.64176e-05
8.64682e-05
8.65185e-05
8.65686e-05
8.66183e-05
8.66677e-05
8.67168e-05
8.67657e-05
8.68142e-05
8.68625e-05
8.69104e-05
8.69581e-05
8.70054e-05
8.70525e-05
8.70993e-05
8.71457e-05
8.71919e-05
8.72378e-05
8.72834e-05
8.73287e-05
8.73738e-05
8.74185e-05
8.7463e-05
8.75071e-05
8.7551e-05
8.75946e-05
8.76379e-05
8.76809e-05
8.77237e-05
8.77661e-05
8.78083e-05
8.78502e-05
8.78918e-05
8.79331e-05
8.79742e-05
8.80149e-05
8.80554e-05
8.80957e-05
8.81356e-05
8.81752e-05
8.82146e-05
8.82537e-05
8.82926e-05
8.83311e-05
8.83694e-05
8.84074e-05
8.84452e-05
8.84827e-05
8.85199e-05
8.85568e-05
8.85935e-05
8.86299e-05
8.8666e-05
8.87019e-05
8.87375e-05
8.87728e-05
8.88079e-05
8.88427e-05
8.88772e-05
8.89115e-05
8.89455e-05
8.89793e-05
8.90128e-05
8.9046e-05
8.9079e-05
8.91117e-05
8.91441e-05
8.91764e-05
8.92083e-05
8.924e-05
8.92714e-05
8.93026e-05
8.93336e-05
8.93642e-05
8.93947e-05
8.94249e-05
8.94548e-05
8.94845e-05
8.95139e-05
8.95431e-05
8.9572e-05
8.96007e-05
8.96292e-05
8.96574e-05
8.96853e-05
8.9713e-05
8.97405e-05
8.97677e-05
8.97947e-05
8.98215e-05
8.9848e-05
8.98743e-05
8.99003e-05
8.99261e-05
8.99516e-05
8.9977e-05
9.00021e-05
9.00269e-05
9.00515e-05
9.00759e-05
9.01001e-05
9.0124e-05
9.01477e-05
9.01712e-05
9.01944e-05
9.02174e-05
9.02402e-05
9.02627e-05
9.0285e-05
9.03071e-05
9.0329e-05
9.03507e-05
9.03721e-05
9.03933e-05
9.04143e-05
9.0435e-05
9.04556e-05
9.04759e-05
9.0496e-05
9.05159e-05
9.05355e-05
9.0555e-05
9.05742e-05
9.05932e-05
9.0612e-05
9.06306e-05
9.0649e-05
9.06672e-05
9.06851e-05
9.07029e-05
9.07204e-05
9.07377e-05
9.07548e-05
9.07717e-05
9.07884e-05
9.08049e-05
9.08212e-05
9.08373e-05
9.08532e-05
9.08689e-05
9.08843e-05
9.08996e-05
9.09147e-05
9.09295e-05
9.09442e-05
9.09587e-05
9.09729e-05
9.0987e-05
9.10009e-05
9.10145e-05
9.1028e-05
9.10413e-05
9.10544e-05
9.10673e-05
9.108e-05
9.10925e-05
9.11048e-05
9.1117e-05
9.11289e-05
9.11407e-05
9.11522e-05
9.11636e-05
9.11748e-05
9.11858e-05
9.11966e-05
9.12072e-05
9.12176e-05
9.12279e-05
9.1238e-05
9.12479e-05
9.12576e-05
9.12671e-05
9.12765e-05
9.12856e-05
9.12946e-05
9.13034e-05
9.13121e-05
9.13205e-05
9.13288e-05
9.13369e-05
9.13448e-05
9.13526e-05
9.13602e-05
9.13676e-05
9.13748e-05
9.13819e-05
9.13888e-05
9.13955e-05
9.1402e-05
9.14084e-05
9.14146e-05
9.14207e-05
9.14265e-05
9.14323e-05
9.14378e-05
9.14432e-05
9.14484e-05
9.14534e-05
9.14583e-05
9.14631e-05
9.14676e-05
9.1472e-05
9.14763e-05
9.14803e-05
9.14843e-05
9.1488e-05
9.14916e-05
9.14951e-05
9.14984e-05
9.15015e-05
9.15045e-05
9.15073e-05
9.151e-05
9.15125e-05
9.15148e-05
9.1517e-05
9.15191e-05
9.1521e-05
9.15228e-05
9.15244e-05
9.15258e-05
9.15271e-05
9.15283e-05
9.15293e-05
9.15301e-05
9.15309e-05
9.15314e-05
9.15319e-05
9.15321e-05
9.15323e-05
9.15323e-05
9.15321e-05
9.15318e-05
9.15314e-05
9.15308e-05
9.15301e-05
9.15292e-05
9.15282e-05
9.15271e-05
9.15258e-05
9.15244e-05
9.15229e-05
9.15212e-05
9.15193e-05
9.15174e-05
9.15153e-05
9.15131e-05
9.15107e-05
9.15082e-05
9.15056e-05
9.15028e-05
9.14999e-05
9.14969e-05
9.14938e-05
9.14905e-05
9.14871e-05
9.14835e-05
9.14799e-05
9.14761e-05
9.14722e-05
9.14681e-05
9.14639e-05
9.14597e-05
9.14552e-05
9.14507e-05
9.1446e-05
9.14412e-05
9.14363e-05
9.14313e-05
9.14261e-05
9.14208e-05
9.14154e-05
9.14099e-05
9.14043e-05
9.13985e-05
9.13926e-05
9.13866e-05
9.13805e-05
9.13743e-05
9.13679e-05
9.13615e-05
9.13549e-05
9.13482e-05
9.13414e-05
9.13345e-05
9.13274e-05
9.13203e-05
9.1313e-05
9.13056e-05
9.12982e-05
9.12906e-05
9.12829e-05
9.12751e-05
9.12671e-05
9.12591e-05
9.1251e-05
9.12427e-05
9.12344e-05
9.12259e-05
9.12173e-05
9.12087e-05
9.11999e-05
9.1191e-05
9.1182e-05
9.11729e-05
9.11637e-05
9.11544e-05
9.1145e-05
9.11355e-05
9.11259e-05
9.11162e-05
9.11064e-05
9.10965e-05
9.10865e-05
9.10764e-05
9.10662e-05
9.10559e-05
9.10455e-05
9.1035e-05
9.10244e-05
9.10137e-05
9.10029e-05
9.0992e-05
9.0981e-05
9.097e-05
9.09588e-05
9.09475e-05
9.09362e-05
9.09247e-05
9.09132e-05
9.09016e-05
9.08899e-05
9.0878e-05
9.08661e-05
9.08541e-05
9.08421e-05
9.08299e-05
9.08176e-05
9.08053e-05
9.07928e-05
9.07803e-05
9.07677e-05
9.0755e-05
9.07422e-05
9.07293e-05
9.07164e-05
9.07033e-05
9.06902e-05
9.0677e-05
9.06637e-05
9.06503e-05
9.06369e-05
9.06233e-05
9.06097e-05
9.0596e-05
9.05822e-05
9.05683e-05
9.05543e-05
9.05403e-05
9.05262e-05
9.0512e-05
9.04977e-05
9.04834e-05
9.0469e-05
9.04545e-05
9.04399e-05
9.04252e-05
9.04105e-05
9.03957e-05
9.03808e-05
9.03658e-05
9.03508e-05
9.03356e-05
9.03205e-05
9.03052e-05
9.02899e-05
9.02744e-05
9.0259e-05
9.02434e-05
9.02278e-05
9.02121e-05
9.01963e-05
9.01805e-05
9.01645e-05
9.01486e-05
9.01325e-05
9.01164e-05
9.01002e-05
9.00839e-05
9.00676e-05
9.00512e-05
9.00347e-05
9.00182e-05
9.00016e-05
8.99849e-05
8.99682e-05
8.99514e-05
8.99345e-05
8.99176e-05
8.99006e-05
8.98836e-05
8.98664e-05
8.98492e-05
8.9832e-05
8.98147e-05
8.97973e-05
8.97799e-05
8.97624e-05
8.97448e-05
8.97272e-05
8.97095e-05
8.96917e-05
8.96739e-05
8.96561e-05
8.96381e-05
8.96201e-05
8.96021e-05
8.9584e-05
8.95658e-05
8.95476e-05
8.95293e-05
8.9511e-05
8.94926e-05
8.94741e-05
8.94556e-05
8.9437e-05
8.94184e-05
8.93997e-05
8.9381e-05
8.93622e-05
8.93434e-05
8.93245e-05
8.93055e-05
8.92865e-05
8.92675e-05
8.92483e-05
8.92292e-05
8.921e-05
8.91907e-05
8.91714e-05
8.9152e-05
8.91326e-05
8.91131e-05
8.90935e-05
8.9074e-05
8.90543e-05
8.90347e-05
8.90149e-05
8.89951e-05
8.89753e-05
8.89554e-05
8.89355e-05
8.89155e-05
8.88955e-05
8.88754e-05
8.88553e-05
8.88352e-05
8.88149e-05
8.87947e-05
8.87744e-05
8.8754e-05
8.87336e-05
8.87132e-05
8.86927e-05
8.86722e-05
8.86516e-05
8.8631e-05
8.86103e-05
8.85896e-05
8.85688e-05
8.85481e-05
8.85272e-05
8.85063e-05
8.84854e-05
8.84644e-05
8.84434e-05
8.84224e-05
8.84013e-05
8.83802e-05
8.8359e-05
8.83378e-05
8.83165e-05
8.82952e-05
8.82739e-05
8.82525e-05
8.82311e-05
8.82096e-05
8.81881e-05
8.81666e-05
8.8145e-05
8.81234e-05
8.81018e-05
8.80801e-05
8.80584e-05
8.80366e-05
8.80148e-05
8.7993e-05
8.79711e-05
8.79492e-05
8.79273e-05
8.79053e-05
8.78833e-05
8.78612e-05
8.78391e-05
8.7817e-05
8.77949e-05
8.77727e-05
8.77505e-05
8.77282e-05
8.77059e-05
8.76836e-05
8.76612e-05
8.76388e-05
8.76164e-05
8.7594e-05
8.75715e-05
8.7549e-05
8.75264e-05
8.75038e-05
8.74812e-05
8.74586e-05
8.74359e-05
8.74132e-05
8.73904e-05
8.73677e-05
8.73449e-05
8.7322e-05
8.72992e-05
8.72763e-05
8.72534e-05
8.72304e-05
8.72075e-05
8.71845e-05
8.71614e-05
8.71384e-05
8.71153e-05
8.70922e-05
8.7069e-05
8.70458e-05
8.70226e-05
8.69994e-05
8.69762e-05
8.69529e-05
8.69296e-05
8.69063e-05
8.68829e-05
8.68595e-05
8.68361e-05
8.68127e-05
8.67892e-05
8.67657e-05
8.67422e-05
8.67187e-05
8.66951e-05
8.66715e-05
8.66479e-05
8.66243e-05
8.66006e-05
8.6577e-05
8.65533e-05
8.65295e-05
8.65058e-05
8.6482e-05
8.64582e-05
8.64344e-05
8.64106e-05
8.63867e-05
8.63628e-05
8.63389e-05
8.6315e-05
8.62911e-05
8.62671e-05
8.62431e-05
8.62191e-05
8.61951e-05
8.6171e-05
8.6147e-05
8.61229e-05
8.60988e-05
8.60746e-05
8.60505e-05
8.60263e-05
8.60021e-05
8.59779e-05
8.59537e-05
8.59294e-05
8.59052e-05
8.58809e-05
8.58566e-05
8.58323e-05
8.5808e-05
8.57836e-05
8.57592e-05
8.57348e-05
8.57104e-05
8.5686e-05
8.56616e-05
8.56371e-05
8.56127e-05
8.55882e-05
8.55637e-05
8.55391e-05
8.55146e-05
8.54901e-05
8.54655e-05
8.54409e-05
8.54163e-05
8.53917e-05
8.53671e-05
8.53424e-05
8.53178e-05
8.52931e-05
8.52684e-05
8.52437e-05
8.5219e-05
8.51943e-05
8.51695e-05
8.51448e-05
8.512e-05
8.50952e-05
8.50704e-05
8.50456e-05
8.50208e-05
8.4996e-05
8.49711e-05
8.49462e-05
8.49214e-05
8.48965e-05
8.48716e-05
8.48467e-05
8.48218e-05
8.47968e-05
8.47719e-05
8.47469e-05
8.4722e-05
8.4697e-05
8.4672e-05
8.4647e-05
8.4622e-05
8.4597e-05
8.4572e-05
8.45469e-05
8.45219e-05
8.44968e-05
8.44718e-05
8.44467e-05
8.44216e-05
8.43965e-05
8.43714e-05
8.43463e-05
8.43211e-05
8.4296e-05
8.42709e-05
8.42457e-05
8.42206e-05
8.41954e-05
8.41702e-05
8.4145e-05
8.41198e-05
8.40946e-05
8.40694e-05
8.40442e-05
8.4019e-05
8.39938e-05
8.39685e-05
8.39433e-05
8.3918e-05
8.38928e-05
8.38675e-05
8.38422e-05
8.3817e-05
8.37917e-05
8.37664e-05
8.37411e-05
8.37158e-05
8.36905e-05
8.36651e-05
8.36398e-05
8.36145e-05
8.35892e-05
8.35638e-05
8.35385e-05
8.35131e-05
8.34878e-05
8.34624e-05
8.34371e-05
8.34117e-05
8.33863e-05
8.3361e-05
8.33356e-05
8.33102e-05
8.32848e-05
8.32594e-05
8.3234e-05
8.32086e-05
8.31832e-05
8.31578e-05
8.31324e-05
8.3107e-05
8.30816e-05
8.30561e-05
8.30307e-05
8.30053e-05
8.29798e-05
8.29544e-05
8.2929e-05
8.29035e-05
8.28781e-05
8.28527e-05
8.28272e-05
8.28018e-05
8.27763e-05
8.27509e-05
8.27254e-05
8.26999e-05
8.26745e-05
8.2649e-05
8.26236e-05
8.25981e-05
8.25726e-05
8.25472e-05
8.25217e-05
8.24963e-05
8.24708e-05
8.24453e-05
8.24198e-05
8.23944e-05
8.23689e-05
8.23434e-05
8.2318e-05
8.22925e-05
8.2267e-05
8.22416e-05
8.22161e-05
8.21906e-05
8.21651e-05
8.21397e-05
8.21142e-05
8.20887e-05
8.20633e-05
8.20378e-05
8.20123e-05
8.19869e-05
8.19614e-05
8.19359e-05
8.19105e-05
8.1885e-05
8.18595e-05
8.18341e-05
8.18086e-05
8.17832e-05
8.17577e-05
8.17323e-05
8.17068e-05
8.16813e-05
8.16559e-05
8.16305e-05
8.1605e-05
8.15796e-05
8.15541e-05
8.15287e-05
8.15032e-05
8.14778e-05
8.14524e-05
8.1427e-05
8.14015e-05
8.13761e-05
8.13507e-05
8.13253e-05
8.12999e-05
8.12744e-05
8.1249e-05
8.12236e-05
8.11982e-05
8.11728e-05
8.11474e-05
8.11221e-05
8.10967e-05
8.10713e-05
8.10459e-05
8.10205e-05
8.09952e-05
8.09698e-05
8.09444e-05
8.09191e-05
8.08937e-05
8.08684e-05
8.0843e-05
8.08177e-05
8.07923e-05
8.0767e-05
8.07417e-05
8.07163e-05
8.0691e-05
8.06657e-05
8.06404e-05
8.06151e-05
8.05898e-05
8.05645e-05
8.05392e-05
8.05139e-05
8.04886e-05
8.04634e-05
8.04381e-05
8.04128e-05
8.03876e-05
8.03623e-05
8.03371e-05
8.03118e-05
8.02866e-05
8.02614e-05
8.02362e-05
8.02109e-05
8.01857e-05
8.01605e-05
8.01353e-05
8.01101e-05
8.00849e-05
8.00598e-05
8.00346e-05
8.00094e-05
7.99843e-05
7.99591e-05
7.9934e-05
7.99088e-05
7.98837e-05
7.98586e-05
7.98334e-05
7.98083e-05
7.97832e-05
7.97581e-05
7.9733e-05
7.9708e-05
7.96829e-05
7.96578e-05
7.96327e-05
7.96077e-05
7.95826e-05
7.95576e-05
7.95326e-05
7.95075e-05
7.94825e-05
7.94575e-05
7.94325e-05
7.94075e-05
7.93825e-05
7.93576e-05
7.93326e-05
7.93076e-05
7.92827e-05
7.92577e-05
7.92328e-05
7.92079e-05
7.91829e-05
7.9158e-05
7.91331e-05
7.91082e-05
7.90833e-05
7.90585e-05
7.90336e-05
7.90087e-05
7.89839e-05
7.8959e-05
7.89342e-05
7.89094e-05
7.88845e-05
7.88597e-05
7.88349e-05
7.88102e-05
7.87854e-05
7.87606e-05
7.87358e-05
7.87111e-05
7.86863e-05
7.86616e-05
7.86369e-05
7.86122e-05
7.85875e-05
7.85628e-05
7.85381e-05
7.85134e-05
7.84887e-05
7.84641e-05
7.84394e-05
7.84148e-05
7.83901e-05
7.83655e-05
7.83409e-05
7.83163e-05
7.82917e-05
7.82671e-05
7.82426e-05
7.8218e-05
7.81935e-05
7.81689e-05
7.81444e-05
7.81199e-05
7.80954e-05
7.80709e-05
7.80464e-05
7.80219e-05
7.79974e-05
7.7973e-05
7.79485e-05
7.79241e-05
7.78997e-05
7.78753e-05
7.78509e-05
7.78265e-05
7.78021e-05
7.77777e-05
7.77534e-05
7.7729e-05
7.77047e-05
7.76803e-05
7.7656e-05
7.76317e-05
7.76074e-05
7.75831e-05
7.75589e-05
7.75346e-05
7.75104e-05
7.74861e-05
7.74619e-05
7.74377e-05
7.74135e-05
7.73893e-05
7.73651e-05
7.73409e-05
7.73168e-05
7.72926e-05
7.72685e-05
7.72444e-05
7.72203e-05
7.71962e-05
7.71721e-05
7.7148e-05
7.71239e-05
7.70999e-05
7.70758e-05
7.70518e-05
7.70278e-05
7.70038e-05
7.69798e-05
7.69558e-05
7.69318e-05
7.69079e-05
7.68839e-05
7.686e-05
7.68361e-05
7.68122e-05
7.67883e-05
7.67644e-05
7.67405e-05
7.67167e-05
7.66928e-05
7.6669e-05
7.66452e-05
7.66213e-05
7.65975e-05
7.65738e-05
7.655e-05
7.65262e-05
7.65025e-05
7.64787e-05
7.6455e-05
7.64313e-05
7.64076e-05
7.63839e-05
7.63603e-05
7.63366e-05
7.63129e-05
7.62893e-05
7.62657e-05
7.62421e-05
7.62185e-05
7.61949e-05
7.61713e-05
7.61478e-05
7.61242e-05
7.61007e-05
7.60772e-05
7.60537e-05
7.60302e-05
7.60067e-05
7.59833e-05
7.59598e-05
7.59364e-05
7.59129e-05
7.58895e-05
7.58661e-05
7.58427e-05
7.58194e-05
7.5796e-05
7.57727e-05
7.57493e-05
7.5726e-05
7.57027e-05
7.56794e-05
7.56561e-05
7.56329e-05
7.56096e-05
7.55864e-05
7.55632e-05
7.554e-05
7.55168e-05
7.54936e-05
7.54704e-05
7.54472e-05
7.54241e-05
7.5401e-05
7.53779e-05
7.53548e-05
7.53317e-05
7.53086e-05
7.52855e-05
7.52625e-05
7.52395e-05
7.52164e-05
7.51934e-05
7.51704e-05
7.51475e-05
7.51245e-05
7.51016e-05
7.50786e-05
7.50557e-05
7.50328e-05
7.50099e-05
7.4987e-05
7.49642e-05
7.49413e-05
7.49185e-05
7.48956e-05
7.48728e-05
7.485e-05
7.48273e-05
7.48045e-05
7.47817e-05
7.4759e-05
7.47363e-05
7.47136e-05
7.46909e-05
7.46682e-05
7.46455e-05
7.46229e-05
7.46002e-05
7.45776e-05
7.4555e-05
7.45324e-05
7.45098e-05
7.44873e-05
7.44647e-05
7.44422e-05
7.44197e-05
7.43972e-05
7.43747e-05
7.43522e-05
7.43297e-05
7.43073e-05
7.42848e-05
7.42624e-05
7.424e-05
7.42176e-05
7.41952e-05
7.41729e-05
7.41505e-05
7.41282e-05
7.41059e-05
7.40836e-05
7.40613e-05
7.4039e-05
7.40168e-05
7.39945e-05
7.39723e-05
7.39501e-05
7.39279e-05
7.39057e-05
7.38835e-05
7.38613e-05
7.38392e-05
7.38171e-05
7.3795e-05
7.37729e-05
7.37508e-05
7.37287e-05
7.37067e-05
7.36846e-05
7.36626e-05
7.36406e-05
7.36186e-05
7.35966e-05
7.35747e-05
7.35527e-05
7.35308e-05
7.35089e-05
7.3487e-05
7.34651e-05
7.34432e-05
7.34214e-05
7.33995e-05
7.33777e-05
7.33559e-05
7.33341e-05
7.33123e-05
7.32905e-05
7.32688e-05
7.3247e-05
7.32253e-05
7.32036e-05
7.31819e-05
7.31602e-05
7.31386e-05
7.31169e-05
7.30953e-05
7.30737e-05
7.30521e-05
7.30305e-05
7.30089e-05
7.29874e-05
7.29658e-05
7.29443e-05
7.29228e-05
7.29013e-05
7.28798e-05
7.28584e-05
7.28369e-05
7.28155e-05
7.27941e-05
7.27727e-05
7.27513e-05
7.27299e-05
7.27085e-05
7.26872e-05
7.26659e-05
7.26446e-05
7.26233e-05
7.2602e-05
7.25807e-05
7.25595e-05
7.25382e-05
7.2517e-05
7.24958e-05
7.24746e-05
7.24535e-05
7.24323e-05
7.24112e-05
7.239e-05
7.23689e-05
7.23478e-05
7.23268e-05
7.23057e-05
7.22846e-05
7.22636e-05
7.22426e-05
7.22216e-05
7.22006e-05
7.21796e-05
7.21587e-05
7.21377e-05
7.21168e-05
7.20959e-05
7.2075e-05
7.20541e-05
7.20333e-05
7.20124e-05
7.19916e-05
7.19708e-05
7.195e-05
7.19292e-05
7.19084e-05
7.18877e-05
7.18669e-05
7.18462e-05
7.18255e-05
7.18048e-05
7.17841e-05
7.17635e-05
7.17428e-05
7.17222e-05
7.17016e-05
7.1681e-05
7.16604e-05
7.16398e-05
7.16193e-05
7.15987e-05
7.15782e-05
7.15577e-05
7.15372e-05
7.15167e-05
7.14963e-05
7.14758e-05
7.14554e-05
7.1435e-05
7.14146e-05
7.13942e-05
7.13739e-05
7.13535e-05
7.13332e-05
7.13129e-05
7.12926e-05
7.12723e-05
7.1252e-05
7.12317e-05
7.12115e-05
7.11913e-05
7.11711e-05
7.11509e-05
7.11307e-05
7.11105e-05
7.10904e-05
7.10703e-05
7.10501e-05
7.103e-05
7.101e-05
7.09899e-05
7.09698e-05
7.09498e-05
7.09298e-05
7.09098e-05
7.08898e-05
7.08698e-05
7.08499e-05
7.08299e-05
7.081e-05
7.07901e-05
7.07702e-05
7.07503e-05
7.07304e-05
7.07106e-05
7.06908e-05
7.06709e-05
7.06511e-05
7.06314e-05
7.06116e-05
7.05918e-05
7.05721e-05
7.05524e-05
7.05327e-05
7.0513e-05
7.04933e-05
7.04736e-05
7.0454e-05
7.04344e-05
7.04147e-05
7.03951e-05
7.03756e-05
7.0356e-05
7.03364e-05
7.03169e-05
7.02974e-05
7.02779e-05
7.02584e-05
7.02389e-05
7.02195e-05
7.02e-05
7.01806e-05
7.01612e-05
7.01418e-05
7.01224e-05
7.0103e-05
7.00837e-05
7.00644e-05
7.00451e-05
7.00258e-05
7.00065e-05
6.99872e-05
6.99679e-05
6.99487e-05
6.99295e-05
6.99103e-05
6.98911e-05
6.98719e-05
6.98527e-05
6.98336e-05
6.98145e-05
6.97954e-05
6.97763e-05
6.97572e-05
6.97381e-05
6.97191e-05
6.97e-05
6.9681e-05
6.9662e-05
6.9643e-05
6.9624e-05
6.96051e-05
6.95861e-05
6.95672e-05
6.95483e-05
6.95294e-05
6.95105e-05
6.94917e-05
6.94728e-05
6.9454e-05
6.94352e-05
6.94164e-05
6.93976e-05
6.93788e-05
6.93601e-05
6.93413e-05
6.93226e-05
6.93039e-05
6.92852e-05
6.92665e-05
6.92479e-05
6.92292e-05
6.92106e-05
6.9192e-05
6.91734e-05
6.91548e-05
6.91362e-05
6.91177e-05
6.90991e-05
6.90806e-05
6.90621e-05
6.90436e-05
6.90251e-05
6.90067e-05
6.89882e-05
6.89698e-05
6.89514e-05
6.8933e-05
6.89146e-05
6.88962e-05
6.88779e-05
6.88596e-05
6.88412e-05
6.88229e-05
6.88046e-05
6.87864e-05
6.87681e-05
6.87499e-05
6.87316e-05
6.87134e-05
6.86952e-05
6.86771e-05
6.86589e-05
6.86407e-05
6.86226e-05
6.86045e-05
6.85864e-05
6.85683e-05
6.85502e-05
6.85322e-05
6.85141e-05
6.84961e-05
6.84781e-05
6.84601e-05
6.84421e-05
6.84241e-05
6.84062e-05
6.83882e-05
6.83703e-05
6.83524e-05
6.83345e-05
6.83167e-05
6.82988e-05
6.8281e-05
6.82631e-05
6.82453e-05
6.82275e-05
6.82097e-05
6.8192e-05
6.81742e-05
6.81565e-05
6.81388e-05
6.81211e-05
6.81034e-05
6.80857e-05
6.8068e-05
6.80504e-05
6.80328e-05
6.80151e-05
6.79975e-05
6.798e-05
6.79624e-05
6.79448e-05
6.79273e-05
6.79098e-05
6.78923e-05
6.78748e-05
6.78573e-05
6.78398e-05
6.78224e-05
6.7805e-05
6.77875e-05
6.77701e-05
6.77527e-05
6.77354e-05
6.7718e-05
6.77007e-05
6.76834e-05
6.7666e-05
6.76487e-05
6.76315e-05
6.76142e-05
6.75969e-05
6.75797e-05
6.75625e-05
6.75453e-05
6.75281e-05
6.75109e-05
6.74938e-05
6.74766e-05
6.74595e-05
6.74424e-05
6.74253e-05
6.74082e-05
6.73911e-05
6.73741e-05
6.7357e-05
6.734e-05
6.7323e-05
6.7306e-05
6.7289e-05
6.7272e-05
6.72551e-05
6.72382e-05
6.72212e-05
6.72043e-05
6.71874e-05
6.71706e-05
6.71537e-05
6.71369e-05
6.712e-05
6.71032e-05
6.70864e-05
6.70696e-05
6.70529e-05
6.70361e-05
6.70194e-05
6.70026e-05
6.69859e-05
6.69692e-05
6.69526e-05
6.69359e-05
6.69192e-05
6.69026e-05
6.6886e-05
6.68694e-05
6.68528e-05
6.68362e-05
6.68196e-05
6.68031e-05
6.67865e-05
6.677e-05
6.67535e-05
6.6737e-05
6.67206e-05
6.67041e-05
6.66877e-05
6.66712e-05
6.66548e-05
6.66384e-05
6.6622e-05
6.66056e-05
6.65893e-05
6.65729e-05
6.65566e-05
6.65403e-05
6.6524e-05
6.65077e-05
6.64915e-05
6.64752e-05
6.6459e-05
6.64427e-05
6.64265e-05
6.64103e-05
6.63941e-05
6.6378e-05
6.63618e-05
6.63457e-05
6.63296e-05
6.63135e-05
6.62974e-05
6.62813e-05
6.62652e-05
6.62492e-05
6.62331e-05
6.62171e-05
6.62011e-05
6.61851e-05
6.61691e-05
6.61532e-05
6.61372e-05
6.61213e-05
6.61054e-05
6.60894e-05
6.60736e-05
6.60577e-05
6.60418e-05
6.6026e-05
6.60101e-05
6.59943e-05
6.59785e-05
6.59627e-05
6.59469e-05
6.59312e-05
6.59154e-05
6.58997e-05
6.5884e-05
6.58683e-05
6.58526e-05
6.58369e-05
6.58212e-05
6.58056e-05
6.579e-05
6.57743e-05
6.57587e-05
6.57431e-05
6.57276e-05
6.5712e-05
6.56965e-05
6.56809e-05
6.56654e-05
6.56499e-05
6.56344e-05
6.56189e-05
6.56035e-05
6.5588e-05
6.55726e-05
6.55572e-05
6.55418e-05
6.55264e-05
6.5511e-05
6.54956e-05
6.54803e-05
6.54649e-05
6.54496e-05
6.54343e-05
6.5419e-05
6.54037e-05
6.53885e-05
6.53732e-05
6.5358e-05
6.53428e-05
6.53275e-05
6.53123e-05
6.52972e-05
6.5282e-05
6.52668e-05
6.52517e-05
6.52366e-05
6.52215e-05
6.52064e-05
6.51913e-05
6.51762e-05
6.51612e-05
6.51461e-05
6.51311e-05
6.51161e-05
6.51011e-05
6.50861e-05
6.50711e-05
6.50562e-05
6.50412e-05
6.50263e-05
6.50114e-05
6.49965e-05
6.49816e-05
6.49667e-05
6.49518e-05
6.4937e-05
6.49222e-05
6.49073e-05
6.48925e-05
6.48777e-05
6.4863e-05
6.48482e-05
6.48334e-05
6.48187e-05
6.4804e-05
6.47893e-05
6.47746e-05
6.47599e-05
6.47452e-05
6.47306e-05
6.47159e-05
6.47013e-05
6.46867e-05
6.46721e-05
6.46575e-05
6.46429e-05
6.46283e-05
6.46138e-05
6.45993e-05
6.45847e-05
6.45702e-05
6.45557e-05
6.45413e-05
6.45268e-05
6.45124e-05
6.44979e-05
6.44835e-05
6.44691e-05
6.44547e-05
6.44403e-05
6.44259e-05
6.44116e-05
6.43972e-05
6.43829e-05
6.43686e-05
6.43543e-05
6.434e-05
6.43257e-05
6.43114e-05
6.42972e-05
6.42829e-05
6.42687e-05
6.42545e-05
6.42403e-05
6.42261e-05
6.4212e-05
6.41978e-05
6.41837e-05
6.41695e-05
6.41554e-05
6.41413e-05
6.41272e-05
6.41131e-05
6.40991e-05
6.4085e-05
6.4071e-05
6.4057e-05
6.4043e-05
6.4029e-05
6.4015e-05
6.4001e-05
6.3987e-05
6.39731e-05
6.39592e-05
6.39453e-05
6.39313e-05
6.39175e-05
6.39036e-05
6.38897e-05
6.38759e-05
6.3862e-05
6.38482e-05
6.38344e-05
6.38206e-05
6.38068e-05
6.3793e-05
6.37792e-05
6.37655e-05
6.37518e-05
6.3738e-05
6.37243e-05
6.37106e-05
6.3697e-05
6.36833e-05
6.36696e-05
6.3656e-05
6.36423e-05
6.36287e-05
6.36151e-05
6.36015e-05
6.35879e-05
6.35744e-05
6.35608e-05
6.35473e-05
6.35338e-05
6.35202e-05
6.35067e-05
6.34932e-05
6.34798e-05
6.34663e-05
6.34529e-05
6.34394e-05
6.3426e-05
6.34126e-05
6.33992e-05
6.33858e-05
6.33724e-05
6.33591e-05
6.33457e-05
6.33324e-05
6.3319e-05
6.33057e-05
6.32924e-05
6.32791e-05
6.32659e-05
6.32526e-05
6.32394e-05
6.32261e-05
6.32129e-05
6.31997e-05
6.31865e-05
6.31733e-05
6.31601e-05
6.3147e-05
6.31338e-05
6.31207e-05
6.31076e-05
6.30945e-05
6.30814e-05
6.30683e-05
6.30552e-05
6.30422e-05
6.30291e-05
6.30161e-05
6.30031e-05
6.299e-05
6.2977e-05
6.29641e-05
6.29511e-05
6.29381e-05
6.29252e-05
6.29122e-05
6.28993e-05
6.28864e-05
6.28735e-05
6.28606e-05
6.28478e-05
6.28349e-05
6.28221e-05
6.28092e-05
6.27964e-05
6.27836e-05
6.27708e-05
6.2758e-05
6.27452e-05
6.27325e-05
6.27197e-05
6.2707e-05
6.26942e-05
6.26815e-05
6.26688e-05
6.26561e-05
6.26435e-05
6.26308e-05
6.26182e-05
6.26055e-05
6.25929e-05
6.25803e-05
6.25677e-05
6.25551e-05
6.25425e-05
6.25299e-05
6.25174e-05
6.25048e-05
6.24923e-05
6.24798e-05
6.24673e-05
6.24548e-05
6.24423e-05
6.24298e-05
6.24174e-05
6.24049e-05
6.23925e-05
6.23801e-05
6.23677e-05
6.23553e-05
6.23429e-05
6.23305e-05
6.23181e-05
6.23058e-05
6.22935e-05
6.22811e-05
6.22688e-05
6.22565e-05
6.22442e-05
6.22319e-05
6.22197e-05
6.22074e-05
6.21952e-05
6.21829e-05
6.21707e-05
6.21585e-05
6.21463e-05
6.21341e-05
6.2122e-05
6.21098e-05
6.20977e-05
6.20855e-05
6.20734e-05
6.20613e-05
6.20492e-05
6.20371e-05
6.2025e-05
6.20129e-05
6.20009e-05
6.19889e-05
6.19768e-05
6.19648e-05
6.19528e-05
6.19408e-05
6.19288e-05
6.19168e-05
6.19049e-05
6.18929e-05
6.1881e-05
6.18691e-05
6.18571e-05
6.18452e-05
6.18334e-05
6.18215e-05
6.18096e-05
6.17977e-05
6.17859e-05
6.17741e-05
6.17622e-05
6.17504e-05
6.17386e-05
6.17269e-05
6.17151e-05
6.17033e-05
6.16916e-05
6.16798e-05
6.16681e-05
6.16564e-05
6.16447e-05
6.1633e-05
6.16213e-05
6.16096e-05
6.15979e-05
6.15863e-05
6.15746e-05
6.1563e-05
6.15514e-05
6.15398e-05
6.15282e-05
6.15166e-05
6.15051e-05
6.14935e-05
6.14819e-05
6.14704e-05
6.14589e-05
6.14474e-05
6.14359e-05
6.14244e-05
6.14129e-05
6.14014e-05
6.139e-05
6.13785e-05
6.13671e-05
6.13556e-05
6.13442e-05
6.13328e-05
6.13214e-05
6.13101e-05
6.12987e-05
6.12873e-05
6.1276e-05
6.12646e-05
6.12533e-05
6.1242e-05
6.12307e-05
6.12194e-05
6.12081e-05
6.11969e-05
6.11856e-05
6.11744e-05
6.11631e-05
6.11519e-05
6.11407e-05
6.11295e-05
6.11183e-05
6.11071e-05
6.10959e-05
6.10848e-05
6.10736e-05
6.10625e-05
6.10514e-05
6.10402e-05
6.10291e-05
6.1018e-05
6.1007e-05
6.09959e-05
6.09848e-05
6.09738e-05
6.09627e-05
6.09517e-05
6.09407e-05
6.09297e-05
6.09187e-05
6.09077e-05
6.08967e-05
6.08858e-05
6.08748e-05
6.08639e-05
6.08529e-05
6.0842e-05
6.08311e-05
6.08202e-05
6.08093e-05
6.07984e-05
6.07876e-05
6.07767e-05
6.07659e-05
6.0755e-05
6.07442e-05
6.07334e-05
6.07226e-05
6.07118e-05
6.0701e-05
6.06902e-05
6.06795e-05
6.06687e-05
6.0658e-05
6.06473e-05
6.06365e-05
6.06258e-05
6.06151e-05
6.06045e-05
6.05938e-05
6.05831e-05
6.05725e-05
6.05618e-05
6.05512e-05
6.05406e-05
6.05299e-05
6.05193e-05
6.05087e-05
6.04982e-05
6.04876e-05
6.0477e-05
6.04665e-05
6.04559e-05
6.04454e-05
6.04349e-05
6.04244e-05
6.04139e-05
6.04034e-05
6.03929e-05
6.03824e-05
6.0372e-05
6.03615e-05
6.03511e-05
6.03407e-05
6.03303e-05
6.03199e-05
6.03095e-05
6.02991e-05
6.02887e-05
6.02783e-05
6.0268e-05
6.02576e-05
6.02473e-05
6.0237e-05
6.02267e-05
6.02164e-05
6.02061e-05
6.01958e-05
6.01855e-05
6.01753e-05
6.0165e-05
6.01548e-05
6.01445e-05
6.01343e-05
6.01241e-05
6.01139e-05
6.01037e-05
6.00935e-05
6.00833e-05
6.00732e-05
6.0063e-05
6.00529e-05
6.00428e-05
6.00326e-05
6.00225e-05
6.00124e-05
6.00023e-05
5.99923e-05
5.99822e-05
5.99721e-05
5.99621e-05
5.9952e-05
5.9942e-05
5.9932e-05
5.9922e-05
5.9912e-05
5.9902e-05
5.9892e-05
5.9882e-05
5.98721e-05
5.98621e-05
5.98522e-05
5.98422e-05
5.98323e-05
5.98224e-05
5.98125e-05
5.98026e-05
5.97927e-05
5.97828e-05
5.9773e-05
5.97631e-05
5.97533e-05
5.97435e-05
5.97336e-05
5.97238e-05
5.9714e-05
5.97042e-05
5.96944e-05
5.96847e-05
5.96749e-05
5.96651e-05
5.96554e-05
5.96456e-05
5.96359e-05
5.96262e-05
5.96165e-05
5.96068e-05
5.95971e-05
5.95874e-05
5.95778e-05
5.95681e-05
5.95585e-05
5.95488e-05
5.95392e-05
5.95296e-05
5.95199e-05
5.95103e-05
5.95008e-05
5.94912e-05
5.94816e-05
5.9472e-05
5.94625e-05
5.94529e-05
5.94434e-05
5.94339e-05
5.94244e-05
5.94148e-05
5.94054e-05
5.93959e-05
5.93864e-05
5.93769e-05
5.93675e-05
5.9358e-05
5.93486e-05
5.93391e-05
5.93297e-05
5.93203e-05
5.93109e-05
5.93015e-05
5.92921e-05
5.92827e-05
5.92734e-05
5.9264e-05
5.92547e-05
5.92453e-05
5.9236e-05
5.92267e-05
5.92174e-05
5.92081e-05
5.91988e-05
5.91895e-05
5.91802e-05
5.9171e-05
5.91617e-05
5.91525e-05
5.91432e-05
5.9134e-05
5.91248e-05
5.91156e-05
5.91064e-05
5.90972e-05
5.9088e-05
5.90788e-05
5.90697e-05
5.90605e-05
5.90514e-05
5.90422e-05
5.90331e-05
5.9024e-05
5.90149e-05
5.90058e-05
5.89967e-05
5.89876e-05
5.89786e-05
5.89695e-05
5.89604e-05
5.89514e-05
5.89424e-05
5.89333e-05
5.89243e-05
5.89153e-05
5.89063e-05
5.88973e-05
5.88883e-05
5.88794e-05
5.88704e-05
5.88615e-05
5.88525e-05
5.88436e-05
5.88346e-05
5.88257e-05
5.88168e-05
5.88079e-05
5.8799e-05
5.87901e-05
5.87813e-05
5.87724e-05
5.87636e-05
5.87547e-05
5.87459e-05
5.8737e-05
5.87282e-05
5.87194e-05
5.87106e-05
5.87018e-05
5.8693e-05
5.86842e-05
5.86755e-05
5.86667e-05
5.8658e-05
5.86492e-05
5.86405e-05
5.86318e-05
5.86231e-05
5.86144e-05
5.86057e-05
5.8597e-05
5.85883e-05
5.85796e-05
5.8571e-05
5.85623e-05
5.85537e-05
5.8545e-05
5.85364e-05
5.85278e-05
5.85192e-05
5.85106e-05
5.8502e-05
5.84934e-05
5.84848e-05
5.84762e-05
5.84677e-05
5.84591e-05
5.84506e-05
5.8442e-05
5.84335e-05
5.8425e-05
5.84165e-05
5.8408e-05
5.83995e-05
5.8391e-05
5.83825e-05
5.83741e-05
5.83656e-05
5.83572e-05
5.83487e-05
5.83403e-05
5.83319e-05
5.83235e-05
5.83151e-05
5.83067e-05
5.82983e-05
5.82899e-05
5.82815e-05
5.82732e-05
5.82648e-05
5.82565e-05
5.82481e-05
5.82398e-05
5.82315e-05
5.82232e-05
5.82148e-05
5.82066e-05
5.81983e-05
5.819e-05
5.81817e-05
5.81734e-05
5.81652e-05
5.81569e-05
5.81487e-05
5.81405e-05
5.81323e-05
5.8124e-05
5.81158e-05
5.81076e-05
5.80994e-05
5.80913e-05
5.80831e-05
5.80749e-05
5.80668e-05
5.80586e-05
5.80505e-05
5.80424e-05
5.80342e-05
5.80261e-05
5.8018e-05
5.80099e-05
5.80018e-05
5.79937e-05
5.79857e-05
5.79776e-05
5.79695e-05
5.79615e-05
5.79534e-05
5.79454e-05
5.79374e-05
5.79294e-05
5.79214e-05
5.79134e-05
5.79054e-05
5.78974e-05
5.78894e-05
5.78814e-05
5.78735e-05
5.78655e-05
5.78576e-05
5.78496e-05
5.78417e-05
5.78338e-05
5.78259e-05
5.7818e-05
5.78101e-05
5.78022e-05
5.77943e-05
5.77864e-05
5.77785e-05
5.77707e-05
5.77628e-05
5.7755e-05
5.77472e-05
5.77393e-05
5.77315e-05
5.77237e-05
5.77159e-05
5.77081e-05
5.77003e-05
5.76925e-05
5.76848e-05
5.7677e-05
5.76692e-05
5.76615e-05
5.76538e-05
5.7646e-05
5.76383e-05
5.76306e-05
5.76229e-05
5.76152e-05
5.76075e-05
5.75998e-05
5.75921e-05
5.75844e-05
5.75768e-05
5.75691e-05
5.75615e-05
5.75538e-05
5.75462e-05
5.75386e-05
5.7531e-05
5.75234e-05
5.75158e-05
5.75082e-05
5.75006e-05
5.7493e-05
5.74854e-05
5.74779e-05
5.74703e-05
5.74628e-05
5.74552e-05
5.74477e-05
5.74402e-05
5.74326e-05
5.74251e-05
5.74176e-05
5.74101e-05
5.74027e-05
5.73952e-05
5.73877e-05
5.73802e-05
5.73728e-05
5.73653e-05
5.73579e-05
5.73505e-05
5.7343e-05
5.73356e-05
5.73282e-05
5.73208e-05
5.73134e-05
5.7306e-05
5.72986e-05
5.72913e-05
5.72839e-05
5.72765e-05
5.72692e-05
5.72618e-05
5.72545e-05
5.72472e-05
5.72398e-05
5.72325e-05
5.72252e-05
5.72179e-05
5.72106e-05
5.72033e-05
5.71961e-05
5.71888e-05
5.71815e-05
5.71743e-05
5.7167e-05
5.71598e-05
5.71525e-05
5.71453e-05
5.71381e-05
5.71309e-05
5.71237e-05
5.71165e-05
5.71093e-05
5.71021e-05
5.70949e-05
5.70878e-05
5.70806e-05
5.70734e-05
5.70663e-05
5.70592e-05
5.7052e-05
5.70449e-05
5.70378e-05
5.70307e-05
5.70236e-05
5.70165e-05
5.70094e-05
5.70023e-05
5.69952e-05
5.69882e-05
5.69811e-05
5.6974e-05
5.6967e-05
5.696e-05
5.69529e-05
5.69459e-05
5.69389e-05
5.69319e-05
5.69249e-05
5.69179e-05
5.69109e-05
5.69039e-05
5.68969e-05
5.68899e-05
5.6883e-05
5.6876e-05
5.68691e-05
5.68621e-05
5.68552e-05
5.68483e-05
5.68414e-05
5.68344e-05
5.68275e-05
5.68206e-05
5.68138e-05
5.68069e-05
5.68e-05
5.67931e-05
5.67863e-05
5.67794e-05
5.67725e-05
5.67657e-05
5.67589e-05
5.6752e-05
5.67452e-05
5.67384e-05
5.67316e-05
5.67248e-05
5.6718e-05
5.67112e-05
5.67044e-05
5.66977e-05
5.66909e-05
5.66841e-05
5.66774e-05
5.66706e-05
5.66639e-05
5.66572e-05
5.66504e-05
5.66437e-05
5.6637e-05
5.66303e-05
5.66236e-05
5.66169e-05
5.66102e-05
5.66035e-05
5.65969e-05
5.65902e-05
5.65835e-05
5.65769e-05
5.65702e-05
5.65636e-05
5.6557e-05
5.65503e-05
5.65437e-05
5.65371e-05
5.65305e-05
5.65239e-05
5.65173e-05
5.65107e-05
5.65042e-05
5.64976e-05
5.6491e-05
5.64845e-05
5.64779e-05
5.64714e-05
5.64648e-05
5.64583e-05
5.64518e-05
5.64452e-05
5.64387e-05
5.64322e-05
5.64257e-05
5.64192e-05
5.64128e-05
5.64063e-05
5.63998e-05
5.63933e-05
5.63869e-05
5.63804e-05
5.6374e-05
5.63675e-05
5.63611e-05
5.63547e-05
5.63483e-05
5.63418e-05
5.63354e-05
5.6329e-05
5.63226e-05
5.63163e-05
5.63099e-05
5.63035e-05
5.62971e-05
5.62908e-05
5.62844e-05
5.62781e-05
5.62717e-05
5.62654e-05
5.62591e-05
5.62527e-05
5.62464e-05
5.62401e-05
5.62338e-05
5.62275e-05
5.62212e-05
5.62149e-05
5.62086e-05
5.62024e-05
5.61961e-05
5.61898e-05
5.61836e-05
5.61773e-05
5.61711e-05
5.61649e-05
5.61586e-05
5.61524e-05
5.61462e-05
5.614e-05
5.61338e-05
5.61276e-05
5.61214e-05
5.61152e-05
5.6109e-05
5.61029e-05
5.60967e-05
5.60906e-05
5.60844e-05
5.60783e-05
5.60721e-05
5.6066e-05
5.60599e-05
5.60537e-05
5.60476e-05
5.60415e-05
5.60354e-05
5.60293e-05
5.60232e-05
5.60171e-05
5.60111e-05
5.6005e-05
5.59989e-05
5.59929e-05
5.59868e-05
5.59808e-05
5.59747e-05
5.59687e-05
5.59626e-05
5.59566e-05
5.59506e-05
5.59446e-05
5.59386e-05
5.59326e-05
5.59266e-05
5.59206e-05
5.59146e-05
5.59087e-05
5.59027e-05
5.58967e-05
5.58908e-05
5.58848e-05
5.58789e-05
5.58729e-05
5.5867e-05
5.58611e-05
5.58552e-05
5.58493e-05
5.58433e-05
5.58374e-05
5.58315e-05
5.58257e-05
5.58198e-05
5.58139e-05
5.5808e-05
5.58022e-05
5.57963e-05
5.57904e-05
5.57846e-05
5.57787e-05
5.57729e-05
5.57671e-05
5.57613e-05
5.57554e-05
5.57496e-05
5.57438e-05
5.5738e-05
5.57322e-05
5.57264e-05
5.57206e-05
5.57149e-05
5.57091e-05
5.57033e-05
5.56976e-05
5.56918e-05
5.56861e-05
5.56803e-05
5.56746e-05
5.56689e-05
5.56631e-05
5.56574e-05
5.56517e-05
5.5646e-05
5.56403e-05
5.56346e-05
5.56289e-05
5.56232e-05
5.56175e-05
5.56119e-05
5.56062e-05
5.56005e-05
5.55949e-05
5.55892e-05
5.55836e-05
5.5578e-05
5.55723e-05
5.55667e-05
5.55611e-05
5.55555e-05
5.55498e-05
5.55442e-05
5.55386e-05
5.5533e-05
5.55275e-05
5.55219e-05
5.55163e-05
5.55107e-05
5.55052e-05
5.54996e-05
5.54941e-05
5.54885e-05
5.5483e-05
5.54774e-05
5.54719e-05
5.54664e-05
5.54609e-05
5.54553e-05
5.54498e-05
5.54443e-05
5.54388e-05
5.54333e-05
5.54279e-05
5.54224e-05
5.54169e-05
5.54114e-05
5.5406e-05
5.54005e-05
5.53951e-05
5.53896e-05
5.53842e-05
5.53787e-05
5.53733e-05
5.53679e-05
5.53625e-05
5.5357e-05
5.53516e-05
5.53462e-05
5.53408e-05
5.53354e-05
5.533e-05
5.53247e-05
5.53193e-05
5.53139e-05
5.53086e-05
5.53032e-05
5.52978e-05
5.52925e-05
5.52872e-05
5.52818e-05
5.52765e-05
5.52712e-05
5.52658e-05
5.52605e-05
5.52552e-05
5.52499e-05
5.52446e-05
5.52393e-05
5.5234e-05
5.52287e-05
5.52235e-05
5.52182e-05
5.52129e-05
5.52077e-05
5.52024e-05
5.51971e-05
5.51919e-05
5.51867e-05
5.51814e-05
5.51762e-05
5.5171e-05
5.51657e-05
5.51605e-05
5.51553e-05
5.51501e-05
5.51449e-05
5.51397e-05
5.51345e-05
5.51294e-05
5.51242e-05
5.5119e-05
5.51138e-05
5.51087e-05
5.51035e-05
5.50984e-05
5.50932e-05
5.50881e-05
5.50829e-05
5.50778e-05
5.50727e-05
5.50676e-05
5.50625e-05
5.50573e-05
5.50522e-05
5.50471e-05
5.5042e-05
5.5037e-05
5.50319e-05
5.50268e-05
5.50217e-05
5.50167e-05
5.50116e-05
5.50065e-05
5.50015e-05
5.49964e-05
5.49914e-05
5.49864e-05
5.49813e-05
5.49763e-05
5.49713e-05
5.49663e-05
5.49612e-05
5.49562e-05
5.49512e-05
5.49462e-05
5.49412e-05
5.49363e-05
5.49313e-05
5.49263e-05
5.49213e-05
5.49164e-05
5.49114e-05
5.49064e-05
5.49015e-05
5.48965e-05
5.48916e-05
5.48867e-05
5.48817e-05
5.48768e-05
5.48719e-05
5.4867e-05
5.48621e-05
5.48572e-05
5.48523e-05
5.48474e-05
5.48425e-05
5.48376e-05
5.48327e-05
5.48278e-05
5.4823e-05
5.48181e-05
5.48132e-05
5.48084e-05
5.48035e-05
5.47987e-05
5.47938e-05
5.4789e-05
5.47842e-05
5.47793e-05
5.47745e-05
5.47697e-05
5.47649e-05
5.47601e-05
5.47553e-05
5.47505e-05
5.47457e-05
5.47409e-05
5.47361e-05
5.47313e-05
5.47266e-05
5.47218e-05
5.4717e-05
5.47123e-05
5.47075e-05
5.47028e-05
5.4698e-05
5.46933e-05
5.46885e-05
5.46838e-05
5.46791e-05
5.46744e-05
5.46697e-05
5.46649e-05
5.46602e-05
5.46555e-05
5.46508e-05
5.46461e-05
5.46415e-05
5.46368e-05
5.46321e-05
5.46274e-05
5.46228e-05
5.46181e-05
5.46134e-05
5.46088e-05
5.46041e-05
5.45995e-05
5.45949e-05
5.45902e-05
5.45856e-05
5.4581e-05
5.45763e-05
5.45717e-05
5.45671e-05
5.45625e-05
5.45579e-05
5.45533e-05
5.45487e-05
5.45441e-05
5.45395e-05
5.4535e-05
5.45304e-05
5.45258e-05
5.45213e-05
5.45167e-05
5.45121e-05
5.45076e-05
5.4503e-05
5.44985e-05
5.4494e-05
5.44894e-05
5.44849e-05
5.44804e-05
5.44759e-05
5.44714e-05
5.44668e-05
5.44623e-05
5.44578e-05
5.44533e-05
5.44488e-05
5.44444e-05
5.44399e-05
5.44354e-05
5.44309e-05
5.44265e-05
5.4422e-05
5.44175e-05
5.44131e-05
5.44086e-05
5.44042e-05
5.43997e-05
5.43953e-05
5.43909e-05
5.43865e-05
5.4382e-05
5.43776e-05
5.43732e-05
5.43688e-05
5.43644e-05
5.436e-05
5.43556e-05
5.43512e-05
5.43468e-05
5.43424e-05
5.4338e-05
5.43337e-05
5.43293e-05
5.43249e-05
5.43206e-05
5.43162e-05
5.43119e-05
5.43075e-05
5.43032e-05
5.42988e-05
5.42945e-05
5.42902e-05
5.42858e-05
5.42815e-05
5.42772e-05
5.42729e-05
5.42686e-05
5.42643e-05
5.426e-05
5.42557e-05
5.42514e-05
5.42471e-05
5.42428e-05
5.42386e-05
5.42343e-05
5.423e-05
5.42258e-05
5.42215e-05
5.42172e-05
5.4213e-05
5.42087e-05
5.42045e-05
5.42003e-05
5.4196e-05
5.41918e-05
5.41876e-05
5.41833e-05
5.41791e-05
5.41749e-05
5.41707e-05
5.41665e-05
5.41623e-05
5.41581e-05
5.41539e-05
5.41497e-05
5.41455e-05
5.41414e-05
5.41372e-05
5.4133e-05
5.41289e-05
5.41247e-05
5.41205e-05
5.41164e-05
5.41122e-05
5.41081e-05
5.4104e-05
5.40998e-05
5.40957e-05
5.40916e-05
5.40874e-05
5.40833e-05
5.40792e-05
5.40751e-05
5.4071e-05
5.40669e-05
5.40628e-05
5.40587e-05
5.40546e-05
5.40505e-05
5.40464e-05
5.40423e-05
5.40383e-05
5.40342e-05
5.40301e-05
5.40261e-05
5.4022e-05
5.4018e-05
5.40139e-05
5.40099e-05
5.40058e-05
5.40018e-05
5.39978e-05
5.39937e-05
5.39897e-05
5.39857e-05
5.39817e-05
5.39777e-05
5.39737e-05
5.39697e-05
5.39657e-05
5.39617e-05
5.39577e-05
5.39537e-05
5.39497e-05
5.39457e-05
5.39417e-05
5.39378e-05
5.39338e-05
5.39298e-05
5.39259e-05
5.39219e-05
5.3918e-05
5.3914e-05
5.39101e-05
5.39061e-05
5.39022e-05
5.38983e-05
5.38943e-05
5.38904e-05
5.38865e-05
5.38826e-05
5.38787e-05
5.38748e-05
5.38709e-05
5.3867e-05
5.38631e-05
5.38592e-05
5.38553e-05
5.38514e-05
5.38475e-05
5.38437e-05
5.38398e-05
5.38359e-05
5.3832e-05
5.38282e-05
5.38243e-05
5.38205e-05
5.38166e-05
5.38128e-05
5.38089e-05
5.38051e-05
5.38013e-05
5.37974e-05
5.37936e-05
5.37898e-05
5.3786e-05
5.37822e-05
5.37784e-05
5.37746e-05
5.37708e-05
5.3767e-05
5.37632e-05
5.37594e-05
5.37556e-05
5.37518e-05
5.3748e-05
5.37442e-05
5.37405e-05
5.37367e-05
5.37329e-05
5.37292e-05
5.37254e-05
5.37217e-05
5.37179e-05
5.37142e-05
5.37104e-05
5.37067e-05
5.3703e-05
5.36992e-05
5.36955e-05
5.36918e-05
5.36881e-05
5.36844e-05
5.36807e-05
5.3677e-05
5.36733e-05
5.36696e-05
5.36659e-05
5.36622e-05
5.36585e-05
5.36548e-05
5.36511e-05
5.36474e-05
5.36438e-05
5.36401e-05
5.36364e-05
5.36328e-05
5.36291e-05
5.36255e-05
5.36218e-05
5.36182e-05
5.36145e-05
5.36109e-05
5.36072e-05
5.36036e-05
5.36e-05
5.35964e-05
5.35927e-05
5.35891e-05
5.35855e-05
5.35819e-05
5.35783e-05
5.35747e-05
5.35711e-05
5.35675e-05
5.35639e-05
5.35603e-05
5.35567e-05
5.35531e-05
5.35496e-05
5.3546e-05
5.35424e-05
5.35389e-05
5.35353e-05
5.35317e-05
5.35282e-05
5.35246e-05
5.35211e-05
5.35175e-05
5.3514e-05
5.35105e-05
5.35069e-05
5.35034e-05
5.34999e-05
5.34964e-05
5.34928e-05
5.34893e-05
5.34858e-05
5.34823e-05
5.34788e-05
5.34753e-05
5.34718e-05
5.34683e-05
5.34648e-05
5.34613e-05
5.34578e-05
5.34544e-05
5.34509e-05
5.34474e-05
5.34439e-05
5.34405e-05
5.3437e-05
5.34335e-05
5.34301e-05
5.34266e-05
5.34232e-05
5.34197e-05
5.34163e-05
5.34129e-05
5.34094e-05
5.3406e-05
5.34026e-05
5.33991e-05
5.33957e-05
5.33923e-05
5.33889e-05
5.33855e-05
5.33821e-05
5.33787e-05
5.33753e-05
5.33719e-05
5.33685e-05
5.33651e-05
5.33617e-05
5.33583e-05
5.33549e-05
5.33516e-05
5.33482e-05
5.33448e-05
5.33415e-05
5.33381e-05
5.33347e-05
5.33314e-05
5.3328e-05
5.33247e-05
5.33213e-05
5.3318e-05
5.33147e-05
5.33113e-05
5.3308e-05
5.33047e-05
5.33013e-05
5.3298e-05
5.32947e-05
5.32914e-05
5.32881e-05
5.32848e-05
5.32815e-05
5.32782e-05
5.32749e-05
5.32716e-05
5.32683e-05
5.3265e-05
5.32617e-05
5.32584e-05
5.32551e-05
5.32519e-05
5.32486e-05
5.32453e-05
5.32421e-05
5.32388e-05
5.32355e-05
5.32323e-05
5.3229e-05
5.32258e-05
5.32225e-05
5.32193e-05
5.32161e-05
5.32128e-05
5.32096e-05
5.32064e-05
5.32031e-05
5.31999e-05
5.31967e-05
5.31935e-05
5.31903e-05
5.31871e-05
5.31839e-05
5.31807e-05
5.31775e-05
5.31743e-05
5.31711e-05
5.31679e-05
5.31647e-05
5.31615e-05
5.31583e-05
5.31552e-05
5.3152e-05
5.31488e-05
5.31457e-05
5.31425e-05
5.31393e-05
5.31362e-05
5.3133e-05
5.31299e-05
5.31267e-05
5.31236e-05
5.31204e-05
5.31173e-05
5.31142e-05
5.3111e-05
5.31079e-05
5.31048e-05
5.31017e-05
5.30985e-05
5.30954e-05
5.30923e-05
5.30892e-05
5.30861e-05
5.3083e-05
5.30799e-05
5.30768e-05
5.30737e-05
5.30706e-05
5.30675e-05
5.30644e-05
5.30614e-05
5.30583e-05
5.30552e-05
5.30521e-05
5.30491e-05
5.3046e-05
5.30429e-05
5.30399e-05
5.30368e-05
5.30338e-05
5.30307e-05
5.30277e-05
5.30246e-05
5.30216e-05
5.30185e-05
5.30155e-05
5.30125e-05
5.30094e-05
5.30064e-05
5.30034e-05
5.30004e-05
5.29974e-05
5.29944e-05
5.29913e-05
5.29883e-05
5.29853e-05
5.29823e-05
5.29793e-05
5.29763e-05
5.29733e-05
5.29704e-05
5.29674e-05
5.29644e-05
5.29614e-05
5.29584e-05
5.29555e-05
5.29525e-05
5.29495e-05
5.29466e-05
5.29436e-05
5.29406e-05
5.29377e-05
5.29347e-05
5.29318e-05
5.29288e-05
5.29259e-05
5.29229e-05
5.292e-05
5.29171e-05
5.29141e-05
5.29112e-05
5.29083e-05
5.29054e-05
5.29024e-05
5.28995e-05
5.28966e-05
5.28937e-05
5.28908e-05
5.28879e-05
5.2885e-05
5.28821e-05
5.28792e-05
5.28763e-05
5.28734e-05
5.28705e-05
5.28676e-05
5.28647e-05
5.28619e-05
5.2859e-05
5.28561e-05
5.28533e-05
5.28504e-05
5.28475e-05
5.28447e-05
5.28418e-05
5.28389e-05
5.28361e-05
5.28332e-05
5.28304e-05
5.28276e-05
5.28247e-05
5.28219e-05
5.2819e-05
5.28162e-05
5.28134e-05
5.28105e-05
5.28077e-05
5.28049e-05
5.28021e-05
5.27993e-05
5.27965e-05
5.27936e-05
5.27908e-05
5.2788e-05
5.27852e-05
5.27824e-05
5.27796e-05
5.27768e-05
5.27741e-05
5.27713e-05
5.27685e-05
5.27657e-05
5.27629e-05
5.27602e-05
5.27574e-05
5.27546e-05
5.27518e-05
5.27491e-05
5.27463e-05
5.27436e-05
5.27408e-05
5.2738e-05
5.27353e-05
5.27326e-05
5.27298e-05
5.27271e-05
5.27243e-05
5.27216e-05
5.27189e-05
5.27161e-05
5.27134e-05
5.27107e-05
5.27079e-05
5.27052e-05
5.27025e-05
5.26998e-05
5.26971e-05
5.26944e-05
5.26917e-05
5.2689e-05
5.26863e-05
5.26836e-05
5.26809e-05
5.26782e-05
5.26755e-05
5.26728e-05
5.26701e-05
5.26674e-05
5.26648e-05
5.26621e-05
5.26594e-05
5.26567e-05
5.26541e-05
5.26514e-05
5.26487e-05
5.26461e-05
5.26434e-05
5.26408e-05
5.26381e-05
5.26355e-05
5.26328e-05
5.26302e-05
5.26275e-05
5.26249e-05
5.26223e-05
5.26196e-05
5.2617e-05
5.26144e-05
5.26117e-05
5.26091e-05
5.26065e-05
5.26039e-05
5.26013e-05
5.25987e-05
5.25961e-05
5.25934e-05
5.25908e-05
5.25882e-05
5.25856e-05
5.2583e-05
5.25804e-05
5.25779e-05
5.25753e-05
5.25727e-05
5.25701e-05
5.25675e-05
5.25649e-05
5.25624e-05
5.25598e-05
5.25572e-05
5.25547e-05
5.25521e-05
5.25495e-05
5.2547e-05
5.25444e-05
5.25419e-05
5.25393e-05
5.25368e-05
5.25342e-05
5.25317e-05
5.25291e-05
5.25266e-05
5.25241e-05
5.25215e-05
5.2519e-05
5.25165e-05
5.25139e-05
5.25114e-05
5.25089e-05
5.25064e-05
5.25039e-05
5.25013e-05
5.24988e-05
5.24963e-05
5.24938e-05
5.24913e-05
5.24888e-05
5.24863e-05
5.24838e-05
5.24813e-05
5.24788e-05
5.24763e-05
5.24739e-05
5.24714e-05
5.24689e-05
5.24664e-05
5.24639e-05
5.24615e-05
5.2459e-05
5.24565e-05
5.24541e-05
5.24516e-05
5.24491e-05
5.24467e-05
5.24442e-05
5.24418e-05
5.24393e-05
5.24369e-05
5.24344e-05
5.2432e-05
5.24296e-05
5.24271e-05
5.24247e-05
5.24222e-05
5.24198e-05
5.24174e-05
5.2415e-05
5.24125e-05
5.24101e-05
5.24077e-05
5.24053e-05
5.24029e-05
5.24005e-05
5.2398e-05
5.23956e-05
5.23932e-05
5.23908e-05
5.23884e-05
5.2386e-05
5.23836e-05
5.23813e-05
5.23789e-05
5.23765e-05
5.23741e-05
5.23717e-05
5.23693e-05
5.2367e-05
5.23646e-05
5.23622e-05
5.23598e-05
5.23575e-05
5.23551e-05
5.23527e-05
5.23504e-05
5.2348e-05
5.23457e-05
5.23433e-05
5.2341e-05
5.23386e-05
5.23363e-05
5.23339e-05
5.23316e-05
5.23292e-05
5.23269e-05
5.23246e-05
5.23222e-05
5.23199e-05
5.23176e-05
5.23153e-05
5.23129e-05
5.23106e-05
5.23083e-05
5.2306e-05
5.23037e-05
5.23014e-05
5.22991e-05
5.22968e-05
5.22944e-05
5.22921e-05
5.22898e-05
5.22875e-05
5.22853e-05
5.2283e-05
5.22807e-05
5.22784e-05
5.22761e-05
5.22738e-05
5.22715e-05
5.22693e-05
5.2267e-05
5.22647e-05
5.22624e-05
5.22602e-05
5.22579e-05
5.22556e-05
5.22534e-05
5.22511e-05
5.22489e-05
5.22466e-05
5.22443e-05
5.22421e-05
5.22399e-05
5.22376e-05
5.22354e-05
5.22331e-05
5.22309e-05
5.22286e-05
5.22264e-05
5.22242e-05
5.22219e-05
5.22197e-05
5.22175e-05
5.22153e-05
5.2213e-05
5.22108e-05
5.22086e-05
5.22064e-05
5.22042e-05
5.2202e-05
5.21998e-05
5.21976e-05
5.21954e-05
5.21932e-05
5.2191e-05
5.21888e-05
5.21866e-05
5.21844e-05
5.21822e-05
5.218e-05
5.21778e-05
5.21756e-05
5.21734e-05
5.21713e-05
5.21691e-05
5.21669e-05
5.21647e-05
5.21626e-05
5.21604e-05
5.21582e-05
5.21561e-05
5.21539e-05
5.21518e-05
5.21496e-05
5.21474e-05
5.21453e-05
5.21431e-05
5.2141e-05
5.21388e-05
5.21367e-05
5.21346e-05
5.21324e-05
5.21303e-05
5.21281e-05
5.2126e-05
5.21239e-05
5.21217e-05
5.21196e-05
5.21175e-05
5.21154e-05
5.21133e-05
5.21111e-05
5.2109e-05
5.21069e-05
5.21048e-05
5.21027e-05
5.21006e-05
5.20985e-05
5.20964e-05
5.20943e-05
5.20922e-05
5.20901e-05
5.2088e-05
5.20859e-05
5.20838e-05
5.20817e-05
5.20796e-05
5.20775e-05
5.20755e-05
5.20734e-05
5.20713e-05
5.20692e-05
5.20671e-05
5.20651e-05
5.2063e-05
5.20609e-05
5.20589e-05
5.20568e-05
5.20547e-05
5.20527e-05
5.20506e-05
5.20486e-05
5.20465e-05
5.20445e-05
5.20424e-05
5.20404e-05
5.20383e-05
5.20363e-05
5.20342e-05
5.20322e-05
5.20302e-05
5.20281e-05
5.20261e-05
5.20241e-05
5.2022e-05
5.202e-05
5.2018e-05
5.2016e-05
5.2014e-05
5.20119e-05
5.20099e-05
5.20079e-05
5.20059e-05
5.20039e-05
5.20019e-05
5.19999e-05
5.19979e-05
5.19959e-05
5.19939e-05
5.19919e-05
5.19899e-05
5.19879e-05
5.19859e-05
5.19839e-05
5.19819e-05
5.19799e-05
5.19779e-05
5.1976e-05
5.1974e-05
5.1972e-05
5.197e-05
5.19681e-05
5.19661e-05
5.19641e-05
5.19621e-05
5.19602e-05
5.19582e-05
5.19563e-05
5.19543e-05
5.19523e-05
5.19504e-05
5.19484e-05
5.19465e-05
5.19445e-05
5.19426e-05
5.19406e-05
5.19387e-05
5.19367e-05
5.19348e-05
5.19329e-05
5.19309e-05
5.1929e-05
5.19271e-05
5.19251e-05
5.19232e-05
5.19213e-05
5.19194e-05
5.19174e-05
5.19155e-05
5.19136e-05
5.19117e-05
5.19098e-05
5.19079e-05
5.19059e-05
5.1904e-05
5.19021e-05
5.19002e-05
5.18983e-05
5.18964e-05
5.18945e-05
5.18926e-05
5.18907e-05
5.18888e-05
5.18869e-05
5.18851e-05
5.18832e-05
5.18813e-05
5.18794e-05
5.18775e-05
5.18756e-05
5.18738e-05
5.18719e-05
5.187e-05
5.18681e-05
5.18663e-05
5.18644e-05
5.18625e-05
5.18607e-05
5.18588e-05
5.18569e-05
5.18551e-05
5.18532e-05
5.18514e-05
5.18495e-05
5.18477e-05
5.18458e-05
5.1844e-05
5.18421e-05
5.18403e-05
5.18384e-05
5.18366e-05
5.18347e-05
5.18329e-05
5.18311e-05
5.18292e-05
5.18274e-05
5.18256e-05
5.18238e-05
5.18219e-05
5.18201e-05
5.18183e-05
5.18165e-05
5.18146e-05
5.18128e-05
5.1811e-05
5.18092e-05
5.18074e-05
5.18056e-05
5.18038e-05
5.1802e-05
5.18002e-05
5.17984e-05
5.17966e-05
5.17948e-05
5.1793e-05
5.17912e-05
5.17894e-05
5.17876e-05
5.17858e-05
5.1784e-05
5.17822e-05
5.17804e-05
5.17787e-05
5.17769e-05
5.17751e-05
5.17733e-05
5.17715e-05
5.17698e-05
5.1768e-05
5.17662e-05
5.17645e-05
5.17627e-05
5.17609e-05
5.17592e-05
5.17574e-05
5.17556e-05
5.17539e-05
5.17521e-05
5.17504e-05
5.17486e-05
5.17469e-05
5.17451e-05
5.17434e-05
5.17416e-05
5.17399e-05
5.17382e-05
5.17364e-05
5.17347e-05
5.17329e-05
5.17312e-05
5.17295e-05
5.17277e-05
5.1726e-05
5.17243e-05
5.17226e-05
5.17208e-05
5.17191e-05
5.17174e-05
5.17157e-05
5.1714e-05
5.17122e-05
5.17105e-05
5.17088e-05
5.17071e-05
5.17054e-05
5.17037e-05
5.1702e-05
5.17003e-05
5.16986e-05
5.16969e-05
5.16952e-05
5.16935e-05
5.16918e-05
5.16901e-05
5.16884e-05
5.16867e-05
5.1685e-05
5.16833e-05
5.16817e-05
5.168e-05
5.16783e-05
5.16766e-05
5.16749e-05
5.16733e-05
5.16716e-05
5.16699e-05
5.16683e-05
5.16666e-05
5.16649e-05
5.16632e-05
5.16616e-05
5.16599e-05
5.16583e-05
5.16566e-05
5.16549e-05
5.16533e-05
5.16516e-05
5.165e-05
5.16483e-05
5.16467e-05
5.1645e-05
5.16434e-05
5.16417e-05
5.16401e-05
5.16385e-05
5.16368e-05
5.16352e-05
5.16336e-05
5.16319e-05
5.16303e-05
5.16287e-05
5.1627e-05
5.16254e-05
5.16238e-05
5.16221e-05
5.16205e-05
5.16189e-05
5.16173e-05
5.16157e-05
5.16141e-05
5.16124e-05
5.16108e-05
5.16092e-05
5.16076e-05
5.1606e-05
5.16044e-05
5.16028e-05
5.16012e-05
5.15996e-05
5.1598e-05
5.15964e-05
5.15948e-05
5.15932e-05
5.15916e-05
5.159e-05
5.15884e-05
5.15868e-05
5.15852e-05
5.15837e-05
5.15821e-05
5.15805e-05
5.15789e-05
5.15773e-05
5.15757e-05
5.15742e-05
5.15726e-05
5.1571e-05
5.15695e-05
5.15679e-05
5.15663e-05
5.15648e-05
5.15632e-05
5.15616e-05
5.15601e-05
5.15585e-05
5.15569e-05
5.15554e-05
5.15538e-05
5.15523e-05
5.15507e-05
5.15492e-05
5.15476e-05
5.15461e-05
5.15445e-05
5.1543e-05
5.15414e-05
5.15399e-05
5.15384e-05
5.15368e-05
5.15353e-05
5.15338e-05
5.15322e-05
5.15307e-05
5.15292e-05
5.15276e-05
5.15261e-05
5.15246e-05
5.15231e-05
5.15215e-05
5.152e-05
5.15185e-05
5.1517e-05
5.15155e-05
5.15139e-05
5.15124e-05
5.15109e-05
5.15094e-05
5.15079e-05
5.15064e-05
5.15049e-05
5.15034e-05
5.15019e-05
5.15004e-05
5.14989e-05
5.14974e-05
5.14959e-05
5.14944e-05
5.14929e-05
5.14914e-05
5.14899e-05
5.14884e-05
5.14869e-05
5.14854e-05
5.1484e-05
5.14825e-05
5.1481e-05
5.14795e-05
5.1478e-05
5.14766e-05
5.14751e-05
5.14736e-05
5.14721e-05
5.14707e-05
5.14692e-05
5.14677e-05
5.14663e-05
5.14648e-05
5.14633e-05
5.14619e-05
5.14604e-05
5.14589e-05
5.14575e-05
5.1456e-05
5.14546e-05
5.14531e-05
5.14517e-05
5.14502e-05
5.14488e-05
5.14473e-05
5.14459e-05
5.14444e-05
5.1443e-05
5.14415e-05
5.14401e-05
5.14387e-05
5.14372e-05
5.14358e-05
5.14343e-05
5.14329e-05
5.14315e-05
5.14301e-05
5.14286e-05
5.14272e-05
5.14258e-05
5.14243e-05
5.14229e-05
5.14215e-05
5.14201e-05
5.14187e-05
5.14172e-05
5.14158e-05
5.14144e-05
5.1413e-05
5.14116e-05
5.14102e-05
5.14088e-05
5.14074e-05
5.1406e-05
5.14045e-05
5.14031e-05
5.14017e-05
5.14003e-05
5.13989e-05
5.13975e-05
5.13961e-05
5.13948e-05
5.13934e-05
5.1392e-05
5.13906e-05
5.13892e-05
5.13878e-05
5.13864e-05
5.1385e-05
5.13836e-05
5.13823e-05
5.13809e-05
5.13795e-05
5.13781e-05
5.13767e-05
5.13754e-05
5.1374e-05
5.13726e-05
5.13712e-05
5.13699e-05
5.13685e-05
5.13671e-05
5.13658e-05
5.13644e-05
5.13631e-05
5.13617e-05
5.13603e-05
5.1359e-05
5.13576e-05
5.13563e-05
5.13549e-05
5.13535e-05
5.13522e-05
5.13508e-05
5.13495e-05
5.13481e-05
5.13468e-05
5.13455e-05
5.13441e-05
5.13428e-05
5.13414e-05
5.13401e-05
5.13387e-05
5.13374e-05
5.13361e-05
5.13347e-05
5.13334e-05
5.13321e-05
5.13307e-05
5.13294e-05
5.13281e-05
5.13268e-05
5.13254e-05
5.13241e-05
5.13228e-05
5.13215e-05
5.13201e-05
5.13188e-05
5.13175e-05
5.13162e-05
5.13149e-05
5.13136e-05
5.13123e-05
5.13109e-05
5.13096e-05
5.13083e-05
5.1307e-05
5.13057e-05
5.13044e-05
5.13031e-05
5.13018e-05
5.13005e-05
5.12992e-05
5.12979e-05
5.12966e-05
5.12953e-05
5.1294e-05
5.12927e-05
5.12914e-05
5.12902e-05
5.12889e-05
5.12876e-05
5.12863e-05
5.1285e-05
5.12837e-05
5.12824e-05
5.12812e-05
5.12799e-05
5.12786e-05
5.12773e-05
5.12761e-05
5.12748e-05
5.12735e-05
5.12722e-05
5.1271e-05
5.12697e-05
5.12684e-05
5.12672e-05
5.12659e-05
5.12646e-05
5.12634e-05
5.12621e-05
5.12608e-05
5.12596e-05
5.12583e-05
5.12571e-05
5.12558e-05
5.12546e-05
5.12533e-05
5.12521e-05
5.12508e-05
5.12496e-05
5.12483e-05
5.12471e-05
5.12458e-05
5.12446e-05
5.12433e-05
5.12421e-05
5.12409e-05
5.12396e-05
5.12384e-05
5.12371e-05
5.12359e-05
5.12347e-05
5.12334e-05
5.12322e-05
5.1231e-05
5.12298e-05
5.12285e-05
5.12273e-05
5.12261e-05
5.12248e-05
5.12236e-05
5.12224e-05
5.12212e-05
5.122e-05
5.12187e-05
5.12175e-05
5.12163e-05
5.12151e-05
5.12139e-05
5.12127e-05
5.12115e-05
5.12103e-05
5.1209e-05
5.12078e-05
5.12066e-05
5.12054e-05
5.12042e-05
5.1203e-05
5.12018e-05
5.12006e-05
5.11994e-05
5.11982e-05
5.1197e-05
5.11958e-05
5.11946e-05
5.11935e-05
5.11923e-05
5.11911e-05
5.11899e-05
5.11887e-05
5.11875e-05
5.11863e-05
5.11851e-05
5.1184e-05
5.11828e-05
5.11816e-05
5.11804e-05
5.11792e-05
5.11781e-05
5.11769e-05
5.11757e-05
5.11745e-05
5.11734e-05
5.11722e-05
5.1171e-05
5.11699e-05
5.11687e-05
5.11675e-05
5.11664e-05
5.11652e-05
5.1164e-05
5.11629e-05
5.11617e-05
5.11605e-05
5.11594e-05
5.11582e-05
5.11571e-05
5.11559e-05
5.11548e-05
5.11536e-05
5.11525e-05
5.11513e-05
5.11502e-05
5.1149e-05
5.11479e-05
5.11467e-05
5.11456e-05
5.11444e-05
5.11433e-05
5.11422e-05
5.1141e-05
5.11399e-05
5.11387e-05
5.11376e-05
5.11365e-05
5.11353e-05
5.11342e-05
5.11331e-05
5.11319e-05
5.11308e-05
5.11297e-05
5.11286e-05
5.11274e-05
5.11263e-05
5.11252e-05
5.11241e-05
5.11229e-05
5.11218e-05
5.11207e-05
5.11196e-05
5.11185e-05
5.11173e-05
5.11162e-05
5.11151e-05
5.1114e-05
5.11129e-05
5.11118e-05
5.11107e-05
5.11096e-05
5.11085e-05
5.11074e-05
5.11062e-05
5.11051e-05
5.1104e-05
5.11029e-05
5.11018e-05
5.11007e-05
5.10996e-05
5.10985e-05
5.10975e-05
5.10964e-05
5.10953e-05
5.10942e-05
5.10931e-05
5.1092e-05
5.10909e-05
5.10898e-05
5.10887e-05
5.10876e-05
5.10866e-05
5.10855e-05
5.10844e-05
5.10833e-05
5.10822e-05
5.10811e-05
5.10801e-05
5.1079e-05
5.10779e-05
5.10768e-05
5.10758e-05
5.10747e-05
5.10736e-05
5.10725e-05
5.10715e-05
5.10704e-05
5.10693e-05
5.10683e-05
5.10672e-05
5.10661e-05
5.10651e-05
5.1064e-05
5.1063e-05
5.10619e-05
5.10608e-05
5.10598e-05
5.10587e-05
5.10577e-05
5.10566e-05
5.10556e-05
5.10545e-05
5.10535e-05
5.10524e-05
5.10514e-05
5.10503e-05
5.10493e-05
5.10482e-05
5.10472e-05
5.10461e-05
5.10451e-05
5.1044e-05
5.1043e-05
5.1042e-05
5.10409e-05
5.10399e-05
5.10388e-05
5.10378e-05
5.10368e-05
5.10357e-05
5.10347e-05
5.10337e-05
5.10326e-05
5.10316e-05
5.10306e-05
5.10296e-05
5.10285e-05
5.10275e-05
5.10265e-05
5.10255e-05
5.10244e-05
5.10234e-05
5.10224e-05
5.10214e-05
5.10204e-05
5.10193e-05
5.10183e-05
5.10173e-05
5.10163e-05
5.10153e-05
5.10143e-05
5.10133e-05
5.10122e-05
5.10112e-05
5.10102e-05
5.10092e-05
5.10082e-05
5.10072e-05
5.10062e-05
5.10052e-05
5.10042e-05
5.10032e-05
5.10022e-05
5.10012e-05
5.10002e-05
5.09992e-05
5.09982e-05
5.09972e-05
5.09962e-05
5.09952e-05
5.09942e-05
5.09932e-05
5.09922e-05
5.09913e-05
5.09903e-05
5.09893e-05
5.09883e-05
5.09873e-05
5.09863e-05
5.09853e-05
5.09844e-05
5.09834e-05
5.09824e-05
5.09814e-05
5.09804e-05
5.09795e-05
5.09785e-05
5.09775e-05
5.09765e-05
5.09756e-05
5.09746e-05
5.09736e-05
5.09727e-05
5.09717e-05
5.09707e-05
5.09697e-05
5.09688e-05
5.09678e-05
5.09669e-05
5.09659e-05
5.09649e-05
5.0964e-05
5.0963e-05
5.0962e-05
5.09611e-05
5.09601e-05
5.09592e-05
5.09582e-05
5.09573e-05
5.09563e-05
5.09553e-05
5.09544e-05
5.09534e-05
5.09525e-05
5.09515e-05
5.09506e-05
5.09497e-05
5.09487e-05
5.09478e-05
5.09468e-05
5.09459e-05
5.09449e-05
5.0944e-05
5.0943e-05
5.09421e-05
5.09412e-05
5.09402e-05
5.09393e-05
5.09384e-05
5.09374e-05
5.09365e-05
5.09356e-05
5.09346e-05
5.09337e-05
5.09328e-05
5.09318e-05
5.09309e-05
5.093e-05
5.0929e-05
5.09281e-05
5.09272e-05
5.09263e-05
5.09253e-05
5.09244e-05
5.09235e-05
5.09226e-05
5.09217e-05
5.09207e-05
5.09198e-05
5.09189e-05
5.0918e-05
5.09171e-05
5.09162e-05
5.09153e-05
5.09143e-05
5.09134e-05
5.09125e-05
5.09116e-05
5.09107e-05
5.09098e-05
5.09089e-05
5.0908e-05
5.09071e-05
5.09062e-05
5.09053e-05
5.09044e-05
5.09035e-05
5.09026e-05
5.09017e-05
5.09008e-05
5.08999e-05
5.0899e-05
5.08981e-05
5.08972e-05
5.08963e-05
5.08954e-05
5.08945e-05
5.08936e-05
5.08927e-05
5.08918e-05
5.0891e-05
5.08901e-05
5.08892e-05
5.08883e-05
5.08874e-05
5.08865e-05
5.08856e-05
5.08848e-05
5.08839e-05
5.0883e-05
5.08821e-05
5.08812e-05
5.08804e-05
5.08795e-05
5.08786e-05
5.08777e-05
5.08769e-05
5.0876e-05
5.08751e-05
5.08742e-05
5.08734e-05
5.08725e-05
5.08716e-05
5.08708e-05
5.08699e-05
5.0869e-05
5.08682e-05
5.08673e-05
5.08664e-05
5.08656e-05
5.08647e-05
5.08638e-05
5.0863e-05
5.08621e-05
5.08613e-05
5.08604e-05
5.08595e-05
5.08587e-05
5.08578e-05
5.0857e-05
5.08561e-05
5.08553e-05
5.08544e-05
5.08536e-05
5.08527e-05
5.08519e-05
5.0851e-05
5.08502e-05
5.08493e-05
5.08485e-05
5.08476e-05
5.08468e-05
5.0846e-05
5.08451e-05
5.08443e-05
5.08434e-05
5.08426e-05
5.08417e-05
5.08409e-05
5.08401e-05
5.08392e-05
5.08384e-05
5.08376e-05
5.08367e-05
5.08359e-05
5.08351e-05
5.08342e-05
5.08334e-05
5.08326e-05
5.08317e-05
5.08309e-05
5.08301e-05
5.08293e-05
5.08284e-05
5.08276e-05
5.08268e-05
5.0826e-05
5.08251e-05
5.08243e-05
5.08235e-05
5.08227e-05
5.08219e-05
5.0821e-05
5.08202e-05
5.08194e-05
5.08186e-05
5.08178e-05
5.0817e-05
5.08161e-05
5.08153e-05
5.08145e-05
5.08137e-05
5.08129e-05
5.08121e-05
5.08113e-05
5.08105e-05
5.08097e-05
5.08089e-05
5.08081e-05
5.08073e-05
5.08064e-05
5.08056e-05
5.08048e-05
5.0804e-05
5.08032e-05
5.08024e-05
5.08016e-05
5.08008e-05
5.08e-05
5.07993e-05
5.07985e-05
5.07977e-05
5.07969e-05
5.07961e-05
5.07953e-05
5.07945e-05
5.07937e-05
5.07929e-05
5.07921e-05
5.07913e-05
5.07905e-05
5.07898e-05
5.0789e-05
5.07882e-05
5.07874e-05
5.07866e-05
5.07858e-05
5.0785e-05
5.07843e-05
5.07835e-05
5.07827e-05
5.07819e-05
5.07811e-05
5.07804e-05
5.07796e-05
5.07788e-05
5.0778e-05
5.07773e-05
5.07765e-05
5.07757e-05
5.07749e-05
5.07742e-05
5.07734e-05
5.07726e-05
5.07719e-05
5.07711e-05
5.07703e-05
5.07696e-05
5.07688e-05
5.0768e-05
5.07673e-05
5.07665e-05
5.07657e-05
5.0765e-05
5.07642e-05
5.07635e-05
5.07627e-05
5.07619e-05
5.07612e-05
5.07604e-05
5.07597e-05
5.07589e-05
5.07582e-05
5.07574e-05
5.07566e-05
5.07559e-05
5.07551e-05
5.07544e-05
5.07536e-05
5.07529e-05
5.07521e-05
5.07514e-05
5.07506e-05
5.07499e-05
5.07491e-05
5.07484e-05
5.07477e-05
5.07469e-05
5.07462e-05
5.07454e-05
5.07447e-05
5.07439e-05
5.07432e-05
5.07425e-05
5.07417e-05
5.0741e-05
5.07402e-05
5.07395e-05
5.07388e-05
5.0738e-05
5.07373e-05
5.07366e-05
5.07358e-05
5.07351e-05
5.07344e-05
5.07336e-05
5.07329e-05
5.07322e-05
5.07315e-05
5.07307e-05
5.073e-05
5.07293e-05
5.07285e-05
5.07278e-05
5.07271e-05
5.07264e-05
5.07257e-05
5.07249e-05
5.07242e-05
5.07235e-05
5.07228e-05
5.07221e-05
5.07213e-05
5.07206e-05
5.07199e-05
5.07192e-05
5.07185e-05
5.07178e-05
5.0717e-05
5.07163e-05
5.07156e-05
5.07149e-05
5.07142e-05
5.07135e-05
5.07128e-05
5.07121e-05
5.07113e-05
5.07106e-05
5.07099e-05
5.07092e-05
5.07085e-05
5.07078e-05
5.07071e-05
5.07064e-05
5.07057e-05
5.0705e-05
5.07043e-05
5.07036e-05
5.07029e-05
5.07022e-05
5.07015e-05
5.07008e-05
5.07001e-05
5.06994e-05
5.06987e-05
5.0698e-05
5.06973e-05
5.06966e-05
5.06959e-05
5.06952e-05
5.06946e-05
5.06939e-05
5.06932e-05
5.06925e-05
5.06918e-05
5.06911e-05
5.06904e-05
5.06897e-05
5.0689e-05
5.06884e-05
5.06877e-05
5.0687e-05
5.06863e-05
5.06856e-05
5.06849e-05
5.06843e-05
5.06836e-05
5.06829e-05
5.06822e-05
5.06815e-05
5.06809e-05
5.06802e-05
5.06795e-05
5.06788e-05
5.06782e-05
5.06775e-05
5.06768e-05
5.06761e-05
5.06755e-05
5.06748e-05
5.06741e-05
5.06735e-05
5.06728e-05
5.06721e-05
5.06714e-05
5.06708e-05
5.06701e-05
5.06694e-05
5.06688e-05
5.06681e-05
5.06674e-05
5.06668e-05
5.06661e-05
5.06655e-05
5.06648e-05
5.06641e-05
5.06635e-05
5.06628e-05
5.06622e-05
5.06615e-05
5.06608e-05
5.06602e-05
5.06595e-05
5.06589e-05
5.06582e-05
5.06576e-05
5.06569e-05
5.06562e-05
5.06556e-05
5.06549e-05
5.06543e-05
5.06536e-05
5.0653e-05
5.06523e-05
5.06517e-05
5.0651e-05
5.06504e-05
5.06498e-05
5.06491e-05
5.06485e-05
5.06478e-05
5.06472e-05
5.06465e-05
5.06459e-05
5.06452e-05
5.06446e-05
5.0644e-05
5.06433e-05
5.06427e-05
5.0642e-05
5.06414e-05
5.06408e-05
5.06401e-05
5.06395e-05
5.06389e-05
5.06382e-05
5.06376e-05
5.06369e-05
5.06363e-05
5.06357e-05
5.06351e-05
5.06344e-05
5.06338e-05
5.06332e-05
5.06325e-05
5.06319e-05
5.06313e-05
5.06306e-05
5.063e-05
5.06294e-05
5.06288e-05
5.06281e-05
5.06275e-05
5.06269e-05
5.06263e-05
5.06256e-05
5.0625e-05
5.06244e-05
5.06238e-05
5.06232e-05
5.06225e-05
5.06219e-05
5.06213e-05
5.06207e-05
5.06201e-05
5.06195e-05
5.06188e-05
5.06182e-05
5.06176e-05
5.0617e-05
5.06164e-05
5.06158e-05
5.06152e-05
5.06145e-05
5.06139e-05
5.06133e-05
5.06127e-05
5.06121e-05
5.06115e-05
5.06109e-05
5.06103e-05
5.06097e-05
5.06091e-05
5.06085e-05
5.06079e-05
5.06072e-05
5.06066e-05
5.0606e-05
5.06054e-05
5.06048e-05
5.06042e-05
5.06036e-05
5.0603e-05
5.06024e-05
5.06018e-05
5.06012e-05
5.06006e-05
5.06e-05
5.05994e-05
5.05989e-05
5.05983e-05
5.05977e-05
5.05971e-05
5.05965e-05
5.05959e-05
5.05953e-05
5.05947e-05
5.05941e-05
5.05935e-05
5.05929e-05
5.05923e-05
5.05917e-05
5.05912e-05
5.05906e-05
5.059e-05
5.05894e-05
5.05888e-05
5.05882e-05
5.05876e-05
5.05871e-05
5.05865e-05
5.05859e-05
5.05853e-05
5.05847e-05
5.05841e-05
5.05836e-05
5.0583e-05
5.05824e-05
5.05818e-05
5.05812e-05
5.05807e-05
5.05801e-05
5.05795e-05
5.05789e-05
5.05784e-05
5.05778e-05
5.05772e-05
5.05766e-05
5.05761e-05
5.05755e-05
5.05749e-05
5.05744e-05
5.05738e-05
5.05732e-05
5.05726e-05
5.05721e-05
5.05715e-05
5.05709e-05
5.05704e-05
5.05698e-05
5.05692e-05
5.05687e-05
5.05681e-05
5.05675e-05
5.0567e-05
5.05664e-05
5.05658e-05
5.05653e-05
5.05647e-05
5.05642e-05
5.05636e-05
5.0563e-05
5.05625e-05
5.05619e-05
5.05614e-05
5.05608e-05
5.05602e-05
5.05597e-05
5.05591e-05
5.05586e-05
5.0558e-05
5.05575e-05
5.05569e-05
5.05564e-05
5.05558e-05
5.05553e-05
5.05547e-05
5.05542e-05
5.05536e-05
5.05531e-05
5.05525e-05
5.0552e-05
5.05514e-05
5.05509e-05
5.05503e-05
5.05498e-05
5.05492e-05
5.05487e-05
5.05481e-05
5.05476e-05
5.0547e-05
5.05465e-05
5.0546e-05
5.05454e-05
5.05449e-05
5.05443e-05
5.05438e-05
5.05432e-05
5.05427e-05
5.05422e-05
5.05416e-05
5.05411e-05
5.05405e-05
5.054e-05
5.05395e-05
5.05389e-05
5.05384e-05
5.05379e-05
5.05373e-05
5.05368e-05
5.05363e-05
5.05357e-05
5.05352e-05
5.05347e-05
5.05341e-05
5.05336e-05
5.05331e-05
5.05325e-05
5.0532e-05
5.05315e-05
5.0531e-05
5.05304e-05
5.05299e-05
5.05294e-05
5.05289e-05
5.05283e-05
5.05278e-05
5.05273e-05
5.05268e-05
5.05262e-05
5.05257e-05
5.05252e-05
5.05247e-05
5.05241e-05
5.05236e-05
5.05231e-05
5.05226e-05
5.05221e-05
5.05215e-05
5.0521e-05
5.05205e-05
5.052e-05
5.05195e-05
5.0519e-05
5.05184e-05
5.05179e-05
5.05174e-05
5.05169e-05
5.05164e-05
5.05159e-05
5.05154e-05
5.05149e-05
5.05143e-05
5.05138e-05
5.05133e-05
5.05128e-05
5.05123e-05
5.05118e-05
5.05113e-05
5.05108e-05
5.05103e-05
5.05098e-05
5.05093e-05
5.05087e-05
5.05082e-05
5.05077e-05
5.05072e-05
5.05067e-05
5.05062e-05
5.05057e-05
5.05052e-05
5.05047e-05
5.05042e-05
5.05037e-05
5.05032e-05
5.05027e-05
5.05022e-05
5.05017e-05
5.05012e-05
5.05007e-05
5.05002e-05
5.04997e-05
5.04992e-05
5.04987e-05
5.04982e-05
5.04977e-05
5.04972e-05
5.04968e-05
5.04963e-05
5.04958e-05
5.04953e-05
5.04948e-05
5.04943e-05
5.04938e-05
5.04933e-05
5.04928e-05
5.04923e-05
5.04918e-05
5.04914e-05
5.04909e-05
5.04904e-05
5.04899e-05
5.04894e-05
5.04889e-05
5.04884e-05
5.04879e-05
5.04875e-05
5.0487e-05
5.04865e-05
5.0486e-05
5.04855e-05
5.0485e-05
5.04846e-05
5.04841e-05
5.04836e-05
5.04831e-05
5.04826e-05
5.04822e-05
5.04817e-05
5.04812e-05
5.04807e-05
5.04803e-05
5.04798e-05
5.04793e-05
5.04788e-05
5.04783e-05
5.04779e-05
5.04774e-05
5.04769e-05
5.04764e-05
5.0476e-05
5.04755e-05
5.0475e-05
5.04746e-05
5.04741e-05
5.04736e-05
5.04731e-05
5.04727e-05
5.04722e-05
5.04717e-05
5.04713e-05
5.04708e-05
5.04703e-05
5.04699e-05
5.04694e-05
5.04689e-05
5.04685e-05
5.0468e-05
5.04675e-05
5.04671e-05
5.04666e-05
5.04661e-05
5.04657e-05
5.04652e-05
5.04648e-05
5.04643e-05
5.04638e-05
5.04634e-05
5.04629e-05
5.04625e-05
5.0462e-05
5.04615e-05
5.04611e-05
5.04606e-05
5.04602e-05
5.04597e-05
5.04593e-05
5.04588e-05
5.04583e-05
5.04579e-05
5.04574e-05
5.0457e-05
5.04565e-05
5.04561e-05
5.04556e-05
5.04552e-05
5.04547e-05
5.04543e-05
5.04538e-05
5.04534e-05
5.04529e-05
5.04525e-05
5.0452e-05
5.04516e-05
5.04511e-05
5.04507e-05
5.04502e-05
5.04498e-05
5.04493e-05
5.04489e-05
5.04484e-05
5.0448e-05
5.04475e-05
5.04471e-05
5.04467e-05
5.04462e-05
5.04458e-05
5.04453e-05
5.04449e-05
5.04444e-05
5.0444e-05
5.04436e-05
5.04431e-05
5.04427e-05
5.04422e-05
5.04418e-05
5.04414e-05
5.04409e-05
5.04405e-05
5.044e-05
5.04396e-05
5.04392e-05
5.04387e-05
5.04383e-05
5.04379e-05
5.04374e-05
5.0437e-05
5.04366e-05
5.04361e-05
5.04357e-05
5.04353e-05
5.04348e-05
5.04344e-05
5.0434e-05
5.04335e-05
5.04331e-05
5.04327e-05
5.04323e-05
5.04318e-05
5.04314e-05
5.0431e-05
5.04305e-05
5.04301e-05
5.04297e-05
5.04293e-05
5.04288e-05
5.04284e-05
5.0428e-05
5.04276e-05
5.04271e-05
5.04267e-05
5.04263e-05
5.04259e-05
5.04254e-05
5.0425e-05
5.04246e-05
5.04242e-05
5.04238e-05
5.04233e-05
5.04229e-05
5.04225e-05
5.04221e-05
5.04217e-05
5.04212e-05
5.04208e-05
5.04204e-05
5.042e-05
5.04196e-05
5.04191e-05
5.04187e-05
5.04183e-05
5.04179e-05
5.04175e-05
5.04171e-05
5.04167e-05
5.04162e-05
5.04158e-05
5.04154e-05
5.0415e-05
5.04146e-05
5.04142e-05
5.04138e-05
5.04134e-05
5.04129e-05
5.04125e-05
5.04121e-05
5.04117e-05
5.04113e-05
5.04109e-05
5.04105e-05
5.04101e-05
5.04097e-05
5.04093e-05
5.04089e-05
5.04085e-05
5.04081e-05
5.04077e-05
5.04072e-05
5.04068e-05
5.04064e-05
5.0406e-05
5.04056e-05
5.04052e-05
5.04048e-05
5.04044e-05
5.0404e-05
5.04036e-05
5.04032e-05
5.04028e-05
5.04024e-05
5.0402e-05
5.04016e-05
5.04012e-05
5.04008e-05
5.04004e-05
5.04e-05
5.03996e-05
5.03992e-05
5.03988e-05
5.03984e-05
5.03981e-05
5.03977e-05
5.03973e-05
5.03969e-05
5.03965e-05
5.03961e-05
5.03957e-05
5.03953e-05
5.03949e-05
5.03945e-05
5.03941e-05
5.03937e-05
5.03933e-05
5.03929e-05
5.03926e-05
5.03922e-05
5.03918e-05
5.03914e-05
5.0391e-05
5.03906e-05
5.03902e-05
5.03898e-05
5.03895e-05
5.03891e-05
5.03887e-05
5.03883e-05
5.03879e-05
5.03875e-05
5.03871e-05
5.03868e-05
5.03864e-05
5.0386e-05
5.03856e-05
5.03852e-05
5.03848e-05
5.03845e-05
5.03841e-05
5.03837e-05
5.03833e-05
5.03829e-05
5.03826e-05
5.03822e-05
5.03818e-05
5.03814e-05
5.0381e-05
5.03807e-05
5.03803e-05
5.03799e-05
5.03795e-05
5.03792e-05
5.03788e-05
5.03784e-05
5.0378e-05
5.03776e-05
5.03773e-05
5.03769e-05
5.03765e-05
5.03762e-05
5.03758e-05
5.03754e-05
5.0375e-05
5.03747e-05
5.03743e-05
5.03739e-05
5.03735e-05
5.03732e-05
5.03728e-05
5.03724e-05
5.03721e-05
5.03717e-05
5.03713e-05
5.0371e-05
5.03706e-05
5.03702e-05
5.03699e-05
5.03695e-05
5.03691e-05
5.03688e-05
5.03684e-05
5.0368e-05
5.03677e-05
5.03673e-05
5.03669e-05
5.03666e-05
5.03662e-05
5.03658e-05
5.03655e-05
5.03651e-05
5.03648e-05
5.03644e-05
5.0364e-05
5.03637e-05
5.03633e-05
5.03629e-05
5.03626e-05
5.03622e-05
5.03619e-05
5.03615e-05
5.03612e-05
5.03608e-05
5.03604e-05
5.03601e-05
5.03597e-05
5.03594e-05
5.0359e-05
5.03587e-05
5.03583e-05
5.03579e-05
5.03576e-05
5.03572e-05
5.03569e-05
5.03565e-05
5.03562e-05
5.03558e-05
5.03555e-05
5.03551e-05
5.03548e-05
5.03544e-05
5.03541e-05
5.03537e-05
5.03534e-05
5.0353e-05
5.03527e-05
5.03523e-05
5.0352e-05
5.03516e-05
5.03513e-05
5.03509e-05
5.03506e-05
5.03502e-05
5.03499e-05
5.03495e-05
5.03492e-05
5.03488e-05
5.03485e-05
5.03481e-05
5.03478e-05
5.03474e-05
5.03471e-05
5.03468e-05
5.03464e-05
5.03461e-05
5.03457e-05
5.03454e-05
5.0345e-05
5.03447e-05
5.03444e-05
5.0344e-05
5.03437e-05
5.03433e-05
5.0343e-05
5.03426e-05
5.03423e-05
5.0342e-05
5.03416e-05
5.03413e-05
5.0341e-05
5.03406e-05
5.03403e-05
5.03399e-05
5.03396e-05
5.03393e-05
5.03389e-05
5.03386e-05
5.03383e-05
5.03379e-05
5.03376e-05
5.03373e-05
5.03369e-05
5.03366e-05
5.03362e-05
5.03359e-05
5.03356e-05
5.03352e-05
5.03349e-05
5.03346e-05
5.03343e-05
5.03339e-05
5.03336e-05
5.03333e-05
5.03329e-05
5.03326e-05
5.03323e-05
5.03319e-05
5.03316e-05
5.03313e-05
5.0331e-05
5.03306e-05
5.03303e-05
5.033e-05
5.03296e-05
5.03293e-05
5.0329e-05
5.03287e-05
5.03283e-05
5.0328e-05
5.03277e-05
5.03274e-05
5.0327e-05
5.03267e-05
5.03264e-05
5.03261e-05
5.03257e-05
5.03254e-05
5.03251e-05
5.03248e-05
5.03244e-05
5.03241e-05
5.03238e-05
5.03235e-05
5.03232e-05
5.03228e-05
5.03225e-05
5.03222e-05
5.03219e-05
5.03216e-05
5.03212e-05
5.03209e-05
5.03206e-05
5.03203e-05
5.032e-05
5.03197e-05
5.03193e-05
5.0319e-05
5.03187e-05
5.03184e-05
5.03181e-05
5.03178e-05
5.03174e-05
5.03171e-05
5.03168e-05
5.03165e-05
5.03162e-05
5.03159e-05
5.03156e-05
5.03152e-05
5.03149e-05
5.03146e-05
5.03143e-05
5.0314e-05
5.03137e-05
5.03134e-05
5.03131e-05
5.03128e-05
5.03124e-05
5.03121e-05
5.03118e-05
5.03115e-05
5.03112e-05
5.03109e-05
5.03106e-05
5.03103e-05
5.031e-05
5.03097e-05
5.03094e-05
5.03091e-05
5.03087e-05
5.03084e-05
5.03081e-05
5.03078e-05
5.03075e-05
5.03072e-05
5.03069e-05
5.03066e-05
5.03063e-05
5.0306e-05
5.03057e-05
5.03054e-05
5.03051e-05
5.03048e-05
5.03045e-05
5.03042e-05
5.03039e-05
5.03036e-05
5.03033e-05
5.0303e-05
5.03027e-05
5.03024e-05
5.03021e-05
5.03018e-05
5.03015e-05
5.03012e-05
5.03009e-05
5.03006e-05
5.03003e-05
5.03e-05
5.02997e-05
5.02994e-05
5.02991e-05
5.02988e-05
5.02985e-05
5.02982e-05
5.02979e-05
5.02976e-05
5.02973e-05
5.0297e-05
5.02967e-05
5.02964e-05
5.02962e-05
5.02959e-05
5.02956e-05
5.02953e-05
5.0295e-05
5.02947e-05
5.02944e-05
5.02941e-05
5.02938e-05
5.02935e-05
5.02932e-05
5.02929e-05
5.02926e-05
5.02924e-05
5.02921e-05
5.02918e-05
5.02915e-05
5.02912e-05
5.02909e-05
5.02906e-05
5.02903e-05
5.029e-05
5.02898e-05
5.02895e-05
5.02892e-05
5.02889e-05
5.02886e-05
5.02883e-05
5.0288e-05
5.02878e-05
5.02875e-05
5.02872e-05
5.02869e-05
5.02866e-05
5.02863e-05
5.0286e-05
5.02858e-05
5.02855e-05
5.02852e-05
5.02849e-05
5.02846e-05
5.02843e-05
5.02841e-05
5.02838e-05
5.02835e-05
5.02832e-05
5.02829e-05
5.02827e-05
5.02824e-05
5.02821e-05
5.02818e-05
5.02815e-05
5.02813e-05
5.0281e-05
5.02807e-05
5.02804e-05
5.02802e-05
5.02799e-05
5.02796e-05
5.02793e-05
5.0279e-05
5.02788e-05
5.02785e-05
5.02782e-05
5.02779e-05
5.02777e-05
5.02774e-05
5.02771e-05
5.02768e-05
5.02766e-05
5.02763e-05
5.0276e-05
5.02757e-05
5.02755e-05
5.02752e-05
5.02749e-05
5.02747e-05
5.02744e-05
5.02741e-05
5.02738e-05
5.02736e-05
5.02733e-05
5.0273e-05
5.02728e-05
5.02725e-05
5.02722e-05
5.02719e-05
5.02717e-05
5.02714e-05
5.02711e-05
5.02709e-05
5.02706e-05
5.02703e-05
5.02701e-05
5.02698e-05
5.02695e-05
5.02693e-05
5.0269e-05
5.02687e-05
5.02685e-05
5.02682e-05
5.02679e-05
5.02677e-05
5.02674e-05
5.02671e-05
5.02669e-05
5.02666e-05
5.02663e-05
5.02661e-05
5.02658e-05
5.02655e-05
5.02653e-05
5.0265e-05
5.02648e-05
5.02645e-05
5.02642e-05
5.0264e-05
5.02637e-05
5.02634e-05
5.02632e-05
5.02629e-05
5.02627e-05
5.02624e-05
5.02621e-05
5.02619e-05
5.02616e-05
5.02614e-05
5.02611e-05
5.02608e-05
5.02606e-05
5.02603e-05
5.02601e-05
5.02598e-05
5.02596e-05
5.02593e-05
5.0259e-05
5.02588e-05
5.02585e-05
5.02583e-05
5.0258e-05
5.02578e-05
5.02575e-05
5.02573e-05
5.0257e-05
5.02567e-05
5.02565e-05
5.02562e-05
5.0256e-05
5.02557e-05
5.02555e-05
5.02552e-05
5.0255e-05
5.02547e-05
5.02545e-05
5.02542e-05
5.0254e-05
5.02537e-05
5.02535e-05
5.02532e-05
5.0253e-05
5.02527e-05
5.02525e-05
5.02522e-05
5.0252e-05
5.02517e-05
5.02515e-05
5.02512e-05
5.0251e-05
5.02507e-05
5.02505e-05
5.02502e-05
5.025e-05
5.02497e-05
5.02495e-05
5.02492e-05
5.0249e-05
5.02487e-05
5.02485e-05
5.02482e-05
5.0248e-05
5.02477e-05
5.02475e-05
5.02473e-05
5.0247e-05
5.02468e-05
5.02465e-05
5.02463e-05
5.0246e-05
5.02458e-05
5.02455e-05
5.02453e-05
5.02451e-05
5.02448e-05
5.02446e-05
5.02443e-05
5.02441e-05
5.02438e-05
5.02436e-05
5.02434e-05
5.02431e-05
5.02429e-05
5.02426e-05
5.02424e-05
5.02422e-05
5.02419e-05
5.02417e-05
5.02414e-05
5.02412e-05
5.0241e-05
5.02407e-05
5.02405e-05
5.02402e-05
5.024e-05
5.02398e-05
5.02395e-05
5.02393e-05
5.02391e-05
5.02388e-05
5.02386e-05
5.02383e-05
5.02381e-05
5.02379e-05
5.02376e-05
5.02374e-05
5.02372e-05
5.02369e-05
5.02367e-05
5.02365e-05
5.02362e-05
5.0236e-05
5.02358e-05
5.02355e-05
5.02353e-05
5.02351e-05
5.02348e-05
5.02346e-05
5.02344e-05
5.02341e-05
5.02339e-05
5.02337e-05
5.02334e-05
5.02332e-05
5.0233e-05
5.02327e-05
5.02325e-05
5.02323e-05
5.02321e-05
5.02318e-05
5.02316e-05
5.02314e-05
5.02311e-05
5.02309e-05
5.02307e-05
5.02305e-05
5.02302e-05
5.023e-05
5.02298e-05
5.02295e-05
5.02293e-05
5.02291e-05
5.02289e-05
5.02286e-05
5.02284e-05
5.02282e-05
5.0228e-05
5.02277e-05
5.02275e-05
5.02273e-05
5.02271e-05
5.02268e-05
5.02266e-05
5.02264e-05
5.02262e-05
5.02259e-05
5.02257e-05
5.02255e-05
5.02253e-05
5.0225e-05
5.02248e-05
5.02246e-05
5.02244e-05
5.02241e-05
5.02239e-05
5.02237e-05
5.02235e-05
5.02233e-05
5.0223e-05
5.02228e-05
5.02226e-05
5.02224e-05
5.02222e-05
5.02219e-05
5.02217e-05
5.02215e-05
5.02213e-05
5.02211e-05
5.02208e-05
5.02206e-05
5.02204e-05
5.02202e-05
5.022e-05
5.02197e-05
5.02195e-05
5.02193e-05
5.02191e-05
5.02189e-05
5.02187e-05
5.02184e-05
5.02182e-05
5.0218e-05
5.02178e-05
5.02176e-05
5.02174e-05
5.02171e-05
5.02169e-05
5.02167e-05
5.02165e-05
5.02163e-05
5.02161e-05
5.02159e-05
5.02156e-05
5.02154e-05
5.02152e-05
5.0215e-05
5.02148e-05
5.02146e-05
5.02144e-05
5.02142e-05
5.02139e-05
5.02137e-05
5.02135e-05
5.02133e-05
5.02131e-05
5.02129e-05
5.02127e-05
5.02125e-05
5.02123e-05
5.0212e-05
5.02118e-05
5.02116e-05
5.02114e-05
5.02112e-05
5.0211e-05
5.02108e-05
5.02106e-05
5.02104e-05
5.02102e-05
5.021e-05
5.02097e-05
5.02095e-05
5.02093e-05
5.02091e-05
5.02089e-05
5.02087e-05
5.02085e-05
5.02083e-05
5.02081e-05
5.02079e-05
5.02077e-05
5.02075e-05
5.02073e-05
5.02071e-05
5.02069e-05
5.02067e-05
5.02064e-05
5.02062e-05
5.0206e-05
5.02058e-05
5.02056e-05
5.02054e-05
5.02052e-05
5.0205e-05
5.02048e-05
5.02046e-05
5.02044e-05
5.02042e-05
5.0204e-05
5.02038e-05
5.02036e-05
5.02034e-05
5.02032e-05
5.0203e-05
5.02028e-05
5.02026e-05
5.02024e-05
5.02022e-05
5.0202e-05
5.02018e-05
5.02016e-05
5.02014e-05
5.02012e-05
5.0201e-05
5.02008e-05
5.02006e-05
5.02004e-05
5.02002e-05
5.02e-05
5.01998e-05
5.01996e-05
5.01994e-05
5.01992e-05
5.0199e-05
5.01988e-05
5.01986e-05
5.01984e-05
5.01982e-05
5.0198e-05
5.01978e-05
5.01976e-05
5.01974e-05
5.01973e-05
5.01971e-05
5.01969e-05
5.01967e-05
5.01965e-05
5.01963e-05
5.01961e-05
5.01959e-05
5.01957e-05
5.01955e-05
5.01953e-05
5.01951e-05
5.01949e-05
5.01947e-05
5.01945e-05
5.01943e-05
5.01941e-05
5.0194e-05
5.01938e-05
5.01936e-05
5.01934e-05
5.01932e-05
5.0193e-05
5.01928e-05
5.01926e-05
5.01924e-05
5.01922e-05
5.0192e-05
5.01919e-05
5.01917e-05
5.01915e-05
5.01913e-05
5.01911e-05
5.01909e-05
5.01907e-05
5.01905e-05
5.01903e-05
5.01902e-05
5.019e-05
5.01898e-05
5.01896e-05
5.01894e-05
5.01892e-05
5.0189e-05
5.01888e-05
5.01887e-05
5.01885e-05
5.01883e-05
5.01881e-05
5.01879e-05
5.01877e-05
5.01875e-05
5.01873e-05
5.01872e-05
5.0187e-05
5.01868e-05
5.01866e-05
5.01864e-05
5.01862e-05
5.01861e-05
5.01859e-05
5.01857e-05
5.01855e-05
5.01853e-05
5.01851e-05
5.0185e-05
5.01848e-05
5.01846e-05
5.01844e-05
5.01842e-05
5.0184e-05
5.01839e-05
5.01837e-05
5.01835e-05
5.01833e-05
5.01831e-05
5.01829e-05
5.01828e-05
5.01826e-05
5.01824e-05
5.01822e-05
5.0182e-05
5.01819e-05
5.01817e-05
5.01815e-05
5.01813e-05
5.01811e-05
5.0181e-05
5.01808e-05
5.01806e-05
5.01804e-05
5.01802e-05
5.01801e-05
5.01799e-05
5.01797e-05
5.01795e-05
5.01794e-05
5.01792e-05
5.0179e-05
5.01788e-05
5.01787e-05
5.01785e-05
5.01783e-05
5.01781e-05
5.01779e-05
5.01778e-05
5.01776e-05
5.01774e-05
5.01772e-05
5.01771e-05
5.01769e-05
5.01767e-05
5.01765e-05
5.01764e-05
5.01762e-05
5.0176e-05
5.01758e-05
5.01757e-05
5.01755e-05
5.01753e-05
5.01751e-05
5.0175e-05
5.01748e-05
5.01746e-05
5.01745e-05
5.01743e-05
5.01741e-05
5.01739e-05
5.01738e-05
5.01736e-05
5.01734e-05
5.01732e-05
5.01731e-05
5.01729e-05
5.01727e-05
5.01726e-05
5.01724e-05
5.01722e-05
5.01721e-05
5.01719e-05
5.01717e-05
5.01715e-05
5.01714e-05
5.01712e-05
5.0171e-05
5.01709e-05
5.01707e-05
5.01705e-05
5.01704e-05
5.01702e-05
5.017e-05
5.01699e-05
5.01697e-05
5.01695e-05
5.01693e-05
5.01692e-05
5.0169e-05
5.01688e-05
5.01687e-05
5.01685e-05
5.01683e-05
5.01682e-05
5.0168e-05
5.01678e-05
5.01677e-05
5.01675e-05
5.01673e-05
5.01672e-05
5.0167e-05
5.01669e-05
5.01667e-05
5.01665e-05
5.01664e-05
5.01662e-05
5.0166e-05
5.01659e-05
5.01657e-05
5.01655e-05
5.01654e-05
5.01652e-05
5.0165e-05
5.01649e-05
5.01647e-05
5.01646e-05
5.01644e-05
5.01642e-05
5.01641e-05
5.01639e-05
5.01637e-05
5.01636e-05
5.01634e-05
5.01633e-05
5.01631e-05
5.01629e-05
5.01628e-05
5.01626e-05
5.01624e-05
5.01623e-05
5.01621e-05
5.0162e-05
5.01618e-05
5.01616e-05
5.01615e-05
5.01613e-05
5.01612e-05
5.0161e-05
5.01608e-05
5.01607e-05
5.01605e-05
5.01604e-05
5.01602e-05
5.01601e-05
5.01599e-05
5.01597e-05
5.01596e-05
5.01594e-05
5.01593e-05
5.01591e-05
5.01589e-05
5.01588e-05
5.01586e-05
5.01585e-05
5.01583e-05
5.01582e-05
5.0158e-05
5.01579e-05
5.01577e-05
5.01575e-05
5.01574e-05
5.01572e-05
5.01571e-05
5.01569e-05
5.01568e-05
5.01566e-05
5.01565e-05
5.01563e-05
5.01561e-05
5.0156e-05
5.01558e-05
5.01557e-05
5.01555e-05
5.01554e-05
5.01552e-05
5.01551e-05
5.01549e-05
5.01548e-05
5.01546e-05
5.01545e-05
5.01543e-05
5.01541e-05
5.0154e-05
5.01538e-05
5.01537e-05
5.01535e-05
5.01534e-05
5.01532e-05
5.01531e-05
5.01529e-05
5.01528e-05
5.01526e-05
5.01525e-05
5.01523e-05
5.01522e-05
5.0152e-05
5.01519e-05
5.01517e-05
5.01516e-05
5.01514e-05
5.01513e-05
5.01511e-05
5.0151e-05
5.01508e-05
5.01507e-05
5.01505e-05
5.01504e-05
5.01502e-05
5.01501e-05
5.01499e-05
5.01498e-05
5.01496e-05
5.01495e-05
5.01493e-05
5.01492e-05
5.0149e-05
5.01489e-05
5.01487e-05
5.01486e-05
5.01485e-05
5.01483e-05
5.01482e-05
5.0148e-05
5.01479e-05
5.01477e-05
5.01476e-05
5.01474e-05
5.01473e-05
5.01471e-05
5.0147e-05
5.01468e-05
5.01467e-05
5.01466e-05
5.01464e-05
5.01463e-05
5.01461e-05
5.0146e-05
5.01458e-05
5.01457e-05
5.01455e-05
5.01454e-05
5.01453e-05
5.01451e-05
5.0145e-05
5.01448e-05
5.01447e-05
5.01445e-05
5.01444e-05
5.01443e-05
5.01441e-05
5.0144e-05
5.01438e-05
5.01437e-05
5.01435e-05
5.01434e-05
5.01433e-05
5.01431e-05
5.0143e-05
5.01428e-05
5.01427e-05
5.01426e-05
5.01424e-05
5.01423e-05
5.01421e-05
5.0142e-05
5.01418e-05
5.01417e-05
5.01416e-05
5.01414e-05
5.01413e-05
5.01411e-05
5.0141e-05
5.01409e-05
5.01407e-05
5.01406e-05
5.01404e-05
5.01403e-05
5.01402e-05
5.014e-05
5.01399e-05
5.01398e-05
5.01396e-05
5.01395e-05
5.01393e-05
5.01392e-05
5.01391e-05
5.01389e-05
5.01388e-05
5.01387e-05
5.01385e-05
5.01384e-05
5.01382e-05
5.01381e-05
5.0138e-05
5.01378e-05
5.01377e-05
5.01376e-05
5.01374e-05
5.01373e-05
5.01372e-05
5.0137e-05
5.01369e-05
5.01367e-05
5.01366e-05
5.01365e-05
5.01363e-05
5.01362e-05
5.01361e-05
5.01359e-05
5.01358e-05
5.01357e-05
5.01355e-05
5.01354e-05
5.01353e-05
5.01351e-05
5.0135e-05
5.01349e-05
5.01347e-05
5.01346e-05
5.01345e-05
5.01343e-05
5.01342e-05
5.01341e-05
5.01339e-05
5.01338e-05
5.01337e-05
5.01335e-05
5.01334e-05
5.01333e-05
5.01331e-05
5.0133e-05
5.01329e-05
5.01327e-05
5.01326e-05
5.01325e-05
5.01324e-05
5.01322e-05
5.01321e-05
5.0132e-05
5.01318e-05
5.01317e-05
5.01316e-05
5.01314e-05
5.01313e-05
5.01312e-05
5.0131e-05
5.01309e-05
5.01308e-05
5.01307e-05
5.01305e-05
5.01304e-05
5.01303e-05
5.01301e-05
5.013e-05
5.01299e-05
5.01298e-05
5.01296e-05
5.01295e-05
5.01294e-05
5.01292e-05
5.01291e-05
5.0129e-05
5.01289e-05
5.01287e-05
5.01286e-05
5.01285e-05
5.01284e-05
5.01282e-05
5.01281e-05
5.0128e-05
5.01278e-05
5.01277e-05
5.01276e-05
5.01275e-05
5.01273e-05
5.01272e-05
5.01271e-05
5.0127e-05
5.01268e-05
5.01267e-05
5.01266e-05
5.01265e-05
5.01263e-05
5.01262e-05
5.01261e-05
5.0126e-05
5.01258e-05
5.01257e-05
5.01256e-05
5.01255e-05
5.01253e-05
5.01252e-05
5.01251e-05
5.0125e-05
5.01248e-05
5.01247e-05
5.01246e-05
5.01245e-05
5.01244e-05
5.01242e-05
5.01241e-05
5.0124e-05
5.01239e-05
5.01237e-05
5.01236e-05
5.01235e-05
5.01234e-05
5.01232e-05
5.01231e-05
5.0123e-05
5.01229e-05
5.01228e-05
5.01226e-05
5.01225e-05
5.01224e-05
5.01223e-05
5.01222e-05
5.0122e-05
5.01219e-05
5.01218e-05
5.01217e-05
5.01216e-05
5.01214e-05
5.01213e-05
5.01212e-05
5.01211e-05
5.0121e-05
5.01208e-05
5.01207e-05
5.01206e-05
5.01205e-05
5.01204e-05
5.01202e-05
5.01201e-05
5.012e-05
5.01199e-05
5.01198e-05
5.01196e-05
5.01195e-05
5.01194e-05
5.01193e-05
5.01192e-05
5.01191e-05
5.01189e-05
5.01188e-05
5.01187e-05
5.01186e-05
5.01185e-05
5.01184e-05
5.01182e-05
5.01181e-05
5.0118e-05
5.01179e-05
5.01178e-05
5.01176e-05
5.01175e-05
5.01174e-05
5.01173e-05
5.01172e-05
5.01171e-05
5.0117e-05
5.01168e-05
5.01167e-05
5.01166e-05
5.01165e-05
5.01164e-05
5.01163e-05
5.01161e-05
5.0116e-05
5.01159e-05
5.01158e-05
5.01157e-05
5.01156e-05
5.01155e-05
5.01153e-05
5.01152e-05
5.01151e-05
5.0115e-05
5.01149e-05
5.01148e-05
5.01147e-05
5.01145e-05
5.01144e-05
5.01143e-05
5.01142e-05
5.01141e-05
5.0114e-05
5.01139e-05
5.01138e-05
5.01136e-05
5.01135e-05
5.01134e-05
5.01133e-05
5.01132e-05
5.01131e-05
5.0113e-05
5.01129e-05
5.01127e-05
5.01126e-05
5.01125e-05
5.01124e-05
5.01123e-05
5.01122e-05
5.01121e-05
5.0112e-05
5.01119e-05
5.01117e-05
5.01116e-05
5.01115e-05
5.01114e-05
5.01113e-05
5.01112e-05
5.01111e-05
5.0111e-05
5.01109e-05
5.01108e-05
5.01106e-05
5.01105e-05
5.01104e-05
5.01103e-05
5.01102e-05
5.01101e-05
5.011e-05
5.01099e-05
5.01098e-05
5.01097e-05
5.01096e-05
5.01095e-05
5.01093e-05
5.01092e-05
5.01091e-05
5.0109e-05
5.01089e-05
5.01088e-05
5.01087e-05
5.01086e-05
5.01085e-05
5.01084e-05
5.01083e-05
5.01082e-05
5.01081e-05
5.01079e-05
5.01078e-05
5.01077e-05
5.01076e-05
5.01075e-05
5.01074e-05
5.01073e-05
5.01072e-05
5.01071e-05
5.0107e-05
5.01069e-05
5.01068e-05
5.01067e-05
5.01066e-05
5.01065e-05
5.01064e-05
5.01063e-05
5.01061e-05
5.0106e-05
5.01059e-05
5.01058e-05
5.01057e-05
5.01056e-05
5.01055e-05
5.01054e-05
5.01053e-05
5.01052e-05
5.01051e-05
5.0105e-05
5.01049e-05
5.01048e-05
5.01047e-05
5.01046e-05
5.01045e-05
5.01044e-05
5.01043e-05
5.01042e-05
5.01041e-05
5.0104e-05
5.01039e-05
5.01038e-05
5.01037e-05
5.01036e-05
5.01035e-05
5.01033e-05
5.01032e-05
5.01031e-05
5.0103e-05
5.01029e-05
5.01028e-05
5.01027e-05
5.01026e-05
5.01025e-05
5.01024e-05
5.01023e-05
5.01022e-05
5.01021e-05
5.0102e-05
5.01019e-05
5.01018e-05
5.01017e-05
5.01016e-05
5.01015e-05
5.01014e-05
5.01013e-05
5.01012e-05
5.01011e-05
5.0101e-05
5.01009e-05
5.01008e-05
5.01007e-05
5.01006e-05
5.01005e-05
5.01004e-05
5.01003e-05
5.01002e-05
5.01001e-05
5.01e-05
5.00999e-05
5.00998e-05
5.00997e-05
5.00996e-05
5.00995e-05
5.00994e-05
5.00993e-05
5.00992e-05
5.00991e-05
5.0099e-05
5.00989e-05
5.00989e-05
5.00988e-05
5.00987e-05
5.00986e-05
5.00985e-05
5.00984e-05
5.00983e-05
5.00982e-05
5.00981e-05
5.0098e-05
5.00979e-05
5.00978e-05
5.00977e-05
5.00976e-05
5.00975e-05
5.00974e-05
5.00973e-05
5.00972e-05
5.00971e-05
5.0097e-05
5.00969e-05
5.00968e-05
5.00967e-05
5.00966e-05
5.00965e-05
5.00964e-05
5.00963e-05
5.00962e-05
5.00962e-05
5.00961e-05
5.0096e-05
5.00959e-05
5.00958e-05
5.00957e-05
5.00956e-05
5.00955e-05
5.00954e-05
5.00953e-05
5.00952e-05
5.00951e-05
5.0095e-05
5.00949e-05
5.00948e-05
5.00947e-05
5.00946e-05
5.00945e-05
5.00945e-05
5.00944e-05
5.00943e-05
5.00942e-05
5.00941e-05
5.0094e-05
5.00939e-05
5.00938e-05
5.00937e-05
5.00936e-05
5.00935e-05
5.00934e-05
5.00933e-05
5.00932e-05
5.00932e-05
5.00931e-05
5.0093e-05
5.00929e-05
5.00928e-05
5.00927e-05
5.00926e-05
5.00925e-05
5.00924e-05
5.00923e-05
5.00922e-05
5.00921e-05
5.00921e-05
5.0092e-05
5.00919e-05
5.00918e-05
5.00917e-05
5.00916e-05
5.00915e-05
5.00914e-05
5.00913e-05
5.00912e-05
5.00911e-05

