5e-05
5e-05
5e-05
5e-05
5e-05
5e-05
5e-05
5e-05
5e-05
5e-05
5e-05
5e-05
5e-05
5e-05
5e-05
5e-05
5e-05
5e-05
5e-05
5e-05
5e-05
5e-05
5e-05
5e-05
5e-05
5e-05
5e-05
5e-05
5e-05
5e-05
5e-05
5e-05
5e-05
5e-05
5e-05
5e-05
5e-05
5e-05
5e-05
5e-05
5e-05
5e-05
5e-05
5e-05
5e-05
5e-05
5e-05
5e-05
5e-05
5e-05
5e-05
5e-05
5e-05
5e-05
5e-05
5e-05
5e-05
5e-05
5e-05
5e-05
5e-05
5e-05
5e-05
5e-05
5e-05
5e-05
5e-05
5e-05
5e-05
5e-05
5e-05
5e-05
5e-05
5e-05
5e-05
5e-05
5e-05
5e-05
5e-05
5e-05
5e-05
5e-05
5e-05
5e-05
5e-05
5e-05
5e-05
5e-05
5e-05
5e-05
5e-05
5e-05
5e-05
5e-05
5e-05
5e-05
5e-05
5e-05
5e-05
5e-05
5e-05
5e-05
5e-05
5e-05
5e-05
5e-05
5e-05
5e-05
5e-05
5e-05
5e-05
5e-05
5e-05
5e-05
5e-05
5e-05
5e-05
5e-05
5e-05
5e-05
5e-05
5e-05
5e-05
5e-05
5e-05
5e-05
5e-05
5e-05
5e-05
5e-05
5e-05
5e-05
5e-05
5e-05
5e-05
5e-05
5e-05
5e-05
5e-05
5e-05
5e-05
5e-05
5e-05
5e-05
5e-05
5e-05
5e-05
5e-05
5e-05
5e-05
5e-05
5e-05
5e-05
5e-05
5e-05
5e-05
5e-05
5e-05
5e-05
5e-05
5e-05
5e-05
5e-05
5e-05
5e-05
5e-05
5e-05
5e-05
5e-05
5e-05
5e-05
5e-05
5e-05
5e-05
5e-05
5e-05
5e-05
5e-05
5e-05
5e-05
5e-05
5e-05
5e-05
5e-05
5e-05
5e-05
5e-05
5e-05
5e-05
5e-05
5e-05
5e-05
5e-05
5e-05
5e-05
5e-05
5e-05
5e-05
5e-05
5e-05
5e-05
5e-05
5e-05
5e-05
5e-05
5e-05
5e-05
5e-05
5e-05
5e-05
5e-05
5e-05
5e-05
5e-05
5e-05
5e-05
5e-05
5e-05
5e-05
5e-05
5e-05
5e-05
5e-05
5e-05
5e-05
5e-05
5e-05
5e-05
5e-05
5e-05
5e-05
5e-05
5e-05
5e-05
5e-05
5e-05
5e-05
5e-05
5e-05
5e-05
5e-05
5e-05
5e-05
5e-05
5e-05
5e-05
5e-05
5e-05
5e-05
5e-05
5e-05
5e-05
5e-05
5e-05
5e-05
5e-05
5e-05
5e-05
5e-05
5e-05
5e-05
5e-05
5e-05
5e-05
5e-05
5e-05
5e-05
5e-05
5e-05
5e-05
5e-05
5e-05
5e-05
5e-05
5e-05
5e-05
5e-05
5e-05
5e-05
5e-05
5e-05
5e-05
5e-05
5e-05
5e-05
5e-05
5e-05
5e-05
5e-05
5e-05
5e-05
5e-05
5e-05
5e-05
5e-05
5e-05
5e-05
5e-05
5e-05
5e-05
5e-05
5e-05
5e-05
5e-05
5e-05
5e-05
5e-05
5e-05
5e-05
5e-05
5e-05
5e-05
5e-05
5e-05
5e-05
5e-05
5e-05
5e-05
5e-05
5e-05
5e-05
5e-05
5e-05
5e-05
5e-05
5e-05
5e-05
5e-05
5e-05
5e-05
5e-05
5e-05
5e-05
5e-05
5e-05
5e-05
5e-05
5e-05
5e-05
5e-05
5e-05
5e-05
5e-05
5e-05
5e-05
5e-05
5e-05
5e-05
5e-05
5e-05
5e-05
5e-05
5e-05
5e-05
5e-05
5e-05
5e-05
5e-05
5e-05
5e-05
5e-05
5e-05
5e-05
5e-05
5e-05
5e-05
5e-05
5e-05
5e-05
5e-05
5e-05
5e-05
5e-05
5e-05
5e-05
5e-05
5e-05
5e-05
5e-05
5e-05
5e-05
5e-05
5e-05
5e-05
5e-05
5e-05
5e-05
5e-05
5e-05
5e-05
5e-05
5e-05
5e-05
5e-05
5e-05
5e-05
5e-05
5e-05
5e-05
5e-05
5e-05
5e-05
5e-05
5e-05
5e-05
5e-05
5e-05
5e-05
5e-05
5e-05
5e-05
5e-05
5e-05
5e-05
5e-05
5e-05
5e-05
5e-05
5e-05
5e-05
5e-05
5e-05
5e-05
5e-05
5e-05
5e-05
5e-05
5e-05
5e-05
5e-05
5e-05
5e-05
5e-05
5e-05
5e-05
5e-05
5e-05
5e-05
5e-05
5e-05
5e-05
5e-05
5e-05
5e-05
5e-05
5e-05
5e-05
5e-05
5e-05
5e-05
5e-05
5e-05
5e-05
5e-05
5e-05
5e-05
5e-05
5e-05
5e-05
5e-05
5e-05
5e-05
5e-05
5e-05
5e-05
5e-05
5e-05
5e-05
5e-05
5e-05
5e-05
5e-05
5e-05
5e-05
5e-05
5e-05
5e-05
5e-05
5e-05
5e-05
5e-05
5e-05
5e-05
5e-05
5e-05
5e-05
5e-05
5e-05
5e-05
5e-05
5e-05
5e-05
5e-05
5e-05
5e-05
5e-05
5e-05
5e-05
5e-05
5e-05
5e-05
5e-05
5e-05
5e-05
5e-05
5e-05
5e-05
5e-05
5e-05
5e-05
5e-05
5e-05
5e-05
5e-05
5e-05
5e-05
5e-05
5e-05
5e-05
5e-05
5e-05
5e-05
5e-05
5e-05
5e-05
5e-05
5e-05
5e-05
5e-05
5e-05
5e-05
5e-05
5e-05
5e-05
5e-05
5e-05
5e-05
5e-05
5e-05
5e-05
5e-05
5e-05
5e-05
5e-05
5e-05
5e-05
5e-05
5e-05
5e-05
5e-05
5e-05
5e-05
5e-05
5e-05
5e-05
5e-05
5e-05
5e-05
5e-05
5e-05
5e-05
5e-05
5e-05
5e-05
5e-05
5e-05
5e-05
5e-05
5e-05
5e-05
5e-05
5e-05
5e-05
5e-05
5e-05
5e-05
5e-05
5e-05
5e-05
5e-05
5e-05
5e-05
5e-05
5e-05
5e-05
5e-05
5e-05
5e-05
5e-05
5e-05
5e-05
5e-05
5e-05
5e-05
5e-05
5e-05
5e-05
5e-05
5e-05
5e-05
5e-05
5e-05
5e-05
5e-05
5e-05
5e-05
5e-05
5e-05
5e-05
5e-05
5e-05
5e-05
5e-05
5e-05
5e-05
5e-05
5e-05
5e-05
5e-05
5e-05
5e-05
5e-05
5e-05
5e-05
5e-05
5e-05
5e-05
5e-05
5e-05
5e-05
5e-05
5e-05
5e-05
5e-05
5e-05
5e-05
5e-05
5e-05
5e-05
5e-05
5e-05
5e-05
5e-05
5e-05
5e-05
5e-05
5e-05
5e-05
5e-05
5e-05
5e-05
5e-05
5e-05
5e-05
5e-05
5e-05
5e-05
5e-05
5e-05
5e-05
5e-05
5e-05
5e-05
5e-05
5e-05
5e-05
5e-05
5e-05
5e-05
5e-05
5e-05
5e-05
5e-05
5e-05
5e-05
5e-05
5e-05
5e-05
5e-05
5e-05
5e-05
5e-05
5e-05
5e-05
5e-05
5e-05
5e-05
5e-05
5e-05
5e-05
5e-05
5e-05
5e-05
5e-05
5e-05
5e-05
5e-05
5e-05
5e-05
5e-05
5e-05
5e-05
5e-05
5e-05
5e-05
5e-05
5e-05
5e-05
5e-05
5e-05
5e-05
5e-05
5e-05
5e-05
5e-05
5e-05
5e-05
5e-05
5e-05
5e-05
5e-05
5e-05
5e-05
5e-05
5e-05
5e-05
5e-05
5e-05
5e-05
5e-05
5e-05
5e-05
5e-05
5e-05
5e-05
5e-05
5e-05
5e-05
5e-05
5e-05
5e-05
5e-05
5e-05
5e-05
5e-05
5e-05
5e-05
5e-05
5e-05
5e-05
5e-05
5e-05
5e-05
5e-05
5e-05
5e-05
5e-05
5e-05
5e-05
5e-05
5e-05
5e-05
5e-05
5e-05
5e-05
5e-05
5e-05
5e-05
5e-05
5e-05
5e-05
5e-05
5e-05
5e-05
5e-05
5e-05
5e-05
5e-05
5e-05
5e-05
5e-05
5e-05
5e-05
5e-05
5e-05
5e-05
5e-05
5e-05
5e-05
5e-05
5e-05
5e-05
5e-05
5e-05
5e-05
5e-05
5e-05
5e-05
5e-05
5e-05
5e-05
5e-05
5.01391e-05
5.03787e-05
5.06972e-05
5.10826e-05
5.15281e-05
5.20299e-05
5.25862e-05
5.31957e-05
5.38581e-05
5.45729e-05
5.53401e-05
5.61594e-05
5.70307e-05
5.79537e-05
5.8928e-05
5.99532e-05
6.10289e-05
6.21545e-05
6.33295e-05
6.45532e-05
6.58248e-05
6.71438e-05
6.85093e-05
6.99206e-05
7.1377e-05
7.28776e-05
7.44217e-05
7.60085e-05
7.76372e-05
7.9307e-05
8.10172e-05
8.2767e-05
8.45557e-05
8.63824e-05
8.82465e-05
9.01472e-05
9.20839e-05
9.40558e-05
9.60621e-05
9.81023e-05
0.000100176
0.000102282
0.000104419
0.000106588
0.000108788
0.000111017
0.000113276
0.000115564
0.000117879
0.000120223
0.000122593
0.00012499
0.000127413
0.000129861
0.000132334
0.000134832
0.000137353
0.000139898
0.000142465
0.000145055
0.000147667
0.0001503
0.000152954
0.000155629
0.000158324
0.000161038
0.000163772
0.000166525
0.000169296
0.000172085
0.000174892
0.000177715
0.000180556
0.000183413
0.000186287
0.000189176
0.00019208
0.000194999
0.000197934
0.000200882
0.000203706
0.000206442
0.000209113
0.00021173
0.0002143
0.000216825
0.000219308
0.00022175
0.00022415
0.000226509
0.000228826
0.000231102
0.000233337
0.000235529
0.00023768
0.00023979
0.000241858
0.000243885
0.000245872
0.000247819
0.000249726
0.000251593
0.000253422
0.000255213
0.000256966
0.000258682
0.000260361
0.000262005
0.000263613
0.000265186
0.000266725
0.00026823
0.000269702
0.000271142
0.00027255
0.000273926
0.000275271
0.000276586
0.000277871
0.000279127
0.000280354
0.000281552
0.000282723
0.000283866
0.000284983
0.000286073
0.000287137
0.000288176
0.000289189
0.000290178
0.000291143
0.000292084
0.000293002
0.000293896
0.000294768
0.000295618
0.000296447
0.000297253
0.000298039
0.000298804
0.000299549
0.000300274
0.000300979
0.000301665
0.000302332
0.000302981
0.000303611
0.000304224
0.000304818
0.000305396
0.000305956
0.000306499
0.000307026
0.000307537
0.000308033
0.000308512
0.000308976
0.000309425
0.00030986
0.000310279
0.000310685
0.000311076
0.000311454
0.000311818
0.000312169
0.000312507
0.000312831
0.000313144
0.000313444
0.000313731
0.000314007
0.000314271
0.000314523
0.000314764
0.000314994
0.000315213
0.000315421
0.000315618
0.000315805
0.000315982
0.000316149
0.000316306
0.000316453
0.000316591
0.000316719
0.000316839
0.000316949
0.00031705
0.000317143
0.000317227
0.000317303
0.00031737
0.000317429
0.000317481
0.000317524
0.00031756
0.000317589
0.000317609
0.000317623
0.00031763
0.000317629
0.000317622
0.000317607
0.000317587
0.000317559
0.000317525
0.000317485
0.000317439
0.000317387
0.000317328
0.000317264
0.000317194
0.000317118
0.000317037
0.000316951
0.000316859
0.000316762
0.000316659
0.000316552
0.00031644
0.000316322
0.0003162
0.000316074
0.000315942
0.000315806
0.000315666
0.000315522
0.000315373
0.00031522
0.000315062
0.000314901
0.000314736
0.000314567
0.000314394
0.000314217
0.000314037
0.000313853
0.000313665
0.000313474
0.00031328
0.000313082
0.000312881
0.000312677
0.000312469
0.000312259
0.000312045
0.000311829
0.000311609
0.000311387
0.000311162
0.000310934
0.000310704
0.000310471
0.000310235
0.000309997
0.000309756
0.000309513
0.000309267
0.000309019
0.000308769
0.000308517
0.000308262
0.000308006
0.000307747
0.000307486
0.000307223
0.000306958
0.000306691
0.000306422
0.000306152
0.00030588
0.000305605
0.000305329
0.000305052
0.000304773
0.000304492
0.000304209
0.000303925
0.00030364
0.000303353
0.000303064
0.000302774
0.000302483
0.000302191
0.000301897
0.000301601
0.000301305
0.000301007
0.000300708
0.000300408
0.000300107
0.000299805
0.000299501
0.000299197
0.000298891
0.000298585
0.000298277
0.000297969
0.000297659
0.000297349
0.000297038
0.000296726
0.000296413
0.000296099
0.000295785
0.000295469
0.000295153
0.000294837
0.000294519
0.000294201
0.000293882
0.000293563
0.000293243
0.000292922
0.000292601
0.000292279
0.000291957
0.000291634
0.000291311
0.000290987
0.000290662
0.000290338
0.000290012
0.000289687
0.000289361
0.000289034
0.000288707
0.00028838
0.000288053
0.000287725
0.000287397
0.000287068
0.000286739
0.00028641
0.000286081
0.000285752
0.000285422
0.000285092
0.000284762
0.000284431
0.000284101
0.00028377
0.000283439
0.000283108
0.000282777
0.000282445
0.000282114
0.000281783
0.000281451
0.000281119
0.000280788
0.000280456
0.000280124
0.000279792
0.00027946
0.000279128
0.000278796
0.000278464
0.000278132
0.0002778
0.000277468
0.000277137
0.000276805
0.000276473
0.000276141
0.00027581
0.000275478
0.000275147
0.000274815
0.000274484
0.000274153
0.000273822
0.000273491
0.00027316
0.000272829
0.000272499
0.000272169
0.000271838
0.000271508
0.000271178
0.000270849
0.000270519
0.00027019
0.000269861
0.000269532
0.000269203
0.000268875
0.000268546
0.000268218
0.00026789
0.000267563
0.000267235
0.000266908
0.000266581
0.000266255
0.000265928
0.000265602
0.000265276
0.000264951
0.000264625
0.0002643
0.000263976
0.000263651
0.000263327
0.000263003
0.000262679
0.000262356
0.000262033
0.000261711
0.000261388
0.000261066
0.000260744
0.000260423
0.000260102
0.000259781
0.000259461
0.000259141
0.000258821
0.000258502
0.000258183
0.000257864
0.000257546
0.000257228
0.00025691
0.000256593
0.000256276
0.00025596
0.000255644
0.000255328
0.000255012
0.000254697
0.000254383
0.000254068
0.000253755
0.000253441
0.000253128
0.000252815
0.000252503
0.000252191
0.00025188
0.000251568
0.000251258
0.000250947
0.000250637
0.000250328
0.000250019
0.00024971
0.000249402
0.000249094
0.000248786
0.000248479
0.000248173
0.000247867
0.000247561
0.000247255
0.00024695
0.000246646
0.000246342
0.000246038
0.000245735
0.000245432
0.000245129
0.000244827
0.000244526
0.000244225
0.000243924
0.000243624
0.000243324
0.000243025
0.000242726
0.000242427
0.000242129
0.000241832
0.000241534
0.000241238
0.000240941
0.000240645
0.00024035
0.000240055
0.00023976
0.000239466
0.000239173
0.000238879
0.000238587
0.000238294
0.000238003
0.000237711
0.00023742
0.00023713
0.00023684
0.00023655
0.000236261
0.000235972
0.000235684
0.000235396
0.000235109
0.000234822
0.000234535
0.000234249
0.000233964
0.000233678
0.000233394
0.00023311
0.000232826
0.000232543
0.00023226
0.000231977
0.000231695
0.000231414
0.000231133
0.000230852
0.000230572
0.000230292
0.000230013
0.000229734
0.000229456
0.000229178
0.000228901
0.000228624
0.000228347
0.000228071
0.000227796
0.00022752
0.000227246
0.000226972
0.000226698
0.000226424
0.000226152
0.000225879
0.000225607
0.000225336
0.000225064
0.000224794
0.000224524
0.000224254
0.000223985
0.000223716
0.000223447
0.00022318
0.000222912
0.000222645
0.000222378
0.000222112
0.000221847
0.000221581
0.000221317
0.000221052
0.000220788
0.000220525
0.000220262
0.000219999
0.000219737
0.000219476
0.000219214
0.000218954
0.000218693
0.000218433
0.000218174
0.000217915
0.000217656
0.000217398
0.00021714
0.000216883
0.000216626
0.00021637
0.000216114
0.000215859
0.000215604
0.000215349
0.000215095
0.000214841
0.000214588
0.000214335
0.000214082
0.00021383
0.000213579
0.000213328
0.000213077
0.000212827
0.000212577
0.000212328
0.000212079
0.00021183
0.000211582
0.000211334
0.000211087
0.00021084
0.000210594
0.000210348
0.000210102
0.000209857
0.000209613
0.000209368
0.000209125
0.000208881
0.000208638
0.000208396
0.000208153
0.000207912
0.00020767
0.00020743
0.000207189
0.000206949
0.000206709
0.00020647
0.000206231
0.000205993
0.000205755
0.000205518
0.00020528
0.000205044
0.000204807
0.000204571
0.000204336
0.000204101
0.000203866
0.000203632
0.000203398
0.000203165
0.000202932
0.000202699
0.000202467
0.000202235
0.000202004
0.000201773
0.000201542
0.000201312
0.000201082
0.000200853
0.000200624
0.000200395
0.000200167
0.000199939
0.000199712
0.000199485
0.000199258
0.000199032
0.000198807
0.000198581
0.000198356
0.000198132
0.000197907
0.000197684
0.00019746
0.000197237
0.000197014
0.000196792
0.00019657
0.000196349
0.000196128
0.000195907
0.000195687
0.000195467
0.000195247
0.000195028
0.000194809
0.000194591
0.000194373
0.000194155
0.000193938
0.000193721
0.000193505
0.000193289
0.000193073
0.000192858
0.000192643
0.000192428
0.000192214
0.000192
0.000191787
0.000191574
0.000191361
0.000191149
0.000190937
0.000190725
0.000190514
0.000190303
0.000190092
0.000189882
0.000189673
0.000189463
0.000189254
0.000189046
0.000188837
0.000188629
0.000188422
0.000188215
0.000188008
0.000187801
0.000187595
0.000187389
0.000187184
0.000186979
0.000186774
0.00018657
0.000186366
0.000186162
0.000185959
0.000185756
0.000185554
0.000185352
0.00018515
0.000184948
0.000184747
0.000184546
0.000184346
0.000184146
0.000183946
0.000183747
0.000183548
0.000183349
0.000183151
0.000182953
0.000182755
0.000182558
0.000182361
0.000182164
0.000181968
0.000181772
0.000181576
0.000181381
0.000181186
0.000180992
0.000180797
0.000180604
0.00018041
0.000180217
0.000180024
0.000179831
0.000179639
0.000179447
0.000179256
0.000179064
0.000178874
0.000178683
0.000178493
0.000178303
0.000178113
0.000177924
0.000177735
0.000177547
0.000177358
0.00017717
0.000176983
0.000176795
0.000176609
0.000176422
0.000176236
0.00017605
0.000175864
0.000175679
0.000175494
0.000175309
0.000175124
0.00017494
0.000174757
0.000174573
0.00017439
0.000174207
0.000174025
0.000173843
0.000173661
0.000173479
0.000173298
0.000173117
0.000172936
0.000172756
0.000172576
0.000172396
0.000172217
0.000172038
0.000171859
0.000171681
0.000171503
0.000171325
0.000171147
0.00017097
0.000170793
0.000170617
0.00017044
0.000170264
0.000170088
0.000169913
0.000169738
0.000169563
0.000169389
0.000169214
0.000169041
0.000168867
0.000168694
0.000168521
0.000168348
0.000168175
0.000168003
0.000167831
0.00016766
0.000167489
0.000167318
0.000167147
0.000166977
0.000166807
0.000166637
0.000166467
0.000166298
0.000166129
0.00016596
0.000165792
0.000165624
0.000165456
0.000165289
0.000165121
0.000164954
0.000164788
0.000164621
0.000164455
0.00016429
0.000164124
0.000163959
0.000163794
0.000163629
0.000163465
0.000163301
0.000163137
0.000162973
0.00016281
0.000162647
0.000162484
0.000162322
0.00016216
0.000161998
0.000161836
0.000161675
0.000161514
0.000161353
0.000161192
0.000161032
0.000160872
0.000160712
0.000160553
0.000160393
0.000160234
0.000160076
0.000159917
0.000159759
0.000159601
0.000159444
0.000159286
0.000159129
0.000158973
0.000158816
0.00015866
0.000158504
0.000158348
0.000158192
0.000158037
0.000157882
0.000157728
0.000157573
0.000157419
0.000157265
0.000157111
0.000156958
0.000156805
0.000156652
0.000156499
0.000156347
0.000156195
0.000156043
0.000155891
0.00015574
0.000155588
0.000155438
0.000155287
0.000155137
0.000154986
0.000154837
0.000154687
0.000154538
0.000154388
0.00015424
0.000154091
0.000153942
0.000153794
0.000153646
0.000153499
0.000153351
0.000153204
0.000153057
0.000152911
0.000152764
0.000152618
0.000152472
0.000152326
0.000152181
0.000152036
0.000151891
0.000151746
0.000151601
0.000151457
0.000151313
0.000151169
0.000151026
0.000150883
0.000150739
0.000150597
0.000150454
0.000150312
0.00015017
0.000150028
0.000149886
0.000149745
0.000149603
0.000149462
0.000149322
0.000149181
0.000149041
0.000148901
0.000148761
0.000148621
0.000148482
0.000148343
0.000148204
0.000148065
0.000147927
0.000147789
0.000147651
0.000147513
0.000147375
0.000147238
0.000147101
0.000146964
0.000146828
0.000146691
0.000146555
0.000146419
0.000146283
0.000146148
0.000146012
0.000145877
0.000145742
0.000145608
0.000145473
0.000145339
0.000145205
0.000145071
0.000144938
0.000144805
0.000144671
0.000144539
0.000144406
0.000144273
0.000144141
0.000144009
0.000143877
0.000143746
0.000143614
0.000143483
0.000143352
0.000143221
0.000143091
0.000142961
0.00014283
0.000142701
0.000142571
0.000142441
0.000142312
0.000142183
0.000142054
0.000141926
0.000141797
0.000141669
0.000141541
0.000141413
0.000141285
0.000141158
0.000141031
0.000140904
0.000140777
0.00014065
0.000140524
0.000140398
0.000140272
0.000140146
0.00014002
0.000139895
0.00013977
0.000139645
0.00013952
0.000139396
0.000139271
0.000139147
0.000139023
0.000138899
0.000138776
0.000138652
0.000138529
0.000138406
0.000138283
0.000138161
0.000138039
0.000137916
0.000137794
0.000137673
0.000137551
0.00013743
0.000137308
0.000137187
0.000137066
0.000136946
0.000136825
0.000136705
0.000136585
0.000136465
0.000136345
0.000136226
0.000136107
0.000135988
0.000135869
0.00013575
0.000135631
0.000135513
0.000135395
0.000135277
0.000135159
0.000135042
0.000134924
0.000134807
0.00013469
0.000134573
0.000134456
0.00013434
0.000134224
0.000134107
0.000133991
0.000133876
0.00013376
0.000133645
0.00013353
0.000133415
0.0001333
0.000133185
0.000133071
0.000132956
0.000132842
0.000132728
0.000132615
0.000132501
0.000132388
0.000132274
0.000132161
0.000132048
0.000131936
0.000131823
0.000131711
0.000131599
0.000131487
0.000131375
0.000131263
0.000131152
0.000131041
0.00013093
0.000130819
0.000130708
0.000130597
0.000130487
0.000130377
0.000130267
0.000130157
0.000130047
0.000129938
0.000129828
0.000129719
0.00012961
0.000129501
0.000129392
0.000129284
0.000129176
0.000129067
0.000128959
0.000128852
0.000128744
0.000128636
0.000128529
0.000128422
0.000128315
0.000128208
0.000128101
0.000127995
0.000127889
0.000127782
0.000127676
0.000127571
0.000127465
0.000127359
0.000127254
0.000127149
0.000127044
0.000126939
0.000126834
0.00012673
0.000126625
0.000126521
0.000126417
0.000126313
0.00012621
0.000126106
0.000126003
0.000125899
0.000125796
0.000125693
0.000125591
0.000125488
0.000125386
0.000125283
0.000125181
0.000125079
0.000124977
0.000124876
0.000124774
0.000124673
0.000124572
0.000124471
0.00012437
0.000124269
0.000124169
0.000124068
0.000123968
0.000123868
0.000123768
0.000123668
0.000123568
0.000123469
0.00012337
0.00012327
0.000123171
0.000123073
0.000122974
0.000122875
0.000122777
0.000122679
0.000122581
0.000122483
0.000122385
0.000122287
0.00012219
0.000122092
0.000121995
0.000121898
0.000121801
0.000121704
0.000121608
0.000121511
0.000121415
0.000121319
0.000121223
0.000121127
0.000121031
0.000120935
0.00012084
0.000120745
0.000120649
0.000120554
0.00012046
0.000120365
0.00012027
0.000120176
0.000120082
0.000119987
0.000119893
0.0001198
0.000119706
0.000119612
0.000119519
0.000119426
0.000119332
0.000119239
0.000119147
0.000119054
0.000118961
0.000118869
0.000118777
0.000118684
0.000118592
0.0001185
0.000118409
0.000118317
0.000118226
0.000118134
0.000118043
0.000117952
0.000117861
0.00011777
0.00011768
0.000117589
0.000117499
0.000117409
0.000117319
0.000117229
0.000117139
0.000117049
0.00011696
0.00011687
0.000116781
0.000116692
0.000116603
0.000116514
0.000116425
0.000116337
0.000116248
0.00011616
0.000116072
0.000115983
0.000115896
0.000115808
0.00011572
0.000115632
0.000115545
0.000115458
0.000115371
0.000115284
0.000115197
0.00011511
0.000115023
0.000114937
0.00011485
0.000114764
0.000114678
0.000114592
0.000114506
0.000114421
0.000114335
0.000114249
0.000114164
0.000114079
0.000113994
0.000113909
0.000113824
0.000113739
0.000113655
0.00011357
0.000113486
0.000113402
0.000113318
0.000113234
0.00011315
0.000113066
0.000112983
0.000112899
0.000112816
0.000112733
0.00011265
0.000112567
0.000112484
0.000112401
0.000112319
0.000112236
0.000112154
0.000112072
0.000111989
0.000111907
0.000111826
0.000111744
0.000111662
0.000111581
0.000111499
0.000111418
0.000111337
0.000111256
0.000111175
0.000111094
0.000111014
0.000110933
0.000110853
0.000110773
0.000110692
0.000110612
0.000110532
0.000110453
0.000110373
0.000110293
0.000110214
0.000110135
0.000110055
0.000109976
0.000109897
0.000109818
0.00010974
0.000109661
0.000109582
0.000109504
0.000109426
0.000109348
0.000109269
0.000109192
0.000109114
0.000109036
0.000108958
0.000108881
0.000108804
0.000108726
0.000108649
0.000108572
0.000108495
0.000108418
0.000108342
0.000108265
0.000108189
0.000108112
0.000108036
0.00010796
0.000107884
0.000107808
0.000107732
0.000107656
0.000107581
0.000107505
0.00010743
0.000107355
0.00010728
0.000107205
0.00010713
0.000107055
0.00010698
0.000106906
0.000106831
0.000106757
0.000106683
0.000106608
0.000106534
0.00010646
0.000106387
0.000106313
0.000106239
0.000106166
0.000106092
0.000106019
0.000105946
0.000105873
0.0001058
0.000105727
0.000105654
0.000105582
0.000105509
0.000105437
0.000105364
0.000105292
0.00010522
0.000105148
0.000105076
0.000105004
0.000104932
0.000104861
0.000104789
0.000104718
0.000104647
0.000104575
0.000104504
0.000104433
0.000104362
0.000104292
0.000104221
0.00010415
0.00010408
0.00010401
0.000103939
0.000103869
0.000103799
0.000103729
0.000103659
0.00010359
0.00010352
0.00010345
0.000103381
0.000103312
0.000103242
0.000103173
0.000103104
0.000103035
0.000102966
0.000102898
0.000102829
0.00010276
0.000102692
0.000102624
0.000102555
0.000102487
0.000102419
0.000102351
0.000102283
0.000102215
0.000102148
0.00010208
0.000102013
0.000101945
0.000101878
0.000101811
0.000101744
0.000101677
0.00010161
0.000101543
0.000101476
0.00010141
0.000101343
0.000101277
0.00010121
0.000101144
0.000101078
0.000101012
0.000100946
0.00010088
0.000100815
0.000100749
0.000100683
0.000100618
0.000100552
0.000100487
0.000100422
0.000100357
0.000100292
0.000100227
0.000100162
0.000100097
0.000100033
9.99682e-05
9.99038e-05
9.98394e-05
9.97752e-05
9.9711e-05
9.96469e-05
9.95829e-05
9.9519e-05
9.94552e-05
9.93915e-05
9.93279e-05
9.92643e-05
9.92009e-05
9.91375e-05
9.90743e-05
9.90111e-05
9.8948e-05
9.8885e-05
9.88221e-05
9.87593e-05
9.86966e-05
9.86339e-05
9.85714e-05
9.85089e-05
9.84466e-05
9.83843e-05
9.83221e-05
9.826e-05
9.8198e-05
9.8136e-05
9.80742e-05
9.80125e-05
9.79508e-05
9.78892e-05
9.78277e-05
9.77663e-05
9.7705e-05
9.76438e-05
9.75826e-05
9.75216e-05
9.74606e-05
9.73997e-05
9.73389e-05
9.72782e-05
9.72176e-05
9.71571e-05
9.70966e-05
9.70363e-05
9.6976e-05
9.69158e-05
9.68557e-05
9.67957e-05
9.67357e-05
9.66759e-05
9.66161e-05
9.65564e-05
9.64968e-05
9.64373e-05
9.63779e-05
9.63185e-05
9.62592e-05
9.62001e-05
9.6141e-05
9.60819e-05
9.6023e-05
9.59642e-05
9.59054e-05
9.58467e-05
9.57881e-05
9.57296e-05
9.56712e-05
9.56128e-05
9.55545e-05
9.54964e-05
9.54382e-05
9.53802e-05
9.53223e-05
9.52644e-05
9.52066e-05
9.51489e-05
9.50913e-05
9.50338e-05
9.49763e-05
9.49189e-05
9.48617e-05
9.48044e-05
9.47473e-05
9.46903e-05
9.46333e-05
9.45764e-05
9.45196e-05
9.44628e-05
9.44062e-05
9.43496e-05
9.42931e-05
9.42367e-05
9.41804e-05
9.41241e-05
9.40679e-05
9.40118e-05
9.39558e-05
9.38999e-05
9.3844e-05
9.37882e-05
9.37325e-05
9.36769e-05
9.36213e-05
9.35658e-05
9.35104e-05
9.34551e-05
9.33999e-05
9.33447e-05
9.32896e-05
9.32346e-05
9.31797e-05
9.31248e-05
9.307e-05
9.30153e-05
9.29607e-05
9.29061e-05
9.28517e-05
9.27972e-05
9.27429e-05
9.26887e-05
9.26345e-05
9.25804e-05
9.25264e-05
9.24724e-05
9.24186e-05
9.23648e-05
9.2311e-05
9.22574e-05
9.22038e-05
9.21503e-05
9.20969e-05
9.20435e-05
9.19903e-05
9.19371e-05
9.18839e-05
9.18309e-05
9.17779e-05
9.1725e-05
9.16722e-05
9.16194e-05
9.15667e-05
9.15141e-05
9.14616e-05
9.14091e-05
9.13567e-05
9.13044e-05
9.12521e-05
9.12e-05
9.11478e-05
9.10958e-05
9.10439e-05
9.0992e-05
9.09402e-05
9.08884e-05
9.08367e-05
9.07851e-05
9.07336e-05
9.06821e-05
9.06308e-05
9.05794e-05
9.05282e-05
9.0477e-05
9.04259e-05
9.03749e-05
9.03239e-05
9.0273e-05
9.02222e-05
9.01715e-05
9.01208e-05
9.00702e-05
9.00196e-05
8.99692e-05
8.99188e-05
8.98684e-05
8.98182e-05
8.9768e-05
8.97178e-05
8.96678e-05
8.96178e-05
8.95679e-05
8.9518e-05
8.94683e-05
8.94185e-05
8.93689e-05
8.93193e-05
8.92698e-05
8.92204e-05
8.9171e-05
8.91217e-05
8.90725e-05
8.90233e-05
8.89742e-05
8.89252e-05
8.88762e-05
8.88273e-05
8.87785e-05
8.87297e-05
8.8681e-05
8.86324e-05
8.85839e-05
8.85354e-05
8.84869e-05
8.84386e-05
8.83903e-05
8.8342e-05
8.82939e-05
8.82458e-05
8.81978e-05
8.81498e-05
8.81019e-05
8.80541e-05
8.80063e-05
8.79586e-05
8.7911e-05
8.78634e-05
8.78159e-05
8.77684e-05
8.77211e-05
8.76737e-05
8.76265e-05
8.75793e-05
8.75322e-05
8.74852e-05
8.74382e-05
8.73912e-05
8.73444e-05
8.72976e-05
8.72509e-05
8.72042e-05
8.71576e-05
8.7111e-05
8.70646e-05
8.70181e-05
8.69718e-05
8.69255e-05
8.68793e-05
8.68331e-05
8.6787e-05
8.6741e-05
8.6695e-05
8.66491e-05
8.66033e-05
8.65575e-05
8.65118e-05
8.64661e-05
8.64205e-05
8.6375e-05
8.63295e-05
8.62841e-05
8.62387e-05
8.61935e-05
8.61482e-05
8.61031e-05
8.6058e-05
8.60129e-05
8.59679e-05
8.5923e-05
8.58782e-05
8.58334e-05
8.57886e-05
8.5744e-05
8.56993e-05
8.56548e-05
8.56103e-05
8.55659e-05
8.55215e-05
8.54772e-05
8.54329e-05
8.53887e-05
8.53446e-05
8.53005e-05
8.52565e-05
8.52126e-05
8.51687e-05
8.51248e-05
8.50811e-05
8.50374e-05
8.49937e-05
8.49501e-05
8.49066e-05
8.48631e-05
8.48197e-05
8.47763e-05
8.4733e-05
8.46898e-05
8.46466e-05
8.46035e-05
8.45604e-05
8.45174e-05
8.44744e-05
8.44315e-05
8.43887e-05
8.43459e-05
8.43032e-05
8.42606e-05
8.42179e-05
8.41754e-05
8.41329e-05
8.40905e-05
8.40481e-05
8.40058e-05
8.39635e-05
8.39213e-05
8.38792e-05
8.38371e-05
8.37951e-05
8.37531e-05
8.37112e-05
8.36693e-05
8.36275e-05
8.35858e-05
8.35441e-05
8.35024e-05
8.34609e-05
8.34193e-05
8.33779e-05
8.33364e-05
8.32951e-05
8.32538e-05
8.32125e-05
8.31714e-05
8.31302e-05
8.30891e-05
8.30481e-05
8.30072e-05
8.29662e-05
8.29254e-05
8.28846e-05
8.28438e-05
8.28031e-05
8.27625e-05
8.27219e-05
8.26814e-05
8.26409e-05
8.26005e-05
8.25601e-05
8.25198e-05
8.24795e-05
8.24393e-05
8.23992e-05
8.23591e-05
8.23191e-05
8.22791e-05
8.22391e-05
8.21992e-05
8.21594e-05
8.21196e-05
8.20799e-05
8.20403e-05
8.20006e-05
8.19611e-05
8.19216e-05
8.18821e-05
8.18427e-05
8.18034e-05
8.17641e-05
8.17248e-05
8.16856e-05
8.16465e-05
8.16074e-05
8.15684e-05
8.15294e-05
8.14905e-05
8.14516e-05
8.14127e-05
8.1374e-05
8.13352e-05
8.12966e-05
8.1258e-05
8.12194e-05
8.11809e-05
8.11424e-05
8.1104e-05
8.10656e-05
8.10273e-05
8.09891e-05
8.09508e-05
8.09127e-05
8.08746e-05
8.08365e-05
8.07985e-05
8.07606e-05
8.07227e-05
8.06848e-05
8.0647e-05
8.06093e-05
8.05716e-05
8.05339e-05
8.04963e-05
8.04587e-05
8.04212e-05
8.03838e-05
8.03464e-05
8.0309e-05
8.02717e-05
8.02345e-05
8.01973e-05
8.01601e-05
8.0123e-05
8.0086e-05
8.0049e-05
8.0012e-05
7.99751e-05
7.99382e-05
7.99014e-05
7.98647e-05
7.9828e-05
7.97913e-05
7.97547e-05
7.97181e-05
7.96816e-05
7.96451e-05
7.96087e-05
7.95723e-05
7.9536e-05
7.94997e-05
7.94635e-05
7.94273e-05
7.93912e-05
7.93551e-05
7.93191e-05
7.92831e-05
7.92472e-05
7.92113e-05
7.91754e-05
7.91396e-05
7.91039e-05
7.90682e-05
7.90325e-05
7.89969e-05
7.89614e-05
7.89258e-05
7.88904e-05
7.8855e-05
7.88196e-05
7.87843e-05
7.8749e-05
7.87137e-05
7.86786e-05
7.86434e-05
7.86083e-05
7.85733e-05
7.85383e-05
7.85033e-05
7.84684e-05
7.84336e-05
7.83987e-05
7.8364e-05
7.83293e-05
7.82946e-05
7.82599e-05
7.82254e-05
7.81908e-05
7.81563e-05
7.81219e-05
7.80875e-05
7.80531e-05
7.80188e-05
7.79845e-05
7.79503e-05
7.79161e-05
7.7882e-05
7.78479e-05
7.78139e-05
7.77799e-05
7.77459e-05
7.7712e-05
7.76782e-05
7.76443e-05
7.76106e-05
7.75768e-05
7.75431e-05
7.75095e-05
7.74759e-05
7.74424e-05
7.74089e-05
7.73754e-05
7.7342e-05
7.73086e-05
7.72753e-05
7.7242e-05
7.72087e-05
7.71755e-05
7.71424e-05
7.71093e-05
7.70762e-05
7.70432e-05
7.70102e-05
7.69772e-05
7.69443e-05
7.69115e-05
7.68787e-05
7.68459e-05
7.68132e-05
7.67805e-05
7.67479e-05
7.67153e-05
7.66827e-05
7.66502e-05
7.66177e-05
7.65853e-05
7.65529e-05
7.65206e-05
7.64883e-05
7.6456e-05
7.64238e-05
7.63917e-05
7.63595e-05
7.63274e-05
7.62954e-05
7.62634e-05
7.62314e-05
7.61995e-05
7.61676e-05
7.61358e-05
7.6104e-05
7.60723e-05
7.60406e-05
7.60089e-05
7.59773e-05
7.59457e-05
7.59141e-05
7.58826e-05
7.58512e-05
7.58197e-05
7.57884e-05
7.5757e-05
7.57257e-05
7.56945e-05
7.56633e-05
7.56321e-05
7.56009e-05
7.55699e-05
7.55388e-05
7.55078e-05
7.54768e-05
7.54459e-05
7.5415e-05
7.53841e-05
7.53533e-05
7.53226e-05
7.52918e-05
7.52611e-05
7.52305e-05
7.51999e-05
7.51693e-05
7.51388e-05
7.51083e-05
7.50778e-05
7.50474e-05
7.50171e-05
7.49867e-05
7.49564e-05
7.49262e-05
7.4896e-05
7.48658e-05
7.48356e-05
7.48056e-05
7.47755e-05
7.47455e-05
7.47155e-05
7.46856e-05
7.46557e-05
7.46258e-05
7.4596e-05
7.45662e-05
7.45364e-05
7.45067e-05
7.44771e-05
7.44474e-05
7.44179e-05
7.43883e-05
7.43588e-05
7.43293e-05
7.42999e-05
7.42705e-05
7.42411e-05
7.42118e-05
7.41825e-05
7.41533e-05
7.4124e-05
7.40949e-05
7.40657e-05
7.40366e-05
7.40076e-05
7.39786e-05
7.39496e-05
7.39206e-05
7.38917e-05
7.38629e-05
7.3834e-05
7.38052e-05
7.37765e-05
7.37478e-05
7.37191e-05
7.36904e-05
7.36618e-05
7.36333e-05
7.36047e-05
7.35762e-05
7.35478e-05
7.35193e-05
7.3491e-05
7.34626e-05
7.34343e-05
7.3406e-05
7.33778e-05
7.33496e-05
7.33214e-05
7.32933e-05
7.32652e-05
7.32371e-05
7.32091e-05
7.31811e-05
7.31532e-05
7.31252e-05
7.30974e-05
7.30695e-05
7.30417e-05
7.3014e-05
7.29862e-05
7.29585e-05
7.29309e-05
7.29032e-05
7.28756e-05
7.28481e-05
7.28206e-05
7.27931e-05
7.27656e-05
7.27382e-05
7.27108e-05
7.26835e-05
7.26562e-05
7.26289e-05
7.26017e-05
7.25745e-05
7.25473e-05
7.25202e-05
7.24931e-05
7.2466e-05
7.2439e-05
7.2412e-05
7.23851e-05
7.23581e-05
7.23312e-05
7.23044e-05
7.22776e-05
7.22508e-05
7.2224e-05
7.21973e-05
7.21706e-05
7.2144e-05
7.21174e-05
7.20908e-05
7.20643e-05
7.20378e-05
7.20113e-05
7.19848e-05
7.19584e-05
7.19321e-05
7.19057e-05
7.18794e-05
7.18531e-05
7.18269e-05
7.18007e-05
7.17745e-05
7.17484e-05
7.17223e-05
7.16962e-05
7.16702e-05
7.16442e-05
7.16182e-05
7.15923e-05
7.15664e-05
7.15405e-05
7.15147e-05
7.14889e-05
7.14631e-05
7.14374e-05
7.14117e-05
7.1386e-05
7.13603e-05
7.13347e-05
7.13092e-05
7.12836e-05
7.12581e-05
7.12326e-05
7.12072e-05
7.11818e-05
7.11564e-05
7.11311e-05
7.11058e-05
7.10805e-05
7.10552e-05
7.103e-05
7.10048e-05
7.09797e-05
7.09546e-05
7.09295e-05
7.09044e-05
7.08794e-05
7.08544e-05
7.08295e-05
7.08045e-05
7.07796e-05
7.07548e-05
7.073e-05
7.07052e-05
7.06804e-05
7.06557e-05
7.0631e-05
7.06063e-05
7.05816e-05
7.0557e-05
7.05325e-05
7.05079e-05
7.04834e-05
7.04589e-05
7.04345e-05
7.041e-05
7.03857e-05
7.03613e-05
7.0337e-05
7.03127e-05
7.02884e-05
7.02642e-05
7.024e-05
7.02158e-05
7.01917e-05
7.01675e-05
7.01435e-05
7.01194e-05
7.00954e-05
7.00714e-05
7.00474e-05
7.00235e-05
6.99996e-05
6.99758e-05
6.99519e-05
6.99281e-05
6.99043e-05
6.98806e-05
6.98569e-05
6.98332e-05
6.98095e-05
6.97859e-05
6.97623e-05
6.97388e-05
6.97152e-05
6.96917e-05
6.96683e-05
6.96448e-05
6.96214e-05
6.9598e-05
6.95747e-05
6.95513e-05
6.9528e-05
6.95048e-05
6.94815e-05
6.94583e-05
6.94352e-05
6.9412e-05
6.93889e-05
6.93658e-05
6.93427e-05
6.93197e-05
6.92967e-05
6.92737e-05
6.92508e-05
6.92279e-05
6.9205e-05
6.91821e-05
6.91593e-05
6.91365e-05
6.91137e-05
6.9091e-05
6.90683e-05
6.90456e-05
6.9023e-05
6.90003e-05
6.89777e-05
6.89552e-05
6.89326e-05
6.89101e-05
6.88876e-05
6.88652e-05
6.88428e-05
6.88204e-05
6.8798e-05
6.87757e-05
6.87534e-05
6.87311e-05
6.87088e-05
6.86866e-05
6.86644e-05
6.86422e-05
6.86201e-05
6.8598e-05
6.85759e-05
6.85538e-05
6.85318e-05
6.85098e-05
6.84878e-05
6.84659e-05
6.8444e-05
6.84221e-05
6.84002e-05
6.83784e-05
6.83566e-05
6.83348e-05
6.8313e-05
6.82913e-05
6.82696e-05
6.82479e-05
6.82263e-05
6.82047e-05
6.81831e-05
6.81615e-05
6.814e-05
6.81185e-05
6.8097e-05
6.80756e-05
6.80541e-05
6.80327e-05
6.80114e-05
6.799e-05
6.79687e-05
6.79474e-05
6.79261e-05
6.79049e-05
6.78837e-05
6.78625e-05
6.78414e-05
6.78202e-05
6.77991e-05
6.77781e-05
6.7757e-05
6.7736e-05
6.7715e-05
6.7694e-05
6.76731e-05
6.76522e-05
6.76313e-05
6.76104e-05
6.75896e-05
6.75687e-05
6.7548e-05
6.75272e-05
6.75065e-05
6.74858e-05
6.74651e-05
6.74444e-05
6.74238e-05
6.74032e-05
6.73826e-05
6.73621e-05
6.73415e-05
6.7321e-05
6.73006e-05
6.72801e-05
6.72597e-05
6.72393e-05
6.72189e-05
6.71986e-05
6.71783e-05
6.7158e-05
6.71377e-05
6.71175e-05
6.70972e-05
6.7077e-05
6.70569e-05
6.70367e-05
6.70166e-05
6.69965e-05
6.69765e-05
6.69564e-05
6.69364e-05
6.69164e-05
6.68964e-05
6.68765e-05
6.68566e-05
6.68367e-05
6.68168e-05
6.6797e-05
6.67772e-05
6.67574e-05
6.67376e-05
6.67179e-05
6.66982e-05
6.66785e-05
6.66588e-05
6.66392e-05
6.66195e-05
6.65999e-05
6.65804e-05
6.65608e-05
6.65413e-05
6.65218e-05
6.65023e-05
6.64829e-05
6.64635e-05
6.64441e-05
6.64247e-05
6.64054e-05
6.6386e-05
6.63667e-05
6.63475e-05
6.63282e-05
6.6309e-05
6.62898e-05
6.62706e-05
6.62514e-05
6.62323e-05
6.62132e-05
6.61941e-05
6.61751e-05
6.6156e-05
6.6137e-05
6.6118e-05
6.60991e-05
6.60801e-05
6.60612e-05
6.60423e-05
6.60234e-05
6.60046e-05
6.59858e-05
6.5967e-05
6.59482e-05
6.59294e-05
6.59107e-05
6.5892e-05
6.58733e-05
6.58546e-05
6.5836e-05
6.58174e-05
6.57988e-05
6.57802e-05
6.57617e-05
6.57432e-05
6.57247e-05
6.57062e-05
6.56878e-05
6.56693e-05
6.56509e-05
6.56325e-05
6.56142e-05
6.55958e-05
6.55775e-05
6.55592e-05
6.5541e-05
6.55227e-05
6.55045e-05
6.54863e-05
6.54681e-05
6.545e-05
6.54318e-05
6.54137e-05
6.53957e-05
6.53776e-05
6.53596e-05
6.53415e-05
6.53235e-05
6.53056e-05
6.52876e-05
6.52697e-05
6.52518e-05
6.52339e-05
6.5216e-05
6.51982e-05
6.51804e-05
6.51626e-05
6.51448e-05
6.5127e-05
6.51093e-05
6.50916e-05
6.50739e-05
6.50563e-05
6.50386e-05
6.5021e-05
6.50034e-05
6.49858e-05
6.49683e-05
6.49507e-05
6.49332e-05
6.49157e-05
6.48983e-05
6.48808e-05
6.48634e-05
6.4846e-05
6.48286e-05
6.48113e-05
6.47939e-05
6.47766e-05
6.47593e-05
6.47421e-05
6.47248e-05
6.47076e-05
6.46904e-05
6.46732e-05
6.4656e-05
6.46389e-05
6.46217e-05
6.46046e-05
6.45876e-05
6.45705e-05
6.45535e-05
6.45364e-05
6.45195e-05
6.45025e-05
6.44855e-05
6.44686e-05
6.44517e-05
6.44348e-05
6.44179e-05
6.44011e-05
6.43842e-05
6.43674e-05
6.43507e-05
6.43339e-05
6.43171e-05
6.43004e-05
6.42837e-05
6.4267e-05
6.42504e-05
6.42337e-05
6.42171e-05
6.42005e-05
6.41839e-05
6.41674e-05
6.41508e-05
6.41343e-05
6.41178e-05
6.41013e-05
6.40849e-05
6.40684e-05
6.4052e-05
6.40356e-05
6.40193e-05
6.40029e-05
6.39866e-05
6.39702e-05
6.3954e-05
6.39377e-05
6.39214e-05
6.39052e-05
6.3889e-05
6.38728e-05
6.38566e-05
6.38405e-05
6.38243e-05
6.38082e-05
6.37921e-05
6.3776e-05
6.376e-05
6.37439e-05
6.37279e-05
6.37119e-05
6.3696e-05
6.368e-05
6.36641e-05
6.36481e-05
6.36323e-05
6.36164e-05
6.36005e-05
6.35847e-05
6.35689e-05
6.35531e-05
6.35373e-05
6.35215e-05
6.35058e-05
6.34901e-05
6.34744e-05
6.34587e-05
6.3443e-05
6.34274e-05
6.34117e-05
6.33961e-05
6.33805e-05
6.3365e-05
6.33494e-05
6.33339e-05
6.33184e-05
6.33029e-05
6.32874e-05
6.3272e-05
6.32565e-05
6.32411e-05
6.32257e-05
6.32104e-05
6.3195e-05
6.31797e-05
6.31643e-05
6.3149e-05
6.31338e-05
6.31185e-05
6.31033e-05
6.3088e-05
6.30728e-05
6.30576e-05
6.30425e-05
6.30273e-05
6.30122e-05
6.29971e-05
6.2982e-05
6.29669e-05
6.29518e-05
6.29368e-05
6.29218e-05
6.29068e-05
6.28918e-05
6.28768e-05
6.28619e-05
6.28469e-05
6.2832e-05
6.28171e-05
6.28023e-05
6.27874e-05
6.27726e-05
6.27578e-05
6.2743e-05
6.27282e-05
6.27134e-05
6.26987e-05
6.26839e-05
6.26692e-05
6.26545e-05
6.26399e-05
6.26252e-05
6.26106e-05
6.25959e-05
6.25813e-05
6.25668e-05
6.25522e-05
6.25376e-05
6.25231e-05
6.25086e-05
6.24941e-05
6.24796e-05
6.24652e-05
6.24507e-05
6.24363e-05
6.24219e-05
6.24075e-05
6.23931e-05
6.23788e-05
6.23644e-05
6.23501e-05
6.23358e-05
6.23215e-05
6.23073e-05
6.2293e-05
6.22788e-05
6.22646e-05
6.22504e-05
6.22362e-05
6.2222e-05
6.22079e-05
6.21938e-05
6.21797e-05
6.21656e-05
6.21515e-05
6.21374e-05
6.21234e-05
6.21094e-05
6.20954e-05
6.20814e-05
6.20674e-05
6.20534e-05
6.20395e-05
6.20256e-05
6.20117e-05
6.19978e-05
6.19839e-05
6.19701e-05
6.19562e-05
6.19424e-05
6.19286e-05
6.19148e-05
6.1901e-05
6.18873e-05
6.18736e-05
6.18598e-05
6.18461e-05
6.18325e-05
6.18188e-05
6.18051e-05
6.17915e-05
6.17779e-05
6.17643e-05
6.17507e-05
6.17371e-05
6.17236e-05
6.171e-05
6.16965e-05
6.1683e-05
6.16695e-05
6.16561e-05
6.16426e-05
6.16292e-05
6.16158e-05
6.16023e-05
6.1589e-05
6.15756e-05
6.15622e-05
6.15489e-05
6.15356e-05
6.15223e-05
6.1509e-05
6.14957e-05
6.14824e-05
6.14692e-05
6.1456e-05
6.14428e-05
6.14296e-05
6.14164e-05
6.14032e-05
6.13901e-05
6.1377e-05
6.13638e-05
6.13508e-05
6.13377e-05
6.13246e-05
6.13116e-05
6.12985e-05
6.12855e-05
6.12725e-05
6.12595e-05
6.12465e-05
6.12336e-05
6.12207e-05
6.12077e-05
6.11948e-05
6.11819e-05
6.11691e-05
6.11562e-05
6.11434e-05
6.11305e-05
6.11177e-05
6.11049e-05
6.10921e-05
6.10794e-05
6.10666e-05
6.10539e-05
6.10412e-05
6.10284e-05
6.10158e-05
6.10031e-05
6.09904e-05
6.09778e-05
6.09652e-05
6.09525e-05
6.09399e-05
6.09274e-05
6.09148e-05
6.09022e-05
6.08897e-05
6.08772e-05
6.08647e-05
6.08522e-05
6.08397e-05
6.08273e-05
6.08148e-05
6.08024e-05
6.079e-05
6.07776e-05
6.07652e-05
6.07528e-05
6.07405e-05
6.07281e-05
6.07158e-05
6.07035e-05
6.06912e-05
6.06789e-05
6.06666e-05
6.06544e-05
6.06422e-05
6.06299e-05
6.06177e-05
6.06055e-05
6.05934e-05
6.05812e-05
6.05691e-05
6.05569e-05
6.05448e-05
6.05327e-05
6.05206e-05
6.05085e-05
6.04965e-05
6.04844e-05
6.04724e-05
6.04604e-05
6.04484e-05
6.04364e-05
6.04244e-05
6.04125e-05
6.04005e-05
6.03886e-05
6.03767e-05
6.03648e-05
6.03529e-05
6.0341e-05
6.03292e-05
6.03173e-05
6.03055e-05
6.02937e-05
6.02819e-05
6.02701e-05
6.02583e-05
6.02466e-05
6.02348e-05
6.02231e-05
6.02114e-05
6.01997e-05
6.0188e-05
6.01763e-05
6.01647e-05
6.0153e-05
6.01414e-05
6.01298e-05
6.01182e-05
6.01066e-05
6.0095e-05
6.00835e-05
6.00719e-05
6.00604e-05
6.00489e-05
6.00374e-05
6.00259e-05
6.00144e-05
6.0003e-05
5.99915e-05
5.99801e-05
5.99687e-05
5.99573e-05
5.99459e-05
5.99345e-05
5.99231e-05
5.99118e-05
5.99004e-05
5.98891e-05
5.98778e-05
5.98665e-05
5.98552e-05
5.98439e-05
5.98327e-05
5.98214e-05
5.98102e-05
5.9799e-05
5.97878e-05
5.97766e-05
5.97654e-05
5.97543e-05
5.97431e-05
5.9732e-05
5.97209e-05
5.97098e-05
5.96987e-05
5.96876e-05
5.96765e-05
5.96655e-05
5.96544e-05
5.96434e-05
5.96324e-05
5.96214e-05
5.96104e-05
5.95994e-05
5.95884e-05
5.95775e-05
5.95666e-05
5.95556e-05
5.95447e-05
5.95338e-05
5.9523e-05
5.95121e-05
5.95012e-05
5.94904e-05
5.94796e-05
5.94687e-05
5.94579e-05
5.94471e-05
5.94364e-05
5.94256e-05
5.94148e-05
5.94041e-05
5.93934e-05
5.93827e-05
5.9372e-05
5.93613e-05
5.93506e-05
5.93399e-05
5.93293e-05
5.93186e-05
5.9308e-05
5.92974e-05
5.92868e-05
5.92762e-05
5.92657e-05
5.92551e-05
5.92445e-05
5.9234e-05
5.92235e-05
5.9213e-05
5.92025e-05
5.9192e-05
5.91815e-05
5.91711e-05
5.91606e-05
5.91502e-05
5.91398e-05
5.91293e-05
5.91189e-05
5.91086e-05
5.90982e-05
5.90878e-05
5.90775e-05
5.90671e-05
5.90568e-05
5.90465e-05
5.90362e-05
5.90259e-05
5.90157e-05
5.90054e-05
5.89951e-05
5.89849e-05
5.89747e-05
5.89645e-05
5.89543e-05
5.89441e-05
5.89339e-05
5.89238e-05
5.89136e-05
5.89035e-05
5.88933e-05
5.88832e-05
5.88731e-05
5.8863e-05
5.88529e-05
5.88429e-05
5.88328e-05
5.88228e-05
5.88128e-05
5.88027e-05
5.87927e-05
5.87827e-05
5.87728e-05
5.87628e-05
5.87528e-05
5.87429e-05
5.87329e-05
5.8723e-05
5.87131e-05
5.87032e-05
5.86933e-05
5.86835e-05
5.86736e-05
5.86637e-05
5.86539e-05
5.86441e-05
5.86343e-05
5.86244e-05
5.86147e-05
5.86049e-05
5.85951e-05
5.85853e-05
5.85756e-05
5.85659e-05
5.85561e-05
5.85464e-05
5.85367e-05
5.8527e-05
5.85174e-05
5.85077e-05
5.8498e-05
5.84884e-05
5.84788e-05
5.84692e-05
5.84595e-05
5.845e-05
5.84404e-05
5.84308e-05
5.84212e-05
5.84117e-05
5.84021e-05
5.83926e-05
5.83831e-05
5.83736e-05
5.83641e-05
5.83546e-05
5.83451e-05
5.83357e-05
5.83262e-05
5.83168e-05
5.83074e-05
5.8298e-05
5.82886e-05
5.82792e-05
5.82698e-05
5.82604e-05
5.82511e-05
5.82417e-05
5.82324e-05
5.8223e-05
5.82137e-05
5.82044e-05
5.81951e-05
5.81859e-05
5.81766e-05
5.81673e-05
5.81581e-05
5.81488e-05
5.81396e-05
5.81304e-05
5.81212e-05
5.8112e-05
5.81028e-05
5.80937e-05
5.80845e-05
5.80753e-05
5.80662e-05
5.80571e-05
5.8048e-05
5.80389e-05
5.80298e-05
5.80207e-05
5.80116e-05
5.80025e-05
5.79935e-05
5.79844e-05
5.79754e-05
5.79664e-05
5.79574e-05
5.79484e-05
5.79394e-05
5.79304e-05
5.79215e-05
5.79125e-05
5.79036e-05
5.78946e-05
5.78857e-05
5.78768e-05
5.78679e-05
5.7859e-05
5.78501e-05
5.78412e-05
5.78324e-05
5.78235e-05
5.78147e-05
5.78059e-05
5.7797e-05
5.77882e-05
5.77794e-05
5.77706e-05
5.77619e-05
5.77531e-05
5.77444e-05
5.77356e-05
5.77269e-05
5.77181e-05
5.77094e-05
5.77007e-05
5.7692e-05
5.76834e-05
5.76747e-05
5.7666e-05
5.76574e-05
5.76487e-05
5.76401e-05
5.76315e-05
5.76229e-05
5.76143e-05
5.76057e-05
5.75971e-05
5.75885e-05
5.758e-05
5.75714e-05
5.75629e-05
5.75543e-05
5.75458e-05
5.75373e-05
5.75288e-05
5.75203e-05
5.75118e-05
5.75034e-05
5.74949e-05
5.74865e-05
5.7478e-05
5.74696e-05
5.74612e-05
5.74528e-05
5.74444e-05
5.7436e-05
5.74276e-05
5.74192e-05
5.74109e-05
5.74025e-05
5.73942e-05
5.73858e-05
5.73775e-05
5.73692e-05
5.73609e-05
5.73526e-05
5.73443e-05
5.73361e-05
5.73278e-05
5.73195e-05
5.73113e-05
5.73031e-05
5.72948e-05
5.72866e-05
5.72784e-05
5.72702e-05
5.72621e-05
5.72539e-05
5.72457e-05
5.72376e-05
5.72294e-05
5.72213e-05
5.72132e-05
5.7205e-05
5.71969e-05
5.71888e-05
5.71807e-05
5.71727e-05
5.71646e-05
5.71565e-05
5.71485e-05
5.71404e-05
5.71324e-05
5.71244e-05
5.71164e-05
5.71084e-05
5.71004e-05
5.70924e-05
5.70844e-05
5.70765e-05
5.70685e-05
5.70606e-05
5.70526e-05
5.70447e-05
5.70368e-05
5.70289e-05
5.7021e-05
5.70131e-05
5.70052e-05
5.69973e-05
5.69895e-05
5.69816e-05
5.69738e-05
5.69659e-05
5.69581e-05
5.69503e-05
5.69425e-05
5.69347e-05
5.69269e-05
5.69191e-05
5.69114e-05
5.69036e-05
5.68958e-05
5.68881e-05
5.68804e-05
5.68727e-05
5.68649e-05
5.68572e-05
5.68495e-05
5.68418e-05
5.68342e-05
5.68265e-05
5.68188e-05
5.68112e-05
5.68035e-05
5.67959e-05
5.67883e-05
5.67807e-05
5.67731e-05
5.67655e-05
5.67579e-05
5.67503e-05
5.67427e-05
5.67352e-05
5.67276e-05
5.67201e-05
5.67125e-05
5.6705e-05
5.66975e-05
5.669e-05
5.66825e-05
5.6675e-05
5.66675e-05
5.666e-05
5.66526e-05
5.66451e-05
5.66377e-05
5.66302e-05
5.66228e-05
5.66154e-05
5.6608e-05
5.66006e-05
5.65932e-05
5.65858e-05
5.65784e-05
5.6571e-05
5.65637e-05
5.65563e-05
5.6549e-05
5.65416e-05
5.65343e-05
5.6527e-05
5.65197e-05
5.65124e-05
5.65051e-05
5.64978e-05
5.64905e-05
5.64833e-05
5.6476e-05
5.64688e-05
5.64615e-05
5.64543e-05
5.64471e-05
5.64399e-05
5.64326e-05
5.64254e-05
5.64183e-05
5.64111e-05
5.64039e-05
5.63967e-05
5.63896e-05
5.63824e-05
5.63753e-05
5.63682e-05
5.6361e-05
5.63539e-05
5.63468e-05
5.63397e-05
5.63326e-05
5.63256e-05
5.63185e-05
5.63114e-05
5.63044e-05
5.62973e-05
5.62903e-05
5.62833e-05
5.62762e-05
5.62692e-05
5.62622e-05
5.62552e-05
5.62482e-05
5.62412e-05
5.62343e-05
5.62273e-05
5.62203e-05
5.62134e-05
5.62064e-05
5.61995e-05
5.61926e-05
5.61857e-05
5.61788e-05
5.61719e-05
5.6165e-05
5.61581e-05
5.61512e-05
5.61443e-05
5.61375e-05
5.61306e-05
5.61238e-05
5.6117e-05
5.61101e-05
5.61033e-05
5.60965e-05
5.60897e-05
5.60829e-05
5.60761e-05
5.60693e-05
5.60625e-05
5.60558e-05
5.6049e-05
5.60423e-05
5.60355e-05
5.60288e-05
5.60221e-05
5.60154e-05
5.60087e-05
5.6002e-05
5.59953e-05
5.59886e-05
5.59819e-05
5.59752e-05
5.59686e-05
5.59619e-05
5.59553e-05
5.59486e-05
5.5942e-05
5.59354e-05
5.59287e-05
5.59221e-05
5.59155e-05
5.59089e-05
5.59024e-05
5.58958e-05
5.58892e-05
5.58827e-05
5.58761e-05
5.58695e-05
5.5863e-05
5.58565e-05
5.585e-05
5.58434e-05
5.58369e-05
5.58304e-05
5.58239e-05
5.58174e-05
5.5811e-05
5.58045e-05
5.5798e-05
5.57916e-05
5.57851e-05
5.57787e-05
5.57723e-05
5.57658e-05
5.57594e-05
5.5753e-05
5.57466e-05
5.57402e-05
5.57338e-05
5.57274e-05
5.57211e-05
5.57147e-05
5.57083e-05
5.5702e-05
5.56956e-05
5.56893e-05
5.5683e-05
5.56767e-05
5.56703e-05
5.5664e-05
5.56577e-05
5.56514e-05
5.56452e-05
5.56389e-05
5.56326e-05
5.56263e-05
5.56201e-05
5.56138e-05
5.56076e-05
5.56014e-05
5.55951e-05
5.55889e-05
5.55827e-05
5.55765e-05
5.55703e-05
5.55641e-05
5.55579e-05
5.55517e-05
5.55456e-05
5.55394e-05
5.55333e-05
5.55271e-05
5.5521e-05
5.55148e-05
5.55087e-05
5.55026e-05
5.54965e-05
5.54904e-05
5.54843e-05
5.54782e-05
5.54721e-05
5.5466e-05
5.546e-05
5.54539e-05
5.54478e-05
5.54418e-05
5.54357e-05
5.54297e-05
5.54237e-05
5.54177e-05
5.54117e-05
5.54056e-05
5.53996e-05
5.53937e-05
5.53877e-05
5.53817e-05
5.53757e-05
5.53698e-05
5.53638e-05
5.53578e-05
5.53519e-05
5.5346e-05
5.534e-05
5.53341e-05
5.53282e-05
5.53223e-05
5.53164e-05
5.53105e-05
5.53046e-05
5.52987e-05
5.52928e-05
5.5287e-05
5.52811e-05
5.52753e-05
5.52694e-05
5.52636e-05
5.52577e-05
5.52519e-05
5.52461e-05
5.52403e-05
5.52345e-05
5.52287e-05
5.52229e-05
5.52171e-05
5.52113e-05
5.52055e-05
5.51998e-05
5.5194e-05
5.51882e-05
5.51825e-05
5.51768e-05
5.5171e-05
5.51653e-05
5.51596e-05
5.51539e-05
5.51481e-05
5.51424e-05
5.51368e-05
5.51311e-05
5.51254e-05
5.51197e-05
5.5114e-05
5.51084e-05
5.51027e-05
5.50971e-05
5.50914e-05
5.50858e-05
5.50802e-05
5.50745e-05
5.50689e-05
5.50633e-05
5.50577e-05
5.50521e-05
5.50465e-05
5.50409e-05
5.50354e-05
5.50298e-05
5.50242e-05
5.50187e-05
5.50131e-05
5.50076e-05
5.5002e-05
5.49965e-05
5.4991e-05
5.49855e-05
5.498e-05
5.49745e-05
5.4969e-05
5.49635e-05
5.4958e-05
5.49525e-05
5.4947e-05
5.49415e-05
5.49361e-05
5.49306e-05
5.49252e-05
5.49197e-05
5.49143e-05
5.49089e-05
5.49034e-05
5.4898e-05
5.48926e-05
5.48872e-05
5.48818e-05
5.48764e-05
5.4871e-05
5.48656e-05
5.48603e-05
5.48549e-05
5.48495e-05
5.48442e-05
5.48388e-05
5.48335e-05
5.48282e-05
5.48228e-05
5.48175e-05
5.48122e-05
5.48069e-05
5.48016e-05
5.47963e-05
5.4791e-05
5.47857e-05
5.47804e-05
5.47751e-05
5.47698e-05
5.47646e-05
5.47593e-05
5.47541e-05
5.47488e-05
5.47436e-05
5.47384e-05
5.47331e-05
5.47279e-05
5.47227e-05
5.47175e-05
5.47123e-05
5.47071e-05
5.47019e-05
5.46967e-05
5.46915e-05
5.46864e-05
5.46812e-05
5.4676e-05
5.46709e-05
5.46657e-05
5.46606e-05
5.46554e-05
5.46503e-05
5.46452e-05
5.46401e-05
5.46349e-05
5.46298e-05
5.46247e-05
5.46196e-05
5.46145e-05
5.46095e-05
5.46044e-05
5.45993e-05
5.45942e-05
5.45892e-05
5.45841e-05
5.45791e-05
5.4574e-05
5.4569e-05
5.4564e-05
5.45589e-05
5.45539e-05
5.45489e-05
5.45439e-05
5.45389e-05
5.45339e-05
5.45289e-05
5.45239e-05
5.45189e-05
5.45139e-05
5.4509e-05
5.4504e-05
5.44991e-05
5.44941e-05
5.44892e-05
5.44842e-05
5.44793e-05
5.44743e-05
5.44694e-05
5.44645e-05
5.44596e-05
5.44547e-05
5.44498e-05
5.44449e-05
5.444e-05
5.44351e-05
5.44302e-05
5.44254e-05
5.44205e-05
5.44156e-05
5.44108e-05
5.44059e-05
5.44011e-05
5.43962e-05
5.43914e-05
5.43866e-05
5.43818e-05
5.43769e-05
5.43721e-05
5.43673e-05
5.43625e-05
5.43577e-05
5.43529e-05
5.43481e-05
5.43434e-05
5.43386e-05
5.43338e-05
5.43291e-05
5.43243e-05
5.43196e-05
5.43148e-05
5.43101e-05
5.43053e-05
5.43006e-05
5.42959e-05
5.42912e-05
5.42864e-05
5.42817e-05
5.4277e-05
5.42723e-05
5.42676e-05
5.4263e-05
5.42583e-05
5.42536e-05
5.42489e-05
5.42443e-05
5.42396e-05
5.42349e-05
5.42303e-05
5.42257e-05
5.4221e-05
5.42164e-05
5.42118e-05
5.42071e-05
5.42025e-05
5.41979e-05
5.41933e-05
5.41887e-05
5.41841e-05
5.41795e-05
5.41749e-05
5.41703e-05
5.41658e-05
5.41612e-05
5.41566e-05
5.41521e-05
5.41475e-05
5.4143e-05
5.41384e-05
5.41339e-05
5.41293e-05
5.41248e-05
5.41203e-05
5.41158e-05
5.41113e-05
5.41068e-05
5.41023e-05
5.40978e-05
5.40933e-05
5.40888e-05
5.40843e-05
5.40798e-05
5.40753e-05
5.40709e-05
5.40664e-05
5.4062e-05
5.40575e-05
5.40531e-05
5.40486e-05
5.40442e-05
5.40397e-05
5.40353e-05
5.40309e-05
5.40265e-05
5.40221e-05
5.40177e-05
5.40133e-05
5.40089e-05
5.40045e-05
5.40001e-05
5.39957e-05
5.39913e-05
5.3987e-05
5.39826e-05
5.39782e-05
5.39739e-05
5.39695e-05
5.39652e-05
5.39608e-05
5.39565e-05
5.39522e-05
5.39479e-05
5.39435e-05
5.39392e-05
5.39349e-05
5.39306e-05
5.39263e-05
5.3922e-05
5.39177e-05
5.39134e-05
5.39091e-05
5.39049e-05
5.39006e-05
5.38963e-05
5.38921e-05
5.38878e-05
5.38836e-05
5.38793e-05
5.38751e-05
5.38708e-05
5.38666e-05
5.38624e-05
5.38581e-05
5.38539e-05
5.38497e-05
5.38455e-05
5.38413e-05
5.38371e-05
5.38329e-05
5.38287e-05
5.38245e-05
5.38203e-05
5.38162e-05
5.3812e-05
5.38078e-05
5.38037e-05
5.37995e-05
5.37954e-05
5.37912e-05
5.37871e-05
5.37829e-05
5.37788e-05
5.37747e-05
5.37705e-05
5.37664e-05
5.37623e-05
5.37582e-05
5.37541e-05
5.375e-05
5.37459e-05
5.37418e-05
5.37377e-05
5.37336e-05
5.37296e-05
5.37255e-05
5.37214e-05
5.37174e-05
5.37133e-05
5.37092e-05
5.37052e-05
5.37011e-05
5.36971e-05
5.36931e-05
5.3689e-05
5.3685e-05
5.3681e-05
5.3677e-05
5.3673e-05
5.3669e-05
5.36649e-05
5.36609e-05
5.3657e-05
5.3653e-05
5.3649e-05
5.3645e-05
5.3641e-05
5.36371e-05
5.36331e-05
5.36291e-05
5.36252e-05
5.36212e-05
5.36173e-05
5.36133e-05
5.36094e-05
5.36054e-05
5.36015e-05
5.35976e-05
5.35937e-05
5.35897e-05
5.35858e-05
5.35819e-05
5.3578e-05
5.35741e-05
5.35702e-05
5.35663e-05
5.35624e-05
5.35586e-05
5.35547e-05
5.35508e-05
5.35469e-05
5.35431e-05
5.35392e-05
5.35353e-05
5.35315e-05
5.35276e-05
5.35238e-05
5.352e-05
5.35161e-05
5.35123e-05
5.35085e-05
5.35047e-05
5.35008e-05
5.3497e-05
5.34932e-05
5.34894e-05
5.34856e-05
5.34818e-05
5.3478e-05
5.34742e-05
5.34705e-05
5.34667e-05
5.34629e-05
5.34591e-05
5.34554e-05
5.34516e-05
5.34478e-05
5.34441e-05
5.34403e-05
5.34366e-05
5.34329e-05
5.34291e-05
5.34254e-05
5.34217e-05
5.34179e-05
5.34142e-05
5.34105e-05
5.34068e-05
5.34031e-05
5.33994e-05
5.33957e-05
5.3392e-05
5.33883e-05
5.33846e-05
5.33809e-05
5.33773e-05
5.33736e-05
5.33699e-05
5.33663e-05
5.33626e-05
5.33589e-05
5.33553e-05
5.33516e-05
5.3348e-05
5.33444e-05
5.33407e-05
5.33371e-05
5.33335e-05
5.33298e-05
5.33262e-05
5.33226e-05
5.3319e-05
5.33154e-05
5.33118e-05
5.33082e-05
5.33046e-05
5.3301e-05
5.32974e-05
5.32938e-05
5.32903e-05
5.32867e-05
5.32831e-05
5.32795e-05
5.3276e-05
5.32724e-05
5.32689e-05
5.32653e-05
5.32618e-05
5.32582e-05
5.32547e-05
5.32512e-05
5.32476e-05
5.32441e-05
5.32406e-05
5.32371e-05
5.32335e-05
5.323e-05
5.32265e-05
5.3223e-05
5.32195e-05
5.3216e-05
5.32125e-05
5.32091e-05
5.32056e-05
5.32021e-05
5.31986e-05
5.31951e-05
5.31917e-05
5.31882e-05
5.31848e-05
5.31813e-05
5.31778e-05
5.31744e-05
5.3171e-05
5.31675e-05
5.31641e-05
5.31606e-05
5.31572e-05
5.31538e-05
5.31504e-05
5.3147e-05
5.31435e-05
5.31401e-05
5.31367e-05
5.31333e-05
5.31299e-05
5.31265e-05
5.31232e-05
5.31198e-05
5.31164e-05
5.3113e-05
5.31096e-05
5.31063e-05
5.31029e-05
5.30995e-05
5.30962e-05
5.30928e-05
5.30895e-05
5.30861e-05
5.30828e-05
5.30794e-05
5.30761e-05
5.30728e-05
5.30694e-05
5.30661e-05
5.30628e-05
5.30595e-05
5.30562e-05
5.30528e-05
5.30495e-05
5.30462e-05
5.30429e-05
5.30396e-05
5.30363e-05
5.30331e-05
5.30298e-05
5.30265e-05
5.30232e-05
5.30199e-05
5.30167e-05
5.30134e-05
5.30101e-05
5.30069e-05
5.30036e-05
5.30004e-05
5.29971e-05
5.29939e-05
5.29906e-05
5.29874e-05
5.29842e-05
5.29809e-05
5.29777e-05
5.29745e-05
5.29713e-05
5.29681e-05
5.29649e-05
5.29616e-05
5.29584e-05
5.29552e-05
5.2952e-05
5.29489e-05
5.29457e-05
5.29425e-05
5.29393e-05
5.29361e-05
5.29329e-05
5.29298e-05
5.29266e-05
5.29234e-05
5.29203e-05
5.29171e-05
5.2914e-05
5.29108e-05
5.29077e-05
5.29045e-05
5.29014e-05
5.28982e-05
5.28951e-05
5.2892e-05
5.28889e-05
5.28857e-05
5.28826e-05
5.28795e-05
5.28764e-05
5.28733e-05
5.28702e-05
5.28671e-05
5.2864e-05
5.28609e-05
5.28578e-05
5.28547e-05
5.28516e-05
5.28485e-05
5.28455e-05
5.28424e-05
5.28393e-05
5.28362e-05
5.28332e-05
5.28301e-05
5.28271e-05
5.2824e-05
5.2821e-05
5.28179e-05
5.28149e-05
5.28118e-05
5.28088e-05
5.28058e-05
5.28027e-05
5.27997e-05
5.27967e-05
5.27937e-05
5.27907e-05
5.27876e-05
5.27846e-05
5.27816e-05
5.27786e-05
5.27756e-05
5.27726e-05
5.27696e-05
5.27667e-05
5.27637e-05
5.27607e-05
5.27577e-05
5.27547e-05
5.27518e-05
5.27488e-05
5.27458e-05
5.27429e-05
5.27399e-05
5.27369e-05
5.2734e-05
5.2731e-05
5.27281e-05
5.27252e-05
5.27222e-05
5.27193e-05
5.27164e-05
5.27134e-05
5.27105e-05
5.27076e-05
5.27047e-05
5.27017e-05
5.26988e-05
5.26959e-05
5.2693e-05
5.26901e-05
5.26872e-05
5.26843e-05
5.26814e-05
5.26785e-05
5.26756e-05
5.26728e-05
5.26699e-05
5.2667e-05
5.26641e-05
5.26613e-05
5.26584e-05
5.26555e-05
5.26527e-05
5.26498e-05
5.2647e-05
5.26441e-05
5.26413e-05
5.26384e-05
5.26356e-05
5.26327e-05
5.26299e-05
5.26271e-05
5.26242e-05
5.26214e-05
5.26186e-05
5.26158e-05
5.26129e-05
5.26101e-05
5.26073e-05
5.26045e-05
5.26017e-05
5.25989e-05
5.25961e-05
5.25933e-05
5.25905e-05
5.25877e-05
5.2585e-05
5.25822e-05
5.25794e-05
5.25766e-05
5.25738e-05
5.25711e-05
5.25683e-05
5.25655e-05
5.25628e-05
5.256e-05
5.25573e-05
5.25545e-05
5.25518e-05
5.2549e-05
5.25463e-05
5.25435e-05
5.25408e-05
5.25381e-05
5.25353e-05
5.25326e-05
5.25299e-05
5.25272e-05
5.25245e-05
5.25217e-05
5.2519e-05
5.25163e-05
5.25136e-05
5.25109e-05
5.25082e-05
5.25055e-05
5.25028e-05
5.25001e-05
5.24974e-05
5.24948e-05
5.24921e-05
5.24894e-05
5.24867e-05
5.24841e-05
5.24814e-05
5.24787e-05
5.24761e-05
5.24734e-05
5.24707e-05
5.24681e-05
5.24654e-05
5.24628e-05
5.24601e-05
5.24575e-05
5.24549e-05
5.24522e-05
5.24496e-05
5.2447e-05
5.24443e-05
5.24417e-05
5.24391e-05
5.24365e-05
5.24338e-05
5.24312e-05
5.24286e-05
5.2426e-05
5.24234e-05
5.24208e-05
5.24182e-05
5.24156e-05
5.2413e-05
5.24104e-05
5.24078e-05
5.24052e-05
5.24027e-05
5.24001e-05
5.23975e-05
5.23949e-05
5.23924e-05
5.23898e-05
5.23872e-05
5.23847e-05
5.23821e-05
5.23796e-05
5.2377e-05
5.23745e-05
5.23719e-05
5.23694e-05
5.23668e-05
5.23643e-05
5.23617e-05
5.23592e-05
5.23567e-05
5.23542e-05
5.23516e-05
5.23491e-05
5.23466e-05
5.23441e-05
5.23416e-05
5.2339e-05
5.23365e-05
5.2334e-05
5.23315e-05
5.2329e-05
5.23265e-05
5.2324e-05
5.23215e-05
5.23191e-05
5.23166e-05
5.23141e-05
5.23116e-05
5.23091e-05
5.23067e-05
5.23042e-05
5.23017e-05
5.22992e-05
5.22968e-05
5.22943e-05
5.22919e-05
5.22894e-05
5.2287e-05
5.22845e-05
5.22821e-05
5.22796e-05
5.22772e-05
5.22747e-05
5.22723e-05
5.22699e-05
5.22674e-05
5.2265e-05
5.22626e-05
5.22601e-05
5.22577e-05
5.22553e-05
5.22529e-05
5.22505e-05
5.22481e-05
5.22457e-05
5.22433e-05
5.22409e-05
5.22385e-05
5.22361e-05
5.22337e-05
5.22313e-05
5.22289e-05
5.22265e-05
5.22241e-05
5.22217e-05
5.22194e-05
5.2217e-05
5.22146e-05
5.22122e-05
5.22099e-05
5.22075e-05
5.22051e-05
5.22028e-05
5.22004e-05
5.21981e-05
5.21957e-05
5.21934e-05
5.2191e-05
5.21887e-05
5.21863e-05
5.2184e-05
5.21817e-05
5.21793e-05
5.2177e-05
5.21747e-05
5.21724e-05
5.217e-05
5.21677e-05
5.21654e-05
5.21631e-05
5.21608e-05
5.21584e-05
5.21561e-05
5.21538e-05
5.21515e-05
5.21492e-05
5.21469e-05
5.21446e-05
5.21423e-05
5.21401e-05
5.21378e-05
5.21355e-05
5.21332e-05
5.21309e-05
5.21286e-05
5.21264e-05
5.21241e-05
5.21218e-05
5.21196e-05
5.21173e-05
5.2115e-05
5.21128e-05
5.21105e-05
5.21083e-05
5.2106e-05
5.21038e-05
5.21015e-05
5.20993e-05
5.2097e-05
5.20948e-05
5.20925e-05
5.20903e-05
5.20881e-05
5.20858e-05
5.20836e-05
5.20814e-05
5.20792e-05
5.2077e-05
5.20747e-05
5.20725e-05
5.20703e-05
5.20681e-05
5.20659e-05
5.20637e-05
5.20615e-05
5.20593e-05
5.20571e-05
5.20549e-05
5.20527e-05
5.20505e-05
5.20483e-05
5.20461e-05
5.20439e-05
5.20418e-05
5.20396e-05
5.20374e-05
5.20352e-05
5.20331e-05
5.20309e-05
5.20287e-05
5.20266e-05
5.20244e-05
5.20222e-05
5.20201e-05
5.20179e-05
5.20158e-05
5.20136e-05
5.20115e-05
5.20093e-05
5.20072e-05
5.2005e-05
5.20029e-05
5.20008e-05
5.19986e-05
5.19965e-05
5.19944e-05
5.19923e-05
5.19901e-05
5.1988e-05
5.19859e-05
5.19838e-05
5.19817e-05
5.19795e-05
5.19774e-05
5.19753e-05
5.19732e-05
5.19711e-05
5.1969e-05
5.19669e-05
5.19648e-05
5.19627e-05
5.19606e-05
5.19585e-05
5.19565e-05
5.19544e-05
5.19523e-05
5.19502e-05
5.19481e-05
5.19461e-05
5.1944e-05
5.19419e-05
5.19398e-05
5.19378e-05
5.19357e-05
5.19336e-05
5.19316e-05
5.19295e-05
5.19275e-05
5.19254e-05
5.19234e-05
5.19213e-05
5.19193e-05
5.19172e-05
5.19152e-05
5.19132e-05
5.19111e-05
5.19091e-05
5.19071e-05
5.1905e-05
5.1903e-05
5.1901e-05
5.18989e-05
5.18969e-05
5.18949e-05
5.18929e-05
5.18909e-05
5.18889e-05
5.18868e-05
5.18848e-05
5.18828e-05
5.18808e-05
5.18788e-05
5.18768e-05
5.18748e-05
5.18728e-05
5.18708e-05
5.18689e-05
5.18669e-05
5.18649e-05
5.18629e-05
5.18609e-05
5.18589e-05
5.1857e-05
5.1855e-05
5.1853e-05
5.1851e-05
5.18491e-05
5.18471e-05
5.18451e-05
5.18432e-05
5.18412e-05
5.18393e-05
5.18373e-05
5.18353e-05
5.18334e-05
5.18314e-05
5.18295e-05
5.18276e-05
5.18256e-05
5.18237e-05
5.18217e-05
5.18198e-05
5.18179e-05
5.18159e-05
5.1814e-05
5.18121e-05
5.18101e-05
5.18082e-05
5.18063e-05
5.18044e-05
5.18025e-05
5.18005e-05
5.17986e-05
5.17967e-05
5.17948e-05
5.17929e-05
5.1791e-05
5.17891e-05
5.17872e-05
5.17853e-05
5.17834e-05
5.17815e-05
5.17796e-05
5.17777e-05
5.17758e-05
5.1774e-05
5.17721e-05
5.17702e-05
5.17683e-05
5.17664e-05
5.17646e-05
5.17627e-05
5.17608e-05
5.17589e-05
5.17571e-05
5.17552e-05
5.17533e-05
5.17515e-05
5.17496e-05
5.17478e-05
5.17459e-05
5.17441e-05
5.17422e-05
5.17404e-05
5.17385e-05
5.17367e-05
5.17348e-05
5.1733e-05
5.17311e-05
5.17293e-05
5.17275e-05
5.17256e-05
5.17238e-05
5.1722e-05
5.17201e-05
5.17183e-05
5.17165e-05
5.17147e-05
5.17129e-05
5.1711e-05
5.17092e-05
5.17074e-05
5.17056e-05
5.17038e-05
5.1702e-05
5.17002e-05
5.16984e-05
5.16966e-05
5.16948e-05
5.1693e-05
5.16912e-05
5.16894e-05
5.16876e-05
5.16858e-05
5.1684e-05
5.16822e-05
5.16805e-05
5.16787e-05
5.16769e-05
5.16751e-05
5.16733e-05
5.16716e-05
5.16698e-05
5.1668e-05
5.16663e-05
5.16645e-05
5.16627e-05
5.1661e-05
5.16592e-05
5.16574e-05
5.16557e-05
5.16539e-05
5.16522e-05
5.16504e-05
5.16487e-05
5.16469e-05
5.16452e-05
5.16434e-05
5.16417e-05
5.164e-05
5.16382e-05
5.16365e-05
5.16348e-05
5.1633e-05
5.16313e-05
5.16296e-05
5.16278e-05
5.16261e-05
5.16244e-05
5.16227e-05
5.1621e-05
5.16192e-05
5.16175e-05
5.16158e-05
5.16141e-05
5.16124e-05
5.16107e-05
5.1609e-05
5.16073e-05
5.16056e-05
5.16039e-05
5.16022e-05
5.16005e-05
5.15988e-05
5.15971e-05
5.15954e-05
5.15937e-05
5.1592e-05
5.15903e-05
5.15887e-05
5.1587e-05
5.15853e-05
5.15836e-05
5.1582e-05
5.15803e-05
5.15786e-05
5.15769e-05
5.15753e-05
5.15736e-05
5.15719e-05
5.15703e-05
5.15686e-05
5.1567e-05
5.15653e-05
5.15636e-05
5.1562e-05
5.15603e-05
5.15587e-05
5.1557e-05
5.15554e-05
5.15537e-05
5.15521e-05
5.15505e-05
5.15488e-05
5.15472e-05
5.15455e-05
5.15439e-05
5.15423e-05
5.15406e-05
5.1539e-05
5.15374e-05
5.15358e-05
5.15341e-05
5.15325e-05
5.15309e-05
5.15293e-05
5.15277e-05
5.15261e-05
5.15244e-05
5.15228e-05
5.15212e-05
5.15196e-05
5.1518e-05
5.15164e-05
5.15148e-05
5.15132e-05
5.15116e-05
5.151e-05
5.15084e-05
5.15068e-05
5.15052e-05
5.15036e-05
5.1502e-05
5.15005e-05
5.14989e-05
5.14973e-05
5.14957e-05
5.14941e-05
5.14925e-05
5.1491e-05
5.14894e-05
5.14878e-05
5.14863e-05
5.14847e-05
5.14831e-05
5.14815e-05
5.148e-05
5.14784e-05
5.14769e-05
5.14753e-05
5.14737e-05
5.14722e-05
5.14706e-05
5.14691e-05
5.14675e-05
5.1466e-05
5.14644e-05
5.14629e-05
5.14613e-05
5.14598e-05
5.14583e-05
5.14567e-05
5.14552e-05
5.14536e-05
5.14521e-05
5.14506e-05
5.14491e-05
5.14475e-05
5.1446e-05
5.14445e-05
5.14429e-05
5.14414e-05
5.14399e-05
5.14384e-05
5.14369e-05
5.14353e-05
5.14338e-05
5.14323e-05
5.14308e-05
5.14293e-05
5.14278e-05
5.14263e-05
5.14248e-05
5.14233e-05
5.14218e-05
5.14203e-05
5.14188e-05
5.14173e-05
5.14158e-05
5.14143e-05
5.14128e-05
5.14113e-05
5.14098e-05
5.14083e-05
5.14069e-05
5.14054e-05
5.14039e-05
5.14024e-05
5.14009e-05
5.13995e-05
5.1398e-05
5.13965e-05
5.1395e-05
5.13936e-05
5.13921e-05
5.13906e-05
5.13892e-05
5.13877e-05
5.13862e-05
5.13848e-05
5.13833e-05
5.13819e-05
5.13804e-05
5.1379e-05
5.13775e-05
5.13761e-05
5.13746e-05
5.13732e-05
5.13717e-05
5.13703e-05
5.13688e-05
5.13674e-05
5.13659e-05
5.13645e-05
5.13631e-05
5.13616e-05
5.13602e-05
5.13588e-05
5.13573e-05
5.13559e-05
5.13545e-05
5.1353e-05
5.13516e-05
5.13502e-05
5.13488e-05
5.13474e-05
5.13459e-05
5.13445e-05
5.13431e-05
5.13417e-05
5.13403e-05
5.13389e-05
5.13375e-05
5.1336e-05
5.13346e-05
5.13332e-05
5.13318e-05
5.13304e-05
5.1329e-05
5.13276e-05
5.13262e-05
5.13248e-05
5.13234e-05
5.13221e-05
5.13207e-05
5.13193e-05
5.13179e-05
5.13165e-05
5.13151e-05
5.13137e-05
5.13123e-05
5.1311e-05
5.13096e-05
5.13082e-05
5.13068e-05
5.13055e-05
5.13041e-05
5.13027e-05
5.13013e-05
5.13e-05
5.12986e-05
5.12972e-05
5.12959e-05
5.12945e-05
5.12932e-05
5.12918e-05
5.12904e-05
5.12891e-05
5.12877e-05
5.12864e-05
5.1285e-05
5.12837e-05
5.12823e-05
5.1281e-05
5.12796e-05
5.12783e-05
5.12769e-05
5.12756e-05
5.12743e-05
5.12729e-05
5.12716e-05
5.12702e-05
5.12689e-05
5.12676e-05
5.12662e-05
5.12649e-05
5.12636e-05
5.12622e-05
5.12609e-05
5.12596e-05
5.12583e-05
5.1257e-05
5.12556e-05
5.12543e-05
5.1253e-05
5.12517e-05
5.12504e-05
5.1249e-05
5.12477e-05
5.12464e-05
5.12451e-05
5.12438e-05
5.12425e-05
5.12412e-05
5.12399e-05
5.12386e-05
5.12373e-05
5.1236e-05
5.12347e-05
5.12334e-05
5.12321e-05
5.12308e-05
5.12295e-05
5.12282e-05
5.12269e-05
5.12256e-05
5.12244e-05
5.12231e-05
5.12218e-05
5.12205e-05
5.12192e-05
5.12179e-05
5.12167e-05
5.12154e-05
5.12141e-05
5.12128e-05
5.12116e-05
5.12103e-05
5.1209e-05
5.12078e-05
5.12065e-05
5.12052e-05
5.1204e-05
5.12027e-05
5.12014e-05
5.12002e-05
5.11989e-05
5.11977e-05
5.11964e-05
5.11951e-05
5.11939e-05
5.11926e-05
5.11914e-05
5.11901e-05
5.11889e-05
5.11876e-05
5.11864e-05
5.11852e-05
5.11839e-05
5.11827e-05
5.11814e-05
5.11802e-05
5.11789e-05
5.11777e-05
5.11765e-05
5.11752e-05
5.1174e-05
5.11728e-05
5.11716e-05
5.11703e-05
5.11691e-05
5.11679e-05
5.11666e-05
5.11654e-05
5.11642e-05
5.1163e-05
5.11618e-05
5.11605e-05
5.11593e-05
5.11581e-05
5.11569e-05
5.11557e-05
5.11545e-05
5.11533e-05
5.11521e-05
5.11508e-05
5.11496e-05
5.11484e-05
5.11472e-05
5.1146e-05
5.11448e-05
5.11436e-05
5.11424e-05
5.11412e-05
5.114e-05
5.11388e-05
5.11377e-05
5.11365e-05
5.11353e-05
5.11341e-05
5.11329e-05
5.11317e-05
5.11305e-05
5.11293e-05
5.11282e-05
5.1127e-05
5.11258e-05
5.11246e-05
5.11234e-05
5.11223e-05
5.11211e-05
5.11199e-05
5.11187e-05
5.11176e-05
5.11164e-05
5.11152e-05
5.11141e-05
5.11129e-05
5.11117e-05
5.11106e-05
5.11094e-05
5.11082e-05
5.11071e-05
5.11059e-05
5.11048e-05
5.11036e-05
5.11025e-05
5.11013e-05
5.11001e-05
5.1099e-05
5.10978e-05
5.10967e-05
5.10955e-05
5.10944e-05
5.10933e-05
5.10921e-05
5.1091e-05
5.10898e-05
5.10887e-05
5.10875e-05
5.10864e-05
5.10853e-05
5.10841e-05
5.1083e-05
5.10819e-05
5.10807e-05
5.10796e-05
5.10785e-05
5.10773e-05
5.10762e-05
5.10751e-05
5.1074e-05
5.10728e-05
5.10717e-05
5.10706e-05
5.10695e-05
5.10684e-05
5.10672e-05
5.10661e-05
5.1065e-05
5.10639e-05
5.10628e-05
5.10617e-05
5.10606e-05
5.10595e-05
5.10584e-05
5.10572e-05
5.10561e-05
5.1055e-05
5.10539e-05
5.10528e-05
5.10517e-05
5.10506e-05
5.10495e-05
5.10484e-05
5.10473e-05
5.10462e-05
5.10452e-05
5.10441e-05
5.1043e-05
5.10419e-05
5.10408e-05
5.10397e-05
5.10386e-05
5.10375e-05
5.10364e-05
5.10354e-05
5.10343e-05
5.10332e-05
5.10321e-05
5.1031e-05
5.103e-05
5.10289e-05
5.10278e-05
5.10267e-05
5.10257e-05
5.10246e-05
5.10235e-05
5.10225e-05
5.10214e-05
5.10203e-05
5.10193e-05
5.10182e-05
5.10171e-05
5.10161e-05
5.1015e-05
5.10139e-05
5.10129e-05
5.10118e-05
5.10108e-05
5.10097e-05
5.10087e-05
5.10076e-05
5.10066e-05
5.10055e-05
5.10045e-05
5.10034e-05
5.10024e-05
5.10013e-05
5.10003e-05
5.09992e-05
5.09982e-05
5.09971e-05
5.09961e-05
5.09951e-05
5.0994e-05
5.0993e-05
5.09919e-05
5.09909e-05
5.09899e-05
5.09888e-05
5.09878e-05
5.09868e-05
5.09858e-05
5.09847e-05
5.09837e-05
5.09827e-05
5.09816e-05
5.09806e-05
5.09796e-05
5.09786e-05
5.09776e-05
5.09765e-05
5.09755e-05
5.09745e-05
5.09735e-05
5.09725e-05
5.09715e-05
5.09704e-05
5.09694e-05
5.09684e-05
5.09674e-05
5.09664e-05
5.09654e-05
5.09644e-05
5.09634e-05
5.09624e-05
5.09614e-05
5.09604e-05
5.09594e-05
5.09584e-05
5.09574e-05
5.09564e-05
5.09554e-05
5.09544e-05
5.09534e-05
5.09524e-05
5.09514e-05
5.09504e-05
5.09494e-05
5.09484e-05
5.09474e-05
5.09464e-05
5.09455e-05
5.09445e-05
5.09435e-05
5.09425e-05
5.09415e-05
5.09405e-05
5.09396e-05
5.09386e-05
5.09376e-05
5.09366e-05
5.09356e-05
5.09347e-05
5.09337e-05
5.09327e-05
5.09318e-05
5.09308e-05
5.09298e-05
5.09288e-05
5.09279e-05
5.09269e-05
5.09259e-05
5.0925e-05
5.0924e-05
5.09231e-05
5.09221e-05
5.09211e-05
5.09202e-05
5.09192e-05
5.09183e-05
5.09173e-05
5.09163e-05
5.09154e-05
5.09144e-05
5.09135e-05
5.09125e-05
5.09116e-05
5.09106e-05
5.09097e-05
5.09087e-05
5.09078e-05
5.09068e-05
5.09059e-05
5.0905e-05
5.0904e-05
5.09031e-05
5.09021e-05
5.09012e-05
5.09003e-05
5.08993e-05
5.08984e-05
5.08975e-05
5.08965e-05
5.08956e-05
5.08947e-05
5.08937e-05
5.08928e-05
5.08919e-05
5.08909e-05
5.089e-05
5.08891e-05
5.08882e-05
5.08872e-05
5.08863e-05
5.08854e-05
5.08845e-05
5.08835e-05
5.08826e-05
5.08817e-05
5.08808e-05
5.08799e-05
5.0879e-05
5.0878e-05
5.08771e-05
5.08762e-05
5.08753e-05
5.08744e-05
5.08735e-05
5.08726e-05
5.08717e-05
5.08708e-05
5.08699e-05
5.0869e-05
5.0868e-05
5.08671e-05
5.08662e-05
5.08653e-05
5.08644e-05
5.08635e-05
5.08626e-05
5.08618e-05
5.08609e-05
5.086e-05
5.08591e-05
5.08582e-05
5.08573e-05
5.08564e-05
5.08555e-05
5.08546e-05
5.08537e-05
5.08528e-05
5.08519e-05
5.08511e-05
5.08502e-05
5.08493e-05
5.08484e-05
5.08475e-05
5.08466e-05
5.08458e-05
5.08449e-05
5.0844e-05
5.08431e-05
5.08423e-05
5.08414e-05
5.08405e-05
5.08396e-05
5.08388e-05
5.08379e-05
5.0837e-05
5.08361e-05
5.08353e-05
5.08344e-05
5.08335e-05
5.08327e-05
5.08318e-05
5.0831e-05
5.08301e-05
5.08292e-05
5.08284e-05
5.08275e-05
5.08266e-05
5.08258e-05
5.08249e-05
5.08241e-05
5.08232e-05
5.08224e-05
5.08215e-05
5.08207e-05
5.08198e-05
5.08189e-05
5.08181e-05
5.08172e-05
5.08164e-05
5.08156e-05
5.08147e-05
5.08139e-05
5.0813e-05
5.08122e-05
5.08113e-05
5.08105e-05
5.08096e-05
5.08088e-05
5.0808e-05
5.08071e-05
5.08063e-05
5.08054e-05
5.08046e-05
5.08038e-05
5.08029e-05
5.08021e-05
5.08013e-05
5.08004e-05
5.07996e-05
5.07988e-05
5.0798e-05
5.07971e-05
5.07963e-05
5.07955e-05
5.07946e-05
5.07938e-05
5.0793e-05
5.07922e-05
5.07914e-05
5.07905e-05
5.07897e-05
5.07889e-05
5.07881e-05
5.07873e-05
5.07864e-05
5.07856e-05
5.07848e-05
5.0784e-05
5.07832e-05
5.07824e-05
5.07816e-05
5.07807e-05
5.07799e-05
5.07791e-05
5.07783e-05
5.07775e-05
5.07767e-05
5.07759e-05
5.07751e-05
5.07743e-05
5.07735e-05
5.07727e-05
5.07719e-05
5.07711e-05
5.07703e-05
5.07695e-05
5.07687e-05
5.07679e-05
5.07671e-05
5.07663e-05
5.07655e-05
5.07647e-05
5.07639e-05
5.07631e-05
5.07623e-05
5.07615e-05
5.07608e-05
5.076e-05
5.07592e-05
5.07584e-05
5.07576e-05
5.07568e-05
5.0756e-05
5.07553e-05
5.07545e-05
5.07537e-05
5.07529e-05
5.07521e-05
5.07514e-05
5.07506e-05
5.07498e-05
5.0749e-05
5.07482e-05
5.07475e-05
5.07467e-05
5.07459e-05
5.07451e-05
5.07444e-05
5.07436e-05
5.07428e-05
5.07421e-05
5.07413e-05
5.07405e-05
5.07398e-05
5.0739e-05
5.07382e-05
5.07375e-05
5.07367e-05
5.07359e-05
5.07352e-05
5.07344e-05
5.07337e-05
5.07329e-05
5.07321e-05
5.07314e-05
5.07306e-05
5.07299e-05
5.07291e-05
5.07284e-05
5.07276e-05
5.07268e-05
5.07261e-05
5.07253e-05
5.07246e-05
5.07238e-05
5.07231e-05
5.07223e-05
5.07216e-05
5.07208e-05
5.07201e-05
5.07194e-05
5.07186e-05
5.07179e-05
5.07171e-05
5.07164e-05
5.07156e-05
5.07149e-05
5.07142e-05
5.07134e-05
5.07127e-05
5.07119e-05
5.07112e-05
5.07105e-05
5.07097e-05
5.0709e-05
5.07083e-05
5.07075e-05
5.07068e-05
5.07061e-05
5.07053e-05
5.07046e-05
5.07039e-05
5.07032e-05
5.07024e-05
5.07017e-05
5.0701e-05
5.07002e-05
5.06995e-05
5.06988e-05
5.06981e-05
5.06974e-05
5.06966e-05
5.06959e-05
5.06952e-05
5.06945e-05
5.06938e-05
5.0693e-05
5.06923e-05
5.06916e-05
5.06909e-05
5.06902e-05
5.06895e-05
5.06887e-05
5.0688e-05
5.06873e-05
5.06866e-05
5.06859e-05
5.06852e-05
5.06845e-05
5.06838e-05
5.06831e-05
5.06824e-05
5.06817e-05
5.0681e-05
5.06803e-05
5.06795e-05
5.06788e-05
5.06781e-05
5.06774e-05
5.06767e-05
5.0676e-05
5.06753e-05
5.06746e-05
5.06739e-05
5.06733e-05
5.06726e-05
5.06719e-05
5.06712e-05
5.06705e-05
5.06698e-05
5.06691e-05
5.06684e-05
5.06677e-05
5.0667e-05
5.06663e-05
5.06656e-05
5.06649e-05
5.06643e-05
5.06636e-05
5.06629e-05
5.06622e-05
5.06615e-05
5.06608e-05
5.06602e-05
5.06595e-05
5.06588e-05
5.06581e-05
5.06574e-05
5.06568e-05
5.06561e-05
5.06554e-05
5.06547e-05
5.0654e-05
5.06534e-05
5.06527e-05
5.0652e-05
5.06513e-05
5.06507e-05
5.065e-05
5.06493e-05
5.06487e-05
5.0648e-05
5.06473e-05
5.06467e-05
5.0646e-05
5.06453e-05
5.06447e-05
5.0644e-05
5.06433e-05
5.06427e-05
5.0642e-05
5.06413e-05
5.06407e-05
5.064e-05
5.06393e-05
5.06387e-05
5.0638e-05
5.06374e-05
5.06367e-05
5.06361e-05
5.06354e-05
5.06347e-05
5.06341e-05
5.06334e-05
5.06328e-05
5.06321e-05
5.06315e-05
5.06308e-05
5.06302e-05
5.06295e-05
5.06289e-05
5.06282e-05
5.06276e-05
5.06269e-05
5.06263e-05
5.06256e-05
5.0625e-05
5.06243e-05
5.06237e-05
5.06231e-05
5.06224e-05
5.06218e-05
5.06211e-05
5.06205e-05
5.06198e-05
5.06192e-05
5.06186e-05
5.06179e-05
5.06173e-05
5.06167e-05
5.0616e-05
5.06154e-05
5.06147e-05
5.06141e-05
5.06135e-05
5.06128e-05
5.06122e-05
5.06116e-05
5.0611e-05
5.06103e-05
5.06097e-05
5.06091e-05
5.06084e-05
5.06078e-05
5.06072e-05
5.06066e-05
5.06059e-05
5.06053e-05
5.06047e-05
5.06041e-05
5.06034e-05
5.06028e-05
5.06022e-05
5.06016e-05
5.0601e-05
5.06003e-05
5.05997e-05
5.05991e-05
5.05985e-05
5.05979e-05
5.05972e-05
5.05966e-05
5.0596e-05
5.05954e-05
5.05948e-05
5.05942e-05
5.05936e-05
5.05929e-05
5.05923e-05
5.05917e-05
5.05911e-05
5.05905e-05
5.05899e-05
5.05893e-05
5.05887e-05
5.05881e-05
5.05875e-05
5.05869e-05
5.05863e-05
5.05857e-05
5.05851e-05
5.05845e-05
5.05838e-05
5.05832e-05
5.05826e-05
5.0582e-05
5.05814e-05
5.05808e-05
5.05803e-05
5.05797e-05
5.05791e-05
5.05785e-05
5.05779e-05
5.05773e-05
5.05767e-05
5.05761e-05
5.05755e-05
5.05749e-05
5.05743e-05
5.05737e-05
5.05731e-05
5.05725e-05
5.05719e-05
5.05714e-05
5.05708e-05
5.05702e-05
5.05696e-05
5.0569e-05
5.05684e-05
5.05678e-05
5.05672e-05
5.05667e-05
5.05661e-05
5.05655e-05
5.05649e-05
5.05643e-05
5.05637e-05
5.05632e-05
5.05626e-05
5.0562e-05
5.05614e-05
5.05609e-05
5.05603e-05
5.05597e-05
5.05591e-05
5.05585e-05
5.0558e-05
5.05574e-05
5.05568e-05
5.05563e-05
5.05557e-05
5.05551e-05
5.05545e-05
5.0554e-05
5.05534e-05
5.05528e-05
5.05523e-05
5.05517e-05
5.05511e-05
5.05506e-05
5.055e-05
5.05494e-05
5.05489e-05
5.05483e-05
5.05477e-05
5.05472e-05
5.05466e-05
5.0546e-05
5.05455e-05
5.05449e-05
5.05444e-05
5.05438e-05
5.05432e-05
5.05427e-05
5.05421e-05
5.05416e-05
5.0541e-05
5.05404e-05
5.05399e-05
5.05393e-05
5.05388e-05
5.05382e-05
5.05377e-05
5.05371e-05
5.05366e-05
5.0536e-05
5.05355e-05
5.05349e-05
5.05344e-05
5.05338e-05
5.05333e-05
5.05327e-05
5.05322e-05
5.05316e-05
5.05311e-05
5.05305e-05
5.053e-05
5.05294e-05
5.05289e-05
5.05284e-05
5.05278e-05
5.05273e-05
5.05267e-05
5.05262e-05
5.05256e-05
5.05251e-05
5.05246e-05
5.0524e-05
5.05235e-05
5.05229e-05
5.05224e-05
5.05219e-05
5.05213e-05
5.05208e-05
5.05203e-05
5.05197e-05
5.05192e-05
5.05187e-05
5.05181e-05
5.05176e-05
5.05171e-05
5.05165e-05
5.0516e-05
5.05155e-05
5.05149e-05
5.05144e-05
5.05139e-05
5.05134e-05
5.05128e-05
5.05123e-05
5.05118e-05
5.05113e-05
5.05107e-05
5.05102e-05
5.05097e-05
5.05092e-05
5.05086e-05
5.05081e-05
5.05076e-05
5.05071e-05
5.05065e-05
5.0506e-05
5.05055e-05
5.0505e-05
5.05045e-05
5.05039e-05
5.05034e-05
5.05029e-05
5.05024e-05
5.05019e-05
5.05014e-05
5.05009e-05
5.05003e-05
5.04998e-05
5.04993e-05
5.04988e-05
5.04983e-05
5.04978e-05
5.04973e-05
5.04968e-05
5.04962e-05
5.04957e-05
5.04952e-05
5.04947e-05
5.04942e-05
5.04937e-05
5.04932e-05
5.04927e-05
5.04922e-05
5.04917e-05
5.04912e-05
5.04907e-05
5.04902e-05
5.04897e-05
5.04892e-05
5.04887e-05
5.04882e-05
5.04877e-05
5.04872e-05
5.04867e-05
5.04862e-05
5.04857e-05
5.04852e-05
5.04847e-05
5.04842e-05
5.04837e-05
5.04832e-05
5.04827e-05
5.04822e-05
5.04817e-05
5.04812e-05
5.04807e-05
5.04802e-05
5.04797e-05
5.04792e-05
5.04787e-05
5.04782e-05
5.04777e-05
5.04773e-05
5.04768e-05
5.04763e-05
5.04758e-05
5.04753e-05
5.04748e-05
5.04743e-05
5.04738e-05
5.04733e-05
5.04729e-05
5.04724e-05
5.04719e-05
5.04714e-05
5.04709e-05
5.04704e-05
5.047e-05
5.04695e-05
5.0469e-05
5.04685e-05
5.0468e-05
5.04676e-05
5.04671e-05
5.04666e-05
5.04661e-05
5.04656e-05
5.04652e-05
5.04647e-05
5.04642e-05
5.04637e-05
5.04633e-05
5.04628e-05
5.04623e-05
5.04618e-05
5.04614e-05
5.04609e-05
5.04604e-05
5.04599e-05
5.04595e-05
5.0459e-05
5.04585e-05
5.04581e-05
5.04576e-05
5.04571e-05
5.04567e-05
5.04562e-05
5.04557e-05
5.04553e-05
5.04548e-05
5.04543e-05
5.04539e-05
5.04534e-05
5.04529e-05
5.04525e-05
5.0452e-05
5.04515e-05
5.04511e-05
5.04506e-05
5.04501e-05
5.04497e-05
5.04492e-05
5.04488e-05
5.04483e-05
5.04478e-05
5.04474e-05
5.04469e-05
5.04465e-05
5.0446e-05
5.04456e-05
5.04451e-05
5.04446e-05
5.04442e-05
5.04437e-05
5.04433e-05
5.04428e-05
5.04424e-05
5.04419e-05
5.04415e-05
5.0441e-05
5.04406e-05
5.04401e-05
5.04397e-05
5.04392e-05
5.04388e-05
5.04383e-05
5.04379e-05
5.04374e-05
5.0437e-05
5.04365e-05
5.04361e-05
5.04356e-05
5.04352e-05
5.04347e-05
5.04343e-05
5.04338e-05
5.04334e-05
5.0433e-05
5.04325e-05
5.04321e-05
5.04316e-05
5.04312e-05
5.04307e-05
5.04303e-05
5.04299e-05
5.04294e-05
5.0429e-05
5.04285e-05
5.04281e-05
5.04277e-05
5.04272e-05
5.04268e-05
5.04264e-05
5.04259e-05
5.04255e-05
5.0425e-05
5.04246e-05
5.04242e-05
5.04237e-05
5.04233e-05
5.04229e-05
5.04224e-05
5.0422e-05
5.04216e-05
5.04211e-05
5.04207e-05
5.04203e-05
5.04199e-05
5.04194e-05
5.0419e-05
5.04186e-05
5.04181e-05
5.04177e-05
5.04173e-05
5.04169e-05
5.04164e-05
5.0416e-05
5.04156e-05
5.04152e-05
5.04147e-05
5.04143e-05
5.04139e-05
5.04135e-05
5.0413e-05
5.04126e-05
5.04122e-05
5.04118e-05
5.04113e-05
5.04109e-05
5.04105e-05
5.04101e-05
5.04097e-05
5.04092e-05
5.04088e-05
5.04084e-05
5.0408e-05
5.04076e-05
5.04072e-05
5.04067e-05
5.04063e-05
5.04059e-05
5.04055e-05
5.04051e-05
5.04047e-05
5.04043e-05
5.04038e-05
5.04034e-05
5.0403e-05
5.04026e-05
5.04022e-05
5.04018e-05
5.04014e-05
5.0401e-05
5.04005e-05
5.04001e-05
5.03997e-05
5.03993e-05
5.03989e-05
5.03985e-05
5.03981e-05
5.03977e-05
5.03973e-05
5.03969e-05
5.03965e-05
5.03961e-05
5.03957e-05
5.03953e-05
5.03949e-05
5.03944e-05
5.0394e-05
5.03936e-05
5.03932e-05
5.03928e-05
5.03924e-05
5.0392e-05
5.03916e-05
5.03912e-05
5.03908e-05
5.03904e-05
5.039e-05
5.03896e-05
5.03892e-05
5.03888e-05
5.03884e-05
5.0388e-05
5.03876e-05
5.03873e-05
5.03869e-05
5.03865e-05
5.03861e-05
5.03857e-05
5.03853e-05
5.03849e-05
5.03845e-05
5.03841e-05
5.03837e-05
5.03833e-05
5.03829e-05
5.03825e-05
5.03821e-05
5.03818e-05
5.03814e-05
5.0381e-05
5.03806e-05
5.03802e-05
5.03798e-05
5.03794e-05
5.0379e-05
5.03786e-05
5.03783e-05
5.03779e-05
5.03775e-05
5.03771e-05
5.03767e-05
5.03763e-05
5.03759e-05
5.03756e-05
5.03752e-05
5.03748e-05
5.03744e-05
5.0374e-05
5.03736e-05
5.03733e-05
5.03729e-05
5.03725e-05
5.03721e-05
5.03717e-05
5.03714e-05
5.0371e-05
5.03706e-05
5.03702e-05
5.03698e-05
5.03695e-05
5.03691e-05
5.03687e-05
5.03683e-05
5.0368e-05
5.03676e-05
5.03672e-05
5.03668e-05
5.03665e-05
5.03661e-05
5.03657e-05
5.03653e-05
5.0365e-05
5.03646e-05
5.03642e-05
5.03639e-05
5.03635e-05
5.03631e-05
5.03627e-05
5.03624e-05
5.0362e-05
5.03616e-05
5.03613e-05
5.03609e-05
5.03605e-05
5.03602e-05
5.03598e-05
5.03594e-05
5.03591e-05
5.03587e-05
5.03583e-05
5.0358e-05
5.03576e-05
5.03572e-05
5.03569e-05
5.03565e-05
5.03561e-05
5.03558e-05
5.03554e-05
5.0355e-05
5.03547e-05
5.03543e-05
5.0354e-05
5.03536e-05
5.03532e-05
5.03529e-05
5.03525e-05
5.03522e-05
5.03518e-05
5.03514e-05
5.03511e-05
5.03507e-05
5.03504e-05
5.035e-05
5.03497e-05
5.03493e-05
5.03489e-05
5.03486e-05
5.03482e-05
5.03479e-05
5.03475e-05
5.03472e-05
5.03468e-05
5.03465e-05
5.03461e-05
5.03458e-05
5.03454e-05
5.0345e-05
5.03447e-05
5.03443e-05
5.0344e-05
5.03436e-05
5.03433e-05
5.03429e-05
5.03426e-05
5.03422e-05
5.03419e-05
5.03415e-05
5.03412e-05
5.03408e-05
5.03405e-05
5.03402e-05
5.03398e-05
5.03395e-05
5.03391e-05
5.03388e-05
5.03384e-05
5.03381e-05
5.03377e-05
5.03374e-05
5.0337e-05
5.03367e-05
5.03364e-05
5.0336e-05
5.03357e-05
5.03353e-05
5.0335e-05
5.03346e-05
5.03343e-05
5.0334e-05
5.03336e-05
5.03333e-05
5.03329e-05
5.03326e-05
5.03323e-05
5.03319e-05
5.03316e-05
5.03313e-05
5.03309e-05
5.03306e-05
5.03302e-05
5.03299e-05
5.03296e-05
5.03292e-05
5.03289e-05
5.03286e-05
5.03282e-05
5.03279e-05
5.03276e-05
5.03272e-05
5.03269e-05
5.03266e-05
5.03262e-05
5.03259e-05
5.03256e-05
5.03252e-05
5.03249e-05
5.03246e-05
5.03242e-05
5.03239e-05
5.03236e-05
5.03232e-05
5.03229e-05
5.03226e-05
5.03223e-05
5.03219e-05
5.03216e-05
5.03213e-05
5.0321e-05
5.03206e-05
5.03203e-05
5.032e-05
5.03196e-05
5.03193e-05
5.0319e-05
5.03187e-05
5.03183e-05
5.0318e-05
5.03177e-05
5.03174e-05
5.03171e-05
5.03167e-05
5.03164e-05
5.03161e-05
5.03158e-05
5.03154e-05
5.03151e-05
5.03148e-05
5.03145e-05
5.03142e-05
5.03138e-05
5.03135e-05
5.03132e-05
5.03129e-05
5.03126e-05
5.03122e-05
5.03119e-05
5.03116e-05
5.03113e-05
5.0311e-05
5.03107e-05
5.03103e-05
5.031e-05
5.03097e-05
5.03094e-05
5.03091e-05
5.03088e-05
5.03085e-05
5.03081e-05
5.03078e-05
5.03075e-05
5.03072e-05
5.03069e-05
5.03066e-05
5.03063e-05
5.03059e-05
5.03056e-05
5.03053e-05
5.0305e-05
5.03047e-05
5.03044e-05
5.03041e-05
5.03038e-05
5.03035e-05
5.03032e-05
5.03029e-05
5.03025e-05
5.03022e-05
5.03019e-05
5.03016e-05
5.03013e-05
5.0301e-05
5.03007e-05
5.03004e-05
5.03001e-05
5.02998e-05
5.02995e-05
5.02992e-05
5.02989e-05
5.02986e-05
5.02983e-05
5.0298e-05
5.02977e-05
5.02974e-05
5.02971e-05
5.02967e-05
5.02964e-05
5.02961e-05
5.02958e-05
5.02955e-05
5.02952e-05
5.02949e-05
5.02946e-05
5.02943e-05
5.0294e-05
5.02937e-05
5.02934e-05
5.02931e-05
5.02928e-05
5.02926e-05
5.02923e-05
5.0292e-05
5.02917e-05
5.02914e-05
5.02911e-05
5.02908e-05
5.02905e-05
5.02902e-05
5.02899e-05
5.02896e-05
5.02893e-05
5.0289e-05
5.02887e-05
5.02884e-05
5.02881e-05
5.02878e-05
5.02875e-05
5.02872e-05
5.0287e-05
5.02867e-05
5.02864e-05
5.02861e-05
5.02858e-05
5.02855e-05
5.02852e-05
5.02849e-05
5.02846e-05
5.02843e-05
5.0284e-05
5.02838e-05
5.02835e-05
5.02832e-05
5.02829e-05
5.02826e-05
5.02823e-05
5.0282e-05
5.02817e-05
5.02815e-05
5.02812e-05
5.02809e-05
5.02806e-05
5.02803e-05
5.028e-05
5.02797e-05
5.02795e-05
5.02792e-05
5.02789e-05
5.02786e-05
5.02783e-05
5.0278e-05
5.02778e-05
5.02775e-05
5.02772e-05
5.02769e-05
5.02766e-05
5.02764e-05
5.02761e-05
5.02758e-05
5.02755e-05
5.02752e-05
5.0275e-05
5.02747e-05
5.02744e-05
5.02741e-05
5.02738e-05
5.02736e-05
5.02733e-05
5.0273e-05
5.02727e-05
5.02725e-05
5.02722e-05
5.02719e-05
5.02716e-05
5.02713e-05
5.02711e-05
5.02708e-05
5.02705e-05
5.02702e-05
5.027e-05
5.02697e-05
5.02694e-05
5.02692e-05
5.02689e-05
5.02686e-05
5.02683e-05
5.02681e-05
5.02678e-05
5.02675e-05
5.02672e-05
5.0267e-05
5.02667e-05
5.02664e-05
5.02662e-05
5.02659e-05
5.02656e-05
5.02653e-05
5.02651e-05
5.02648e-05
5.02645e-05
5.02643e-05
5.0264e-05
5.02637e-05
5.02635e-05
5.02632e-05
5.02629e-05
5.02627e-05
5.02624e-05
5.02621e-05
5.02619e-05
5.02616e-05
5.02613e-05
5.02611e-05
5.02608e-05
5.02605e-05
5.02603e-05
5.026e-05
5.02597e-05
5.02595e-05
5.02592e-05
5.0259e-05
5.02587e-05
5.02584e-05
5.02582e-05
5.02579e-05
5.02576e-05
5.02574e-05
5.02571e-05
5.02569e-05
5.02566e-05
5.02563e-05
5.02561e-05
5.02558e-05
5.02556e-05
5.02553e-05
5.0255e-05
5.02548e-05
5.02545e-05
5.02543e-05
5.0254e-05
5.02538e-05
5.02535e-05
5.02532e-05
5.0253e-05
5.02527e-05
5.02525e-05
5.02522e-05
5.0252e-05
5.02517e-05
5.02514e-05
5.02512e-05
5.02509e-05
5.02507e-05
5.02504e-05
5.02502e-05
5.02499e-05
5.02497e-05
5.02494e-05
5.02492e-05
5.02489e-05
5.02487e-05
5.02484e-05
5.02482e-05
5.02479e-05
5.02476e-05
5.02474e-05
5.02471e-05
5.02469e-05
5.02466e-05
5.02464e-05
5.02461e-05
5.02459e-05
5.02456e-05
5.02454e-05
5.02451e-05
5.02449e-05
5.02447e-05
5.02444e-05
5.02442e-05
5.02439e-05
5.02437e-05
5.02434e-05
5.02432e-05
5.02429e-05
5.02427e-05
5.02424e-05
5.02422e-05
5.02419e-05
5.02417e-05
5.02414e-05
5.02412e-05
5.0241e-05
5.02407e-05
5.02405e-05
5.02402e-05
5.024e-05
5.02397e-05
5.02395e-05
5.02393e-05
5.0239e-05
5.02388e-05
5.02385e-05
5.02383e-05
5.0238e-05
5.02378e-05
5.02376e-05
5.02373e-05
5.02371e-05
5.02368e-05
5.02366e-05
5.02364e-05
5.02361e-05
5.02359e-05
5.02356e-05
5.02354e-05
5.02352e-05
5.02349e-05
5.02347e-05
5.02344e-05
5.02342e-05
5.0234e-05
5.02337e-05
5.02335e-05
5.02333e-05
5.0233e-05
5.02328e-05
5.02326e-05
5.02323e-05
5.02321e-05
5.02318e-05
5.02316e-05
5.02314e-05
5.02311e-05
5.02309e-05
5.02307e-05
5.02304e-05
5.02302e-05
5.023e-05
5.02297e-05
5.02295e-05
5.02293e-05
5.0229e-05
5.02288e-05
5.02286e-05
5.02283e-05
5.02281e-05
5.02279e-05
5.02277e-05
5.02274e-05
5.02272e-05
5.0227e-05
5.02267e-05
5.02265e-05
5.02263e-05
5.0226e-05
5.02258e-05
5.02256e-05
5.02254e-05
5.02251e-05
5.02249e-05
5.02247e-05
5.02244e-05
5.02242e-05
5.0224e-05
5.02238e-05
5.02235e-05
5.02233e-05
5.02231e-05
5.02229e-05
5.02226e-05
5.02224e-05
5.02222e-05
5.0222e-05
5.02217e-05
5.02215e-05
5.02213e-05
5.02211e-05
5.02208e-05
5.02206e-05
5.02204e-05
5.02202e-05
5.02199e-05
5.02197e-05
5.02195e-05
5.02193e-05
5.02191e-05
5.02188e-05
5.02186e-05
5.02184e-05
5.02182e-05
5.0218e-05
5.02177e-05
5.02175e-05
5.02173e-05
5.02171e-05
5.02169e-05
5.02166e-05
5.02164e-05
5.02162e-05
5.0216e-05
5.02158e-05
5.02155e-05
5.02153e-05
5.02151e-05
5.02149e-05
5.02147e-05
5.02144e-05
5.02142e-05
5.0214e-05
5.02138e-05
5.02136e-05
5.02134e-05
5.02131e-05
5.02129e-05
5.02127e-05
5.02125e-05
5.02123e-05
5.02121e-05
5.02119e-05
5.02116e-05
5.02114e-05
5.02112e-05
5.0211e-05
5.02108e-05
5.02106e-05
5.02104e-05
5.02101e-05
5.02099e-05
5.02097e-05
5.02095e-05
5.02093e-05
5.02091e-05
5.02089e-05
5.02087e-05
5.02085e-05
5.02082e-05
5.0208e-05
5.02078e-05
5.02076e-05
5.02074e-05
5.02072e-05
5.0207e-05
5.02068e-05
5.02066e-05
5.02064e-05
5.02061e-05
5.02059e-05
5.02057e-05
5.02055e-05
5.02053e-05
5.02051e-05
5.02049e-05
5.02047e-05
5.02045e-05
5.02043e-05
5.02041e-05
5.02039e-05
5.02037e-05
5.02035e-05
5.02032e-05
5.0203e-05
5.02028e-05
5.02026e-05
5.02024e-05
5.02022e-05
5.0202e-05
5.02018e-05
5.02016e-05
5.02014e-05
5.02012e-05
5.0201e-05
5.02008e-05
5.02006e-05
5.02004e-05
5.02002e-05
5.02e-05
5.01998e-05
5.01996e-05
5.01994e-05
5.01992e-05
5.0199e-05
5.01988e-05
5.01986e-05
5.01984e-05
5.01982e-05
5.0198e-05
5.01978e-05
5.01976e-05
5.01974e-05
5.01972e-05
5.0197e-05
5.01968e-05
5.01966e-05
5.01964e-05
5.01962e-05
5.0196e-05
5.01958e-05
5.01956e-05
5.01954e-05
5.01952e-05
5.0195e-05
5.01948e-05
5.01946e-05
5.01944e-05
5.01942e-05
5.0194e-05
5.01938e-05
5.01936e-05
5.01934e-05
5.01932e-05
5.0193e-05
5.01928e-05
5.01926e-05
5.01924e-05
5.01922e-05
5.01921e-05
5.01919e-05
5.01917e-05
5.01915e-05
5.01913e-05
5.01911e-05
5.01909e-05
5.01907e-05
5.01905e-05
5.01903e-05
5.01901e-05
5.01899e-05
5.01897e-05
5.01895e-05
5.01894e-05
5.01892e-05
5.0189e-05
5.01888e-05
5.01886e-05
5.01884e-05
5.01882e-05
5.0188e-05
5.01878e-05
5.01876e-05
5.01875e-05
5.01873e-05
5.01871e-05
5.01869e-05
5.01867e-05
5.01865e-05
5.01863e-05
5.01861e-05
5.01859e-05
5.01858e-05
5.01856e-05
5.01854e-05
5.01852e-05
5.0185e-05
5.01848e-05
5.01846e-05
5.01844e-05
5.01843e-05
5.01841e-05
5.01839e-05
5.01837e-05
5.01835e-05
5.01833e-05
5.01831e-05
5.0183e-05
5.01828e-05
5.01826e-05
5.01824e-05
5.01822e-05
5.0182e-05
5.01819e-05
5.01817e-05
5.01815e-05
5.01813e-05
5.01811e-05
5.01809e-05
5.01808e-05
5.01806e-05
5.01804e-05
5.01802e-05
5.018e-05
5.01798e-05
5.01797e-05
5.01795e-05
5.01793e-05
5.01791e-05
5.01789e-05
5.01788e-05
5.01786e-05
5.01784e-05
5.01782e-05
5.0178e-05
5.01779e-05
5.01777e-05
5.01775e-05
5.01773e-05
5.01771e-05
5.0177e-05
5.01768e-05
5.01766e-05
5.01764e-05
5.01762e-05
5.01761e-05
5.01759e-05
5.01757e-05
5.01755e-05
5.01754e-05
5.01752e-05
5.0175e-05
5.01748e-05
5.01747e-05
5.01745e-05
5.01743e-05
5.01741e-05
5.01739e-05
5.01738e-05
5.01736e-05
5.01734e-05
5.01732e-05
5.01731e-05
5.01729e-05
5.01727e-05
5.01725e-05
5.01724e-05
5.01722e-05
5.0172e-05
5.01719e-05
5.01717e-05
5.01715e-05
5.01713e-05
5.01712e-05
5.0171e-05
5.01708e-05
5.01706e-05
5.01705e-05
5.01703e-05
5.01701e-05
5.017e-05
5.01698e-05
5.01696e-05
5.01694e-05
5.01693e-05
5.01691e-05
5.01689e-05
5.01688e-05
5.01686e-05
5.01684e-05
5.01682e-05
5.01681e-05
5.01679e-05
5.01677e-05
5.01676e-05
5.01674e-05
5.01672e-05
5.01671e-05
5.01669e-05
5.01667e-05
5.01666e-05
5.01664e-05
5.01662e-05
5.01661e-05
5.01659e-05
5.01657e-05
5.01656e-05
5.01654e-05
5.01652e-05
5.01651e-05
5.01649e-05
5.01647e-05
5.01646e-05
5.01644e-05
5.01642e-05
5.01641e-05
5.01639e-05
5.01637e-05
5.01636e-05
5.01634e-05
5.01632e-05
5.01631e-05
5.01629e-05
5.01627e-05
5.01626e-05
5.01624e-05
5.01622e-05
5.01621e-05
5.01619e-05
5.01618e-05
5.01616e-05
5.01614e-05
5.01613e-05
5.01611e-05
5.01609e-05
5.01608e-05
5.01606e-05
5.01605e-05
5.01603e-05
5.01601e-05
5.016e-05
5.01598e-05
5.01596e-05
5.01595e-05
5.01593e-05
5.01592e-05
5.0159e-05
5.01588e-05
5.01587e-05
5.01585e-05
5.01584e-05
5.01582e-05
5.0158e-05
5.01579e-05
5.01577e-05
5.01576e-05
5.01574e-05
5.01572e-05
5.01571e-05
5.01569e-05
5.01568e-05
5.01566e-05
5.01565e-05
5.01563e-05
5.01561e-05
5.0156e-05
5.01558e-05
5.01557e-05
5.01555e-05
5.01554e-05
5.01552e-05
5.0155e-05
5.01549e-05
5.01547e-05
5.01546e-05
5.01544e-05
5.01543e-05
5.01541e-05
5.0154e-05
5.01538e-05
5.01536e-05
5.01535e-05
5.01533e-05
5.01532e-05
5.0153e-05
5.01529e-05
5.01527e-05
5.01526e-05
5.01524e-05
5.01523e-05
5.01521e-05
5.0152e-05
5.01518e-05
5.01516e-05
5.01515e-05
5.01513e-05
5.01512e-05
5.0151e-05
5.01509e-05
5.01507e-05
5.01506e-05
5.01504e-05
5.01503e-05
5.01501e-05
5.015e-05
5.01498e-05
5.01497e-05
5.01495e-05
5.01494e-05
5.01492e-05
5.01491e-05
5.01489e-05
5.01488e-05
5.01486e-05
5.01485e-05
5.01483e-05
5.01482e-05
5.0148e-05
5.01479e-05
5.01477e-05
5.01476e-05
5.01474e-05
5.01473e-05
5.01471e-05
5.0147e-05
5.01468e-05
5.01467e-05
5.01465e-05
5.01464e-05
5.01462e-05
5.01461e-05
5.01459e-05
5.01458e-05
5.01457e-05
5.01455e-05
5.01454e-05
5.01452e-05
5.01451e-05
5.01449e-05
5.01448e-05
5.01446e-05
5.01445e-05
5.01443e-05
5.01442e-05
5.0144e-05
5.01439e-05
5.01438e-05
5.01436e-05
5.01435e-05
5.01433e-05
5.01432e-05
5.0143e-05
5.01429e-05
5.01427e-05
5.01426e-05
5.01425e-05
5.01423e-05
5.01422e-05
5.0142e-05
5.01419e-05
5.01417e-05
5.01416e-05
5.01415e-05
5.01413e-05
5.01412e-05
5.0141e-05
5.01409e-05
5.01407e-05
5.01406e-05
5.01405e-05
5.01403e-05
5.01402e-05
5.014e-05
5.01399e-05
5.01398e-05
5.01396e-05
5.01395e-05
5.01393e-05
5.01392e-05
5.01391e-05
5.01389e-05
5.01388e-05
5.01386e-05
5.01385e-05
5.01384e-05
5.01382e-05
5.01381e-05
5.01379e-05
5.01378e-05
5.01377e-05
5.01375e-05
5.01374e-05
5.01372e-05
5.01371e-05
5.0137e-05
5.01368e-05
5.01367e-05
5.01366e-05
5.01364e-05
5.01363e-05
5.01361e-05
5.0136e-05
5.01359e-05
5.01357e-05
5.01356e-05
5.01355e-05
5.01353e-05
5.01352e-05
5.01351e-05
5.01349e-05
5.01348e-05
5.01346e-05
5.01345e-05
5.01344e-05
5.01342e-05
5.01341e-05
5.0134e-05
5.01338e-05
5.01337e-05
5.01336e-05
5.01334e-05
5.01333e-05
5.01332e-05
5.0133e-05
5.01329e-05
5.01328e-05
5.01326e-05
5.01325e-05
5.01324e-05
5.01322e-05
5.01321e-05
5.0132e-05
5.01318e-05
5.01317e-05
5.01316e-05
5.01314e-05
5.01313e-05
5.01312e-05
5.0131e-05
5.01309e-05
5.01308e-05
5.01306e-05
5.01305e-05
5.01304e-05
5.01302e-05
5.01301e-05
5.013e-05
5.01299e-05
5.01297e-05
5.01296e-05
5.01295e-05
5.01293e-05
5.01292e-05
5.01291e-05
5.01289e-05
5.01288e-05
5.01287e-05
5.01286e-05
5.01284e-05
5.01283e-05
5.01282e-05
5.0128e-05
5.01279e-05
5.01278e-05
5.01277e-05
5.01275e-05
5.01274e-05
5.01273e-05
5.01271e-05
5.0127e-05
5.01269e-05
5.01268e-05
5.01266e-05
5.01265e-05
5.01264e-05
5.01262e-05
5.01261e-05
5.0126e-05
5.01259e-05
5.01257e-05
5.01256e-05
5.01255e-05
5.01254e-05
5.01252e-05
5.01251e-05
5.0125e-05
5.01249e-05
5.01247e-05
5.01246e-05
5.01245e-05
5.01244e-05
5.01242e-05
5.01241e-05
5.0124e-05
5.01239e-05
5.01237e-05
5.01236e-05
5.01235e-05
5.01234e-05
5.01232e-05
5.01231e-05
5.0123e-05
5.01229e-05
5.01227e-05
5.01226e-05
5.01225e-05
5.01224e-05
5.01222e-05
5.01221e-05
5.0122e-05
5.01219e-05
5.01218e-05
5.01216e-05
5.01215e-05
5.01214e-05
5.01213e-05
5.01211e-05
5.0121e-05
5.01209e-05
5.01208e-05
5.01207e-05
5.01205e-05
5.01204e-05
5.01203e-05
5.01202e-05
5.01201e-05
5.01199e-05
5.01198e-05
5.01197e-05
5.01196e-05
5.01195e-05
5.01193e-05
5.01192e-05
5.01191e-05
5.0119e-05
5.01189e-05
5.01187e-05
5.01186e-05
5.01185e-05
5.01184e-05
5.01183e-05
5.01181e-05
5.0118e-05
5.01179e-05
5.01178e-05
5.01177e-05
5.01175e-05
5.01174e-05
5.01173e-05
5.01172e-05
5.01171e-05
5.0117e-05
5.01168e-05
5.01167e-05
5.01166e-05
5.01165e-05
5.01164e-05
5.01163e-05
5.01161e-05
5.0116e-05
5.01159e-05
5.01158e-05
5.01157e-05
5.01156e-05
5.01154e-05
5.01153e-05
5.01152e-05
5.01151e-05
5.0115e-05
5.01149e-05
5.01147e-05
5.01146e-05
5.01145e-05
5.01144e-05
5.01143e-05
5.01142e-05
5.01141e-05
5.01139e-05
5.01138e-05
5.01137e-05
5.01136e-05
5.01135e-05
5.01134e-05
5.01133e-05
5.01131e-05
5.0113e-05
5.01129e-05
5.01128e-05
5.01127e-05
5.01126e-05
5.01125e-05
5.01124e-05
5.01122e-05
5.01121e-05
5.0112e-05
5.01119e-05
5.01118e-05
5.01117e-05
5.01116e-05
5.01115e-05
5.01113e-05
5.01112e-05
5.01111e-05
5.0111e-05
5.01109e-05
5.01108e-05
5.01107e-05
5.01106e-05
5.01104e-05
5.01103e-05
5.01102e-05
5.01101e-05
5.011e-05
5.01099e-05
5.01098e-05
5.01097e-05
5.01096e-05
5.01095e-05
5.01093e-05
5.01092e-05
5.01091e-05
5.0109e-05
5.01089e-05
5.01088e-05
5.01087e-05
5.01086e-05
5.01085e-05
5.01084e-05
5.01083e-05
5.01081e-05
5.0108e-05
5.01079e-05
5.01078e-05
5.01077e-05
5.01076e-05
5.01075e-05
5.01074e-05
5.01073e-05
5.01072e-05
5.01071e-05
5.0107e-05
5.01068e-05
5.01067e-05
5.01066e-05
5.01065e-05
5.01064e-05
5.01063e-05
5.01062e-05
5.01061e-05
5.0106e-05
5.01059e-05
5.01058e-05
5.01057e-05
5.01056e-05
5.01055e-05
5.01054e-05
5.01053e-05
5.01051e-05
5.0105e-05
5.01049e-05
5.01048e-05
5.01047e-05
5.01046e-05
5.01045e-05
5.01044e-05
5.01043e-05
5.01042e-05
5.01041e-05
5.0104e-05
5.01039e-05
5.01038e-05
5.01037e-05
5.01036e-05
5.01035e-05
5.01034e-05
5.01033e-05
5.01032e-05
5.01031e-05
5.0103e-05
5.01028e-05
5.01027e-05
5.01026e-05
5.01025e-05
5.01024e-05
5.01023e-05
5.01022e-05
5.01021e-05
5.0102e-05
5.01019e-05
5.01018e-05
5.01017e-05
5.01016e-05
5.01015e-05
5.01014e-05
5.01013e-05
5.01012e-05
5.01011e-05
5.0101e-05
5.01009e-05
5.01008e-05
5.01007e-05
5.01006e-05
5.01005e-05
5.01004e-05
5.01003e-05
5.01002e-05
5.01001e-05
5.01e-05
5.00999e-05
5.00998e-05
5.00997e-05
5.00996e-05
5.00995e-05
5.00994e-05
5.00993e-05
5.00992e-05
5.00991e-05
5.0099e-05
5.00989e-05
5.00988e-05
5.00987e-05
5.00986e-05
5.00985e-05
5.00984e-05
5.00983e-05
5.00982e-05
5.00981e-05
5.0098e-05
5.00979e-05
5.00978e-05
5.00977e-05
5.00976e-05
5.00975e-05
5.00974e-05
5.00973e-05
5.00972e-05
5.00971e-05
5.0097e-05
5.00969e-05
5.00968e-05
5.00967e-05
5.00966e-05
5.00965e-05
5.00964e-05
5.00964e-05
5.00963e-05
5.00962e-05
5.00961e-05
5.0096e-05
5.00959e-05
5.00958e-05
5.00957e-05
5.00956e-05
5.00955e-05
5.00954e-05
5.00953e-05
5.00952e-05
5.00951e-05
5.0095e-05
5.00949e-05
5.00948e-05
5.00947e-05
5.00946e-05
5.00945e-05
5.00944e-05
5.00943e-05
5.00942e-05
5.00942e-05
5.00941e-05
5.0094e-05
5.00939e-05
5.00938e-05
5.00937e-05
5.00936e-05
5.00935e-05

