5e-05
5e-05
5e-05
5e-05
5e-05
5e-05
5e-05
5e-05
5e-05
5e-05
5e-05
5e-05
5e-05
5e-05
5e-05
5e-05
5e-05
5e-05
5e-05
5e-05
5e-05
5e-05
5e-05
5e-05
5e-05
5e-05
5e-05
5e-05
5e-05
5e-05
5e-05
5e-05
5e-05
5e-05
5e-05
5e-05
5e-05
5e-05
5e-05
5e-05
5e-05
5e-05
5e-05
5e-05
5e-05
5e-05
5e-05
5e-05
5e-05
5e-05
5e-05
5e-05
5e-05
5e-05
5e-05
5e-05
5e-05
5e-05
5e-05
5e-05
5e-05
5e-05
5e-05
5e-05
5e-05
5e-05
5e-05
5e-05
5e-05
5e-05
5e-05
5e-05
5e-05
5e-05
5e-05
5e-05
5e-05
5e-05
5e-05
5e-05
5e-05
5e-05
5e-05
5e-05
5e-05
5e-05
5e-05
5e-05
5e-05
5e-05
5e-05
5e-05
5e-05
5e-05
5e-05
5e-05
5e-05
5e-05
5e-05
5e-05
5e-05
5e-05
5e-05
5e-05
5e-05
5e-05
5e-05
5e-05
5e-05
5e-05
5e-05
5e-05
5e-05
5e-05
5e-05
5e-05
5e-05
5e-05
5e-05
5e-05
5e-05
5e-05
5e-05
5e-05
5e-05
5e-05
5e-05
5e-05
5e-05
5e-05
5e-05
5e-05
5e-05
5e-05
5e-05
5e-05
5e-05
5e-05
5e-05
5e-05
5e-05
5e-05
5e-05
5e-05
5e-05
5e-05
5e-05
5e-05
5e-05
5e-05
5e-05
5e-05
5e-05
5e-05
5e-05
5e-05
5e-05
5e-05
5e-05
5e-05
5e-05
5e-05
5e-05
5e-05
5e-05
5e-05
5e-05
5e-05
5e-05
5e-05
5e-05
5e-05
5e-05
5e-05
5e-05
5e-05
5e-05
5e-05
5e-05
5e-05
5e-05
5e-05
5e-05
5e-05
5e-05
5e-05
5e-05
5e-05
5e-05
5e-05
5e-05
5e-05
5e-05
5e-05
5e-05
5e-05
5e-05
5e-05
5e-05
5e-05
5e-05
5e-05
5e-05
5e-05
5e-05
5e-05
5e-05
5e-05
5e-05
5e-05
5e-05
5e-05
5e-05
5e-05
5e-05
5e-05
5e-05
5e-05
5e-05
5e-05
5e-05
5e-05
5e-05
5e-05
5e-05
5e-05
5e-05
5e-05
5e-05
5e-05
5e-05
5e-05
5e-05
5e-05
5e-05
5e-05
5e-05
5e-05
5e-05
5e-05
5e-05
5e-05
5e-05
5e-05
5e-05
5e-05
5e-05
5e-05
5e-05
5e-05
5e-05
5e-05
5e-05
5e-05
5e-05
5e-05
5e-05
5e-05
5e-05
5e-05
5e-05
5e-05
5e-05
5e-05
5e-05
5e-05
5e-05
5e-05
5e-05
5e-05
5e-05
5e-05
5e-05
5e-05
5e-05
5e-05
5e-05
5e-05
5e-05
5e-05
5e-05
5e-05
5e-05
5e-05
5e-05
5e-05
5e-05
5e-05
5e-05
5e-05
5e-05
5e-05
5e-05
5e-05
5e-05
5e-05
5e-05
5e-05
5e-05
5e-05
5e-05
5e-05
5e-05
5e-05
5e-05
5e-05
5e-05
5e-05
5e-05
5e-05
5e-05
5e-05
5e-05
5e-05
5e-05
5e-05
5e-05
5e-05
5e-05
5e-05
5e-05
5e-05
5e-05
5e-05
5e-05
5e-05
5e-05
5e-05
5e-05
5e-05
5e-05
5e-05
5e-05
5e-05
5e-05
5e-05
5e-05
5e-05
5e-05
5e-05
5e-05
5e-05
5e-05
5e-05
5e-05
5e-05
5e-05
5e-05
5e-05
5e-05
5e-05
5e-05
5e-05
5e-05
5e-05
5e-05
5e-05
5e-05
5e-05
5e-05
5e-05
5e-05
5e-05
5e-05
5e-05
5e-05
5e-05
5e-05
5e-05
5e-05
5e-05
5e-05
5e-05
5e-05
5e-05
5e-05
5e-05
5e-05
5e-05
5e-05
5e-05
5e-05
5e-05
5e-05
5e-05
5e-05
5e-05
5e-05
5e-05
5e-05
5e-05
5e-05
5e-05
5e-05
5e-05
5e-05
5e-05
5e-05
5e-05
5e-05
5e-05
5e-05
5e-05
5e-05
5e-05
5e-05
5e-05
5e-05
5e-05
5e-05
5e-05
5e-05
5e-05
5e-05
5e-05
5e-05
5e-05
5e-05
5e-05
5e-05
5e-05
5e-05
5e-05
5e-05
5e-05
5e-05
5e-05
5e-05
5e-05
5e-05
5e-05
5e-05
5e-05
5e-05
5e-05
5e-05
5e-05
5e-05
5e-05
5e-05
5e-05
5e-05
5e-05
5e-05
5e-05
5e-05
5e-05
5e-05
5e-05
5e-05
5e-05
5e-05
5e-05
5e-05
5e-05
5e-05
5e-05
5e-05
5e-05
5e-05
5e-05
5e-05
5e-05
5e-05
5e-05
5e-05
5e-05
5e-05
5e-05
5e-05
5e-05
5e-05
5e-05
5e-05
5e-05
5e-05
5e-05
5e-05
5e-05
5e-05
5e-05
5e-05
5e-05
5e-05
5e-05
5e-05
5e-05
5e-05
5e-05
5e-05
5e-05
5e-05
5e-05
5e-05
5e-05
5e-05
5e-05
5e-05
5e-05
5e-05
5e-05
5e-05
5e-05
5e-05
5e-05
5e-05
5e-05
5e-05
5e-05
5e-05
5e-05
5e-05
5e-05
5e-05
5e-05
5e-05
5e-05
5e-05
5e-05
5e-05
5e-05
5e-05
5e-05
5e-05
5e-05
5e-05
5e-05
5e-05
5e-05
5e-05
5e-05
5e-05
5e-05
5e-05
5e-05
5e-05
5e-05
5e-05
5e-05
5e-05
5e-05
5e-05
5e-05
5e-05
5e-05
5e-05
5e-05
5e-05
5e-05
5e-05
5e-05
5e-05
5e-05
5e-05
5e-05
5e-05
5e-05
5e-05
5e-05
5e-05
5e-05
5e-05
5e-05
5e-05
5e-05
5e-05
5e-05
5e-05
5e-05
5e-05
5e-05
5e-05
5e-05
5e-05
5e-05
5e-05
5e-05
5e-05
5e-05
5e-05
5e-05
5e-05
5e-05
5e-05
5e-05
5e-05
5e-05
5e-05
5e-05
5e-05
5e-05
5e-05
5e-05
5e-05
5e-05
5e-05
5e-05
5e-05
5e-05
5e-05
5e-05
5e-05
5e-05
5e-05
5e-05
5e-05
5e-05
5e-05
5e-05
5e-05
5e-05
5e-05
5e-05
5e-05
5e-05
5e-05
5e-05
5e-05
5e-05
5e-05
5e-05
5e-05
5e-05
5e-05
5e-05
5e-05
5e-05
5e-05
5e-05
5e-05
5e-05
5e-05
5e-05
5e-05
5e-05
5e-05
5e-05
5e-05
5e-05
5e-05
5e-05
5e-05
5e-05
5e-05
5e-05
5e-05
5e-05
5e-05
5e-05
5e-05
5e-05
5e-05
5e-05
5e-05
5e-05
5e-05
5e-05
5e-05
5e-05
5e-05
5e-05
5e-05
5e-05
5e-05
5e-05
5e-05
5e-05
5e-05
5e-05
5e-05
5e-05
5e-05
5e-05
5e-05
5e-05
5e-05
5e-05
5e-05
5e-05
5e-05
5e-05
5e-05
5e-05
5e-05
5e-05
5e-05
5e-05
5e-05
5e-05
5e-05
5e-05
5e-05
5e-05
5e-05
5e-05
5e-05
5e-05
5e-05
5e-05
5e-05
5e-05
5e-05
5e-05
5e-05
5e-05
5e-05
5e-05
5e-05
5e-05
5e-05
5e-05
5e-05
5e-05
5e-05
5e-05
5e-05
5e-05
5e-05
5e-05
5e-05
5e-05
5e-05
5e-05
5e-05
5e-05
5e-05
5e-05
5e-05
5e-05
5e-05
5e-05
5e-05
5e-05
5e-05
5e-05
5e-05
5e-05
5e-05
5e-05
5e-05
5e-05
5e-05
5e-05
5e-05
5e-05
5e-05
5e-05
5e-05
5e-05
5e-05
5e-05
5e-05
5e-05
5e-05
5e-05
5e-05
5e-05
5e-05
5e-05
5e-05
5e-05
5e-05
5e-05
5e-05
5e-05
5e-05
5e-05
5e-05
5e-05
5e-05
5e-05
5e-05
5e-05
5e-05
5e-05
5e-05
5e-05
5e-05
5e-05
5e-05
5e-05
5e-05
5e-05
5e-05
5e-05
5e-05
5e-05
5e-05
5e-05
5e-05
5e-05
5e-05
5e-05
5e-05
5e-05
5e-05
5e-05
5e-05
5e-05
5e-05
5e-05
5.00034e-05
5.00227e-05
5.00747e-05
5.01757e-05
5.03389e-05
5.05737e-05
5.08859e-05
5.12782e-05
5.17511e-05
5.23036e-05
5.29338e-05
5.3639e-05
5.44166e-05
5.52636e-05
5.61773e-05
5.7155e-05
5.81943e-05
5.9293e-05
6.04488e-05
6.16598e-05
6.29244e-05
6.42409e-05
6.56078e-05
6.70238e-05
6.84874e-05
6.99976e-05
7.15532e-05
7.31532e-05
7.47965e-05
7.64821e-05
7.82091e-05
7.99767e-05
8.1784e-05
8.36301e-05
8.55142e-05
8.74356e-05
8.93935e-05
9.13871e-05
9.34157e-05
9.54786e-05
9.75751e-05
9.97045e-05
0.000101866
0.000104059
0.000106284
0.000108538
0.000110823
0.000113136
0.000115478
0.000117847
0.000120245
0.000122669
0.000125119
0.000127594
0.000130095
0.000132621
0.000135171
0.000137744
0.000140341
0.00014296
0.000145601
0.000148264
0.000150948
0.000153653
0.000156378
0.000159123
0.000161888
0.000164671
0.000167473
0.000170294
0.000173132
0.000175987
0.00017886
0.000181749
0.000184655
0.000187576
0.000190513
0.000193465
0.000196432
0.000199414
0.000202406
0.000205396
0.000208367
0.000211303
0.000214188
0.000217015
0.000219777
0.00022247
0.000225095
0.000227651
0.00023014
0.000232565
0.000234928
0.000237232
0.000239479
0.000241672
0.000243812
0.000245902
0.000247944
0.000249939
0.000251889
0.000253796
0.00025566
0.000257482
0.000259264
0.000261007
0.000262711
0.000264378
0.000266008
0.000267603
0.000269162
0.000270686
0.000272177
0.000273634
0.000275059
0.000276451
0.000277813
0.000279143
0.000280443
0.000281714
0.000282955
0.000284167
0.000285352
0.000286508
0.000287638
0.00028874
0.000289817
0.000290867
0.000291892
0.000292893
0.000293869
0.00029482
0.000295749
0.000296653
0.000297536
0.000298395
0.000299233
0.000300049
0.000300844
0.000301618
0.000302371
0.000303104
0.000303818
0.000304512
0.000305186
0.000305842
0.00030648
0.000307099
0.000307701
0.000308285
0.000308851
0.000309401
0.000309934
0.000310451
0.000310952
0.000311437
0.000311906
0.000312361
0.0003128
0.000313225
0.000313635
0.000314031
0.000314413
0.000314781
0.000315136
0.000315478
0.000315806
0.000316122
0.000316425
0.000316716
0.000316995
0.000317262
0.000317518
0.000317761
0.000317994
0.000318215
0.000318426
0.000318626
0.000318815
0.000318994
0.000319163
0.000319322
0.000319471
0.00031961
0.00031974
0.000319861
0.000319972
0.000320075
0.000320169
0.000320254
0.00032033
0.000320399
0.000320459
0.000320511
0.000320555
0.000320591
0.00032062
0.000320641
0.000320655
0.000320662
0.000320661
0.000320654
0.00032064
0.000320619
0.000320591
0.000320557
0.000320517
0.00032047
0.000320417
0.000320358
0.000320293
0.000320223
0.000320146
0.000320064
0.000319977
0.000319884
0.000319786
0.000319682
0.000319574
0.00031946
0.000319342
0.000319219
0.000319091
0.000318958
0.000318821
0.000318679
0.000318533
0.000318382
0.000318228
0.000318069
0.000317906
0.000317739
0.000317568
0.000317393
0.000317214
0.000317032
0.000316846
0.000316656
0.000316463
0.000316267
0.000316067
0.000315864
0.000315657
0.000315448
0.000315235
0.000315019
0.0003148
0.000314578
0.000314354
0.000314126
0.000313896
0.000313663
0.000313427
0.000313189
0.000312948
0.000312705
0.000312459
0.000312211
0.00031196
0.000311707
0.000311452
0.000311195
0.000310935
0.000310674
0.00031041
0.000310144
0.000309876
0.000309607
0.000309335
0.000309061
0.000308786
0.000308509
0.00030823
0.000307949
0.000307667
0.000307383
0.000307097
0.00030681
0.000306522
0.000306232
0.00030594
0.000305647
0.000305352
0.000305057
0.000304759
0.000304461
0.000304161
0.00030386
0.000303558
0.000303255
0.00030295
0.000302644
0.000302338
0.00030203
0.000301721
0.000301411
0.0003011
0.000300788
0.000300475
0.000300162
0.000299847
0.000299531
0.000299215
0.000298898
0.00029858
0.000298261
0.000297942
0.000297621
0.000297301
0.000296979
0.000296657
0.000296334
0.00029601
0.000295686
0.000295361
0.000295036
0.00029471
0.000294384
0.000294057
0.000293729
0.000293401
0.000293073
0.000292744
0.000292415
0.000292085
0.000291755
0.000291425
0.000291094
0.000290763
0.000290431
0.000290099
0.000289767
0.000289435
0.000289102
0.000288769
0.000288436
0.000288103
0.000287769
0.000287435
0.000287101
0.000286767
0.000286432
0.000286098
0.000285763
0.000285428
0.000285093
0.000284758
0.000284423
0.000284088
0.000283752
0.000283417
0.000283081
0.000282746
0.00028241
0.000282075
0.000281739
0.000281403
0.000281068
0.000280732
0.000280396
0.000280061
0.000279725
0.00027939
0.000279054
0.000278719
0.000278384
0.000278048
0.000277713
0.000277378
0.000277043
0.000276708
0.000276374
0.000276039
0.000275705
0.00027537
0.000275036
0.000274702
0.000274368
0.000274034
0.000273701
0.000273367
0.000273034
0.000272701
0.000272368
0.000272036
0.000271703
0.000271371
0.000271039
0.000270708
0.000270376
0.000270045
0.000269714
0.000269383
0.000269052
0.000268722
0.000268392
0.000268062
0.000267733
0.000267404
0.000267075
0.000266746
0.000266418
0.00026609
0.000265762
0.000265434
0.000265107
0.00026478
0.000264454
0.000264127
0.000263801
0.000263476
0.00026315
0.000262825
0.000262501
0.000262177
0.000261853
0.000261529
0.000261206
0.000260883
0.00026056
0.000260238
0.000259916
0.000259595
0.000259273
0.000258953
0.000258632
0.000258312
0.000257992
0.000257673
0.000257354
0.000257036
0.000256718
0.0002564
0.000256082
0.000255765
0.000255449
0.000255133
0.000254817
0.000254501
0.000254186
0.000253872
0.000253558
0.000253244
0.00025293
0.000252617
0.000252305
0.000251993
0.000251681
0.00025137
0.000251059
0.000250748
0.000250438
0.000250128
0.000249819
0.00024951
0.000249202
0.000248894
0.000248587
0.000248279
0.000247973
0.000247667
0.000247361
0.000247055
0.00024675
0.000246446
0.000246142
0.000245838
0.000245535
0.000245232
0.00024493
0.000244628
0.000244327
0.000244026
0.000243725
0.000243425
0.000243126
0.000242826
0.000242528
0.000242229
0.000241931
0.000241634
0.000241337
0.000241041
0.000240745
0.000240449
0.000240154
0.000239859
0.000239565
0.000239271
0.000238978
0.000238685
0.000238392
0.000238101
0.000237809
0.000237518
0.000237227
0.000236937
0.000236648
0.000236358
0.00023607
0.000235781
0.000235493
0.000235206
0.000234919
0.000234632
0.000234346
0.000234061
0.000233776
0.000233491
0.000233207
0.000232923
0.00023264
0.000232357
0.000232075
0.000231793
0.000231511
0.00023123
0.00023095
0.00023067
0.00023039
0.000230111
0.000229832
0.000229554
0.000229276
0.000228999
0.000228722
0.000228446
0.00022817
0.000227894
0.000227619
0.000227344
0.00022707
0.000226797
0.000226523
0.000226251
0.000225978
0.000225706
0.000225435
0.000225164
0.000224894
0.000224624
0.000224354
0.000224085
0.000223816
0.000223548
0.00022328
0.000223013
0.000222746
0.00022248
0.000222214
0.000221948
0.000221683
0.000221418
0.000221154
0.000220891
0.000220627
0.000220364
0.000220102
0.00021984
0.000219579
0.000219318
0.000219057
0.000218797
0.000218537
0.000218278
0.000218019
0.000217761
0.000217503
0.000217245
0.000216988
0.000216732
0.000216476
0.00021622
0.000215965
0.00021571
0.000215455
0.000215201
0.000214948
0.000214695
0.000214442
0.00021419
0.000213938
0.000213687
0.000213436
0.000213185
0.000212935
0.000212686
0.000212437
0.000212188
0.00021194
0.000211692
0.000211444
0.000211197
0.000210951
0.000210704
0.000210459
0.000210213
0.000209969
0.000209724
0.00020948
0.000209236
0.000208993
0.000208751
0.000208508
0.000208266
0.000208025
0.000207784
0.000207543
0.000207303
0.000207063
0.000206824
0.000206585
0.000206346
0.000206108
0.00020587
0.000205633
0.000205396
0.00020516
0.000204924
0.000204688
0.000204453
0.000204218
0.000203983
0.000203749
0.000203516
0.000203283
0.00020305
0.000202817
0.000202585
0.000202354
0.000202123
0.000201892
0.000201662
0.000201432
0.000201202
0.000200973
0.000200744
0.000200516
0.000200288
0.00020006
0.000199833
0.000199607
0.00019938
0.000199154
0.000198929
0.000198704
0.000198479
0.000198254
0.00019803
0.000197807
0.000197584
0.000197361
0.000197138
0.000196916
0.000196695
0.000196474
0.000196253
0.000196032
0.000195812
0.000195592
0.000195373
0.000195154
0.000194936
0.000194718
0.0001945
0.000194282
0.000194065
0.000193849
0.000193632
0.000193417
0.000193201
0.000192986
0.000192771
0.000192557
0.000192343
0.000192129
0.000191916
0.000191703
0.000191491
0.000191279
0.000191067
0.000190855
0.000190644
0.000190434
0.000190223
0.000190014
0.000189804
0.000189595
0.000189386
0.000189178
0.000188969
0.000188762
0.000188554
0.000188347
0.000188141
0.000187934
0.000187729
0.000187523
0.000187318
0.000187113
0.000186908
0.000186704
0.000186501
0.000186297
0.000186094
0.000185891
0.000185689
0.000185487
0.000185285
0.000185084
0.000184883
0.000184683
0.000184482
0.000184283
0.000184083
0.000183884
0.000183685
0.000183486
0.000183288
0.00018309
0.000182893
0.000182696
0.000182499
0.000182303
0.000182107
0.000181911
0.000181715
0.00018152
0.000181326
0.000181131
0.000180937
0.000180743
0.00018055
0.000180357
0.000180164
0.000179972
0.00017978
0.000179588
0.000179397
0.000179206
0.000179015
0.000178824
0.000178634
0.000178445
0.000178255
0.000178066
0.000177877
0.000177689
0.000177501
0.000177313
0.000177126
0.000176938
0.000176752
0.000176565
0.000176379
0.000176193
0.000176008
0.000175822
0.000175638
0.000175453
0.000175269
0.000175085
0.000174901
0.000174718
0.000174535
0.000174352
0.00017417
0.000173988
0.000173806
0.000173625
0.000173444
0.000173263
0.000173082
0.000172902
0.000172722
0.000172543
0.000172363
0.000172185
0.000172006
0.000171828
0.00017165
0.000171472
0.000171294
0.000171117
0.000170941
0.000170764
0.000170588
0.000170412
0.000170236
0.000170061
0.000169886
0.000169711
0.000169537
0.000169363
0.000169189
0.000169016
0.000168842
0.000168669
0.000168497
0.000168325
0.000168153
0.000167981
0.000167809
0.000167638
0.000167467
0.000167297
0.000167126
0.000166956
0.000166787
0.000166617
0.000166448
0.000166279
0.000166111
0.000165943
0.000165775
0.000165607
0.00016544
0.000165272
0.000165106
0.000164939
0.000164773
0.000164607
0.000164441
0.000164276
0.00016411
0.000163946
0.000163781
0.000163617
0.000163453
0.000163289
0.000163125
0.000162962
0.000162799
0.000162637
0.000162474
0.000162312
0.00016215
0.000161989
0.000161827
0.000161666
0.000161506
0.000161345
0.000161185
0.000161025
0.000160865
0.000160706
0.000160547
0.000160388
0.000160229
0.000160071
0.000159913
0.000159755
0.000159598
0.00015944
0.000159283
0.000159126
0.00015897
0.000158814
0.000158658
0.000158502
0.000158347
0.000158192
0.000158037
0.000157882
0.000157728
0.000157573
0.000157419
0.000157266
0.000157112
0.000156959
0.000156807
0.000156654
0.000156502
0.000156349
0.000156198
0.000156046
0.000155895
0.000155744
0.000155593
0.000155442
0.000155292
0.000155142
0.000154992
0.000154842
0.000154693
0.000154544
0.000154395
0.000154246
0.000154098
0.00015395
0.000153802
0.000153655
0.000153507
0.00015336
0.000153213
0.000153067
0.00015292
0.000152774
0.000152628
0.000152482
0.000152337
0.000152192
0.000152047
0.000151902
0.000151758
0.000151613
0.000151469
0.000151326
0.000151182
0.000151039
0.000150896
0.000150753
0.00015061
0.000150468
0.000150326
0.000150184
0.000150042
0.000149901
0.00014976
0.000149619
0.000149478
0.000149338
0.000149197
0.000149057
0.000148918
0.000148778
0.000148639
0.0001485
0.000148361
0.000148222
0.000148084
0.000147945
0.000147808
0.00014767
0.000147532
0.000147395
0.000147258
0.000147121
0.000146984
0.000146848
0.000146712
0.000146576
0.00014644
0.000146305
0.000146169
0.000146034
0.000145899
0.000145765
0.00014563
0.000145496
0.000145362
0.000145228
0.000145095
0.000144962
0.000144828
0.000144696
0.000144563
0.00014443
0.000144298
0.000144166
0.000144034
0.000143903
0.000143771
0.00014364
0.000143509
0.000143378
0.000143248
0.000143117
0.000142987
0.000142857
0.000142728
0.000142598
0.000142469
0.00014234
0.000142211
0.000142082
0.000141954
0.000141826
0.000141698
0.00014157
0.000141442
0.000141315
0.000141188
0.000141061
0.000140934
0.000140807
0.000140681
0.000140555
0.000140429
0.000140303
0.000140177
0.000140052
0.000139927
0.000139802
0.000139677
0.000139552
0.000139428
0.000139304
0.00013918
0.000139056
0.000138932
0.000138809
0.000138686
0.000138563
0.00013844
0.000138317
0.000138195
0.000138073
0.000137951
0.000137829
0.000137707
0.000137586
0.000137464
0.000137343
0.000137223
0.000137102
0.000136981
0.000136861
0.000136741
0.000136621
0.000136501
0.000136382
0.000136263
0.000136143
0.000136025
0.000135906
0.000135787
0.000135669
0.000135551
0.000135433
0.000135315
0.000135197
0.00013508
0.000134962
0.000134845
0.000134728
0.000134612
0.000134495
0.000134379
0.000134263
0.000134147
0.000134031
0.000133915
0.0001338
0.000133685
0.00013357
0.000133455
0.00013334
0.000133226
0.000133111
0.000132997
0.000132883
0.000132769
0.000132656
0.000132542
0.000132429
0.000132316
0.000132203
0.00013209
0.000131978
0.000131865
0.000131753
0.000131641
0.000131529
0.000131418
0.000131306
0.000131195
0.000131084
0.000130973
0.000130862
0.000130751
0.000130641
0.000130531
0.000130421
0.000130311
0.000130201
0.000130091
0.000129982
0.000129873
0.000129764
0.000129655
0.000129546
0.000129437
0.000129329
0.000129221
0.000129113
0.000129005
0.000128897
0.000128789
0.000128682
0.000128575
0.000128468
0.000128361
0.000128254
0.000128148
0.000128041
0.000127935
0.000127829
0.000127723
0.000127617
0.000127512
0.000127406
0.000127301
0.000127196
0.000127091
0.000126986
0.000126882
0.000126777
0.000126673
0.000126569
0.000126465
0.000126361
0.000126258
0.000126154
0.000126051
0.000125948
0.000125845
0.000125742
0.000125639
0.000125537
0.000125435
0.000125332
0.00012523
0.000125128
0.000125027
0.000124925
0.000124824
0.000124723
0.000124621
0.000124521
0.00012442
0.000124319
0.000124219
0.000124118
0.000124018
0.000123918
0.000123818
0.000123719
0.000123619
0.00012352
0.00012342
0.000123321
0.000123222
0.000123124
0.000123025
0.000122927
0.000122828
0.00012273
0.000122632
0.000122534
0.000122436
0.000122339
0.000122241
0.000122144
0.000122047
0.00012195
0.000121853
0.000121756
0.00012166
0.000121564
0.000121467
0.000121371
0.000121275
0.000121179
0.000121084
0.000120988
0.000120893
0.000120798
0.000120703
0.000120608
0.000120513
0.000120418
0.000120324
0.000120229
0.000120135
0.000120041
0.000119947
0.000119853
0.00011976
0.000119666
0.000119573
0.00011948
0.000119387
0.000119294
0.000119201
0.000119108
0.000119016
0.000118923
0.000118831
0.000118739
0.000118647
0.000118555
0.000118463
0.000118372
0.00011828
0.000118189
0.000118098
0.000118007
0.000117916
0.000117826
0.000117735
0.000117645
0.000117554
0.000117464
0.000117374
0.000117284
0.000117194
0.000117105
0.000117015
0.000116926
0.000116837
0.000116748
0.000116659
0.00011657
0.000116481
0.000116393
0.000116304
0.000116216
0.000116128
0.00011604
0.000115952
0.000115864
0.000115776
0.000115689
0.000115602
0.000115514
0.000115427
0.00011534
0.000115253
0.000115167
0.00011508
0.000114994
0.000114907
0.000114821
0.000114735
0.000114649
0.000114563
0.000114478
0.000114392
0.000114307
0.000114221
0.000114136
0.000114051
0.000113966
0.000113881
0.000113797
0.000113712
0.000113628
0.000113544
0.000113459
0.000113375
0.000113291
0.000113208
0.000113124
0.00011304
0.000112957
0.000112874
0.000112791
0.000112708
0.000112625
0.000112542
0.000112459
0.000112377
0.000112294
0.000112212
0.00011213
0.000112048
0.000111966
0.000111884
0.000111802
0.000111721
0.000111639
0.000111558
0.000111477
0.000111396
0.000111315
0.000111234
0.000111153
0.000111072
0.000110992
0.000110912
0.000110831
0.000110751
0.000110671
0.000110591
0.000110512
0.000110432
0.000110352
0.000110273
0.000110194
0.000110114
0.000110035
0.000109956
0.000109877
0.000109799
0.00010972
0.000109642
0.000109563
0.000109485
0.000109407
0.000109329
0.000109251
0.000109173
0.000109095
0.000109018
0.00010894
0.000108863
0.000108786
0.000108709
0.000108632
0.000108555
0.000108478
0.000108401
0.000108325
0.000108248
0.000108172
0.000108096
0.00010802
0.000107944
0.000107868
0.000107792
0.000107716
0.000107641
0.000107565
0.00010749
0.000107415
0.00010734
0.000107265
0.00010719
0.000107115
0.00010704
0.000106966
0.000106891
0.000106817
0.000106743
0.000106668
0.000106594
0.00010652
0.000106447
0.000106373
0.000106299
0.000106226
0.000106152
0.000106079
0.000106006
0.000105933
0.00010586
0.000105787
0.000105714
0.000105642
0.000105569
0.000105497
0.000105424
0.000105352
0.00010528
0.000105208
0.000105136
0.000105064
0.000104993
0.000104921
0.00010485
0.000104778
0.000104707
0.000104636
0.000104565
0.000104494
0.000104423
0.000104352
0.000104281
0.000104211
0.00010414
0.00010407
0.000104
0.00010393
0.00010386
0.00010379
0.00010372
0.00010365
0.00010358
0.000103511
0.000103441
0.000103372
0.000103303
0.000103234
0.000103165
0.000103096
0.000103027
0.000102958
0.000102889
0.000102821
0.000102752
0.000102684
0.000102616
0.000102548
0.00010248
0.000102412
0.000102344
0.000102276
0.000102208
0.000102141
0.000102073
0.000102006
0.000101939
0.000101871
0.000101804
0.000101737
0.00010167
0.000101604
0.000101537
0.00010147
0.000101404
0.000101337
0.000101271
0.000101205
0.000101139
0.000101073
0.000101007
0.000100941
0.000100875
0.000100809
0.000100744
0.000100678
0.000100613
0.000100548
0.000100483
0.000100417
0.000100352
0.000100288
0.000100223
0.000100158
0.000100093
0.000100029
9.99644e-05
9.99e-05
9.98358e-05
9.97716e-05
9.97075e-05
9.96435e-05
9.95796e-05
9.95158e-05
9.94521e-05
9.93884e-05
9.93249e-05
9.92615e-05
9.91981e-05
9.91348e-05
9.90716e-05
9.90086e-05
9.89456e-05
9.88826e-05
9.88198e-05
9.87571e-05
9.86945e-05
9.86319e-05
9.85694e-05
9.85071e-05
9.84448e-05
9.83826e-05
9.83205e-05
9.82584e-05
9.81965e-05
9.81347e-05
9.80729e-05
9.80112e-05
9.79496e-05
9.78882e-05
9.78267e-05
9.77654e-05
9.77042e-05
9.7643e-05
9.7582e-05
9.7521e-05
9.74601e-05
9.73993e-05
9.73386e-05
9.7278e-05
9.72174e-05
9.71569e-05
9.70966e-05
9.70363e-05
9.69761e-05
9.6916e-05
9.68559e-05
9.6796e-05
9.67361e-05
9.66763e-05
9.66166e-05
9.6557e-05
9.64975e-05
9.6438e-05
9.63787e-05
9.63194e-05
9.62602e-05
9.62011e-05
9.61421e-05
9.60831e-05
9.60243e-05
9.59655e-05
9.59068e-05
9.58482e-05
9.57897e-05
9.57312e-05
9.56728e-05
9.56146e-05
9.55564e-05
9.54982e-05
9.54402e-05
9.53822e-05
9.53244e-05
9.52666e-05
9.52089e-05
9.51512e-05
9.50937e-05
9.50362e-05
9.49788e-05
9.49215e-05
9.48643e-05
9.48071e-05
9.47501e-05
9.46931e-05
9.46362e-05
9.45793e-05
9.45226e-05
9.44659e-05
9.44093e-05
9.43528e-05
9.42964e-05
9.424e-05
9.41838e-05
9.41276e-05
9.40714e-05
9.40154e-05
9.39594e-05
9.39036e-05
9.38478e-05
9.3792e-05
9.37364e-05
9.36808e-05
9.36253e-05
9.35699e-05
9.35146e-05
9.34593e-05
9.34041e-05
9.3349e-05
9.3294e-05
9.3239e-05
9.31842e-05
9.31294e-05
9.30746e-05
9.302e-05
9.29654e-05
9.29109e-05
9.28565e-05
9.28021e-05
9.27479e-05
9.26937e-05
9.26396e-05
9.25855e-05
9.25316e-05
9.24777e-05
9.24239e-05
9.23701e-05
9.23164e-05
9.22629e-05
9.22093e-05
9.21559e-05
9.21025e-05
9.20492e-05
9.1996e-05
9.19429e-05
9.18898e-05
9.18368e-05
9.17839e-05
9.1731e-05
9.16782e-05
9.16255e-05
9.15729e-05
9.15203e-05
9.14678e-05
9.14154e-05
9.13631e-05
9.13108e-05
9.12586e-05
9.12065e-05
9.11544e-05
9.11024e-05
9.10505e-05
9.09987e-05
9.09469e-05
9.08952e-05
9.08436e-05
9.07921e-05
9.07406e-05
9.06892e-05
9.06378e-05
9.05866e-05
9.05354e-05
9.04842e-05
9.04332e-05
9.03822e-05
9.03313e-05
9.02804e-05
9.02297e-05
9.0179e-05
9.01283e-05
9.00778e-05
9.00273e-05
8.99769e-05
8.99265e-05
8.98762e-05
8.9826e-05
8.97758e-05
8.97258e-05
8.96758e-05
8.96258e-05
8.95759e-05
8.95261e-05
8.94764e-05
8.94267e-05
8.93771e-05
8.93276e-05
8.92782e-05
8.92288e-05
8.91794e-05
8.91302e-05
8.9081e-05
8.90319e-05
8.89828e-05
8.89338e-05
8.88849e-05
8.8836e-05
8.87873e-05
8.87385e-05
8.86899e-05
8.86413e-05
8.85928e-05
8.85443e-05
8.84959e-05
8.84476e-05
8.83994e-05
8.83512e-05
8.83031e-05
8.8255e-05
8.8207e-05
8.81591e-05
8.81112e-05
8.80634e-05
8.80157e-05
8.7968e-05
8.79205e-05
8.78729e-05
8.78255e-05
8.77781e-05
8.77307e-05
8.76834e-05
8.76362e-05
8.75891e-05
8.7542e-05
8.7495e-05
8.7448e-05
8.74012e-05
8.73543e-05
8.73076e-05
8.72609e-05
8.72143e-05
8.71677e-05
8.71212e-05
8.70747e-05
8.70284e-05
8.69821e-05
8.69358e-05
8.68896e-05
8.68435e-05
8.67974e-05
8.67514e-05
8.67055e-05
8.66596e-05
8.66138e-05
8.65681e-05
8.65224e-05
8.64767e-05
8.64312e-05
8.63857e-05
8.63402e-05
8.62949e-05
8.62496e-05
8.62043e-05
8.61591e-05
8.6114e-05
8.60689e-05
8.60239e-05
8.5979e-05
8.59341e-05
8.58892e-05
8.58445e-05
8.57998e-05
8.57551e-05
8.57106e-05
8.5666e-05
8.56216e-05
8.55772e-05
8.55328e-05
8.54886e-05
8.54443e-05
8.54002e-05
8.53561e-05
8.5312e-05
8.5268e-05
8.52241e-05
8.51803e-05
8.51365e-05
8.50927e-05
8.5049e-05
8.50054e-05
8.49618e-05
8.49183e-05
8.48749e-05
8.48315e-05
8.47882e-05
8.47449e-05
8.47017e-05
8.46585e-05
8.46154e-05
8.45724e-05
8.45294e-05
8.44865e-05
8.44436e-05
8.44008e-05
8.43581e-05
8.43154e-05
8.42728e-05
8.42302e-05
8.41877e-05
8.41452e-05
8.41028e-05
8.40604e-05
8.40182e-05
8.39759e-05
8.39338e-05
8.38916e-05
8.38496e-05
8.38076e-05
8.37656e-05
8.37237e-05
8.36819e-05
8.36401e-05
8.35984e-05
8.35567e-05
8.35151e-05
8.34736e-05
8.34321e-05
8.33906e-05
8.33492e-05
8.33079e-05
8.32666e-05
8.32254e-05
8.31842e-05
8.31431e-05
8.31021e-05
8.30611e-05
8.30201e-05
8.29792e-05
8.29384e-05
8.28976e-05
8.28569e-05
8.28162e-05
8.27756e-05
8.27351e-05
8.26946e-05
8.26541e-05
8.26137e-05
8.25734e-05
8.25331e-05
8.24928e-05
8.24527e-05
8.24125e-05
8.23725e-05
8.23324e-05
8.22925e-05
8.22526e-05
8.22127e-05
8.21729e-05
8.21331e-05
8.20934e-05
8.20538e-05
8.20142e-05
8.19747e-05
8.19352e-05
8.18957e-05
8.18563e-05
8.1817e-05
8.17777e-05
8.17385e-05
8.16993e-05
8.16602e-05
8.16212e-05
8.15821e-05
8.15432e-05
8.15043e-05
8.14654e-05
8.14266e-05
8.13879e-05
8.13491e-05
8.13105e-05
8.12719e-05
8.12333e-05
8.11949e-05
8.11564e-05
8.1118e-05
8.10797e-05
8.10414e-05
8.10031e-05
8.09649e-05
8.09268e-05
8.08887e-05
8.08507e-05
8.08127e-05
8.07748e-05
8.07369e-05
8.0699e-05
8.06613e-05
8.06235e-05
8.05858e-05
8.05482e-05
8.05106e-05
8.04731e-05
8.04356e-05
8.03982e-05
8.03608e-05
8.03234e-05
8.02862e-05
8.02489e-05
8.02117e-05
8.01746e-05
8.01375e-05
8.01005e-05
8.00635e-05
8.00265e-05
7.99897e-05
7.99528e-05
7.9916e-05
7.98793e-05
7.98426e-05
7.98059e-05
7.97693e-05
7.97328e-05
7.96963e-05
7.96598e-05
7.96234e-05
7.95871e-05
7.95508e-05
7.95145e-05
7.94783e-05
7.94421e-05
7.9406e-05
7.93699e-05
7.93339e-05
7.92979e-05
7.9262e-05
7.92261e-05
7.91903e-05
7.91545e-05
7.91188e-05
7.90831e-05
7.90475e-05
7.90119e-05
7.89763e-05
7.89408e-05
7.89054e-05
7.887e-05
7.88346e-05
7.87993e-05
7.8764e-05
7.87288e-05
7.86936e-05
7.86585e-05
7.86234e-05
7.85884e-05
7.85534e-05
7.85185e-05
7.84836e-05
7.84487e-05
7.84139e-05
7.83792e-05
7.83445e-05
7.83098e-05
7.82752e-05
7.82406e-05
7.82061e-05
7.81716e-05
7.81372e-05
7.81028e-05
7.80684e-05
7.80341e-05
7.79999e-05
7.79657e-05
7.79315e-05
7.78974e-05
7.78633e-05
7.78293e-05
7.77953e-05
7.77613e-05
7.77274e-05
7.76936e-05
7.76598e-05
7.7626e-05
7.75923e-05
7.75586e-05
7.7525e-05
7.74914e-05
7.74579e-05
7.74244e-05
7.73909e-05
7.73575e-05
7.73242e-05
7.72908e-05
7.72576e-05
7.72243e-05
7.71911e-05
7.7158e-05
7.71249e-05
7.70918e-05
7.70588e-05
7.70258e-05
7.69929e-05
7.696e-05
7.69272e-05
7.68944e-05
7.68616e-05
7.68289e-05
7.67962e-05
7.67636e-05
7.6731e-05
7.66985e-05
7.6666e-05
7.66335e-05
7.66011e-05
7.65687e-05
7.65364e-05
7.65041e-05
7.64719e-05
7.64396e-05
7.64075e-05
7.63754e-05
7.63433e-05
7.63113e-05
7.62793e-05
7.62473e-05
7.62154e-05
7.61835e-05
7.61517e-05
7.61199e-05
7.60882e-05
7.60565e-05
7.60248e-05
7.59932e-05
7.59616e-05
7.59301e-05
7.58986e-05
7.58671e-05
7.58357e-05
7.58043e-05
7.5773e-05
7.57417e-05
7.57105e-05
7.56793e-05
7.56481e-05
7.5617e-05
7.55859e-05
7.55548e-05
7.55238e-05
7.54929e-05
7.54619e-05
7.54311e-05
7.54002e-05
7.53694e-05
7.53386e-05
7.53079e-05
7.52772e-05
7.52466e-05
7.5216e-05
7.51854e-05
7.51549e-05
7.51244e-05
7.5094e-05
7.50636e-05
7.50332e-05
7.50029e-05
7.49726e-05
7.49423e-05
7.49121e-05
7.4882e-05
7.48518e-05
7.48217e-05
7.47917e-05
7.47617e-05
7.47317e-05
7.47018e-05
7.46719e-05
7.4642e-05
7.46122e-05
7.45824e-05
7.45527e-05
7.4523e-05
7.44933e-05
7.44637e-05
7.44341e-05
7.44046e-05
7.4375e-05
7.43456e-05
7.43161e-05
7.42867e-05
7.42574e-05
7.42281e-05
7.41988e-05
7.41695e-05
7.41403e-05
7.41112e-05
7.4082e-05
7.4053e-05
7.40239e-05
7.39949e-05
7.39659e-05
7.3937e-05
7.39081e-05
7.38792e-05
7.38504e-05
7.38216e-05
7.37928e-05
7.37641e-05
7.37354e-05
7.37068e-05
7.36782e-05
7.36496e-05
7.36211e-05
7.35926e-05
7.35641e-05
7.35357e-05
7.35073e-05
7.3479e-05
7.34507e-05
7.34224e-05
7.33942e-05
7.3366e-05
7.33378e-05
7.33097e-05
7.32816e-05
7.32535e-05
7.32255e-05
7.31975e-05
7.31696e-05
7.31417e-05
7.31138e-05
7.3086e-05
7.30581e-05
7.30304e-05
7.30027e-05
7.2975e-05
7.29473e-05
7.29197e-05
7.28921e-05
7.28645e-05
7.2837e-05
7.28095e-05
7.27821e-05
7.27547e-05
7.27273e-05
7.27e-05
7.26727e-05
7.26454e-05
7.26182e-05
7.2591e-05
7.25638e-05
7.25367e-05
7.25096e-05
7.24825e-05
7.24555e-05
7.24285e-05
7.24015e-05
7.23746e-05
7.23477e-05
7.23209e-05
7.22941e-05
7.22673e-05
7.22405e-05
7.22138e-05
7.21871e-05
7.21605e-05
7.21339e-05
7.21073e-05
7.20808e-05
7.20542e-05
7.20278e-05
7.20013e-05
7.19749e-05
7.19486e-05
7.19222e-05
7.18959e-05
7.18696e-05
7.18434e-05
7.18172e-05
7.1791e-05
7.17649e-05
7.17388e-05
7.17127e-05
7.16867e-05
7.16607e-05
7.16347e-05
7.16088e-05
7.15829e-05
7.1557e-05
7.15312e-05
7.15054e-05
7.14796e-05
7.14539e-05
7.14282e-05
7.14025e-05
7.13768e-05
7.13512e-05
7.13257e-05
7.13001e-05
7.12746e-05
7.12491e-05
7.12237e-05
7.11983e-05
7.11729e-05
7.11476e-05
7.11223e-05
7.1097e-05
7.10717e-05
7.10465e-05
7.10213e-05
7.09962e-05
7.09711e-05
7.0946e-05
7.09209e-05
7.08959e-05
7.08709e-05
7.0846e-05
7.0821e-05
7.07961e-05
7.07713e-05
7.07465e-05
7.07217e-05
7.06969e-05
7.06721e-05
7.06474e-05
7.06228e-05
7.05981e-05
7.05735e-05
7.05489e-05
7.05244e-05
7.04999e-05
7.04754e-05
7.04509e-05
7.04265e-05
7.04021e-05
7.03778e-05
7.03534e-05
7.03291e-05
7.03049e-05
7.02806e-05
7.02564e-05
7.02323e-05
7.02081e-05
7.0184e-05
7.01599e-05
7.01359e-05
7.01119e-05
7.00879e-05
7.00639e-05
7.004e-05
7.00161e-05
6.99922e-05
6.99684e-05
6.99446e-05
6.99208e-05
6.9897e-05
6.98733e-05
6.98496e-05
6.9826e-05
6.98024e-05
6.97788e-05
6.97552e-05
6.97317e-05
6.97082e-05
6.96847e-05
6.96612e-05
6.96378e-05
6.96144e-05
6.95911e-05
6.95678e-05
6.95445e-05
6.95212e-05
6.94979e-05
6.94747e-05
6.94516e-05
6.94284e-05
6.94053e-05
6.93822e-05
6.93591e-05
6.93361e-05
6.93131e-05
6.92901e-05
6.92672e-05
6.92443e-05
6.92214e-05
6.91985e-05
6.91757e-05
6.91529e-05
6.91301e-05
6.91074e-05
6.90847e-05
6.9062e-05
6.90393e-05
6.90167e-05
6.89941e-05
6.89715e-05
6.8949e-05
6.89265e-05
6.8904e-05
6.88815e-05
6.88591e-05
6.88367e-05
6.88143e-05
6.8792e-05
6.87697e-05
6.87474e-05
6.87251e-05
6.87029e-05
6.86807e-05
6.86585e-05
6.86364e-05
6.86143e-05
6.85922e-05
6.85701e-05
6.85481e-05
6.85261e-05
6.85041e-05
6.84822e-05
6.84602e-05
6.84383e-05
6.84165e-05
6.83946e-05
6.83728e-05
6.8351e-05
6.83293e-05
6.83076e-05
6.82859e-05
6.82642e-05
6.82425e-05
6.82209e-05
6.81993e-05
6.81778e-05
6.81562e-05
6.81347e-05
6.81132e-05
6.80918e-05
6.80703e-05
6.80489e-05
6.80276e-05
6.80062e-05
6.79849e-05
6.79636e-05
6.79423e-05
6.79211e-05
6.78999e-05
6.78787e-05
6.78575e-05
6.78364e-05
6.78153e-05
6.77942e-05
6.77732e-05
6.77521e-05
6.77311e-05
6.77102e-05
6.76892e-05
6.76683e-05
6.76474e-05
6.76265e-05
6.76057e-05
6.75849e-05
6.75641e-05
6.75433e-05
6.75226e-05
6.75019e-05
6.74812e-05
6.74605e-05
6.74399e-05
6.74193e-05
6.73987e-05
6.73781e-05
6.73576e-05
6.73371e-05
6.73166e-05
6.72962e-05
6.72757e-05
6.72553e-05
6.7235e-05
6.72146e-05
6.71943e-05
6.7174e-05
6.71537e-05
6.71335e-05
6.71132e-05
6.7093e-05
6.70729e-05
6.70527e-05
6.70326e-05
6.70125e-05
6.69924e-05
6.69724e-05
6.69524e-05
6.69324e-05
6.69124e-05
6.68925e-05
6.68725e-05
6.68526e-05
6.68328e-05
6.68129e-05
6.67931e-05
6.67733e-05
6.67535e-05
6.67338e-05
6.67141e-05
6.66944e-05
6.66747e-05
6.66551e-05
6.66354e-05
6.66158e-05
6.65963e-05
6.65767e-05
6.65572e-05
6.65377e-05
6.65182e-05
6.64988e-05
6.64793e-05
6.64599e-05
6.64405e-05
6.64212e-05
6.64019e-05
6.63826e-05
6.63633e-05
6.6344e-05
6.63248e-05
6.63056e-05
6.62864e-05
6.62672e-05
6.62481e-05
6.6229e-05
6.62099e-05
6.61908e-05
6.61718e-05
6.61528e-05
6.61338e-05
6.61148e-05
6.60958e-05
6.60769e-05
6.6058e-05
6.60391e-05
6.60203e-05
6.60015e-05
6.59827e-05
6.59639e-05
6.59451e-05
6.59264e-05
6.59077e-05
6.5889e-05
6.58703e-05
6.58517e-05
6.58331e-05
6.58145e-05
6.57959e-05
6.57773e-05
6.57588e-05
6.57403e-05
6.57218e-05
6.57034e-05
6.56849e-05
6.56665e-05
6.56481e-05
6.56298e-05
6.56114e-05
6.55931e-05
6.55748e-05
6.55565e-05
6.55383e-05
6.55201e-05
6.55019e-05
6.54837e-05
6.54655e-05
6.54474e-05
6.54293e-05
6.54112e-05
6.53931e-05
6.53751e-05
6.5357e-05
6.5339e-05
6.53211e-05
6.53031e-05
6.52852e-05
6.52672e-05
6.52494e-05
6.52315e-05
6.52136e-05
6.51958e-05
6.5178e-05
6.51602e-05
6.51425e-05
6.51247e-05
6.5107e-05
6.50893e-05
6.50717e-05
6.5054e-05
6.50364e-05
6.50188e-05
6.50012e-05
6.49836e-05
6.49661e-05
6.49486e-05
6.49311e-05
6.49136e-05
6.48962e-05
6.48787e-05
6.48613e-05
6.48439e-05
6.48266e-05
6.48092e-05
6.47919e-05
6.47746e-05
6.47573e-05
6.47401e-05
6.47228e-05
6.47056e-05
6.46884e-05
6.46713e-05
6.46541e-05
6.4637e-05
6.46199e-05
6.46028e-05
6.45857e-05
6.45687e-05
6.45517e-05
6.45347e-05
6.45177e-05
6.45007e-05
6.44838e-05
6.44669e-05
6.445e-05
6.44331e-05
6.44162e-05
6.43994e-05
6.43826e-05
6.43658e-05
6.4349e-05
6.43323e-05
6.43155e-05
6.42988e-05
6.42821e-05
6.42655e-05
6.42488e-05
6.42322e-05
6.42156e-05
6.4199e-05
6.41824e-05
6.41659e-05
6.41494e-05
6.41328e-05
6.41164e-05
6.40999e-05
6.40835e-05
6.4067e-05
6.40506e-05
6.40342e-05
6.40179e-05
6.40015e-05
6.39852e-05
6.39689e-05
6.39526e-05
6.39364e-05
6.39201e-05
6.39039e-05
6.38877e-05
6.38715e-05
6.38554e-05
6.38392e-05
6.38231e-05
6.3807e-05
6.37909e-05
6.37749e-05
6.37588e-05
6.37428e-05
6.37268e-05
6.37108e-05
6.36948e-05
6.36789e-05
6.3663e-05
6.36471e-05
6.36312e-05
6.36153e-05
6.35995e-05
6.35837e-05
6.35678e-05
6.35521e-05
6.35363e-05
6.35205e-05
6.35048e-05
6.34891e-05
6.34734e-05
6.34577e-05
6.34421e-05
6.34265e-05
6.34109e-05
6.33953e-05
6.33797e-05
6.33641e-05
6.33486e-05
6.33331e-05
6.33176e-05
6.33021e-05
6.32866e-05
6.32712e-05
6.32558e-05
6.32404e-05
6.3225e-05
6.32096e-05
6.31943e-05
6.3179e-05
6.31636e-05
6.31484e-05
6.31331e-05
6.31178e-05
6.31026e-05
6.30874e-05
6.30722e-05
6.3057e-05
6.30419e-05
6.30267e-05
6.30116e-05
6.29965e-05
6.29814e-05
6.29663e-05
6.29513e-05
6.29363e-05
6.29213e-05
6.29063e-05
6.28913e-05
6.28763e-05
6.28614e-05
6.28465e-05
6.28316e-05
6.28167e-05
6.28018e-05
6.2787e-05
6.27722e-05
6.27574e-05
6.27426e-05
6.27278e-05
6.2713e-05
6.26983e-05
6.26836e-05
6.26689e-05
6.26542e-05
6.26395e-05
6.26249e-05
6.26103e-05
6.25957e-05
6.25811e-05
6.25665e-05
6.25519e-05
6.25374e-05
6.25229e-05
6.25084e-05
6.24939e-05
6.24794e-05
6.2465e-05
6.24505e-05
6.24361e-05
6.24217e-05
6.24073e-05
6.2393e-05
6.23786e-05
6.23643e-05
6.235e-05
6.23357e-05
6.23214e-05
6.23072e-05
6.22929e-05
6.22787e-05
6.22645e-05
6.22503e-05
6.22362e-05
6.2222e-05
6.22079e-05
6.21938e-05
6.21797e-05
6.21656e-05
6.21515e-05
6.21375e-05
6.21234e-05
6.21094e-05
6.20954e-05
6.20814e-05
6.20675e-05
6.20535e-05
6.20396e-05
6.20257e-05
6.20118e-05
6.19979e-05
6.1984e-05
6.19702e-05
6.19564e-05
6.19426e-05
6.19288e-05
6.1915e-05
6.19012e-05
6.18875e-05
6.18738e-05
6.18601e-05
6.18464e-05
6.18327e-05
6.1819e-05
6.18054e-05
6.17918e-05
6.17781e-05
6.17646e-05
6.1751e-05
6.17374e-05
6.17239e-05
6.17103e-05
6.16968e-05
6.16833e-05
6.16699e-05
6.16564e-05
6.1643e-05
6.16295e-05
6.16161e-05
6.16027e-05
6.15893e-05
6.1576e-05
6.15626e-05
6.15493e-05
6.1536e-05
6.15227e-05
6.15094e-05
6.14961e-05
6.14829e-05
6.14697e-05
6.14564e-05
6.14432e-05
6.14301e-05
6.14169e-05
6.14037e-05
6.13906e-05
6.13775e-05
6.13644e-05
6.13513e-05
6.13382e-05
6.13252e-05
6.13121e-05
6.12991e-05
6.12861e-05
6.12731e-05
6.12601e-05
6.12471e-05
6.12342e-05
6.12213e-05
6.12083e-05
6.11954e-05
6.11826e-05
6.11697e-05
6.11568e-05
6.1144e-05
6.11312e-05
6.11184e-05
6.11056e-05
6.10928e-05
6.10801e-05
6.10673e-05
6.10546e-05
6.10419e-05
6.10292e-05
6.10165e-05
6.10038e-05
6.09912e-05
6.09785e-05
6.09659e-05
6.09533e-05
6.09407e-05
6.09281e-05
6.09156e-05
6.0903e-05
6.08905e-05
6.0878e-05
6.08655e-05
6.0853e-05
6.08406e-05
6.08281e-05
6.08157e-05
6.08032e-05
6.07908e-05
6.07784e-05
6.07661e-05
6.07537e-05
6.07413e-05
6.0729e-05
6.07167e-05
6.07044e-05
6.06921e-05
6.06798e-05
6.06676e-05
6.06553e-05
6.06431e-05
6.06309e-05
6.06187e-05
6.06065e-05
6.05943e-05
6.05822e-05
6.057e-05
6.05579e-05
6.05458e-05
6.05337e-05
6.05216e-05
6.05096e-05
6.04975e-05
6.04855e-05
6.04734e-05
6.04614e-05
6.04494e-05
6.04375e-05
6.04255e-05
6.04135e-05
6.04016e-05
6.03897e-05
6.03778e-05
6.03659e-05
6.0354e-05
6.03421e-05
6.03303e-05
6.03185e-05
6.03066e-05
6.02948e-05
6.0283e-05
6.02713e-05
6.02595e-05
6.02477e-05
6.0236e-05
6.02243e-05
6.02126e-05
6.02009e-05
6.01892e-05
6.01775e-05
6.01659e-05
6.01543e-05
6.01426e-05
6.0131e-05
6.01194e-05
6.01078e-05
6.00963e-05
6.00847e-05
6.00732e-05
6.00617e-05
6.00501e-05
6.00387e-05
6.00272e-05
6.00157e-05
6.00042e-05
5.99928e-05
5.99814e-05
5.997e-05
5.99586e-05
5.99472e-05
5.99358e-05
5.99244e-05
5.99131e-05
5.99018e-05
5.98904e-05
5.98791e-05
5.98678e-05
5.98566e-05
5.98453e-05
5.9834e-05
5.98228e-05
5.98116e-05
5.98004e-05
5.97892e-05
5.9778e-05
5.97668e-05
5.97557e-05
5.97445e-05
5.97334e-05
5.97223e-05
5.97112e-05
5.97001e-05
5.9689e-05
5.9678e-05
5.96669e-05
5.96559e-05
5.96448e-05
5.96338e-05
5.96228e-05
5.96119e-05
5.96009e-05
5.95899e-05
5.9579e-05
5.95681e-05
5.95571e-05
5.95462e-05
5.95353e-05
5.95245e-05
5.95136e-05
5.95028e-05
5.94919e-05
5.94811e-05
5.94703e-05
5.94595e-05
5.94487e-05
5.94379e-05
5.94272e-05
5.94164e-05
5.94057e-05
5.93949e-05
5.93842e-05
5.93735e-05
5.93629e-05
5.93522e-05
5.93415e-05
5.93309e-05
5.93203e-05
5.93096e-05
5.9299e-05
5.92884e-05
5.92778e-05
5.92673e-05
5.92567e-05
5.92462e-05
5.92356e-05
5.92251e-05
5.92146e-05
5.92041e-05
5.91937e-05
5.91832e-05
5.91727e-05
5.91623e-05
5.91519e-05
5.91414e-05
5.9131e-05
5.91206e-05
5.91103e-05
5.90999e-05
5.90895e-05
5.90792e-05
5.90689e-05
5.90585e-05
5.90482e-05
5.90379e-05
5.90277e-05
5.90174e-05
5.90071e-05
5.89969e-05
5.89867e-05
5.89764e-05
5.89662e-05
5.8956e-05
5.89459e-05
5.89357e-05
5.89255e-05
5.89154e-05
5.89052e-05
5.88951e-05
5.8885e-05
5.88749e-05
5.88648e-05
5.88548e-05
5.88447e-05
5.88346e-05
5.88246e-05
5.88146e-05
5.88046e-05
5.87946e-05
5.87846e-05
5.87746e-05
5.87646e-05
5.87547e-05
5.87447e-05
5.87348e-05
5.87249e-05
5.8715e-05
5.87051e-05
5.86952e-05
5.86853e-05
5.86755e-05
5.86656e-05
5.86558e-05
5.8646e-05
5.86361e-05
5.86263e-05
5.86166e-05
5.86068e-05
5.8597e-05
5.85873e-05
5.85775e-05
5.85678e-05
5.85581e-05
5.85484e-05
5.85387e-05
5.8529e-05
5.85193e-05
5.85096e-05
5.85e-05
5.84903e-05
5.84807e-05
5.84711e-05
5.84615e-05
5.84519e-05
5.84423e-05
5.84328e-05
5.84232e-05
5.84137e-05
5.84041e-05
5.83946e-05
5.83851e-05
5.83756e-05
5.83661e-05
5.83566e-05
5.83471e-05
5.83377e-05
5.83282e-05
5.83188e-05
5.83094e-05
5.83e-05
5.82906e-05
5.82812e-05
5.82718e-05
5.82624e-05
5.82531e-05
5.82437e-05
5.82344e-05
5.82251e-05
5.82158e-05
5.82065e-05
5.81972e-05
5.81879e-05
5.81786e-05
5.81694e-05
5.81601e-05
5.81509e-05
5.81417e-05
5.81325e-05
5.81233e-05
5.81141e-05
5.81049e-05
5.80957e-05
5.80866e-05
5.80774e-05
5.80683e-05
5.80592e-05
5.80501e-05
5.8041e-05
5.80319e-05
5.80228e-05
5.80137e-05
5.80046e-05
5.79956e-05
5.79866e-05
5.79775e-05
5.79685e-05
5.79595e-05
5.79505e-05
5.79415e-05
5.79326e-05
5.79236e-05
5.79146e-05
5.79057e-05
5.78968e-05
5.78878e-05
5.78789e-05
5.787e-05
5.78611e-05
5.78523e-05
5.78434e-05
5.78345e-05
5.78257e-05
5.78169e-05
5.7808e-05
5.77992e-05
5.77904e-05
5.77816e-05
5.77728e-05
5.77641e-05
5.77553e-05
5.77465e-05
5.77378e-05
5.77291e-05
5.77203e-05
5.77116e-05
5.77029e-05
5.76942e-05
5.76856e-05
5.76769e-05
5.76682e-05
5.76596e-05
5.76509e-05
5.76423e-05
5.76337e-05
5.76251e-05
5.76165e-05
5.76079e-05
5.75993e-05
5.75907e-05
5.75822e-05
5.75736e-05
5.75651e-05
5.75566e-05
5.75481e-05
5.75396e-05
5.75311e-05
5.75226e-05
5.75141e-05
5.75056e-05
5.74972e-05
5.74887e-05
5.74803e-05
5.74719e-05
5.74634e-05
5.7455e-05
5.74466e-05
5.74382e-05
5.74299e-05
5.74215e-05
5.74131e-05
5.74048e-05
5.73965e-05
5.73881e-05
5.73798e-05
5.73715e-05
5.73632e-05
5.73549e-05
5.73466e-05
5.73384e-05
5.73301e-05
5.73218e-05
5.73136e-05
5.73054e-05
5.72972e-05
5.72889e-05
5.72807e-05
5.72726e-05
5.72644e-05
5.72562e-05
5.7248e-05
5.72399e-05
5.72317e-05
5.72236e-05
5.72155e-05
5.72074e-05
5.71993e-05
5.71912e-05
5.71831e-05
5.7175e-05
5.71669e-05
5.71589e-05
5.71508e-05
5.71428e-05
5.71348e-05
5.71267e-05
5.71187e-05
5.71107e-05
5.71027e-05
5.70948e-05
5.70868e-05
5.70788e-05
5.70709e-05
5.70629e-05
5.7055e-05
5.70471e-05
5.70392e-05
5.70312e-05
5.70234e-05
5.70155e-05
5.70076e-05
5.69997e-05
5.69919e-05
5.6984e-05
5.69762e-05
5.69683e-05
5.69605e-05
5.69527e-05
5.69449e-05
5.69371e-05
5.69293e-05
5.69215e-05
5.69138e-05
5.6906e-05
5.68983e-05
5.68905e-05
5.68828e-05
5.68751e-05
5.68673e-05
5.68596e-05
5.68519e-05
5.68443e-05
5.68366e-05
5.68289e-05
5.68213e-05
5.68136e-05
5.6806e-05
5.67983e-05
5.67907e-05
5.67831e-05
5.67755e-05
5.67679e-05
5.67603e-05
5.67527e-05
5.67452e-05
5.67376e-05
5.673e-05
5.67225e-05
5.6715e-05
5.67074e-05
5.66999e-05
5.66924e-05
5.66849e-05
5.66774e-05
5.66699e-05
5.66625e-05
5.6655e-05
5.66476e-05
5.66401e-05
5.66327e-05
5.66252e-05
5.66178e-05
5.66104e-05
5.6603e-05
5.65956e-05
5.65882e-05
5.65809e-05
5.65735e-05
5.65661e-05
5.65588e-05
5.65514e-05
5.65441e-05
5.65368e-05
5.65295e-05
5.65222e-05
5.65149e-05
5.65076e-05
5.65003e-05
5.6493e-05
5.64858e-05
5.64785e-05
5.64712e-05
5.6464e-05
5.64568e-05
5.64496e-05
5.64423e-05
5.64351e-05
5.64279e-05
5.64208e-05
5.64136e-05
5.64064e-05
5.63992e-05
5.63921e-05
5.63849e-05
5.63778e-05
5.63707e-05
5.63635e-05
5.63564e-05
5.63493e-05
5.63422e-05
5.63351e-05
5.63281e-05
5.6321e-05
5.63139e-05
5.63069e-05
5.62998e-05
5.62928e-05
5.62858e-05
5.62787e-05
5.62717e-05
5.62647e-05
5.62577e-05
5.62507e-05
5.62438e-05
5.62368e-05
5.62298e-05
5.62229e-05
5.62159e-05
5.6209e-05
5.6202e-05
5.61951e-05
5.61882e-05
5.61813e-05
5.61744e-05
5.61675e-05
5.61606e-05
5.61537e-05
5.61469e-05
5.614e-05
5.61332e-05
5.61263e-05
5.61195e-05
5.61127e-05
5.61058e-05
5.6099e-05
5.60922e-05
5.60854e-05
5.60786e-05
5.60719e-05
5.60651e-05
5.60583e-05
5.60516e-05
5.60448e-05
5.60381e-05
5.60313e-05
5.60246e-05
5.60179e-05
5.60112e-05
5.60045e-05
5.59978e-05
5.59911e-05
5.59844e-05
5.59778e-05
5.59711e-05
5.59645e-05
5.59578e-05
5.59512e-05
5.59445e-05
5.59379e-05
5.59313e-05
5.59247e-05
5.59181e-05
5.59115e-05
5.59049e-05
5.58983e-05
5.58918e-05
5.58852e-05
5.58787e-05
5.58721e-05
5.58656e-05
5.5859e-05
5.58525e-05
5.5846e-05
5.58395e-05
5.5833e-05
5.58265e-05
5.582e-05
5.58135e-05
5.58071e-05
5.58006e-05
5.57941e-05
5.57877e-05
5.57813e-05
5.57748e-05
5.57684e-05
5.5762e-05
5.57556e-05
5.57492e-05
5.57428e-05
5.57364e-05
5.573e-05
5.57236e-05
5.57173e-05
5.57109e-05
5.57046e-05
5.56982e-05
5.56919e-05
5.56855e-05
5.56792e-05
5.56729e-05
5.56666e-05
5.56603e-05
5.5654e-05
5.56477e-05
5.56415e-05
5.56352e-05
5.56289e-05
5.56227e-05
5.56164e-05
5.56102e-05
5.56039e-05
5.55977e-05
5.55915e-05
5.55853e-05
5.55791e-05
5.55729e-05
5.55667e-05
5.55605e-05
5.55543e-05
5.55482e-05
5.5542e-05
5.55358e-05
5.55297e-05
5.55236e-05
5.55174e-05
5.55113e-05
5.55052e-05
5.54991e-05
5.5493e-05
5.54869e-05
5.54808e-05
5.54747e-05
5.54686e-05
5.54625e-05
5.54565e-05
5.54504e-05
5.54444e-05
5.54383e-05
5.54323e-05
5.54263e-05
5.54203e-05
5.54142e-05
5.54082e-05
5.54022e-05
5.53962e-05
5.53903e-05
5.53843e-05
5.53783e-05
5.53723e-05
5.53664e-05
5.53604e-05
5.53545e-05
5.53486e-05
5.53426e-05
5.53367e-05
5.53308e-05
5.53249e-05
5.5319e-05
5.53131e-05
5.53072e-05
5.53013e-05
5.52954e-05
5.52896e-05
5.52837e-05
5.52778e-05
5.5272e-05
5.52662e-05
5.52603e-05
5.52545e-05
5.52487e-05
5.52429e-05
5.52371e-05
5.52313e-05
5.52255e-05
5.52197e-05
5.52139e-05
5.52081e-05
5.52023e-05
5.51966e-05
5.51908e-05
5.51851e-05
5.51793e-05
5.51736e-05
5.51679e-05
5.51622e-05
5.51564e-05
5.51507e-05
5.5145e-05
5.51393e-05
5.51337e-05
5.5128e-05
5.51223e-05
5.51166e-05
5.5111e-05
5.51053e-05
5.50997e-05
5.5094e-05
5.50884e-05
5.50828e-05
5.50771e-05
5.50715e-05
5.50659e-05
5.50603e-05
5.50547e-05
5.50491e-05
5.50435e-05
5.5038e-05
5.50324e-05
5.50268e-05
5.50213e-05
5.50157e-05
5.50102e-05
5.50046e-05
5.49991e-05
5.49936e-05
5.49881e-05
5.49826e-05
5.4977e-05
5.49715e-05
5.4966e-05
5.49606e-05
5.49551e-05
5.49496e-05
5.49441e-05
5.49387e-05
5.49332e-05
5.49278e-05
5.49223e-05
5.49169e-05
5.49115e-05
5.4906e-05
5.49006e-05
5.48952e-05
5.48898e-05
5.48844e-05
5.4879e-05
5.48736e-05
5.48682e-05
5.48629e-05
5.48575e-05
5.48521e-05
5.48468e-05
5.48414e-05
5.48361e-05
5.48307e-05
5.48254e-05
5.48201e-05
5.48148e-05
5.48095e-05
5.48041e-05
5.47988e-05
5.47936e-05
5.47883e-05
5.4783e-05
5.47777e-05
5.47724e-05
5.47672e-05
5.47619e-05
5.47567e-05
5.47514e-05
5.47462e-05
5.47409e-05
5.47357e-05
5.47305e-05
5.47253e-05
5.47201e-05
5.47149e-05
5.47097e-05
5.47045e-05
5.46993e-05
5.46941e-05
5.46889e-05
5.46838e-05
5.46786e-05
5.46734e-05
5.46683e-05
5.46632e-05
5.4658e-05
5.46529e-05
5.46478e-05
5.46426e-05
5.46375e-05
5.46324e-05
5.46273e-05
5.46222e-05
5.46171e-05
5.4612e-05
5.4607e-05
5.46019e-05
5.45968e-05
5.45917e-05
5.45867e-05
5.45816e-05
5.45766e-05
5.45716e-05
5.45665e-05
5.45615e-05
5.45565e-05
5.45515e-05
5.45465e-05
5.45414e-05
5.45364e-05
5.45315e-05
5.45265e-05
5.45215e-05
5.45165e-05
5.45115e-05
5.45066e-05
5.45016e-05
5.44967e-05
5.44917e-05
5.44868e-05
5.44818e-05
5.44769e-05
5.4472e-05
5.44671e-05
5.44622e-05
5.44572e-05
5.44523e-05
5.44475e-05
5.44426e-05
5.44377e-05
5.44328e-05
5.44279e-05
5.44231e-05
5.44182e-05
5.44133e-05
5.44085e-05
5.44036e-05
5.43988e-05
5.4394e-05
5.43891e-05
5.43843e-05
5.43795e-05
5.43747e-05
5.43699e-05
5.43651e-05
5.43603e-05
5.43555e-05
5.43507e-05
5.43459e-05
5.43411e-05
5.43364e-05
5.43316e-05
5.43269e-05
5.43221e-05
5.43174e-05
5.43126e-05
5.43079e-05
5.43031e-05
5.42984e-05
5.42937e-05
5.4289e-05
5.42843e-05
5.42796e-05
5.42749e-05
5.42702e-05
5.42655e-05
5.42608e-05
5.42561e-05
5.42515e-05
5.42468e-05
5.42421e-05
5.42375e-05
5.42328e-05
5.42282e-05
5.42236e-05
5.42189e-05
5.42143e-05
5.42097e-05
5.4205e-05
5.42004e-05
5.41958e-05
5.41912e-05
5.41866e-05
5.4182e-05
5.41774e-05
5.41729e-05
5.41683e-05
5.41637e-05
5.41592e-05
5.41546e-05
5.415e-05
5.41455e-05
5.41409e-05
5.41364e-05
5.41319e-05
5.41273e-05
5.41228e-05
5.41183e-05
5.41138e-05
5.41093e-05
5.41048e-05
5.41003e-05
5.40958e-05
5.40913e-05
5.40868e-05
5.40823e-05
5.40779e-05
5.40734e-05
5.40689e-05
5.40645e-05
5.406e-05
5.40556e-05
5.40511e-05
5.40467e-05
5.40423e-05
5.40378e-05
5.40334e-05
5.4029e-05
5.40246e-05
5.40202e-05
5.40158e-05
5.40114e-05
5.4007e-05
5.40026e-05
5.39982e-05
5.39938e-05
5.39895e-05
5.39851e-05
5.39807e-05
5.39764e-05
5.3972e-05
5.39677e-05
5.39633e-05
5.3959e-05
5.39547e-05
5.39504e-05
5.3946e-05
5.39417e-05
5.39374e-05
5.39331e-05
5.39288e-05
5.39245e-05
5.39202e-05
5.39159e-05
5.39116e-05
5.39074e-05
5.39031e-05
5.38988e-05
5.38946e-05
5.38903e-05
5.3886e-05
5.38818e-05
5.38775e-05
5.38733e-05
5.38691e-05
5.38648e-05
5.38606e-05
5.38564e-05
5.38522e-05
5.3848e-05
5.38438e-05
5.38396e-05
5.38354e-05
5.38312e-05
5.3827e-05
5.38228e-05
5.38186e-05
5.38145e-05
5.38103e-05
5.38061e-05
5.3802e-05
5.37978e-05
5.37937e-05
5.37895e-05
5.37854e-05
5.37813e-05
5.37771e-05
5.3773e-05
5.37689e-05
5.37648e-05
5.37607e-05
5.37566e-05
5.37525e-05
5.37484e-05
5.37443e-05
5.37402e-05
5.37361e-05
5.3732e-05
5.37279e-05
5.37239e-05
5.37198e-05
5.37158e-05
5.37117e-05
5.37076e-05
5.37036e-05
5.36996e-05
5.36955e-05
5.36915e-05
5.36875e-05
5.36834e-05
5.36794e-05
5.36754e-05
5.36714e-05
5.36674e-05
5.36634e-05
5.36594e-05
5.36554e-05
5.36514e-05
5.36474e-05
5.36435e-05
5.36395e-05
5.36355e-05
5.36316e-05
5.36276e-05
5.36236e-05
5.36197e-05
5.36157e-05
5.36118e-05
5.36079e-05
5.36039e-05
5.36e-05
5.35961e-05
5.35922e-05
5.35883e-05
5.35843e-05
5.35804e-05
5.35765e-05
5.35726e-05
5.35687e-05
5.35649e-05
5.3561e-05
5.35571e-05
5.35532e-05
5.35494e-05
5.35455e-05
5.35416e-05
5.35378e-05
5.35339e-05
5.35301e-05
5.35262e-05
5.35224e-05
5.35185e-05
5.35147e-05
5.35109e-05
5.35071e-05
5.35032e-05
5.34994e-05
5.34956e-05
5.34918e-05
5.3488e-05
5.34842e-05
5.34804e-05
5.34766e-05
5.34729e-05
5.34691e-05
5.34653e-05
5.34615e-05
5.34578e-05
5.3454e-05
5.34502e-05
5.34465e-05
5.34427e-05
5.3439e-05
5.34353e-05
5.34315e-05
5.34278e-05
5.34241e-05
5.34203e-05
5.34166e-05
5.34129e-05
5.34092e-05
5.34055e-05
5.34018e-05
5.33981e-05
5.33944e-05
5.33907e-05
5.3387e-05
5.33833e-05
5.33796e-05
5.3376e-05
5.33723e-05
5.33686e-05
5.3365e-05
5.33613e-05
5.33577e-05
5.3354e-05
5.33504e-05
5.33467e-05
5.33431e-05
5.33395e-05
5.33358e-05
5.33322e-05
5.33286e-05
5.3325e-05
5.33214e-05
5.33178e-05
5.33141e-05
5.33105e-05
5.3307e-05
5.33034e-05
5.32998e-05
5.32962e-05
5.32926e-05
5.3289e-05
5.32855e-05
5.32819e-05
5.32783e-05
5.32748e-05
5.32712e-05
5.32677e-05
5.32641e-05
5.32606e-05
5.3257e-05
5.32535e-05
5.325e-05
5.32464e-05
5.32429e-05
5.32394e-05
5.32359e-05
5.32324e-05
5.32289e-05
5.32254e-05
5.32219e-05
5.32184e-05
5.32149e-05
5.32114e-05
5.32079e-05
5.32044e-05
5.32009e-05
5.31975e-05
5.3194e-05
5.31905e-05
5.31871e-05
5.31836e-05
5.31802e-05
5.31767e-05
5.31733e-05
5.31698e-05
5.31664e-05
5.3163e-05
5.31595e-05
5.31561e-05
5.31527e-05
5.31493e-05
5.31459e-05
5.31424e-05
5.3139e-05
5.31356e-05
5.31322e-05
5.31288e-05
5.31255e-05
5.31221e-05
5.31187e-05
5.31153e-05
5.31119e-05
5.31086e-05
5.31052e-05
5.31018e-05
5.30985e-05
5.30951e-05
5.30918e-05
5.30884e-05
5.30851e-05
5.30817e-05
5.30784e-05
5.30751e-05
5.30717e-05
5.30684e-05
5.30651e-05
5.30618e-05
5.30584e-05
5.30551e-05
5.30518e-05
5.30485e-05
5.30452e-05
5.30419e-05
5.30386e-05
5.30353e-05
5.3032e-05
5.30288e-05
5.30255e-05
5.30222e-05
5.30189e-05
5.30157e-05
5.30124e-05
5.30092e-05
5.30059e-05
5.30026e-05
5.29994e-05
5.29962e-05
5.29929e-05
5.29897e-05
5.29864e-05
5.29832e-05
5.298e-05
5.29768e-05
5.29735e-05
5.29703e-05
5.29671e-05
5.29639e-05
5.29607e-05
5.29575e-05
5.29543e-05
5.29511e-05
5.29479e-05
5.29447e-05
5.29415e-05
5.29384e-05
5.29352e-05
5.2932e-05
5.29288e-05
5.29257e-05
5.29225e-05
5.29194e-05
5.29162e-05
5.2913e-05
5.29099e-05
5.29068e-05
5.29036e-05
5.29005e-05
5.28973e-05
5.28942e-05
5.28911e-05
5.2888e-05
5.28848e-05
5.28817e-05
5.28786e-05
5.28755e-05
5.28724e-05
5.28693e-05
5.28662e-05
5.28631e-05
5.286e-05
5.28569e-05
5.28538e-05
5.28508e-05
5.28477e-05
5.28446e-05
5.28415e-05
5.28385e-05
5.28354e-05
5.28323e-05
5.28293e-05
5.28262e-05
5.28232e-05
5.28201e-05
5.28171e-05
5.2814e-05
5.2811e-05
5.2808e-05
5.28049e-05
5.28019e-05
5.27989e-05
5.27959e-05
5.27928e-05
5.27898e-05
5.27868e-05
5.27838e-05
5.27808e-05
5.27778e-05
5.27748e-05
5.27718e-05
5.27688e-05
5.27659e-05
5.27629e-05
5.27599e-05
5.27569e-05
5.27539e-05
5.2751e-05
5.2748e-05
5.2745e-05
5.27421e-05
5.27391e-05
5.27362e-05
5.27332e-05
5.27303e-05
5.27273e-05
5.27244e-05
5.27215e-05
5.27185e-05
5.27156e-05
5.27127e-05
5.27097e-05
5.27068e-05
5.27039e-05
5.2701e-05
5.26981e-05
5.26952e-05
5.26923e-05
5.26894e-05
5.26865e-05
5.26836e-05
5.26807e-05
5.26778e-05
5.26749e-05
5.2672e-05
5.26691e-05
5.26663e-05
5.26634e-05
5.26605e-05
5.26577e-05
5.26548e-05
5.26519e-05
5.26491e-05
5.26462e-05
5.26434e-05
5.26405e-05
5.26377e-05
5.26349e-05
5.2632e-05
5.26292e-05
5.26264e-05
5.26235e-05
5.26207e-05
5.26179e-05
5.26151e-05
5.26123e-05
5.26094e-05
5.26066e-05
5.26038e-05
5.2601e-05
5.25982e-05
5.25954e-05
5.25926e-05
5.25899e-05
5.25871e-05
5.25843e-05
5.25815e-05
5.25787e-05
5.2576e-05
5.25732e-05
5.25704e-05
5.25676e-05
5.25649e-05
5.25621e-05
5.25594e-05
5.25566e-05
5.25539e-05
5.25511e-05
5.25484e-05
5.25456e-05
5.25429e-05
5.25402e-05
5.25374e-05
5.25347e-05
5.2532e-05
5.25293e-05
5.25265e-05
5.25238e-05
5.25211e-05
5.25184e-05
5.25157e-05
5.2513e-05
5.25103e-05
5.25076e-05
5.25049e-05
5.25022e-05
5.24995e-05
5.24968e-05
5.24942e-05
5.24915e-05
5.24888e-05
5.24861e-05
5.24835e-05
5.24808e-05
5.24781e-05
5.24755e-05
5.24728e-05
5.24701e-05
5.24675e-05
5.24648e-05
5.24622e-05
5.24596e-05
5.24569e-05
5.24543e-05
5.24516e-05
5.2449e-05
5.24464e-05
5.24437e-05
5.24411e-05
5.24385e-05
5.24359e-05
5.24333e-05
5.24307e-05
5.24281e-05
5.24254e-05
5.24228e-05
5.24202e-05
5.24176e-05
5.2415e-05
5.24125e-05
5.24099e-05
5.24073e-05
5.24047e-05
5.24021e-05
5.23995e-05
5.2397e-05
5.23944e-05
5.23918e-05
5.23893e-05
5.23867e-05
5.23841e-05
5.23816e-05
5.2379e-05
5.23765e-05
5.23739e-05
5.23714e-05
5.23688e-05
5.23663e-05
5.23638e-05
5.23612e-05
5.23587e-05
5.23562e-05
5.23536e-05
5.23511e-05
5.23486e-05
5.23461e-05
5.23436e-05
5.23411e-05
5.23385e-05
5.2336e-05
5.23335e-05
5.2331e-05
5.23285e-05
5.2326e-05
5.23235e-05
5.23211e-05
5.23186e-05
5.23161e-05
5.23136e-05
5.23111e-05
5.23086e-05
5.23062e-05
5.23037e-05
5.23012e-05
5.22988e-05
5.22963e-05
5.22938e-05
5.22914e-05
5.22889e-05
5.22865e-05
5.2284e-05
5.22816e-05
5.22791e-05
5.22767e-05
5.22743e-05
5.22718e-05
5.22694e-05
5.2267e-05
5.22645e-05
5.22621e-05
5.22597e-05
5.22573e-05
5.22549e-05
5.22524e-05
5.225e-05
5.22476e-05
5.22452e-05
5.22428e-05
5.22404e-05
5.2238e-05
5.22356e-05
5.22332e-05
5.22308e-05
5.22285e-05
5.22261e-05
5.22237e-05
5.22213e-05
5.22189e-05
5.22166e-05
5.22142e-05
5.22118e-05
5.22095e-05
5.22071e-05
5.22047e-05
5.22024e-05
5.22e-05
5.21977e-05
5.21953e-05
5.2193e-05
5.21906e-05
5.21883e-05
5.21859e-05
5.21836e-05
5.21813e-05
5.21789e-05
5.21766e-05
5.21743e-05
5.2172e-05
5.21696e-05
5.21673e-05
5.2165e-05
5.21627e-05
5.21604e-05
5.21581e-05
5.21558e-05
5.21534e-05
5.21511e-05
5.21488e-05
5.21466e-05
5.21443e-05
5.2142e-05
5.21397e-05
5.21374e-05
5.21351e-05
5.21328e-05
5.21305e-05
5.21283e-05
5.2126e-05
5.21237e-05
5.21215e-05
5.21192e-05
5.21169e-05
5.21147e-05
5.21124e-05
5.21102e-05
5.21079e-05
5.21056e-05
5.21034e-05
5.21012e-05
5.20989e-05
5.20967e-05
5.20944e-05
5.20922e-05
5.209e-05
5.20877e-05
5.20855e-05
5.20833e-05
5.20811e-05
5.20788e-05
5.20766e-05
5.20744e-05
5.20722e-05
5.207e-05
5.20678e-05
5.20656e-05
5.20633e-05
5.20611e-05
5.20589e-05
5.20567e-05
5.20546e-05
5.20524e-05
5.20502e-05
5.2048e-05
5.20458e-05
5.20436e-05
5.20414e-05
5.20393e-05
5.20371e-05
5.20349e-05
5.20327e-05
5.20306e-05
5.20284e-05
5.20262e-05
5.20241e-05
5.20219e-05
5.20198e-05
5.20176e-05
5.20155e-05
5.20133e-05
5.20112e-05
5.2009e-05
5.20069e-05
5.20047e-05
5.20026e-05
5.20005e-05
5.19983e-05
5.19962e-05
5.19941e-05
5.1992e-05
5.19898e-05
5.19877e-05
5.19856e-05
5.19835e-05
5.19814e-05
5.19793e-05
5.19771e-05
5.1975e-05
5.19729e-05
5.19708e-05
5.19687e-05
5.19666e-05
5.19645e-05
5.19624e-05
5.19604e-05
5.19583e-05
5.19562e-05
5.19541e-05
5.1952e-05
5.19499e-05
5.19479e-05
5.19458e-05
5.19437e-05
5.19416e-05
5.19396e-05
5.19375e-05
5.19354e-05
5.19334e-05
5.19313e-05
5.19293e-05
5.19272e-05
5.19252e-05
5.19231e-05
5.19211e-05
5.1919e-05
5.1917e-05
5.19149e-05
5.19129e-05
5.19109e-05
5.19088e-05
5.19068e-05
5.19048e-05
5.19027e-05
5.19007e-05
5.18987e-05
5.18967e-05
5.18947e-05
5.18926e-05
5.18906e-05
5.18886e-05
5.18866e-05
5.18846e-05
5.18826e-05
5.18806e-05
5.18786e-05
5.18766e-05
5.18746e-05
5.18726e-05
5.18706e-05
5.18686e-05
5.18666e-05
5.18647e-05
5.18627e-05
5.18607e-05
5.18587e-05
5.18567e-05
5.18548e-05
5.18528e-05
5.18508e-05
5.18488e-05
5.18469e-05
5.18449e-05
5.1843e-05
5.1841e-05
5.1839e-05
5.18371e-05
5.18351e-05
5.18332e-05
5.18312e-05
5.18293e-05
5.18273e-05
5.18254e-05
5.18235e-05
5.18215e-05
5.18196e-05
5.18177e-05
5.18157e-05
5.18138e-05
5.18119e-05
5.18099e-05
5.1808e-05
5.18061e-05
5.18042e-05
5.18023e-05
5.18004e-05
5.17984e-05
5.17965e-05
5.17946e-05
5.17927e-05
5.17908e-05
5.17889e-05
5.1787e-05
5.17851e-05
5.17832e-05
5.17813e-05
5.17794e-05
5.17775e-05
5.17757e-05
5.17738e-05
5.17719e-05
5.177e-05
5.17681e-05
5.17663e-05
5.17644e-05
5.17625e-05
5.17606e-05
5.17588e-05
5.17569e-05
5.1755e-05
5.17532e-05
5.17513e-05
5.17494e-05
5.17476e-05
5.17457e-05
5.17439e-05
5.1742e-05
5.17402e-05
5.17383e-05
5.17365e-05
5.17347e-05
5.17328e-05
5.1731e-05
5.17291e-05
5.17273e-05
5.17255e-05
5.17236e-05
5.17218e-05
5.172e-05
5.17182e-05
5.17163e-05
5.17145e-05
5.17127e-05
5.17109e-05
5.17091e-05
5.17073e-05
5.17055e-05
5.17036e-05
5.17018e-05
5.17e-05
5.16982e-05
5.16964e-05
5.16946e-05
5.16928e-05
5.1691e-05
5.16892e-05
5.16875e-05
5.16857e-05
5.16839e-05
5.16821e-05
5.16803e-05
5.16785e-05
5.16768e-05
5.1675e-05
5.16732e-05
5.16714e-05
5.16697e-05
5.16679e-05
5.16661e-05
5.16644e-05
5.16626e-05
5.16608e-05
5.16591e-05
5.16573e-05
5.16556e-05
5.16538e-05
5.16521e-05
5.16503e-05
5.16486e-05
5.16468e-05
5.16451e-05
5.16433e-05
5.16416e-05
5.16398e-05
5.16381e-05
5.16364e-05
5.16346e-05
5.16329e-05
5.16312e-05
5.16295e-05
5.16277e-05
5.1626e-05
5.16243e-05
5.16226e-05
5.16208e-05
5.16191e-05
5.16174e-05
5.16157e-05
5.1614e-05
5.16123e-05
5.16106e-05
5.16089e-05
5.16072e-05
5.16055e-05
5.16038e-05
5.16021e-05
5.16004e-05
5.15987e-05
5.1597e-05
5.15953e-05
5.15936e-05
5.15919e-05
5.15903e-05
5.15886e-05
5.15869e-05
5.15852e-05
5.15835e-05
5.15819e-05
5.15802e-05
5.15785e-05
5.15768e-05
5.15752e-05
5.15735e-05
5.15718e-05
5.15702e-05
5.15685e-05
5.15669e-05
5.15652e-05
5.15636e-05
5.15619e-05
5.15602e-05
5.15586e-05
5.1557e-05
5.15553e-05
5.15537e-05
5.1552e-05
5.15504e-05
5.15487e-05
5.15471e-05
5.15455e-05
5.15438e-05
5.15422e-05
5.15406e-05
5.15389e-05
5.15373e-05
5.15357e-05
5.15341e-05
5.15324e-05
5.15308e-05
5.15292e-05
5.15276e-05
5.1526e-05
5.15244e-05
5.15228e-05
5.15212e-05
5.15195e-05
5.15179e-05
5.15163e-05
5.15147e-05
5.15131e-05
5.15115e-05
5.15099e-05
5.15083e-05
5.15068e-05
5.15052e-05
5.15036e-05
5.1502e-05
5.15004e-05
5.14988e-05
5.14972e-05
5.14956e-05
5.14941e-05
5.14925e-05
5.14909e-05
5.14893e-05
5.14878e-05
5.14862e-05
5.14846e-05
5.14831e-05
5.14815e-05
5.14799e-05
5.14784e-05
5.14768e-05
5.14753e-05
5.14737e-05
5.14721e-05
5.14706e-05
5.1469e-05
5.14675e-05
5.14659e-05
5.14644e-05
5.14628e-05
5.14613e-05
5.14598e-05
5.14582e-05
5.14567e-05
5.14551e-05
5.14536e-05
5.14521e-05
5.14505e-05
5.1449e-05
5.14475e-05
5.1446e-05
5.14444e-05
5.14429e-05
5.14414e-05
5.14399e-05
5.14383e-05
5.14368e-05
5.14353e-05
5.14338e-05
5.14323e-05
5.14308e-05
5.14293e-05
5.14278e-05
5.14263e-05
5.14248e-05
5.14233e-05
5.14218e-05
5.14203e-05
5.14188e-05
5.14173e-05
5.14158e-05
5.14143e-05
5.14128e-05
5.14113e-05
5.14098e-05
5.14083e-05
5.14068e-05
5.14054e-05
5.14039e-05
5.14024e-05
5.14009e-05
5.13994e-05
5.1398e-05
5.13965e-05
5.1395e-05
5.13936e-05
5.13921e-05
5.13906e-05
5.13892e-05
5.13877e-05
5.13862e-05
5.13848e-05
5.13833e-05
5.13819e-05
5.13804e-05
5.13789e-05
5.13775e-05
5.1376e-05
5.13746e-05
5.13731e-05
5.13717e-05
5.13703e-05
5.13688e-05
5.13674e-05
5.13659e-05
5.13645e-05
5.13631e-05
5.13616e-05
5.13602e-05
5.13588e-05
5.13573e-05
5.13559e-05
5.13545e-05
5.1353e-05
5.13516e-05
5.13502e-05
5.13488e-05
5.13474e-05
5.13459e-05
5.13445e-05
5.13431e-05
5.13417e-05
5.13403e-05
5.13389e-05
5.13375e-05
5.13361e-05
5.13346e-05
5.13332e-05
5.13318e-05
5.13304e-05
5.1329e-05
5.13276e-05
5.13262e-05
5.13248e-05
5.13235e-05
5.13221e-05
5.13207e-05
5.13193e-05
5.13179e-05
5.13165e-05
5.13151e-05
5.13137e-05
5.13124e-05
5.1311e-05
5.13096e-05
5.13082e-05
5.13068e-05
5.13055e-05
5.13041e-05
5.13027e-05
5.13014e-05
5.13e-05
5.12986e-05
5.12973e-05
5.12959e-05
5.12945e-05
5.12932e-05
5.12918e-05
5.12905e-05
5.12891e-05
5.12877e-05
5.12864e-05
5.1285e-05
5.12837e-05
5.12823e-05
5.1281e-05
5.12796e-05
5.12783e-05
5.1277e-05
5.12756e-05
5.12743e-05
5.12729e-05
5.12716e-05
5.12703e-05
5.12689e-05
5.12676e-05
5.12663e-05
5.12649e-05
5.12636e-05
5.12623e-05
5.1261e-05
5.12596e-05
5.12583e-05
5.1257e-05
5.12557e-05
5.12543e-05
5.1253e-05
5.12517e-05
5.12504e-05
5.12491e-05
5.12478e-05
5.12465e-05
5.12452e-05
5.12438e-05
5.12425e-05
5.12412e-05
5.12399e-05
5.12386e-05
5.12373e-05
5.1236e-05
5.12347e-05
5.12334e-05
5.12321e-05
5.12308e-05
5.12296e-05
5.12283e-05
5.1227e-05
5.12257e-05
5.12244e-05
5.12231e-05
5.12218e-05
5.12205e-05
5.12193e-05
5.1218e-05
5.12167e-05
5.12154e-05
5.12142e-05
5.12129e-05
5.12116e-05
5.12103e-05
5.12091e-05
5.12078e-05
5.12065e-05
5.12053e-05
5.1204e-05
5.12027e-05
5.12015e-05
5.12002e-05
5.1199e-05
5.11977e-05
5.11964e-05
5.11952e-05
5.11939e-05
5.11927e-05
5.11914e-05
5.11902e-05
5.11889e-05
5.11877e-05
5.11864e-05
5.11852e-05
5.1184e-05
5.11827e-05
5.11815e-05
5.11802e-05
5.1179e-05
5.11778e-05
5.11765e-05
5.11753e-05
5.11741e-05
5.11728e-05
5.11716e-05
5.11704e-05
5.11692e-05
5.11679e-05
5.11667e-05
5.11655e-05
5.11643e-05
5.1163e-05
5.11618e-05
5.11606e-05
5.11594e-05
5.11582e-05
5.1157e-05
5.11557e-05
5.11545e-05
5.11533e-05
5.11521e-05
5.11509e-05
5.11497e-05
5.11485e-05
5.11473e-05
5.11461e-05
5.11449e-05
5.11437e-05
5.11425e-05
5.11413e-05
5.11401e-05
5.11389e-05
5.11377e-05
5.11365e-05
5.11353e-05
5.11341e-05
5.1133e-05
5.11318e-05
5.11306e-05
5.11294e-05
5.11282e-05
5.1127e-05
5.11259e-05
5.11247e-05
5.11235e-05
5.11223e-05
5.11212e-05
5.112e-05
5.11188e-05
5.11176e-05
5.11165e-05
5.11153e-05
5.11141e-05
5.1113e-05
5.11118e-05
5.11106e-05
5.11095e-05
5.11083e-05
5.11072e-05
5.1106e-05
5.11048e-05
5.11037e-05
5.11025e-05
5.11014e-05
5.11002e-05
5.10991e-05
5.10979e-05
5.10968e-05
5.10956e-05
5.10945e-05
5.10933e-05
5.10922e-05
5.1091e-05
5.10899e-05
5.10888e-05
5.10876e-05
5.10865e-05
5.10853e-05
5.10842e-05
5.10831e-05
5.10819e-05
5.10808e-05
5.10797e-05
5.10786e-05
5.10774e-05
5.10763e-05
5.10752e-05
5.10741e-05
5.10729e-05
5.10718e-05
5.10707e-05
5.10696e-05
5.10684e-05
5.10673e-05
5.10662e-05
5.10651e-05
5.1064e-05
5.10629e-05
5.10618e-05
5.10607e-05
5.10595e-05
5.10584e-05
5.10573e-05
5.10562e-05
5.10551e-05
5.1054e-05
5.10529e-05
5.10518e-05
5.10507e-05
5.10496e-05
5.10485e-05
5.10474e-05
5.10463e-05
5.10452e-05
5.10442e-05
5.10431e-05
5.1042e-05
5.10409e-05
5.10398e-05
5.10387e-05
5.10376e-05
5.10365e-05
5.10355e-05
5.10344e-05
5.10333e-05
5.10322e-05
5.10311e-05
5.10301e-05
5.1029e-05
5.10279e-05
5.10268e-05
5.10258e-05
5.10247e-05
5.10236e-05
5.10226e-05
5.10215e-05
5.10204e-05
5.10194e-05
5.10183e-05
5.10172e-05
5.10162e-05
5.10151e-05
5.1014e-05
5.1013e-05
5.10119e-05
5.10109e-05
5.10098e-05
5.10088e-05
5.10077e-05
5.10067e-05
5.10056e-05
5.10046e-05
5.10035e-05
5.10025e-05
5.10014e-05
5.10004e-05
5.09993e-05
5.09983e-05
5.09972e-05
5.09962e-05
5.09952e-05
5.09941e-05
5.09931e-05
5.0992e-05
5.0991e-05
5.099e-05
5.09889e-05
5.09879e-05
5.09869e-05
5.09859e-05
5.09848e-05
5.09838e-05
5.09828e-05
5.09817e-05
5.09807e-05
5.09797e-05
5.09787e-05
5.09777e-05
5.09766e-05
5.09756e-05
5.09746e-05
5.09736e-05
5.09726e-05
5.09716e-05
5.09705e-05
5.09695e-05
5.09685e-05
5.09675e-05
5.09665e-05
5.09655e-05
5.09645e-05
5.09635e-05
5.09625e-05
5.09615e-05
5.09605e-05
5.09595e-05
5.09585e-05
5.09575e-05
5.09565e-05
5.09555e-05
5.09545e-05
5.09535e-05
5.09525e-05
5.09515e-05
5.09505e-05
5.09495e-05
5.09485e-05
5.09475e-05
5.09466e-05
5.09456e-05
5.09446e-05
5.09436e-05
5.09426e-05
5.09416e-05
5.09407e-05
5.09397e-05
5.09387e-05
5.09377e-05
5.09367e-05
5.09358e-05
5.09348e-05
5.09338e-05
5.09328e-05
5.09319e-05
5.09309e-05
5.09299e-05
5.0929e-05
5.0928e-05
5.0927e-05
5.09261e-05
5.09251e-05
5.09241e-05
5.09232e-05
5.09222e-05
5.09212e-05
5.09203e-05
5.09193e-05
5.09184e-05
5.09174e-05
5.09165e-05
5.09155e-05
5.09146e-05
5.09136e-05
5.09127e-05
5.09117e-05
5.09108e-05
5.09098e-05
5.09089e-05
5.09079e-05
5.0907e-05
5.0906e-05
5.09051e-05
5.09041e-05
5.09032e-05
5.09023e-05
5.09013e-05
5.09004e-05
5.08994e-05
5.08985e-05
5.08976e-05
5.08966e-05
5.08957e-05
5.08948e-05
5.08938e-05
5.08929e-05
5.0892e-05
5.08911e-05
5.08901e-05
5.08892e-05
5.08883e-05
5.08874e-05
5.08864e-05
5.08855e-05
5.08846e-05
5.08837e-05
5.08827e-05
5.08818e-05
5.08809e-05
5.088e-05
5.08791e-05
5.08782e-05
5.08773e-05
5.08763e-05
5.08754e-05
5.08745e-05
5.08736e-05
5.08727e-05
5.08718e-05
5.08709e-05
5.087e-05
5.08691e-05
5.08682e-05
5.08673e-05
5.08664e-05
5.08655e-05
5.08646e-05
5.08637e-05
5.08628e-05
5.08619e-05
5.0861e-05
5.08601e-05
5.08592e-05
5.08583e-05
5.08574e-05
5.08565e-05
5.08556e-05
5.08547e-05
5.08538e-05
5.0853e-05
5.08521e-05
5.08512e-05
5.08503e-05
5.08494e-05
5.08485e-05
5.08477e-05
5.08468e-05
5.08459e-05
5.0845e-05
5.08441e-05
5.08433e-05
5.08424e-05
5.08415e-05
5.08406e-05
5.08398e-05
5.08389e-05
5.0838e-05
5.08371e-05
5.08363e-05
5.08354e-05
5.08345e-05
5.08337e-05
5.08328e-05
5.08319e-05
5.08311e-05
5.08302e-05
5.08294e-05
5.08285e-05
5.08276e-05
5.08268e-05
5.08259e-05
5.08251e-05
5.08242e-05
5.08233e-05
5.08225e-05
5.08216e-05
5.08208e-05
5.08199e-05
5.08191e-05
5.08182e-05
5.08174e-05
5.08165e-05
5.08157e-05
5.08148e-05
5.0814e-05
5.08131e-05
5.08123e-05
5.08115e-05
5.08106e-05
5.08098e-05
5.08089e-05
5.08081e-05
5.08073e-05
5.08064e-05
5.08056e-05
5.08047e-05
5.08039e-05
5.08031e-05
5.08022e-05
5.08014e-05
5.08006e-05
5.07997e-05
5.07989e-05
5.07981e-05
5.07973e-05
5.07964e-05
5.07956e-05
5.07948e-05
5.0794e-05
5.07931e-05
5.07923e-05
5.07915e-05
5.07907e-05
5.07898e-05
5.0789e-05
5.07882e-05
5.07874e-05
5.07866e-05
5.07858e-05
5.07849e-05
5.07841e-05
5.07833e-05
5.07825e-05
5.07817e-05
5.07809e-05
5.07801e-05
5.07793e-05
5.07785e-05
5.07777e-05
5.07768e-05
5.0776e-05
5.07752e-05
5.07744e-05
5.07736e-05
5.07728e-05
5.0772e-05
5.07712e-05
5.07704e-05
5.07696e-05
5.07688e-05
5.0768e-05
5.07672e-05
5.07664e-05
5.07656e-05
5.07649e-05
5.07641e-05
5.07633e-05
5.07625e-05
5.07617e-05
5.07609e-05
5.07601e-05
5.07593e-05
5.07585e-05
5.07577e-05
5.0757e-05
5.07562e-05
5.07554e-05
5.07546e-05
5.07538e-05
5.0753e-05
5.07523e-05
5.07515e-05
5.07507e-05
5.07499e-05
5.07492e-05
5.07484e-05
5.07476e-05
5.07468e-05
5.07461e-05
5.07453e-05
5.07445e-05
5.07437e-05
5.0743e-05
5.07422e-05
5.07414e-05
5.07407e-05
5.07399e-05
5.07391e-05
5.07384e-05
5.07376e-05
5.07368e-05
5.07361e-05
5.07353e-05
5.07346e-05
5.07338e-05
5.0733e-05
5.07323e-05
5.07315e-05
5.07308e-05
5.073e-05
5.07292e-05
5.07285e-05
5.07277e-05
5.0727e-05
5.07262e-05
5.07255e-05
5.07247e-05
5.0724e-05
5.07232e-05
5.07225e-05
5.07217e-05
5.0721e-05
5.07202e-05
5.07195e-05
5.07187e-05
5.0718e-05
5.07173e-05
5.07165e-05
5.07158e-05
5.0715e-05
5.07143e-05
5.07136e-05
5.07128e-05
5.07121e-05
5.07113e-05
5.07106e-05
5.07099e-05
5.07091e-05
5.07084e-05
5.07077e-05
5.07069e-05
5.07062e-05
5.07055e-05
5.07047e-05
5.0704e-05
5.07033e-05
5.07026e-05
5.07018e-05
5.07011e-05
5.07004e-05
5.06997e-05
5.06989e-05
5.06982e-05
5.06975e-05
5.06968e-05
5.06961e-05
5.06953e-05
5.06946e-05
5.06939e-05
5.06932e-05
5.06925e-05
5.06917e-05
5.0691e-05
5.06903e-05
5.06896e-05
5.06889e-05
5.06882e-05
5.06875e-05
5.06868e-05
5.0686e-05
5.06853e-05
5.06846e-05
5.06839e-05
5.06832e-05
5.06825e-05
5.06818e-05
5.06811e-05
5.06804e-05
5.06797e-05
5.0679e-05
5.06783e-05
5.06776e-05
5.06769e-05
5.06762e-05
5.06755e-05
5.06748e-05
5.06741e-05
5.06734e-05
5.06727e-05
5.0672e-05
5.06713e-05
5.06706e-05
5.06699e-05
5.06692e-05
5.06685e-05
5.06678e-05
5.06672e-05
5.06665e-05
5.06658e-05
5.06651e-05
5.06644e-05
5.06637e-05
5.0663e-05
5.06623e-05
5.06617e-05
5.0661e-05
5.06603e-05
5.06596e-05
5.06589e-05
5.06583e-05
5.06576e-05
5.06569e-05
5.06562e-05
5.06555e-05
5.06549e-05
5.06542e-05
5.06535e-05
5.06528e-05
5.06522e-05
5.06515e-05
5.06508e-05
5.06501e-05
5.06495e-05
5.06488e-05
5.06481e-05
5.06475e-05
5.06468e-05
5.06461e-05
5.06455e-05
5.06448e-05
5.06441e-05
5.06435e-05
5.06428e-05
5.06421e-05
5.06415e-05
5.06408e-05
5.06401e-05
5.06395e-05
5.06388e-05
5.06382e-05
5.06375e-05
5.06369e-05
5.06362e-05
5.06355e-05
5.06349e-05
5.06342e-05
5.06336e-05
5.06329e-05
5.06323e-05
5.06316e-05
5.0631e-05
5.06303e-05
5.06297e-05
5.0629e-05
5.06284e-05
5.06277e-05
5.06271e-05
5.06264e-05
5.06258e-05
5.06251e-05
5.06245e-05
5.06238e-05
5.06232e-05
5.06226e-05
5.06219e-05
5.06213e-05
5.06206e-05
5.062e-05
5.06193e-05
5.06187e-05
5.06181e-05
5.06174e-05
5.06168e-05
5.06162e-05
5.06155e-05
5.06149e-05
5.06143e-05
5.06136e-05
5.0613e-05
5.06124e-05
5.06117e-05
5.06111e-05
5.06105e-05
5.06098e-05
5.06092e-05
5.06086e-05
5.0608e-05
5.06073e-05
5.06067e-05
5.06061e-05
5.06055e-05
5.06048e-05
5.06042e-05
5.06036e-05
5.0603e-05
5.06023e-05
5.06017e-05
5.06011e-05
5.06005e-05
5.05999e-05
5.05992e-05
5.05986e-05
5.0598e-05
5.05974e-05
5.05968e-05
5.05962e-05
5.05955e-05
5.05949e-05
5.05943e-05
5.05937e-05
5.05931e-05
5.05925e-05
5.05919e-05
5.05913e-05
5.05907e-05
5.059e-05
5.05894e-05
5.05888e-05
5.05882e-05
5.05876e-05
5.0587e-05
5.05864e-05
5.05858e-05
5.05852e-05
5.05846e-05
5.0584e-05
5.05834e-05
5.05828e-05
5.05822e-05
5.05816e-05
5.0581e-05
5.05804e-05
5.05798e-05
5.05792e-05
5.05786e-05
5.0578e-05
5.05774e-05
5.05768e-05
5.05762e-05
5.05756e-05
5.0575e-05
5.05744e-05
5.05739e-05
5.05733e-05
5.05727e-05
5.05721e-05
5.05715e-05
5.05709e-05
5.05703e-05
5.05697e-05
5.05691e-05
5.05686e-05
5.0568e-05
5.05674e-05
5.05668e-05
5.05662e-05
5.05656e-05
5.05651e-05
5.05645e-05
5.05639e-05
5.05633e-05
5.05627e-05
5.05622e-05
5.05616e-05
5.0561e-05
5.05604e-05
5.05598e-05
5.05593e-05
5.05587e-05
5.05581e-05
5.05575e-05
5.0557e-05
5.05564e-05
5.05558e-05
5.05553e-05
5.05547e-05
5.05541e-05
5.05535e-05
5.0553e-05
5.05524e-05
5.05518e-05
5.05513e-05
5.05507e-05
5.05501e-05
5.05496e-05
5.0549e-05
5.05484e-05
5.05479e-05
5.05473e-05
5.05467e-05
5.05462e-05
5.05456e-05
5.05451e-05
5.05445e-05
5.05439e-05
5.05434e-05
5.05428e-05
5.05423e-05
5.05417e-05
5.05411e-05
5.05406e-05
5.054e-05
5.05395e-05
5.05389e-05
5.05384e-05
5.05378e-05
5.05373e-05
5.05367e-05
5.05362e-05
5.05356e-05
5.05351e-05
5.05345e-05
5.0534e-05
5.05334e-05
5.05329e-05
5.05323e-05
5.05318e-05
5.05312e-05
5.05307e-05
5.05301e-05
5.05296e-05
5.0529e-05
5.05285e-05
5.0528e-05
5.05274e-05
5.05269e-05
5.05263e-05
5.05258e-05
5.05252e-05
5.05247e-05
5.05242e-05
5.05236e-05
5.05231e-05
5.05226e-05
5.0522e-05
5.05215e-05
5.05209e-05
5.05204e-05
5.05199e-05
5.05193e-05
5.05188e-05
5.05183e-05
5.05177e-05
5.05172e-05
5.05167e-05
5.05161e-05
5.05156e-05
5.05151e-05
5.05146e-05
5.0514e-05
5.05135e-05
5.0513e-05
5.05124e-05
5.05119e-05
5.05114e-05
5.05109e-05
5.05103e-05
5.05098e-05
5.05093e-05
5.05088e-05
5.05083e-05
5.05077e-05
5.05072e-05
5.05067e-05
5.05062e-05
5.05056e-05
5.05051e-05
5.05046e-05
5.05041e-05
5.05036e-05
5.05031e-05
5.05025e-05
5.0502e-05
5.05015e-05
5.0501e-05
5.05005e-05
5.05e-05
5.04995e-05
5.04989e-05
5.04984e-05
5.04979e-05
5.04974e-05
5.04969e-05
5.04964e-05
5.04959e-05
5.04954e-05
5.04949e-05
5.04943e-05
5.04938e-05
5.04933e-05
5.04928e-05
5.04923e-05
5.04918e-05
5.04913e-05
5.04908e-05
5.04903e-05
5.04898e-05
5.04893e-05
5.04888e-05
5.04883e-05
5.04878e-05
5.04873e-05
5.04868e-05
5.04863e-05
5.04858e-05
5.04853e-05
5.04848e-05
5.04843e-05
5.04838e-05
5.04833e-05
5.04828e-05
5.04823e-05
5.04818e-05
5.04813e-05
5.04808e-05
5.04803e-05
5.04798e-05
5.04794e-05
5.04789e-05
5.04784e-05
5.04779e-05
5.04774e-05
5.04769e-05
5.04764e-05
5.04759e-05
5.04754e-05
5.04749e-05
5.04745e-05
5.0474e-05
5.04735e-05
5.0473e-05
5.04725e-05
5.0472e-05
5.04716e-05
5.04711e-05
5.04706e-05
5.04701e-05
5.04696e-05
5.04691e-05
5.04687e-05
5.04682e-05
5.04677e-05
5.04672e-05
5.04667e-05
5.04663e-05
5.04658e-05
5.04653e-05
5.04648e-05
5.04644e-05
5.04639e-05
5.04634e-05
5.04629e-05
5.04624e-05
5.0462e-05
5.04615e-05
5.0461e-05
5.04606e-05
5.04601e-05
5.04596e-05
5.04591e-05
5.04587e-05
5.04582e-05
5.04577e-05
5.04573e-05
5.04568e-05
5.04563e-05
5.04559e-05
5.04554e-05
5.04549e-05
5.04545e-05
5.0454e-05
5.04535e-05
5.04531e-05
5.04526e-05
5.04521e-05
5.04517e-05
5.04512e-05
5.04507e-05
5.04503e-05
5.04498e-05
5.04494e-05
5.04489e-05
5.04484e-05
5.0448e-05
5.04475e-05
5.04471e-05
5.04466e-05
5.04462e-05
5.04457e-05
5.04452e-05
5.04448e-05
5.04443e-05
5.04439e-05
5.04434e-05
5.0443e-05
5.04425e-05
5.04421e-05
5.04416e-05
5.04411e-05
5.04407e-05
5.04402e-05
5.04398e-05
5.04393e-05
5.04389e-05
5.04384e-05
5.0438e-05
5.04375e-05
5.04371e-05
5.04367e-05
5.04362e-05
5.04358e-05
5.04353e-05
5.04349e-05
5.04344e-05
5.0434e-05
5.04335e-05
5.04331e-05
5.04326e-05
5.04322e-05
5.04318e-05
5.04313e-05
5.04309e-05
5.04304e-05
5.043e-05
5.04296e-05
5.04291e-05
5.04287e-05
5.04282e-05
5.04278e-05
5.04274e-05
5.04269e-05
5.04265e-05
5.04261e-05
5.04256e-05
5.04252e-05
5.04247e-05
5.04243e-05
5.04239e-05
5.04234e-05
5.0423e-05
5.04226e-05
5.04221e-05
5.04217e-05
5.04213e-05
5.04208e-05
5.04204e-05
5.042e-05
5.04196e-05
5.04191e-05
5.04187e-05
5.04183e-05
5.04178e-05
5.04174e-05
5.0417e-05
5.04166e-05
5.04161e-05
5.04157e-05
5.04153e-05
5.04149e-05
5.04144e-05
5.0414e-05
5.04136e-05
5.04132e-05
5.04127e-05
5.04123e-05
5.04119e-05
5.04115e-05
5.04111e-05
5.04106e-05
5.04102e-05
5.04098e-05
5.04094e-05
5.0409e-05
5.04085e-05
5.04081e-05
5.04077e-05
5.04073e-05
5.04069e-05
5.04065e-05
5.0406e-05
5.04056e-05
5.04052e-05
5.04048e-05
5.04044e-05
5.0404e-05
5.04036e-05
5.04031e-05
5.04027e-05
5.04023e-05
5.04019e-05
5.04015e-05
5.04011e-05
5.04007e-05
5.04003e-05
5.03999e-05
5.03995e-05
5.0399e-05
5.03986e-05
5.03982e-05
5.03978e-05
5.03974e-05
5.0397e-05
5.03966e-05
5.03962e-05
5.03958e-05
5.03954e-05
5.0395e-05
5.03946e-05
5.03942e-05
5.03938e-05
5.03934e-05
5.0393e-05
5.03926e-05
5.03922e-05
5.03918e-05
5.03914e-05
5.0391e-05
5.03906e-05
5.03902e-05
5.03898e-05
5.03894e-05
5.0389e-05
5.03886e-05
5.03882e-05
5.03878e-05
5.03874e-05
5.0387e-05
5.03866e-05
5.03862e-05
5.03858e-05
5.03854e-05
5.0385e-05
5.03846e-05
5.03842e-05
5.03838e-05
5.03834e-05
5.03831e-05
5.03827e-05
5.03823e-05
5.03819e-05
5.03815e-05
5.03811e-05
5.03807e-05
5.03803e-05
5.03799e-05
5.03795e-05
5.03792e-05
5.03788e-05
5.03784e-05
5.0378e-05
5.03776e-05
5.03772e-05
5.03768e-05
5.03765e-05
5.03761e-05
5.03757e-05
5.03753e-05
5.03749e-05
5.03745e-05
5.03742e-05
5.03738e-05
5.03734e-05
5.0373e-05
5.03726e-05
5.03723e-05
5.03719e-05
5.03715e-05
5.03711e-05
5.03707e-05
5.03704e-05
5.037e-05
5.03696e-05
5.03692e-05
5.03688e-05
5.03685e-05
5.03681e-05
5.03677e-05
5.03673e-05
5.0367e-05
5.03666e-05
5.03662e-05
5.03658e-05
5.03655e-05
5.03651e-05
5.03647e-05
5.03644e-05
5.0364e-05
5.03636e-05
5.03632e-05
5.03629e-05
5.03625e-05
5.03621e-05
5.03618e-05
5.03614e-05
5.0361e-05
5.03607e-05
5.03603e-05
5.03599e-05
5.03596e-05
5.03592e-05
5.03588e-05
5.03585e-05
5.03581e-05
5.03577e-05
5.03574e-05
5.0357e-05
5.03566e-05
5.03563e-05
5.03559e-05
5.03555e-05
5.03552e-05
5.03548e-05
5.03545e-05
5.03541e-05
5.03537e-05
5.03534e-05
5.0353e-05
5.03526e-05
5.03523e-05
5.03519e-05
5.03516e-05
5.03512e-05
5.03509e-05
5.03505e-05
5.03501e-05
5.03498e-05
5.03494e-05
5.03491e-05
5.03487e-05
5.03484e-05
5.0348e-05
5.03476e-05
5.03473e-05
5.03469e-05
5.03466e-05
5.03462e-05
5.03459e-05
5.03455e-05
5.03452e-05
5.03448e-05
5.03445e-05
5.03441e-05
5.03438e-05
5.03434e-05
5.03431e-05
5.03427e-05
5.03424e-05
5.0342e-05
5.03417e-05
5.03413e-05
5.0341e-05
5.03406e-05
5.03403e-05
5.03399e-05
5.03396e-05
5.03392e-05
5.03389e-05
5.03385e-05
5.03382e-05
5.03379e-05
5.03375e-05
5.03372e-05
5.03368e-05
5.03365e-05
5.03361e-05
5.03358e-05
5.03355e-05
5.03351e-05
5.03348e-05
5.03344e-05
5.03341e-05
5.03338e-05
5.03334e-05
5.03331e-05
5.03327e-05
5.03324e-05
5.03321e-05
5.03317e-05
5.03314e-05
5.0331e-05
5.03307e-05
5.03304e-05
5.033e-05
5.03297e-05
5.03294e-05
5.0329e-05
5.03287e-05
5.03284e-05
5.0328e-05
5.03277e-05
5.03273e-05
5.0327e-05
5.03267e-05
5.03264e-05
5.0326e-05
5.03257e-05
5.03254e-05
5.0325e-05
5.03247e-05
5.03244e-05
5.0324e-05
5.03237e-05
5.03234e-05
5.0323e-05
5.03227e-05
5.03224e-05
5.03221e-05
5.03217e-05
5.03214e-05
5.03211e-05
5.03207e-05
5.03204e-05
5.03201e-05
5.03198e-05
5.03194e-05
5.03191e-05
5.03188e-05
5.03185e-05
5.03181e-05
5.03178e-05
5.03175e-05
5.03172e-05
5.03168e-05
5.03165e-05
5.03162e-05
5.03159e-05
5.03156e-05
5.03152e-05
5.03149e-05
5.03146e-05
5.03143e-05
5.0314e-05
5.03136e-05
5.03133e-05
5.0313e-05
5.03127e-05
5.03124e-05
5.0312e-05
5.03117e-05
5.03114e-05
5.03111e-05
5.03108e-05
5.03105e-05
5.03101e-05
5.03098e-05
5.03095e-05
5.03092e-05
5.03089e-05
5.03086e-05
5.03083e-05
5.03079e-05
5.03076e-05
5.03073e-05
5.0307e-05
5.03067e-05
5.03064e-05
5.03061e-05
5.03058e-05
5.03054e-05
5.03051e-05
5.03048e-05
5.03045e-05
5.03042e-05
5.03039e-05
5.03036e-05
5.03033e-05
5.0303e-05
5.03027e-05
5.03024e-05
5.0302e-05
5.03017e-05
5.03014e-05
5.03011e-05
5.03008e-05
5.03005e-05
5.03002e-05
5.02999e-05
5.02996e-05
5.02993e-05
5.0299e-05
5.02987e-05
5.02984e-05
5.02981e-05
5.02978e-05
5.02975e-05
5.02972e-05
5.02969e-05
5.02966e-05
5.02963e-05
5.0296e-05
5.02957e-05
5.02954e-05
5.02951e-05
5.02948e-05
5.02945e-05
5.02942e-05
5.02939e-05
5.02936e-05
5.02933e-05
5.0293e-05
5.02927e-05
5.02924e-05
5.02921e-05
5.02918e-05
5.02915e-05
5.02912e-05
5.02909e-05
5.02906e-05
5.02903e-05
5.029e-05
5.02897e-05
5.02894e-05
5.02891e-05
5.02888e-05
5.02885e-05
5.02882e-05
5.02879e-05
5.02877e-05
5.02874e-05
5.02871e-05
5.02868e-05
5.02865e-05
5.02862e-05
5.02859e-05
5.02856e-05
5.02853e-05
5.0285e-05
5.02847e-05
5.02845e-05
5.02842e-05
5.02839e-05
5.02836e-05
5.02833e-05
5.0283e-05
5.02827e-05
5.02824e-05
5.02821e-05
5.02819e-05
5.02816e-05
5.02813e-05
5.0281e-05
5.02807e-05
5.02804e-05
5.02801e-05
5.02799e-05
5.02796e-05
5.02793e-05
5.0279e-05
5.02787e-05
5.02784e-05
5.02782e-05
5.02779e-05
5.02776e-05
5.02773e-05
5.0277e-05
5.02767e-05
5.02765e-05
5.02762e-05
5.02759e-05
5.02756e-05
5.02753e-05
5.02751e-05
5.02748e-05
5.02745e-05
5.02742e-05
5.0274e-05
5.02737e-05
5.02734e-05
5.02731e-05
5.02728e-05
5.02726e-05
5.02723e-05
5.0272e-05
5.02717e-05
5.02715e-05
5.02712e-05
5.02709e-05
5.02706e-05
5.02704e-05
5.02701e-05
5.02698e-05
5.02695e-05
5.02693e-05
5.0269e-05
5.02687e-05
5.02684e-05
5.02682e-05
5.02679e-05
5.02676e-05
5.02674e-05
5.02671e-05
5.02668e-05
5.02665e-05
5.02663e-05
5.0266e-05
5.02657e-05
5.02655e-05
5.02652e-05
5.02649e-05
5.02647e-05
5.02644e-05
5.02641e-05
5.02638e-05
5.02636e-05
5.02633e-05
5.0263e-05
5.02628e-05
5.02625e-05
5.02622e-05
5.0262e-05
5.02617e-05
5.02614e-05
5.02612e-05
5.02609e-05
5.02607e-05
5.02604e-05
5.02601e-05
5.02599e-05
5.02596e-05
5.02593e-05
5.02591e-05
5.02588e-05
5.02585e-05
5.02583e-05
5.0258e-05
5.02578e-05
5.02575e-05
5.02572e-05
5.0257e-05
5.02567e-05
5.02565e-05
5.02562e-05
5.02559e-05
5.02557e-05
5.02554e-05
5.02552e-05
5.02549e-05
5.02546e-05
5.02544e-05
5.02541e-05
5.02539e-05
5.02536e-05
5.02533e-05
5.02531e-05
5.02528e-05
5.02526e-05
5.02523e-05
5.02521e-05
5.02518e-05
5.02516e-05
5.02513e-05
5.0251e-05
5.02508e-05
5.02505e-05
5.02503e-05
5.025e-05
5.02498e-05
5.02495e-05
5.02493e-05
5.0249e-05
5.02488e-05
5.02485e-05
5.02483e-05
5.0248e-05
5.02478e-05
5.02475e-05
5.02473e-05
5.0247e-05
5.02467e-05
5.02465e-05
5.02462e-05
5.0246e-05
5.02458e-05
5.02455e-05
5.02453e-05
5.0245e-05
5.02448e-05
5.02445e-05
5.02443e-05
5.0244e-05
5.02438e-05
5.02435e-05
5.02433e-05
5.0243e-05
5.02428e-05
5.02425e-05
5.02423e-05
5.0242e-05
5.02418e-05
5.02415e-05
5.02413e-05
5.02411e-05
5.02408e-05
5.02406e-05
5.02403e-05
5.02401e-05
5.02398e-05
5.02396e-05
5.02394e-05
5.02391e-05
5.02389e-05
5.02386e-05
5.02384e-05
5.02381e-05
5.02379e-05
5.02377e-05
5.02374e-05
5.02372e-05
5.02369e-05
5.02367e-05
5.02365e-05
5.02362e-05
5.0236e-05
5.02357e-05
5.02355e-05
5.02353e-05
5.0235e-05
5.02348e-05
5.02346e-05
5.02343e-05
5.02341e-05
5.02338e-05
5.02336e-05
5.02334e-05
5.02331e-05
5.02329e-05
5.02327e-05
5.02324e-05
5.02322e-05
5.02319e-05
5.02317e-05
5.02315e-05
5.02312e-05
5.0231e-05
5.02308e-05
5.02305e-05
5.02303e-05
5.02301e-05
5.02298e-05
5.02296e-05
5.02294e-05
5.02291e-05
5.02289e-05
5.02287e-05
5.02284e-05
5.02282e-05
5.0228e-05
5.02278e-05
5.02275e-05
5.02273e-05
5.02271e-05
5.02268e-05
5.02266e-05
5.02264e-05
5.02261e-05
5.02259e-05
5.02257e-05
5.02255e-05
5.02252e-05
5.0225e-05
5.02248e-05
5.02245e-05
5.02243e-05
5.02241e-05
5.02239e-05
5.02236e-05
5.02234e-05
5.02232e-05
5.0223e-05
5.02227e-05
5.02225e-05
5.02223e-05
5.02221e-05
5.02218e-05
5.02216e-05
5.02214e-05
5.02212e-05
5.02209e-05
5.02207e-05
5.02205e-05
5.02203e-05
5.022e-05
5.02198e-05
5.02196e-05
5.02194e-05
5.02192e-05
5.02189e-05
5.02187e-05
5.02185e-05
5.02183e-05
5.0218e-05
5.02178e-05
5.02176e-05
5.02174e-05
5.02172e-05
5.02169e-05
5.02167e-05
5.02165e-05
5.02163e-05
5.02161e-05
5.02159e-05
5.02156e-05
5.02154e-05
5.02152e-05
5.0215e-05
5.02148e-05
5.02145e-05
5.02143e-05
5.02141e-05
5.02139e-05
5.02137e-05
5.02135e-05
5.02132e-05
5.0213e-05
5.02128e-05
5.02126e-05
5.02124e-05
5.02122e-05
5.0212e-05
5.02117e-05
5.02115e-05
5.02113e-05
5.02111e-05
5.02109e-05
5.02107e-05
5.02105e-05
5.02102e-05
5.021e-05
5.02098e-05
5.02096e-05
5.02094e-05
5.02092e-05
5.0209e-05
5.02088e-05
5.02085e-05
5.02083e-05
5.02081e-05
5.02079e-05
5.02077e-05
5.02075e-05
5.02073e-05
5.02071e-05
5.02069e-05
5.02067e-05
5.02064e-05
5.02062e-05
5.0206e-05
5.02058e-05
5.02056e-05
5.02054e-05
5.02052e-05
5.0205e-05
5.02048e-05
5.02046e-05
5.02044e-05
5.02042e-05
5.0204e-05
5.02038e-05
5.02035e-05
5.02033e-05
5.02031e-05
5.02029e-05
5.02027e-05
5.02025e-05
5.02023e-05
5.02021e-05
5.02019e-05
5.02017e-05
5.02015e-05
5.02013e-05
5.02011e-05
5.02009e-05
5.02007e-05
5.02005e-05
5.02003e-05
5.02001e-05
5.01999e-05
5.01997e-05
5.01995e-05
5.01993e-05
5.01991e-05
5.01989e-05
5.01987e-05
5.01985e-05
5.01983e-05
5.01981e-05
5.01979e-05
5.01977e-05
5.01975e-05
5.01973e-05
5.01971e-05
5.01969e-05
5.01967e-05
5.01965e-05
5.01963e-05
5.01961e-05
5.01959e-05
5.01957e-05
5.01955e-05
5.01953e-05
5.01951e-05
5.01949e-05
5.01947e-05
5.01945e-05
5.01943e-05
5.01941e-05
5.01939e-05
5.01937e-05
5.01935e-05
5.01933e-05
5.01931e-05
5.01929e-05
5.01927e-05
5.01925e-05
5.01923e-05
5.01921e-05
5.01919e-05
5.01918e-05
5.01916e-05
5.01914e-05
5.01912e-05
5.0191e-05
5.01908e-05
5.01906e-05
5.01904e-05
5.01902e-05
5.019e-05
5.01898e-05
5.01896e-05
5.01894e-05
5.01893e-05
5.01891e-05
5.01889e-05
5.01887e-05
5.01885e-05
5.01883e-05
5.01881e-05
5.01879e-05
5.01877e-05
5.01875e-05
5.01873e-05
5.01872e-05
5.0187e-05
5.01868e-05
5.01866e-05
5.01864e-05
5.01862e-05
5.0186e-05
5.01858e-05
5.01857e-05
5.01855e-05
5.01853e-05
5.01851e-05
5.01849e-05
5.01847e-05
5.01845e-05
5.01843e-05
5.01842e-05
5.0184e-05
5.01838e-05
5.01836e-05
5.01834e-05
5.01832e-05
5.0183e-05
5.01829e-05
5.01827e-05
5.01825e-05
5.01823e-05
5.01821e-05
5.01819e-05
5.01818e-05
5.01816e-05
5.01814e-05
5.01812e-05
5.0181e-05
5.01808e-05
5.01807e-05
5.01805e-05
5.01803e-05
5.01801e-05
5.01799e-05
5.01797e-05
5.01796e-05
5.01794e-05
5.01792e-05
5.0179e-05
5.01788e-05
5.01787e-05
5.01785e-05
5.01783e-05
5.01781e-05
5.01779e-05
5.01778e-05
5.01776e-05
5.01774e-05
5.01772e-05
5.0177e-05
5.01769e-05
5.01767e-05
5.01765e-05
5.01763e-05
5.01762e-05
5.0176e-05
5.01758e-05
5.01756e-05
5.01754e-05
5.01753e-05
5.01751e-05
5.01749e-05
5.01747e-05
5.01746e-05
5.01744e-05
5.01742e-05
5.0174e-05
5.01739e-05
5.01737e-05
5.01735e-05
5.01733e-05
5.01732e-05
5.0173e-05
5.01728e-05
5.01726e-05
5.01725e-05
5.01723e-05
5.01721e-05
5.01719e-05
5.01718e-05
5.01716e-05
5.01714e-05
5.01712e-05
5.01711e-05
5.01709e-05
5.01707e-05
5.01706e-05
5.01704e-05
5.01702e-05
5.017e-05
5.01699e-05
5.01697e-05
5.01695e-05
5.01694e-05
5.01692e-05
5.0169e-05
5.01688e-05
5.01687e-05
5.01685e-05
5.01683e-05
5.01682e-05
5.0168e-05
5.01678e-05
5.01677e-05
5.01675e-05
5.01673e-05
5.01671e-05
5.0167e-05
5.01668e-05
5.01666e-05
5.01665e-05
5.01663e-05
5.01661e-05
5.0166e-05
5.01658e-05
5.01656e-05
5.01655e-05
5.01653e-05
5.01651e-05
5.0165e-05
5.01648e-05
5.01646e-05
5.01645e-05
5.01643e-05
5.01641e-05
5.0164e-05
5.01638e-05
5.01636e-05
5.01635e-05
5.01633e-05
5.01631e-05
5.0163e-05
5.01628e-05
5.01627e-05
5.01625e-05
5.01623e-05
5.01622e-05
5.0162e-05
5.01618e-05
5.01617e-05
5.01615e-05
5.01613e-05
5.01612e-05
5.0161e-05
5.01609e-05
5.01607e-05
5.01605e-05
5.01604e-05
5.01602e-05
5.016e-05
5.01599e-05
5.01597e-05
5.01596e-05
5.01594e-05
5.01592e-05
5.01591e-05
5.01589e-05
5.01588e-05
5.01586e-05
5.01584e-05
5.01583e-05
5.01581e-05
5.0158e-05
5.01578e-05
5.01576e-05
5.01575e-05
5.01573e-05
5.01572e-05
5.0157e-05
5.01569e-05
5.01567e-05
5.01565e-05
5.01564e-05
5.01562e-05
5.01561e-05
5.01559e-05
5.01557e-05
5.01556e-05
5.01554e-05
5.01553e-05
5.01551e-05
5.0155e-05
5.01548e-05
5.01547e-05
5.01545e-05
5.01543e-05
5.01542e-05
5.0154e-05
5.01539e-05
5.01537e-05
5.01536e-05
5.01534e-05
5.01533e-05
5.01531e-05
5.01529e-05
5.01528e-05
5.01526e-05
5.01525e-05
5.01523e-05
5.01522e-05
5.0152e-05
5.01519e-05
5.01517e-05
5.01516e-05
5.01514e-05
5.01513e-05
5.01511e-05
5.0151e-05
5.01508e-05
5.01507e-05
5.01505e-05
5.01503e-05
5.01502e-05
5.015e-05
5.01499e-05
5.01497e-05
5.01496e-05
5.01494e-05
5.01493e-05
5.01491e-05
5.0149e-05
5.01488e-05
5.01487e-05
5.01485e-05
5.01484e-05
5.01482e-05
5.01481e-05
5.01479e-05
5.01478e-05
5.01476e-05
5.01475e-05
5.01473e-05
5.01472e-05
5.01471e-05
5.01469e-05
5.01468e-05
5.01466e-05
5.01465e-05
5.01463e-05
5.01462e-05
5.0146e-05
5.01459e-05
5.01457e-05
5.01456e-05
5.01454e-05
5.01453e-05
5.01451e-05
5.0145e-05
5.01448e-05
5.01447e-05
5.01446e-05
5.01444e-05
5.01443e-05
5.01441e-05
5.0144e-05
5.01438e-05
5.01437e-05
5.01435e-05
5.01434e-05
5.01433e-05
5.01431e-05
5.0143e-05
5.01428e-05
5.01427e-05
5.01425e-05
5.01424e-05
5.01422e-05
5.01421e-05
5.0142e-05
5.01418e-05
5.01417e-05
5.01415e-05
5.01414e-05
5.01412e-05
5.01411e-05
5.0141e-05
5.01408e-05
5.01407e-05
5.01405e-05
5.01404e-05
5.01403e-05
5.01401e-05
5.014e-05
5.01398e-05
5.01397e-05
5.01395e-05
5.01394e-05
5.01393e-05
5.01391e-05
5.0139e-05
5.01388e-05
5.01387e-05
5.01386e-05
5.01384e-05
5.01383e-05
5.01382e-05
5.0138e-05
5.01379e-05
5.01377e-05
5.01376e-05
5.01375e-05
5.01373e-05
5.01372e-05
5.0137e-05
5.01369e-05
5.01368e-05
5.01366e-05
5.01365e-05
5.01364e-05
5.01362e-05
5.01361e-05
5.01359e-05
5.01358e-05
5.01357e-05
5.01355e-05
5.01354e-05
5.01353e-05
5.01351e-05
5.0135e-05
5.01349e-05
5.01347e-05
5.01346e-05
5.01344e-05
5.01343e-05
5.01342e-05
5.0134e-05
5.01339e-05
5.01338e-05
5.01336e-05
5.01335e-05
5.01334e-05
5.01332e-05
5.01331e-05
5.0133e-05
5.01328e-05
5.01327e-05
5.01326e-05
5.01324e-05
5.01323e-05
5.01322e-05
5.0132e-05
5.01319e-05
5.01318e-05
5.01316e-05
5.01315e-05
5.01314e-05
5.01312e-05
5.01311e-05
5.0131e-05
5.01308e-05
5.01307e-05
5.01306e-05
5.01304e-05
5.01303e-05
5.01302e-05
5.01301e-05
5.01299e-05
5.01298e-05
5.01297e-05
5.01295e-05
5.01294e-05
5.01293e-05
5.01291e-05
5.0129e-05
5.01289e-05
5.01288e-05
5.01286e-05
5.01285e-05
5.01284e-05
5.01282e-05
5.01281e-05
5.0128e-05
5.01278e-05
5.01277e-05
5.01276e-05
5.01275e-05
5.01273e-05
5.01272e-05
5.01271e-05
5.0127e-05
5.01268e-05
5.01267e-05
5.01266e-05
5.01264e-05
5.01263e-05
5.01262e-05
5.01261e-05
5.01259e-05
5.01258e-05
5.01257e-05
5.01256e-05
5.01254e-05
5.01253e-05
5.01252e-05
5.01251e-05
5.01249e-05
5.01248e-05
5.01247e-05
5.01245e-05
5.01244e-05
5.01243e-05
5.01242e-05
5.0124e-05
5.01239e-05
5.01238e-05
5.01237e-05
5.01236e-05
5.01234e-05
5.01233e-05
5.01232e-05
5.01231e-05
5.01229e-05
5.01228e-05
5.01227e-05
5.01226e-05
5.01224e-05
5.01223e-05
5.01222e-05
5.01221e-05
5.01219e-05
5.01218e-05
5.01217e-05
5.01216e-05
5.01215e-05
5.01213e-05
5.01212e-05
5.01211e-05
5.0121e-05
5.01208e-05
5.01207e-05
5.01206e-05
5.01205e-05
5.01204e-05
5.01202e-05
5.01201e-05
5.012e-05
5.01199e-05
5.01198e-05
5.01196e-05
5.01195e-05
5.01194e-05
5.01193e-05
5.01192e-05
5.0119e-05
5.01189e-05
5.01188e-05
5.01187e-05
5.01186e-05
5.01184e-05
5.01183e-05
5.01182e-05
5.01181e-05
5.0118e-05
5.01178e-05
5.01177e-05
5.01176e-05
5.01175e-05
5.01174e-05
5.01173e-05
5.01171e-05
5.0117e-05
5.01169e-05
5.01168e-05
5.01167e-05
5.01166e-05
5.01164e-05
5.01163e-05
5.01162e-05
5.01161e-05
5.0116e-05
5.01159e-05
5.01157e-05
5.01156e-05
5.01155e-05
5.01154e-05
5.01153e-05
5.01152e-05
5.0115e-05
5.01149e-05
5.01148e-05
5.01147e-05
5.01146e-05
5.01145e-05
5.01143e-05
5.01142e-05
5.01141e-05
5.0114e-05
5.01139e-05
5.01138e-05
5.01137e-05
5.01135e-05
5.01134e-05
5.01133e-05
5.01132e-05
5.01131e-05
5.0113e-05
5.01129e-05
5.01128e-05
5.01126e-05
5.01125e-05
5.01124e-05
5.01123e-05
5.01122e-05
5.01121e-05
5.0112e-05
5.01118e-05
5.01117e-05
5.01116e-05
5.01115e-05
5.01114e-05
5.01113e-05
5.01112e-05
5.01111e-05
5.0111e-05
5.01108e-05
5.01107e-05
5.01106e-05
5.01105e-05
5.01104e-05
5.01103e-05
5.01102e-05
5.01101e-05
5.011e-05
5.01098e-05
5.01097e-05
5.01096e-05
5.01095e-05
5.01094e-05
5.01093e-05
5.01092e-05
5.01091e-05
5.0109e-05
5.01089e-05
5.01087e-05
5.01086e-05
5.01085e-05
5.01084e-05
5.01083e-05
5.01082e-05
5.01081e-05
5.0108e-05
5.01079e-05
5.01078e-05
5.01077e-05
5.01076e-05
5.01074e-05
5.01073e-05
5.01072e-05
5.01071e-05
5.0107e-05
5.01069e-05
5.01068e-05
5.01067e-05
5.01066e-05
5.01065e-05
5.01064e-05
5.01063e-05
5.01062e-05
5.0106e-05
5.01059e-05
5.01058e-05
5.01057e-05
5.01056e-05
5.01055e-05
5.01054e-05
5.01053e-05
5.01052e-05
5.01051e-05
5.0105e-05
5.01049e-05
5.01048e-05
5.01047e-05
5.01046e-05
5.01045e-05
5.01044e-05
5.01043e-05
5.01042e-05
5.0104e-05
5.01039e-05
5.01038e-05
5.01037e-05
5.01036e-05
5.01035e-05
5.01034e-05
5.01033e-05
5.01032e-05
5.01031e-05
5.0103e-05
5.01029e-05
5.01028e-05
5.01027e-05
5.01026e-05
5.01025e-05
5.01024e-05
5.01023e-05
5.01022e-05
5.01021e-05
5.0102e-05
5.01019e-05
5.01018e-05
5.01017e-05
5.01016e-05
5.01015e-05
5.01014e-05
5.01013e-05
5.01012e-05
5.01011e-05
5.0101e-05
5.01009e-05
5.01008e-05
5.01007e-05
5.01006e-05
5.01005e-05
5.01004e-05
5.01003e-05
5.01002e-05
5.01001e-05
5.01e-05
5.00999e-05
5.00998e-05
5.00997e-05
5.00996e-05
5.00995e-05
5.00994e-05
5.00993e-05
5.00992e-05
5.00991e-05
5.0099e-05
5.00989e-05
5.00988e-05
5.00987e-05
5.00986e-05
5.00985e-05
5.00984e-05
5.00983e-05
5.00982e-05
5.00981e-05
5.0098e-05
5.00979e-05
5.00978e-05
5.00977e-05
5.00976e-05
5.00975e-05
5.00974e-05
5.00973e-05
5.00972e-05
5.00971e-05
5.0097e-05
5.00969e-05
5.00968e-05
5.00967e-05
5.00966e-05
5.00965e-05
5.00964e-05
5.00963e-05
5.00962e-05
5.00961e-05
5.0096e-05
5.00959e-05
5.00958e-05
5.00957e-05
5.00956e-05
5.00955e-05
5.00954e-05
5.00953e-05
5.00953e-05
5.00952e-05
5.00951e-05
5.0095e-05
5.00949e-05
5.00948e-05
5.00947e-05
5.00946e-05
5.00945e-05

