5e-05
5e-05
5e-05
5e-05
5e-05
5e-05
5e-05
5e-05
5e-05
5e-05
5e-05
5e-05
5e-05
5e-05
5e-05
5e-05
5e-05
5e-05
5e-05
5e-05
5e-05
5e-05
5e-05
5e-05
5e-05
5e-05
5e-05
5e-05
5e-05
5e-05
5e-05
5e-05
5e-05
5e-05
5e-05
5e-05
5e-05
5e-05
5e-05
5e-05
5e-05
5e-05
5e-05
5e-05
5e-05
5e-05
5e-05
5e-05
5e-05
5e-05
5e-05
5e-05
5e-05
5e-05
5e-05
5e-05
5e-05
5e-05
5e-05
5e-05
5e-05
5e-05
5e-05
5e-05
5e-05
5e-05
5e-05
5e-05
5e-05
5e-05
5e-05
5e-05
5e-05
5e-05
5e-05
5e-05
5e-05
5e-05
5e-05
5e-05
5e-05
5e-05
5e-05
5e-05
5e-05
5e-05
5e-05
5e-05
5e-05
5e-05
5e-05
5e-05
5e-05
5e-05
5e-05
5e-05
5e-05
5e-05
5e-05
5e-05
5e-05
5e-05
5e-05
5e-05
5e-05
5e-05
5e-05
5e-05
5e-05
5e-05
5e-05
5e-05
5e-05
5e-05
5e-05
5e-05
5e-05
5e-05
5e-05
5e-05
5e-05
5e-05
5e-05
5e-05
5e-05
5e-05
5e-05
5e-05
5e-05
5e-05
5e-05
5e-05
5e-05
5e-05
5e-05
5e-05
5e-05
5e-05
5e-05
5e-05
5e-05
5e-05
5e-05
5e-05
5e-05
5e-05
5e-05
5e-05
5e-05
5e-05
5e-05
5e-05
5e-05
5e-05
5e-05
5e-05
5e-05
5e-05
5e-05
5e-05
5e-05
5e-05
5e-05
5e-05
5e-05
5e-05
5e-05
5e-05
5e-05
5e-05
5e-05
5e-05
5e-05
5e-05
5e-05
5e-05
5e-05
5e-05
5e-05
5e-05
5e-05
5e-05
5e-05
5e-05
5e-05
5e-05
5e-05
5e-05
5e-05
5e-05
5e-05
5e-05
5e-05
5e-05
5e-05
5e-05
5e-05
5e-05
5e-05
5e-05
5e-05
5e-05
5e-05
5e-05
5e-05
5e-05
5e-05
5e-05
5e-05
5e-05
5e-05
5e-05
5e-05
5e-05
5e-05
5e-05
5e-05
5e-05
5e-05
5e-05
5e-05
5e-05
5e-05
5e-05
5e-05
5e-05
5e-05
5e-05
5e-05
5e-05
5e-05
5e-05
5e-05
5e-05
5e-05
5e-05
5e-05
5e-05
5e-05
5e-05
5e-05
5e-05
5e-05
5e-05
5e-05
5e-05
5e-05
5e-05
5e-05
5e-05
5e-05
5e-05
5e-05
5e-05
5e-05
5e-05
5e-05
5e-05
5e-05
5e-05
5e-05
5e-05
5e-05
5e-05
5e-05
5e-05
5e-05
5e-05
5e-05
5e-05
5e-05
5e-05
5e-05
5e-05
5e-05
5e-05
5e-05
5e-05
5e-05
5e-05
5e-05
5e-05
5e-05
5e-05
5e-05
5e-05
5e-05
5e-05
5e-05
5e-05
5e-05
5e-05
5e-05
5e-05
5e-05
5e-05
5e-05
5e-05
5e-05
5e-05
5e-05
5e-05
5e-05
5e-05
5e-05
5e-05
5e-05
5e-05
5e-05
5e-05
5e-05
5e-05
5e-05
5e-05
5e-05
5e-05
5e-05
5e-05
5e-05
5e-05
5e-05
5e-05
5e-05
5e-05
5e-05
5e-05
5e-05
5e-05
5e-05
5e-05
5e-05
5e-05
5e-05
5e-05
5e-05
5e-05
5e-05
5e-05
5e-05
5e-05
5e-05
5e-05
5e-05
5e-05
5e-05
5e-05
5e-05
5e-05
5e-05
5e-05
5e-05
5e-05
5e-05
5e-05
5e-05
5e-05
5e-05
5e-05
5e-05
5e-05
5e-05
5e-05
5e-05
5e-05
5e-05
5e-05
5e-05
5e-05
5e-05
5e-05
5e-05
5e-05
5e-05
5e-05
5e-05
5e-05
5e-05
5e-05
5e-05
5e-05
5e-05
5e-05
5e-05
5e-05
5e-05
5e-05
5e-05
5e-05
5e-05
5e-05
5e-05
5e-05
5e-05
5e-05
5e-05
5e-05
5e-05
5e-05
5e-05
5e-05
5e-05
5e-05
5e-05
5e-05
5e-05
5e-05
5e-05
5e-05
5e-05
5e-05
5e-05
5e-05
5e-05
5e-05
5e-05
5e-05
5e-05
5e-05
5e-05
5e-05
5e-05
5e-05
5e-05
5e-05
5e-05
5e-05
5e-05
5e-05
5e-05
5e-05
5e-05
5e-05
5e-05
5e-05
5e-05
5e-05
5e-05
5e-05
5e-05
5e-05
5e-05
5e-05
5e-05
5e-05
5e-05
5e-05
5e-05
5e-05
5e-05
5e-05
5e-05
5e-05
5e-05
5e-05
5e-05
5e-05
5e-05
5e-05
5e-05
5e-05
5e-05
5e-05
5e-05
5e-05
5e-05
5e-05
5e-05
5e-05
5e-05
5e-05
5e-05
5e-05
5e-05
5e-05
5e-05
5e-05
5e-05
5e-05
5e-05
5e-05
5e-05
5e-05
5e-05
5e-05
5e-05
5e-05
5e-05
5e-05
5e-05
5e-05
5e-05
5e-05
5e-05
5e-05
5e-05
5e-05
5e-05
5e-05
5e-05
5e-05
5e-05
5e-05
5e-05
5e-05
5e-05
5e-05
5e-05
5e-05
5e-05
5e-05
5e-05
5e-05
5e-05
5e-05
5e-05
5e-05
5e-05
5e-05
5e-05
5e-05
5e-05
5e-05
5e-05
5e-05
5e-05
5e-05
5e-05
5e-05
5e-05
5e-05
5e-05
5e-05
5e-05
5e-05
5e-05
5e-05
5e-05
5e-05
5e-05
5e-05
5e-05
5e-05
5e-05
5e-05
5e-05
5e-05
5e-05
5e-05
5e-05
5e-05
5e-05
5e-05
5e-05
5e-05
5e-05
5e-05
5e-05
5e-05
5e-05
5e-05
5e-05
5e-05
5e-05
5e-05
5e-05
5e-05
5e-05
5e-05
5e-05
5e-05
5e-05
5e-05
5e-05
5e-05
5e-05
5e-05
5e-05
5e-05
5e-05
5e-05
5e-05
5e-05
5e-05
5e-05
5e-05
5e-05
5e-05
5e-05
5e-05
5e-05
5e-05
5e-05
5e-05
5e-05
5e-05
5e-05
5e-05
5e-05
5e-05
5e-05
5e-05
5e-05
5e-05
5e-05
5e-05
5e-05
5e-05
5e-05
5e-05
5e-05
5e-05
5e-05
5e-05
5e-05
5e-05
5e-05
5e-05
5e-05
5e-05
5e-05
5e-05
5e-05
5e-05
5e-05
5e-05
5e-05
5e-05
5e-05
5e-05
5e-05
5e-05
5e-05
5e-05
5e-05
5e-05
5e-05
5e-05
5e-05
5e-05
5e-05
5e-05
5e-05
5e-05
5e-05
5e-05
5e-05
5e-05
5e-05
5e-05
5e-05
5e-05
5e-05
5e-05
5e-05
5e-05
5e-05
5e-05
5e-05
5e-05
5e-05
5e-05
5e-05
5e-05
5e-05
5e-05
5e-05
5e-05
5e-05
5e-05
5e-05
5e-05
5e-05
5e-05
5e-05
5e-05
5e-05
5e-05
5e-05
5e-05
5e-05
5e-05
5e-05
5e-05
5e-05
5e-05
5e-05
5e-05
5e-05
5e-05
5e-05
5e-05
5e-05
5e-05
5e-05
5e-05
5e-05
5e-05
5e-05
5e-05
5e-05
5e-05
5e-05
5e-05
5e-05
5e-05
5e-05
5e-05
5e-05
5e-05
5e-05
5e-05
5e-05
5e-05
5e-05
5e-05
5e-05
5e-05
5e-05
5e-05
5e-05
5e-05
5e-05
5e-05
5e-05
5e-05
5e-05
5e-05
5e-05
5e-05
5e-05
5e-05
5e-05
5e-05
5e-05
5e-05
5e-05
5e-05
5e-05
5e-05
5e-05
5e-05
5e-05
5e-05
5e-05
5e-05
5e-05
5e-05
5e-05
5e-05
5e-05
5e-05
5e-05
5e-05
5e-05
5e-05
5e-05
5e-05
5e-05
5e-05
5e-05
5e-05
5e-05
5e-05
5e-05
5e-05
5e-05
5e-05
5e-05
5e-05
5e-05
5e-05
5e-05
5e-05
5e-05
5e-05
5e-05
5e-05
5e-05
5e-05
5e-05
5e-05
5e-05
5e-05
5e-05
5e-05
5e-05
5e-05
5e-05
5e-05
5e-05
5e-05
5e-05
5e-05
5e-05
5e-05
5e-05
5e-05
5e-05
5e-05
5e-05
5e-05
7.98065e-05
0.00010639
0.000130155
0.000151457
0.000170603
0.000187863
0.000203472
0.000217634
0.000230528
0.00024231
0.000253116
0.000263065
0.00027226
0.000280791
0.000288739
0.000296171
0.000303149
0.000309725
0.000315945
0.000321849
0.000327473
0.000332848
0.000338
0.000342954
0.000347729
0.000352345
0.000356817
0.000361159
0.000365384
0.000369502
0.000373523
0.000377455
0.000381305
0.000385081
0.000388788
0.00039243
0.000396013
0.000399541
0.000403017
0.000406444
0.000409825
0.000413163
0.00041646
0.000419717
0.000422938
0.000426123
0.000429274
0.000432393
0.00043548
0.000438536
0.000441564
0.000444563
0.000447535
0.000450481
0.0004534
0.000456295
0.000459165
0.000462011
0.000464834
0.000467635
0.000470413
0.000473169
0.000475905
0.000478619
0.000481314
0.000483988
0.000486643
0.000489279
0.000491896
0.000494494
0.000497074
0.000499637
0.000502182
0.00050471
0.000507221
0.000509715
0.000512193
0.000514655
0.000517101
0.000519532
0.000492141
0.000467952
0.000446563
0.000427621
0.000410817
0.000395885
0.000382591
0.000370729
0.000360122
0.000350614
0.00034207
0.000334371
0.000327413
0.000321107
0.000315373
0.000310143
0.000305356
0.000300959
0.000296907
0.00029316
0.000289682
0.000286442
0.000283414
0.000280575
0.000277902
0.00027538
0.00027299
0.000270721
0.000268559
0.000266494
0.000264516
0.000262618
0.000260791
0.00025903
0.000257328
0.000255682
0.000254085
0.000252536
0.000251029
0.000249562
0.000248133
0.000246738
0.000245376
0.000244044
0.000242742
0.000241466
0.000240217
0.000238992
0.000237791
0.000236613
0.000235456
0.000234319
0.000233203
0.000232105
0.000231026
0.000229965
0.000228921
0.000227894
0.000226883
0.000225887
0.000224907
0.000223942
0.000222991
0.000222055
0.000221132
0.000220222
0.000219326
0.000218442
0.000217571
0.000216712
0.000215865
0.00021503
0.000214206
0.000213393
0.000212591
0.0002118
0.00021102
0.00021025
0.000209489
0.000208739
0.000207999
0.000207268
0.000206546
0.000205834
0.00020513
0.000204435
0.000203749
0.000203072
0.000202402
0.000201741
0.000201088
0.000200443
0.000199805
0.000199176
0.000198553
0.000197938
0.00019733
0.000196729
0.000196136
0.000195549
0.000194968
0.000194395
0.000193827
0.000193266
0.000192712
0.000192163
0.000191621
0.000191084
0.000190554
0.000190029
0.000189509
0.000188996
0.000188487
0.000187985
0.000187487
0.000186995
0.000186507
0.000186025
0.000185548
0.000185075
0.000184608
0.000184145
0.000183686
0.000183232
0.000182783
0.000182338
0.000181898
0.000181462
0.00018103
0.000180602
0.000180178
0.000179758
0.000179342
0.00017893
0.000178522
0.000178118
0.000177717
0.000177321
0.000176927
0.000176538
0.000176151
0.000175769
0.000175389
0.000175013
0.000174641
0.000174271
0.000173905
0.000173542
0.000173182
0.000172825
0.000172471
0.00017212
0.000171772
0.000171427
0.000171085
0.000170746
0.000170409
0.000170075
0.000169744
0.000169416
0.00016909
0.000168767
0.000168446
0.000168128
0.000167812
0.000167499
0.000167188
0.00016688
0.000166574
0.00016627
0.000165969
0.00016567
0.000165373
0.000165078
0.000164785
0.000164495
0.000164207
0.000163921
0.000163637
0.000163355
0.000163075
0.000162797
0.000162521
0.000162246
0.000161974
0.000161704
0.000161436
0.000161169
0.000160904
0.000160641
0.00016038
0.000160121
0.000159863
0.000159607
0.000159353
0.0001591
0.000158849
0.0001586
0.000158353
0.000158106
0.000157862
0.000157619
0.000157378
0.000157138
0.0001569
0.000156663
0.000156427
0.000156194
0.000155961
0.00015573
0.000155501
0.000155272
0.000155046
0.00015482
0.000154596
0.000154373
0.000154152
0.000153932
0.000153713
0.000153495
0.000153279
0.000153064
0.00015285
0.000152637
0.000152426
0.000152216
0.000152007
0.000151799
0.000151592
0.000151387
0.000151183
0.000150979
0.000150777
0.000150576
0.000150376
0.000150177
0.00014998
0.000149783
0.000149587
0.000149393
0.000149199
0.000149007
0.000148815
0.000148625
0.000148435
0.000148246
0.000148059
0.000147872
0.000147687
0.000147502
0.000147318
0.000147135
0.000146953
0.000146772
0.000146592
0.000146413
0.000146234
0.000146057
0.00014588
0.000145705
0.00014553
0.000145356
0.000145183
0.00014501
0.000144839
0.000144668
0.000144498
0.000144329
0.00014416
0.000143993
0.000143826
0.00014366
0.000143495
0.000143331
0.000143167
0.000143004
0.000142842
0.00014268
0.00014252
0.00014236
0.0001422
0.000142042
0.000141884
0.000141727
0.00014157
0.000141414
0.000141259
0.000141105
0.000140951
0.000140798
0.000140646
0.000140494
0.000140343
0.000140192
0.000140042
0.000139893
0.000139745
0.000139597
0.000139449
0.000139303
0.000139157
0.000139011
0.000138866
0.000138722
0.000138578
0.000138435
0.000138293
0.000138151
0.000138009
0.000137869
0.000137728
0.000137589
0.00013745
0.000137311
0.000137173
0.000137036
0.000136899
0.000136762
0.000136627
0.000136491
0.000136357
0.000136222
0.000136089
0.000135955
0.000135823
0.000135691
0.000135559
0.000135428
0.000135297
0.000135167
0.000135037
0.000134908
0.000134779
0.000134651
0.000134523
0.000134396
0.000134269
0.000134143
0.000134017
0.000133892
0.000133767
0.000133642
0.000133518
0.000133395
0.000133272
0.000133149
0.000133027
0.000132905
0.000132784
0.000132663
0.000132542
0.000132422
0.000132302
0.000132183
0.000132064
0.000131946
0.000131828
0.00013171
0.000131593
0.000131477
0.00013136
0.000131244
0.000131129
0.000131014
0.000130899
0.000130784
0.00013067
0.000130557
0.000130444
0.000130331
0.000130218
0.000130106
0.000129995
0.000129883
0.000129772
0.000129662
0.000129552
0.000129442
0.000129332
0.000129223
0.000129114
0.000129006
0.000128898
0.00012879
0.000128683
0.000128576
0.000128469
0.000128363
0.000128257
0.000128151
0.000128046
0.000127941
0.000127837
0.000127732
0.000127628
0.000127525
0.000127421
0.000127318
0.000127216
0.000127113
0.000127011
0.00012691
0.000126808
0.000126707
0.000126607
0.000126506
0.000126406
0.000126306
0.000126207
0.000126107
0.000126009
0.00012591
0.000125812
0.000125714
0.000125616
0.000125519
0.000125421
0.000125325
0.000125228
0.000125132
0.000125036
0.00012494
0.000124845
0.00012475
0.000124655
0.00012456
0.000124466
0.000124372
0.000124278
0.000124185
0.000124092
0.000123999
0.000123906
0.000123814
0.000123721
0.00012363
0.000123538
0.000123447
0.000123356
0.000123265
0.000123174
0.000123084
0.000122994
0.000122904
0.000122815
0.000122726
0.000122637
0.000122548
0.000122459
0.000122371
0.000122283
0.000122195
0.000122108
0.00012202
0.000121933
0.000121847
0.00012176
0.000121674
0.000121588
0.000121502
0.000121416
0.000121331
0.000121246
0.000121161
0.000121076
0.000120992
0.000120907
0.000120823
0.00012074
0.000120656
0.000120573
0.00012049
0.000120407
0.000120324
0.000120242
0.000120159
0.000120077
0.000119995
0.000119914
0.000119833
0.000119751
0.00011967
0.00011959
0.000119509
0.000119429
0.000119349
0.000119269
0.000119189
0.00011911
0.000119031
0.000118952
0.000118873
0.000118794
0.000118716
0.000118637
0.000118559
0.000118481
0.000118404
0.000118326
0.000118249
0.000118172
0.000118095
0.000118018
0.000117942
0.000117866
0.000117789
0.000117714
0.000117638
0.000117562
0.000117487
0.000117412
0.000117337
0.000117262
0.000117187
0.000117113
0.000117039
0.000116965
0.000116891
0.000116817
0.000116744
0.00011667
0.000116597
0.000116524
0.000116451
0.000116379
0.000116306
0.000116234
0.000116162
0.00011609
0.000116018
0.000115947
0.000115875
0.000115804
0.000115733
0.000115662
0.000115591
0.000115521
0.00011545
0.00011538
0.00011531
0.00011524
0.000115171
0.000115101
0.000115032
0.000114962
0.000114893
0.000114824
0.000114756
0.000114687
0.000114618
0.00011455
0.000114482
0.000114414
0.000114346
0.000114279
0.000114211
0.000114144
0.000114077
0.00011401
0.000113943
0.000113876
0.000113809
0.000113743
0.000113677
0.000113611
0.000113545
0.000113479
0.000113413
0.000113348
0.000113282
0.000113217
0.000113152
0.000113087
0.000113022
0.000112957
0.000112893
0.000112828
0.000112764
0.0001127
0.000112636
0.000112572
0.000112509
0.000112445
0.000112382
0.000112319
0.000112255
0.000112193
0.00011213
0.000112067
0.000112004
0.000111942
0.00011188
0.000111818
0.000111756
0.000111694
0.000111632
0.00011157
0.000111509
0.000111447
0.000111386
0.000111325
0.000111264
0.000111203
0.000111143
0.000111082
0.000111022
0.000110961
0.000110901
0.000110841
0.000110781
0.000110721
0.000110662
0.000110602
0.000110543
0.000110483
0.000110424
0.000110365
0.000110306
0.000110247
0.000110189
0.00011013
0.000110072
0.000110013
0.000109955
0.000109897
0.000109839
0.000109781
0.000109723
0.000109666
0.000109608
0.000109551
0.000109494
0.000109436
0.000109379
0.000109322
0.000109266
0.000109209
0.000109152
0.000109096
0.00010904
0.000108983
0.000108927
0.000108871
0.000108815
0.00010876
0.000108704
0.000108648
0.000108593
0.000108538
0.000108482
0.000108427
0.000108372
0.000108317
0.000108263
0.000108208
0.000108153
0.000108099
0.000108044
0.00010799
0.000107936
0.000107882
0.000107828
0.000107774
0.000107721
0.000107667
0.000107613
0.00010756
0.000107507
0.000107453
0.0001074
0.000107347
0.000107294
0.000107242
0.000107189
0.000107136
0.000107084
0.000107032
0.000106979
0.000106927
0.000106875
0.000106823
0.000106771
0.000106719
0.000106668
0.000106616
0.000106564
0.000106513
0.000106462
0.000106411
0.000106359
0.000106308
0.000106258
0.000106207
0.000106156
0.000106105
0.000106055
0.000106004
0.000105954
0.000105904
0.000105854
0.000105803
0.000105753
0.000105704
0.000105654
0.000105604
0.000105554
0.000105505
0.000105456
0.000105406
0.000105357
0.000105308
0.000105259
0.00010521
0.000105161
0.000105112
0.000105063
0.000105015
0.000104966
0.000104918
0.000104869
0.000104821
0.000104773
0.000104725
0.000104677
0.000104629
0.000104581
0.000104533
0.000104486
0.000104438
0.00010439
0.000104343
0.000104296
0.000104248
0.000104201
0.000104154
0.000104107
0.00010406
0.000104014
0.000103967
0.00010392
0.000103874
0.000103827
0.000103781
0.000103734
0.000103688
0.000103642
0.000103596
0.00010355
0.000103504
0.000103458
0.000103412
0.000103366
0.000103321
0.000103275
0.00010323
0.000103184
0.000103139
0.000103094
0.000103049
0.000103004
0.000102959
0.000102914
0.000102869
0.000102824
0.00010278
0.000102735
0.00010269
0.000102646
0.000102602
0.000102557
0.000102513
0.000102469
0.000102425
0.000102381
0.000102337
0.000102293
0.000102249
0.000102206
0.000102162
0.000102118
0.000102075
0.000102031
0.000101988
0.000101945
0.000101902
0.000101859
0.000101815
0.000101772
0.00010173
0.000101687
0.000101644
0.000101601
0.000101559
0.000101516
0.000101474
0.000101431
0.000101389
0.000101347
0.000101304
0.000101262
0.00010122
0.000101178
0.000101136
0.000101094
0.000101053
0.000101011
0.000100969
0.000100928
0.000100886
0.000100845
0.000100803
0.000100762
0.000100721
0.000100679
0.000100638
0.000100597
0.000100556
0.000100515
0.000100474
0.000100434
0.000100393
0.000100352
0.000100312
0.000100271
0.000100231
0.00010019
0.00010015
0.00010011
0.000100069
0.000100029
9.99893e-05
9.99492e-05
9.99093e-05
9.98694e-05
9.98296e-05
9.97898e-05
9.97501e-05
9.97104e-05
9.96709e-05
9.96313e-05
9.95919e-05
9.95525e-05
9.95131e-05
9.94739e-05
9.94347e-05
9.93955e-05
9.93564e-05
9.93174e-05
9.92784e-05
9.92395e-05
9.92007e-05
9.91619e-05
9.91232e-05
9.90845e-05
9.90459e-05
9.90073e-05
9.89688e-05
9.89304e-05
9.8892e-05
9.88537e-05
9.88155e-05
9.87773e-05
9.87391e-05
9.87011e-05
9.8663e-05
9.86251e-05
9.85872e-05
9.85493e-05
9.85115e-05
9.84738e-05
9.84361e-05
9.83985e-05
9.8361e-05
9.83235e-05
9.8286e-05
9.82486e-05
9.82113e-05
9.8174e-05
9.81368e-05
9.80996e-05
9.80625e-05
9.80254e-05
9.79884e-05
9.79515e-05
9.79146e-05
9.78778e-05
9.7841e-05
9.78043e-05
9.77676e-05
9.7731e-05
9.76944e-05
9.76579e-05
9.76215e-05
9.75851e-05
9.75487e-05
9.75124e-05
9.74762e-05
9.744e-05
9.74039e-05
9.73678e-05
9.73318e-05
9.72958e-05
9.72599e-05
9.7224e-05
9.71882e-05
9.71525e-05
9.71167e-05
9.70811e-05
9.70455e-05
9.70099e-05
9.69744e-05
9.6939e-05
9.69036e-05
9.68682e-05
9.68329e-05
9.67977e-05
9.67625e-05
9.67274e-05
9.66923e-05
9.66572e-05
9.66222e-05
9.65873e-05
9.65524e-05
9.65176e-05
9.64828e-05
9.6448e-05
9.64133e-05
9.63787e-05
9.63441e-05
9.63096e-05
9.62751e-05
9.62406e-05
9.62062e-05
9.61719e-05
9.61376e-05
9.61033e-05
9.60691e-05
9.6035e-05
9.60009e-05
9.59668e-05
9.59328e-05
9.58989e-05
9.58649e-05
9.58311e-05
9.57973e-05
9.57635e-05
9.57298e-05
9.56961e-05
9.56625e-05
9.56289e-05
9.55954e-05
9.55619e-05
9.55284e-05
9.5495e-05
9.54617e-05
9.54284e-05
9.53951e-05
9.53619e-05
9.53288e-05
9.52957e-05
9.52626e-05
9.52296e-05
9.51966e-05
9.51637e-05
9.51308e-05
9.50979e-05
9.50651e-05
9.50324e-05
9.49997e-05
9.4967e-05
9.49344e-05
9.49018e-05
9.48693e-05
9.48368e-05
9.48044e-05
9.4772e-05
9.47396e-05
9.47073e-05
9.46751e-05
9.46428e-05
9.46107e-05
9.45785e-05
9.45464e-05
9.45144e-05
9.44824e-05
9.44504e-05
9.44185e-05
9.43867e-05
9.43548e-05
9.43231e-05
9.42913e-05
9.42596e-05
9.4228e-05
9.41963e-05
9.41648e-05
9.41332e-05
9.41017e-05
9.40703e-05
9.40389e-05
9.40075e-05
9.39762e-05
9.39449e-05
9.39137e-05
9.38825e-05
9.38514e-05
9.38202e-05
9.37892e-05
9.37581e-05
9.37272e-05
9.36962e-05
9.36653e-05
9.36344e-05
9.36036e-05
9.35728e-05
9.35421e-05
9.35114e-05
9.34807e-05
9.34501e-05
9.34195e-05
9.3389e-05
9.33585e-05
9.3328e-05
9.32976e-05
9.32672e-05
9.32369e-05
9.32066e-05
9.31763e-05
9.31461e-05
9.31159e-05
9.30857e-05
9.30556e-05
9.30256e-05
9.29955e-05
9.29655e-05
9.29356e-05
9.29057e-05
9.28758e-05
9.2846e-05
9.28162e-05
9.27864e-05
9.27567e-05
9.2727e-05
9.26974e-05
9.26678e-05
9.26382e-05
9.26087e-05
9.25792e-05
9.25497e-05
9.25203e-05
9.24909e-05
9.24616e-05
9.24323e-05
9.2403e-05
9.23738e-05
9.23446e-05
9.23154e-05
9.22863e-05
9.22572e-05
9.22282e-05
9.21992e-05
9.21702e-05
9.21413e-05
9.21124e-05
9.20835e-05
9.20547e-05
9.20259e-05
9.19971e-05
9.19684e-05
9.19397e-05
9.19111e-05
9.18825e-05
9.18539e-05
9.18254e-05
9.17969e-05
9.17684e-05
9.174e-05
9.17116e-05
9.16832e-05
9.16549e-05
9.16266e-05
9.15983e-05
9.15701e-05
9.15419e-05
9.15138e-05
9.14857e-05
9.14576e-05
9.14295e-05
9.14015e-05
9.13736e-05
9.13456e-05
9.13177e-05
9.12898e-05
9.1262e-05
9.12342e-05
9.12064e-05
9.11787e-05
9.1151e-05
9.11233e-05
9.10957e-05
9.10681e-05
9.10405e-05
9.1013e-05
9.09855e-05
9.0958e-05
9.09306e-05
9.09032e-05
9.08758e-05
9.08485e-05
9.08212e-05
9.07939e-05
9.07667e-05
9.07395e-05
9.07123e-05
9.06852e-05
9.06581e-05
9.0631e-05
9.0604e-05
9.0577e-05
9.055e-05
9.05231e-05
9.04962e-05
9.04693e-05
9.04425e-05
9.04156e-05
9.03889e-05
9.03621e-05
9.03354e-05
9.03087e-05
9.02821e-05
9.02555e-05
9.02289e-05
9.02023e-05
9.01758e-05
9.01493e-05
9.01229e-05
9.00964e-05
9.007e-05
9.00437e-05
9.00173e-05
8.9991e-05
8.99648e-05
8.99385e-05
8.99123e-05
8.98861e-05
8.986e-05
8.98339e-05
8.98078e-05
8.97817e-05
8.97557e-05
8.97297e-05
8.97037e-05
8.96778e-05
8.96519e-05
8.9626e-05
8.96002e-05
8.95744e-05
8.95486e-05
8.95229e-05
8.94971e-05
8.94714e-05
8.94458e-05
8.94202e-05
8.93945e-05
8.9369e-05
8.93434e-05
8.93179e-05
8.92924e-05
8.9267e-05
8.92416e-05
8.92162e-05
8.91908e-05
8.91655e-05
8.91402e-05
8.91149e-05
8.90896e-05
8.90644e-05
8.90392e-05
8.90141e-05
8.89889e-05
8.89638e-05
8.89388e-05
8.89137e-05
8.88887e-05
8.88637e-05
8.88387e-05
8.88138e-05
8.87889e-05
8.8764e-05
8.87392e-05
8.87144e-05
8.86896e-05
8.86648e-05
8.86401e-05
8.86154e-05
8.85907e-05
8.8566e-05
8.85414e-05
8.85168e-05
8.84923e-05
8.84677e-05
8.84432e-05
8.84187e-05
8.83943e-05
8.83699e-05
8.83455e-05
8.83211e-05
8.82967e-05
8.82724e-05
8.82481e-05
8.82239e-05
8.81996e-05
8.81754e-05
8.81512e-05
8.81271e-05
8.8103e-05
8.80789e-05
8.80548e-05
8.80307e-05
8.80067e-05
8.79827e-05
8.79588e-05
8.79348e-05
8.79109e-05
8.7887e-05
8.78632e-05
8.78393e-05
8.78155e-05
8.77917e-05
8.7768e-05
8.77443e-05
8.77206e-05
8.76969e-05
8.76732e-05
8.76496e-05
8.7626e-05
8.76024e-05
8.75789e-05
8.75554e-05
8.75319e-05
8.75084e-05
8.7485e-05
8.74615e-05
8.74382e-05
8.74148e-05
8.73915e-05
8.73681e-05
8.73448e-05
8.73216e-05
8.72983e-05
8.72751e-05
8.72519e-05
8.72288e-05
8.72056e-05
8.71825e-05
8.71594e-05
8.71364e-05
8.71134e-05
8.70903e-05
8.70674e-05
8.70444e-05
8.70215e-05
8.69985e-05
8.69757e-05
8.69528e-05
8.693e-05
8.69071e-05
8.68844e-05
8.68616e-05
8.68388e-05
8.68161e-05
8.67934e-05
8.67708e-05
8.67481e-05
8.67255e-05
8.67029e-05
8.66803e-05
8.66578e-05
8.66353e-05
8.66128e-05
8.65903e-05
8.65679e-05
8.65454e-05
8.6523e-05
8.65007e-05
8.64783e-05
8.6456e-05
8.64337e-05
8.64114e-05
8.63891e-05
8.63669e-05
8.63447e-05
8.63225e-05
8.63003e-05
8.62782e-05
8.62561e-05
8.6234e-05
8.62119e-05
8.61898e-05
8.61678e-05
8.61458e-05
8.61238e-05
8.61019e-05
8.608e-05
8.6058e-05
8.60362e-05
8.60143e-05
8.59925e-05
8.59706e-05
8.59488e-05
8.59271e-05
8.59053e-05
8.58836e-05
8.58619e-05
8.58402e-05
8.58185e-05
8.57969e-05
8.57753e-05
8.57537e-05
8.57321e-05
8.57106e-05
8.56891e-05
8.56676e-05
8.56461e-05
8.56246e-05
8.56032e-05
8.55818e-05
8.55604e-05
8.5539e-05
8.55177e-05
8.54963e-05
8.5475e-05
8.54538e-05
8.54325e-05
8.54113e-05
8.539e-05
8.53689e-05
8.53477e-05
8.53265e-05
8.53054e-05
8.52843e-05
8.52632e-05
8.52422e-05
8.52211e-05
8.52001e-05
8.51791e-05
8.51581e-05
8.51372e-05
8.51162e-05
8.50953e-05
8.50744e-05
8.50535e-05
8.50327e-05
8.50119e-05
8.49911e-05
8.49703e-05
8.49495e-05
8.49288e-05
8.4908e-05
8.48873e-05
8.48667e-05
8.4846e-05
8.48254e-05
8.48047e-05
8.47841e-05
8.47636e-05
8.4743e-05
8.47225e-05
8.4702e-05
8.46815e-05
8.4661e-05
8.46405e-05
8.46201e-05
8.45997e-05
8.45793e-05
8.45589e-05
8.45386e-05
8.45183e-05
8.44979e-05
8.44777e-05
8.44574e-05
8.44371e-05
8.44169e-05
8.43967e-05
8.43765e-05
8.43563e-05
8.43362e-05
8.43161e-05
8.4296e-05
8.42759e-05
8.42558e-05
8.42358e-05
8.42157e-05
8.41957e-05
8.41757e-05
8.41558e-05
8.41358e-05
8.41159e-05
8.4096e-05
8.40761e-05
8.40562e-05
8.40364e-05
8.40165e-05
8.39967e-05
8.39769e-05
8.39572e-05
8.39374e-05
8.39177e-05
8.38979e-05
8.38783e-05
8.38586e-05
8.38389e-05
8.38193e-05
8.37997e-05
8.37801e-05
8.37605e-05
8.37409e-05
8.37214e-05
8.37019e-05
8.36824e-05
8.36629e-05
8.36434e-05
8.3624e-05
8.36045e-05
8.35851e-05
8.35657e-05
8.35464e-05
8.3527e-05
8.35077e-05
8.34884e-05
8.34691e-05
8.34498e-05
8.34305e-05
8.34113e-05
8.33921e-05
8.33729e-05
8.33537e-05
8.33345e-05
8.33154e-05
8.32962e-05
8.32771e-05
8.3258e-05
8.32389e-05
8.32199e-05
8.32009e-05
8.31818e-05
8.31628e-05
8.31438e-05
8.31249e-05
8.31059e-05
8.3087e-05
8.30681e-05
8.30492e-05
8.30303e-05
8.30115e-05
8.29926e-05
8.29738e-05
8.2955e-05
8.29362e-05
8.29175e-05
8.28987e-05
8.288e-05
8.28613e-05
8.28426e-05
8.28239e-05
8.28052e-05
8.27866e-05
8.2768e-05
8.27494e-05
8.27308e-05
8.27122e-05
8.26936e-05
8.26751e-05
8.26566e-05
8.26381e-05
8.26196e-05
8.26011e-05
8.25827e-05
8.25643e-05
8.25458e-05
8.25274e-05
8.25091e-05
8.24907e-05
8.24724e-05
8.2454e-05
8.24357e-05
8.24174e-05
8.23991e-05
8.23809e-05
8.23626e-05
8.23444e-05
8.23262e-05
8.2308e-05
8.22898e-05
8.22717e-05
8.22535e-05
8.22354e-05
8.22173e-05
8.21992e-05
8.21811e-05
8.21631e-05
8.21451e-05
8.2127e-05
8.2109e-05
8.2091e-05
8.20731e-05
8.20551e-05
8.20372e-05
8.20192e-05
8.20013e-05
8.19834e-05
8.19656e-05
8.19477e-05
8.19299e-05
8.1912e-05
8.18942e-05
8.18764e-05
8.18587e-05
8.18409e-05
8.18232e-05
8.18054e-05
8.17877e-05
8.177e-05
8.17524e-05
8.17347e-05
8.17171e-05
8.16994e-05
8.16818e-05
8.16642e-05
8.16466e-05
8.16291e-05
8.16115e-05
8.1594e-05
8.15765e-05
8.1559e-05
8.15415e-05
8.1524e-05
8.15066e-05
8.14891e-05
8.14717e-05
8.14543e-05
8.14369e-05
8.14196e-05
8.14022e-05
8.13849e-05
8.13675e-05
8.13502e-05
8.13329e-05
8.13156e-05
8.12984e-05
8.12811e-05
8.12639e-05
8.12467e-05
8.12295e-05
8.12123e-05
8.11951e-05
8.1178e-05
8.11608e-05
8.11437e-05
8.11266e-05
8.11095e-05
8.10924e-05
8.10754e-05
8.10583e-05
8.10413e-05
8.10243e-05
8.10073e-05
8.09903e-05
8.09733e-05
8.09564e-05
8.09394e-05
8.09225e-05
8.09056e-05
8.08887e-05
8.08718e-05
8.08549e-05
8.08381e-05
8.08213e-05
8.08044e-05
8.07876e-05
8.07708e-05
8.07541e-05
8.07373e-05
8.07206e-05
8.07038e-05
8.06871e-05
8.06704e-05
8.06537e-05
8.06371e-05
8.06204e-05
8.06038e-05
8.05871e-05
8.05705e-05
8.05539e-05
8.05373e-05
8.05208e-05
8.05042e-05
8.04877e-05
8.04712e-05
8.04547e-05
8.04382e-05
8.04217e-05
8.04052e-05
8.03888e-05
8.03723e-05
8.03559e-05
8.03395e-05
8.03231e-05
8.03067e-05
8.02903e-05
8.0274e-05
8.02577e-05
8.02413e-05
8.0225e-05
8.02087e-05
8.01925e-05
8.01762e-05
8.01599e-05
8.01437e-05
8.01275e-05
8.01113e-05
8.00951e-05
8.00789e-05
8.00627e-05
8.00466e-05
8.00304e-05
8.00143e-05
7.99982e-05
7.99821e-05
7.9966e-05
7.995e-05
7.99339e-05
7.99179e-05
7.99018e-05
7.98858e-05
7.98698e-05
7.98538e-05
7.98379e-05
7.98219e-05
7.9806e-05
7.979e-05
7.97741e-05
7.97582e-05
7.97423e-05
7.97264e-05
7.97106e-05
7.96947e-05
7.96789e-05
7.96631e-05
7.96473e-05
7.96315e-05
7.96157e-05
7.95999e-05
7.95842e-05
7.95684e-05
7.95527e-05
7.9537e-05
7.95213e-05
7.95056e-05
7.94899e-05
7.94743e-05
7.94586e-05
7.9443e-05
7.94274e-05
7.94118e-05
7.93962e-05
7.93806e-05
7.9365e-05
7.93495e-05
7.93339e-05
7.93184e-05
7.93029e-05
7.92874e-05
7.92719e-05
7.92564e-05
7.9241e-05
7.92255e-05
7.92101e-05
7.91947e-05
7.91793e-05
7.91639e-05
7.91485e-05
7.91331e-05
7.91178e-05
7.91024e-05
7.90871e-05
7.90718e-05
7.90565e-05
7.90412e-05
7.90259e-05
7.90106e-05
7.89954e-05
7.89801e-05
7.89649e-05
7.89497e-05
7.89345e-05
7.89193e-05
7.89041e-05
7.8889e-05
7.88738e-05
7.88587e-05
7.88436e-05
7.88284e-05
7.88133e-05
7.87983e-05
7.87832e-05
7.87681e-05
7.87531e-05
7.8738e-05
7.8723e-05
7.8708e-05
7.8693e-05
7.8678e-05
7.8663e-05
7.86481e-05
7.86331e-05
7.86182e-05
7.86033e-05
7.85883e-05
7.85734e-05
7.85586e-05
7.85437e-05
7.85288e-05
7.8514e-05
7.84991e-05
7.84843e-05
7.84695e-05
7.84547e-05
7.84399e-05
7.84251e-05
7.84104e-05
7.83956e-05
7.83809e-05
7.83661e-05
7.83514e-05
7.83367e-05
7.8322e-05
7.83073e-05
7.82927e-05
7.8278e-05
7.82634e-05
7.82487e-05
7.82341e-05
7.82195e-05
7.82049e-05
7.81903e-05
7.81758e-05
7.81612e-05
7.81467e-05
7.81321e-05
7.81176e-05
7.81031e-05
7.80886e-05
7.80741e-05
7.80596e-05
7.80451e-05
7.80307e-05
7.80163e-05
7.80018e-05
7.79874e-05
7.7973e-05
7.79586e-05
7.79442e-05
7.79298e-05
7.79155e-05
7.79011e-05
7.78868e-05
7.78725e-05
7.78582e-05
7.78439e-05
7.78296e-05
7.78153e-05
7.7801e-05
7.77868e-05
7.77725e-05
7.77583e-05
7.77441e-05
7.77299e-05
7.77157e-05
7.77015e-05
7.76873e-05
7.76732e-05
7.7659e-05
7.76449e-05
7.76307e-05
7.76166e-05
7.76025e-05
7.75884e-05
7.75743e-05
7.75603e-05
7.75462e-05
7.75321e-05
7.75181e-05
7.75041e-05
7.74901e-05
7.74761e-05
7.74621e-05
7.74481e-05
7.74341e-05
7.74202e-05
7.74062e-05
7.73923e-05
7.73783e-05
7.73644e-05
7.73505e-05
7.73366e-05
7.73227e-05
7.73089e-05
7.7295e-05
7.72812e-05
7.72673e-05
7.72535e-05
7.72397e-05
7.72259e-05
7.72121e-05
7.71983e-05
7.71845e-05
7.71708e-05
7.7157e-05
7.71433e-05
7.71296e-05
7.71158e-05
7.71021e-05
7.70884e-05
7.70748e-05
7.70611e-05
7.70474e-05
7.70338e-05
7.70201e-05
7.70065e-05
7.69929e-05
7.69793e-05
7.69657e-05
7.69521e-05
7.69385e-05
7.69249e-05
7.69114e-05
7.68978e-05
7.68843e-05
7.68708e-05
7.68573e-05
7.68438e-05
7.68303e-05
7.68168e-05
7.68033e-05
7.67899e-05
7.67764e-05
7.6763e-05
7.67495e-05
7.67361e-05
7.67227e-05
7.67093e-05
7.66959e-05
7.66826e-05
7.66692e-05
7.66558e-05
7.66425e-05
7.66292e-05
7.66158e-05
7.66025e-05
7.65892e-05
7.65759e-05
7.65627e-05
7.65494e-05
7.65361e-05
7.65229e-05
7.65096e-05
7.64964e-05
7.64832e-05
7.647e-05
7.64568e-05
7.64436e-05
7.64304e-05
7.64172e-05
7.64041e-05
7.63909e-05
7.63778e-05
7.63647e-05
7.63515e-05
7.63384e-05
7.63253e-05
7.63122e-05
7.62992e-05
7.62861e-05
7.6273e-05
7.626e-05
7.6247e-05
7.62339e-05
7.62209e-05
7.62079e-05
7.61949e-05
7.61819e-05
7.61689e-05
7.6156e-05
7.6143e-05
7.61301e-05
7.61171e-05
7.61042e-05
7.60913e-05
7.60784e-05
7.60655e-05
7.60526e-05
7.60397e-05
7.60269e-05
7.6014e-05
7.60011e-05
7.59883e-05
7.59755e-05
7.59627e-05
7.59499e-05
7.59371e-05
7.59243e-05
7.59115e-05
7.58987e-05
7.5886e-05
7.58732e-05
7.58605e-05
7.58477e-05
7.5835e-05
7.58223e-05
7.58096e-05
7.57969e-05
7.57842e-05
7.57716e-05
7.57589e-05
7.57462e-05
7.57336e-05
7.5721e-05
7.57083e-05
7.56957e-05
7.56831e-05
7.56705e-05
7.56579e-05
7.56454e-05
7.56328e-05
7.56202e-05
7.56077e-05
7.55951e-05
7.55826e-05
7.55701e-05
7.55576e-05
7.55451e-05
7.55326e-05
7.55201e-05
7.55076e-05
7.54952e-05
7.54827e-05
7.54703e-05
7.54578e-05
7.54454e-05
7.5433e-05
7.54206e-05
7.54082e-05
7.53958e-05
7.53834e-05
7.53711e-05
7.53587e-05
7.53463e-05
7.5334e-05
7.53217e-05
7.53093e-05
7.5297e-05
7.52847e-05
7.52724e-05
7.52601e-05
7.52479e-05
7.52356e-05
7.52233e-05
7.52111e-05
7.51988e-05
7.51866e-05
7.51744e-05
7.51622e-05
7.515e-05
7.51378e-05
7.51256e-05
7.51134e-05
7.51012e-05
7.50891e-05
7.50769e-05
7.50648e-05
7.50527e-05
7.50405e-05
7.50284e-05
7.50163e-05
7.50042e-05
7.49921e-05
7.49801e-05
7.4968e-05
7.49559e-05
7.49439e-05
7.49318e-05
7.49198e-05
7.49078e-05
7.48958e-05
7.48838e-05
7.48718e-05
7.48598e-05
7.48478e-05
7.48358e-05
7.48239e-05
7.48119e-05
7.48e-05
7.4788e-05
7.47761e-05
7.47642e-05
7.47523e-05
7.47404e-05
7.47285e-05
7.47166e-05
7.47047e-05
7.46929e-05
7.4681e-05
7.46691e-05
7.46573e-05
7.46455e-05
7.46337e-05
7.46218e-05
7.461e-05
7.45982e-05
7.45864e-05
7.45747e-05
7.45629e-05
7.45511e-05
7.45394e-05
7.45276e-05
7.45159e-05
7.45042e-05
7.44925e-05
7.44807e-05
7.4469e-05
7.44574e-05
7.44457e-05
7.4434e-05
7.44223e-05
7.44107e-05
7.4399e-05
7.43874e-05
7.43757e-05
7.43641e-05
7.43525e-05
7.43409e-05
7.43293e-05
7.43177e-05
7.43061e-05
7.42945e-05
7.4283e-05
7.42714e-05
7.42599e-05
7.42483e-05
7.42368e-05
7.42253e-05
7.42138e-05
7.42022e-05
7.41907e-05
7.41793e-05
7.41678e-05
7.41563e-05
7.41448e-05
7.41334e-05
7.41219e-05
7.41105e-05
7.40991e-05
7.40876e-05
7.40762e-05
7.40648e-05
7.40534e-05
7.4042e-05
7.40306e-05
7.40193e-05
7.40079e-05
7.39965e-05
7.39852e-05
7.39738e-05
7.39625e-05
7.39512e-05
7.39399e-05
7.39285e-05
7.39172e-05
7.39059e-05
7.38947e-05
7.38834e-05
7.38721e-05
7.38609e-05
7.38496e-05
7.38384e-05
7.38271e-05
7.38159e-05
7.38047e-05
7.37935e-05
7.37822e-05
7.37711e-05
7.37599e-05
7.37487e-05
7.37375e-05
7.37263e-05
7.37152e-05
7.3704e-05
7.36929e-05
7.36818e-05
7.36706e-05
7.36595e-05
7.36484e-05
7.36373e-05
7.36262e-05
7.36151e-05
7.3604e-05
7.3593e-05
7.35819e-05
7.35709e-05
7.35598e-05
7.35488e-05
7.35377e-05
7.35267e-05
7.35157e-05
7.35047e-05
7.34937e-05
7.34827e-05
7.34717e-05
7.34607e-05
7.34498e-05
7.34388e-05
7.34279e-05
7.34169e-05
7.3406e-05
7.33951e-05
7.33841e-05
7.33732e-05
7.33623e-05
7.33514e-05
7.33405e-05
7.33296e-05
7.33188e-05
7.33079e-05
7.3297e-05
7.32862e-05
7.32753e-05
7.32645e-05
7.32537e-05
7.32428e-05
7.3232e-05
7.32212e-05
7.32104e-05
7.31996e-05
7.31888e-05
7.31781e-05
7.31673e-05
7.31565e-05
7.31458e-05
7.3135e-05
7.31243e-05
7.31136e-05
7.31028e-05
7.30921e-05
7.30814e-05
7.30707e-05
7.306e-05
7.30493e-05
7.30387e-05
7.3028e-05
7.30173e-05
7.30067e-05
7.2996e-05
7.29854e-05
7.29747e-05
7.29641e-05
7.29535e-05
7.29429e-05
7.29323e-05
7.29217e-05
7.29111e-05
7.29005e-05
7.28899e-05
7.28794e-05
7.28688e-05
7.28582e-05
7.28477e-05
7.28372e-05
7.28266e-05
7.28161e-05
7.28056e-05
7.27951e-05
7.27846e-05
7.27741e-05
7.27636e-05
7.27531e-05
7.27426e-05
7.27322e-05
7.27217e-05
7.27113e-05
7.27008e-05
7.26904e-05
7.26799e-05
7.26695e-05
7.26591e-05
7.26487e-05
7.26383e-05
7.26279e-05
7.26175e-05
7.26071e-05
7.25968e-05
7.25864e-05
7.2576e-05
7.25657e-05
7.25553e-05
7.2545e-05
7.25347e-05
7.25244e-05
7.2514e-05
7.25037e-05
7.24934e-05
7.24831e-05
7.24729e-05
7.24626e-05
7.24523e-05
7.2442e-05
7.24318e-05
7.24215e-05
7.24113e-05
7.2401e-05
7.23908e-05
7.23806e-05
7.23704e-05
7.23602e-05
7.235e-05
7.23398e-05
7.23296e-05
7.23194e-05
7.23092e-05
7.2299e-05
7.22889e-05
7.22787e-05
7.22686e-05
7.22584e-05
7.22483e-05
7.22382e-05
7.22281e-05
7.2218e-05
7.22078e-05
7.21977e-05
7.21877e-05
7.21776e-05
7.21675e-05
7.21574e-05
7.21474e-05
7.21373e-05
7.21272e-05
7.21172e-05
7.21072e-05
7.20971e-05
7.20871e-05
7.20771e-05
7.20671e-05
7.20571e-05
7.20471e-05
7.20371e-05
7.20271e-05
7.20171e-05
7.20072e-05
7.19972e-05
7.19873e-05
7.19773e-05
7.19674e-05
7.19574e-05
7.19475e-05
7.19376e-05
7.19277e-05
7.19177e-05
7.19078e-05
7.1898e-05
7.18881e-05
7.18782e-05
7.18683e-05
7.18584e-05
7.18486e-05
7.18387e-05
7.18289e-05
7.1819e-05
7.18092e-05
7.17994e-05
7.17895e-05
7.17797e-05
7.17699e-05
7.17601e-05
7.17503e-05
7.17405e-05
7.17307e-05
7.1721e-05
7.17112e-05
7.17014e-05
7.16917e-05
7.16819e-05
7.16722e-05
7.16624e-05
7.16527e-05
7.1643e-05
7.16333e-05
7.16236e-05
7.16139e-05
7.16042e-05
7.15945e-05
7.15848e-05
7.15751e-05
7.15654e-05
7.15558e-05
7.15461e-05
7.15365e-05
7.15268e-05
7.15172e-05
7.15075e-05
7.14979e-05
7.14883e-05
7.14787e-05
7.14691e-05
7.14595e-05
7.14499e-05
7.14403e-05
7.14307e-05
7.14211e-05
7.14116e-05
7.1402e-05
7.13924e-05
7.13829e-05
7.13733e-05
7.13638e-05
7.13543e-05
7.13448e-05
7.13352e-05
7.13257e-05
7.13162e-05
7.13067e-05
7.12972e-05
7.12877e-05
7.12783e-05
7.12688e-05
7.12593e-05
7.12498e-05
7.12404e-05
7.12309e-05
7.12215e-05
7.12121e-05
7.12026e-05
7.11932e-05
7.11838e-05
7.11744e-05
7.1165e-05
7.11556e-05
7.11462e-05
7.11368e-05
7.11274e-05
7.1118e-05
7.11087e-05
7.10993e-05
7.10899e-05
7.10806e-05
7.10713e-05
7.10619e-05
7.10526e-05
7.10433e-05
7.10339e-05
7.10246e-05
7.10153e-05
7.1006e-05
7.09967e-05
7.09874e-05
7.09782e-05
7.09689e-05
7.09596e-05
7.09503e-05
7.09411e-05
7.09318e-05
7.09226e-05
7.09133e-05
7.09041e-05
7.08949e-05
7.08857e-05
7.08764e-05
7.08672e-05
7.0858e-05
7.08488e-05
7.08396e-05
7.08305e-05
7.08213e-05
7.08121e-05
7.08029e-05
7.07938e-05
7.07846e-05
7.07755e-05
7.07663e-05
7.07572e-05
7.0748e-05
7.07389e-05
7.07298e-05
7.07207e-05
7.07116e-05
7.07025e-05
7.06934e-05
7.06843e-05
7.06752e-05
7.06661e-05
7.0657e-05
7.0648e-05
7.06389e-05
7.06299e-05
7.06208e-05
7.06118e-05
7.06027e-05
7.05937e-05
7.05847e-05
7.05757e-05
7.05666e-05
7.05576e-05
7.05486e-05
7.05396e-05
7.05306e-05
7.05217e-05
7.05127e-05
7.05037e-05
7.04947e-05
7.04858e-05
7.04768e-05
7.04679e-05
7.04589e-05
7.045e-05
7.04411e-05
7.04321e-05
7.04232e-05
7.04143e-05
7.04054e-05
7.03965e-05
7.03876e-05
7.03787e-05
7.03698e-05
7.03609e-05
7.0352e-05
7.03432e-05
7.03343e-05
7.03254e-05
7.03166e-05
7.03077e-05
7.02989e-05
7.02901e-05
7.02812e-05
7.02724e-05
7.02636e-05
7.02548e-05
7.0246e-05
7.02372e-05
7.02284e-05
7.02196e-05
7.02108e-05
7.0202e-05
7.01933e-05
7.01845e-05
7.01757e-05
7.0167e-05
7.01582e-05
7.01495e-05
7.01407e-05
7.0132e-05
7.01233e-05
7.01145e-05
7.01058e-05
7.00971e-05
7.00884e-05
7.00797e-05
7.0071e-05
7.00623e-05
7.00536e-05
7.0045e-05
7.00363e-05
7.00276e-05
7.0019e-05
7.00103e-05
7.00017e-05
6.9993e-05
6.99844e-05
6.99757e-05
6.99671e-05
6.99585e-05
6.99499e-05
6.99413e-05
6.99326e-05
6.9924e-05
6.99154e-05
6.99069e-05
6.98983e-05
6.98897e-05
6.98811e-05
6.98725e-05
6.9864e-05
6.98554e-05
6.98469e-05
6.98383e-05
6.98298e-05
6.98212e-05
6.98127e-05
6.98042e-05
6.97957e-05
6.97872e-05
6.97786e-05
6.97701e-05
6.97616e-05
6.97532e-05
6.97447e-05
6.97362e-05
6.97277e-05
6.97192e-05
6.97108e-05
6.97023e-05
6.96939e-05
6.96854e-05
6.9677e-05
6.96685e-05
6.96601e-05
6.96517e-05
6.96432e-05
6.96348e-05
6.96264e-05
6.9618e-05
6.96096e-05
6.96012e-05
6.95928e-05
6.95844e-05
6.9576e-05
6.95677e-05
6.95593e-05
6.95509e-05
6.95426e-05
6.95342e-05
6.95259e-05
6.95175e-05
6.95092e-05
6.95008e-05
6.94925e-05
6.94842e-05
6.94759e-05
6.94676e-05
6.94592e-05
6.94509e-05
6.94426e-05
6.94344e-05
6.94261e-05
6.94178e-05
6.94095e-05
6.94012e-05
6.9393e-05
6.93847e-05
6.93765e-05
6.93682e-05
6.936e-05
6.93517e-05
6.93435e-05
6.93353e-05
6.9327e-05
6.93188e-05
6.93106e-05
6.93024e-05
6.92942e-05
6.9286e-05
6.92778e-05
6.92696e-05
6.92614e-05
6.92532e-05
6.92451e-05
6.92369e-05
6.92287e-05
6.92206e-05
6.92124e-05
6.92043e-05
6.91961e-05
6.9188e-05
6.91798e-05
6.91717e-05
6.91636e-05
6.91555e-05
6.91474e-05
6.91393e-05
6.91312e-05
6.91231e-05
6.9115e-05
6.91069e-05
6.90988e-05
6.90907e-05
6.90826e-05
6.90746e-05
6.90665e-05
6.90585e-05
6.90504e-05
6.90424e-05
6.90343e-05
6.90263e-05
6.90182e-05
6.90102e-05
6.90022e-05
6.89942e-05
6.89862e-05
6.89781e-05
6.89701e-05
6.89621e-05
6.89541e-05
6.89462e-05
6.89382e-05
6.89302e-05
6.89222e-05
6.89143e-05
6.89063e-05
6.88983e-05
6.88904e-05
6.88824e-05
6.88745e-05
6.88665e-05
6.88586e-05
6.88507e-05
6.88428e-05
6.88348e-05
6.88269e-05
6.8819e-05
6.88111e-05
6.88032e-05
6.87953e-05
6.87874e-05
6.87795e-05
6.87717e-05
6.87638e-05
6.87559e-05
6.8748e-05
6.87402e-05
6.87323e-05
6.87245e-05
6.87166e-05
6.87088e-05
6.87009e-05
6.86931e-05
6.86853e-05
6.86775e-05
6.86696e-05
6.86618e-05
6.8654e-05
6.86462e-05
6.86384e-05
6.86306e-05
6.86228e-05
6.8615e-05
6.86073e-05
6.85995e-05
6.85917e-05
6.85839e-05
6.85762e-05
6.85684e-05
6.85607e-05
6.85529e-05
6.85452e-05
6.85375e-05
6.85297e-05
6.8522e-05
6.85143e-05
6.85065e-05
6.84988e-05
6.84911e-05
6.84834e-05
6.84757e-05
6.8468e-05
6.84603e-05
6.84526e-05
6.8445e-05
6.84373e-05
6.84296e-05
6.8422e-05
6.84143e-05
6.84066e-05
6.8399e-05
6.83913e-05
6.83837e-05
6.8376e-05
6.83684e-05
6.83608e-05
6.83532e-05
6.83455e-05
6.83379e-05
6.83303e-05
6.83227e-05
6.83151e-05
6.83075e-05
6.82999e-05
6.82923e-05
6.82847e-05
6.82772e-05
6.82696e-05
6.8262e-05
6.82544e-05
6.82469e-05
6.82393e-05
6.82318e-05
6.82242e-05
6.82167e-05
6.82091e-05
6.82016e-05
6.81941e-05
6.81866e-05
6.8179e-05
6.81715e-05
6.8164e-05
6.81565e-05
6.8149e-05
6.81415e-05
6.8134e-05
6.81265e-05
6.8119e-05
6.81116e-05
6.81041e-05
6.80966e-05
6.80891e-05
6.80817e-05
6.80742e-05
6.80668e-05
6.80593e-05
6.80519e-05
6.80444e-05
6.8037e-05
6.80296e-05
6.80221e-05
6.80147e-05
6.80073e-05
6.79999e-05
6.79925e-05
6.79851e-05
6.79777e-05
6.79703e-05
6.79629e-05
6.79555e-05
6.79481e-05
6.79408e-05
6.79334e-05
6.7926e-05
6.79187e-05
6.79113e-05
6.79039e-05
6.78966e-05
6.78892e-05
6.78819e-05
6.78746e-05
6.78672e-05
6.78599e-05
6.78526e-05
6.78453e-05
6.78379e-05
6.78306e-05
6.78233e-05
6.7816e-05
6.78087e-05
6.78014e-05
6.77941e-05
6.77869e-05
6.77796e-05
6.77723e-05
6.7765e-05
6.77578e-05
6.77505e-05
6.77432e-05
6.7736e-05
6.77287e-05
6.77215e-05
6.77142e-05
6.7707e-05
6.76998e-05
6.76925e-05
6.76853e-05
6.76781e-05
6.76709e-05
6.76637e-05
6.76565e-05
6.76493e-05
6.76421e-05
6.76349e-05
6.76277e-05
6.76205e-05
6.76133e-05
6.76061e-05
6.7599e-05
6.75918e-05
6.75846e-05
6.75775e-05
6.75703e-05
6.75631e-05
6.7556e-05
6.75489e-05
6.75417e-05
6.75346e-05
6.75274e-05
6.75203e-05
6.75132e-05
6.75061e-05
6.7499e-05
6.74919e-05
6.74848e-05
6.74776e-05
6.74706e-05
6.74635e-05
6.74564e-05
6.74493e-05
6.74422e-05
6.74351e-05
6.74281e-05
6.7421e-05
6.74139e-05
6.74069e-05
6.73998e-05
6.73928e-05
6.73857e-05
6.73787e-05
6.73716e-05
6.73646e-05
6.73576e-05
6.73505e-05
6.73435e-05
6.73365e-05
6.73295e-05
6.73225e-05
6.73155e-05
6.73085e-05
6.73015e-05
6.72945e-05
6.72875e-05
6.72805e-05
6.72735e-05
6.72665e-05
6.72596e-05
6.72526e-05
6.72456e-05
6.72387e-05
6.72317e-05
6.72248e-05
6.72178e-05
6.72109e-05
6.72039e-05
6.7197e-05
6.719e-05
6.71831e-05
6.71762e-05
6.71693e-05
6.71624e-05
6.71554e-05
6.71485e-05
6.71416e-05
6.71347e-05
6.71278e-05
6.71209e-05
6.71141e-05
6.71072e-05
6.71003e-05
6.70934e-05
6.70865e-05
6.70797e-05
6.70728e-05
6.70659e-05
6.70591e-05
6.70522e-05
6.70454e-05
6.70385e-05
6.70317e-05
6.70249e-05
6.7018e-05
6.70112e-05
6.70044e-05
6.69976e-05
6.69907e-05
6.69839e-05
6.69771e-05
6.69703e-05
6.69635e-05
6.69567e-05
6.69499e-05
6.69431e-05
6.69364e-05
6.69296e-05
6.69228e-05
6.6916e-05
6.69093e-05
6.69025e-05
6.68957e-05
6.6889e-05
6.68822e-05
6.68755e-05
6.68687e-05
6.6862e-05
6.68552e-05
6.68485e-05
6.68418e-05
6.68351e-05
6.68283e-05
6.68216e-05
6.68149e-05
6.68082e-05
6.68015e-05
6.67948e-05
6.67881e-05
6.67814e-05
6.67747e-05
6.6768e-05
6.67613e-05
6.67546e-05
6.6748e-05
6.67413e-05
6.67346e-05
6.6728e-05
6.67213e-05
6.67146e-05
6.6708e-05
6.67013e-05
6.66947e-05
6.66881e-05
6.66814e-05
6.66748e-05
6.66682e-05
6.66615e-05
6.66549e-05
6.66483e-05
6.66417e-05
6.66351e-05
6.66285e-05
6.66219e-05
6.66153e-05
6.66087e-05
6.66021e-05
6.65955e-05
6.65889e-05
6.65823e-05
6.65757e-05
6.65692e-05
6.65626e-05
6.6556e-05
6.65495e-05
6.65429e-05
6.65364e-05
6.65298e-05
6.65233e-05
6.65167e-05
6.65102e-05
6.65036e-05
6.64971e-05
6.64906e-05
6.64841e-05
6.64775e-05
6.6471e-05
6.64645e-05
6.6458e-05
6.64515e-05
6.6445e-05
6.64385e-05
6.6432e-05
6.64255e-05
6.6419e-05
6.64125e-05
6.64061e-05
6.63996e-05
6.63931e-05
6.63866e-05
6.63802e-05
6.63737e-05
6.63673e-05
6.63608e-05
6.63544e-05
6.63479e-05
6.63415e-05
6.6335e-05
6.63286e-05
6.63222e-05
6.63157e-05
6.63093e-05
6.63029e-05
6.62965e-05
6.62901e-05
6.62836e-05
6.62772e-05
6.62708e-05
6.62644e-05
6.6258e-05
6.62517e-05
6.62453e-05
6.62389e-05
6.62325e-05
6.62261e-05
6.62197e-05
6.62134e-05
6.6207e-05
6.62006e-05
6.61943e-05
6.61879e-05
6.61816e-05
6.61752e-05
6.61689e-05
6.61625e-05
6.61562e-05
6.61499e-05
6.61435e-05
6.61372e-05
6.61309e-05
6.61246e-05
6.61183e-05
6.61119e-05
6.61056e-05
6.60993e-05
6.6093e-05
6.60867e-05
6.60804e-05
6.60741e-05
6.60679e-05
6.60616e-05
6.60553e-05
6.6049e-05
6.60427e-05
6.60365e-05
6.60302e-05
6.60239e-05
6.60177e-05
6.60114e-05
6.60052e-05
6.59989e-05
6.59927e-05
6.59864e-05
6.59802e-05
6.5974e-05
6.59677e-05
6.59615e-05
6.59553e-05
6.59491e-05
6.59428e-05
6.59366e-05
6.59304e-05
6.59242e-05
6.5918e-05
6.59118e-05
6.59056e-05
6.58994e-05
6.58932e-05
6.58871e-05
6.58809e-05
6.58747e-05
6.58685e-05
6.58623e-05
6.58562e-05
6.585e-05
6.58438e-05
6.58377e-05
6.58315e-05
6.58254e-05
6.58192e-05
6.58131e-05
6.58069e-05
6.58008e-05
6.57947e-05
6.57885e-05
6.57824e-05
6.57763e-05
6.57702e-05
6.57641e-05
6.57579e-05
6.57518e-05
6.57457e-05
6.57396e-05
6.57335e-05
6.57274e-05
6.57213e-05
6.57152e-05
6.57092e-05
6.57031e-05
6.5697e-05
6.56909e-05
6.56848e-05
6.56788e-05
6.56727e-05
6.56667e-05
6.56606e-05
6.56545e-05
6.56485e-05
6.56424e-05
6.56364e-05
6.56303e-05
6.56243e-05
6.56183e-05
6.56122e-05
6.56062e-05
6.56002e-05
6.55942e-05
6.55881e-05
6.55821e-05
6.55761e-05
6.55701e-05
6.55641e-05
6.55581e-05
6.55521e-05
6.55461e-05
6.55401e-05
6.55341e-05
6.55281e-05
6.55222e-05
6.55162e-05
6.55102e-05
6.55042e-05
6.54983e-05
6.54923e-05
6.54863e-05
6.54804e-05
6.54744e-05
6.54685e-05
6.54625e-05
6.54566e-05
6.54506e-05
6.54447e-05
6.54388e-05
6.54328e-05
6.54269e-05
6.5421e-05
6.5415e-05
6.54091e-05
6.54032e-05
6.53973e-05
6.53914e-05
6.53855e-05
6.53796e-05
6.53737e-05
6.53678e-05
6.53619e-05
6.5356e-05
6.53501e-05
6.53442e-05
6.53383e-05
6.53325e-05
6.53266e-05
6.53207e-05
6.53148e-05
6.5309e-05
6.53031e-05
6.52973e-05
6.52914e-05
6.52856e-05
6.52797e-05
6.52739e-05
6.5268e-05
6.52622e-05
6.52563e-05
6.52505e-05
6.52447e-05
6.52389e-05
6.5233e-05
6.52272e-05
6.52214e-05
6.52156e-05
6.52098e-05
6.5204e-05
6.51982e-05
6.51924e-05
6.51866e-05
6.51808e-05
6.5175e-05
6.51692e-05
6.51634e-05
6.51576e-05
6.51519e-05
6.51461e-05
6.51403e-05
6.51345e-05
6.51288e-05
6.5123e-05
6.51173e-05
6.51115e-05
6.51057e-05
6.51e-05
6.50942e-05
6.50885e-05
6.50828e-05
6.5077e-05
6.50713e-05
6.50656e-05
6.50598e-05
6.50541e-05
6.50484e-05
6.50427e-05
6.5037e-05
6.50312e-05
6.50255e-05
6.50198e-05
6.50141e-05
6.50084e-05
6.50027e-05
6.4997e-05
6.49913e-05
6.49857e-05
6.498e-05
6.49743e-05
6.49686e-05
6.49629e-05
6.49573e-05
6.49516e-05
6.49459e-05
6.49403e-05
6.49346e-05
6.4929e-05
6.49233e-05
6.49176e-05
6.4912e-05
6.49064e-05
6.49007e-05
6.48951e-05
6.48894e-05
6.48838e-05
6.48782e-05
6.48726e-05
6.48669e-05
6.48613e-05
6.48557e-05
6.48501e-05
6.48445e-05
6.48389e-05
6.48333e-05
6.48277e-05
6.48221e-05
6.48165e-05
6.48109e-05
6.48053e-05
6.47997e-05
6.47941e-05
6.47885e-05
6.4783e-05
6.47774e-05
6.47718e-05
6.47662e-05
6.47607e-05
6.47551e-05
6.47496e-05
6.4744e-05
6.47384e-05
6.47329e-05
6.47273e-05
6.47218e-05
6.47163e-05
6.47107e-05
6.47052e-05
6.46997e-05
6.46941e-05
6.46886e-05
6.46831e-05
6.46776e-05
6.4672e-05
6.46665e-05
6.4661e-05
6.46555e-05
6.465e-05
6.46445e-05
6.4639e-05
6.46335e-05
6.4628e-05
6.46225e-05
6.4617e-05
6.46115e-05
6.46061e-05
6.46006e-05
6.45951e-05
6.45896e-05
6.45842e-05
6.45787e-05
6.45732e-05
6.45678e-05
6.45623e-05
6.45569e-05
6.45514e-05
6.4546e-05
6.45405e-05
6.45351e-05
6.45296e-05
6.45242e-05
6.45187e-05
6.45133e-05
6.45079e-05
6.45025e-05
6.4497e-05
6.44916e-05
6.44862e-05
6.44808e-05
6.44754e-05
6.447e-05
6.44646e-05
6.44592e-05
6.44538e-05
6.44484e-05
6.4443e-05
6.44376e-05
6.44322e-05
6.44268e-05
6.44214e-05
6.4416e-05
6.44107e-05
6.44053e-05
6.43999e-05
6.43945e-05
6.43892e-05
6.43838e-05
6.43785e-05
6.43731e-05
6.43677e-05
6.43624e-05
6.4357e-05
6.43517e-05
6.43464e-05
6.4341e-05
6.43357e-05
6.43303e-05
6.4325e-05
6.43197e-05
6.43144e-05
6.4309e-05
6.43037e-05
6.42984e-05
6.42931e-05
6.42878e-05
6.42825e-05
6.42772e-05
6.42719e-05
6.42666e-05
6.42613e-05
6.4256e-05
6.42507e-05
6.42454e-05
6.42401e-05
6.42348e-05
6.42295e-05
6.42242e-05
6.4219e-05
6.42137e-05
6.42084e-05
6.42032e-05
6.41979e-05
6.41926e-05
6.41874e-05
6.41821e-05
6.41769e-05
6.41716e-05
6.41664e-05
6.41611e-05
6.41559e-05
6.41506e-05
6.41454e-05
6.41402e-05
6.41349e-05
6.41297e-05
6.41245e-05
6.41193e-05
6.41141e-05
6.41088e-05
6.41036e-05
6.40984e-05
6.40932e-05
6.4088e-05
6.40828e-05
6.40776e-05
6.40724e-05
6.40672e-05
6.4062e-05
6.40568e-05
6.40516e-05
6.40464e-05
6.40413e-05
6.40361e-05
6.40309e-05
6.40257e-05
6.40206e-05
6.40154e-05
6.40102e-05
6.40051e-05
6.39999e-05
6.39948e-05
6.39896e-05
6.39845e-05
6.39793e-05
6.39742e-05
6.3969e-05
6.39639e-05
6.39587e-05
6.39536e-05
6.39485e-05
6.39433e-05
6.39382e-05
6.39331e-05
6.3928e-05
6.39228e-05
6.39177e-05
6.39126e-05
6.39075e-05
6.39024e-05
6.38973e-05
6.38922e-05
6.38871e-05
6.3882e-05
6.38769e-05
6.38718e-05
6.38667e-05
6.38616e-05
6.38565e-05
6.38515e-05
6.38464e-05
6.38413e-05
6.38362e-05
6.38312e-05
6.38261e-05
6.3821e-05
6.3816e-05
6.38109e-05
6.38058e-05
6.38008e-05
6.37957e-05
6.37907e-05
6.37856e-05
6.37806e-05
6.37756e-05
6.37705e-05
6.37655e-05
6.37604e-05
6.37554e-05
6.37504e-05
6.37454e-05
6.37403e-05
6.37353e-05
6.37303e-05
6.37253e-05
6.37203e-05
6.37153e-05
6.37103e-05
6.37052e-05
6.37002e-05
6.36952e-05
6.36902e-05
6.36853e-05
6.36803e-05
6.36753e-05
6.36703e-05
6.36653e-05
6.36603e-05
6.36553e-05
6.36504e-05
6.36454e-05
6.36404e-05
6.36354e-05
6.36305e-05
6.36255e-05
6.36206e-05
6.36156e-05
6.36106e-05
6.36057e-05
6.36007e-05
6.35958e-05
6.35908e-05
6.35859e-05
6.3581e-05
6.3576e-05
6.35711e-05
6.35662e-05
6.35612e-05
6.35563e-05
6.35514e-05
6.35464e-05
6.35415e-05
6.35366e-05
6.35317e-05
6.35268e-05
6.35219e-05
6.3517e-05
6.35121e-05
6.35072e-05
6.35023e-05
6.34974e-05
6.34925e-05
6.34876e-05
6.34827e-05
6.34778e-05
6.34729e-05
6.3468e-05
6.34631e-05
6.34583e-05
6.34534e-05
6.34485e-05
6.34437e-05
6.34388e-05
6.34339e-05
6.34291e-05
6.34242e-05
6.34193e-05
6.34145e-05
6.34096e-05
6.34048e-05
6.33999e-05
6.33951e-05
6.33903e-05
6.33854e-05
6.33806e-05
6.33757e-05
6.33709e-05
6.33661e-05
6.33613e-05
6.33564e-05
6.33516e-05
6.33468e-05
6.3342e-05
6.33372e-05
6.33323e-05
6.33275e-05
6.33227e-05
6.33179e-05
6.33131e-05
6.33083e-05
6.33035e-05
6.32987e-05
6.32939e-05
6.32891e-05
6.32844e-05
6.32796e-05
6.32748e-05
6.327e-05
6.32652e-05
6.32604e-05
6.32557e-05
6.32509e-05
6.32461e-05
6.32414e-05
6.32366e-05
6.32318e-05
6.32271e-05
6.32223e-05
6.32176e-05
6.32128e-05
6.32081e-05
6.32033e-05
6.31986e-05
6.31938e-05
6.31891e-05
6.31844e-05
6.31796e-05
6.31749e-05
6.31702e-05
6.31654e-05
6.31607e-05
6.3156e-05
6.31513e-05
6.31466e-05
6.31419e-05
6.31371e-05
6.31324e-05
6.31277e-05
6.3123e-05
6.31183e-05
6.31136e-05
6.31089e-05
6.31042e-05
6.30995e-05
6.30948e-05
6.30901e-05
6.30855e-05
6.30808e-05
6.30761e-05
6.30714e-05
6.30667e-05
6.30621e-05
6.30574e-05
6.30527e-05
6.30481e-05
6.30434e-05
6.30387e-05
6.30341e-05
6.30294e-05
6.30248e-05
6.30201e-05
6.30155e-05
6.30108e-05
6.30062e-05
6.30015e-05
6.29969e-05
6.29922e-05
6.29876e-05
6.2983e-05
6.29783e-05
6.29737e-05
6.29691e-05
6.29644e-05
6.29598e-05
6.29552e-05
6.29506e-05
6.2946e-05
6.29414e-05
6.29367e-05
6.29321e-05
6.29275e-05
6.29229e-05
6.29183e-05
6.29137e-05
6.29091e-05
6.29045e-05
6.28999e-05
6.28954e-05
6.28908e-05
6.28862e-05
6.28816e-05
6.2877e-05
6.28724e-05
6.28679e-05
6.28633e-05
6.28587e-05
6.28542e-05
6.28496e-05
6.2845e-05
6.28405e-05
6.28359e-05
6.28313e-05
6.28268e-05
6.28222e-05
6.28177e-05
6.28131e-05
6.28086e-05
6.2804e-05
6.27995e-05
6.2795e-05
6.27904e-05
6.27859e-05
6.27814e-05
6.27768e-05
6.27723e-05
6.27678e-05
6.27632e-05
6.27587e-05
6.27542e-05
6.27497e-05
6.27452e-05
6.27407e-05
6.27362e-05
6.27316e-05
6.27271e-05
6.27226e-05
6.27181e-05
6.27136e-05
6.27091e-05
6.27047e-05
6.27002e-05
6.26957e-05
6.26912e-05
6.26867e-05
6.26822e-05
6.26777e-05
6.26733e-05
6.26688e-05
6.26643e-05
6.26598e-05
6.26554e-05
6.26509e-05
6.26464e-05
6.2642e-05
6.26375e-05
6.26331e-05
6.26286e-05
6.26241e-05
6.26197e-05
6.26152e-05
6.26108e-05
6.26064e-05
6.26019e-05
6.25975e-05
6.2593e-05
6.25886e-05
6.25842e-05
6.25797e-05
6.25753e-05
6.25709e-05
6.25664e-05
6.2562e-05
6.25576e-05
6.25532e-05
6.25488e-05
6.25444e-05
6.25399e-05
6.25355e-05
6.25311e-05
6.25267e-05
6.25223e-05
6.25179e-05
6.25135e-05
6.25091e-05
6.25047e-05
6.25003e-05
6.24959e-05
6.24916e-05
6.24872e-05
6.24828e-05
6.24784e-05
6.2474e-05
6.24697e-05
6.24653e-05
6.24609e-05
6.24565e-05
6.24522e-05
6.24478e-05
6.24434e-05
6.24391e-05
6.24347e-05
6.24304e-05
6.2426e-05
6.24217e-05
6.24173e-05
6.2413e-05
6.24086e-05
6.24043e-05
6.23999e-05
6.23956e-05
6.23912e-05
6.23869e-05
6.23826e-05
6.23782e-05
6.23739e-05
6.23696e-05
6.23653e-05
6.23609e-05
6.23566e-05
6.23523e-05
6.2348e-05
6.23437e-05
6.23394e-05
6.2335e-05
6.23307e-05
6.23264e-05
6.23221e-05
6.23178e-05
6.23135e-05
6.23092e-05
6.23049e-05
6.23006e-05
6.22963e-05
6.22921e-05
6.22878e-05
6.22835e-05
6.22792e-05
6.22749e-05
6.22706e-05
6.22664e-05
6.22621e-05
6.22578e-05
6.22536e-05
6.22493e-05
6.2245e-05
6.22408e-05
6.22365e-05
6.22322e-05
6.2228e-05
6.22237e-05
6.22195e-05
6.22152e-05
6.2211e-05
6.22067e-05
6.22025e-05
6.21982e-05
6.2194e-05
6.21898e-05
6.21855e-05
6.21813e-05
6.21771e-05
6.21728e-05
6.21686e-05
6.21644e-05
6.21601e-05
6.21559e-05
6.21517e-05
6.21475e-05
6.21433e-05
6.21391e-05
6.21348e-05
6.21306e-05
6.21264e-05
6.21222e-05
6.2118e-05
6.21138e-05
6.21096e-05
6.21054e-05
6.21012e-05
6.2097e-05
6.20928e-05
6.20886e-05
6.20845e-05
6.20803e-05
6.20761e-05
6.20719e-05
6.20677e-05
6.20636e-05
6.20594e-05
6.20552e-05
6.2051e-05
6.20469e-05
6.20427e-05
6.20385e-05
6.20344e-05
6.20302e-05
6.20261e-05
6.20219e-05
6.20177e-05
6.20136e-05
6.20094e-05
6.20053e-05
6.20011e-05
6.1997e-05
6.19929e-05
6.19887e-05
6.19846e-05
6.19804e-05
6.19763e-05
6.19722e-05
6.1968e-05
6.19639e-05
6.19598e-05
6.19557e-05
6.19515e-05
6.19474e-05
6.19433e-05
6.19392e-05
6.19351e-05
6.1931e-05
6.19269e-05
6.19227e-05
6.19186e-05
6.19145e-05
6.19104e-05
6.19063e-05
6.19022e-05
6.18981e-05
6.1894e-05
6.189e-05
6.18859e-05
6.18818e-05
6.18777e-05
6.18736e-05
6.18695e-05
6.18654e-05
6.18614e-05
6.18573e-05
6.18532e-05
6.18491e-05
6.18451e-05
6.1841e-05
6.18369e-05
6.18329e-05
6.18288e-05
6.18247e-05
6.18207e-05
6.18166e-05
6.18126e-05
6.18085e-05
6.18045e-05
6.18004e-05
6.17964e-05
6.17923e-05
6.17883e-05
6.17842e-05
6.17802e-05
6.17762e-05
6.17721e-05
6.17681e-05
6.17641e-05
6.176e-05
6.1756e-05
6.1752e-05
6.1748e-05
6.17439e-05
6.17399e-05
6.17359e-05
6.17319e-05
6.17279e-05
6.17239e-05
6.17198e-05
6.17158e-05
6.17118e-05
6.17078e-05
6.17038e-05
6.16998e-05
6.16958e-05
6.16918e-05
6.16878e-05
6.16838e-05
6.16798e-05
6.16759e-05
6.16719e-05
6.16679e-05
6.16639e-05
6.16599e-05
6.16559e-05
6.1652e-05
6.1648e-05
6.1644e-05
6.164e-05
6.16361e-05
6.16321e-05
6.16281e-05
6.16242e-05
6.16202e-05
6.16162e-05
6.16123e-05
6.16083e-05
6.16044e-05
6.16004e-05
6.15965e-05
6.15925e-05
6.15886e-05
6.15846e-05
6.15807e-05
6.15767e-05
6.15728e-05
6.15689e-05
6.15649e-05
6.1561e-05
6.15571e-05
6.15531e-05
6.15492e-05
6.15453e-05
6.15413e-05
6.15374e-05
6.15335e-05
6.15296e-05
6.15257e-05
6.15218e-05
6.15178e-05
6.15139e-05
6.151e-05
6.15061e-05
6.15022e-05
6.14983e-05
6.14944e-05
6.14905e-05
6.14866e-05
6.14827e-05
6.14788e-05
6.14749e-05
6.1471e-05
6.14671e-05
6.14632e-05
6.14594e-05
6.14555e-05
6.14516e-05
6.14477e-05
6.14438e-05
6.144e-05
6.14361e-05
6.14322e-05
6.14283e-05
6.14245e-05
6.14206e-05
6.14167e-05
6.14129e-05
6.1409e-05
6.14051e-05
6.14013e-05
6.13974e-05
6.13936e-05
6.13897e-05
6.13859e-05
6.1382e-05
6.13782e-05
6.13743e-05
6.13705e-05
6.13666e-05
6.13628e-05
6.1359e-05
6.13551e-05
6.13513e-05
6.13475e-05
6.13436e-05
6.13398e-05
6.1336e-05
6.13322e-05
6.13283e-05
6.13245e-05
6.13207e-05
6.13169e-05
6.13131e-05
6.13092e-05
6.13054e-05
6.13016e-05
6.12978e-05
6.1294e-05
6.12902e-05
6.12864e-05
6.12826e-05
6.12788e-05
6.1275e-05
6.12712e-05
6.12674e-05
6.12636e-05
6.12598e-05
6.1256e-05
6.12522e-05
6.12484e-05
6.12447e-05
6.12409e-05
6.12371e-05
6.12333e-05
6.12295e-05
6.12258e-05
6.1222e-05
6.12182e-05
6.12145e-05
6.12107e-05
6.12069e-05
6.12032e-05
6.11994e-05
6.11956e-05
6.11919e-05
6.11881e-05
6.11844e-05
6.11806e-05
6.11769e-05
6.11731e-05
6.11694e-05
6.11656e-05
6.11619e-05
6.11581e-05
6.11544e-05
6.11506e-05
6.11469e-05
6.11432e-05
6.11394e-05
6.11357e-05
6.1132e-05
6.11282e-05
6.11245e-05
6.11208e-05
6.11171e-05
6.11133e-05
6.11096e-05
6.11059e-05
6.11022e-05
6.10985e-05
6.10947e-05
6.1091e-05
6.10873e-05
6.10836e-05
6.10799e-05
6.10762e-05
6.10725e-05
6.10688e-05
6.10651e-05
6.10614e-05
6.10577e-05
6.1054e-05
6.10503e-05
6.10466e-05
6.10429e-05
6.10392e-05
6.10356e-05
6.10319e-05
6.10282e-05
6.10245e-05
6.10208e-05
6.10171e-05
6.10135e-05
6.10098e-05
6.10061e-05
6.10025e-05
6.09988e-05
6.09951e-05
6.09915e-05
6.09878e-05
6.09841e-05
6.09805e-05
6.09768e-05
6.09731e-05
6.09695e-05
6.09658e-05
6.09622e-05
6.09585e-05
6.09549e-05
6.09512e-05
6.09476e-05
6.0944e-05
6.09403e-05
6.09367e-05
6.0933e-05
6.09294e-05
6.09258e-05
6.09221e-05
6.09185e-05
6.09149e-05
6.09112e-05
6.09076e-05
6.0904e-05
6.09004e-05
6.08967e-05
6.08931e-05
6.08895e-05
6.08859e-05
6.08823e-05
6.08787e-05
6.0875e-05
6.08714e-05
6.08678e-05
6.08642e-05
6.08606e-05
6.0857e-05
6.08534e-05
6.08498e-05
6.08462e-05
6.08426e-05
6.0839e-05
6.08354e-05
6.08318e-05
6.08282e-05
6.08247e-05
6.08211e-05
6.08175e-05
6.08139e-05
6.08103e-05
6.08067e-05
6.08032e-05
6.07996e-05
6.0796e-05
6.07924e-05
6.07889e-05
6.07853e-05
6.07817e-05
6.07782e-05
6.07746e-05
6.0771e-05
6.07675e-05
6.07639e-05
6.07603e-05
6.07568e-05
6.07532e-05
6.07497e-05
6.07461e-05
6.07426e-05
6.0739e-05
6.07355e-05
6.07319e-05
6.07284e-05
6.07248e-05
6.07213e-05
6.07178e-05
6.07142e-05
6.07107e-05
6.07072e-05
6.07036e-05
6.07001e-05
6.06966e-05
6.0693e-05
6.06895e-05
6.0686e-05
6.06825e-05
6.06789e-05
6.06754e-05
6.06719e-05
6.06684e-05
6.06649e-05
6.06614e-05
6.06578e-05
6.06543e-05
6.06508e-05
6.06473e-05
6.06438e-05
6.06403e-05
6.06368e-05
6.06333e-05
6.06298e-05
6.06263e-05
6.06228e-05
6.06193e-05
6.06158e-05
6.06123e-05
6.06088e-05
6.06054e-05
6.06019e-05
6.05984e-05
6.05949e-05
6.05914e-05
6.05879e-05
6.05845e-05
6.0581e-05
6.05775e-05
6.0574e-05
6.05706e-05
6.05671e-05
6.05636e-05
6.05602e-05
6.05567e-05
6.05532e-05
6.05498e-05
6.05463e-05
6.05428e-05
6.05394e-05
6.05359e-05
6.05325e-05
6.0529e-05
6.05256e-05
6.05221e-05
6.05187e-05
6.05152e-05
6.05118e-05
6.05083e-05
6.05049e-05
6.05015e-05
6.0498e-05
6.04946e-05
6.04911e-05
6.04877e-05
6.04843e-05
6.04808e-05
6.04774e-05
6.0474e-05
6.04706e-05
6.04671e-05
6.04637e-05
6.04603e-05
6.04569e-05
6.04535e-05
6.045e-05
6.04466e-05
6.04432e-05
6.04398e-05
6.04364e-05
6.0433e-05
6.04296e-05
6.04262e-05
6.04228e-05
6.04194e-05
6.0416e-05
6.04126e-05
6.04092e-05
6.04058e-05
6.04024e-05
6.0399e-05
6.03956e-05
6.03922e-05
6.03888e-05
6.03854e-05
6.0382e-05
6.03786e-05
6.03753e-05
6.03719e-05
6.03685e-05
6.03651e-05
6.03617e-05
6.03584e-05
6.0355e-05
6.03516e-05
6.03482e-05
6.03449e-05
6.03415e-05
6.03381e-05
6.03348e-05
6.03314e-05
6.0328e-05
6.03247e-05
6.03213e-05
6.0318e-05
6.03146e-05
6.03113e-05
6.03079e-05
6.03046e-05
6.03012e-05
6.02979e-05
6.02945e-05
6.02912e-05
6.02878e-05
6.02845e-05
6.02811e-05
6.02778e-05
6.02745e-05
6.02711e-05
6.02678e-05
6.02645e-05
6.02611e-05
6.02578e-05
6.02545e-05
6.02511e-05
6.02478e-05
6.02445e-05
6.02412e-05
6.02378e-05
6.02345e-05
6.02312e-05
6.02279e-05
6.02246e-05
6.02213e-05
6.02179e-05
6.02146e-05
6.02113e-05
6.0208e-05
6.02047e-05
6.02014e-05
6.01981e-05
6.01948e-05
6.01915e-05
6.01882e-05
6.01849e-05
6.01816e-05
6.01783e-05
6.0175e-05
6.01717e-05
6.01684e-05
6.01651e-05
6.01618e-05
6.01586e-05
6.01553e-05
6.0152e-05
6.01487e-05
6.01454e-05
6.01422e-05
6.01389e-05
6.01356e-05
6.01323e-05
6.01291e-05
6.01258e-05
6.01225e-05
6.01192e-05
6.0116e-05
6.01127e-05
6.01094e-05
6.01062e-05
6.01029e-05
6.00997e-05
6.00964e-05
6.00931e-05
6.00899e-05
6.00866e-05
6.00834e-05
6.00801e-05
6.00769e-05
6.00736e-05
6.00704e-05
6.00671e-05
6.00639e-05
6.00607e-05
6.00574e-05
6.00542e-05
6.00509e-05
6.00477e-05
6.00445e-05
6.00412e-05
6.0038e-05
6.00348e-05
6.00315e-05
6.00283e-05
6.00251e-05
6.00219e-05
6.00186e-05
6.00154e-05
6.00122e-05
6.0009e-05
6.00058e-05
6.00025e-05
5.99993e-05
5.99961e-05
5.99929e-05
5.99897e-05
5.99865e-05
5.99833e-05
5.99801e-05
5.99769e-05
5.99737e-05
5.99705e-05
5.99672e-05
5.9964e-05
5.99609e-05
5.99577e-05
5.99545e-05
5.99513e-05
5.99481e-05
5.99449e-05
5.99417e-05
5.99385e-05
5.99353e-05
5.99321e-05
5.99289e-05
5.99258e-05
5.99226e-05
5.99194e-05
5.99162e-05
5.9913e-05
5.99099e-05
5.99067e-05
5.99035e-05
5.99004e-05
5.98972e-05
5.9894e-05
5.98908e-05
5.98877e-05
5.98845e-05
5.98814e-05
5.98782e-05
5.9875e-05
5.98719e-05
5.98687e-05
5.98656e-05
5.98624e-05
5.98592e-05
5.98561e-05
5.98529e-05
5.98498e-05
5.98466e-05
5.98435e-05
5.98404e-05
5.98372e-05
5.98341e-05
5.98309e-05
5.98278e-05
5.98246e-05
5.98215e-05
5.98184e-05
5.98152e-05
5.98121e-05
5.9809e-05
5.98058e-05
5.98027e-05
5.97996e-05
5.97965e-05
5.97933e-05
5.97902e-05
5.97871e-05
5.9784e-05
5.97809e-05
5.97777e-05
5.97746e-05
5.97715e-05
5.97684e-05
5.97653e-05
5.97622e-05
5.97591e-05
5.9756e-05
5.97528e-05
5.97497e-05
5.97466e-05
5.97435e-05
5.97404e-05
5.97373e-05
5.97342e-05
5.97311e-05
5.9728e-05
5.97249e-05
5.97219e-05
5.97188e-05
5.97157e-05
5.97126e-05
5.97095e-05
5.97064e-05
5.97033e-05
5.97002e-05
5.96972e-05
5.96941e-05
5.9691e-05
5.96879e-05
5.96848e-05
5.96818e-05
5.96787e-05
5.96756e-05
5.96725e-05
5.96695e-05
5.96664e-05
5.96633e-05
5.96603e-05
5.96572e-05
5.96541e-05
5.96511e-05
5.9648e-05
5.9645e-05
5.96419e-05
5.96388e-05
5.96358e-05
5.96327e-05
5.96297e-05
5.96266e-05
5.96236e-05
5.96205e-05
5.96175e-05
5.96144e-05
5.96114e-05
5.96083e-05
5.96053e-05
5.96023e-05
5.95992e-05
5.95962e-05
5.95931e-05
5.95901e-05
5.95871e-05
5.9584e-05
5.9581e-05
5.9578e-05
5.95749e-05
5.95719e-05
5.95689e-05
5.95659e-05
5.95628e-05
5.95598e-05
5.95568e-05
5.95538e-05
5.95507e-05
5.95477e-05
5.95447e-05
5.95417e-05
5.95387e-05
5.95357e-05
5.95327e-05
5.95297e-05
5.95266e-05
5.95236e-05
5.95206e-05
5.95176e-05
5.95146e-05
5.95116e-05
5.95086e-05
5.95056e-05
5.95026e-05
5.94996e-05
5.94966e-05
5.94936e-05
5.94906e-05
5.94876e-05
5.94847e-05
5.94817e-05
5.94787e-05
5.94757e-05
5.94727e-05
5.94697e-05
5.94667e-05
5.94638e-05
5.94608e-05
5.94578e-05
5.94548e-05
5.94518e-05
5.94489e-05
5.94459e-05
5.94429e-05
5.944e-05
5.9437e-05
5.9434e-05
5.9431e-05
5.94281e-05
5.94251e-05
5.94222e-05
5.94192e-05
5.94162e-05
5.94133e-05
5.94103e-05
5.94074e-05
5.94044e-05
5.94014e-05
5.93985e-05
5.93955e-05
5.93926e-05
5.93896e-05
5.93867e-05
5.93837e-05
5.93808e-05
5.93778e-05
5.93749e-05
5.9372e-05
5.9369e-05
5.93661e-05
5.93631e-05
5.93602e-05
5.93573e-05
5.93543e-05
5.93514e-05
5.93485e-05
5.93455e-05
5.93426e-05
5.93397e-05
5.93368e-05
5.93338e-05
5.93309e-05
5.9328e-05
5.93251e-05
5.93221e-05
5.93192e-05
5.93163e-05
5.93134e-05
5.93105e-05
5.93075e-05
5.93046e-05
5.93017e-05
5.92988e-05
5.92959e-05
5.9293e-05
5.92901e-05
5.92872e-05
5.92843e-05
5.92814e-05
5.92785e-05
5.92756e-05
5.92727e-05
5.92698e-05
5.92669e-05
5.9264e-05
5.92611e-05
5.92582e-05
5.92553e-05
5.92524e-05
5.92495e-05
5.92466e-05
5.92437e-05
5.92408e-05
5.9238e-05
5.92351e-05
5.92322e-05
5.92293e-05
5.92264e-05
5.92236e-05
5.92207e-05
5.92178e-05
5.92149e-05
5.92121e-05
5.92092e-05
5.92063e-05
5.92034e-05
5.92006e-05
5.91977e-05
5.91948e-05
5.9192e-05
5.91891e-05
5.91862e-05
5.91834e-05
5.91805e-05
5.91777e-05
5.91748e-05
5.91719e-05
5.91691e-05
5.91662e-05
5.91634e-05
5.91605e-05
5.91577e-05
5.91548e-05
5.9152e-05
5.91491e-05
5.91463e-05
5.91434e-05
5.91406e-05
5.91377e-05
5.91349e-05
5.91321e-05
5.91292e-05
5.91264e-05
5.91236e-05
5.91207e-05
5.91179e-05
5.9115e-05
5.91122e-05
5.91094e-05
5.91066e-05
5.91037e-05
5.91009e-05
5.90981e-05
5.90952e-05
5.90924e-05
5.90896e-05
5.90868e-05
5.9084e-05
5.90811e-05
5.90783e-05
5.90755e-05
5.90727e-05
5.90699e-05
5.90671e-05
5.90643e-05
5.90614e-05
5.90586e-05
5.90558e-05
5.9053e-05
5.90502e-05
5.90474e-05
5.90446e-05
5.90418e-05
5.9039e-05
5.90362e-05
5.90334e-05
5.90306e-05
5.90278e-05
5.9025e-05
5.90222e-05
5.90194e-05
5.90166e-05
5.90138e-05
5.90111e-05
5.90083e-05
5.90055e-05
5.90027e-05
5.89999e-05
5.89971e-05
5.89943e-05
5.89916e-05
5.89888e-05
5.8986e-05
5.89832e-05
5.89804e-05
5.89777e-05
5.89749e-05
5.89721e-05
5.89693e-05
5.89666e-05
5.89638e-05
5.8961e-05
5.89583e-05
5.89555e-05
5.89527e-05
5.895e-05
5.89472e-05
5.89444e-05
5.89417e-05
5.89389e-05
5.89362e-05
5.89334e-05
5.89307e-05
5.89279e-05
5.89251e-05
5.89224e-05
5.89196e-05
5.89169e-05
5.89141e-05
5.89114e-05
5.89087e-05
5.89059e-05
5.89032e-05
5.89004e-05
5.88977e-05
5.88949e-05
5.88922e-05
5.88895e-05
5.88867e-05
5.8884e-05
5.88812e-05
5.88785e-05
5.88758e-05
5.8873e-05
5.88703e-05
5.88676e-05
5.88649e-05
5.88621e-05
5.88594e-05
5.88567e-05
5.8854e-05
5.88512e-05
5.88485e-05
5.88458e-05
5.88431e-05
5.88404e-05
5.88376e-05
5.88349e-05
5.88322e-05
5.88295e-05
5.88268e-05
5.88241e-05
5.88214e-05
5.88186e-05
5.88159e-05
5.88132e-05
5.88105e-05
5.88078e-05
5.88051e-05
5.88024e-05
5.87997e-05
5.8797e-05
5.87943e-05
5.87916e-05
5.87889e-05
5.87862e-05
5.87835e-05
5.87808e-05
5.87781e-05
5.87754e-05
5.87728e-05
5.87701e-05
5.87674e-05
5.87647e-05
5.8762e-05
5.87593e-05
5.87566e-05
5.8754e-05
5.87513e-05
5.87486e-05
5.87459e-05
5.87432e-05
5.87406e-05
5.87379e-05
5.87352e-05
5.87325e-05
5.87299e-05
5.87272e-05
5.87245e-05
5.87218e-05
5.87192e-05
5.87165e-05
5.87138e-05
5.87112e-05
5.87085e-05
5.87059e-05
5.87032e-05
5.87005e-05
5.86979e-05
5.86952e-05
5.86926e-05
5.86899e-05
5.86872e-05
5.86846e-05
5.86819e-05
5.86793e-05
5.86766e-05
5.8674e-05
5.86713e-05
5.86687e-05
5.8666e-05
5.86634e-05
5.86607e-05
5.86581e-05
5.86555e-05
5.86528e-05
5.86502e-05
5.86475e-05
5.86449e-05
5.86423e-05
5.86396e-05
5.8637e-05
5.86344e-05
5.86317e-05
5.86291e-05
5.86265e-05
5.86238e-05
5.86212e-05
5.86186e-05
5.8616e-05
5.86133e-05
5.86107e-05
5.86081e-05
5.86055e-05
5.86028e-05
5.86002e-05
5.85976e-05
5.8595e-05
5.85924e-05
5.85898e-05
5.85871e-05
5.85845e-05
5.85819e-05
5.85793e-05
5.85767e-05
5.85741e-05
5.85715e-05
5.85689e-05
5.85663e-05
5.85637e-05
5.85611e-05
5.85585e-05
5.85559e-05
5.85533e-05
5.85507e-05
5.85481e-05
5.85455e-05
5.85429e-05
5.85403e-05
5.85377e-05
5.85351e-05
5.85325e-05
5.85299e-05
5.85273e-05
5.85247e-05
5.85221e-05
5.85195e-05
5.8517e-05
5.85144e-05
5.85118e-05
5.85092e-05
5.85066e-05
5.8504e-05
5.85015e-05
5.84989e-05
5.84963e-05
5.84937e-05
5.84912e-05
5.84886e-05
5.8486e-05
5.84834e-05
5.84809e-05
5.84783e-05
5.84757e-05
5.84732e-05
5.84706e-05
5.8468e-05
5.84655e-05
5.84629e-05
5.84603e-05
5.84578e-05
5.84552e-05
5.84527e-05
5.84501e-05
5.84475e-05
5.8445e-05
5.84424e-05
5.84399e-05
5.84373e-05
5.84348e-05
5.84322e-05
5.84297e-05
5.84271e-05
5.84246e-05
5.8422e-05
5.84195e-05
5.84169e-05
5.84144e-05
5.84118e-05
5.84093e-05
5.84068e-05
5.84042e-05
5.84017e-05
5.83991e-05
5.83966e-05
5.83941e-05
5.83915e-05
5.8389e-05
5.83865e-05
5.83839e-05
5.83814e-05
5.83789e-05
5.83763e-05
5.83738e-05
5.83713e-05
5.83688e-05
5.83662e-05
5.83637e-05
5.83612e-05
5.83587e-05
5.83561e-05
5.83536e-05
5.83511e-05
5.83486e-05
5.83461e-05
5.83436e-05
5.8341e-05
5.83385e-05
5.8336e-05
5.83335e-05
5.8331e-05
5.83285e-05
5.8326e-05
5.83235e-05
5.8321e-05
5.83185e-05
5.83159e-05
5.83134e-05
5.83109e-05
5.83084e-05
5.83059e-05
5.83034e-05
5.83009e-05
5.82984e-05
5.82959e-05
5.82935e-05
5.8291e-05
5.82885e-05
5.8286e-05
5.82835e-05
5.8281e-05
5.82785e-05
5.8276e-05
5.82735e-05
5.8271e-05
5.82686e-05
5.82661e-05
5.82636e-05
5.82611e-05
5.82586e-05
5.82561e-05
5.82537e-05
5.82512e-05
5.82487e-05
5.82462e-05
5.82437e-05
5.82413e-05
5.82388e-05
5.82363e-05
5.82339e-05
5.82314e-05
5.82289e-05
5.82264e-05
5.8224e-05
5.82215e-05
5.8219e-05
5.82166e-05
5.82141e-05
5.82117e-05
5.82092e-05
5.82067e-05
5.82043e-05
5.82018e-05
5.81994e-05
5.81969e-05
5.81944e-05
5.8192e-05
5.81895e-05
5.81871e-05
5.81846e-05
5.81822e-05
5.81797e-05
5.81773e-05
5.81748e-05
5.81724e-05
5.81699e-05
5.81675e-05
5.8165e-05
5.81626e-05
5.81602e-05
5.81577e-05
5.81553e-05
5.81528e-05
5.81504e-05
5.8148e-05
5.81455e-05
5.81431e-05
5.81407e-05
5.81382e-05
5.81358e-05
5.81334e-05
5.81309e-05
5.81285e-05
5.81261e-05
5.81236e-05
5.81212e-05
5.81188e-05
5.81164e-05
5.81139e-05
5.81115e-05
5.81091e-05
5.81067e-05
5.81042e-05
5.81018e-05
5.80994e-05
5.8097e-05
5.80946e-05
5.80922e-05
5.80897e-05
5.80873e-05
5.80849e-05
5.80825e-05
5.80801e-05
5.80777e-05
5.80753e-05
5.80729e-05
5.80705e-05
5.80681e-05
5.80657e-05
5.80632e-05
5.80608e-05
5.80584e-05
5.8056e-05
5.80536e-05
5.80512e-05
5.80488e-05
5.80464e-05
5.8044e-05
5.80417e-05
5.80393e-05
5.80369e-05
5.80345e-05
5.80321e-05
5.80297e-05
5.80273e-05
5.80249e-05
5.80225e-05
5.80201e-05
5.80177e-05
5.80154e-05
5.8013e-05
5.80106e-05
5.80082e-05
5.80058e-05
5.80035e-05
5.80011e-05
5.79987e-05
5.79963e-05
5.79939e-05
5.79916e-05
5.79892e-05
5.79868e-05
5.79844e-05
5.79821e-05
5.79797e-05
5.79773e-05
5.7975e-05
5.79726e-05
5.79702e-05
5.79679e-05
5.79655e-05
5.79631e-05
5.79608e-05
5.79584e-05
5.7956e-05
5.79537e-05
5.79513e-05
5.7949e-05
5.79466e-05
5.79442e-05
5.79419e-05
5.79395e-05
5.79372e-05
5.79348e-05
5.79325e-05
5.79301e-05
5.79278e-05
5.79254e-05
5.79231e-05
5.79207e-05
5.79184e-05
5.7916e-05
5.79137e-05
5.79113e-05
5.7909e-05
5.79066e-05
5.79043e-05
5.7902e-05
5.78996e-05
5.78973e-05
5.78949e-05
5.78926e-05
5.78903e-05
5.78879e-05
5.78856e-05
5.78833e-05
5.78809e-05
5.78786e-05
5.78763e-05
5.78739e-05
5.78716e-05
5.78693e-05
5.7867e-05
5.78646e-05
5.78623e-05
5.786e-05
5.78577e-05
5.78553e-05
5.7853e-05
5.78507e-05
5.78484e-05
5.78461e-05
5.78437e-05
5.78414e-05
5.78391e-05
5.78368e-05
5.78345e-05
5.78322e-05
5.78298e-05
5.78275e-05
5.78252e-05
5.78229e-05
5.78206e-05
5.78183e-05
5.7816e-05
5.78137e-05
5.78114e-05
5.78091e-05
5.78068e-05
5.78045e-05
5.78022e-05
5.77999e-05
5.77976e-05
5.77953e-05
5.7793e-05
5.77907e-05
5.77884e-05
5.77861e-05
5.77838e-05
5.77815e-05
5.77792e-05
5.77769e-05
5.77746e-05
5.77723e-05
5.777e-05
5.77677e-05
5.77654e-05
5.77632e-05
5.77609e-05
5.77586e-05
5.77563e-05
5.7754e-05
5.77517e-05
5.77495e-05
5.77472e-05
5.77449e-05
5.77426e-05
5.77403e-05
5.77381e-05
5.77358e-05
5.77335e-05
5.77312e-05
5.7729e-05
5.77267e-05
5.77244e-05
5.77221e-05
5.77199e-05
5.77176e-05
5.77153e-05
5.77131e-05
5.77108e-05
5.77085e-05
5.77063e-05
5.7704e-05
5.77017e-05
5.76995e-05
5.76972e-05
5.7695e-05
5.76927e-05
5.76904e-05
5.76882e-05
5.76859e-05
5.76837e-05
5.76814e-05
5.76792e-05
5.76769e-05
5.76747e-05
5.76724e-05
5.76702e-05
5.76679e-05
5.76657e-05
5.76634e-05
5.76612e-05
5.76589e-05
5.76567e-05
5.76544e-05
5.76522e-05
5.76499e-05
5.76477e-05
5.76454e-05
5.76432e-05
5.7641e-05
5.76387e-05
5.76365e-05
5.76342e-05
5.7632e-05
5.76298e-05
5.76275e-05
5.76253e-05
5.76231e-05
5.76208e-05
5.76186e-05
5.76164e-05
5.76142e-05
5.76119e-05
5.76097e-05
5.76075e-05
5.76052e-05
5.7603e-05
5.76008e-05
5.75986e-05
5.75963e-05
5.75941e-05
5.75919e-05
5.75897e-05
5.75875e-05
5.75852e-05
5.7583e-05
5.75808e-05
5.75786e-05
5.75764e-05
5.75742e-05
5.75719e-05
5.75697e-05
5.75675e-05
5.75653e-05
5.75631e-05
5.75609e-05
5.75587e-05
5.75565e-05
5.75543e-05
5.75521e-05
5.75499e-05
5.75477e-05
5.75455e-05
5.75432e-05
5.7541e-05
5.75388e-05
5.75366e-05
5.75344e-05
5.75322e-05
5.753e-05
5.75279e-05
5.75257e-05
5.75235e-05
5.75213e-05
5.75191e-05
5.75169e-05
5.75147e-05
5.75125e-05
5.75103e-05
5.75081e-05
5.75059e-05
5.75037e-05
5.75016e-05
5.74994e-05
5.74972e-05
5.7495e-05
5.74928e-05
5.74906e-05
5.74885e-05
5.74863e-05
5.74841e-05
5.74819e-05
5.74797e-05
5.74776e-05
5.74754e-05
5.74732e-05
5.7471e-05
5.74689e-05
5.74667e-05
5.74645e-05
5.74623e-05
5.74602e-05
5.7458e-05
5.74558e-05
5.74537e-05
5.74515e-05
5.74493e-05
5.74472e-05
5.7445e-05
5.74428e-05
5.74407e-05
5.74385e-05
5.74363e-05
5.74342e-05
5.7432e-05
5.74299e-05
5.74277e-05
5.74255e-05
5.74234e-05
5.74212e-05
5.74191e-05
5.74169e-05
5.74148e-05
5.74126e-05
5.74105e-05
5.74083e-05
5.74062e-05
5.7404e-05
5.74019e-05
5.73997e-05
5.73976e-05
5.73954e-05
5.73933e-05
5.73911e-05
5.7389e-05
5.73868e-05
5.73847e-05
5.73825e-05
5.73804e-05
5.73783e-05
5.73761e-05
5.7374e-05
5.73718e-05
5.73697e-05
5.73676e-05
5.73654e-05
5.73633e-05
5.73612e-05
5.7359e-05
5.73569e-05
5.73548e-05
5.73526e-05
5.73505e-05
5.73484e-05
5.73463e-05
5.73441e-05
5.7342e-05
5.73399e-05
5.73378e-05
5.73356e-05
5.73335e-05
5.73314e-05
5.73293e-05
5.73271e-05
5.7325e-05
5.73229e-05
5.73208e-05
5.73187e-05
5.73165e-05
5.73144e-05
5.73123e-05
5.73102e-05
5.73081e-05
5.7306e-05
5.73039e-05
5.73017e-05
5.72996e-05
5.72975e-05
5.72954e-05
5.72933e-05
5.72912e-05
5.72891e-05
5.7287e-05
5.72849e-05
5.72828e-05
5.72807e-05
5.72786e-05
5.72765e-05
5.72744e-05
5.72723e-05
5.72702e-05
5.72681e-05
5.7266e-05
5.72639e-05
5.72618e-05
5.72597e-05
5.72576e-05
5.72555e-05
5.72534e-05
5.72513e-05
5.72492e-05
5.72471e-05
5.7245e-05
5.72429e-05
5.72409e-05
5.72388e-05
5.72367e-05
5.72346e-05
5.72325e-05
5.72304e-05
5.72283e-05
5.72263e-05
5.72242e-05
5.72221e-05
5.722e-05
5.72179e-05
5.72158e-05
5.72138e-05
5.72117e-05
5.72096e-05
5.72075e-05
5.72055e-05
5.72034e-05
5.72013e-05
5.71992e-05
5.71972e-05
5.71951e-05
5.7193e-05
5.7191e-05
5.71889e-05
5.71868e-05
5.71847e-05
5.71827e-05
5.71806e-05
5.71785e-05
5.71765e-05
5.71744e-05
5.71724e-05
5.71703e-05
5.71682e-05
5.71662e-05
5.71641e-05
5.71621e-05
5.716e-05
5.71579e-05
5.71559e-05
5.71538e-05
5.71518e-05
5.71497e-05
5.71477e-05
5.71456e-05
5.71435e-05
5.71415e-05
5.71394e-05
5.71374e-05
5.71353e-05
5.71333e-05
5.71312e-05
5.71292e-05
5.71272e-05
5.71251e-05
5.71231e-05
5.7121e-05
5.7119e-05
5.71169e-05
5.71149e-05
5.71128e-05
5.71108e-05
5.71088e-05
5.71067e-05
5.71047e-05
5.71027e-05
5.71006e-05
5.70986e-05
5.70965e-05
5.70945e-05
5.70925e-05
5.70904e-05
5.70884e-05
5.70864e-05
5.70843e-05
5.70823e-05
5.70803e-05
5.70783e-05
5.70762e-05
5.70742e-05
5.70722e-05
5.70702e-05
5.70681e-05
5.70661e-05
5.70641e-05
5.70621e-05
5.706e-05
5.7058e-05
5.7056e-05
5.7054e-05
5.7052e-05
5.70499e-05
5.70479e-05
5.70459e-05
5.70439e-05
5.70419e-05
5.70399e-05
5.70378e-05
5.70358e-05
5.70338e-05
5.70318e-05
5.70298e-05
5.70278e-05
5.70258e-05
5.70238e-05
5.70218e-05
5.70198e-05
5.70177e-05
5.70157e-05
5.70137e-05
5.70117e-05
5.70097e-05
5.70077e-05
5.70057e-05
5.70037e-05
5.70017e-05
5.69997e-05
5.69977e-05
5.69957e-05
5.69937e-05
5.69917e-05
5.69897e-05
5.69877e-05
5.69857e-05
5.69837e-05
5.69818e-05
5.69798e-05
5.69778e-05
5.69758e-05
5.69738e-05
5.69718e-05
5.69698e-05
5.69678e-05
5.69658e-05
5.69638e-05
5.69619e-05
5.69599e-05
5.69579e-05
5.69559e-05
5.69539e-05
5.69519e-05
5.695e-05
5.6948e-05
5.6946e-05
5.6944e-05
5.6942e-05
5.69401e-05
5.69381e-05
5.69361e-05
5.69341e-05
5.69322e-05
5.69302e-05
5.69282e-05
5.69262e-05
5.69243e-05
5.69223e-05
5.69203e-05
5.69184e-05
5.69164e-05
5.69144e-05
5.69124e-05
5.69105e-05
5.69085e-05
5.69065e-05
5.69046e-05
5.69026e-05
5.69007e-05
5.68987e-05
5.68967e-05
5.68948e-05
5.68928e-05
5.68908e-05
5.68889e-05
5.68869e-05
5.6885e-05
5.6883e-05
5.68811e-05
5.68791e-05
5.68771e-05
5.68752e-05
5.68732e-05
5.68713e-05
5.68693e-05
5.68674e-05
5.68654e-05
5.68635e-05
5.68615e-05
5.68596e-05
5.68576e-05
5.68557e-05
5.68537e-05
5.68518e-05
5.68498e-05
5.68479e-05
5.6846e-05
5.6844e-05
5.68421e-05
5.68401e-05
5.68382e-05
5.68362e-05
5.68343e-05
5.68324e-05
5.68304e-05
5.68285e-05
5.68266e-05
5.68246e-05
5.68227e-05
5.68207e-05
5.68188e-05
5.68169e-05
5.68149e-05
5.6813e-05
5.68111e-05
5.68092e-05
5.68072e-05
5.68053e-05
5.68034e-05
5.68014e-05
5.67995e-05
5.67976e-05
5.67957e-05
5.67937e-05
5.67918e-05
5.67899e-05
5.6788e-05
5.6786e-05
5.67841e-05
5.67822e-05
5.67803e-05
5.67784e-05
5.67764e-05
5.67745e-05
5.67726e-05
5.67707e-05
5.67688e-05
5.67669e-05
5.67649e-05
5.6763e-05
5.67611e-05
5.67592e-05
5.67573e-05
5.67554e-05
5.67535e-05
5.67516e-05
5.67496e-05
5.67477e-05
5.67458e-05
5.67439e-05
5.6742e-05
5.67401e-05
5.67382e-05
5.67363e-05
5.67344e-05
5.67325e-05
5.67306e-05
5.67287e-05
5.67268e-05
5.67249e-05
5.6723e-05
5.67211e-05
5.67192e-05
5.67173e-05
5.67154e-05
5.67135e-05
5.67116e-05
5.67097e-05
5.67078e-05
5.67059e-05
5.6704e-05
5.67021e-05
5.67002e-05
5.66984e-05
5.66965e-05
5.66946e-05
5.66927e-05
5.66908e-05
5.66889e-05
5.6687e-05
5.66851e-05
5.66833e-05
5.66814e-05
5.66795e-05
5.66776e-05
5.66757e-05
5.66738e-05
5.6672e-05
5.66701e-05
5.66682e-05
5.66663e-05
5.66644e-05
5.66626e-05
5.66607e-05
5.66588e-05
5.66569e-05
5.66551e-05
5.66532e-05
5.66513e-05
5.66494e-05
5.66476e-05
5.66457e-05
5.66438e-05
5.66419e-05
5.66401e-05
5.66382e-05
5.66363e-05
5.66345e-05
5.66326e-05
5.66307e-05
5.66289e-05
5.6627e-05
5.66251e-05
5.66233e-05
5.66214e-05
5.66195e-05
5.66177e-05
5.66158e-05
5.6614e-05
5.66121e-05
5.66102e-05
5.66084e-05
5.66065e-05
5.66047e-05
5.66028e-05
5.6601e-05
5.65991e-05
5.65972e-05
5.65954e-05
5.65935e-05
5.65917e-05
5.65898e-05
5.6588e-05
5.65861e-05
5.65843e-05
5.65824e-05
5.65806e-05
5.65787e-05
5.65769e-05
5.6575e-05
5.65732e-05
5.65713e-05
5.65695e-05
5.65677e-05
5.65658e-05
5.6564e-05
5.65621e-05
5.65603e-05
5.65584e-05
5.65566e-05
5.65548e-05
5.65529e-05
5.65511e-05
5.65492e-05
5.65474e-05
5.65456e-05
5.65437e-05
5.65419e-05
5.65401e-05
5.65382e-05
5.65364e-05
5.65346e-05
5.65327e-05
5.65309e-05
5.65291e-05
5.65272e-05
5.65254e-05
5.65236e-05
5.65218e-05
5.65199e-05
5.65181e-05
5.65163e-05
5.65145e-05
5.65126e-05
5.65108e-05
5.6509e-05
5.65072e-05
5.65053e-05
5.65035e-05
5.65017e-05
5.64999e-05
5.6498e-05
5.64962e-05
5.64944e-05
5.64926e-05
5.64908e-05
5.6489e-05
5.64871e-05
5.64853e-05
5.64835e-05
5.64817e-05
5.64799e-05
5.64781e-05
5.64763e-05
5.64745e-05
5.64726e-05
5.64708e-05
5.6469e-05
5.64672e-05
5.64654e-05
5.64636e-05
5.64618e-05
5.646e-05
5.64582e-05
5.64564e-05
5.64546e-05
5.64528e-05
5.6451e-05
5.64492e-05
5.64474e-05
5.64456e-05
5.64438e-05
5.6442e-05
5.64402e-05
5.64384e-05
5.64366e-05
5.64348e-05
5.6433e-05
5.64312e-05
5.64294e-05
5.64276e-05
5.64258e-05
5.6424e-05
5.64222e-05
5.64204e-05
5.64186e-05
5.64168e-05
5.6415e-05
5.64132e-05
5.64114e-05
5.64097e-05
5.64079e-05
5.64061e-05
5.64043e-05
5.64025e-05
5.64007e-05
5.63989e-05
5.63972e-05
5.63954e-05
5.63936e-05
5.63918e-05
5.639e-05
5.63882e-05
5.63865e-05
5.63847e-05
5.63829e-05
5.63811e-05
5.63793e-05
5.63776e-05
5.63758e-05
5.6374e-05
5.63722e-05
5.63705e-05
5.63687e-05
5.63669e-05
5.63651e-05
5.63634e-05
5.63616e-05
5.63598e-05
5.63581e-05
5.63563e-05
5.63545e-05
5.63527e-05
5.6351e-05
5.63492e-05
5.63474e-05
5.63457e-05
5.63439e-05
5.63421e-05
5.63404e-05
5.63386e-05
5.63369e-05
5.63351e-05
5.63333e-05
5.63316e-05
5.63298e-05
5.6328e-05
5.63263e-05
5.63245e-05
5.63228e-05
5.6321e-05
5.63193e-05
5.63175e-05
5.63157e-05
5.6314e-05
5.63122e-05
5.63105e-05
5.63087e-05
5.6307e-05
5.63052e-05
5.63035e-05
5.63017e-05
5.63e-05
5.62982e-05
5.62965e-05
5.62947e-05
5.6293e-05
5.62912e-05
5.62895e-05
5.62877e-05
5.6286e-05
5.62842e-05
5.62825e-05
5.62807e-05
5.6279e-05
5.62773e-05
5.62755e-05
5.62738e-05
5.6272e-05
5.62703e-05
5.62686e-05
5.62668e-05
5.62651e-05
5.62633e-05
5.62616e-05
5.62599e-05
5.62581e-05
5.62564e-05
5.62547e-05
5.62529e-05
5.62512e-05
5.62495e-05
5.62477e-05
5.6246e-05
5.62443e-05
5.62425e-05
5.62408e-05
5.62391e-05
5.62373e-05
5.62356e-05
5.62339e-05
5.62322e-05
5.62304e-05
5.62287e-05
5.6227e-05
5.62253e-05
5.62235e-05
5.62218e-05
5.62201e-05
5.62184e-05
5.62166e-05
5.62149e-05
5.62132e-05
5.62115e-05
5.62098e-05
5.6208e-05
5.62063e-05
5.62046e-05
5.62029e-05
5.62012e-05
5.61995e-05
5.61977e-05
5.6196e-05
5.61943e-05
5.61926e-05
5.61909e-05
5.61892e-05
5.61875e-05
5.61857e-05
5.6184e-05
5.61823e-05
5.61806e-05
5.61789e-05
5.61772e-05
5.61755e-05
5.61738e-05
5.61721e-05
5.61704e-05
5.61687e-05
5.6167e-05
5.61653e-05
5.61636e-05
5.61619e-05
5.61601e-05
5.61584e-05
5.61567e-05
5.6155e-05
5.61533e-05
5.61516e-05
5.61499e-05
5.61482e-05
5.61465e-05
5.61449e-05
5.61432e-05
5.61415e-05
5.61398e-05
5.61381e-05
5.61364e-05
5.61347e-05
5.6133e-05
5.61313e-05
5.61296e-05
5.61279e-05
5.61262e-05
5.61245e-05
5.61228e-05
5.61212e-05
5.61195e-05
5.61178e-05
5.61161e-05
5.61144e-05
5.61127e-05
5.6111e-05
5.61093e-05
5.61077e-05
5.6106e-05
5.61043e-05
5.61026e-05
5.61009e-05
5.60992e-05
5.60976e-05
5.60959e-05
5.60942e-05
5.60925e-05
5.60908e-05
5.60892e-05
5.60875e-05
5.60858e-05
5.60841e-05
5.60825e-05
5.60808e-05
5.60791e-05
5.60774e-05
5.60758e-05
5.60741e-05
5.60724e-05
5.60707e-05
5.60691e-05
5.60674e-05
5.60657e-05
5.60641e-05
5.60624e-05
5.60607e-05
5.60591e-05
5.60574e-05
5.60557e-05
5.60541e-05
5.60524e-05
5.60507e-05
5.60491e-05
5.60474e-05
5.60457e-05
5.60441e-05
5.60424e-05
5.60407e-05
5.60391e-05
5.60374e-05
5.60358e-05
5.60341e-05
5.60324e-05
5.60308e-05
5.60291e-05
5.60275e-05
5.60258e-05
5.60242e-05
5.60225e-05
5.60209e-05
5.60192e-05
5.60175e-05
5.60159e-05
5.60142e-05
5.60126e-05
5.60109e-05
5.60093e-05
5.60076e-05
5.6006e-05
5.60043e-05
5.60027e-05
5.6001e-05
5.59994e-05
5.59977e-05
5.59961e-05
5.59944e-05
5.59928e-05
5.59912e-05
5.59895e-05
5.59879e-05
5.59862e-05
5.59846e-05
5.59829e-05
5.59813e-05
5.59797e-05
5.5978e-05
5.59764e-05
5.59747e-05
5.59731e-05
5.59715e-05
5.59698e-05
5.59682e-05
5.59666e-05
5.59649e-05
5.59633e-05
5.59616e-05
5.596e-05
5.59584e-05
5.59567e-05
5.59551e-05
5.59535e-05
5.59518e-05
5.59502e-05
5.59486e-05
5.5947e-05
5.59453e-05
5.59437e-05
5.59421e-05
5.59404e-05
5.59388e-05
5.59372e-05
5.59356e-05
5.59339e-05
5.59323e-05
5.59307e-05
5.59291e-05
5.59274e-05
5.59258e-05
5.59242e-05
5.59226e-05
5.59209e-05
5.59193e-05
5.59177e-05
5.59161e-05
5.59145e-05
5.59129e-05
5.59112e-05
5.59096e-05
5.5908e-05
5.59064e-05
5.59048e-05
5.59032e-05
5.59015e-05
5.58999e-05
5.58983e-05
5.58967e-05
5.58951e-05
5.58935e-05
5.58919e-05
5.58902e-05
5.58886e-05
5.5887e-05
5.58854e-05
5.58838e-05
5.58822e-05
5.58806e-05
5.5879e-05
5.58774e-05
5.58758e-05
5.58742e-05
5.58726e-05
5.5871e-05
5.58694e-05
5.58678e-05
5.58661e-05
5.58645e-05
5.58629e-05
5.58613e-05
5.58597e-05
5.58581e-05
5.58565e-05
5.58549e-05
5.58533e-05
5.58517e-05
5.58501e-05
5.58486e-05
5.5847e-05
5.58454e-05
5.58438e-05
5.58422e-05
5.58406e-05
5.5839e-05
5.58374e-05
5.58358e-05
5.58342e-05
5.58326e-05
5.5831e-05
5.58294e-05
5.58278e-05
5.58262e-05
5.58247e-05
5.58231e-05
5.58215e-05
5.58199e-05
5.58183e-05
5.58167e-05
5.58151e-05
5.58136e-05
5.5812e-05
5.58104e-05
5.58088e-05
5.58072e-05
5.58056e-05
5.58041e-05
5.58025e-05
5.58009e-05
5.57993e-05
5.57977e-05
5.57961e-05
5.57946e-05
5.5793e-05
5.57914e-05
5.57898e-05
5.57883e-05
5.57867e-05
5.57851e-05
5.57835e-05
5.5782e-05
5.57804e-05
5.57788e-05
5.57772e-05
5.57757e-05
5.57741e-05
5.57725e-05
5.57709e-05
5.57694e-05
5.57678e-05
5.57662e-05
5.57647e-05
5.57631e-05
5.57615e-05
5.576e-05
5.57584e-05
5.57568e-05
5.57553e-05
5.57537e-05
5.57521e-05
5.57506e-05
5.5749e-05
5.57474e-05
5.57459e-05
5.57443e-05
5.57428e-05
5.57412e-05
5.57396e-05
5.57381e-05
5.57365e-05
5.5735e-05
5.57334e-05
5.57318e-05
5.57303e-05
5.57287e-05
5.57272e-05
5.57256e-05
5.57241e-05
5.57225e-05
5.57209e-05
5.57194e-05
5.57178e-05
5.57163e-05
5.57147e-05
5.57132e-05
5.57116e-05
5.57101e-05
5.57085e-05
5.5707e-05
5.57054e-05
5.57039e-05
5.57023e-05
5.57008e-05
5.56992e-05
5.56977e-05
5.56961e-05
5.56946e-05
5.56931e-05
5.56915e-05
5.569e-05
5.56884e-05
5.56869e-05
5.56853e-05
5.56838e-05
5.56822e-05
5.56807e-05
5.56792e-05
5.56776e-05
5.56761e-05
5.56745e-05
5.5673e-05
5.56715e-05
5.56699e-05
5.56684e-05
5.56669e-05
5.56653e-05
5.56638e-05
5.56622e-05
5.56607e-05
5.56592e-05
5.56576e-05
5.56561e-05
5.56546e-05
5.5653e-05
5.56515e-05
5.565e-05
5.56485e-05
5.56469e-05
5.56454e-05
5.56439e-05
5.56423e-05
5.56408e-05
5.56393e-05
5.56378e-05
5.56362e-05
5.56347e-05
5.56332e-05
5.56317e-05
5.56301e-05
5.56286e-05
5.56271e-05
5.56256e-05
5.5624e-05
5.56225e-05
5.5621e-05
5.56195e-05
5.56179e-05
5.56164e-05
5.56149e-05
5.56134e-05
5.56119e-05
5.56104e-05
5.56088e-05
5.56073e-05
5.56058e-05
5.56043e-05
5.56028e-05
5.56013e-05
5.55997e-05
5.55982e-05
5.55967e-05
5.55952e-05
5.55937e-05
5.55922e-05
5.55907e-05
5.55891e-05
5.55876e-05
5.55861e-05
5.55846e-05
5.55831e-05
5.55816e-05
5.55801e-05
5.55786e-05
5.55771e-05
5.55756e-05
5.55741e-05
5.55726e-05
5.55711e-05
5.55695e-05
5.5568e-05
5.55665e-05
5.5565e-05
5.55635e-05
5.5562e-05
5.55605e-05
5.5559e-05
5.55575e-05
5.5556e-05
5.55545e-05
5.5553e-05
5.55515e-05
5.555e-05
5.55485e-05
5.5547e-05
5.55455e-05
5.5544e-05
5.55425e-05
5.5541e-05
5.55396e-05
5.55381e-05
5.55366e-05
5.55351e-05
5.55336e-05
5.55321e-05
5.55306e-05
5.55291e-05
5.55276e-05
5.55261e-05
5.55246e-05
5.55231e-05
5.55217e-05
5.55202e-05
5.55187e-05
5.55172e-05
5.55157e-05
5.55142e-05
5.55127e-05
5.55112e-05
5.55098e-05
5.55083e-05
5.55068e-05
5.55053e-05
5.55038e-05
5.55023e-05
5.55009e-05
5.54994e-05
5.54979e-05
5.54964e-05
5.54949e-05
5.54934e-05
5.5492e-05
5.54905e-05
5.5489e-05
5.54875e-05
5.54861e-05
5.54846e-05
5.54831e-05
5.54816e-05
5.54801e-05
5.54787e-05
5.54772e-05
5.54757e-05
5.54743e-05
5.54728e-05
5.54713e-05
5.54698e-05
5.54684e-05
5.54669e-05
5.54654e-05
5.54639e-05
5.54625e-05
5.5461e-05
5.54595e-05
5.54581e-05
5.54566e-05
5.54551e-05
5.54537e-05
5.54522e-05
5.54507e-05
5.54493e-05
5.54478e-05
5.54463e-05
5.54449e-05
5.54434e-05
5.54419e-05
5.54405e-05
5.5439e-05
5.54376e-05
5.54361e-05
5.54346e-05
5.54332e-05
5.54317e-05
5.54303e-05
5.54288e-05
5.54273e-05
5.54259e-05
5.54244e-05
5.5423e-05
5.54215e-05
5.54201e-05
5.54186e-05
5.54171e-05
5.54157e-05
5.54142e-05
5.54128e-05
5.54113e-05
5.54099e-05
5.54084e-05
5.5407e-05
5.54055e-05
5.54041e-05
5.54026e-05
5.54012e-05
5.53997e-05
5.53983e-05
5.53968e-05
5.53954e-05
5.53939e-05
5.53925e-05
5.5391e-05
5.53896e-05
5.53881e-05
5.53867e-05
5.53852e-05
5.53838e-05
5.53824e-05
5.53809e-05
5.53795e-05
5.5378e-05
5.53766e-05
5.53751e-05
5.53737e-05
5.53723e-05
5.53708e-05
5.53694e-05
5.53679e-05
5.53665e-05
5.53651e-05
5.53636e-05
5.53622e-05
5.53607e-05
5.53593e-05
5.53579e-05
5.53564e-05
5.5355e-05
5.53536e-05
5.53521e-05
5.53507e-05
5.53493e-05
5.53478e-05
5.53464e-05
5.5345e-05
5.53435e-05
5.53421e-05
5.53407e-05
5.53392e-05
5.53378e-05
5.53364e-05
5.5335e-05
5.53335e-05
5.53321e-05
5.53307e-05
5.53292e-05
5.53278e-05
5.53264e-05
5.5325e-05
5.53235e-05
5.53221e-05
5.53207e-05
5.53193e-05
5.53178e-05
5.53164e-05
5.5315e-05
5.53136e-05
5.53122e-05
5.53107e-05
5.53093e-05
5.53079e-05
5.53065e-05
5.53051e-05
5.53036e-05
5.53022e-05
5.53008e-05
5.52994e-05
5.5298e-05
5.52965e-05
5.52951e-05
5.52937e-05
5.52923e-05
5.52909e-05
5.52895e-05
5.52881e-05
5.52866e-05
5.52852e-05
5.52838e-05
5.52824e-05
5.5281e-05
5.52796e-05
5.52782e-05
5.52768e-05
5.52754e-05
5.52739e-05
5.52725e-05
5.52711e-05
5.52697e-05
5.52683e-05
5.52669e-05
5.52655e-05
5.52641e-05
5.52627e-05
5.52613e-05
5.52599e-05
5.52585e-05
5.52571e-05
5.52557e-05
5.52543e-05
5.52529e-05
5.52515e-05
5.525e-05
5.52486e-05
5.52472e-05
5.52458e-05
5.52444e-05
5.5243e-05
5.52416e-05
5.52402e-05
5.52389e-05
5.52375e-05
5.52361e-05
5.52347e-05
5.52333e-05
5.52319e-05
5.52305e-05
5.52291e-05
5.52277e-05
5.52263e-05
5.52249e-05
5.52235e-05
5.52221e-05
5.52207e-05
5.52193e-05
5.52179e-05
5.52165e-05
5.52151e-05
5.52138e-05
5.52124e-05
5.5211e-05
5.52096e-05
5.52082e-05
5.52068e-05
5.52054e-05
5.5204e-05
5.52026e-05
5.52013e-05
5.51999e-05
5.51985e-05
5.51971e-05
5.51957e-05
5.51943e-05
5.5193e-05
5.51916e-05
5.51902e-05
5.51888e-05
5.51874e-05
5.5186e-05
5.51847e-05
5.51833e-05
5.51819e-05
5.51805e-05
5.51791e-05
5.51778e-05
5.51764e-05
5.5175e-05
5.51736e-05
5.51723e-05
5.51709e-05
5.51695e-05
5.51681e-05
5.51667e-05
5.51654e-05
5.5164e-05
5.51626e-05
5.51612e-05
5.51599e-05
5.51585e-05
5.51571e-05
5.51558e-05
5.51544e-05
5.5153e-05
5.51516e-05
5.51503e-05
5.51489e-05
5.51475e-05
5.51462e-05
5.51448e-05
5.51434e-05
5.51421e-05
5.51407e-05
5.51393e-05
5.5138e-05
5.51366e-05
5.51352e-05
5.51339e-05
5.51325e-05
5.51311e-05
5.51298e-05
5.51284e-05
5.5127e-05
5.51257e-05
5.51243e-05
5.5123e-05
5.51216e-05
5.51202e-05
5.51189e-05
5.51175e-05
5.51162e-05
5.51148e-05
5.51134e-05
5.51121e-05
5.51107e-05
5.51094e-05
5.5108e-05
5.51067e-05
5.51053e-05
5.51039e-05
5.51026e-05
5.51012e-05
5.50999e-05
5.50985e-05
5.50972e-05
5.50958e-05
5.50945e-05
5.50931e-05
5.50918e-05
5.50904e-05
5.50891e-05
5.50877e-05
5.50864e-05
5.5085e-05
5.50837e-05
5.50823e-05
5.5081e-05
5.50796e-05
5.50783e-05
5.50769e-05
5.50756e-05
5.50742e-05
5.50729e-05
5.50715e-05
5.50702e-05
5.50688e-05
5.50675e-05
5.50662e-05
5.50648e-05
5.50635e-05
5.50621e-05
5.50608e-05
5.50594e-05
5.50581e-05
5.50568e-05
5.50554e-05
5.50541e-05
5.50527e-05
5.50514e-05
5.50501e-05
5.50487e-05
5.50474e-05
5.5046e-05
5.50447e-05
5.50434e-05
5.5042e-05
5.50407e-05
5.50394e-05
5.5038e-05
5.50367e-05
5.50354e-05
5.5034e-05
5.50327e-05
5.50314e-05
5.503e-05
5.50287e-05
5.50274e-05
5.5026e-05
5.50247e-05
5.50234e-05
5.5022e-05
5.50207e-05
5.50194e-05
5.50181e-05
5.50167e-05
5.50154e-05
5.50141e-05
5.50127e-05
5.50114e-05
5.50101e-05
5.50088e-05
5.50074e-05
5.50061e-05
5.50048e-05
5.50035e-05
5.50021e-05
5.50008e-05
5.49995e-05
5.49982e-05
5.49969e-05
5.49955e-05
5.49942e-05
5.49929e-05
5.49916e-05
5.49902e-05
5.49889e-05
5.49876e-05
5.49863e-05
5.4985e-05
5.49837e-05
5.49823e-05
5.4981e-05
5.49797e-05
5.49784e-05
5.49771e-05
5.49758e-05
5.49744e-05
5.49731e-05
5.49718e-05
5.49705e-05
5.49692e-05
5.49679e-05
5.49666e-05
5.49652e-05
5.49639e-05
5.49626e-05
5.49613e-05
5.496e-05
5.49587e-05
5.49574e-05
5.49561e-05
5.49548e-05
5.49535e-05
5.49521e-05
5.49508e-05
5.49495e-05
5.49482e-05
5.49469e-05
5.49456e-05
5.49443e-05
5.4943e-05
5.49417e-05
5.49404e-05
5.49391e-05
5.49378e-05
5.49365e-05
5.49352e-05
5.49339e-05
5.49326e-05
5.49313e-05
5.493e-05
5.49287e-05
5.49274e-05
5.49261e-05
5.49248e-05
5.49235e-05
5.49222e-05
5.49209e-05
5.49196e-05
5.49183e-05
5.4917e-05
5.49157e-05
5.49144e-05
5.49131e-05
5.49118e-05
5.49105e-05
5.49092e-05
5.49079e-05
5.49066e-05
5.49053e-05
5.4904e-05
5.49027e-05
5.49014e-05
5.49001e-05
5.48989e-05
5.48976e-05
5.48963e-05
5.4895e-05
5.48937e-05
5.48924e-05
5.48911e-05
5.48898e-05
5.48885e-05
5.48872e-05
5.4886e-05
5.48847e-05
5.48834e-05
5.48821e-05
5.48808e-05
5.48795e-05
5.48782e-05
5.4877e-05
5.48757e-05
5.48744e-05
5.48731e-05
5.48718e-05
5.48705e-05
5.48692e-05
5.4868e-05
5.48667e-05
5.48654e-05
5.48641e-05
5.48628e-05
5.48616e-05
5.48603e-05
5.4859e-05
5.48577e-05
5.48564e-05
5.48552e-05
5.48539e-05
5.48526e-05
5.48513e-05
5.48501e-05
5.48488e-05
5.48475e-05
5.48462e-05
5.4845e-05
5.48437e-05
5.48424e-05
5.48411e-05
5.48399e-05
5.48386e-05
5.48373e-05
5.4836e-05
5.48348e-05
5.48335e-05
5.48322e-05
5.4831e-05
5.48297e-05
5.48284e-05
5.48271e-05
5.48259e-05
5.48246e-05
5.48233e-05
5.48221e-05
5.48208e-05
5.48195e-05
5.48183e-05
5.4817e-05
5.48157e-05
5.48145e-05
5.48132e-05
5.48119e-05
5.48107e-05
5.48094e-05
5.48081e-05
5.48069e-05
5.48056e-05
5.48044e-05
5.48031e-05
5.48018e-05
5.48006e-05
5.47993e-05
5.4798e-05
5.47968e-05
5.47955e-05
5.47943e-05
5.4793e-05
5.47917e-05
5.47905e-05
5.47892e-05
5.4788e-05
5.47867e-05
5.47855e-05
5.47842e-05
5.47829e-05
5.47817e-05
5.47804e-05
5.47792e-05
5.47779e-05
5.47767e-05
5.47754e-05
5.47742e-05
5.47729e-05
5.47717e-05
5.47704e-05
5.47692e-05
5.47679e-05
5.47667e-05
5.47654e-05
5.47641e-05
5.47629e-05
5.47617e-05
5.47604e-05
5.47592e-05
5.47579e-05
5.47567e-05
5.47554e-05
5.47542e-05
5.47529e-05
5.47517e-05
5.47504e-05
5.47492e-05
5.47479e-05
5.47467e-05
5.47454e-05
5.47442e-05
5.4743e-05
5.47417e-05
5.47405e-05
5.47392e-05
5.4738e-05
5.47367e-05
5.47355e-05
5.47343e-05
5.4733e-05
5.47318e-05
5.47305e-05
5.47293e-05
5.47281e-05
5.47268e-05
5.47256e-05
5.47243e-05
5.47231e-05
5.47219e-05
5.47206e-05
5.47194e-05
5.47182e-05
5.47169e-05
5.47157e-05
5.47144e-05
5.47132e-05
5.4712e-05
5.47107e-05
5.47095e-05
5.47083e-05
5.4707e-05
5.47058e-05
5.47046e-05
5.47033e-05
5.47021e-05
5.47009e-05
5.46997e-05
5.46984e-05
5.46972e-05
5.4696e-05
5.46947e-05
5.46935e-05
5.46923e-05
5.4691e-05
5.46898e-05
5.46886e-05
5.46874e-05
5.46861e-05
5.46849e-05
5.46837e-05
5.46825e-05
5.46812e-05
5.468e-05
5.46788e-05
5.46776e-05
5.46763e-05
5.46751e-05
5.46739e-05
5.46727e-05
5.46714e-05
5.46702e-05
5.4669e-05
5.46678e-05
5.46666e-05
5.46653e-05
5.46641e-05
5.46629e-05
5.46617e-05
5.46605e-05
5.46592e-05
5.4658e-05
5.46568e-05
5.46556e-05
5.46544e-05
5.46532e-05
5.46519e-05
5.46507e-05
5.46495e-05
5.46483e-05
5.46471e-05
5.46459e-05
5.46447e-05
5.46434e-05
5.46422e-05
5.4641e-05
5.46398e-05
5.46386e-05
5.46374e-05
5.46362e-05
5.4635e-05
5.46337e-05
5.46325e-05
5.46313e-05
5.46301e-05
5.46289e-05
5.46277e-05
5.46265e-05
5.46253e-05
5.46241e-05
5.46229e-05
5.46217e-05
5.46204e-05
5.46192e-05
5.4618e-05
5.46168e-05
5.46156e-05
5.46144e-05
5.46132e-05
5.4612e-05
5.46108e-05
5.46096e-05
5.46084e-05
5.46072e-05
5.4606e-05
5.46048e-05
5.46036e-05
5.46024e-05
5.46012e-05
5.46e-05
5.45988e-05
5.45976e-05
5.45964e-05
5.45952e-05
5.4594e-05
5.45928e-05
5.45916e-05
5.45904e-05
5.45892e-05
5.4588e-05
5.45868e-05
5.45856e-05
5.45844e-05
5.45832e-05
5.4582e-05
5.45808e-05
5.45796e-05
5.45784e-05
5.45772e-05
5.4576e-05
5.45749e-05
5.45737e-05
5.45725e-05
5.45713e-05
5.45701e-05
5.45689e-05
5.45677e-05
5.45665e-05
5.45653e-05
5.45641e-05
5.45629e-05
5.45618e-05
5.45606e-05
5.45594e-05
5.45582e-05
5.4557e-05
5.45558e-05
5.45546e-05
5.45534e-05
5.45523e-05
5.45511e-05
5.45499e-05
5.45487e-05

