5e-05
5e-05
5e-05
5e-05
5e-05
5e-05
5e-05
5e-05
5e-05
5e-05
5e-05
5e-05
5e-05
5e-05
5e-05
5e-05
5e-05
5e-05
5e-05
5e-05
5e-05
5e-05
5e-05
5e-05
5e-05
5e-05
5e-05
5e-05
5e-05
5e-05
5e-05
5e-05
5e-05
5e-05
5e-05
5e-05
5e-05
5e-05
5e-05
5e-05
5e-05
5e-05
5e-05
5e-05
5e-05
5e-05
5e-05
5e-05
5e-05
5e-05
5e-05
5e-05
5e-05
5e-05
5e-05
5e-05
5e-05
5e-05
5e-05
5e-05
5e-05
5e-05
5e-05
5e-05
5e-05
5e-05
5e-05
5e-05
5e-05
5e-05
5e-05
5e-05
5e-05
5e-05
5e-05
5e-05
5e-05
5e-05
5e-05
5e-05
5e-05
5e-05
5e-05
5e-05
5e-05
5e-05
5e-05
5e-05
5e-05
5e-05
5e-05
5e-05
5e-05
5e-05
5e-05
5e-05
5e-05
5e-05
5e-05
5e-05
5e-05
5e-05
5e-05
5e-05
5e-05
5e-05
5e-05
5e-05
5e-05
5e-05
5e-05
5e-05
5e-05
5e-05
5e-05
5e-05
5e-05
5e-05
5e-05
5e-05
5e-05
5e-05
5e-05
5e-05
5e-05
5e-05
5e-05
5e-05
5e-05
5e-05
5e-05
5e-05
5e-05
5e-05
5e-05
5e-05
5e-05
5e-05
5e-05
5e-05
5e-05
5e-05
5e-05
5e-05
5e-05
5e-05
5e-05
5e-05
5e-05
5e-05
5e-05
5e-05
5e-05
5e-05
5e-05
5e-05
5e-05
5e-05
5e-05
5e-05
5e-05
5e-05
5e-05
5e-05
5e-05
5e-05
5e-05
5e-05
5e-05
5e-05
5e-05
5e-05
5e-05
5e-05
5e-05
5e-05
5e-05
5e-05
5e-05
5e-05
5e-05
5e-05
5e-05
5e-05
5e-05
5e-05
5e-05
5e-05
5e-05
5e-05
5e-05
5e-05
5e-05
5e-05
5e-05
5e-05
5e-05
5e-05
5e-05
5e-05
5e-05
5e-05
5e-05
5e-05
5e-05
5e-05
5e-05
5e-05
5e-05
5e-05
5e-05
5e-05
5e-05
5e-05
5e-05
5e-05
5e-05
5e-05
5e-05
5e-05
5e-05
5e-05
5e-05
5e-05
5e-05
5e-05
5e-05
5e-05
5e-05
5e-05
5e-05
5e-05
5e-05
5e-05
5e-05
5e-05
5e-05
5e-05
5e-05
5e-05
5e-05
5e-05
5e-05
5e-05
5e-05
5e-05
5e-05
5e-05
5e-05
5e-05
5e-05
5e-05
5e-05
5e-05
5e-05
5e-05
5e-05
5e-05
5e-05
5e-05
5e-05
5e-05
5e-05
5e-05
5e-05
5e-05
5e-05
5e-05
5e-05
5e-05
5e-05
5e-05
5e-05
5e-05
5e-05
5e-05
5e-05
5e-05
5e-05
5e-05
5e-05
5e-05
5e-05
5e-05
5e-05
5e-05
5e-05
5e-05
5e-05
5e-05
5e-05
5e-05
5e-05
5e-05
5e-05
5e-05
5e-05
5e-05
5e-05
5e-05
5e-05
5e-05
5e-05
5e-05
5e-05
5e-05
5e-05
5e-05
5e-05
5e-05
5e-05
5e-05
5e-05
5e-05
5e-05
5e-05
5e-05
5e-05
5e-05
5e-05
5e-05
5e-05
5e-05
5e-05
5e-05
5e-05
5e-05
5e-05
5e-05
5e-05
5e-05
5e-05
5e-05
5e-05
5e-05
5e-05
5e-05
5e-05
5e-05
5e-05
5e-05
5e-05
5e-05
5e-05
5e-05
5e-05
5e-05
5e-05
5e-05
5e-05
5e-05
5e-05
5e-05
5e-05
5e-05
5e-05
5e-05
5e-05
5e-05
5e-05
5e-05
5e-05
5e-05
5e-05
5e-05
5e-05
5e-05
5e-05
5e-05
5e-05
5e-05
5e-05
5e-05
5e-05
5e-05
5e-05
5e-05
5e-05
5e-05
5e-05
5e-05
5e-05
5e-05
5e-05
5e-05
5e-05
5e-05
5e-05
5e-05
5e-05
5e-05
5e-05
5e-05
5e-05
5e-05
5e-05
5e-05
5e-05
5e-05
5e-05
5e-05
5e-05
5e-05
5e-05
5e-05
5e-05
5e-05
5e-05
5e-05
5e-05
5e-05
5e-05
5e-05
5e-05
5e-05
5e-05
5e-05
5e-05
5e-05
5e-05
5e-05
5e-05
5e-05
5e-05
5e-05
5e-05
5e-05
5e-05
5e-05
5e-05
5e-05
5e-05
5e-05
5e-05
5e-05
5e-05
5e-05
5e-05
5e-05
5e-05
5e-05
5e-05
5e-05
5e-05
5e-05
5e-05
5e-05
5e-05
5e-05
5e-05
5e-05
5e-05
5e-05
5e-05
5e-05
5e-05
5e-05
5e-05
5e-05
5e-05
5e-05
5e-05
5e-05
5e-05
5e-05
5e-05
5e-05
5e-05
5e-05
5e-05
5e-05
5e-05
5e-05
5e-05
5e-05
5e-05
5e-05
5e-05
5e-05
5e-05
5e-05
5e-05
5e-05
5e-05
5e-05
5e-05
5e-05
5e-05
5e-05
5e-05
5e-05
5e-05
5e-05
5e-05
5e-05
5e-05
5e-05
5e-05
5e-05
5e-05
5e-05
5e-05
5e-05
5e-05
5e-05
5e-05
5e-05
5e-05
5e-05
5e-05
5e-05
5e-05
5e-05
5e-05
5e-05
5e-05
5e-05
5e-05
5e-05
5e-05
5e-05
5e-05
5e-05
5e-05
5e-05
5e-05
5e-05
5e-05
5e-05
5e-05
5e-05
5e-05
5e-05
5e-05
5e-05
5e-05
5e-05
5e-05
5e-05
5e-05
5e-05
5e-05
5e-05
5e-05
5e-05
5e-05
5e-05
5e-05
5e-05
5e-05
5e-05
5e-05
5e-05
5e-05
5e-05
5e-05
5e-05
5e-05
5e-05
5e-05
5e-05
5e-05
5e-05
5e-05
5e-05
5e-05
5e-05
5e-05
5e-05
5e-05
5e-05
5e-05
5e-05
5e-05
5e-05
5e-05
5e-05
5e-05
5e-05
5e-05
5e-05
5e-05
5e-05
5e-05
5e-05
5e-05
5e-05
5e-05
5e-05
5e-05
5e-05
5e-05
5e-05
5e-05
5e-05
5e-05
5e-05
5e-05
5e-05
5e-05
5e-05
5e-05
5e-05
5e-05
5e-05
5e-05
5e-05
5e-05
5e-05
5e-05
5e-05
5e-05
5e-05
5e-05
5e-05
5e-05
5e-05
5e-05
5e-05
5e-05
5e-05
5e-05
5e-05
5e-05
5e-05
5e-05
5e-05
5e-05
5e-05
5e-05
5e-05
5e-05
5e-05
5e-05
5e-05
5e-05
5e-05
5e-05
5e-05
5e-05
5e-05
5e-05
5e-05
5e-05
5e-05
5e-05
5e-05
5e-05
5e-05
5e-05
5e-05
5e-05
5e-05
5e-05
5e-05
5e-05
5e-05
5e-05
5e-05
5e-05
5e-05
5e-05
5e-05
5e-05
5e-05
5e-05
5e-05
5e-05
5e-05
5e-05
5e-05
5e-05
5e-05
5e-05
5e-05
5e-05
5e-05
5e-05
5e-05
5e-05
5e-05
5e-05
5e-05
5e-05
5e-05
5e-05
5e-05
5e-05
5e-05
5e-05
5e-05
5e-05
5e-05
5e-05
5e-05
5e-05
5e-05
5e-05
5e-05
5e-05
5e-05
5e-05
5e-05
5e-05
5e-05
5e-05
5e-05
5e-05
5e-05
5e-05
5e-05
5e-05
5e-05
5e-05
5e-05
5e-05
5e-05
5e-05
5e-05
5e-05
5e-05
5e-05
5e-05
5e-05
5e-05
5e-05
5e-05
5e-05
5e-05
5e-05
5e-05
5e-05
5e-05
5e-05
5e-05
5e-05
5e-05
5e-05
5e-05
5e-05
5e-05
5e-05
5e-05
5e-05
5e-05
5e-05
5e-05
5e-05
5e-05
5e-05
5e-05
5e-05
5e-05
5e-05
5e-05
5e-05
5e-05
5e-05
5e-05
5e-05
5e-05
5e-05
5e-05
5e-05
5e-05
5e-05
5e-05
5e-05
5e-05
5e-05
5e-05
5e-05
5e-05
5e-05
5e-05
5e-05
5e-05
5e-05
5e-05
5e-05
5e-05
5e-05
5e-05
5e-05
5e-05
5e-05
5e-05
5e-05
5e-05
5e-05
5e-05
5e-05
5e-05
5e-05
5e-05
5e-05
5e-05
5e-05
5e-05
5e-05
5e-05
5.32388e-05
5.64769e-05
5.97141e-05
6.29505e-05
6.61862e-05
6.9421e-05
7.2655e-05
7.58883e-05
7.91207e-05
8.23524e-05
8.55832e-05
8.88133e-05
9.20426e-05
9.5271e-05
9.84987e-05
0.000101726
0.000104952
0.000108177
0.000111402
0.000114625
0.000117848
0.00012107
0.000124292
0.000127512
0.000130732
0.000133951
0.000137169
0.000140387
0.000143603
0.000146819
0.000150034
0.000153249
0.000156462
0.000159675
0.000162887
0.000166098
0.000169309
0.000172518
0.000175727
0.000178935
0.000182143
0.000185349
0.000188555
0.00019176
0.000194964
0.000198168
0.00020137
0.000204572
0.000207773
0.000210974
0.000214173
0.000217372
0.00022057
0.000223768
0.000226964
0.00023016
0.000233355
0.000236549
0.000239743
0.000242936
0.000246128
0.000249319
0.000252509
0.000255699
0.000258888
0.000262076
0.000265263
0.00026845
0.000271636
0.000274821
0.000278006
0.000281189
0.000284372
0.000287554
0.000290736
0.000293916
0.000297096
0.000300275
0.000303454
0.000306631
0.000306569
0.000306508
0.000306446
0.000306384
0.000306322
0.00030626
0.000306198
0.000306136
0.000306074
0.000306013
0.000305951
0.000305889
0.000305827
0.000305766
0.000305704
0.000305642
0.00030558
0.000305519
0.000305457
0.000305395
0.000305334
0.000305272
0.000305211
0.000305149
0.000305087
0.000305026
0.000304964
0.000304903
0.000304841
0.00030478
0.000304718
0.000304657
0.000304595
0.000304534
0.000304472
0.000304411
0.000304349
0.000304288
0.000304227
0.000304165
0.000304104
0.000304042
0.000303981
0.00030392
0.000303859
0.000303797
0.000303736
0.000303675
0.000303613
0.000303552
0.000303491
0.00030343
0.000303369
0.000303307
0.000303246
0.000303185
0.000303124
0.000303063
0.000303002
0.000302941
0.00030288
0.000302819
0.000302758
0.000302697
0.000302636
0.000302575
0.000302514
0.000302453
0.000302392
0.000302331
0.00030227
0.000302209
0.000302148
0.000302087
0.000302026
0.000301965
0.000301905
0.000301844
0.000301783
0.000301722
0.000301661
0.000301601
0.00030154
0.000301479
0.000301418
0.000301358
0.000301297
0.000301236
0.000301176
0.000301115
0.000301054
0.000300994
0.000300933
0.000300872
0.000300812
0.000300751
0.000300691
0.00030063
0.00030057
0.000300509
0.000300449
0.000300388
0.000300328
0.000300267
0.000300207
0.000300146
0.000300086
0.000300026
0.000299965
0.000299905
0.000299844
0.000299784
0.000299724
0.000299663
0.000299603
0.000299543
0.000299483
0.000299422
0.000299362
0.000299302
0.000299242
0.000299181
0.000299121
0.000299061
0.000299001
0.000298941
0.000298881
0.000298821
0.00029876
0.0002987
0.00029864
0.00029858
0.00029852
0.00029846
0.0002984
0.00029834
0.00029828
0.00029822
0.00029816
0.0002981
0.00029804
0.00029798
0.000297921
0.000297861
0.000297801
0.000297741
0.000297681
0.000297621
0.000297561
0.000297502
0.000297442
0.000297382
0.000297322
0.000297263
0.000297203
0.000297143
0.000297083
0.000297024
0.000296964
0.000296904
0.000296845
0.000296785
0.000296725
0.000296666
0.000296606
0.000296547
0.000296487
0.000296428
0.000296368
0.000296309
0.000296249
0.00029619
0.00029613
0.000296071
0.000296011
0.000295952
0.000295892
0.000295833
0.000295773
0.000295714
0.000295655
0.000295595
0.000295536
0.000295477
0.000295417
0.000295358
0.000295299
0.00029524
0.00029518
0.000295121
0.000295062
0.000295003
0.000294943
0.000294884
0.000294825
0.000294766
0.000294707
0.000294648
0.000294589
0.000294529
0.00029447
0.000294411
0.000294352
0.000294293
0.000294234
0.000294175
0.000294116
0.000294057
0.000293998
0.000293939
0.00029388
0.000293821
0.000293762
0.000293703
0.000293645
0.000293586
0.000293527
0.000293468
0.000293409
0.00029335
0.000293291
0.000293233
0.000293174
0.000293115
0.000293056
0.000292998
0.000292939
0.00029288
0.000292821
0.000292763
0.000292704
0.000292645
0.000292587
0.000292528
0.00029247
0.000292411
0.000292352
0.000292294
0.000292235
0.000292177
0.000292118
0.00029206
0.000292001
0.000291943
0.000291884
0.000291826
0.000291767
0.000291709
0.00029165
0.000291592
0.000291534
0.000291475
0.000291417
0.000291359
0.0002913
0.000291242
0.000291184
0.000291125
0.000291067
0.000291009
0.00029095
0.000290892
0.000290834
0.000290776
0.000290718
0.000290659
0.000290601
0.000290543
0.000290485
0.000290427
0.000290369
0.000290311
0.000290252
0.000290194
0.000290136
0.000290078
0.00029002
0.000289962
0.000289904
0.000289846
0.000289788
0.00028973
0.000289672
0.000289614
0.000289556
0.000289498
0.000289441
0.000289383
0.000289325
0.000289267
0.000289209
0.000289151
0.000289093
0.000289036
0.000288978
0.00028892
0.000288862
0.000288805
0.000288747
0.000288689
0.000288631
0.000288574
0.000288516
0.000288458
0.000288401
0.000288343
0.000288285
0.000288228
0.00028817
0.000288113
0.000288055
0.000287997
0.00028794
0.000287882
0.000287825
0.000287767
0.00028771
0.000287652
0.000287595
0.000287538
0.00028748
0.000287423
0.000287365
0.000287308
0.00028725
0.000287193
0.000287136
0.000287078
0.000287021
0.000286964
0.000286906
0.000286849
0.000286792
0.000286735
0.000286677
0.00028662
0.000286563
0.000286506
0.000286449
0.000286391
0.000286334
0.000286277
0.00028622
0.000286163
0.000286106
0.000286049
0.000285991
0.000285934
0.000285877
0.00028582
0.000285763
0.000285706
0.000285649
0.000285592
0.000285535
0.000285478
0.000285421
0.000285364
0.000285307
0.000285251
0.000285194
0.000285137
0.00028508
0.000285023
0.000284966
0.000284909
0.000284853
0.000284796
0.000284739
0.000284682
0.000284625
0.000284569
0.000284512
0.000284455
0.000284399
0.000284342
0.000284285
0.000284228
0.000284172
0.000284115
0.000284059
0.000284002
0.000283945
0.000283889
0.000283832
0.000283776
0.000283719
0.000283663
0.000283606
0.000283549
0.000283493
0.000283437
0.00028338
0.000283324
0.000283267
0.000283211
0.000283154
0.000283098
0.000283042
0.000282985
0.000282929
0.000282872
0.000282816
0.00028276
0.000282703
0.000282647
0.000282591
0.000282535
0.000282478
0.000282422
0.000282366
0.00028231
0.000282253
0.000282197
0.000282141
0.000282085
0.000282029
0.000281973
0.000281917
0.00028186
0.000281804
0.000281748
0.000281692
0.000281636
0.00028158
0.000281524
0.000281468
0.000281412
0.000281356
0.0002813
0.000281244
0.000281188
0.000281132
0.000281076
0.00028102
0.000280964
0.000280909
0.000280853
0.000280797
0.000280741
0.000280685
0.000280629
0.000280574
0.000280518
0.000280462
0.000280406
0.00028035
0.000280295
0.000280239
0.000280183
0.000280128
0.000280072
0.000280016
0.000279961
0.000279905
0.000279849
0.000279794
0.000279738
0.000279683
0.000279627
0.000279571
0.000279516
0.00027946
0.000279405
0.000279349
0.000279294
0.000279238
0.000279183
0.000279127
0.000279072
0.000279016
0.000278961
0.000278906
0.00027885
0.000278795
0.000278739
0.000278684
0.000278629
0.000278573
0.000278518
0.000278463
0.000278407
0.000278352
0.000278297
0.000278242
0.000278186
0.000278131
0.000278076
0.000278021
0.000277966
0.00027791
0.000277855
0.0002778
0.000277745
0.00027769
0.000277635
0.00027758
0.000277525
0.00027747
0.000277414
0.000277359
0.000277304
0.000277249
0.000277194
0.000277139
0.000277084
0.000277029
0.000276974
0.00027692
0.000276865
0.00027681
0.000276755
0.0002767
0.000276645
0.00027659
0.000276535
0.00027648
0.000276426
0.000276371
0.000276316
0.000276261
0.000276207
0.000276152
0.000276097
0.000276042
0.000275988
0.000275933
0.000275878
0.000275823
0.000275769
0.000275714
0.00027566
0.000275605
0.00027555
0.000275496
0.000275441
0.000275386
0.000275332
0.000275277
0.000275223
0.000275168
0.000275114
0.000275059
0.000275005
0.00027495
0.000274896
0.000274841
0.000274787
0.000274733
0.000274678
0.000274624
0.000274569
0.000274515
0.000274461
0.000274406
0.000274352
0.000274298
0.000274243
0.000274189
0.000274135
0.000274081
0.000274026
0.000273972
0.000273918
0.000273864
0.000273809
0.000273755
0.000273701
0.000273647
0.000273593
0.000273539
0.000273484
0.00027343
0.000273376
0.000273322
0.000273268
0.000273214
0.00027316
0.000273106
0.000273052
0.000272998
0.000272944
0.00027289
0.000272836
0.000272782
0.000272728
0.000272674
0.00027262
0.000272566
0.000272512
0.000272458
0.000272405
0.000272351
0.000272297
0.000272243
0.000272189
0.000272135
0.000272082
0.000272028
0.000271974
0.00027192
0.000271867
0.000271813
0.000271759
0.000271705
0.000271652
0.000271598
0.000271544
0.000271491
0.000271437
0.000271383
0.00027133
0.000271276
0.000271223
0.000271169
0.000271116
0.000271062
0.000271008
0.000270955
0.000270901
0.000270848
0.000270794
0.000270741
0.000270687
0.000270634
0.000270581
0.000270527
0.000270474
0.00027042
0.000270367
0.000270314
0.00027026
0.000270207
0.000270154
0.0002701
0.000270047
0.000269994
0.00026994
0.000269887
0.000269834
0.000269781
0.000269727
0.000269674
0.000269621
0.000269568
0.000269514
0.000269461
0.000269408
0.000269355
0.000269302
0.000269249
0.000269196
0.000269143
0.000269089
0.000269036
0.000268983
0.00026893
0.000268877
0.000268824
0.000268771
0.000268718
0.000268665
0.000268612
0.000268559
0.000268506
0.000268453
0.000268401
0.000268348
0.000268295
0.000268242
0.000268189
0.000268136
0.000268083
0.00026803
0.000267978
0.000267925
0.000267872
0.000267819
0.000267766
0.000267714
0.000267661
0.000267608
0.000267555
0.000267503
0.00026745
0.000267397
0.000267345
0.000267292
0.000267239
0.000267187
0.000267134
0.000267082
0.000267029
0.000266976
0.000266924
0.000266871
0.000266819
0.000266766
0.000266714
0.000266661
0.000266609
0.000266556
0.000266504
0.000266451
0.000266399
0.000266346
0.000266294
0.000266242
0.000266189
0.000266137
0.000266084
0.000266032
0.00026598
0.000265927
0.000265875
0.000265823
0.00026577
0.000265718
0.000265666
0.000265614
0.000265561
0.000265509
0.000265457
0.000265405
0.000265352
0.0002653
0.000265248
0.000265196
0.000265144
0.000265092
0.00026504
0.000264987
0.000264935
0.000264883
0.000264831
0.000264779
0.000264727
0.000264675
0.000264623
0.000264571
0.000264519
0.000264467
0.000264415
0.000264363
0.000264311
0.000264259
0.000264207
0.000264155
0.000264103
0.000264052
0.000264
0.000263948
0.000263896
0.000263844
0.000263792
0.00026374
0.000263689
0.000263637
0.000263585
0.000263533
0.000263482
0.00026343
0.000263378
0.000263326
0.000263275
0.000263223
0.000263171
0.00026312
0.000263068
0.000263016
0.000262965
0.000262913
0.000262861
0.00026281
0.000262758
0.000262707
0.000262655
0.000262604
0.000262552
0.000262501
0.000262449
0.000262398
0.000262346
0.000262295
0.000262243
0.000262192
0.00026214
0.000262089
0.000262037
0.000261986
0.000261935
0.000261883
0.000261832
0.000261781
0.000261729
0.000261678
0.000261627
0.000261575
0.000261524
0.000261473
0.000261421
0.00026137
0.000261319
0.000261268
0.000261217
0.000261165
0.000261114
0.000261063
0.000261012
0.000260961
0.000260909
0.000260858
0.000260807
0.000260756
0.000260705
0.000260654
0.000260603
0.000260552
0.000260501
0.00026045
0.000260399
0.000260348
0.000260297
0.000260246
0.000260195
0.000260144
0.000260093
0.000260042
0.000259991
0.00025994
0.000259889
0.000259838
0.000259787
0.000259737
0.000259686
0.000259635
0.000259584
0.000259533
0.000259482
0.000259432
0.000259381
0.00025933
0.000259279
0.000259229
0.000259178
0.000259127
0.000259076
0.000259026
0.000258975
0.000258924
0.000258874
0.000258823
0.000258772
0.000258722
0.000258671
0.000258621
0.00025857
0.000258519
0.000258469
0.000258418
0.000258368
0.000258317
0.000258267
0.000258216
0.000258166
0.000258115
0.000258065
0.000258014
0.000257964
0.000257913
0.000257863
0.000257813
0.000257762
0.000257712
0.000257661
0.000257611
0.000257561
0.00025751
0.00025746
0.00025741
0.000257359
0.000257309
0.000257259
0.000257209
0.000257158
0.000257108
0.000257058
0.000257008
0.000256958
0.000256907
0.000256857
0.000256807
0.000256757
0.000256707
0.000256657
0.000256606
0.000256556
0.000256506
0.000256456
0.000256406
0.000256356
0.000256306
0.000256256
0.000256206
0.000256156
0.000256106
0.000256056
0.000256006
0.000255956
0.000255906
0.000255856
0.000255806
0.000255756
0.000255706
0.000255656
0.000255606
0.000255557
0.000255507
0.000255457
0.000255407
0.000255357
0.000255307
0.000255258
0.000255208
0.000255158
0.000255108
0.000255059
0.000255009
0.000254959
0.000254909
0.00025486
0.00025481
0.00025476
0.000254711
0.000254661
0.000254611
0.000254562
0.000254512
0.000254462
0.000254413
0.000254363
0.000254314
0.000254264
0.000254215
0.000254165
0.000254116
0.000254066
0.000254016
0.000253967
0.000253918
0.000253868
0.000253819
0.000253769
0.00025372
0.00025367
0.000253621
0.000253571
0.000253522
0.000253473
0.000253423
0.000253374
0.000253325
0.000253275
0.000253226
0.000253177
0.000253127
0.000253078
0.000253029
0.00025298
0.00025293
0.000252881
0.000252832
0.000252783
0.000252733
0.000252684
0.000252635
0.000252586
0.000252537
0.000252488
0.000252439
0.000252389
0.00025234
0.000252291
0.000252242
0.000252193
0.000252144
0.000252095
0.000252046
0.000251997
0.000251948
0.000251899
0.00025185
0.000251801
0.000251752
0.000251703
0.000251654
0.000251605
0.000251556
0.000251507
0.000251458
0.00025141
0.000251361
0.000251312
0.000251263
0.000251214
0.000251165
0.000251116
0.000251068
0.000251019
0.00025097
0.000250921
0.000250873
0.000250824
0.000250775
0.000250726
0.000250678
0.000250629
0.00025058
0.000250532
0.000250483
0.000250434
0.000250386
0.000250337
0.000250288
0.00025024
0.000250191
0.000250143
0.000250094
0.000250045
0.000249997
0.000249948
0.0002499
0.000249851
0.000249803
0.000249754
0.000249706
0.000249657
0.000249609
0.00024956
0.000249512
0.000249464
0.000249415
0.000249367
0.000249318
0.00024927
0.000249222
0.000249173
0.000249125
0.000249077
0.000249028
0.00024898
0.000248932
0.000248883
0.000248835
0.000248787
0.000248739
0.00024869
0.000248642
0.000248594
0.000248546
0.000248498
0.000248449
0.000248401
0.000248353
0.000248305
0.000248257
0.000248209
0.000248161
0.000248112
0.000248064
0.000248016
0.000247968
0.00024792
0.000247872
0.000247824
0.000247776
0.000247728
0.00024768
0.000247632
0.000247584
0.000247536
0.000247488
0.00024744
0.000247392
0.000247344
0.000247297
0.000247249
0.000247201
0.000247153
0.000247105
0.000247057
0.000247009
0.000246962
0.000246914
0.000246866
0.000246818
0.00024677
0.000246723
0.000246675
0.000246627
0.000246579
0.000246532
0.000246484
0.000246436
0.000246388
0.000246341
0.000246293
0.000246245
0.000246198
0.00024615
0.000246103
0.000246055
0.000246007
0.00024596
0.000245912
0.000245865
0.000245817
0.00024577
0.000245722
0.000245675
0.000245627
0.00024558
0.000245532
0.000245485
0.000245437
0.00024539
0.000245342
0.000245295
0.000245247
0.0002452
0.000245153
0.000245105
0.000245058
0.00024501
0.000244963
0.000244916
0.000244868
0.000244821
0.000244774
0.000244726
0.000244679
0.000244632
0.000244585
0.000244537
0.00024449
0.000244443
0.000244396
0.000244349
0.000244301
0.000244254
0.000244207
0.00024416
0.000244113
0.000244066
0.000244018
0.000243971
0.000243924
0.000243877
0.00024383
0.000243783
0.000243736
0.000243689
0.000243642
0.000243595
0.000243548
0.000243501
0.000243454
0.000243407
0.00024336
0.000243313
0.000243266
0.000243219
0.000243172
0.000243125
0.000243078
0.000243031
0.000242985
0.000242938
0.000242891
0.000242844
0.000242797
0.00024275
0.000242703
0.000242657
0.00024261
0.000242563
0.000242516
0.00024247
0.000242423
0.000242376
0.000242329
0.000242283
0.000242236
0.000242189
0.000242143
0.000242096
0.000242049
0.000242003
0.000241956
0.000241909
0.000241863
0.000241816
0.00024177
0.000241723
0.000241676
0.00024163
0.000241583
0.000241537
0.00024149
0.000241444
0.000241397
0.000241351
0.000241304
0.000241258
0.000241211
0.000241165
0.000241119
0.000241072
0.000241026
0.000240979
0.000240933
0.000240887
0.00024084
0.000240794
0.000240747
0.000240701
0.000240655
0.000240608
0.000240562
0.000240516
0.00024047
0.000240423
0.000240377
0.000240331
0.000240285
0.000240238
0.000240192
0.000240146
0.0002401
0.000240054
0.000240007
0.000239961
0.000239915
0.000239869
0.000239823
0.000239777
0.000239731
0.000239685
0.000239638
0.000239592
0.000239546
0.0002395
0.000239454
0.000239408
0.000239362
0.000239316
0.00023927
0.000239224
0.000239178
0.000239132
0.000239086
0.00023904
0.000238994
0.000238949
0.000238903
0.000238857
0.000238811
0.000238765
0.000238719
0.000238673
0.000238627
0.000238582
0.000238536
0.00023849
0.000238444
0.000238398
0.000238353
0.000238307
0.000238261
0.000238215
0.00023817
0.000238124
0.000238078
0.000238033
0.000237987
0.000237941
0.000237896
0.00023785
0.000237804
0.000237759
0.000237713
0.000237667
0.000237622
0.000237576
0.000237531
0.000237485
0.000237439
0.000237394
0.000237348
0.000237303
0.000237257
0.000237212
0.000237166
0.000237121
0.000237075
0.00023703
0.000236985
0.000236939
0.000236894
0.000236848
0.000236803
0.000236757
0.000236712
0.000236667
0.000236621
0.000236576
0.000236531
0.000236485
0.00023644
0.000236395
0.000236349
0.000236304
0.000236259
0.000236214
0.000236168
0.000236123
0.000236078
0.000236033
0.000235987
0.000235942
0.000235897
0.000235852
0.000235807
0.000235762
0.000235716
0.000235671
0.000235626
0.000235581
0.000235536
0.000235491
0.000235446
0.000235401
0.000235356
0.000235311
0.000235266
0.00023522
0.000235175
0.00023513
0.000235085
0.00023504
0.000234996
0.000234951
0.000234906
0.000234861
0.000234816
0.000234771
0.000234726
0.000234681
0.000234636
0.000234591
0.000234546
0.000234502
0.000234457
0.000234412
0.000234367
0.000234322
0.000234277
0.000234233
0.000234188
0.000234143
0.000234098
0.000234054
0.000234009
0.000233964
0.000233919
0.000233875
0.00023383
0.000233785
0.000233741
0.000233696
0.000233651
0.000233607
0.000233562
0.000233517
0.000233473
0.000233428
0.000233384
0.000233339
0.000233294
0.00023325
0.000233205
0.000233161
0.000233116
0.000233072
0.000233027
0.000232983
0.000232938
0.000232894
0.000232849
0.000232805
0.00023276
0.000232716
0.000232672
0.000232627
0.000232583
0.000232538
0.000232494
0.00023245
0.000232405
0.000232361
0.000232317
0.000232272
0.000232228
0.000232184
0.000232139
0.000232095
0.000232051
0.000232007
0.000231962
0.000231918
0.000231874
0.00023183
0.000231786
0.000231741
0.000231697
0.000231653
0.000231609
0.000231565
0.00023152
0.000231476
0.000231432
0.000231388
0.000231344
0.0002313
0.000231256
0.000231212
0.000231168
0.000231124
0.00023108
0.000231036
0.000230992
0.000230948
0.000230904
0.00023086
0.000230816
0.000230772
0.000230728
0.000230684
0.00023064
0.000230596
0.000230552
0.000230508
0.000230464
0.00023042
0.000230376
0.000230333
0.000230289
0.000230245
0.000230201
0.000230157
0.000230113
0.00023007
0.000230026
0.000229982
0.000229938
0.000229895
0.000229851
0.000229807
0.000229763
0.00022972
0.000229676
0.000229632
0.000229589
0.000229545
0.000229501
0.000229458
0.000229414
0.00022937
0.000229327
0.000229283
0.00022924
0.000229196
0.000229152
0.000229109
0.000229065
0.000229022
0.000228978
0.000228935
0.000228891
0.000228848
0.000228804
0.000228761
0.000228717
0.000228674
0.00022863
0.000228587
0.000228543
0.0002285
0.000228457
0.000228413
0.00022837
0.000228326
0.000228283
0.00022824
0.000228196
0.000228153
0.00022811
0.000228066
0.000228023
0.00022798
0.000227936
0.000227893
0.00022785
0.000227807
0.000227763
0.00022772
0.000227677
0.000227634
0.00022759
0.000227547
0.000227504
0.000227461
0.000227418
0.000227375
0.000227331
0.000227288
0.000227245
0.000227202
0.000227159
0.000227116
0.000227073
0.00022703
0.000226987
0.000226944
0.000226901
0.000226858
0.000226815
0.000226772
0.000226729
0.000226686
0.000226643
0.0002266
0.000226557
0.000226514
0.000226471
0.000226428
0.000226385
0.000226342
0.000226299
0.000226256
0.000226213
0.000226171
0.000226128
0.000226085
0.000226042
0.000225999
0.000225956
0.000225914
0.000225871
0.000225828
0.000225785
0.000225742
0.0002257
0.000225657
0.000225614
0.000225572
0.000225529
0.000225486
0.000225443
0.000225401
0.000225358
0.000225315
0.000225273
0.00022523
0.000225187
0.000225145
0.000225102
0.00022506
0.000225017
0.000224974
0.000224932
0.000224889
0.000224847
0.000224804
0.000224762
0.000224719
0.000224677
0.000224634
0.000224592
0.000224549
0.000224507
0.000224464
0.000224422
0.000224379
0.000224337
0.000224295
0.000224252
0.00022421
0.000224167
0.000224125
0.000224083
0.00022404
0.000223998
0.000223956
0.000223913
0.000223871
0.000223829
0.000223786
0.000223744
0.000223702
0.00022366
0.000223617
0.000223575
0.000223533
0.000223491
0.000223448
0.000223406
0.000223364
0.000223322
0.00022328
0.000223238
0.000223195
0.000223153
0.000223111
0.000223069
0.000223027
0.000222985
0.000222943
0.000222901
0.000222858
0.000222816
0.000222774
0.000222732
0.00022269
0.000222648
0.000222606
0.000222564
0.000222522
0.00022248
0.000222438
0.000222396
0.000222354
0.000222312
0.000222271
0.000222229
0.000222187
0.000222145
0.000222103
0.000222061
0.000222019
0.000221977
0.000221935
0.000221894
0.000221852
0.00022181
0.000221768
0.000221726
0.000221685
0.000221643
0.000221601
0.000221559
0.000221517
0.000221476
0.000221434
0.000221392
0.000221351
0.000221309
0.000221267
0.000221225
0.000221184
0.000221142
0.000221101
0.000221059
0.000221017
0.000220976
0.000220934
0.000220892
0.000220851
0.000220809
0.000220768
0.000220726
0.000220685
0.000220643
0.000220601
0.00022056
0.000220518
0.000220477
0.000220435
0.000220394
0.000220352
0.000220311
0.00022027
0.000220228
0.000220187
0.000220145
0.000220104
0.000220062
0.000220021
0.00021998
0.000219938
0.000219897
0.000219856
0.000219814
0.000219773
0.000219732
0.00021969
0.000219649
0.000219608
0.000219566
0.000219525
0.000219484
0.000219443
0.000219401
0.00021936
0.000219319
0.000219278
0.000219236
0.000219195
0.000219154
0.000219113
0.000219072
0.000219031
0.000218989
0.000218948
0.000218907
0.000218866
0.000218825
0.000218784
0.000218743
0.000218702
0.000218661
0.00021862
0.000218579
0.000218537
0.000218496
0.000218455
0.000218414
0.000218373
0.000218332
0.000218291
0.00021825
0.00021821
0.000218169
0.000218128
0.000218087
0.000218046
0.000218005
0.000217964
0.000217923
0.000217882
0.000217841
0.0002178
0.00021776
0.000217719
0.000217678
0.000217637
0.000217596
0.000217556
0.000217515
0.000217474
0.000217433
0.000217392
0.000217352
0.000217311
0.00021727
0.000217229
0.000217189
0.000217148
0.000217107
0.000217067
0.000217026
0.000216985
0.000216945
0.000216904
0.000216863
0.000216823
0.000216782
0.000216742
0.000216701
0.00021666
0.00021662
0.000216579
0.000216539
0.000216498
0.000216458
0.000216417
0.000216376
0.000216336
0.000216295
0.000216255
0.000216214
0.000216174
0.000216134
0.000216093
0.000216053
0.000216012
0.000215972
0.000215931
0.000215891
0.000215851
0.00021581
0.00021577
0.000215729
0.000215689
0.000215649
0.000215608
0.000215568
0.000215528
0.000215487
0.000215447
0.000215407
0.000215367
0.000215326
0.000215286
0.000215246
0.000215206
0.000215165
0.000215125
0.000215085
0.000215045
0.000215005
0.000214964
0.000214924
0.000214884
0.000214844
0.000214804
0.000214764
0.000214723
0.000214683
0.000214643
0.000214603
0.000214563
0.000214523
0.000214483
0.000214443
0.000214403
0.000214363
0.000214323
0.000214283
0.000214243
0.000214203
0.000214163
0.000214123
0.000214083
0.000214043
0.000214003
0.000213963
0.000213923
0.000213883
0.000213843
0.000213803
0.000213763
0.000213723
0.000213684
0.000213644
0.000213604
0.000213564
0.000213524
0.000213484
0.000213445
0.000213405
0.000213365
0.000213325
0.000213285
0.000213246
0.000213206
0.000213166
0.000213126
0.000213087
0.000213047
0.000213007
0.000212967
0.000212928
0.000212888
0.000212848
0.000212809
0.000212769
0.000212729
0.00021269
0.00021265
0.000212611
0.000212571
0.000212531
0.000212492
0.000212452
0.000212413
0.000212373
0.000212334
0.000212294
0.000212254
0.000212215
0.000212175
0.000212136
0.000212096
0.000212057
0.000212017
0.000211978
0.000211939
0.000211899
0.00021186
0.00021182
0.000211781
0.000211741
0.000211702
0.000211663
0.000211623
0.000211584
0.000211544
0.000211505
0.000211466
0.000211426
0.000211387
0.000211348
0.000211309
0.000211269
0.00021123
0.000211191
0.000211151
0.000211112
0.000211073
0.000211034
0.000210994
0.000210955
0.000210916
0.000210877
0.000210838
0.000210798
0.000210759
0.00021072
0.000210681
0.000210642
0.000210603
0.000210564
0.000210524
0.000210485
0.000210446
0.000210407
0.000210368
0.000210329
0.00021029
0.000210251
0.000210212
0.000210173
0.000210134
0.000210095
0.000210056
0.000210017
0.000209978
0.000209939
0.0002099
0.000209861
0.000209822
0.000209783
0.000209744
0.000209705
0.000209666
0.000209627
0.000209588
0.000209549
0.000209511
0.000209472
0.000209433
0.000209394
0.000209355
0.000209316
0.000209278
0.000209239
0.0002092
0.000209161
0.000209122
0.000209084
0.000209045
0.000209006
0.000208967
0.000208929
0.00020889
0.000208851
0.000208812
0.000208774
0.000208735
0.000208696
0.000208658
0.000208619
0.00020858
0.000208542
0.000208503
0.000208465
0.000208426
0.000208387
0.000208349
0.00020831
0.000208272
0.000208233
0.000208194
0.000208156
0.000208117
0.000208079
0.00020804
0.000208002
0.000207963
0.000207925
0.000207886
0.000207848
0.000207809
0.000207771
0.000207732
0.000207694
0.000207656
0.000207617
0.000207579
0.00020754
0.000207502
0.000207464
0.000207425
0.000207387
0.000207348
0.00020731
0.000207272
0.000207233
0.000207195
0.000207157
0.000207119
0.00020708
0.000207042
0.000207004
0.000206965
0.000206927
0.000206889
0.000206851
0.000206812
0.000206774
0.000206736
0.000206698
0.00020666
0.000206621
0.000206583
0.000206545
0.000206507
0.000206469
0.000206431
0.000206393
0.000206354
0.000206316
0.000206278
0.00020624
0.000206202
0.000206164
0.000206126
0.000206088
0.00020605
0.000206012
0.000205974
0.000205936
0.000205898
0.00020586
0.000205822
0.000205784
0.000205746
0.000205708
0.00020567
0.000205632
0.000205594
0.000205556
0.000205518
0.00020548
0.000205442
0.000205404
0.000205367
0.000205329
0.000205291
0.000205253
0.000205215
0.000205177
0.00020514
0.000205102
0.000205064
0.000205026
0.000204988
0.000204951
0.000204913
0.000204875
0.000204837
0.0002048
0.000204762
0.000204724
0.000204686
0.000204649
0.000204611
0.000204573
0.000204536
0.000204498
0.00020446
0.000204423
0.000204385
0.000204347
0.00020431
0.000204272
0.000204234
0.000204197
0.000204159
0.000204122
0.000204084
0.000204047
0.000204009
0.000203971
0.000203934
0.000203896
0.000203859
0.000203821
0.000203784
0.000203746
0.000203709
0.000203671
0.000203634
0.000203596
0.000203559
0.000203522
0.000203484
0.000203447
0.000203409
0.000203372
0.000203335
0.000203297
0.00020326
0.000203222
0.000203185
0.000203148
0.00020311
0.000203073
0.000203036
0.000202998
0.000202961
0.000202924
0.000202887
0.000202849
0.000202812
0.000202775
0.000202738
0.0002027
0.000202663
0.000202626
0.000202589
0.000202551
0.000202514
0.000202477
0.00020244
0.000202403
0.000202366
0.000202328
0.000202291
0.000202254
0.000202217
0.00020218
0.000202143
0.000202106
0.000202069
0.000202031
0.000201994
0.000201957
0.00020192
0.000201883
0.000201846
0.000201809
0.000201772
0.000201735
0.000201698
0.000201661
0.000201624
0.000201587
0.00020155
0.000201513
0.000201476
0.000201439
0.000201403
0.000201366
0.000201329
0.000201292
0.000201255
0.000201218
0.000201181
0.000201144
0.000201107
0.000201071
0.000201034
0.000200997
0.00020096
0.000200923
0.000200886
0.00020085
0.000200813
0.000200776
0.000200739
0.000200703
0.000200666
0.000200629
0.000200592
0.000200556
0.000200519
0.000200482
0.000200446
0.000200409
0.000200372
0.000200335
0.000200299
0.000200262
0.000200225
0.000200189
0.000200152
0.000200116
0.000200079
0.000200042
0.000200006
0.000199969
0.000199933
0.000199896
0.00019986
0.000199823
0.000199786
0.00019975
0.000199713
0.000199677
0.00019964
0.000199604
0.000199567
0.000199531
0.000199494
0.000199458
0.000199422
0.000199385
0.000199349
0.000199312
0.000199276
0.000199239
0.000199203
0.000199167
0.00019913
0.000199094
0.000199058
0.000199021
0.000198985
0.000198948
0.000198912
0.000198876
0.00019884
0.000198803
0.000198767
0.000198731
0.000198694
0.000198658
0.000198622
0.000198586
0.000198549
0.000198513
0.000198477
0.000198441
0.000198404
0.000198368
0.000198332
0.000198296
0.00019826
0.000198224
0.000198187
0.000198151
0.000198115
0.000198079
0.000198043
0.000198007
0.000197971
0.000197935
0.000197898
0.000197862
0.000197826
0.00019779
0.000197754
0.000197718
0.000197682
0.000197646
0.00019761
0.000197574
0.000197538
0.000197502
0.000197466
0.00019743
0.000197394
0.000197358
0.000197322
0.000197286
0.00019725
0.000197214
0.000197179
0.000197143
0.000197107
0.000197071
0.000197035
0.000196999
0.000196963
0.000196927
0.000196892
0.000196856
0.00019682
0.000196784
0.000196748
0.000196712
0.000196677
0.000196641
0.000196605
0.000196569
0.000196534
0.000196498
0.000196462
0.000196426
0.000196391
0.000196355
0.000196319
0.000196284
0.000196248
0.000196212
0.000196177
0.000196141
0.000196105
0.00019607
0.000196034
0.000195998
0.000195963
0.000195927
0.000195891
0.000195856
0.00019582
0.000195785
0.000195749
0.000195714
0.000195678
0.000195642
0.000195607
0.000195571
0.000195536
0.0001955
0.000195465
0.000195429
0.000195394
0.000195358
0.000195323
0.000195288
0.000195252
0.000195217
0.000195181
0.000195146
0.00019511
0.000195075
0.00019504
0.000195004
0.000194969
0.000194933
0.000194898
0.000194863
0.000194827
0.000194792
0.000194757
0.000194721
0.000194686
0.000194651
0.000194615
0.00019458
0.000194545
0.00019451
0.000194474
0.000194439
0.000194404
0.000194369
0.000194333
0.000194298
0.000194263
0.000194228
0.000194193
0.000194157
0.000194122
0.000194087
0.000194052
0.000194017
0.000193982
0.000193946
0.000193911
0.000193876
0.000193841
0.000193806
0.000193771
0.000193736
0.000193701
0.000193666
0.000193631
0.000193596
0.000193561
0.000193525
0.00019349
0.000193455
0.00019342
0.000193385
0.00019335
0.000193315
0.00019328
0.000193246
0.000193211
0.000193176
0.000193141
0.000193106
0.000193071
0.000193036
0.000193001
0.000192966
0.000192931
0.000192896
0.000192861
0.000192827
0.000192792
0.000192757
0.000192722
0.000192687
0.000192652
0.000192618
0.000192583
0.000192548
0.000192513
0.000192478
0.000192444
0.000192409
0.000192374
0.000192339
0.000192305
0.00019227
0.000192235
0.0001922
0.000192166
0.000192131
0.000192096
0.000192062
0.000192027
0.000191992
0.000191958
0.000191923
0.000191888
0.000191854
0.000191819
0.000191785
0.00019175
0.000191715
0.000191681
0.000191646
0.000191612
0.000191577
0.000191542
0.000191508
0.000191473
0.000191439
0.000191404
0.00019137
0.000191335
0.000191301
0.000191266
0.000191232
0.000191197
0.000191163
0.000191128
0.000191094
0.00019106
0.000191025
0.000190991
0.000190956
0.000190922
0.000190887
0.000190853
0.000190819
0.000190784
0.00019075
0.000190716
0.000190681
0.000190647
0.000190613
0.000190578
0.000190544
0.00019051
0.000190475
0.000190441
0.000190407
0.000190372
0.000190338
0.000190304
0.00019027
0.000190235
0.000190201
0.000190167
0.000190133
0.000190099
0.000190064
0.00019003
0.000189996
0.000189962
0.000189928
0.000189894
0.000189859
0.000189825
0.000189791
0.000189757
0.000189723
0.000189689
0.000189655
0.000189621
0.000189586
0.000189552
0.000189518
0.000189484
0.00018945
0.000189416
0.000189382
0.000189348
0.000189314
0.00018928
0.000189246
0.000189212
0.000189178
0.000189144
0.00018911
0.000189076
0.000189042
0.000189008
0.000188974
0.00018894
0.000188906
0.000188873
0.000188839
0.000188805
0.000188771
0.000188737
0.000188703
0.000188669
0.000188635
0.000188602
0.000188568
0.000188534
0.0001885
0.000188466
0.000188432
0.000188399
0.000188365
0.000188331
0.000188297
0.000188264
0.00018823
0.000188196
0.000188162
0.000188129
0.000188095
0.000188061
0.000188027
0.000187994
0.00018796
0.000187926
0.000187893
0.000187859
0.000187825
0.000187792
0.000187758
0.000187724
0.000187691
0.000187657
0.000187623
0.00018759
0.000187556
0.000187523
0.000187489
0.000187456
0.000187422
0.000187388
0.000187355
0.000187321
0.000187288
0.000187254
0.000187221
0.000187187
0.000187154
0.00018712
0.000187087
0.000187053
0.00018702
0.000186986
0.000186953
0.000186919
0.000186886
0.000186853
0.000186819
0.000186786
0.000186752
0.000186719
0.000186686
0.000186652
0.000186619
0.000186586
0.000186552
0.000186519
0.000186485
0.000186452
0.000186419
0.000186386
0.000186352
0.000186319
0.000186286
0.000186252
0.000186219
0.000186186
0.000186153
0.000186119
0.000186086
0.000186053
0.00018602
0.000185986
0.000185953
0.00018592
0.000185887
0.000185854
0.00018582
0.000185787
0.000185754
0.000185721
0.000185688
0.000185655
0.000185621
0.000185588
0.000185555
0.000185522
0.000185489
0.000185456
0.000185423
0.00018539
0.000185357
0.000185324
0.000185291
0.000185258
0.000185225
0.000185192
0.000185159
0.000185125
0.000185092
0.00018506
0.000185027
0.000184994
0.000184961
0.000184928
0.000184895
0.000184862
0.000184829
0.000184796
0.000184763
0.00018473
0.000184697
0.000184664
0.000184631
0.000184598
0.000184566
0.000184533
0.0001845
0.000184467
0.000184434
0.000184401
0.000184368
0.000184336
0.000184303
0.00018427
0.000184237
0.000184204
0.000184172
0.000184139
0.000184106
0.000184073
0.000184041
0.000184008
0.000183975
0.000183942
0.00018391
0.000183877
0.000183844
0.000183812
0.000183779
0.000183746
0.000183714
0.000183681
0.000183648
0.000183616
0.000183583
0.00018355
0.000183518
0.000183485
0.000183452
0.00018342
0.000183387
0.000183355
0.000183322
0.00018329
0.000183257
0.000183224
0.000183192
0.000183159
0.000183127
0.000183094
0.000183062
0.000183029
0.000182997
0.000182964
0.000182932
0.000182899
0.000182867
0.000182834
0.000182802
0.00018277
0.000182737
0.000182705
0.000182672
0.00018264
0.000182607
0.000182575
0.000182543
0.00018251
0.000182478
0.000182446
0.000182413
0.000182381
0.000182349
0.000182316
0.000182284
0.000182252
0.000182219
0.000182187
0.000182155
0.000182122
0.00018209
0.000182058
0.000182026
0.000181993
0.000181961
0.000181929
0.000181897
0.000181864
0.000181832
0.0001818
0.000181768
0.000181736
0.000181703
0.000181671
0.000181639
0.000181607
0.000181575
0.000181543
0.00018151
0.000181478
0.000181446
0.000181414
0.000181382
0.00018135
0.000181318
0.000181286
0.000181254
0.000181221
0.000181189
0.000181157
0.000181125
0.000181093
0.000181061
0.000181029
0.000180997
0.000180965
0.000180933
0.000180901
0.000180869
0.000180837
0.000180805
0.000180773
0.000180741
0.000180709
0.000180677
0.000180646
0.000180614
0.000180582
0.00018055
0.000180518
0.000180486
0.000180454
0.000180422
0.00018039
0.000180359
0.000180327
0.000180295
0.000180263
0.000180231
0.000180199
0.000180168
0.000180136
0.000180104
0.000180072
0.00018004
0.000180009
0.000179977
0.000179945
0.000179913
0.000179882
0.00017985
0.000179818
0.000179786
0.000179755
0.000179723
0.000179691
0.00017966
0.000179628
0.000179596
0.000179565
0.000179533
0.000179501
0.00017947
0.000179438
0.000179406
0.000179375
0.000179343
0.000179311
0.00017928
0.000179248
0.000179217
0.000179185
0.000179154
0.000179122
0.00017909
0.000179059
0.000179027
0.000178996
0.000178964
0.000178933
0.000178901
0.00017887
0.000178838
0.000178807
0.000178775
0.000178744
0.000178712
0.000178681
0.000178649
0.000178618
0.000178587
0.000178555
0.000178524
0.000178492
0.000178461
0.00017843
0.000178398
0.000178367
0.000178335
0.000178304
0.000178273
0.000178241
0.00017821
0.000178179
0.000178147
0.000178116
0.000178085
0.000178053
0.000178022
0.000177991
0.000177959
0.000177928
0.000177897
0.000177866
0.000177834
0.000177803
0.000177772
0.000177741
0.00017771
0.000177678
0.000177647
0.000177616
0.000177585
0.000177554
0.000177522
0.000177491
0.00017746
0.000177429
0.000177398
0.000177367
0.000177335
0.000177304
0.000177273
0.000177242
0.000177211
0.00017718
0.000177149
0.000177118
0.000177087
0.000177056
0.000177025
0.000176993
0.000176962
0.000176931
0.0001769
0.000176869
0.000176838
0.000176807
0.000176776
0.000176745
0.000176714
0.000176683
0.000176652
0.000176621
0.000176591
0.00017656
0.000176529
0.000176498
0.000176467
0.000176436
0.000176405
0.000176374
0.000176343
0.000176312
0.000176281
0.000176251
0.00017622
0.000176189
0.000176158
0.000176127
0.000176096
0.000176066
0.000176035
0.000176004
0.000175973
0.000175942
0.000175911
0.000175881
0.00017585
0.000175819
0.000175788
0.000175758
0.000175727
0.000175696
0.000175665
0.000175635
0.000175604
0.000175573
0.000175543
0.000175512
0.000175481
0.000175451
0.00017542
0.000175389
0.000175359
0.000175328
0.000175297
0.000175267
0.000175236
0.000175205
0.000175175
0.000175144
0.000175114
0.000175083
0.000175052
0.000175022
0.000174991
0.000174961
0.00017493
0.0001749
0.000174869
0.000174839
0.000174808
0.000174778
0.000174747
0.000174717
0.000174686
0.000174656
0.000174625
0.000174595
0.000174564
0.000174534
0.000174503
0.000174473
0.000174442
0.000174412
0.000174382
0.000174351
0.000174321
0.00017429
0.00017426
0.00017423
0.000174199
0.000174169
0.000174139
0.000174108
0.000174078
0.000174047
0.000174017
0.000173987
0.000173956
0.000173926
0.000173896
0.000173866
0.000173835
0.000173805
0.000173775
0.000173744
0.000173714
0.000173684
0.000173654
0.000173624
0.000173593
0.000173563
0.000173533
0.000173503
0.000173472
0.000173442
0.000173412
0.000173382
0.000173352
0.000173322
0.000173291
0.000173261
0.000173231
0.000173201
0.000173171
0.000173141
0.000173111
0.000173081
0.00017305
0.00017302
0.00017299
0.00017296
0.00017293
0.0001729
0.00017287
0.00017284
0.00017281
0.00017278
0.00017275
0.00017272
0.00017269
0.00017266
0.00017263
0.0001726
0.00017257
0.00017254
0.00017251
0.00017248
0.00017245
0.00017242
0.00017239
0.00017236
0.00017233
0.0001723
0.00017227
0.000172241
0.000172211
0.000172181
0.000172151
0.000172121
0.000172091
0.000172061
0.000172031
0.000172002
0.000171972
0.000171942
0.000171912
0.000171882
0.000171853
0.000171823
0.000171793
0.000171763
0.000171733
0.000171704
0.000171674
0.000171644
0.000171614
0.000171585
0.000171555
0.000171525
0.000171495
0.000171466
0.000171436
0.000171406
0.000171377
0.000171347
0.000171317
0.000171288
0.000171258
0.000171228
0.000171199
0.000171169
0.000171139
0.00017111
0.00017108
0.00017105
0.000171021
0.000170991
0.000170962
0.000170932
0.000170903
0.000170873
0.000170843
0.000170814
0.000170784
0.000170755
0.000170725
0.000170696
0.000170666
0.000170637
0.000170607
0.000170578
0.000170548
0.000170519
0.000170489
0.00017046
0.00017043
0.000170401
0.000170371
0.000170342
0.000170312
0.000170283
0.000170254
0.000170224
0.000170195
0.000170165
0.000170136
0.000170107
0.000170077
0.000170048
0.000170019
0.000169989
0.00016996
0.00016993
0.000169901
0.000169872
0.000169842
0.000169813
0.000169784
0.000169755
0.000169725
0.000169696
0.000169667
0.000169637
0.000169608
0.000169579
0.00016955
0.00016952
0.000169491
0.000169462
0.000169433
0.000169404
0.000169374
0.000169345
0.000169316
0.000169287
0.000169258
0.000169228
0.000169199
0.00016917
0.000169141
0.000169112
0.000169083
0.000169054
0.000169024
0.000168995
0.000168966
0.000168937
0.000168908
0.000168879
0.00016885
0.000168821
0.000168792
0.000168763
0.000168734
0.000168704
0.000168675
0.000168646
0.000168617
0.000168588
0.000168559
0.00016853
0.000168501
0.000168472
0.000168443
0.000168414
0.000168385
0.000168356
0.000168328
0.000168299
0.00016827
0.000168241
0.000168212
0.000168183
0.000168154
0.000168125
0.000168096
0.000168067
0.000168038
0.00016801
0.000167981
0.000167952
0.000167923
0.000167894
0.000167865
0.000167836
0.000167808
0.000167779
0.00016775
0.000167721
0.000167692
0.000167664
0.000167635
0.000167606
0.000167577
0.000167548
0.00016752
0.000167491
0.000167462
0.000167433
0.000167405
0.000167376
0.000167347
0.000167319
0.00016729
0.000167261
0.000167232
0.000167204
0.000167175
0.000167146
0.000167118
0.000167089
0.00016706
0.000167032
0.000167003
0.000166975
0.000166946
0.000166917
0.000166889
0.00016686
0.000166832
0.000166803
0.000166774
0.000166746
0.000166717
0.000166689
0.00016666
0.000166632
0.000166603
0.000166574
0.000166546
0.000166517
0.000166489
0.00016646
0.000166432
0.000166403
0.000166375
0.000166347
0.000166318
0.00016629
0.000166261
0.000166233
0.000166204
0.000166176
0.000166147
0.000166119
0.000166091
0.000166062
0.000166034
0.000166005
0.000165977
0.000165949
0.00016592
0.000165892
0.000165863
0.000165835
0.000165807
0.000165778
0.00016575
0.000165722
0.000165693
0.000165665
0.000165637
0.000165609
0.00016558
0.000165552
0.000165524
0.000165495
0.000165467
0.000165439
0.000165411
0.000165382
0.000165354
0.000165326
0.000165298
0.00016527
0.000165241
0.000165213
0.000165185
0.000165157
0.000165129
0.0001651
0.000165072
0.000165044
0.000165016
0.000164988
0.00016496
0.000164931
0.000164903
0.000164875
0.000164847
0.000164819
0.000164791
0.000164763
0.000164735
0.000164707
0.000164679
0.000164651
0.000164622
0.000164594
0.000164566
0.000164538
0.00016451
0.000164482
0.000164454
0.000164426
0.000164398
0.00016437
0.000164342
0.000164314
0.000164286
0.000164258
0.00016423
0.000164202
0.000164174
0.000164147
0.000164119
0.000164091
0.000164063
0.000164035
0.000164007
0.000163979
0.000163951
0.000163923
0.000163895
0.000163867
0.00016384
0.000163812
0.000163784
0.000163756
0.000163728
0.0001637
0.000163673
0.000163645
0.000163617
0.000163589
0.000163561
0.000163533
0.000163506
0.000163478
0.00016345
0.000163422
0.000163395
0.000163367
0.000163339
0.000163311
0.000163284
0.000163256
0.000163228
0.0001632
0.000163173
0.000163145
0.000163117
0.00016309
0.000163062
0.000163034
0.000163007
0.000162979
0.000162951
0.000162924
0.000162896
0.000162868
0.000162841
0.000162813
0.000162786
0.000162758
0.00016273
0.000162703
0.000162675
0.000162648
0.00016262
0.000162592
0.000162565
0.000162537
0.00016251
0.000162482
0.000162455
0.000162427
0.0001624
0.000162372
0.000162345
0.000162317
0.00016229
0.000162262
0.000162235
0.000162207
0.00016218
0.000162152
0.000162125
0.000162097
0.00016207
0.000162043
0.000162015
0.000161988
0.00016196
0.000161933
0.000161905
0.000161878
0.000161851
0.000161823
0.000161796
0.000161769
0.000161741
0.000161714
0.000161687
0.000161659
0.000161632
0.000161605
0.000161577
0.00016155
0.000161523
0.000161495
0.000161468
0.000161441
0.000161413
0.000161386
0.000161359
0.000161332
0.000161304
0.000161277
0.00016125
0.000161223
0.000161195
0.000161168
0.000161141
0.000161114
0.000161087
0.000161059
0.000161032
0.000161005
0.000160978
0.000160951
0.000160923
0.000160896
0.000160869
0.000160842
0.000160815
0.000160788
0.000160761
0.000160734
0.000160706
0.000160679
0.000160652
0.000160625
0.000160598
0.000160571
0.000160544
0.000160517
0.00016049
0.000160463
0.000160436
0.000160409
0.000160382
0.000160355
0.000160328
0.000160301
0.000160274
0.000160247
0.00016022
0.000160193
0.000160166
0.000160139
0.000160112
0.000160085
0.000160058
0.000160031
0.000160004
0.000159977
0.00015995
0.000159923
0.000159896
0.000159869
0.000159842
0.000159815
0.000159789
0.000159762
0.000159735
0.000159708
0.000159681
0.000159654
0.000159627
0.000159601
0.000159574
0.000159547
0.00015952
0.000159493
0.000159466
0.00015944
0.000159413
0.000159386
0.000159359
0.000159332
0.000159306
0.000159279
0.000159252
0.000159225
0.000159199
0.000159172
0.000159145
0.000159118
0.000159092
0.000159065
0.000159038
0.000159012
0.000158985
0.000158958
0.000158932
0.000158905
0.000158878
0.000158852
0.000158825
0.000158798
0.000158772
0.000158745
0.000158718
0.000158692
0.000158665
0.000158639
0.000158612
0.000158585
0.000158559
0.000158532
0.000158506
0.000158479
0.000158452
0.000158426
0.000158399
0.000158373
0.000158346
0.00015832
0.000158293
0.000158267
0.00015824
0.000158214
0.000158187
0.000158161
0.000158134
0.000158108
0.000158081
0.000158055
0.000158028
0.000158002
0.000157975
0.000157949
0.000157923
0.000157896
0.00015787
0.000157843
0.000157817
0.00015779
0.000157764
0.000157738
0.000157711
0.000157685
0.000157659
0.000157632
0.000157606
0.000157579
0.000157553
0.000157527
0.0001575
0.000157474
0.000157448
0.000157421
0.000157395
0.000157369
0.000157343
0.000157316
0.00015729
0.000157264
0.000157237
0.000157211
0.000157185
0.000157159
0.000157132
0.000157106
0.00015708
0.000157054
0.000157028
0.000157001
0.000156975
0.000156949
0.000156923
0.000156897
0.00015687
0.000156844
0.000156818
0.000156792
0.000156766
0.00015674
0.000156713
0.000156687
0.000156661
0.000156635
0.000156609
0.000156583
0.000156557
0.000156531
0.000156504
0.000156478
0.000156452
0.000156426
0.0001564
0.000156374
0.000156348
0.000156322
0.000156296
0.00015627
0.000156244
0.000156218
0.000156192
0.000156166
0.00015614
0.000156114
0.000156088
0.000156062
0.000156036
0.00015601
0.000155984
0.000155958
0.000155932
0.000155906
0.00015588
0.000155854
0.000155828
0.000155802
0.000155776
0.000155751
0.000155725
0.000155699
0.000155673
0.000155647
0.000155621
0.000155595
0.000155569
0.000155544
0.000155518
0.000155492
0.000155466
0.00015544
0.000155414
0.000155389
0.000155363
0.000155337
0.000155311
0.000155285
0.000155259
0.000155234
0.000155208
0.000155182
0.000155156
0.000155131
0.000155105
0.000155079
0.000155053
0.000155028
0.000155002
0.000154976
0.00015495
0.000154925
0.000154899
0.000154873
0.000154848
0.000154822
0.000154796
0.000154771
0.000154745
0.000154719
0.000154694
0.000154668
0.000154642
0.000154617
0.000154591
0.000154566
0.00015454
0.000154514
0.000154489
0.000154463
0.000154438
0.000154412
0.000154386
0.000154361
0.000154335
0.00015431
0.000154284
0.000154259
0.000154233
0.000154207
0.000154182
0.000154156
0.000154131
0.000154105
0.00015408
0.000154054
0.000154029
0.000154003
0.000153978
0.000153952
0.000153927
0.000153902
0.000153876
0.000153851
0.000153825
0.0001538
0.000153774
0.000153749
0.000153723
0.000153698
0.000153673
0.000153647
0.000153622
0.000153596
0.000153571
0.000153546
0.00015352
0.000153495
0.00015347
0.000153444
0.000153419
0.000153394
0.000153368
0.000153343
0.000153318
0.000153292
0.000153267
0.000153242
0.000153216
0.000153191
0.000153166
0.000153141
0.000153115
0.00015309
0.000153065
0.00015304
0.000153014
0.000152989
0.000152964
0.000152939
0.000152913
0.000152888
0.000152863
0.000152838
0.000152813
0.000152787
0.000152762
0.000152737
0.000152712
0.000152687
0.000152662
0.000152636
0.000152611
0.000152586
0.000152561
0.000152536
0.000152511
0.000152486
0.00015246
0.000152435
0.00015241
0.000152385
0.00015236
0.000152335
0.00015231
0.000152285
0.00015226
0.000152235
0.00015221
0.000152185
0.00015216
0.000152135
0.00015211
0.000152085
0.000152059
0.000152034
0.000152009
0.000151984
0.00015196
0.000151935
0.00015191
0.000151885
0.00015186
0.000151835
0.00015181
0.000151785
0.00015176
0.000151735
0.00015171
0.000151685
0.00015166
0.000151635
0.00015161
0.000151585
0.00015156
0.000151536
0.000151511
0.000151486
0.000151461
0.000151436
0.000151411
0.000151386
0.000151362
0.000151337
0.000151312
0.000151287
0.000151262
0.000151237
0.000151213
0.000151188
0.000151163
0.000151138
0.000151113
0.000151089
0.000151064
0.000151039
0.000151014
0.00015099
0.000150965
0.00015094
0.000150915
0.000150891
0.000150866
0.000150841
0.000150817
0.000150792
0.000150767
0.000150742
0.000150718
0.000150693
0.000150668
0.000150644
0.000150619
0.000150594
0.00015057
0.000150545
0.00015052
0.000150496
0.000150471
0.000150447
0.000150422
0.000150397
0.000150373
0.000150348
0.000150324
0.000150299
0.000150274
0.00015025
0.000150225
0.000150201
0.000150176
0.000150152
0.000150127
0.000150102
0.000150078
0.000150053
0.000150029
0.000150004
0.00014998
0.000149955
0.000149931
0.000149906
0.000149882
0.000149857
0.000149833
0.000149808
0.000149784
0.00014976
0.000149735
0.000149711
0.000149686
0.000149662
0.000149637
0.000149613
0.000149589
0.000149564
0.00014954
0.000149515
0.000149491
0.000149467
0.000149442
0.000149418
0.000149393
0.000149369
0.000149345
0.00014932
0.000149296
0.000149272
0.000149247
0.000149223
0.000149199
0.000149174
0.00014915
0.000149126
0.000149101
0.000149077
0.000149053
0.000149029
0.000149004
0.00014898
0.000148956
0.000148932
0.000148907
0.000148883
0.000148859
0.000148835
0.00014881
0.000148786
0.000148762
0.000148738
0.000148714
0.000148689
0.000148665
0.000148641
0.000148617
0.000148593
0.000148568
0.000148544
0.00014852
0.000148496
0.000148472
0.000148448
0.000148424
0.000148399
0.000148375
0.000148351
0.000148327
0.000148303
0.000148279
0.000148255
0.000148231
0.000148207
0.000148183
0.000148159
0.000148134
0.00014811
0.000148086
0.000148062
0.000148038
0.000148014
0.00014799
0.000147966
0.000147942
0.000147918
0.000147894
0.00014787
0.000147846
0.000147822
0.000147798
0.000147774
0.00014775
0.000147726
0.000147702
0.000147678
0.000147654
0.000147631
0.000147607
0.000147583
0.000147559
0.000147535
0.000147511
0.000147487
0.000147463
0.000147439
0.000147415
0.000147391
0.000147368
0.000147344
0.00014732
0.000147296
0.000147272
0.000147248
0.000147224
0.000147201
0.000147177
0.000147153
0.000147129
0.000147105
0.000147082
0.000147058
0.000147034
0.00014701
0.000146986
0.000146963
0.000146939
0.000146915
0.000146891
0.000146868
0.000146844
0.00014682
0.000146796
0.000146773
0.000146749
0.000146725
0.000146701
0.000146678
0.000146654
0.00014663
0.000146607
0.000146583
0.000146559
0.000146536
0.000146512
0.000146488
0.000146465
0.000146441
0.000146417
0.000146394
0.00014637
0.000146346
0.000146323
0.000146299
0.000146276
0.000146252
0.000146228
0.000146205
0.000146181
0.000146158
0.000146134
0.00014611
0.000146087
0.000146063
0.00014604
0.000146016
0.000145993
0.000145969
0.000145946
0.000145922
0.000145899
0.000145875
0.000145852
0.000145828
0.000145805
0.000145781
0.000145758
0.000145734
0.000145711
0.000145687
0.000145664
0.00014564
0.000145617
0.000145593
0.00014557
0.000145547
0.000145523
0.0001455
0.000145476
0.000145453
0.000145429
0.000145406
0.000145383
0.000145359
0.000145336
0.000145313
0.000145289
0.000145266
0.000145242
0.000145219
0.000145196
0.000145172
0.000145149
0.000145126
0.000145102
0.000145079
0.000145056
0.000145032
0.000145009
0.000144986
0.000144963
0.000144939
0.000144916
0.000144893
0.000144869
0.000144846
0.000144823
0.0001448
0.000144776
0.000144753
0.00014473
0.000144707
0.000144684
0.00014466
0.000144637
0.000144614
0.000144591
0.000144567
0.000144544
0.000144521
0.000144498
0.000144475
0.000144452
0.000144428
0.000144405
0.000144382
0.000144359
0.000144336
0.000144313
0.00014429
0.000144266
0.000144243
0.00014422
0.000144197
0.000144174
0.000144151
0.000144128
0.000144105
0.000144082
0.000144059
0.000144036
0.000144013
0.000143989
0.000143966
0.000143943
0.00014392
0.000143897
0.000143874
0.000143851
0.000143828
0.000143805
0.000143782
0.000143759
0.000143736
0.000143713
0.00014369
0.000143667
0.000143644
0.000143621
0.000143598
0.000143575
0.000143552
0.00014353
0.000143507
0.000143484
0.000143461
0.000143438
0.000143415
0.000143392
0.000143369
0.000143346
0.000143323
0.0001433
0.000143278
0.000143255
0.000143232
0.000143209
0.000143186
0.000143163
0.00014314
0.000143118
0.000143095
0.000143072
0.000143049
0.000143026
0.000143003
0.000142981
0.000142958
0.000142935
0.000142912
0.000142889
0.000142867
0.000142844
0.000142821
0.000142798
0.000142776
0.000142753
0.00014273
0.000142707
0.000142685
0.000142662
0.000142639
0.000142616
0.000142594
0.000142571
0.000142548
0.000142526
0.000142503
0.00014248
0.000142458
0.000142435
0.000142412
0.00014239
0.000142367
0.000142344
0.000142322
0.000142299
0.000142276
0.000142254
0.000142231
0.000142208
0.000142186
0.000142163
0.000142141
0.000142118
0.000142095
0.000142073
0.00014205
0.000142028
0.000142005
0.000141982
0.00014196
0.000141937
0.000141915
0.000141892
0.00014187
0.000141847
0.000141825
0.000141802
0.00014178
0.000141757
0.000141735
0.000141712
0.00014169
0.000141667
0.000141645
0.000141622
0.0001416
0.000141577
0.000141555
0.000141532
0.00014151
0.000141487
0.000141465
0.000141443
0.00014142
0.000141398
0.000141375
0.000141353
0.00014133
0.000141308
0.000141286
0.000141263
0.000141241
0.000141218
0.000141196
0.000141174
0.000141151
0.000141129
0.000141107
0.000141084
0.000141062
0.00014104
0.000141017
0.000140995
0.000140973
0.00014095
0.000140928
0.000140906
0.000140883
0.000140861
0.000140839
0.000140817
0.000140794
0.000140772
0.00014075
0.000140727
0.000140705
0.000140683
0.000140661
0.000140638
0.000140616
0.000140594
0.000140572
0.00014055
0.000140527
0.000140505
0.000140483
0.000140461
0.000140439
0.000140416
0.000140394
0.000140372
0.00014035
0.000140328
0.000140306
0.000140283
0.000140261
0.000140239
0.000140217
0.000140195
0.000140173
0.000140151
0.000140128
0.000140106
0.000140084
0.000140062
0.00014004
0.000140018
0.000139996
0.000139974
0.000139952
0.00013993
0.000139908
0.000139886
0.000139863
0.000139841
0.000139819
0.000139797
0.000139775
0.000139753
0.000139731
0.000139709
0.000139687
0.000139665
0.000139643
0.000139621
0.000139599
0.000139577
0.000139555
0.000139533
0.000139511
0.000139489
0.000139467
0.000139446
0.000139424
0.000139402
0.00013938
0.000139358
0.000139336
0.000139314
0.000139292
0.00013927
0.000139248
0.000139226
0.000139204
0.000139183
0.000139161
0.000139139
0.000139117
0.000139095
0.000139073
0.000139051
0.00013903
0.000139008
0.000138986
0.000138964
0.000138942
0.00013892
0.000138899
0.000138877
0.000138855
0.000138833
0.000138811
0.00013879
0.000138768
0.000138746
0.000138724
0.000138702
0.000138681
0.000138659
0.000138637
0.000138615
0.000138594
0.000138572
0.00013855
0.000138528
0.000138507
0.000138485
0.000138463
0.000138442
0.00013842
0.000138398
0.000138377
0.000138355
0.000138333
0.000138311
0.00013829
0.000138268
0.000138246
0.000138225
0.000138203
0.000138182
0.00013816
0.000138138
0.000138117
0.000138095
0.000138073
0.000138052
0.00013803
0.000138009
0.000137987
0.000137965
0.000137944
0.000137922
0.000137901
0.000137879
0.000137858
0.000137836
0.000137814
0.000137793
0.000137771
0.00013775
0.000137728
0.000137707
0.000137685
0.000137664
0.000137642
0.000137621
0.000137599
0.000137578
0.000137556
0.000137535
0.000137513
0.000137492
0.00013747
0.000137449
0.000137427
0.000137406
0.000137384
0.000137363
0.000137342
0.00013732
0.000137299
0.000137277
0.000137256
0.000137234
0.000137213
0.000137192
0.00013717
0.000137149
0.000137128
0.000137106
0.000137085
0.000137063
0.000137042
0.000137021
0.000136999
0.000136978
0.000136957
0.000136935
0.000136914
0.000136893
0.000136871
0.00013685
0.000136829
0.000136807
0.000136786
0.000136765
0.000136743
0.000136722
0.000136701
0.00013668
0.000136658
0.000136637
0.000136616
0.000136595
0.000136573
0.000136552
0.000136531
0.00013651
0.000136488
0.000136467
0.000136446
0.000136425
0.000136403
0.000136382
0.000136361
0.00013634
0.000136319
0.000136298
0.000136276
0.000136255
0.000136234
0.000136213
0.000136192
0.000136171
0.000136149
0.000136128
0.000136107
0.000136086
0.000136065
0.000136044
0.000136023
0.000136002
0.00013598
0.000135959
0.000135938
0.000135917
0.000135896
0.000135875
0.000135854
0.000135833
0.000135812
0.000135791
0.00013577
0.000135749
0.000135728
0.000135706
0.000135685
0.000135664
0.000135643
0.000135622
0.000135601
0.00013558
0.000135559
0.000135538
0.000135517
0.000135496
0.000135475
0.000135454
0.000135433
0.000135412
0.000135391
0.000135371
0.00013535
0.000135329
0.000135308
0.000135287
0.000135266
0.000135245
0.000135224
0.000135203
0.000135182
0.000135161
0.00013514
0.000135119
0.000135099
0.000135078
0.000135057
0.000135036
0.000135015
0.000134994
0.000134973
0.000134952
0.000134932
0.000134911
0.00013489
0.000134869
0.000134848
0.000134827
0.000134807
0.000134786
0.000134765
0.000134744
0.000134723
0.000134703
0.000134682
0.000134661
0.00013464
0.000134619
0.000134599
0.000134578
0.000134557
0.000134536
0.000134516
0.000134495
0.000134474
0.000134453
0.000134433
0.000134412
0.000134391
0.000134371
0.00013435
0.000134329
0.000134308
0.000134288
0.000134267
0.000134246
0.000134226
0.000134205
0.000134184
0.000134164
0.000134143
0.000134122
0.000134102
0.000134081
0.00013406
0.00013404
0.000134019
0.000133999
0.000133978
0.000133957
0.000133937
0.000133916
0.000133895
0.000133875
0.000133854
0.000133834
0.000133813
0.000133793
0.000133772
0.000133751
0.000133731
0.00013371
0.00013369
0.000133669
0.000133649
0.000133628
0.000133608
0.000133587
0.000133567
0.000133546
0.000133526
0.000133505
0.000133485
0.000133464
0.000133444
0.000133423
0.000133403
0.000133382
0.000133362
0.000133341
0.000133321
0.0001333
0.00013328
0.000133259
0.000133239
0.000133219
0.000133198
0.000133178
0.000133157
0.000133137
0.000133116
0.000133096
0.000133076
0.000133055
0.000133035
0.000133014
0.000132994
0.000132974
0.000132953
0.000132933
0.000132913
0.000132892
0.000132872
0.000132852
0.000132831
0.000132811
0.000132791
0.00013277
0.00013275
0.00013273
0.000132709
0.000132689
0.000132669
0.000132648
0.000132628
0.000132608
0.000132588
0.000132567
0.000132547
0.000132527
0.000132506
0.000132486
0.000132466
0.000132446
0.000132425
0.000132405
0.000132385
0.000132365
0.000132345
0.000132324
0.000132304
0.000132284
0.000132264
0.000132244
0.000132223
0.000132203
0.000132183
0.000132163
0.000132143
0.000132122
0.000132102
0.000132082
0.000132062
0.000132042
0.000132022
0.000132002
0.000131981
0.000131961
0.000131941
0.000131921
0.000131901
0.000131881
0.000131861
0.000131841
0.000131821
0.0001318
0.00013178
0.00013176
0.00013174
0.00013172
0.0001317
0.00013168
0.00013166
0.00013164
0.00013162
0.0001316
0.00013158
0.00013156
0.00013154
0.00013152
0.0001315
0.00013148
0.00013146
0.00013144
0.00013142
0.0001314
0.00013138
0.00013136
0.00013134
0.00013132
0.0001313
0.00013128
0.00013126
0.00013124
0.00013122
0.0001312
0.00013118
0.00013116
0.00013114
0.00013112
0.0001311
0.000131081
0.000131061
0.000131041
0.000131021
0.000131001
0.000130981
0.000130961
0.000130941
0.000130921
0.000130902
0.000130882
0.000130862
0.000130842
0.000130822
0.000130802
0.000130782
0.000130763
0.000130743
0.000130723
0.000130703
0.000130683
0.000130663
0.000130644
0.000130624
0.000130604
0.000130584
0.000130564
0.000130545
0.000130525
0.000130505
0.000130485
0.000130466
0.000130446
0.000130426
0.000130406
0.000130387
0.000130367
0.000130347
0.000130327
0.000130308
0.000130288
0.000130268
0.000130249
0.000130229
0.000130209
0.000130189
0.00013017
0.00013015
0.00013013
0.000130111
0.000130091
0.000130071
0.000130052
0.000130032
0.000130012
0.000129993
0.000129973
0.000129953
0.000129934
0.000129914
0.000129895
0.000129875
0.000129855
0.000129836
0.000129816
0.000129797
0.000129777
0.000129757
0.000129738
0.000129718
0.000129699
0.000129679
0.000129659
0.00012964
0.00012962
0.000129601
0.000129581
0.000129562
0.000129542
0.000129523
0.000129503
0.000129484
0.000129464
0.000129445
0.000129425
0.000129406
0.000129386
0.000129367
0.000129347
0.000129328
0.000129308
0.000129289
0.000129269
0.00012925
0.00012923
0.000129211
0.000129191
0.000129172
0.000129152
0.000129133
0.000129114
0.000129094
0.000129075
0.000129055
0.000129036
0.000129016
0.000128997
0.000128978
0.000128958
0.000128939
0.000128919
0.0001289
0.000128881
0.000128861
0.000128842
0.000128823
0.000128803
0.000128784
0.000128764
0.000128745
0.000128726
0.000128706
0.000128687
0.000128668
0.000128649
0.000128629
0.00012861
0.000128591
0.000128571
0.000128552
0.000128533
0.000128513
0.000128494
0.000128475
0.000128456
0.000128436
0.000128417
0.000128398
0.000128379
0.000128359
0.00012834
0.000128321
0.000128302
0.000128282
0.000128263
0.000128244
0.000128225
0.000128205
0.000128186
0.000128167
0.000128148
0.000128129
0.000128109
0.00012809
0.000128071
0.000128052
0.000128033
0.000128014
0.000127994
0.000127975
0.000127956
0.000127937
0.000127918
0.000127899
0.00012788
0.00012786
0.000127841
0.000127822
0.000127803
0.000127784
0.000127765
0.000127746
0.000127727
0.000127708
0.000127688
0.000127669
0.00012765
0.000127631
0.000127612
0.000127593
0.000127574
0.000127555
0.000127536
0.000127517
0.000127498
0.000127479
0.00012746
0.000127441
0.000127422
0.000127403
0.000127384
0.000127365
0.000127346
0.000127327
0.000127308
0.000127289
0.00012727
0.000127251
0.000127232
0.000127213
0.000127194
0.000127175
0.000127156
0.000127137
0.000127118
0.000127099
0.00012708
0.000127061
0.000127042
0.000127023
0.000127004
0.000126986
0.000126967
0.000126948
0.000126929
0.00012691
0.000126891
0.000126872
0.000126853
0.000126834
0.000126815
0.000126797
0.000126778
0.000126759
0.00012674
0.000126721
0.000126702
0.000126684
0.000126665
0.000126646
0.000126627
0.000126608
0.000126589
0.000126571
0.000126552
0.000126533
0.000126514
0.000126495
0.000126477
0.000126458
0.000126439
0.00012642
0.000126401
0.000126383
0.000126364
0.000126345
0.000126326
0.000126308
0.000126289
0.00012627
0.000126251
0.000126233
0.000126214
0.000126195
0.000126177
0.000126158
0.000126139
0.00012612
0.000126102
0.000126083
0.000126064
0.000126046
0.000126027
0.000126008
0.00012599
0.000125971
0.000125952
0.000125934
0.000125915
0.000125896
0.000125878
0.000125859
0.00012584
0.000125822
0.000125803
0.000125784
0.000125766
0.000125747
0.000125729
0.00012571
0.000125691
0.000125673
0.000125654
0.000125636
0.000125617
0.000125599
0.00012558
0.000125561
0.000125543
0.000125524
0.000125506
0.000125487
0.000125469
0.00012545
0.000125432
0.000125413
0.000125394
0.000125376
0.000125357
0.000125339
0.00012532
0.000125302
0.000125283
0.000125265
0.000125246
0.000125228
0.000125209
0.000125191
0.000125173
0.000125154
0.000125136
0.000125117
0.000125099
0.00012508
0.000125062
0.000125043
0.000125025
0.000125006
0.000124988
0.00012497
0.000124951
0.000124933
0.000124914
0.000124896
0.000124878
0.000124859
0.000124841
0.000124822
0.000124804
0.000124786
0.000124767
0.000124749
0.000124731
0.000124712
0.000124694
0.000124675
0.000124657
0.000124639
0.00012462
0.000124602
0.000124584
0.000124565
0.000124547
0.000124529
0.00012451
0.000124492
0.000124474
0.000124456
0.000124437
0.000124419
0.000124401
0.000124382
0.000124364
0.000124346
0.000124328
0.000124309
0.000124291
0.000124273
0.000124255
0.000124236
0.000124218
0.0001242
0.000124182
0.000124163
0.000124145
0.000124127
0.000124109
0.000124091
0.000124072
0.000124054
0.000124036
0.000124018
0.000124
0.000123981
0.000123963
0.000123945
0.000123927
0.000123909
0.000123891
0.000123872
0.000123854
0.000123836
0.000123818
0.0001238
0.000123782
0.000123764
0.000123745
0.000123727
0.000123709
0.000123691
0.000123673
0.000123655
0.000123637
0.000123619
0.000123601

