5e-05
5e-05
5e-05
5e-05
5e-05
5e-05
5e-05
5e-05
5e-05
5e-05
5e-05
5e-05
5e-05
5e-05
5e-05
5e-05
5e-05
5e-05
5e-05
5e-05
5e-05
5e-05
5e-05
5e-05
5e-05
5e-05
5e-05
5e-05
5e-05
5e-05
5e-05
5e-05
5e-05
5e-05
5e-05
5e-05
5e-05
5e-05
5e-05
5e-05
5e-05
5e-05
5e-05
5e-05
5e-05
5e-05
5e-05
5e-05
5e-05
5e-05
5e-05
5e-05
5e-05
5e-05
5e-05
5e-05
5e-05
5e-05
5e-05
5e-05
5e-05
5e-05
5e-05
5e-05
5e-05
5e-05
5e-05
5e-05
5e-05
5e-05
5e-05
5e-05
5e-05
5e-05
5e-05
5e-05
5e-05
5e-05
5e-05
5e-05
5e-05
5e-05
5e-05
5e-05
5e-05
5e-05
5e-05
5e-05
5e-05
5e-05
5e-05
5e-05
5e-05
5e-05
5e-05
5e-05
5e-05
5e-05
5e-05
5e-05
5e-05
5e-05
5e-05
5e-05
5e-05
5e-05
5e-05
5e-05
5e-05
5e-05
5e-05
5e-05
5e-05
5e-05
5e-05
5e-05
5e-05
5e-05
5e-05
5e-05
5e-05
5e-05
5e-05
5e-05
5e-05
5e-05
5e-05
5e-05
5e-05
5e-05
5e-05
5e-05
5e-05
5e-05
5e-05
5e-05
5e-05
5e-05
5e-05
5e-05
5e-05
5e-05
5e-05
5e-05
5e-05
5e-05
5e-05
5e-05
5e-05
5e-05
5e-05
5e-05
5e-05
5e-05
5e-05
5e-05
5e-05
5e-05
5e-05
5e-05
5e-05
5e-05
5e-05
5e-05
5e-05
5e-05
5e-05
5e-05
5e-05
5e-05
5e-05
5e-05
5e-05
5e-05
5e-05
5e-05
5e-05
5e-05
5e-05
5e-05
5e-05
5e-05
5e-05
5e-05
5e-05
5e-05
5e-05
5e-05
5e-05
5e-05
5e-05
5e-05
5e-05
5e-05
5e-05
5e-05
5e-05
5e-05
5e-05
5e-05
5e-05
5e-05
5e-05
5e-05
5e-05
5e-05
5e-05
5e-05
5e-05
5e-05
5e-05
5e-05
5e-05
5e-05
5e-05
5e-05
5e-05
5e-05
5e-05
5e-05
5e-05
5e-05
5e-05
5e-05
5e-05
5e-05
5e-05
5e-05
5e-05
5e-05
5e-05
5e-05
5e-05
5e-05
5e-05
5e-05
5e-05
5e-05
5e-05
5e-05
5e-05
5e-05
5e-05
5e-05
5e-05
5e-05
5e-05
5e-05
5e-05
5e-05
5e-05
5e-05
5e-05
5e-05
5e-05
5e-05
5e-05
5e-05
5e-05
5e-05
5e-05
5e-05
5e-05
5e-05
5e-05
5e-05
5e-05
5e-05
5e-05
5e-05
5e-05
5e-05
5e-05
5e-05
5e-05
5e-05
5e-05
5e-05
5e-05
5e-05
5e-05
5e-05
5e-05
5e-05
5e-05
5e-05
5e-05
5e-05
5e-05
5e-05
5e-05
5e-05
5e-05
5e-05
5e-05
5e-05
5e-05
5e-05
5e-05
5e-05
5e-05
5e-05
5e-05
5e-05
5e-05
5e-05
5e-05
5e-05
5e-05
5e-05
5e-05
5e-05
5e-05
5e-05
5e-05
5e-05
5e-05
5e-05
5e-05
5e-05
5e-05
5e-05
5e-05
5e-05
5e-05
5e-05
5e-05
5e-05
5e-05
5e-05
5e-05
5e-05
5e-05
5e-05
5e-05
5e-05
5e-05
5e-05
5e-05
5e-05
5e-05
5e-05
5e-05
5e-05
5e-05
5e-05
5e-05
5e-05
5e-05
5e-05
5e-05
5e-05
5e-05
5e-05
5e-05
5e-05
5e-05
5e-05
5e-05
5e-05
5e-05
5e-05
5e-05
5e-05
5e-05
5e-05
5e-05
5e-05
5e-05
5e-05
5e-05
5e-05
5e-05
5e-05
5e-05
5e-05
5e-05
5e-05
5e-05
5e-05
5e-05
5e-05
5e-05
5e-05
5e-05
5e-05
5e-05
5e-05
5e-05
5e-05
5e-05
5e-05
5e-05
5e-05
5e-05
5e-05
5e-05
5e-05
5e-05
5e-05
5e-05
5e-05
5e-05
5e-05
5e-05
5e-05
5e-05
5e-05
5e-05
5e-05
5e-05
5e-05
5e-05
5e-05
5e-05
5e-05
5e-05
5e-05
5e-05
5e-05
5e-05
5e-05
5e-05
5e-05
5e-05
5e-05
5e-05
5e-05
5e-05
5e-05
5e-05
5e-05
5e-05
5e-05
5e-05
5e-05
5e-05
5e-05
5e-05
5e-05
5e-05
5e-05
5e-05
5e-05
5e-05
5e-05
5e-05
5e-05
5e-05
5e-05
5e-05
5e-05
5e-05
5e-05
5e-05
5e-05
5e-05
5e-05
5e-05
5e-05
5e-05
5e-05
5e-05
5e-05
5e-05
5e-05
5e-05
5e-05
5e-05
5e-05
5e-05
5e-05
5e-05
5e-05
5e-05
5e-05
5e-05
5e-05
5e-05
5e-05
5e-05
5e-05
5e-05
5e-05
5e-05
5e-05
5e-05
5e-05
5e-05
5e-05
5e-05
5e-05
5e-05
5e-05
5e-05
5e-05
5e-05
5e-05
5e-05
5e-05
5e-05
5e-05
5e-05
5e-05
5e-05
5e-05
5e-05
5e-05
5e-05
5e-05
5e-05
5e-05
5e-05
5e-05
5e-05
5e-05
5e-05
5e-05
5e-05
5e-05
5e-05
5e-05
5e-05
5e-05
5e-05
5e-05
5e-05
5e-05
5e-05
5e-05
5e-05
5e-05
5e-05
5e-05
5e-05
5e-05
5e-05
5e-05
5e-05
5e-05
5e-05
5e-05
5e-05
5e-05
5e-05
5e-05
5e-05
5e-05
5e-05
5e-05
5e-05
5e-05
5e-05
5e-05
5e-05
5e-05
5e-05
5e-05
5e-05
5e-05
5e-05
5e-05
5e-05
5e-05
5e-05
5e-05
5e-05
5e-05
5e-05
5e-05
5e-05
5e-05
5e-05
5e-05
5e-05
5e-05
5e-05
5e-05
5e-05
5e-05
5e-05
5e-05
5e-05
5e-05
5e-05
5e-05
5e-05
5e-05
5e-05
5e-05
5e-05
5e-05
5e-05
5e-05
5e-05
5e-05
5e-05
5e-05
5e-05
5e-05
5e-05
5e-05
5e-05
5e-05
5e-05
5e-05
5e-05
5e-05
5e-05
5e-05
5e-05
5e-05
5e-05
5e-05
5e-05
5e-05
5e-05
5e-05
5e-05
5e-05
5e-05
5e-05
5e-05
5e-05
5e-05
5e-05
5e-05
5e-05
5e-05
5e-05
5e-05
5e-05
5e-05
5e-05
5e-05
5e-05
5e-05
5e-05
5e-05
5e-05
5e-05
5e-05
5e-05
5e-05
5e-05
5e-05
5e-05
5e-05
5e-05
5e-05
5e-05
5e-05
5e-05
5e-05
5e-05
5e-05
5e-05
5e-05
5e-05
5e-05
5e-05
5e-05
5e-05
5e-05
5e-05
5e-05
5e-05
5e-05
5e-05
5e-05
5e-05
5e-05
5e-05
5e-05
5e-05
5e-05
5e-05
5e-05
5e-05
5e-05
5e-05
5e-05
5e-05
5e-05
5e-05
5e-05
5e-05
5e-05
5e-05
5e-05
5e-05
5e-05
5e-05
5e-05
5e-05
5e-05
5e-05
5e-05
5e-05
5e-05
5e-05
5e-05
5e-05
5e-05
5e-05
5e-05
5e-05
5e-05
5e-05
5e-05
5e-05
5e-05
5e-05
5e-05
5e-05
5e-05
5e-05
5e-05
5e-05
5e-05
5e-05
5e-05
5e-05
5e-05
5e-05
5e-05
5e-05
5e-05
5e-05
5e-05
5e-05
5e-05
5e-05
5e-05
5e-05
5e-05
5e-05
5e-05
5e-05
5e-05
5e-05
5e-05
5e-05
5e-05
5e-05
5e-05
5e-05
5e-05
5e-05
5e-05
5e-05
5e-05
5e-05
5e-05
5e-05
5e-05
5e-05
5e-05
5e-05
5e-05
5e-05
5e-05
5e-05
5e-05
5e-05
5e-05
5e-05
5e-05
5e-05
5e-05
5e-05
5e-05
5e-05
5e-05
5e-05
5e-05
5e-05
5e-05
5e-05
5e-05
5e-05
5e-05
5e-05
5e-05
5e-05
5e-05
5e-05
5e-05
5e-05
5e-05
5e-05
5e-05
5e-05
5e-05
5e-05
5e-05
5e-05
5e-05
5e-05
5e-05
5e-05
5.06008e-05
5.23041e-05
5.53681e-05
5.98437e-05
6.56477e-05
7.26269e-05
8.06025e-05
8.93971e-05
9.88483e-05
0.000108815
0.000119179
0.000129843
0.000140727
0.000151769
0.000162919
0.000174138
0.000185396
0.000196668
0.000207936
0.000219187
0.000230408
0.000241593
0.000252734
0.000263828
0.00027487
0.000285858
0.000296791
0.000307666
0.000318484
0.000329243
0.000339944
0.000350586
0.00036117
0.000371696
0.000382164
0.000392574
0.000402927
0.000413223
0.000423463
0.000433647
0.000443777
0.000453851
0.000463872
0.000473838
0.000483752
0.000493613
0.000503422
0.000513179
0.000522886
0.000532542
0.000542147
0.000551704
0.000561211
0.00057067
0.00058008
0.000589443
0.000598759
0.000608028
0.000617251
0.000626428
0.00063556
0.000644647
0.00065369
0.000662688
0.000671643
0.000680554
0.000689423
0.000698249
0.000707034
0.000715776
0.000724478
0.000733138
0.000741758
0.000750338
0.000758879
0.00076738
0.000775842
0.000784265
0.00079265
0.000800997
0.000808706
0.000815274
0.000820445
0.000824166
0.000826521
0.000827664
0.000827773
0.000827026
0.000825586
0.000823594
0.000821168
0.000818407
0.000815389
0.000812179
0.000808825
0.000805369
0.00080184
0.000798262
0.000794655
0.000791033
0.000787406
0.000783784
0.000780173
0.000776578
0.000773003
0.00076945
0.000765922
0.00076242
0.000758946
0.000755499
0.000752081
0.000748692
0.000745332
0.000742001
0.000738699
0.000735426
0.000732181
0.000728965
0.000725777
0.000722617
0.000719485
0.00071638
0.000713302
0.00071025
0.000707226
0.000704227
0.000701254
0.000698307
0.000695385
0.000692488
0.000689616
0.000686768
0.000683944
0.000681144
0.000678367
0.000675614
0.000672883
0.000670175
0.00066749
0.000664826
0.000662185
0.000659565
0.000656966
0.000654389
0.000651832
0.000649296
0.000646781
0.000644285
0.000641809
0.000639353
0.000636917
0.0006345
0.000632101
0.000629722
0.000627361
0.000625018
0.000622694
0.000620387
0.000618098
0.000615827
0.000613573
0.000611336
0.000609116
0.000606913
0.000604726
0.000602556
0.000600402
0.000598264
0.000596142
0.000594036
0.000591945
0.000589869
0.000587809
0.000585764
0.000583733
0.000581717
0.000579716
0.000577729
0.000575756
0.000573797
0.000571852
0.000569921
0.000568004
0.0005661
0.000564209
0.000562332
0.000560467
0.000558616
0.000556777
0.000554951
0.000553137
0.000551336
0.000549547
0.00054777
0.000546005
0.000544252
0.000542511
0.000540781
0.000539063
0.000537356
0.000535661
0.000533977
0.000532303
0.000530641
0.00052899
0.000527349
0.000525719
0.000524099
0.00052249
0.000520891
0.000519303
0.000517724
0.000516156
0.000514597
0.000513048
0.000511509
0.00050998
0.00050846
0.000506949
0.000505448
0.000503956
0.000502474
0.000501
0.000499535
0.00049808
0.000496633
0.000495195
0.000493765
0.000492344
0.000490932
0.000489528
0.000488132
0.000486745
0.000485366
0.000483994
0.000482631
0.000481276
0.000479929
0.00047859
0.000477258
0.000475934
0.000474618
0.000473309
0.000472007
0.000470713
0.000469427
0.000468147
0.000466875
0.00046561
0.000464352
0.000463102
0.000461858
0.000460621
0.00045939
0.000458167
0.00045695
0.00045574
0.000454537
0.00045334
0.000452149
0.000450965
0.000449787
0.000448616
0.000447451
0.000446292
0.00044514
0.000443993
0.000442852
0.000441718
0.000440589
0.000439467
0.00043835
0.000437239
0.000436134
0.000435034
0.00043394
0.000432852
0.00043177
0.000430692
0.000429621
0.000428555
0.000427494
0.000426438
0.000425388
0.000424343
0.000423304
0.000422269
0.00042124
0.000420215
0.000419196
0.000418182
0.000417173
0.000416169
0.000415169
0.000414175
0.000413185
0.0004122
0.00041122
0.000410245
0.000409274
0.000408308
0.000407346
0.00040639
0.000405437
0.000404489
0.000403546
0.000402607
0.000401672
0.000400742
0.000399816
0.000398895
0.000397977
0.000397064
0.000396155
0.000395251
0.00039435
0.000393454
0.000392561
0.000391673
0.000390789
0.000389908
0.000389032
0.00038816
0.000387291
0.000386427
0.000385566
0.000384709
0.000383856
0.000383007
0.000382161
0.000381319
0.000380481
0.000379646
0.000378815
0.000377988
0.000377164
0.000376344
0.000375528
0.000374715
0.000373905
0.000373099
0.000372296
0.000371497
0.000370701
0.000369908
0.000369119
0.000368333
0.000367551
0.000366772
0.000365996
0.000365223
0.000364453
0.000363687
0.000362924
0.000362164
0.000361407
0.000360653
0.000359902
0.000359155
0.00035841
0.000357669
0.00035693
0.000356194
0.000355462
0.000354732
0.000354005
0.000353282
0.000352561
0.000351843
0.000351127
0.000350415
0.000349706
0.000348999
0.000348295
0.000347594
0.000346895
0.000346199
0.000345506
0.000344816
0.000344129
0.000343444
0.000342761
0.000342082
0.000341405
0.00034073
0.000340058
0.000339389
0.000338722
0.000338058
0.000337396
0.000336737
0.00033608
0.000335426
0.000334774
0.000334125
0.000333478
0.000332833
0.000332191
0.000331552
0.000330914
0.000330279
0.000329647
0.000329016
0.000328388
0.000327763
0.000327139
0.000326518
0.000325899
0.000325283
0.000324668
0.000324056
0.000323446
0.000322838
0.000322233
0.000321629
0.000321028
0.000320429
0.000319832
0.000319237
0.000318644
0.000318054
0.000317465
0.000316879
0.000316294
0.000315712
0.000315132
0.000314554
0.000313977
0.000313403
0.000312831
0.00031226
0.000311692
0.000311126
0.000310561
0.000309999
0.000309438
0.00030888
0.000308323
0.000307768
0.000307216
0.000306665
0.000306115
0.000305568
0.000305023
0.000304479
0.000303937
0.000303397
0.000302859
0.000302323
0.000301788
0.000301255
0.000300724
0.000300195
0.000299668
0.000299142
0.000298618
0.000298096
0.000297575
0.000297056
0.000296539
0.000296024
0.00029551
0.000294998
0.000294487
0.000293978
0.000293471
0.000292966
0.000292462
0.00029196
0.000291459
0.00029096
0.000290462
0.000289967
0.000289472
0.00028898
0.000288488
0.000287999
0.000287511
0.000287024
0.000286539
0.000286056
0.000285574
0.000285094
0.000284615
0.000284137
0.000283662
0.000283187
0.000282714
0.000282243
0.000281773
0.000281304
0.000280837
0.000280371
0.000279907
0.000279444
0.000278983
0.000278523
0.000278064
0.000277607
0.000277151
0.000276697
0.000276244
0.000275792
0.000275342
0.000274893
0.000274445
0.000273999
0.000273554
0.000273111
0.000272668
0.000272228
0.000271788
0.00027135
0.000270913
0.000270477
0.000270043
0.00026961
0.000269178
0.000268747
0.000268318
0.00026789
0.000267463
0.000267038
0.000266613
0.00026619
0.000265768
0.000265348
0.000264929
0.00026451
0.000264094
0.000263678
0.000263263
0.00026285
0.000262438
0.000262027
0.000261617
0.000261209
0.000260801
0.000260395
0.00025999
0.000259586
0.000259183
0.000258781
0.000258381
0.000257982
0.000257583
0.000257186
0.00025679
0.000256395
0.000256002
0.000255609
0.000255217
0.000254827
0.000254437
0.000254049
0.000253662
0.000253276
0.000252891
0.000252507
0.000252124
0.000251742
0.000251361
0.000250981
0.000250602
0.000250225
0.000249848
0.000249472
0.000249098
0.000248724
0.000248352
0.00024798
0.00024761
0.00024724
0.000246872
0.000246504
0.000246137
0.000245772
0.000245407
0.000245044
0.000244681
0.00024432
0.000243959
0.000243599
0.00024324
0.000242883
0.000242526
0.00024217
0.000241815
0.000241461
0.000241108
0.000240756
0.000240405
0.000240055
0.000239705
0.000239357
0.000239009
0.000238663
0.000238317
0.000237972
0.000237628
0.000237286
0.000236943
0.000236602
0.000236262
0.000235923
0.000235584
0.000235246
0.00023491
0.000234574
0.000234239
0.000233905
0.000233571
0.000233239
0.000232907
0.000232577
0.000232247
0.000231918
0.000231589
0.000231262
0.000230935
0.00023061
0.000230285
0.000229961
0.000229638
0.000229315
0.000228994
0.000228673
0.000228353
0.000228034
0.000227715
0.000227398
0.000227081
0.000226765
0.00022645
0.000226135
0.000225822
0.000225509
0.000225197
0.000224886
0.000224575
0.000224265
0.000223956
0.000223648
0.000223341
0.000223034
0.000222728
0.000222423
0.000222119
0.000221815
0.000221512
0.00022121
0.000220908
0.000220608
0.000220308
0.000220009
0.00021971
0.000219412
0.000219115
0.000218819
0.000218523
0.000218228
0.000217934
0.000217641
0.000217348
0.000217056
0.000216765
0.000216474
0.000216184
0.000215895
0.000215606
0.000215318
0.000215031
0.000214745
0.000214459
0.000214174
0.000213889
0.000213606
0.000213323
0.00021304
0.000212758
0.000212477
0.000212197
0.000211917
0.000211638
0.00021136
0.000211082
0.000210805
0.000210528
0.000210253
0.000209977
0.000209703
0.000209429
0.000209156
0.000208883
0.000208611
0.00020834
0.000208069
0.000207799
0.00020753
0.000207261
0.000206993
0.000206725
0.000206458
0.000206192
0.000205926
0.000205661
0.000205397
0.000205133
0.000204869
0.000204607
0.000204345
0.000204083
0.000203822
0.000203562
0.000203302
0.000203043
0.000202785
0.000202527
0.00020227
0.000202013
0.000201757
0.000201501
0.000201246
0.000200992
0.000200738
0.000200485
0.000200232
0.00019998
0.000199728
0.000199477
0.000199227
0.000198977
0.000198728
0.000198479
0.000198231
0.000197983
0.000197736
0.00019749
0.000197244
0.000196998
0.000196753
0.000196509
0.000196265
0.000196022
0.000195779
0.000195537
0.000195296
0.000195054
0.000194814
0.000194574
0.000194334
0.000194095
0.000193857
0.000193619
0.000193382
0.000193145
0.000192908
0.000192673
0.000192437
0.000192202
0.000191968
0.000191734
0.000191501
0.000191268
0.000191036
0.000190804
0.000190573
0.000190342
0.000190112
0.000189882
0.000189653
0.000189424
0.000189196
0.000188968
0.000188741
0.000188514
0.000188288
0.000188062
0.000187837
0.000187612
0.000187388
0.000187164
0.00018694
0.000186717
0.000186495
0.000186273
0.000186051
0.00018583
0.00018561
0.00018539
0.00018517
0.000184951
0.000184732
0.000184514
0.000184296
0.000184079
0.000183862
0.000183646
0.00018343
0.000183214
0.000182999
0.000182785
0.000182571
0.000182357
0.000182144
0.000181931
0.000181719
0.000181507
0.000181295
0.000181084
0.000180874
0.000180664
0.000180454
0.000180245
0.000180036
0.000179828
0.00017962
0.000179412
0.000179205
0.000178999
0.000178792
0.000178587
0.000178381
0.000178176
0.000177972
0.000177768
0.000177564
0.000177361
0.000177158
0.000176956
0.000176754
0.000176552
0.000176351
0.00017615
0.00017595
0.00017575
0.00017555
0.000175351
0.000175153
0.000174954
0.000174756
0.000174559
0.000174362
0.000174165
0.000173969
0.000173773
0.000173577
0.000173382
0.000173188
0.000172993
0.000172799
0.000172606
0.000172413
0.00017222
0.000172028
0.000171836
0.000171644
0.000171453
0.000171262
0.000171072
0.000170882
0.000170692
0.000170503
0.000170314
0.000170125
0.000169937
0.000169749
0.000169562
0.000169375
0.000169188
0.000169002
0.000168816
0.000168631
0.000168446
0.000168261
0.000168076
0.000167892
0.000167709
0.000167525
0.000167342
0.00016716
0.000166977
0.000166796
0.000166614
0.000166433
0.000166252
0.000166072
0.000165891
0.000165712
0.000165532
0.000165353
0.000165175
0.000164996
0.000164818
0.000164641
0.000164463
0.000164286
0.00016411
0.000163933
0.000163758
0.000163582
0.000163407
0.000163232
0.000163057
0.000162883
0.000162709
0.000162536
0.000162363
0.00016219
0.000162017
0.000161845
0.000161673
0.000161502
0.00016133
0.00016116
0.000160989
0.000160819
0.000160649
0.000160479
0.00016031
0.000160141
0.000159973
0.000159804
0.000159636
0.000159469
0.000159302
0.000159135
0.000158968
0.000158802
0.000158636
0.00015847
0.000158305
0.00015814
0.000157975
0.00015781
0.000157646
0.000157482
0.000157319
0.000157156
0.000156993
0.00015683
0.000156668
0.000156506
0.000156344
0.000156183
0.000156022
0.000155861
0.000155701
0.000155541
0.000155381
0.000155222
0.000155062
0.000154903
0.000154745
0.000154586
0.000154428
0.000154271
0.000154113
0.000153956
0.000153799
0.000153643
0.000153486
0.000153331
0.000153175
0.000153019
0.000152864
0.00015271
0.000152555
0.000152401
0.000152247
0.000152093
0.00015194
0.000151787
0.000151634
0.000151482
0.000151329
0.000151177
0.000151026
0.000150874
0.000150723
0.000150572
0.000150422
0.000150272
0.000150122
0.000149972
0.000149822
0.000149673
0.000149524
0.000149376
0.000149227
0.000149079
0.000148932
0.000148784
0.000148637
0.00014849
0.000148343
0.000148197
0.00014805
0.000147905
0.000147759
0.000147614
0.000147468
0.000147324
0.000147179
0.000147035
0.000146891
0.000146747
0.000146603
0.00014646
0.000146317
0.000146174
0.000146032
0.00014589
0.000145748
0.000145606
0.000145464
0.000145323
0.000145182
0.000145042
0.000144901
0.000144761
0.000144621
0.000144481
0.000144342
0.000144203
0.000144064
0.000143925
0.000143787
0.000143649
0.000143511
0.000143373
0.000143236
0.000143098
0.000142961
0.000142825
0.000142688
0.000142552
0.000142416
0.00014228
0.000142145
0.00014201
0.000141875
0.00014174
0.000141605
0.000141471
0.000141337
0.000141203
0.00014107
0.000140936
0.000140803
0.000140671
0.000140538
0.000140406
0.000140273
0.000140141
0.00014001
0.000139878
0.000139747
0.000139616
0.000139485
0.000139355
0.000139225
0.000139095
0.000138965
0.000138835
0.000138706
0.000138577
0.000138448
0.000138319
0.000138191
0.000138062
0.000137934
0.000137807
0.000137679
0.000137552
0.000137425
0.000137298
0.000137171
0.000137045
0.000136918
0.000136792
0.000136667
0.000136541
0.000136416
0.000136291
0.000136166
0.000136041
0.000135917
0.000135792
0.000135668
0.000135544
0.000135421
0.000135297
0.000135174
0.000135051
0.000134929
0.000134806
0.000134684
0.000134562
0.00013444
0.000134318
0.000134197
0.000134075
0.000133954
0.000133833
0.000133713
0.000133592
0.000133472
0.000133352
0.000133232
0.000133113
0.000132993
0.000132874
0.000132755
0.000132636
0.000132518
0.000132399
0.000132281
0.000132163
0.000132045
0.000131928
0.00013181
0.000131693
0.000131576
0.000131459
0.000131343
0.000131227
0.00013111
0.000130994
0.000130879
0.000130763
0.000130648
0.000130533
0.000130418
0.000130303
0.000130188
0.000130074
0.00012996
0.000129846
0.000129732
0.000129618
0.000129505
0.000129391
0.000129278
0.000129166
0.000129053
0.00012894
0.000128828
0.000128716
0.000128604
0.000128492
0.000128381
0.00012827
0.000128158
0.000128047
0.000127937
0.000127826
0.000127716
0.000127605
0.000127495
0.000127386
0.000127276
0.000127166
0.000127057
0.000126948
0.000126839
0.00012673
0.000126622
0.000126513
0.000126405
0.000126297
0.000126189
0.000126082
0.000125974
0.000125867
0.00012576
0.000125653
0.000125546
0.00012544
0.000125333
0.000125227
0.000125121
0.000125015
0.000124909
0.000124804
0.000124698
0.000124593
0.000124488
0.000124383
0.000124279
0.000124174
0.00012407
0.000123966
0.000123862
0.000123758
0.000123655
0.000123551
0.000123448
0.000123345
0.000123242
0.000123139
0.000123036
0.000122934
0.000122832
0.00012273
0.000122628
0.000122526
0.000122425
0.000122323
0.000122222
0.000122121
0.00012202
0.000121919
0.000121819
0.000121718
0.000121618
0.000121518
0.000121418
0.000121318
0.000121219
0.000121119
0.00012102
0.000120921
0.000120822
0.000120723
0.000120624
0.000120526
0.000120428
0.00012033
0.000120232
0.000120134
0.000120036
0.000119939
0.000119841
0.000119744
0.000119647
0.00011955
0.000119453
0.000119357
0.000119261
0.000119164
0.000119068
0.000118972
0.000118877
0.000118781
0.000118685
0.00011859
0.000118495
0.0001184
0.000118305
0.000118211
0.000118116
0.000118022
0.000117927
0.000117833
0.000117739
0.000117646
0.000117552
0.000117459
0.000117365
0.000117272
0.000117179
0.000117086
0.000116993
0.000116901
0.000116808
0.000116716
0.000116624
0.000116532
0.00011644
0.000116349
0.000116257
0.000116166
0.000116074
0.000115983
0.000115892
0.000115802
0.000115711
0.00011562
0.00011553
0.00011544
0.00011535
0.00011526
0.00011517
0.00011508
0.000114991
0.000114902
0.000114812
0.000114723
0.000114634
0.000114546
0.000114457
0.000114368
0.00011428
0.000114192
0.000114104
0.000114016
0.000113928
0.00011384
0.000113753
0.000113665
0.000113578
0.000113491
0.000113404
0.000113317
0.000113231
0.000113144
0.000113058
0.000112971
0.000112885
0.000112799
0.000112713
0.000112627
0.000112542
0.000112456
0.000112371
0.000112286
0.000112201
0.000112116
0.000112031
0.000111946
0.000111862
0.000111777
0.000111693
0.000111609
0.000111525
0.000111441
0.000111357
0.000111274
0.00011119
0.000111107
0.000111024
0.000110941
0.000110858
0.000110775
0.000110692
0.00011061
0.000110527
0.000110445
0.000110363
0.000110281
0.000110199
0.000110117
0.000110035
0.000109954
0.000109873
0.000109791
0.00010971
0.000109629
0.000109548
0.000109467
0.000109387
0.000109306
0.000109226
0.000109146
0.000109065
0.000108985
0.000108906
0.000108826
0.000108746
0.000108667
0.000108587
0.000108508
0.000108429
0.00010835
0.000108271
0.000108192
0.000108113
0.000108035
0.000107956
0.000107878
0.0001078
0.000107722
0.000107644
0.000107566
0.000107488
0.000107411
0.000107333
0.000107256
0.000107179
0.000107102
0.000107025
0.000106948
0.000106871
0.000106795
0.000106718
0.000106642
0.000106565
0.000106489
0.000106413
0.000106337
0.000106262
0.000106186
0.00010611
0.000106035
0.00010596
0.000105884
0.000105809
0.000105734
0.000105659
0.000105585
0.00010551
0.000105435
0.000105361
0.000105287
0.000105213
0.000105138
0.000105065
0.000104991
0.000104917
0.000104843
0.00010477
0.000104696
0.000104623
0.00010455
0.000104477
0.000104404
0.000104331
0.000104258
0.000104186
0.000104113
0.000104041
0.000103969
0.000103896
0.000103824
0.000103752
0.000103681
0.000103609
0.000103537
0.000103466
0.000103394
0.000103323
0.000103252
0.000103181
0.00010311
0.000103039
0.000102968
0.000102898
0.000102827
0.000102757
0.000102686
0.000102616
0.000102546
0.000102476
0.000102406
0.000102336
0.000102266
0.000102197
0.000102127
0.000102058
0.000101989
0.00010192
0.000101851
0.000101782
0.000101713
0.000101644
0.000101575
0.000101507
0.000101438
0.00010137
0.000101302
0.000101234
0.000101166
0.000101098
0.00010103
0.000100962
0.000100894
0.000100827
0.00010076
0.000100692
0.000100625
0.000100558
0.000100491
0.000100424
0.000100357
0.00010029
0.000100224
0.000100157
0.000100091
0.000100025
9.99583e-05
9.98922e-05
9.98262e-05
9.97603e-05
9.96945e-05
9.96287e-05
9.95631e-05
9.94976e-05
9.94322e-05
9.93668e-05
9.93016e-05
9.92365e-05
9.91714e-05
9.91065e-05
9.90417e-05
9.89769e-05
9.89123e-05
9.88477e-05
9.87832e-05
9.87189e-05
9.86546e-05
9.85904e-05
9.85264e-05
9.84624e-05
9.83985e-05
9.83347e-05
9.8271e-05
9.82074e-05
9.81439e-05
9.80805e-05
9.80172e-05
9.7954e-05
9.78908e-05
9.78278e-05
9.77649e-05
9.7702e-05
9.76393e-05
9.75766e-05
9.7514e-05
9.74515e-05
9.73892e-05
9.73269e-05
9.72647e-05
9.72026e-05
9.71405e-05
9.70786e-05
9.70168e-05
9.6955e-05
9.68934e-05
9.68318e-05
9.67704e-05
9.6709e-05
9.66477e-05
9.65865e-05
9.65254e-05
9.64644e-05
9.64035e-05
9.63426e-05
9.62819e-05
9.62212e-05
9.61606e-05
9.61002e-05
9.60398e-05
9.59795e-05
9.59193e-05
9.58591e-05
9.57991e-05
9.57392e-05
9.56793e-05
9.56195e-05
9.55598e-05
9.55002e-05
9.54407e-05
9.53813e-05
9.5322e-05
9.52627e-05
9.52036e-05
9.51445e-05
9.50855e-05
9.50266e-05
9.49678e-05
9.49091e-05
9.48504e-05
9.47919e-05
9.47334e-05
9.4675e-05
9.46167e-05
9.45585e-05
9.45004e-05
9.44423e-05
9.43844e-05
9.43265e-05
9.42687e-05
9.4211e-05
9.41534e-05
9.40959e-05
9.40384e-05
9.3981e-05
9.39237e-05
9.38665e-05
9.38094e-05
9.37524e-05
9.36954e-05
9.36386e-05
9.35818e-05
9.35251e-05
9.34685e-05
9.34119e-05
9.33555e-05
9.32991e-05
9.32428e-05
9.31866e-05
9.31304e-05
9.30744e-05
9.30184e-05
9.29626e-05
9.29067e-05
9.2851e-05
9.27954e-05
9.27398e-05
9.26843e-05
9.26289e-05
9.25736e-05
9.25184e-05
9.24632e-05
9.24081e-05
9.23531e-05
9.22982e-05
9.22434e-05
9.21886e-05
9.21339e-05
9.20793e-05
9.20248e-05
9.19704e-05
9.1916e-05
9.18617e-05
9.18075e-05
9.17534e-05
9.16993e-05
9.16453e-05
9.15914e-05
9.15376e-05
9.14839e-05
9.14302e-05
9.13766e-05
9.13231e-05
9.12697e-05
9.12163e-05
9.1163e-05
9.11098e-05
9.10567e-05
9.10037e-05
9.09507e-05
9.08978e-05
9.0845e-05
9.07922e-05
9.07396e-05
9.0687e-05
9.06344e-05
9.0582e-05
9.05296e-05
9.04773e-05
9.04251e-05
9.0373e-05
9.03209e-05
9.02689e-05
9.0217e-05
9.01652e-05
9.01134e-05
9.00617e-05
9.00101e-05
8.99585e-05
8.99071e-05
8.98557e-05
8.98043e-05
8.97531e-05
8.97019e-05
8.96508e-05
8.95998e-05
8.95488e-05
8.94979e-05
8.94471e-05
8.93964e-05
8.93457e-05
8.92951e-05
8.92446e-05
8.91941e-05
8.91437e-05
8.90934e-05
8.90432e-05
8.8993e-05
8.89429e-05
8.88929e-05
8.8843e-05
8.87931e-05
8.87433e-05
8.86935e-05
8.86439e-05
8.85943e-05
8.85447e-05
8.84953e-05
8.84459e-05
8.83966e-05
8.83473e-05
8.82982e-05
8.82491e-05
8.82e-05
8.81511e-05
8.81022e-05
8.80533e-05
8.80046e-05
8.79559e-05
8.79073e-05
8.78587e-05
8.78103e-05
8.77618e-05
8.77135e-05
8.76652e-05
8.7617e-05
8.75689e-05
8.75208e-05
8.74728e-05
8.74249e-05
8.7377e-05
8.73292e-05
8.72815e-05
8.72338e-05
8.71862e-05
8.71387e-05
8.70912e-05
8.70438e-05
8.69965e-05
8.69493e-05
8.69021e-05
8.68549e-05
8.68079e-05
8.67609e-05
8.6714e-05
8.66671e-05
8.66203e-05
8.65736e-05
8.65269e-05
8.64803e-05
8.64338e-05
8.63873e-05
8.63409e-05
8.62946e-05
8.62483e-05
8.62021e-05
8.6156e-05
8.61099e-05
8.60639e-05
8.60179e-05
8.59721e-05
8.59262e-05
8.58805e-05
8.58348e-05
8.57892e-05
8.57436e-05
8.56981e-05
8.56527e-05
8.56073e-05
8.5562e-05
8.55168e-05
8.54716e-05
8.54265e-05
8.53815e-05
8.53365e-05
8.52915e-05
8.52467e-05
8.52019e-05
8.51572e-05
8.51125e-05
8.50679e-05
8.50233e-05
8.49788e-05
8.49344e-05
8.48901e-05
8.48458e-05
8.48015e-05
8.47574e-05
8.47132e-05
8.46692e-05
8.46252e-05
8.45813e-05
8.45374e-05
8.44936e-05
8.44499e-05
8.44062e-05
8.43626e-05
8.4319e-05
8.42755e-05
8.42321e-05
8.41887e-05
8.41454e-05
8.41021e-05
8.40589e-05
8.40158e-05
8.39727e-05
8.39297e-05
8.38867e-05
8.38438e-05
8.3801e-05
8.37582e-05
8.37155e-05
8.36728e-05
8.36302e-05
8.35877e-05
8.35452e-05
8.35028e-05
8.34604e-05
8.34181e-05
8.33759e-05
8.33337e-05
8.32916e-05
8.32495e-05
8.32075e-05
8.31655e-05
8.31236e-05
8.30818e-05
8.304e-05
8.29983e-05
8.29566e-05
8.2915e-05
8.28735e-05
8.2832e-05
8.27906e-05
8.27492e-05
8.27079e-05
8.26666e-05
8.26254e-05
8.25843e-05
8.25432e-05
8.25022e-05
8.24612e-05
8.24203e-05
8.23794e-05
8.23386e-05
8.22978e-05
8.22572e-05
8.22165e-05
8.21759e-05
8.21354e-05
8.20949e-05
8.20545e-05
8.20142e-05
8.19739e-05
8.19336e-05
8.18934e-05
8.18533e-05
8.18132e-05
8.17732e-05
8.17332e-05
8.16933e-05
8.16535e-05
8.16137e-05
8.15739e-05
8.15342e-05
8.14946e-05
8.1455e-05
8.14155e-05
8.1376e-05
8.13366e-05
8.12972e-05
8.12579e-05
8.12186e-05
8.11794e-05
8.11403e-05
8.11012e-05
8.10622e-05
8.10232e-05
8.09842e-05
8.09453e-05
8.09065e-05
8.08677e-05
8.0829e-05
8.07904e-05
8.07517e-05
8.07132e-05
8.06747e-05
8.06362e-05
8.05978e-05
8.05595e-05
8.05212e-05
8.04829e-05
8.04447e-05
8.04066e-05
8.03685e-05
8.03304e-05
8.02925e-05
8.02545e-05
8.02166e-05
8.01788e-05
8.0141e-05
8.01033e-05
8.00656e-05
8.0028e-05
7.99904e-05
7.99529e-05
7.99155e-05
7.9878e-05
7.98407e-05
7.98034e-05
7.97661e-05
7.97289e-05
7.96917e-05
7.96546e-05
7.96176e-05
7.95805e-05
7.95436e-05
7.95067e-05
7.94698e-05
7.9433e-05
7.93962e-05
7.93595e-05
7.93229e-05
7.92863e-05
7.92497e-05
7.92132e-05
7.91767e-05
7.91403e-05
7.9104e-05
7.90677e-05
7.90314e-05
7.89952e-05
7.8959e-05
7.89229e-05
7.88869e-05
7.88508e-05
7.88149e-05
7.8779e-05
7.87431e-05
7.87073e-05
7.86715e-05
7.86358e-05
7.86001e-05
7.85645e-05
7.85289e-05
7.84934e-05
7.84579e-05
7.84225e-05
7.83871e-05
7.83518e-05
7.83165e-05
7.82812e-05
7.8246e-05
7.82109e-05
7.81758e-05
7.81407e-05
7.81057e-05
7.80708e-05
7.80359e-05
7.8001e-05
7.79662e-05
7.79314e-05
7.78967e-05
7.78621e-05
7.78274e-05
7.77929e-05
7.77583e-05
7.77238e-05
7.76894e-05
7.7655e-05
7.76207e-05
7.75864e-05
7.75521e-05
7.75179e-05
7.74838e-05
7.74496e-05
7.74156e-05
7.73816e-05
7.73476e-05
7.73137e-05
7.72798e-05
7.72459e-05
7.72121e-05
7.71784e-05
7.71447e-05
7.7111e-05
7.70774e-05
7.70439e-05
7.70104e-05
7.69769e-05
7.69435e-05
7.69101e-05
7.68767e-05
7.68434e-05
7.68102e-05
7.6777e-05
7.67438e-05
7.67107e-05
7.66776e-05
7.66446e-05
7.66116e-05
7.65787e-05
7.65458e-05
7.6513e-05
7.64802e-05
7.64474e-05
7.64147e-05
7.6382e-05
7.63494e-05
7.63168e-05
7.62843e-05
7.62518e-05
7.62193e-05
7.61869e-05
7.61545e-05
7.61222e-05
7.60899e-05
7.60577e-05
7.60255e-05
7.59934e-05
7.59612e-05
7.59292e-05
7.58972e-05
7.58652e-05
7.58333e-05
7.58014e-05
7.57695e-05
7.57377e-05
7.57059e-05
7.56742e-05
7.56425e-05
7.56109e-05
7.55793e-05
7.55478e-05
7.55163e-05
7.54848e-05
7.54534e-05
7.5422e-05
7.53906e-05
7.53593e-05
7.53281e-05
7.52969e-05
7.52657e-05
7.52346e-05
7.52035e-05
7.51724e-05
7.51414e-05
7.51104e-05
7.50795e-05
7.50486e-05
7.50178e-05
7.4987e-05
7.49562e-05
7.49255e-05
7.48948e-05
7.48642e-05
7.48336e-05
7.4803e-05
7.47725e-05
7.47421e-05
7.47116e-05
7.46812e-05
7.46509e-05
7.46206e-05
7.45903e-05
7.45601e-05
7.45299e-05
7.44997e-05
7.44696e-05
7.44395e-05
7.44095e-05
7.43795e-05
7.43496e-05
7.43197e-05
7.42898e-05
7.426e-05
7.42302e-05
7.42004e-05
7.41707e-05
7.4141e-05
7.41114e-05
7.40818e-05
7.40523e-05
7.40227e-05
7.39933e-05
7.39638e-05
7.39344e-05
7.39051e-05
7.38757e-05
7.38465e-05
7.38172e-05
7.3788e-05
7.37589e-05
7.37297e-05
7.37006e-05
7.36716e-05
7.36426e-05
7.36136e-05
7.35847e-05
7.35558e-05
7.35269e-05
7.34981e-05
7.34693e-05
7.34406e-05
7.34119e-05
7.33832e-05
7.33546e-05
7.3326e-05
7.32974e-05
7.32689e-05
7.32404e-05
7.3212e-05
7.31836e-05
7.31552e-05
7.31269e-05
7.30986e-05
7.30704e-05
7.30422e-05
7.3014e-05
7.29858e-05
7.29577e-05
7.29297e-05
7.29016e-05
7.28737e-05
7.28457e-05
7.28178e-05
7.27899e-05
7.27621e-05
7.27342e-05
7.27065e-05
7.26787e-05
7.2651e-05
7.26234e-05
7.25958e-05
7.25682e-05
7.25406e-05
7.25131e-05
7.24856e-05
7.24582e-05
7.24308e-05
7.24034e-05
7.23761e-05
7.23488e-05
7.23215e-05
7.22943e-05
7.22671e-05
7.22399e-05
7.22128e-05
7.21857e-05
7.21587e-05
7.21317e-05
7.21047e-05
7.20777e-05
7.20508e-05
7.2024e-05
7.19971e-05
7.19703e-05
7.19436e-05
7.19168e-05
7.18901e-05
7.18635e-05
7.18369e-05
7.18103e-05
7.17837e-05
7.17572e-05
7.17307e-05
7.17043e-05
7.16778e-05
7.16515e-05
7.16251e-05
7.15988e-05
7.15725e-05
7.15463e-05
7.15201e-05
7.14939e-05
7.14678e-05
7.14417e-05
7.14156e-05
7.13895e-05
7.13635e-05
7.13376e-05
7.13116e-05
7.12857e-05
7.12599e-05
7.1234e-05
7.12082e-05
7.11825e-05
7.11567e-05
7.1131e-05
7.11054e-05
7.10797e-05
7.10541e-05
7.10286e-05
7.10031e-05
7.09776e-05
7.09521e-05
7.09267e-05
7.09013e-05
7.08759e-05
7.08506e-05
7.08253e-05
7.08e-05
7.07748e-05
7.07496e-05
7.07244e-05
7.06993e-05
7.06742e-05
7.06491e-05
7.06241e-05
7.05991e-05
7.05741e-05
7.05492e-05
7.05243e-05
7.04994e-05
7.04745e-05
7.04497e-05
7.0425e-05
7.04002e-05
7.03755e-05
7.03508e-05
7.03262e-05
7.03016e-05
7.0277e-05
7.02524e-05
7.02279e-05
7.02034e-05
7.0179e-05
7.01546e-05
7.01302e-05
7.01058e-05
7.00815e-05
7.00572e-05
7.00329e-05
7.00087e-05
6.99845e-05
6.99603e-05
6.99362e-05
6.99121e-05
6.9888e-05
6.9864e-05
6.98399e-05
6.9816e-05
6.9792e-05
6.97681e-05
6.97442e-05
6.97203e-05
6.96965e-05
6.96727e-05
6.9649e-05
6.96252e-05
6.96015e-05
6.95779e-05
6.95542e-05
6.95306e-05
6.9507e-05
6.94835e-05
6.946e-05
6.94365e-05
6.9413e-05
6.93896e-05
6.93662e-05
6.93428e-05
6.93195e-05
6.92962e-05
6.92729e-05
6.92496e-05
6.92264e-05
6.92032e-05
6.91801e-05
6.9157e-05
6.91339e-05
6.91108e-05
6.90878e-05
6.90648e-05
6.90418e-05
6.90188e-05
6.89959e-05
6.8973e-05
6.89502e-05
6.89273e-05
6.89045e-05
6.88818e-05
6.8859e-05
6.88363e-05
6.88136e-05
6.8791e-05
6.87684e-05
6.87458e-05
6.87232e-05
6.87007e-05
6.86782e-05
6.86557e-05
6.86333e-05
6.86108e-05
6.85884e-05
6.85661e-05
6.85437e-05
6.85214e-05
6.84992e-05
6.84769e-05
6.84547e-05
6.84325e-05
6.84104e-05
6.83882e-05
6.83661e-05
6.8344e-05
6.8322e-05
6.83e-05
6.8278e-05
6.8256e-05
6.82341e-05
6.82122e-05
6.81903e-05
6.81685e-05
6.81467e-05
6.81249e-05
6.81031e-05
6.80814e-05
6.80597e-05
6.8038e-05
6.80163e-05
6.79947e-05
6.79731e-05
6.79515e-05
6.793e-05
6.79085e-05
6.7887e-05
6.78655e-05
6.78441e-05
6.78227e-05
6.78013e-05
6.778e-05
6.77587e-05
6.77374e-05
6.77161e-05
6.76949e-05
6.76737e-05
6.76525e-05
6.76313e-05
6.76102e-05
6.75891e-05
6.7568e-05
6.7547e-05
6.75259e-05
6.75049e-05
6.7484e-05
6.7463e-05
6.74421e-05
6.74212e-05
6.74004e-05
6.73795e-05
6.73587e-05
6.7338e-05
6.73172e-05
6.72965e-05
6.72758e-05
6.72551e-05
6.72345e-05
6.72138e-05
6.71932e-05
6.71727e-05
6.71521e-05
6.71316e-05
6.71111e-05
6.70907e-05
6.70702e-05
6.70498e-05
6.70294e-05
6.70091e-05
6.69887e-05
6.69684e-05
6.69482e-05
6.69279e-05
6.69077e-05
6.68875e-05
6.68673e-05
6.68471e-05
6.6827e-05
6.68069e-05
6.67868e-05
6.67668e-05
6.67468e-05
6.67268e-05
6.67068e-05
6.66869e-05
6.66669e-05
6.6647e-05
6.66272e-05
6.66073e-05
6.65875e-05
6.65677e-05
6.6548e-05
6.65282e-05
6.65085e-05
6.64888e-05
6.64691e-05
6.64495e-05
6.64299e-05
6.64103e-05
6.63907e-05
6.63712e-05
6.63517e-05
6.63322e-05
6.63127e-05
6.62932e-05
6.62738e-05
6.62544e-05
6.62351e-05
6.62157e-05
6.61964e-05
6.61771e-05
6.61578e-05
6.61386e-05
6.61194e-05
6.61002e-05
6.6081e-05
6.60619e-05
6.60427e-05
6.60236e-05
6.60046e-05
6.59855e-05
6.59665e-05
6.59475e-05
6.59285e-05
6.59095e-05
6.58906e-05
6.58717e-05
6.58528e-05
6.5834e-05
6.58151e-05
6.57963e-05
6.57775e-05
6.57588e-05
6.574e-05
6.57213e-05
6.57026e-05
6.5684e-05
6.56653e-05
6.56467e-05
6.56281e-05
6.56095e-05
6.5591e-05
6.55724e-05
6.55539e-05
6.55355e-05
6.5517e-05
6.54986e-05
6.54802e-05
6.54618e-05
6.54434e-05
6.54251e-05
6.54068e-05
6.53885e-05
6.53702e-05
6.5352e-05
6.53337e-05
6.53155e-05
6.52974e-05
6.52792e-05
6.52611e-05
6.5243e-05
6.52249e-05
6.52068e-05
6.51888e-05
6.51708e-05
6.51528e-05
6.51348e-05
6.51168e-05
6.50989e-05
6.5081e-05
6.50631e-05
6.50453e-05
6.50274e-05
6.50096e-05
6.49918e-05
6.49741e-05
6.49563e-05
6.49386e-05
6.49209e-05
6.49032e-05
6.48856e-05
6.48679e-05
6.48503e-05
6.48327e-05
6.48152e-05
6.47976e-05
6.47801e-05
6.47626e-05
6.47451e-05
6.47277e-05
6.47102e-05
6.46928e-05
6.46754e-05
6.46581e-05
6.46407e-05
6.46234e-05
6.46061e-05
6.45888e-05
6.45716e-05
6.45543e-05
6.45371e-05
6.45199e-05
6.45027e-05
6.44856e-05
6.44685e-05
6.44514e-05
6.44343e-05
6.44172e-05
6.44002e-05
6.43832e-05
6.43662e-05
6.43492e-05
6.43322e-05
6.43153e-05
6.42984e-05
6.42815e-05
6.42646e-05
6.42478e-05
6.42309e-05
6.42141e-05
6.41973e-05
6.41806e-05
6.41638e-05
6.41471e-05
6.41304e-05
6.41137e-05
6.40971e-05
6.40804e-05
6.40638e-05
6.40472e-05
6.40306e-05
6.40141e-05
6.39975e-05
6.3981e-05
6.39645e-05
6.3948e-05
6.39316e-05
6.39152e-05
6.38987e-05
6.38824e-05
6.3866e-05
6.38496e-05
6.38333e-05
6.3817e-05
6.38007e-05
6.37844e-05
6.37682e-05
6.3752e-05
6.37358e-05
6.37196e-05
6.37034e-05
6.36873e-05
6.36711e-05
6.3655e-05
6.3639e-05
6.36229e-05
6.36068e-05
6.35908e-05
6.35748e-05
6.35588e-05
6.35429e-05
6.35269e-05
6.3511e-05
6.34951e-05
6.34792e-05
6.34633e-05
6.34475e-05
6.34317e-05
6.34159e-05
6.34001e-05
6.33843e-05
6.33686e-05
6.33529e-05
6.33371e-05
6.33215e-05
6.33058e-05
6.32901e-05
6.32745e-05
6.32589e-05
6.32433e-05
6.32277e-05
6.32122e-05
6.31967e-05
6.31812e-05
6.31657e-05
6.31502e-05
6.31347e-05
6.31193e-05
6.31039e-05
6.30885e-05
6.30731e-05
6.30578e-05
6.30424e-05
6.30271e-05
6.30118e-05
6.29965e-05
6.29813e-05
6.2966e-05
6.29508e-05
6.29356e-05
6.29204e-05
6.29052e-05
6.28901e-05
6.2875e-05
6.28599e-05
6.28448e-05
6.28297e-05
6.28146e-05
6.27996e-05
6.27846e-05
6.27696e-05
6.27546e-05
6.27397e-05
6.27247e-05
6.27098e-05
6.26949e-05
6.268e-05
6.26651e-05
6.26503e-05
6.26355e-05
6.26207e-05
6.26059e-05
6.25911e-05
6.25763e-05
6.25616e-05
6.25469e-05
6.25322e-05
6.25175e-05
6.25028e-05
6.24882e-05
6.24736e-05
6.24589e-05
6.24444e-05
6.24298e-05
6.24152e-05
6.24007e-05
6.23862e-05
6.23717e-05
6.23572e-05
6.23427e-05
6.23283e-05
6.23138e-05
6.22994e-05
6.2285e-05
6.22707e-05
6.22563e-05
6.2242e-05
6.22277e-05
6.22133e-05
6.21991e-05
6.21848e-05
6.21705e-05
6.21563e-05
6.21421e-05
6.21279e-05
6.21137e-05
6.20996e-05
6.20854e-05
6.20713e-05
6.20572e-05
6.20431e-05
6.2029e-05
6.20149e-05
6.20009e-05
6.19869e-05
6.19729e-05
6.19589e-05
6.19449e-05
6.1931e-05
6.1917e-05
6.19031e-05
6.18892e-05
6.18753e-05
6.18615e-05
6.18476e-05
6.18338e-05
6.182e-05
6.18062e-05
6.17924e-05
6.17786e-05
6.17649e-05
6.17511e-05
6.17374e-05
6.17237e-05
6.17101e-05
6.16964e-05
6.16828e-05
6.16691e-05
6.16555e-05
6.16419e-05
6.16283e-05
6.16148e-05
6.16012e-05
6.15877e-05
6.15742e-05
6.15607e-05
6.15472e-05
6.15338e-05
6.15203e-05
6.15069e-05
6.14935e-05
6.14801e-05
6.14667e-05
6.14533e-05
6.144e-05
6.14267e-05
6.14134e-05
6.14001e-05
6.13868e-05
6.13735e-05
6.13603e-05
6.1347e-05
6.13338e-05
6.13206e-05
6.13075e-05
6.12943e-05
6.12811e-05
6.1268e-05
6.12549e-05
6.12418e-05
6.12287e-05
6.12156e-05
6.12026e-05
6.11896e-05
6.11765e-05
6.11635e-05
6.11505e-05
6.11376e-05
6.11246e-05
6.11117e-05
6.10988e-05
6.10859e-05
6.1073e-05
6.10601e-05
6.10472e-05
6.10344e-05
6.10216e-05
6.10087e-05
6.09959e-05
6.09832e-05
6.09704e-05
6.09577e-05
6.09449e-05
6.09322e-05
6.09195e-05
6.09068e-05
6.08941e-05
6.08815e-05
6.08688e-05
6.08562e-05
6.08436e-05
6.0831e-05
6.08184e-05
6.08059e-05
6.07933e-05
6.07808e-05
6.07683e-05
6.07558e-05
6.07433e-05
6.07308e-05
6.07184e-05
6.07059e-05
6.06935e-05
6.06811e-05
6.06687e-05
6.06563e-05
6.0644e-05
6.06316e-05
6.06193e-05
6.0607e-05
6.05947e-05
6.05824e-05
6.05701e-05
6.05579e-05
6.05456e-05
6.05334e-05
6.05212e-05
6.0509e-05
6.04968e-05
6.04846e-05
6.04725e-05
6.04603e-05
6.04482e-05
6.04361e-05
6.0424e-05
6.04119e-05
6.03999e-05
6.03878e-05
6.03758e-05
6.03638e-05
6.03518e-05
6.03398e-05
6.03278e-05
6.03158e-05
6.03039e-05
6.0292e-05
6.02801e-05
6.02682e-05
6.02563e-05
6.02444e-05
6.02325e-05
6.02207e-05
6.02089e-05
6.01971e-05
6.01853e-05
6.01735e-05
6.01617e-05
6.01499e-05
6.01382e-05
6.01265e-05
6.01148e-05
6.01031e-05
6.00914e-05
6.00797e-05
6.0068e-05
6.00564e-05
6.00448e-05
6.00332e-05
6.00216e-05
6.001e-05
5.99984e-05
5.99869e-05
5.99753e-05
5.99638e-05
5.99523e-05
5.99408e-05
5.99293e-05
5.99178e-05
5.99064e-05
5.98949e-05
5.98835e-05
5.98721e-05
5.98607e-05
5.98493e-05
5.98379e-05
5.98265e-05
5.98152e-05
5.98039e-05
5.97925e-05
5.97812e-05
5.97699e-05
5.97587e-05
5.97474e-05
5.97361e-05
5.97249e-05
5.97137e-05
5.97025e-05
5.96913e-05
5.96801e-05
5.96689e-05
5.96578e-05
5.96466e-05
5.96355e-05
5.96244e-05
5.96133e-05
5.96022e-05
5.95911e-05
5.95801e-05
5.9569e-05
5.9558e-05
5.9547e-05
5.9536e-05
5.9525e-05
5.9514e-05
5.9503e-05
5.94921e-05
5.94811e-05
5.94702e-05
5.94593e-05
5.94484e-05
5.94375e-05
5.94267e-05
5.94158e-05
5.94049e-05
5.93941e-05
5.93833e-05
5.93725e-05
5.93617e-05
5.93509e-05
5.93402e-05
5.93294e-05
5.93187e-05
5.93079e-05
5.92972e-05
5.92865e-05
5.92758e-05
5.92651e-05
5.92545e-05
5.92438e-05
5.92332e-05
5.92226e-05
5.9212e-05
5.92014e-05
5.91908e-05
5.91802e-05
5.91696e-05
5.91591e-05
5.91486e-05
5.9138e-05
5.91275e-05
5.9117e-05
5.91066e-05
5.90961e-05
5.90856e-05
5.90752e-05
5.90648e-05
5.90543e-05
5.90439e-05
5.90335e-05
5.90232e-05
5.90128e-05
5.90024e-05
5.89921e-05
5.89818e-05
5.89714e-05
5.89611e-05
5.89508e-05
5.89406e-05
5.89303e-05
5.892e-05
5.89098e-05
5.88996e-05
5.88893e-05
5.88791e-05
5.88689e-05
5.88588e-05
5.88486e-05
5.88384e-05
5.88283e-05
5.88181e-05
5.8808e-05
5.87979e-05
5.87878e-05
5.87777e-05
5.87677e-05
5.87576e-05
5.87476e-05
5.87375e-05
5.87275e-05
5.87175e-05
5.87075e-05
5.86975e-05
5.86875e-05
5.86776e-05
5.86676e-05
5.86577e-05
5.86478e-05
5.86378e-05
5.86279e-05
5.86181e-05
5.86082e-05
5.85983e-05
5.85885e-05
5.85786e-05
5.85688e-05
5.8559e-05
5.85492e-05
5.85394e-05
5.85296e-05
5.85198e-05
5.851e-05
5.85003e-05
5.84906e-05
5.84808e-05
5.84711e-05
5.84614e-05
5.84517e-05
5.84421e-05
5.84324e-05
5.84227e-05
5.84131e-05
5.84035e-05
5.83939e-05
5.83842e-05
5.83746e-05
5.83651e-05
5.83555e-05
5.83459e-05
5.83364e-05
5.83268e-05
5.83173e-05
5.83078e-05
5.82983e-05
5.82888e-05
5.82793e-05
5.82699e-05
5.82604e-05
5.8251e-05
5.82415e-05
5.82321e-05
5.82227e-05
5.82133e-05
5.82039e-05
5.81945e-05
5.81851e-05
5.81758e-05
5.81664e-05
5.81571e-05
5.81478e-05
5.81385e-05
5.81292e-05
5.81199e-05
5.81106e-05
5.81014e-05
5.80921e-05
5.80829e-05
5.80736e-05
5.80644e-05
5.80552e-05
5.8046e-05
5.80368e-05
5.80276e-05
5.80185e-05
5.80093e-05
5.80002e-05
5.7991e-05
5.79819e-05
5.79728e-05
5.79637e-05
5.79546e-05
5.79455e-05
5.79365e-05
5.79274e-05
5.79184e-05
5.79093e-05
5.79003e-05
5.78913e-05
5.78823e-05
5.78733e-05
5.78643e-05
5.78554e-05
5.78464e-05
5.78374e-05
5.78285e-05
5.78196e-05
5.78107e-05
5.78018e-05
5.77929e-05
5.7784e-05
5.77751e-05
5.77662e-05
5.77574e-05
5.77486e-05
5.77397e-05
5.77309e-05
5.77221e-05
5.77133e-05
5.77045e-05
5.76957e-05
5.7687e-05
5.76782e-05
5.76695e-05
5.76607e-05
5.7652e-05
5.76433e-05
5.76346e-05
5.76259e-05
5.76172e-05
5.76085e-05
5.75999e-05
5.75912e-05
5.75826e-05
5.75739e-05
5.75653e-05
5.75567e-05
5.75481e-05
5.75395e-05
5.75309e-05
5.75224e-05
5.75138e-05
5.75053e-05
5.74967e-05
5.74882e-05
5.74797e-05
5.74712e-05
5.74627e-05
5.74542e-05
5.74457e-05
5.74372e-05
5.74288e-05
5.74203e-05
5.74119e-05
5.74035e-05
5.73951e-05
5.73867e-05
5.73783e-05
5.73699e-05
5.73615e-05
5.73531e-05
5.73448e-05
5.73364e-05
5.73281e-05
5.73198e-05
5.73114e-05
5.73031e-05
5.72948e-05
5.72866e-05
5.72783e-05
5.727e-05
5.72618e-05
5.72535e-05
5.72453e-05
5.7237e-05
5.72288e-05
5.72206e-05
5.72124e-05
5.72042e-05
5.7196e-05
5.71879e-05
5.71797e-05
5.71716e-05
5.71634e-05
5.71553e-05
5.71472e-05
5.71391e-05
5.7131e-05
5.71229e-05
5.71148e-05
5.71067e-05
5.70987e-05
5.70906e-05
5.70826e-05
5.70745e-05
5.70665e-05
5.70585e-05
5.70505e-05
5.70425e-05
5.70345e-05
5.70265e-05
5.70186e-05
5.70106e-05
5.70027e-05
5.69947e-05
5.69868e-05
5.69789e-05
5.6971e-05
5.69631e-05
5.69552e-05
5.69473e-05
5.69394e-05
5.69316e-05
5.69237e-05
5.69159e-05
5.6908e-05
5.69002e-05
5.68924e-05
5.68846e-05
5.68768e-05
5.6869e-05
5.68612e-05
5.68535e-05
5.68457e-05
5.68379e-05
5.68302e-05
5.68225e-05
5.68147e-05
5.6807e-05
5.67993e-05
5.67916e-05
5.67839e-05
5.67763e-05
5.67686e-05
5.67609e-05
5.67533e-05
5.67456e-05
5.6738e-05
5.67304e-05
5.67228e-05
5.67152e-05
5.67076e-05
5.67e-05
5.66924e-05
5.66848e-05
5.66773e-05
5.66697e-05
5.66622e-05
5.66547e-05
5.66471e-05
5.66396e-05
5.66321e-05
5.66246e-05
5.66171e-05
5.66097e-05
5.66022e-05
5.65947e-05
5.65873e-05
5.65798e-05
5.65724e-05
5.6565e-05
5.65575e-05
5.65501e-05
5.65427e-05
5.65354e-05
5.6528e-05
5.65206e-05
5.65132e-05
5.65059e-05
5.64985e-05
5.64912e-05
5.64839e-05
5.64765e-05
5.64692e-05
5.64619e-05
5.64546e-05
5.64473e-05
5.64401e-05
5.64328e-05
5.64255e-05
5.64183e-05
5.6411e-05
5.64038e-05
5.63966e-05
5.63894e-05
5.63822e-05
5.6375e-05
5.63678e-05
5.63606e-05
5.63534e-05
5.63462e-05
5.63391e-05
5.63319e-05
5.63248e-05
5.63177e-05
5.63105e-05
5.63034e-05
5.62963e-05
5.62892e-05
5.62821e-05
5.6275e-05
5.6268e-05
5.62609e-05
5.62538e-05
5.62468e-05
5.62398e-05
5.62327e-05
5.62257e-05
5.62187e-05
5.62117e-05
5.62047e-05
5.61977e-05
5.61907e-05
5.61837e-05
5.61768e-05
5.61698e-05
5.61629e-05
5.61559e-05
5.6149e-05
5.61421e-05
5.61352e-05
5.61282e-05
5.61213e-05
5.61145e-05
5.61076e-05
5.61007e-05
5.60938e-05
5.6087e-05
5.60801e-05
5.60733e-05
5.60664e-05
5.60596e-05
5.60528e-05
5.6046e-05
5.60392e-05
5.60324e-05
5.60256e-05
5.60188e-05
5.60121e-05
5.60053e-05
5.59985e-05
5.59918e-05
5.59851e-05
5.59783e-05
5.59716e-05
5.59649e-05
5.59582e-05
5.59515e-05
5.59448e-05
5.59381e-05
5.59314e-05
5.59248e-05
5.59181e-05
5.59115e-05
5.59048e-05
5.58982e-05
5.58915e-05
5.58849e-05
5.58783e-05
5.58717e-05
5.58651e-05
5.58585e-05
5.58519e-05
5.58454e-05
5.58388e-05
5.58322e-05
5.58257e-05
5.58192e-05
5.58126e-05
5.58061e-05
5.57996e-05
5.57931e-05
5.57866e-05
5.57801e-05
5.57736e-05
5.57671e-05
5.57606e-05
5.57542e-05
5.57477e-05
5.57412e-05
5.57348e-05
5.57284e-05
5.57219e-05
5.57155e-05
5.57091e-05
5.57027e-05
5.56963e-05
5.56899e-05
5.56835e-05
5.56772e-05
5.56708e-05
5.56644e-05
5.56581e-05
5.56517e-05
5.56454e-05
5.56391e-05
5.56327e-05
5.56264e-05
5.56201e-05
5.56138e-05
5.56075e-05
5.56012e-05
5.5595e-05
5.55887e-05
5.55824e-05
5.55762e-05
5.55699e-05
5.55637e-05
5.55574e-05
5.55512e-05
5.5545e-05
5.55388e-05
5.55326e-05
5.55264e-05
5.55202e-05
5.5514e-05
5.55078e-05
5.55017e-05
5.54955e-05
5.54893e-05
5.54832e-05
5.54771e-05
5.54709e-05
5.54648e-05
5.54587e-05
5.54526e-05
5.54465e-05
5.54404e-05
5.54343e-05
5.54282e-05
5.54221e-05
5.54161e-05
5.541e-05
5.54039e-05
5.53979e-05
5.53919e-05
5.53858e-05
5.53798e-05
5.53738e-05
5.53678e-05
5.53618e-05
5.53558e-05
5.53498e-05
5.53438e-05
5.53378e-05
5.53318e-05
5.53259e-05
5.53199e-05
5.5314e-05
5.5308e-05
5.53021e-05
5.52962e-05
5.52903e-05
5.52843e-05
5.52784e-05
5.52725e-05
5.52666e-05
5.52608e-05
5.52549e-05
5.5249e-05
5.52431e-05
5.52373e-05
5.52314e-05
5.52256e-05
5.52198e-05
5.52139e-05
5.52081e-05
5.52023e-05
5.51965e-05
5.51907e-05
5.51849e-05
5.51791e-05
5.51733e-05
5.51675e-05
5.51618e-05
5.5156e-05
5.51502e-05
5.51445e-05
5.51387e-05
5.5133e-05
5.51273e-05
5.51216e-05
5.51158e-05
5.51101e-05
5.51044e-05
5.50987e-05
5.5093e-05
5.50874e-05
5.50817e-05
5.5076e-05
5.50703e-05
5.50647e-05
5.5059e-05
5.50534e-05
5.50478e-05
5.50421e-05
5.50365e-05
5.50309e-05
5.50253e-05
5.50197e-05
5.50141e-05
5.50085e-05
5.50029e-05
5.49973e-05
5.49918e-05
5.49862e-05
5.49806e-05
5.49751e-05
5.49695e-05
5.4964e-05
5.49585e-05
5.49529e-05
5.49474e-05
5.49419e-05
5.49364e-05
5.49309e-05
5.49254e-05
5.49199e-05
5.49145e-05
5.4909e-05
5.49035e-05
5.4898e-05
5.48926e-05
5.48871e-05
5.48817e-05
5.48763e-05
5.48708e-05
5.48654e-05
5.486e-05
5.48546e-05
5.48492e-05
5.48438e-05
5.48384e-05
5.4833e-05
5.48276e-05
5.48223e-05
5.48169e-05
5.48115e-05
5.48062e-05
5.48008e-05
5.47955e-05
5.47901e-05
5.47848e-05
5.47795e-05
5.47742e-05
5.47689e-05
5.47636e-05
5.47583e-05
5.4753e-05
5.47477e-05
5.47424e-05
5.47371e-05
5.47319e-05
5.47266e-05
5.47214e-05
5.47161e-05
5.47109e-05
5.47056e-05
5.47004e-05
5.46952e-05
5.46899e-05
5.46847e-05
5.46795e-05
5.46743e-05
5.46691e-05
5.46639e-05
5.46588e-05
5.46536e-05
5.46484e-05
5.46433e-05
5.46381e-05
5.46329e-05
5.46278e-05
5.46227e-05
5.46175e-05
5.46124e-05
5.46073e-05
5.46022e-05
5.4597e-05
5.45919e-05
5.45868e-05
5.45817e-05
5.45767e-05
5.45716e-05
5.45665e-05
5.45614e-05
5.45564e-05
5.45513e-05
5.45463e-05
5.45412e-05
5.45362e-05
5.45311e-05
5.45261e-05
5.45211e-05
5.45161e-05
5.45111e-05
5.45061e-05
5.45011e-05
5.44961e-05
5.44911e-05
5.44861e-05
5.44811e-05
5.44762e-05
5.44712e-05
5.44662e-05
5.44613e-05
5.44563e-05
5.44514e-05
5.44465e-05
5.44415e-05
5.44366e-05
5.44317e-05
5.44268e-05
5.44219e-05
5.4417e-05
5.44121e-05
5.44072e-05
5.44023e-05
5.43974e-05
5.43925e-05
5.43877e-05
5.43828e-05
5.4378e-05
5.43731e-05
5.43683e-05
5.43634e-05
5.43586e-05
5.43538e-05
5.43489e-05
5.43441e-05
5.43393e-05
5.43345e-05
5.43297e-05
5.43249e-05
5.43201e-05
5.43153e-05
5.43106e-05
5.43058e-05
5.4301e-05
5.42963e-05
5.42915e-05
5.42868e-05
5.4282e-05
5.42773e-05
5.42725e-05
5.42678e-05
5.42631e-05
5.42584e-05
5.42537e-05
5.4249e-05
5.42442e-05
5.42396e-05
5.42349e-05
5.42302e-05
5.42255e-05
5.42208e-05
5.42162e-05
5.42115e-05
5.42068e-05
5.42022e-05
5.41975e-05
5.41929e-05
5.41883e-05
5.41836e-05
5.4179e-05
5.41744e-05
5.41698e-05
5.41652e-05
5.41606e-05
5.4156e-05
5.41514e-05
5.41468e-05
5.41422e-05
5.41376e-05
5.4133e-05
5.41285e-05
5.41239e-05
5.41194e-05
5.41148e-05
5.41103e-05
5.41057e-05
5.41012e-05
5.40967e-05
5.40921e-05
5.40876e-05
5.40831e-05
5.40786e-05
5.40741e-05
5.40696e-05
5.40651e-05
5.40606e-05
5.40561e-05
5.40516e-05
5.40472e-05
5.40427e-05
5.40382e-05
5.40338e-05
5.40293e-05
5.40249e-05
5.40204e-05
5.4016e-05
5.40116e-05
5.40071e-05
5.40027e-05
5.39983e-05
5.39939e-05
5.39895e-05
5.39851e-05
5.39807e-05
5.39763e-05
5.39719e-05
5.39675e-05
5.39631e-05
5.39588e-05
5.39544e-05
5.395e-05
5.39457e-05
5.39413e-05
5.3937e-05
5.39327e-05
5.39283e-05
5.3924e-05
5.39197e-05
5.39153e-05
5.3911e-05
5.39067e-05
5.39024e-05
5.38981e-05
5.38938e-05
5.38895e-05
5.38852e-05
5.38809e-05
5.38767e-05
5.38724e-05
5.38681e-05
5.38639e-05
5.38596e-05
5.38554e-05
5.38511e-05
5.38469e-05
5.38426e-05
5.38384e-05
5.38342e-05
5.383e-05
5.38257e-05
5.38215e-05
5.38173e-05
5.38131e-05
5.38089e-05
5.38047e-05
5.38005e-05
5.37963e-05
5.37922e-05
5.3788e-05
5.37838e-05
5.37797e-05
5.37755e-05
5.37713e-05
5.37672e-05
5.3763e-05
5.37589e-05
5.37548e-05
5.37506e-05
5.37465e-05
5.37424e-05
5.37383e-05
5.37342e-05
5.37301e-05
5.37259e-05
5.37219e-05
5.37178e-05
5.37137e-05
5.37096e-05
5.37055e-05
5.37014e-05
5.36974e-05
5.36933e-05
5.36892e-05
5.36852e-05
5.36811e-05
5.36771e-05
5.3673e-05
5.3669e-05
5.3665e-05
5.36609e-05
5.36569e-05
5.36529e-05
5.36489e-05
5.36449e-05
5.36409e-05
5.36369e-05
5.36329e-05
5.36289e-05
5.36249e-05
5.36209e-05
5.36169e-05
5.3613e-05
5.3609e-05
5.3605e-05
5.36011e-05
5.35971e-05
5.35932e-05
5.35892e-05
5.35853e-05
5.35813e-05
5.35774e-05
5.35735e-05
5.35695e-05
5.35656e-05
5.35617e-05
5.35578e-05
5.35539e-05
5.355e-05
5.35461e-05
5.35422e-05
5.35383e-05
5.35344e-05
5.35306e-05
5.35267e-05
5.35228e-05
5.35189e-05
5.35151e-05
5.35112e-05
5.35074e-05
5.35035e-05
5.34997e-05
5.34958e-05
5.3492e-05
5.34882e-05
5.34844e-05
5.34805e-05
5.34767e-05
5.34729e-05
5.34691e-05
5.34653e-05
5.34615e-05
5.34577e-05
5.34539e-05
5.34501e-05
5.34463e-05
5.34426e-05
5.34388e-05
5.3435e-05
5.34313e-05
5.34275e-05
5.34237e-05
5.342e-05
5.34162e-05
5.34125e-05
5.34088e-05
5.3405e-05
5.34013e-05
5.33976e-05
5.33938e-05
5.33901e-05
5.33864e-05
5.33827e-05
5.3379e-05
5.33753e-05
5.33716e-05
5.33679e-05
5.33642e-05
5.33605e-05
5.33568e-05
5.33532e-05
5.33495e-05
5.33458e-05
5.33422e-05
5.33385e-05
5.33349e-05
5.33312e-05
5.33276e-05
5.33239e-05
5.33203e-05
5.33166e-05
5.3313e-05
5.33094e-05
5.33058e-05
5.33021e-05
5.32985e-05
5.32949e-05
5.32913e-05
5.32877e-05
5.32841e-05
5.32805e-05
5.32769e-05
5.32734e-05
5.32698e-05
5.32662e-05
5.32626e-05
5.32591e-05
5.32555e-05
5.32519e-05
5.32484e-05
5.32448e-05
5.32413e-05
5.32377e-05
5.32342e-05
5.32307e-05
5.32271e-05
5.32236e-05
5.32201e-05
5.32166e-05
5.3213e-05
5.32095e-05
5.3206e-05
5.32025e-05
5.3199e-05
5.31955e-05
5.3192e-05
5.31885e-05
5.31851e-05
5.31816e-05
5.31781e-05
5.31746e-05
5.31712e-05
5.31677e-05
5.31642e-05
5.31608e-05
5.31573e-05
5.31539e-05
5.31504e-05
5.3147e-05
5.31436e-05
5.31401e-05
5.31367e-05
5.31333e-05
5.31299e-05
5.31264e-05
5.3123e-05
5.31196e-05
5.31162e-05
5.31128e-05
5.31094e-05
5.3106e-05
5.31026e-05
5.30992e-05
5.30959e-05
5.30925e-05
5.30891e-05
5.30857e-05
5.30824e-05
5.3079e-05
5.30756e-05
5.30723e-05
5.30689e-05
5.30656e-05
5.30622e-05
5.30589e-05
5.30556e-05
5.30522e-05
5.30489e-05
5.30456e-05
5.30423e-05
5.30389e-05
5.30356e-05
5.30323e-05
5.3029e-05
5.30257e-05
5.30224e-05
5.30191e-05
5.30158e-05
5.30125e-05
5.30092e-05
5.3006e-05
5.30027e-05
5.29994e-05
5.29961e-05
5.29929e-05
5.29896e-05
5.29864e-05
5.29831e-05
5.29799e-05
5.29766e-05
5.29734e-05
5.29701e-05
5.29669e-05
5.29637e-05
5.29604e-05
5.29572e-05
5.2954e-05
5.29508e-05
5.29476e-05
5.29443e-05
5.29411e-05
5.29379e-05
5.29347e-05
5.29315e-05
5.29284e-05
5.29252e-05
5.2922e-05
5.29188e-05
5.29156e-05
5.29124e-05
5.29093e-05
5.29061e-05
5.29029e-05
5.28998e-05
5.28966e-05
5.28935e-05
5.28903e-05
5.28872e-05
5.2884e-05
5.28809e-05
5.28778e-05
5.28746e-05
5.28715e-05
5.28684e-05
5.28653e-05
5.28621e-05
5.2859e-05
5.28559e-05
5.28528e-05
5.28497e-05
5.28466e-05
5.28435e-05
5.28404e-05
5.28373e-05
5.28343e-05
5.28312e-05
5.28281e-05
5.2825e-05
5.28219e-05
5.28189e-05
5.28158e-05
5.28128e-05
5.28097e-05
5.28066e-05
5.28036e-05
5.28005e-05
5.27975e-05
5.27945e-05
5.27914e-05
5.27884e-05
5.27854e-05
5.27823e-05
5.27793e-05
5.27763e-05
5.27733e-05
5.27703e-05
5.27673e-05
5.27642e-05
5.27612e-05
5.27582e-05
5.27552e-05
5.27523e-05
5.27493e-05
5.27463e-05
5.27433e-05
5.27403e-05
5.27373e-05
5.27344e-05
5.27314e-05
5.27284e-05
5.27255e-05
5.27225e-05
5.27196e-05
5.27166e-05
5.27137e-05
5.27107e-05
5.27078e-05
5.27048e-05
5.27019e-05
5.2699e-05
5.2696e-05
5.26931e-05
5.26902e-05
5.26873e-05
5.26844e-05
5.26814e-05
5.26785e-05
5.26756e-05
5.26727e-05
5.26698e-05
5.26669e-05
5.2664e-05
5.26611e-05
5.26583e-05
5.26554e-05
5.26525e-05
5.26496e-05
5.26467e-05
5.26439e-05
5.2641e-05
5.26381e-05
5.26353e-05
5.26324e-05
5.26296e-05
5.26267e-05
5.26239e-05
5.2621e-05
5.26182e-05
5.26154e-05
5.26125e-05
5.26097e-05
5.26069e-05
5.2604e-05
5.26012e-05
5.25984e-05
5.25956e-05
5.25928e-05
5.259e-05
5.25871e-05
5.25843e-05
5.25815e-05
5.25788e-05
5.2576e-05
5.25732e-05
5.25704e-05
5.25676e-05
5.25648e-05
5.2562e-05
5.25593e-05
5.25565e-05
5.25537e-05
5.2551e-05
5.25482e-05
5.25454e-05
5.25427e-05
5.25399e-05
5.25372e-05
5.25344e-05
5.25317e-05
5.25289e-05
5.25262e-05
5.25235e-05
5.25207e-05
5.2518e-05
5.25153e-05
5.25126e-05
5.25098e-05
5.25071e-05
5.25044e-05
5.25017e-05
5.2499e-05
5.24963e-05
5.24936e-05
5.24909e-05
5.24882e-05
5.24855e-05
5.24828e-05
5.24801e-05
5.24775e-05
5.24748e-05
5.24721e-05
5.24694e-05
5.24668e-05
5.24641e-05
5.24614e-05
5.24588e-05
5.24561e-05
5.24535e-05
5.24508e-05
5.24481e-05
5.24455e-05
5.24429e-05
5.24402e-05
5.24376e-05
5.24349e-05
5.24323e-05
5.24297e-05
5.24271e-05
5.24244e-05
5.24218e-05
5.24192e-05
5.24166e-05
5.2414e-05
5.24114e-05
5.24088e-05
5.24062e-05
5.24036e-05
5.2401e-05
5.23984e-05
5.23958e-05
5.23932e-05
5.23906e-05
5.2388e-05
5.23854e-05
5.23829e-05
5.23803e-05
5.23777e-05
5.23752e-05
5.23726e-05
5.237e-05
5.23675e-05
5.23649e-05
5.23624e-05
5.23598e-05
5.23573e-05
5.23547e-05
5.23522e-05
5.23496e-05
5.23471e-05
5.23446e-05
5.2342e-05
5.23395e-05
5.2337e-05
5.23345e-05
5.23319e-05
5.23294e-05
5.23269e-05
5.23244e-05
5.23219e-05
5.23194e-05
5.23169e-05
5.23144e-05
5.23119e-05
5.23094e-05
5.23069e-05
5.23044e-05
5.23019e-05
5.22995e-05
5.2297e-05
5.22945e-05
5.2292e-05
5.22896e-05
5.22871e-05
5.22846e-05
5.22822e-05
5.22797e-05
5.22772e-05
5.22748e-05
5.22723e-05
5.22699e-05
5.22674e-05
5.2265e-05
5.22625e-05
5.22601e-05
5.22577e-05
5.22552e-05
5.22528e-05
5.22504e-05
5.2248e-05
5.22455e-05
5.22431e-05
5.22407e-05
5.22383e-05
5.22359e-05
5.22335e-05
5.22311e-05
5.22287e-05
5.22263e-05
5.22239e-05
5.22215e-05
5.22191e-05
5.22167e-05
5.22143e-05
5.22119e-05
5.22095e-05
5.22071e-05
5.22048e-05
5.22024e-05
5.22e-05
5.21977e-05
5.21953e-05
5.21929e-05
5.21906e-05
5.21882e-05
5.21858e-05
5.21835e-05
5.21811e-05
5.21788e-05
5.21765e-05
5.21741e-05
5.21718e-05
5.21694e-05
5.21671e-05
5.21648e-05
5.21624e-05
5.21601e-05
5.21578e-05
5.21555e-05
5.21531e-05
5.21508e-05
5.21485e-05
5.21462e-05
5.21439e-05
5.21416e-05
5.21393e-05
5.2137e-05
5.21347e-05
5.21324e-05
5.21301e-05
5.21278e-05
5.21255e-05
5.21232e-05
5.2121e-05
5.21187e-05
5.21164e-05
5.21141e-05
5.21118e-05
5.21096e-05
5.21073e-05
5.2105e-05
5.21028e-05
5.21005e-05
5.20983e-05
5.2096e-05
5.20938e-05
5.20915e-05
5.20893e-05
5.2087e-05
5.20848e-05
5.20825e-05
5.20803e-05
5.20781e-05
5.20758e-05
5.20736e-05
5.20714e-05
5.20691e-05
5.20669e-05
5.20647e-05
5.20625e-05
5.20603e-05
5.20581e-05
5.20558e-05
5.20536e-05
5.20514e-05
5.20492e-05
5.2047e-05
5.20448e-05
5.20426e-05
5.20404e-05
5.20382e-05
5.20361e-05
5.20339e-05
5.20317e-05
5.20295e-05
5.20273e-05
5.20252e-05
5.2023e-05
5.20208e-05
5.20186e-05
5.20165e-05
5.20143e-05
5.20121e-05
5.201e-05
5.20078e-05
5.20057e-05
5.20035e-05
5.20014e-05
5.19992e-05
5.19971e-05
5.19949e-05
5.19928e-05
5.19907e-05
5.19885e-05
5.19864e-05
5.19843e-05
5.19821e-05
5.198e-05
5.19779e-05
5.19758e-05
5.19736e-05
5.19715e-05
5.19694e-05
5.19673e-05
5.19652e-05
5.19631e-05
5.1961e-05
5.19589e-05
5.19568e-05
5.19547e-05
5.19526e-05
5.19505e-05
5.19484e-05
5.19463e-05
5.19442e-05
5.19421e-05
5.19401e-05
5.1938e-05
5.19359e-05
5.19338e-05
5.19318e-05
5.19297e-05
5.19276e-05
5.19256e-05
5.19235e-05
5.19214e-05
5.19194e-05
5.19173e-05
5.19153e-05
5.19132e-05
5.19112e-05
5.19091e-05
5.19071e-05
5.1905e-05
5.1903e-05
5.1901e-05
5.18989e-05
5.18969e-05
5.18949e-05
5.18928e-05
5.18908e-05
5.18888e-05
5.18868e-05
5.18847e-05
5.18827e-05
5.18807e-05
5.18787e-05
5.18767e-05
5.18747e-05
5.18727e-05
5.18707e-05
5.18687e-05
5.18667e-05
5.18647e-05
5.18627e-05
5.18607e-05
5.18587e-05
5.18567e-05
5.18547e-05
5.18527e-05
5.18507e-05
5.18488e-05
5.18468e-05
5.18448e-05
5.18428e-05
5.18409e-05
5.18389e-05
5.18369e-05
5.1835e-05
5.1833e-05
5.1831e-05
5.18291e-05
5.18271e-05
5.18252e-05
5.18232e-05
5.18213e-05
5.18193e-05
5.18174e-05
5.18154e-05
5.18135e-05
5.18115e-05
5.18096e-05
5.18077e-05
5.18057e-05
5.18038e-05
5.18019e-05
5.18e-05
5.1798e-05
5.17961e-05
5.17942e-05
5.17923e-05
5.17904e-05
5.17884e-05
5.17865e-05
5.17846e-05
5.17827e-05
5.17808e-05
5.17789e-05
5.1777e-05
5.17751e-05
5.17732e-05
5.17713e-05
5.17694e-05
5.17675e-05
5.17657e-05
5.17638e-05
5.17619e-05
5.176e-05
5.17581e-05
5.17562e-05
5.17544e-05
5.17525e-05
5.17506e-05
5.17488e-05
5.17469e-05
5.1745e-05
5.17432e-05
5.17413e-05
5.17394e-05
5.17376e-05
5.17357e-05
5.17339e-05
5.1732e-05
5.17302e-05
5.17283e-05
5.17265e-05
5.17246e-05
5.17228e-05
5.1721e-05
5.17191e-05
5.17173e-05
5.17155e-05
5.17136e-05
5.17118e-05
5.171e-05
5.17082e-05
5.17063e-05
5.17045e-05
5.17027e-05
5.17009e-05
5.16991e-05
5.16972e-05
5.16954e-05
5.16936e-05
5.16918e-05
5.169e-05
5.16882e-05
5.16864e-05
5.16846e-05
5.16828e-05
5.1681e-05
5.16792e-05
5.16774e-05
5.16757e-05
5.16739e-05
5.16721e-05
5.16703e-05
5.16685e-05
5.16667e-05
5.1665e-05
5.16632e-05
5.16614e-05
5.16596e-05
5.16579e-05
5.16561e-05
5.16543e-05
5.16526e-05
5.16508e-05
5.16491e-05
5.16473e-05
5.16456e-05
5.16438e-05
5.1642e-05
5.16403e-05
5.16385e-05
5.16368e-05
5.16351e-05
5.16333e-05
5.16316e-05
5.16298e-05
5.16281e-05
5.16264e-05
5.16246e-05
5.16229e-05
5.16212e-05
5.16195e-05
5.16177e-05
5.1616e-05
5.16143e-05
5.16126e-05
5.16109e-05
5.16091e-05
5.16074e-05
5.16057e-05
5.1604e-05
5.16023e-05
5.16006e-05
5.15989e-05
5.15972e-05
5.15955e-05
5.15938e-05
5.15921e-05
5.15904e-05
5.15887e-05
5.1587e-05
5.15853e-05
5.15836e-05
5.15819e-05
5.15803e-05
5.15786e-05
5.15769e-05
5.15752e-05
5.15736e-05
5.15719e-05
5.15702e-05
5.15685e-05
5.15669e-05
5.15652e-05
5.15635e-05
5.15619e-05
5.15602e-05
5.15586e-05
5.15569e-05
5.15552e-05
5.15536e-05
5.15519e-05
5.15503e-05
5.15486e-05
5.1547e-05
5.15453e-05
5.15437e-05
5.15421e-05
5.15404e-05
5.15388e-05
5.15371e-05
5.15355e-05
5.15339e-05
5.15322e-05
5.15306e-05
5.1529e-05
5.15274e-05
5.15257e-05
5.15241e-05
5.15225e-05
5.15209e-05
5.15193e-05
5.15177e-05
5.1516e-05
5.15144e-05
5.15128e-05
5.15112e-05
5.15096e-05
5.1508e-05
5.15064e-05
5.15048e-05
5.15032e-05
5.15016e-05
5.15e-05
5.14984e-05
5.14968e-05
5.14952e-05
5.14937e-05
5.14921e-05
5.14905e-05
5.14889e-05
5.14873e-05
5.14857e-05
5.14842e-05
5.14826e-05
5.1481e-05
5.14794e-05
5.14779e-05
5.14763e-05
5.14747e-05
5.14732e-05
5.14716e-05
5.147e-05
5.14685e-05
5.14669e-05
5.14654e-05
5.14638e-05
5.14623e-05
5.14607e-05
5.14592e-05
5.14576e-05
5.14561e-05
5.14545e-05
5.1453e-05
5.14514e-05
5.14499e-05
5.14483e-05
5.14468e-05
5.14453e-05
5.14437e-05
5.14422e-05
5.14407e-05
5.14392e-05
5.14376e-05
5.14361e-05
5.14346e-05
5.14331e-05
5.14315e-05
5.143e-05
5.14285e-05
5.1427e-05
5.14255e-05
5.1424e-05
5.14225e-05
5.14209e-05
5.14194e-05
5.14179e-05
5.14164e-05
5.14149e-05
5.14134e-05
5.14119e-05
5.14104e-05
5.14089e-05
5.14074e-05
5.1406e-05
5.14045e-05
5.1403e-05
5.14015e-05
5.14e-05
5.13985e-05
5.1397e-05
5.13956e-05
5.13941e-05
5.13926e-05
5.13911e-05
5.13897e-05
5.13882e-05
5.13867e-05
5.13852e-05
5.13838e-05
5.13823e-05
5.13808e-05
5.13794e-05
5.13779e-05
5.13765e-05
5.1375e-05
5.13735e-05
5.13721e-05
5.13706e-05
5.13692e-05
5.13677e-05
5.13663e-05
5.13648e-05
5.13634e-05
5.1362e-05
5.13605e-05
5.13591e-05
5.13576e-05
5.13562e-05
5.13548e-05
5.13533e-05
5.13519e-05
5.13505e-05
5.1349e-05
5.13476e-05
5.13462e-05
5.13448e-05
5.13433e-05
5.13419e-05
5.13405e-05
5.13391e-05
5.13377e-05
5.13362e-05
5.13348e-05
5.13334e-05
5.1332e-05
5.13306e-05
5.13292e-05
5.13278e-05
5.13264e-05
5.1325e-05
5.13236e-05
5.13222e-05
5.13208e-05
5.13194e-05
5.1318e-05
5.13166e-05
5.13152e-05
5.13138e-05
5.13124e-05
5.1311e-05
5.13096e-05
5.13082e-05
5.13069e-05
5.13055e-05
5.13041e-05
5.13027e-05
5.13013e-05
5.13e-05
5.12986e-05
5.12972e-05
5.12959e-05
5.12945e-05
5.12931e-05
5.12917e-05
5.12904e-05
5.1289e-05
5.12877e-05
5.12863e-05
5.12849e-05
5.12836e-05
5.12822e-05
5.12809e-05
5.12795e-05
5.12782e-05
5.12768e-05
5.12755e-05
5.12741e-05
5.12728e-05
5.12714e-05
5.12701e-05
5.12687e-05
5.12674e-05
5.12661e-05
5.12647e-05
5.12634e-05
5.1262e-05
5.12607e-05
5.12594e-05
5.12581e-05
5.12567e-05
5.12554e-05
5.12541e-05
5.12527e-05
5.12514e-05
5.12501e-05
5.12488e-05
5.12475e-05
5.12461e-05
5.12448e-05
5.12435e-05
5.12422e-05
5.12409e-05
5.12396e-05
5.12383e-05
5.1237e-05
5.12357e-05
5.12344e-05
5.12331e-05
5.12318e-05
5.12305e-05
5.12292e-05
5.12279e-05
5.12266e-05
5.12253e-05
5.1224e-05
5.12227e-05
5.12214e-05
5.12201e-05
5.12188e-05
5.12175e-05
5.12162e-05
5.1215e-05
5.12137e-05
5.12124e-05
5.12111e-05
5.12098e-05
5.12086e-05
5.12073e-05
5.1206e-05
5.12047e-05
5.12035e-05
5.12022e-05
5.12009e-05
5.11997e-05
5.11984e-05
5.11971e-05
5.11959e-05
5.11946e-05
5.11934e-05
5.11921e-05
5.11908e-05
5.11896e-05
5.11883e-05
5.11871e-05
5.11858e-05
5.11846e-05
5.11833e-05
5.11821e-05
5.11808e-05
5.11796e-05
5.11784e-05
5.11771e-05
5.11759e-05
5.11746e-05
5.11734e-05
5.11722e-05
5.11709e-05
5.11697e-05
5.11685e-05
5.11672e-05
5.1166e-05
5.11648e-05
5.11635e-05
5.11623e-05
5.11611e-05
5.11599e-05
5.11586e-05
5.11574e-05
5.11562e-05
5.1155e-05
5.11538e-05
5.11526e-05
5.11513e-05
5.11501e-05
5.11489e-05
5.11477e-05
5.11465e-05
5.11453e-05
5.11441e-05
5.11429e-05
5.11417e-05
5.11405e-05
5.11393e-05
5.11381e-05
5.11369e-05
5.11357e-05
5.11345e-05
5.11333e-05
5.11321e-05
5.11309e-05
5.11297e-05
5.11285e-05
5.11273e-05
5.11261e-05
5.1125e-05
5.11238e-05
5.11226e-05
5.11214e-05
5.11202e-05
5.11191e-05
5.11179e-05
5.11167e-05
5.11155e-05
5.11144e-05
5.11132e-05
5.1112e-05
5.11108e-05
5.11097e-05
5.11085e-05
5.11073e-05
5.11062e-05
5.1105e-05
5.11038e-05
5.11027e-05
5.11015e-05
5.11004e-05
5.10992e-05
5.10981e-05
5.10969e-05
5.10957e-05
5.10946e-05
5.10934e-05
5.10923e-05
5.10911e-05
5.109e-05
5.10888e-05
5.10877e-05
5.10866e-05
5.10854e-05
5.10843e-05
5.10831e-05
5.1082e-05
5.10809e-05
5.10797e-05
5.10786e-05
5.10775e-05
5.10763e-05
5.10752e-05
5.10741e-05
5.10729e-05
5.10718e-05
5.10707e-05
5.10696e-05
5.10684e-05
5.10673e-05
5.10662e-05
5.10651e-05
5.10639e-05
5.10628e-05
5.10617e-05
5.10606e-05
5.10595e-05
5.10584e-05
5.10573e-05
5.10561e-05
5.1055e-05
5.10539e-05
5.10528e-05
5.10517e-05
5.10506e-05
5.10495e-05
5.10484e-05
5.10473e-05
5.10462e-05
5.10451e-05
5.1044e-05
5.10429e-05
5.10418e-05
5.10407e-05
5.10396e-05
5.10385e-05
5.10374e-05
5.10364e-05
5.10353e-05
5.10342e-05
5.10331e-05
5.1032e-05
5.10309e-05
5.10298e-05
5.10288e-05
5.10277e-05
5.10266e-05
5.10255e-05
5.10245e-05
5.10234e-05
5.10223e-05
5.10212e-05
5.10202e-05
5.10191e-05
5.1018e-05
5.10169e-05
5.10159e-05
5.10148e-05
5.10138e-05
5.10127e-05
5.10116e-05
5.10106e-05
5.10095e-05
5.10084e-05
5.10074e-05
5.10063e-05
5.10053e-05
5.10042e-05
5.10032e-05
5.10021e-05
5.10011e-05
5.1e-05
5.0999e-05
5.09979e-05
5.09969e-05
5.09958e-05
5.09948e-05
5.09937e-05
5.09927e-05
5.09917e-05
5.09906e-05
5.09896e-05
5.09885e-05
5.09875e-05
5.09865e-05
5.09854e-05
5.09844e-05
5.09834e-05
5.09823e-05
5.09813e-05
5.09803e-05
5.09792e-05
5.09782e-05
5.09772e-05
5.09762e-05
5.09751e-05
5.09741e-05
5.09731e-05
5.09721e-05
5.09711e-05
5.097e-05
5.0969e-05
5.0968e-05
5.0967e-05
5.0966e-05
5.0965e-05
5.0964e-05
5.0963e-05
5.09619e-05
5.09609e-05
5.09599e-05
5.09589e-05
5.09579e-05
5.09569e-05
5.09559e-05
5.09549e-05
5.09539e-05
5.09529e-05
5.09519e-05
5.09509e-05
5.09499e-05
5.09489e-05
5.09479e-05
5.09469e-05
5.0946e-05
5.0945e-05
5.0944e-05
5.0943e-05
5.0942e-05
5.0941e-05
5.094e-05
5.0939e-05
5.09381e-05
5.09371e-05
5.09361e-05
5.09351e-05
5.09341e-05
5.09332e-05
5.09322e-05
5.09312e-05
5.09302e-05
5.09293e-05
5.09283e-05
5.09273e-05
5.09263e-05
5.09254e-05
5.09244e-05
5.09234e-05
5.09225e-05
5.09215e-05
5.09205e-05
5.09196e-05
5.09186e-05
5.09177e-05
5.09167e-05
5.09157e-05
5.09148e-05
5.09138e-05
5.09129e-05
5.09119e-05
5.0911e-05
5.091e-05
5.0909e-05
5.09081e-05
5.09071e-05
5.09062e-05
5.09053e-05
5.09043e-05
5.09034e-05
5.09024e-05
5.09015e-05
5.09005e-05
5.08996e-05
5.08986e-05
5.08977e-05
5.08968e-05
5.08958e-05
5.08949e-05
5.0894e-05
5.0893e-05
5.08921e-05
5.08912e-05
5.08902e-05
5.08893e-05
5.08884e-05
5.08874e-05
5.08865e-05
5.08856e-05
5.08847e-05
5.08837e-05
5.08828e-05
5.08819e-05
5.0881e-05
5.088e-05
5.08791e-05
5.08782e-05
5.08773e-05
5.08764e-05
5.08755e-05
5.08745e-05
5.08736e-05
5.08727e-05
5.08718e-05
5.08709e-05
5.087e-05
5.08691e-05
5.08682e-05
5.08673e-05
5.08663e-05
5.08654e-05
5.08645e-05
5.08636e-05
5.08627e-05
5.08618e-05
5.08609e-05
5.086e-05
5.08591e-05
5.08582e-05
5.08573e-05
5.08564e-05
5.08556e-05
5.08547e-05
5.08538e-05
5.08529e-05
5.0852e-05
5.08511e-05
5.08502e-05
5.08493e-05
5.08484e-05
5.08475e-05
5.08467e-05
5.08458e-05
5.08449e-05
5.0844e-05
5.08431e-05
5.08423e-05
5.08414e-05
5.08405e-05
5.08396e-05
5.08387e-05
5.08379e-05
5.0837e-05
5.08361e-05
5.08352e-05
5.08344e-05
5.08335e-05
5.08326e-05
5.08318e-05
5.08309e-05
5.083e-05
5.08292e-05
5.08283e-05
5.08274e-05
5.08266e-05
5.08257e-05
5.08248e-05
5.0824e-05
5.08231e-05
5.08223e-05
5.08214e-05
5.08206e-05
5.08197e-05
5.08188e-05
5.0818e-05
5.08171e-05
5.08163e-05
5.08154e-05
5.08146e-05
5.08137e-05
5.08129e-05
5.0812e-05
5.08112e-05
5.08103e-05
5.08095e-05
5.08087e-05
5.08078e-05
5.0807e-05
5.08061e-05
5.08053e-05
5.08044e-05
5.08036e-05
5.08028e-05
5.08019e-05
5.08011e-05
5.08003e-05
5.07994e-05
5.07986e-05
5.07978e-05
5.07969e-05
5.07961e-05
5.07953e-05
5.07944e-05
5.07936e-05
5.07928e-05
5.0792e-05
5.07911e-05
5.07903e-05
5.07895e-05
5.07887e-05
5.07878e-05
5.0787e-05
5.07862e-05
5.07854e-05
5.07846e-05
5.07837e-05
5.07829e-05
5.07821e-05
5.07813e-05
5.07805e-05
5.07797e-05
5.07789e-05
5.0778e-05
5.07772e-05
5.07764e-05
5.07756e-05
5.07748e-05
5.0774e-05
5.07732e-05
5.07724e-05
5.07716e-05
5.07708e-05
5.077e-05
5.07692e-05
5.07684e-05
5.07676e-05
5.07668e-05
5.0766e-05
5.07652e-05
5.07644e-05
5.07636e-05
5.07628e-05
5.0762e-05
5.07612e-05
5.07604e-05
5.07596e-05
5.07588e-05
5.0758e-05
5.07573e-05
5.07565e-05
5.07557e-05
5.07549e-05
5.07541e-05
5.07533e-05
5.07525e-05
5.07518e-05
5.0751e-05
5.07502e-05
5.07494e-05
5.07486e-05
5.07479e-05
5.07471e-05
5.07463e-05
5.07455e-05
5.07447e-05
5.0744e-05
5.07432e-05
5.07424e-05
5.07417e-05
5.07409e-05
5.07401e-05
5.07393e-05
5.07386e-05
5.07378e-05
5.0737e-05
5.07363e-05
5.07355e-05
5.07347e-05
5.0734e-05
5.07332e-05
5.07324e-05
5.07317e-05
5.07309e-05
5.07302e-05
5.07294e-05
5.07286e-05
5.07279e-05
5.07271e-05
5.07264e-05
5.07256e-05
5.07249e-05
5.07241e-05
5.07234e-05
5.07226e-05
5.07219e-05
5.07211e-05
5.07204e-05
5.07196e-05
5.07189e-05
5.07181e-05
5.07174e-05
5.07166e-05
5.07159e-05
5.07151e-05
5.07144e-05
5.07136e-05
5.07129e-05
5.07122e-05
5.07114e-05
5.07107e-05
5.07099e-05
5.07092e-05
5.07085e-05
5.07077e-05
5.0707e-05
5.07063e-05
5.07055e-05
5.07048e-05
5.07041e-05
5.07033e-05
5.07026e-05
5.07019e-05
5.07011e-05
5.07004e-05
5.06997e-05
5.0699e-05
5.06982e-05
5.06975e-05
5.06968e-05
5.06961e-05
5.06953e-05
5.06946e-05
5.06939e-05
5.06932e-05
5.06925e-05
5.06917e-05
5.0691e-05
5.06903e-05
5.06896e-05
5.06889e-05
5.06882e-05
5.06874e-05
5.06867e-05
5.0686e-05
5.06853e-05
5.06846e-05
5.06839e-05
5.06832e-05
5.06825e-05
5.06817e-05
5.0681e-05
5.06803e-05
5.06796e-05
5.06789e-05
5.06782e-05
5.06775e-05
5.06768e-05
5.06761e-05
5.06754e-05
5.06747e-05
5.0674e-05
5.06733e-05
5.06726e-05
5.06719e-05
5.06712e-05
5.06705e-05
5.06698e-05
5.06691e-05
5.06684e-05
5.06677e-05
5.0667e-05
5.06664e-05
5.06657e-05
5.0665e-05
5.06643e-05
5.06636e-05
5.06629e-05
5.06622e-05
5.06615e-05
5.06608e-05
5.06602e-05
5.06595e-05
5.06588e-05
5.06581e-05
5.06574e-05
5.06567e-05
5.06561e-05
5.06554e-05
5.06547e-05
5.0654e-05
5.06533e-05
5.06527e-05
5.0652e-05
5.06513e-05
5.06506e-05
5.065e-05
5.06493e-05
5.06486e-05
5.06479e-05
5.06473e-05
5.06466e-05
5.06459e-05
5.06453e-05
5.06446e-05
5.06439e-05
5.06433e-05
5.06426e-05
5.06419e-05
5.06413e-05
5.06406e-05
5.06399e-05
5.06393e-05
5.06386e-05
5.06379e-05
5.06373e-05
5.06366e-05
5.0636e-05
5.06353e-05
5.06346e-05
5.0634e-05
5.06333e-05
5.06327e-05
5.0632e-05
5.06314e-05
5.06307e-05
5.06301e-05
5.06294e-05
5.06287e-05
5.06281e-05
5.06274e-05
5.06268e-05
5.06261e-05
5.06255e-05
5.06248e-05
5.06242e-05
5.06236e-05
5.06229e-05
5.06223e-05
5.06216e-05
5.0621e-05
5.06203e-05
5.06197e-05
5.0619e-05
5.06184e-05
5.06178e-05
5.06171e-05
5.06165e-05
5.06158e-05
5.06152e-05
5.06146e-05
5.06139e-05
5.06133e-05
5.06127e-05
5.0612e-05
5.06114e-05
5.06108e-05
5.06101e-05
5.06095e-05
5.06089e-05
5.06082e-05
5.06076e-05
5.0607e-05
5.06064e-05
5.06057e-05
5.06051e-05
5.06045e-05
5.06038e-05
5.06032e-05
5.06026e-05
5.0602e-05
5.06014e-05
5.06007e-05
5.06001e-05
5.05995e-05
5.05989e-05
5.05982e-05
5.05976e-05
5.0597e-05
5.05964e-05
5.05958e-05
5.05952e-05
5.05945e-05
5.05939e-05
5.05933e-05
5.05927e-05
5.05921e-05
5.05915e-05
5.05909e-05
5.05902e-05
5.05896e-05
5.0589e-05
5.05884e-05
5.05878e-05
5.05872e-05
5.05866e-05
5.0586e-05
5.05854e-05
5.05848e-05
5.05842e-05
5.05836e-05
5.0583e-05
5.05824e-05
5.05818e-05
5.05812e-05
5.05806e-05
5.058e-05
5.05794e-05
5.05788e-05
5.05782e-05
5.05776e-05
5.0577e-05
5.05764e-05
5.05758e-05
5.05752e-05
5.05746e-05
5.0574e-05
5.05734e-05
5.05728e-05
5.05722e-05
5.05716e-05
5.0571e-05
5.05704e-05
5.05698e-05
5.05693e-05
5.05687e-05
5.05681e-05
5.05675e-05
5.05669e-05
5.05663e-05
5.05657e-05
5.05652e-05
5.05646e-05
5.0564e-05
5.05634e-05
5.05628e-05
5.05622e-05
5.05617e-05
5.05611e-05
5.05605e-05
5.05599e-05
5.05593e-05
5.05588e-05
5.05582e-05
5.05576e-05
5.0557e-05
5.05565e-05
5.05559e-05
5.05553e-05
5.05547e-05
5.05542e-05
5.05536e-05
5.0553e-05
5.05524e-05
5.05519e-05
5.05513e-05
5.05507e-05
5.05502e-05
5.05496e-05
5.0549e-05
5.05485e-05
5.05479e-05
5.05473e-05
5.05468e-05
5.05462e-05
5.05456e-05
5.05451e-05
5.05445e-05
5.05439e-05
5.05434e-05
5.05428e-05
5.05423e-05
5.05417e-05
5.05411e-05
5.05406e-05
5.054e-05
5.05395e-05
5.05389e-05
5.05384e-05
5.05378e-05
5.05372e-05
5.05367e-05
5.05361e-05
5.05356e-05
5.0535e-05
5.05345e-05
5.05339e-05
5.05334e-05
5.05328e-05
5.05323e-05
5.05317e-05
5.05312e-05
5.05306e-05
5.05301e-05
5.05295e-05
5.0529e-05
5.05284e-05
5.05279e-05
5.05274e-05
5.05268e-05
5.05263e-05
5.05257e-05
5.05252e-05
5.05246e-05
5.05241e-05
5.05236e-05
5.0523e-05
5.05225e-05
5.05219e-05
5.05214e-05
5.05209e-05
5.05203e-05
5.05198e-05
5.05193e-05
5.05187e-05
5.05182e-05
5.05176e-05
5.05171e-05
5.05166e-05
5.0516e-05
5.05155e-05
5.0515e-05
5.05145e-05
5.05139e-05
5.05134e-05
5.05129e-05
5.05123e-05
5.05118e-05
5.05113e-05
5.05108e-05
5.05102e-05
5.05097e-05
5.05092e-05
5.05086e-05
5.05081e-05
5.05076e-05
5.05071e-05
5.05066e-05
5.0506e-05
5.05055e-05
5.0505e-05
5.05045e-05
5.05039e-05
5.05034e-05
5.05029e-05
5.05024e-05
5.05019e-05
5.05014e-05
5.05008e-05
5.05003e-05
5.04998e-05
5.04993e-05
5.04988e-05
5.04983e-05
5.04978e-05
5.04972e-05
5.04967e-05
5.04962e-05
5.04957e-05
5.04952e-05
5.04947e-05
5.04942e-05
5.04937e-05
5.04932e-05
5.04926e-05
5.04921e-05
5.04916e-05
5.04911e-05
5.04906e-05
5.04901e-05
5.04896e-05
5.04891e-05
5.04886e-05
5.04881e-05
5.04876e-05
5.04871e-05
5.04866e-05
5.04861e-05
5.04856e-05
5.04851e-05
5.04846e-05
5.04841e-05
5.04836e-05
5.04831e-05
5.04826e-05
5.04821e-05
5.04816e-05
5.04811e-05
5.04806e-05
5.04801e-05
5.04796e-05
5.04791e-05
5.04786e-05
5.04781e-05
5.04777e-05
5.04772e-05
5.04767e-05
5.04762e-05
5.04757e-05
5.04752e-05
5.04747e-05
5.04742e-05
5.04737e-05
5.04732e-05
5.04728e-05
5.04723e-05
5.04718e-05
5.04713e-05
5.04708e-05
5.04703e-05
5.04698e-05
5.04694e-05
5.04689e-05
5.04684e-05
5.04679e-05
5.04674e-05
5.0467e-05
5.04665e-05
5.0466e-05
5.04655e-05
5.0465e-05
5.04646e-05
5.04641e-05
5.04636e-05
5.04631e-05
5.04626e-05
5.04622e-05
5.04617e-05
5.04612e-05
5.04607e-05
5.04603e-05
5.04598e-05
5.04593e-05
5.04589e-05
5.04584e-05
5.04579e-05
5.04574e-05
5.0457e-05
5.04565e-05
5.0456e-05
5.04556e-05
5.04551e-05
5.04546e-05
5.04542e-05
5.04537e-05
5.04532e-05
5.04528e-05
5.04523e-05
5.04518e-05
5.04514e-05
5.04509e-05
5.04504e-05
5.045e-05
5.04495e-05
5.0449e-05
5.04486e-05
5.04481e-05
5.04477e-05
5.04472e-05
5.04467e-05
5.04463e-05
5.04458e-05
5.04454e-05
5.04449e-05
5.04444e-05
5.0444e-05
5.04435e-05
5.04431e-05
5.04426e-05
5.04422e-05
5.04417e-05
5.04413e-05
5.04408e-05
5.04404e-05
5.04399e-05
5.04394e-05
5.0439e-05
5.04385e-05
5.04381e-05
5.04376e-05
5.04372e-05
5.04367e-05
5.04363e-05
5.04358e-05
5.04354e-05
5.0435e-05
5.04345e-05
5.04341e-05
5.04336e-05
5.04332e-05
5.04327e-05
5.04323e-05
5.04318e-05
5.04314e-05
5.04309e-05
5.04305e-05
5.04301e-05
5.04296e-05
5.04292e-05
5.04287e-05
5.04283e-05
5.04279e-05
5.04274e-05
5.0427e-05
5.04265e-05
5.04261e-05
5.04257e-05
5.04252e-05
5.04248e-05
5.04244e-05
5.04239e-05
5.04235e-05
5.0423e-05
5.04226e-05
5.04222e-05
5.04217e-05
5.04213e-05
5.04209e-05
5.04204e-05
5.042e-05
5.04196e-05
5.04192e-05
5.04187e-05
5.04183e-05
5.04179e-05
5.04174e-05
5.0417e-05
5.04166e-05
5.04162e-05
5.04157e-05
5.04153e-05
5.04149e-05
5.04144e-05
5.0414e-05
5.04136e-05
5.04132e-05
5.04127e-05
5.04123e-05
5.04119e-05
5.04115e-05
5.04111e-05
5.04106e-05
5.04102e-05
5.04098e-05
5.04094e-05
5.0409e-05
5.04085e-05
5.04081e-05
5.04077e-05
5.04073e-05
5.04069e-05
5.04064e-05
5.0406e-05
5.04056e-05
5.04052e-05
5.04048e-05
5.04044e-05
5.04039e-05
5.04035e-05
5.04031e-05
5.04027e-05
5.04023e-05
5.04019e-05
5.04015e-05
5.04011e-05
5.04006e-05
5.04002e-05
5.03998e-05
5.03994e-05
5.0399e-05
5.03986e-05
5.03982e-05
5.03978e-05
5.03974e-05
5.0397e-05
5.03965e-05
5.03961e-05
5.03957e-05
5.03953e-05
5.03949e-05
5.03945e-05
5.03941e-05
5.03937e-05
5.03933e-05
5.03929e-05
5.03925e-05
5.03921e-05
5.03917e-05
5.03913e-05
5.03909e-05
5.03905e-05
5.03901e-05
5.03897e-05
5.03893e-05
5.03889e-05
5.03885e-05
5.03881e-05
5.03877e-05
5.03873e-05
5.03869e-05
5.03865e-05
5.03861e-05
5.03857e-05
5.03853e-05
5.03849e-05
5.03845e-05
5.03841e-05
5.03837e-05
5.03834e-05
5.0383e-05
5.03826e-05
5.03822e-05
5.03818e-05
5.03814e-05
5.0381e-05
5.03806e-05
5.03802e-05
5.03798e-05
5.03794e-05
5.03791e-05
5.03787e-05
5.03783e-05
5.03779e-05
5.03775e-05
5.03771e-05
5.03767e-05
5.03763e-05
5.0376e-05
5.03756e-05
5.03752e-05
5.03748e-05
5.03744e-05
5.0374e-05
5.03737e-05
5.03733e-05
5.03729e-05
5.03725e-05
5.03721e-05
5.03717e-05
5.03714e-05
5.0371e-05
5.03706e-05
5.03702e-05
5.03698e-05
5.03695e-05
5.03691e-05
5.03687e-05
5.03683e-05
5.0368e-05
5.03676e-05
5.03672e-05
5.03668e-05
5.03664e-05
5.03661e-05
5.03657e-05
5.03653e-05
5.03649e-05
5.03646e-05
5.03642e-05
5.03638e-05
5.03635e-05
5.03631e-05
5.03627e-05
5.03623e-05
5.0362e-05
5.03616e-05
5.03612e-05
5.03609e-05
5.03605e-05
5.03601e-05
5.03598e-05
5.03594e-05
5.0359e-05
5.03586e-05
5.03583e-05
5.03579e-05
5.03575e-05
5.03572e-05
5.03568e-05
5.03565e-05
5.03561e-05
5.03557e-05
5.03554e-05
5.0355e-05
5.03546e-05
5.03543e-05
5.03539e-05
5.03535e-05
5.03532e-05
5.03528e-05
5.03525e-05
5.03521e-05
5.03517e-05
5.03514e-05
5.0351e-05
5.03507e-05
5.03503e-05
5.03499e-05
5.03496e-05
5.03492e-05
5.03489e-05
5.03485e-05
5.03482e-05
5.03478e-05
5.03474e-05
5.03471e-05
5.03467e-05
5.03464e-05
5.0346e-05
5.03457e-05
5.03453e-05
5.0345e-05
5.03446e-05
5.03443e-05
5.03439e-05
5.03436e-05
5.03432e-05
5.03429e-05
5.03425e-05
5.03422e-05
5.03418e-05
5.03415e-05
5.03411e-05
5.03408e-05
5.03404e-05
5.03401e-05
5.03397e-05
5.03394e-05
5.0339e-05
5.03387e-05
5.03383e-05
5.0338e-05
5.03376e-05
5.03373e-05
5.03369e-05
5.03366e-05
5.03363e-05
5.03359e-05
5.03356e-05
5.03352e-05
5.03349e-05
5.03345e-05
5.03342e-05
5.03339e-05
5.03335e-05
5.03332e-05
5.03328e-05
5.03325e-05
5.03322e-05
5.03318e-05
5.03315e-05
5.03311e-05
5.03308e-05
5.03305e-05
5.03301e-05
5.03298e-05
5.03294e-05
5.03291e-05
5.03288e-05
5.03284e-05
5.03281e-05
5.03278e-05
5.03274e-05
5.03271e-05
5.03268e-05
5.03264e-05
5.03261e-05
5.03258e-05
5.03254e-05
5.03251e-05
5.03248e-05
5.03244e-05
5.03241e-05
5.03238e-05
5.03234e-05
5.03231e-05
5.03228e-05
5.03224e-05
5.03221e-05
5.03218e-05
5.03215e-05
5.03211e-05
5.03208e-05
5.03205e-05
5.03202e-05
5.03198e-05
5.03195e-05
5.03192e-05
5.03188e-05
5.03185e-05
5.03182e-05
5.03179e-05
5.03175e-05
5.03172e-05
5.03169e-05
5.03166e-05
5.03162e-05
5.03159e-05
5.03156e-05
5.03153e-05
5.0315e-05
5.03146e-05
5.03143e-05
5.0314e-05
5.03137e-05
5.03134e-05
5.0313e-05
5.03127e-05
5.03124e-05
5.03121e-05
5.03118e-05
5.03114e-05
5.03111e-05
5.03108e-05
5.03105e-05
5.03102e-05
5.03099e-05
5.03095e-05
5.03092e-05
5.03089e-05
5.03086e-05
5.03083e-05
5.0308e-05
5.03076e-05
5.03073e-05
5.0307e-05
5.03067e-05
5.03064e-05
5.03061e-05
5.03058e-05
5.03055e-05
5.03051e-05
5.03048e-05
5.03045e-05
5.03042e-05
5.03039e-05
5.03036e-05
5.03033e-05
5.0303e-05
5.03027e-05
5.03024e-05
5.0302e-05
5.03017e-05
5.03014e-05
5.03011e-05
5.03008e-05
5.03005e-05
5.03002e-05
5.02999e-05
5.02996e-05
5.02993e-05
5.0299e-05
5.02987e-05
5.02984e-05
5.02981e-05
5.02978e-05
5.02975e-05
5.02972e-05
5.02968e-05
5.02965e-05
5.02962e-05
5.02959e-05
5.02956e-05
5.02953e-05
5.0295e-05
5.02947e-05
5.02944e-05
5.02941e-05
5.02938e-05
5.02935e-05
5.02932e-05
5.02929e-05
5.02926e-05
5.02923e-05
5.0292e-05
5.02917e-05
5.02914e-05
5.02911e-05
5.02909e-05
5.02906e-05
5.02903e-05
5.029e-05
5.02897e-05
5.02894e-05
5.02891e-05
5.02888e-05
5.02885e-05
5.02882e-05
5.02879e-05
5.02876e-05
5.02873e-05
5.0287e-05
5.02867e-05
5.02864e-05
5.02861e-05
5.02859e-05
5.02856e-05
5.02853e-05
5.0285e-05
5.02847e-05
5.02844e-05
5.02841e-05
5.02838e-05
5.02835e-05
5.02832e-05
5.0283e-05
5.02827e-05
5.02824e-05
5.02821e-05
5.02818e-05
5.02815e-05
5.02812e-05
5.02809e-05
5.02807e-05
5.02804e-05
5.02801e-05
5.02798e-05
5.02795e-05
5.02792e-05
5.02789e-05
5.02787e-05
5.02784e-05
5.02781e-05
5.02778e-05
5.02775e-05
5.02772e-05
5.0277e-05
5.02767e-05
5.02764e-05
5.02761e-05
5.02758e-05
5.02756e-05
5.02753e-05
5.0275e-05
5.02747e-05
5.02744e-05
5.02742e-05
5.02739e-05
5.02736e-05
5.02733e-05
5.0273e-05
5.02728e-05
5.02725e-05
5.02722e-05
5.02719e-05
5.02716e-05
5.02714e-05
5.02711e-05
5.02708e-05
5.02705e-05
5.02703e-05
5.027e-05
5.02697e-05
5.02694e-05
5.02692e-05
5.02689e-05
5.02686e-05
5.02683e-05
5.02681e-05
5.02678e-05
5.02675e-05
5.02673e-05
5.0267e-05
5.02667e-05
5.02664e-05
5.02662e-05
5.02659e-05
5.02656e-05
5.02654e-05
5.02651e-05
5.02648e-05
5.02645e-05
5.02643e-05
5.0264e-05
5.02637e-05
5.02635e-05
5.02632e-05
5.02629e-05
5.02627e-05
5.02624e-05
5.02621e-05
5.02619e-05
5.02616e-05
5.02613e-05
5.02611e-05
5.02608e-05
5.02605e-05
5.02603e-05
5.026e-05
5.02597e-05
5.02595e-05
5.02592e-05
5.02589e-05
5.02587e-05
5.02584e-05
5.02582e-05
5.02579e-05
5.02576e-05
5.02574e-05
5.02571e-05
5.02568e-05
5.02566e-05
5.02563e-05
5.02561e-05
5.02558e-05
5.02555e-05
5.02553e-05
5.0255e-05
5.02548e-05
5.02545e-05
5.02542e-05
5.0254e-05
5.02537e-05
5.02535e-05
5.02532e-05
5.0253e-05
5.02527e-05
5.02524e-05
5.02522e-05
5.02519e-05
5.02517e-05
5.02514e-05
5.02512e-05
5.02509e-05
5.02507e-05
5.02504e-05
5.02501e-05
5.02499e-05
5.02496e-05
5.02494e-05
5.02491e-05
5.02489e-05
5.02486e-05
5.02484e-05
5.02481e-05
5.02479e-05
5.02476e-05
5.02474e-05
5.02471e-05
5.02469e-05
5.02466e-05
5.02464e-05
5.02461e-05
5.02459e-05
5.02456e-05
5.02454e-05
5.02451e-05
5.02449e-05
5.02446e-05
5.02444e-05
5.02441e-05
5.02439e-05
5.02436e-05
5.02434e-05
5.02431e-05
5.02429e-05
5.02426e-05
5.02424e-05
5.02421e-05
5.02419e-05
5.02416e-05
5.02414e-05
5.02411e-05
5.02409e-05
5.02407e-05
5.02404e-05
5.02402e-05
5.02399e-05
5.02397e-05
5.02394e-05
5.02392e-05
5.02389e-05
5.02387e-05
5.02385e-05
5.02382e-05
5.0238e-05
5.02377e-05
5.02375e-05
5.02373e-05
5.0237e-05
5.02368e-05
5.02365e-05
5.02363e-05
5.02361e-05
5.02358e-05
5.02356e-05
5.02353e-05
5.02351e-05
5.02349e-05
5.02346e-05
5.02344e-05
5.02341e-05
5.02339e-05
5.02337e-05
5.02334e-05
5.02332e-05
5.0233e-05
5.02327e-05
5.02325e-05
5.02322e-05
5.0232e-05
5.02318e-05
5.02315e-05
5.02313e-05
5.02311e-05
5.02308e-05
5.02306e-05
5.02304e-05
5.02301e-05
5.02299e-05
5.02297e-05
5.02294e-05
5.02292e-05
5.0229e-05
5.02287e-05
5.02285e-05
5.02283e-05
5.0228e-05
5.02278e-05
5.02276e-05
5.02273e-05
5.02271e-05
5.02269e-05
5.02266e-05
5.02264e-05
5.02262e-05
5.0226e-05
5.02257e-05
5.02255e-05
5.02253e-05
5.0225e-05
5.02248e-05
5.02246e-05
5.02244e-05
5.02241e-05
5.02239e-05
5.02237e-05
5.02234e-05
5.02232e-05
5.0223e-05
5.02228e-05
5.02225e-05
5.02223e-05
5.02221e-05
5.02219e-05
5.02216e-05
5.02214e-05
5.02212e-05
5.0221e-05
5.02207e-05
5.02205e-05
5.02203e-05
5.02201e-05
5.02198e-05
5.02196e-05
5.02194e-05
5.02192e-05
5.0219e-05
5.02187e-05
5.02185e-05
5.02183e-05
5.02181e-05
5.02178e-05
5.02176e-05
5.02174e-05
5.02172e-05
5.0217e-05
5.02167e-05
5.02165e-05
5.02163e-05
5.02161e-05
5.02159e-05
5.02156e-05
5.02154e-05
5.02152e-05
5.0215e-05
5.02148e-05
5.02146e-05
5.02143e-05
5.02141e-05
5.02139e-05
5.02137e-05
5.02135e-05
5.02133e-05
5.0213e-05
5.02128e-05
5.02126e-05
5.02124e-05
5.02122e-05
5.0212e-05
5.02117e-05
5.02115e-05
5.02113e-05
5.02111e-05
5.02109e-05
5.02107e-05
5.02105e-05
5.02102e-05
5.021e-05
5.02098e-05
5.02096e-05
5.02094e-05
5.02092e-05
5.0209e-05
5.02088e-05
5.02085e-05
5.02083e-05
5.02081e-05
5.02079e-05
5.02077e-05
5.02075e-05
5.02073e-05
5.02071e-05
5.02069e-05
5.02066e-05
5.02064e-05
5.02062e-05
5.0206e-05
5.02058e-05
5.02056e-05
5.02054e-05
5.02052e-05
5.0205e-05
5.02048e-05
5.02046e-05
5.02044e-05
5.02041e-05
5.02039e-05
5.02037e-05
5.02035e-05
5.02033e-05
5.02031e-05
5.02029e-05
5.02027e-05
5.02025e-05
5.02023e-05
5.02021e-05
5.02019e-05
5.02017e-05
5.02015e-05
5.02013e-05
5.02011e-05
5.02009e-05
5.02007e-05
5.02005e-05
5.02002e-05
5.02e-05
5.01998e-05
5.01996e-05
5.01994e-05
5.01992e-05
5.0199e-05
5.01988e-05
5.01986e-05
5.01984e-05
5.01982e-05
5.0198e-05
5.01978e-05
5.01976e-05
5.01974e-05
5.01972e-05
5.0197e-05
5.01968e-05
5.01966e-05
5.01964e-05
5.01962e-05
5.0196e-05
5.01958e-05
5.01956e-05
5.01954e-05
5.01952e-05
5.0195e-05
5.01948e-05
5.01946e-05
5.01944e-05
5.01943e-05
5.01941e-05
5.01939e-05
5.01937e-05
5.01935e-05
5.01933e-05
5.01931e-05
5.01929e-05
5.01927e-05
5.01925e-05
5.01923e-05
5.01921e-05
5.01919e-05
5.01917e-05
5.01915e-05
5.01913e-05
5.01911e-05
5.01909e-05
5.01907e-05
5.01905e-05
5.01904e-05
5.01902e-05
5.019e-05
5.01898e-05
5.01896e-05
5.01894e-05
5.01892e-05
5.0189e-05
5.01888e-05
5.01886e-05
5.01884e-05
5.01882e-05
5.01881e-05
5.01879e-05
5.01877e-05
5.01875e-05
5.01873e-05
5.01871e-05
5.01869e-05
5.01867e-05
5.01865e-05
5.01863e-05
5.01862e-05
5.0186e-05
5.01858e-05
5.01856e-05
5.01854e-05
5.01852e-05
5.0185e-05
5.01848e-05
5.01847e-05
5.01845e-05
5.01843e-05
5.01841e-05
5.01839e-05
5.01837e-05
5.01835e-05
5.01833e-05
5.01832e-05
5.0183e-05
5.01828e-05
5.01826e-05
5.01824e-05
5.01822e-05
5.01821e-05
5.01819e-05
5.01817e-05
5.01815e-05
5.01813e-05
5.01811e-05
5.0181e-05
5.01808e-05
5.01806e-05
5.01804e-05
5.01802e-05
5.018e-05
5.01799e-05
5.01797e-05
5.01795e-05
5.01793e-05
5.01791e-05
5.01789e-05
5.01788e-05
5.01786e-05
5.01784e-05
5.01782e-05
5.0178e-05
5.01779e-05
5.01777e-05
5.01775e-05
5.01773e-05
5.01771e-05
5.0177e-05
5.01768e-05
5.01766e-05
5.01764e-05
5.01763e-05
5.01761e-05
5.01759e-05
5.01757e-05
5.01755e-05
5.01754e-05
5.01752e-05
5.0175e-05
5.01748e-05
5.01747e-05
5.01745e-05
5.01743e-05
5.01741e-05
5.01739e-05
5.01738e-05
5.01736e-05
5.01734e-05
5.01732e-05
5.01731e-05
5.01729e-05
5.01727e-05
5.01725e-05
5.01724e-05
5.01722e-05
5.0172e-05
5.01718e-05
5.01717e-05
5.01715e-05
5.01713e-05
5.01712e-05
5.0171e-05
5.01708e-05
5.01706e-05
5.01705e-05
5.01703e-05
5.01701e-05
5.01699e-05
5.01698e-05
5.01696e-05
5.01694e-05
5.01693e-05
5.01691e-05
5.01689e-05
5.01687e-05
5.01686e-05
5.01684e-05
5.01682e-05
5.01681e-05
5.01679e-05
5.01677e-05
5.01676e-05
5.01674e-05
5.01672e-05
5.0167e-05
5.01669e-05
5.01667e-05
5.01665e-05
5.01664e-05
5.01662e-05
5.0166e-05
5.01659e-05
5.01657e-05
5.01655e-05
5.01654e-05
5.01652e-05
5.0165e-05
5.01649e-05
5.01647e-05
5.01645e-05
5.01644e-05
5.01642e-05
5.0164e-05
5.01639e-05
5.01637e-05
5.01635e-05
5.01634e-05
5.01632e-05
5.0163e-05
5.01629e-05
5.01627e-05
5.01625e-05
5.01624e-05
5.01622e-05
5.01621e-05
5.01619e-05
5.01617e-05
5.01616e-05
5.01614e-05
5.01612e-05
5.01611e-05
5.01609e-05
5.01608e-05
5.01606e-05
5.01604e-05
5.01603e-05
5.01601e-05
5.01599e-05
5.01598e-05
5.01596e-05
5.01595e-05
5.01593e-05
5.01591e-05
5.0159e-05
5.01588e-05
5.01587e-05
5.01585e-05
5.01583e-05
5.01582e-05
5.0158e-05
5.01579e-05
5.01577e-05
5.01575e-05
5.01574e-05
5.01572e-05
5.01571e-05
5.01569e-05
5.01567e-05
5.01566e-05
5.01564e-05
5.01563e-05
5.01561e-05
5.01559e-05
5.01558e-05
5.01556e-05
5.01555e-05
5.01553e-05
5.01552e-05
5.0155e-05
5.01548e-05
5.01547e-05
5.01545e-05
5.01544e-05
5.01542e-05
5.01541e-05
5.01539e-05
5.01538e-05
5.01536e-05
5.01534e-05
5.01533e-05
5.01531e-05
5.0153e-05
5.01528e-05
5.01527e-05
5.01525e-05
5.01524e-05
5.01522e-05
5.01521e-05
5.01519e-05
5.01518e-05
5.01516e-05
5.01514e-05
5.01513e-05
5.01511e-05
5.0151e-05
5.01508e-05
5.01507e-05
5.01505e-05
5.01504e-05
5.01502e-05
5.01501e-05
5.01499e-05
5.01498e-05
5.01496e-05
5.01495e-05
5.01493e-05
5.01492e-05
5.0149e-05
5.01489e-05
5.01487e-05
5.01486e-05
5.01484e-05
5.01483e-05
5.01481e-05
5.0148e-05
5.01478e-05
5.01477e-05
5.01475e-05
5.01474e-05
5.01472e-05
5.01471e-05
5.01469e-05
5.01468e-05
5.01466e-05
5.01465e-05
5.01463e-05
5.01462e-05
5.0146e-05
5.01459e-05
5.01457e-05
5.01456e-05
5.01454e-05
5.01453e-05
5.01452e-05
5.0145e-05
5.01449e-05
5.01447e-05
5.01446e-05
5.01444e-05
5.01443e-05
5.01441e-05
5.0144e-05
5.01438e-05
5.01437e-05
5.01436e-05
5.01434e-05
5.01433e-05
5.01431e-05
5.0143e-05
5.01428e-05
5.01427e-05
5.01425e-05
5.01424e-05
5.01423e-05
5.01421e-05
5.0142e-05
5.01418e-05
5.01417e-05
5.01415e-05
5.01414e-05
5.01413e-05
5.01411e-05
5.0141e-05
5.01408e-05
5.01407e-05
5.01405e-05
5.01404e-05
5.01403e-05
5.01401e-05
5.014e-05
5.01398e-05
5.01397e-05
5.01396e-05
5.01394e-05
5.01393e-05
5.01391e-05
5.0139e-05
5.01389e-05
5.01387e-05
5.01386e-05
5.01384e-05
5.01383e-05
5.01382e-05
5.0138e-05
5.01379e-05
5.01377e-05
5.01376e-05
5.01375e-05
5.01373e-05
5.01372e-05
5.0137e-05
5.01369e-05
5.01368e-05
5.01366e-05
5.01365e-05
5.01364e-05
5.01362e-05
5.01361e-05
5.01359e-05
5.01358e-05
5.01357e-05
5.01355e-05
5.01354e-05
5.01353e-05
5.01351e-05
5.0135e-05
5.01348e-05
5.01347e-05
5.01346e-05
5.01344e-05
5.01343e-05
5.01342e-05
5.0134e-05
5.01339e-05
5.01338e-05
5.01336e-05
5.01335e-05
5.01334e-05
5.01332e-05
5.01331e-05
5.0133e-05
5.01328e-05
5.01327e-05
5.01326e-05
5.01324e-05
5.01323e-05
5.01322e-05
5.0132e-05
5.01319e-05
5.01318e-05
5.01316e-05
5.01315e-05
5.01314e-05
5.01312e-05
5.01311e-05
5.0131e-05
5.01308e-05
5.01307e-05
5.01306e-05
5.01304e-05
5.01303e-05
5.01302e-05
5.013e-05
5.01299e-05
5.01298e-05
5.01296e-05
5.01295e-05
5.01294e-05
5.01293e-05
5.01291e-05
5.0129e-05
5.01289e-05
5.01287e-05
5.01286e-05
5.01285e-05
5.01283e-05
5.01282e-05
5.01281e-05
5.0128e-05
5.01278e-05
5.01277e-05
5.01276e-05
5.01274e-05
5.01273e-05
5.01272e-05
5.01271e-05
5.01269e-05
5.01268e-05
5.01267e-05
5.01265e-05
5.01264e-05
5.01263e-05
5.01262e-05
5.0126e-05
5.01259e-05
5.01258e-05
5.01257e-05
5.01255e-05
5.01254e-05
5.01253e-05
5.01252e-05
5.0125e-05
5.01249e-05
5.01248e-05
5.01246e-05
5.01245e-05
5.01244e-05
5.01243e-05
5.01241e-05
5.0124e-05
5.01239e-05
5.01238e-05
5.01236e-05
5.01235e-05
5.01234e-05
5.01233e-05
5.01232e-05
5.0123e-05
5.01229e-05
5.01228e-05
5.01227e-05
5.01225e-05
5.01224e-05
5.01223e-05
5.01222e-05
5.0122e-05
5.01219e-05
5.01218e-05
5.01217e-05
5.01215e-05
5.01214e-05
5.01213e-05
5.01212e-05
5.01211e-05
5.01209e-05
5.01208e-05
5.01207e-05
5.01206e-05
5.01205e-05
5.01203e-05
5.01202e-05
5.01201e-05
5.012e-05
5.01198e-05
5.01197e-05
5.01196e-05
5.01195e-05
5.01194e-05
5.01192e-05
5.01191e-05
5.0119e-05
5.01189e-05
5.01188e-05
5.01186e-05
5.01185e-05
5.01184e-05
5.01183e-05
5.01182e-05
5.0118e-05
5.01179e-05
5.01178e-05
5.01177e-05
5.01176e-05
5.01175e-05
5.01173e-05
5.01172e-05
5.01171e-05
5.0117e-05
5.01169e-05
5.01167e-05
5.01166e-05
5.01165e-05
5.01164e-05
5.01163e-05
5.01162e-05
5.0116e-05
5.01159e-05
5.01158e-05
5.01157e-05
5.01156e-05
5.01155e-05
5.01153e-05
5.01152e-05
5.01151e-05
5.0115e-05
5.01149e-05
5.01148e-05
5.01147e-05
5.01145e-05
5.01144e-05
5.01143e-05
5.01142e-05
5.01141e-05
5.0114e-05
5.01138e-05
5.01137e-05
5.01136e-05
5.01135e-05
5.01134e-05
5.01133e-05
5.01132e-05
5.0113e-05
5.01129e-05
5.01128e-05
5.01127e-05
5.01126e-05
5.01125e-05
5.01124e-05
5.01123e-05
5.01121e-05
5.0112e-05
5.01119e-05
5.01118e-05
5.01117e-05
5.01116e-05
5.01115e-05
5.01114e-05
5.01112e-05
5.01111e-05
5.0111e-05
5.01109e-05
5.01108e-05
5.01107e-05
5.01106e-05
5.01105e-05
5.01103e-05
5.01102e-05
5.01101e-05
5.011e-05
5.01099e-05
5.01098e-05
5.01097e-05
5.01096e-05
5.01095e-05
5.01094e-05
5.01092e-05
5.01091e-05
5.0109e-05
5.01089e-05
5.01088e-05
5.01087e-05
5.01086e-05
5.01085e-05
5.01084e-05
5.01083e-05
5.01081e-05
5.0108e-05
5.01079e-05
5.01078e-05
5.01077e-05
5.01076e-05
5.01075e-05
5.01074e-05
5.01073e-05
5.01072e-05
5.01071e-05
5.0107e-05
5.01069e-05
5.01067e-05
5.01066e-05
5.01065e-05
5.01064e-05
5.01063e-05
5.01062e-05
5.01061e-05
5.0106e-05
5.01059e-05
5.01058e-05
5.01057e-05
5.01056e-05
5.01055e-05
5.01054e-05
5.01053e-05
5.01051e-05
5.0105e-05
5.01049e-05
5.01048e-05
5.01047e-05
5.01046e-05
5.01045e-05
5.01044e-05
5.01043e-05
5.01042e-05
5.01041e-05
5.0104e-05
5.01039e-05
5.01038e-05
5.01037e-05
5.01036e-05
5.01035e-05
5.01034e-05
5.01033e-05
5.01032e-05
5.01031e-05
5.01029e-05
5.01028e-05
5.01027e-05
5.01026e-05
5.01025e-05
5.01024e-05
5.01023e-05
5.01022e-05
5.01021e-05
5.0102e-05
5.01019e-05
5.01018e-05
5.01017e-05
5.01016e-05
5.01015e-05
5.01014e-05
5.01013e-05
5.01012e-05
5.01011e-05
5.0101e-05
5.01009e-05
5.01008e-05
5.01007e-05
5.01006e-05
5.01005e-05
5.01004e-05
5.01003e-05
5.01002e-05
5.01001e-05
5.01e-05
5.00999e-05
5.00998e-05
5.00997e-05
5.00996e-05
5.00995e-05
5.00994e-05
5.00993e-05
5.00992e-05
5.00991e-05
5.0099e-05
5.00989e-05
5.00988e-05
5.00987e-05
5.00986e-05
5.00985e-05
5.00984e-05
5.00983e-05
5.00982e-05
5.00981e-05
5.0098e-05
5.00979e-05
5.00978e-05
5.00977e-05
5.00976e-05
5.00975e-05
5.00974e-05
5.00973e-05
5.00972e-05
5.00971e-05
5.0097e-05
5.00969e-05
5.00968e-05
5.00967e-05
5.00966e-05
5.00965e-05
5.00964e-05
5.00963e-05
5.00962e-05
5.00961e-05
5.0096e-05
5.0096e-05
5.00959e-05
5.00958e-05
5.00957e-05
5.00956e-05
5.00955e-05
5.00954e-05
5.00953e-05
5.00952e-05
5.00951e-05
5.0095e-05
5.00949e-05
5.00948e-05

