5e-05
5e-05
5e-05
5e-05
5e-05
5e-05
5e-05
5e-05
5e-05
5e-05
5e-05
5e-05
5e-05
5e-05
5e-05
5e-05
5e-05
5e-05
5e-05
5e-05
5e-05
5e-05
5e-05
5e-05
5e-05
5e-05
5e-05
5e-05
5e-05
5e-05
5e-05
5e-05
5e-05
5e-05
5e-05
5e-05
5e-05
5e-05
5e-05
5e-05
5e-05
5e-05
5e-05
5e-05
5e-05
5e-05
5e-05
5e-05
5e-05
5e-05
5e-05
5e-05
5e-05
5e-05
5e-05
5e-05
5e-05
5e-05
5e-05
5e-05
5e-05
5e-05
5e-05
5e-05
5e-05
5e-05
5e-05
5e-05
5e-05
5e-05
5e-05
5e-05
5e-05
5e-05
5e-05
5e-05
5e-05
5e-05
5e-05
5e-05
5e-05
5e-05
5e-05
5e-05
5e-05
5e-05
5e-05
5e-05
5e-05
5e-05
5e-05
5e-05
5e-05
5e-05
5e-05
5e-05
5e-05
5e-05
5e-05
5e-05
5e-05
5e-05
5e-05
5e-05
5e-05
5e-05
5e-05
5e-05
5e-05
5e-05
5e-05
5e-05
5e-05
5e-05
5e-05
5e-05
5e-05
5e-05
5e-05
5e-05
5e-05
5e-05
5e-05
5e-05
5e-05
5e-05
5e-05
5e-05
5e-05
5e-05
5e-05
5e-05
5e-05
5e-05
5e-05
5e-05
5e-05
5e-05
5e-05
5e-05
5e-05
5e-05
5e-05
5e-05
5e-05
5e-05
5e-05
5e-05
5e-05
5e-05
5e-05
5e-05
5e-05
5e-05
5e-05
5e-05
5e-05
5e-05
5e-05
5e-05
5e-05
5e-05
5e-05
5e-05
5e-05
5e-05
5e-05
5e-05
5e-05
5e-05
5e-05
5e-05
5e-05
5e-05
5e-05
5e-05
5e-05
5e-05
5e-05
5e-05
5e-05
5e-05
5e-05
5e-05
5e-05
5e-05
5e-05
5e-05
5e-05
5e-05
5e-05
5e-05
5e-05
5e-05
5e-05
5e-05
5e-05
5e-05
5e-05
5e-05
5e-05
5e-05
5e-05
5e-05
5e-05
5e-05
5e-05
5e-05
5e-05
5e-05
5e-05
5e-05
5e-05
5e-05
5e-05
5e-05
5e-05
5e-05
5e-05
5e-05
5e-05
5e-05
5e-05
5e-05
5e-05
5e-05
5e-05
5e-05
5e-05
5e-05
5e-05
5e-05
5e-05
5e-05
5e-05
5e-05
5e-05
5e-05
5e-05
5e-05
5e-05
5e-05
5e-05
5e-05
5e-05
5e-05
5e-05
5e-05
5e-05
5e-05
5e-05
5e-05
5e-05
5e-05
5e-05
5e-05
5e-05
5e-05
5e-05
5e-05
5e-05
5e-05
5e-05
5e-05
5e-05
5e-05
5e-05
5e-05
5e-05
5e-05
5e-05
5e-05
5e-05
5e-05
5e-05
5e-05
5e-05
5e-05
5e-05
5e-05
5e-05
5e-05
5e-05
5e-05
5e-05
5e-05
5e-05
5e-05
5e-05
5e-05
5e-05
5e-05
5e-05
5e-05
5e-05
5e-05
5e-05
5e-05
5e-05
5e-05
5e-05
5e-05
5e-05
5e-05
5e-05
5e-05
5e-05
5e-05
5e-05
5e-05
5e-05
5e-05
5e-05
5e-05
5e-05
5e-05
5e-05
5e-05
5e-05
5e-05
5e-05
5e-05
5e-05
5e-05
5e-05
5e-05
5e-05
5e-05
5e-05
5e-05
5e-05
5e-05
5e-05
5e-05
5e-05
5e-05
5e-05
5e-05
5e-05
5e-05
5e-05
5e-05
5e-05
5e-05
5e-05
5e-05
5e-05
5e-05
5e-05
5e-05
5e-05
5e-05
5e-05
5e-05
5e-05
5e-05
5e-05
5e-05
5e-05
5e-05
5e-05
5e-05
5e-05
5e-05
5e-05
5e-05
5e-05
5e-05
5e-05
5e-05
5e-05
5e-05
5e-05
5e-05
5e-05
5e-05
5e-05
5e-05
5e-05
5e-05
5e-05
5e-05
5e-05
5e-05
5e-05
5e-05
5e-05
5e-05
5e-05
5e-05
5e-05
5e-05
5e-05
5e-05
5e-05
5e-05
5e-05
5e-05
5e-05
5e-05
5e-05
5e-05
5e-05
5e-05
5e-05
5e-05
5e-05
5e-05
5e-05
5e-05
5e-05
5e-05
5e-05
5e-05
5e-05
5e-05
5e-05
5e-05
5e-05
5e-05
5e-05
5e-05
5e-05
5e-05
5e-05
5e-05
5e-05
5e-05
5e-05
5e-05
5e-05
5e-05
5e-05
5e-05
5e-05
5e-05
5e-05
5e-05
5e-05
5e-05
5e-05
5e-05
5e-05
5e-05
5e-05
5e-05
5e-05
5e-05
5e-05
5e-05
5e-05
5e-05
5e-05
5e-05
5e-05
5e-05
5e-05
5e-05
5e-05
5e-05
5e-05
5e-05
5e-05
5e-05
5e-05
5e-05
5e-05
5e-05
5e-05
5e-05
5e-05
5e-05
5e-05
5e-05
5e-05
5e-05
5e-05
5e-05
5e-05
5e-05
5e-05
5e-05
5e-05
5e-05
5e-05
5e-05
5e-05
5e-05
5e-05
5e-05
5e-05
5e-05
5e-05
5e-05
5e-05
5e-05
5e-05
5e-05
5e-05
5e-05
5e-05
5e-05
5e-05
5e-05
5e-05
5e-05
5e-05
5e-05
5e-05
5e-05
5e-05
5e-05
5e-05
5e-05
5e-05
5e-05
5e-05
5e-05
5e-05
5e-05
5e-05
5e-05
5e-05
5e-05
5e-05
5e-05
5e-05
5e-05
5e-05
5e-05
5e-05
5e-05
5e-05
5e-05
5e-05
5e-05
5e-05
5e-05
5e-05
5e-05
5e-05
5e-05
5e-05
5e-05
5e-05
5e-05
5e-05
5e-05
5e-05
5e-05
5e-05
5e-05
5e-05
5e-05
5e-05
5e-05
5e-05
5e-05
5e-05
5e-05
5e-05
5e-05
5e-05
5e-05
5e-05
5e-05
5e-05
5e-05
5e-05
5e-05
5e-05
5e-05
5e-05
5e-05
5e-05
5e-05
5e-05
5e-05
5e-05
5e-05
5e-05
5e-05
5e-05
5e-05
5e-05
5e-05
5e-05
5e-05
5e-05
5e-05
5e-05
5e-05
5e-05
5e-05
5e-05
5e-05
5e-05
5e-05
5e-05
5e-05
5e-05
5e-05
5e-05
5e-05
5e-05
5e-05
5e-05
5e-05
5e-05
5e-05
5e-05
5e-05
5e-05
5e-05
5e-05
5e-05
5e-05
5e-05
5e-05
5e-05
5e-05
5e-05
5e-05
5e-05
5e-05
5e-05
5e-05
5e-05
5e-05
5e-05
5e-05
5e-05
5e-05
5e-05
5e-05
5e-05
5e-05
5e-05
5e-05
5e-05
5e-05
5e-05
5e-05
5e-05
5e-05
5e-05
5e-05
5e-05
5e-05
5e-05
5e-05
5e-05
5e-05
5e-05
5e-05
5e-05
5e-05
5e-05
5e-05
5e-05
5e-05
5e-05
5e-05
5e-05
5e-05
5e-05
5e-05
5e-05
5e-05
5e-05
5e-05
5e-05
5e-05
5e-05
5e-05
5e-05
5e-05
5e-05
5e-05
5e-05
5e-05
5e-05
5e-05
5e-05
5e-05
5e-05
5e-05
5e-05
5e-05
5e-05
5e-05
5e-05
5e-05
5e-05
5e-05
5e-05
5e-05
5e-05
5e-05
5e-05
5e-05
5e-05
5e-05
5e-05
5e-05
5e-05
5e-05
5e-05
5e-05
5e-05
5e-05
5e-05
5e-05
5e-05
5e-05
5e-05
5e-05
5e-05
5e-05
5e-05
5e-05
5e-05
5e-05
5e-05
5e-05
5e-05
5e-05
5e-05
5e-05
5e-05
5e-05
5e-05
5e-05
5e-05
5e-05
5e-05
5e-05
5e-05
5e-05
5e-05
5e-05
5e-05
5e-05
5e-05
5e-05
5e-05
5e-05
5e-05
5e-05
5e-05
5e-05
5e-05
5e-05
5e-05
5e-05
5e-05
5e-05
5e-05
5e-05
5e-05
5e-05
5e-05
5e-05
5e-05
5e-05
5e-05
5e-05
5e-05
5e-05
5e-05
5e-05
5e-05
5e-05
5e-05
5e-05
5e-05
5e-05
5e-05
5e-05
5e-05
5e-05
5e-05
5e-05
5e-05
5e-05
5e-05
5e-05
5e-05
5e-05
5e-05
5e-05
5e-05
5e-05
5e-05
5e-05
5e-05
5e-05
5e-05
5e-05
5e-05
5e-05
5e-05
5e-05
5e-05
5e-05
5e-05
5e-05
5e-05
5.00001e-05
5.00001e-05
5.00002e-05
5.00003e-05
5.00005e-05
5.00007e-05
5.0001e-05
5.00014e-05
5.00019e-05
5.00025e-05
5.00033e-05
5.00043e-05
5.00056e-05
5.0007e-05
5.00088e-05
5.00108e-05
5.00132e-05
5.00161e-05
5.00193e-05
5.0023e-05
5.00272e-05
5.0032e-05
5.00374e-05
5.00435e-05
5.00503e-05
5.00578e-05
5.00661e-05
5.00753e-05
5.00854e-05
5.00964e-05
5.01084e-05
5.01215e-05
5.01358e-05
5.01511e-05
5.01677e-05
5.01856e-05
5.02048e-05
5.02254e-05
5.02474e-05
5.02708e-05
5.02958e-05
5.03224e-05
5.03506e-05
5.03805e-05
5.04121e-05
5.04455e-05
5.04807e-05
5.05178e-05
5.05568e-05
5.05978e-05
5.06407e-05
5.06857e-05
5.07328e-05
5.07821e-05
5.08335e-05
5.08871e-05
5.09429e-05
5.1001e-05
5.10615e-05
5.11243e-05
5.11895e-05
5.12571e-05
5.13271e-05
5.13996e-05
5.14747e-05
5.15523e-05
5.16324e-05
5.17152e-05
5.18005e-05
5.18885e-05
5.19792e-05
5.20726e-05
5.21686e-05
5.22674e-05
5.23689e-05
5.24732e-05
5.25803e-05
5.26902e-05
5.28029e-05
5.29184e-05
5.30367e-05
5.31578e-05
5.32818e-05
5.34086e-05
5.35383e-05
5.36708e-05
5.38061e-05
5.39442e-05
5.40852e-05
5.42289e-05
5.43753e-05
5.45245e-05
5.46764e-05
5.4831e-05
5.49883e-05
5.51481e-05
5.53106e-05
5.54756e-05
5.56431e-05
5.5813e-05
5.59854e-05
5.61601e-05
5.63372e-05
5.65165e-05
5.6698e-05
5.68817e-05
5.70675e-05
5.72553e-05
5.74451e-05
5.76369e-05
5.78305e-05
5.8026e-05
5.82232e-05
5.8422e-05
5.86226e-05
5.88246e-05
5.90282e-05
5.92333e-05
5.94397e-05
5.96474e-05
5.98564e-05
6.00666e-05
6.02779e-05
6.04903e-05
6.07037e-05
6.09181e-05
6.11333e-05
6.13494e-05
6.15663e-05
6.17839e-05
6.20021e-05
6.2221e-05
6.24403e-05
6.26602e-05
6.28805e-05
6.31012e-05
6.33223e-05
6.35436e-05
6.37651e-05
6.39869e-05
6.42087e-05
6.44307e-05
6.46526e-05
6.48746e-05
6.50965e-05
6.53183e-05
6.554e-05
6.57615e-05
6.59828e-05
6.62038e-05
6.64245e-05
6.66449e-05
6.68649e-05
6.70844e-05
6.73036e-05
6.75222e-05
6.77404e-05
6.7958e-05
6.8175e-05
6.83914e-05
6.86072e-05
6.88223e-05
6.90367e-05
6.92504e-05
6.94633e-05
6.96755e-05
6.98869e-05
7.00974e-05
7.03072e-05
7.0516e-05
7.0724e-05
7.09311e-05
7.11373e-05
7.13425e-05
7.15468e-05
7.17501e-05
7.19524e-05
7.21537e-05
7.2354e-05
7.25532e-05
7.27514e-05
7.29485e-05
7.31446e-05
7.33396e-05
7.35335e-05
7.37263e-05
7.39179e-05
7.41085e-05
7.42979e-05
7.44862e-05
7.46733e-05
7.48592e-05
7.5044e-05
7.52277e-05
7.54101e-05
7.55914e-05
7.57715e-05
7.59504e-05
7.61281e-05
7.63046e-05
7.64799e-05
7.6654e-05
7.68269e-05
7.69986e-05
7.71691e-05
7.73384e-05
7.75064e-05
7.76732e-05
7.78389e-05
7.80033e-05
7.81665e-05
7.83285e-05
7.84893e-05
7.86488e-05
7.88072e-05
7.89643e-05
7.91202e-05
7.9275e-05
7.94285e-05
7.95808e-05
7.9732e-05
7.98819e-05
8.00306e-05
8.01782e-05
8.03246e-05
8.04697e-05
8.06137e-05
8.07566e-05
8.08982e-05
8.10387e-05
8.1178e-05
8.13162e-05
8.14532e-05
8.15891e-05
8.17238e-05
8.18574e-05
8.19898e-05
8.21211e-05
8.22513e-05
8.23804e-05
8.25084e-05
8.26352e-05
8.2761e-05
8.28856e-05
8.30092e-05
8.31317e-05
8.3253e-05
8.33734e-05
8.34926e-05
8.36108e-05
8.37279e-05
8.3844e-05
8.3959e-05
8.4073e-05
8.4186e-05
8.4298e-05
8.44089e-05
8.45188e-05
8.46277e-05
8.47356e-05
8.48425e-05
8.49484e-05
8.50534e-05
8.51573e-05
8.52603e-05
8.53623e-05
8.54634e-05
8.55635e-05
8.56627e-05
8.5761e-05
8.58583e-05
8.59547e-05
8.60502e-05
8.61447e-05
8.62384e-05
8.63311e-05
8.6423e-05
8.6514e-05
8.66041e-05
8.66933e-05
8.67817e-05
8.68692e-05
8.69559e-05
8.70417e-05
8.71266e-05
8.72108e-05
8.72941e-05
8.73766e-05
8.74582e-05
8.75391e-05
8.76191e-05
8.76984e-05
8.77768e-05
8.78545e-05
8.79314e-05
8.80075e-05
8.80829e-05
8.81575e-05
8.82313e-05
8.83044e-05
8.83768e-05
8.84484e-05
8.85192e-05
8.85894e-05
8.86588e-05
8.87275e-05
8.87955e-05
8.88628e-05
8.89294e-05
8.89954e-05
8.90606e-05
8.91251e-05
8.9189e-05
8.92522e-05
8.93147e-05
8.93766e-05
8.94378e-05
8.94984e-05
8.95583e-05
8.96176e-05
8.96762e-05
8.97343e-05
8.97917e-05
8.98484e-05
8.99046e-05
8.99602e-05
9.00151e-05
9.00695e-05
9.01233e-05
9.01764e-05
9.0229e-05
9.02811e-05
9.03325e-05
9.03834e-05
9.04337e-05
9.04834e-05
9.05326e-05
9.05813e-05
9.06294e-05
9.06769e-05
9.0724e-05
9.07705e-05
9.08164e-05
9.08619e-05
9.09068e-05
9.09512e-05
9.09951e-05
9.10385e-05
9.10813e-05
9.11237e-05
9.11656e-05
9.1207e-05
9.12479e-05
9.12884e-05
9.13283e-05
9.13678e-05
9.14068e-05
9.14454e-05
9.14835e-05
9.15211e-05
9.15583e-05
9.1595e-05
9.16313e-05
9.16671e-05
9.17025e-05
9.17375e-05
9.1772e-05
9.18061e-05
9.18398e-05
9.1873e-05
9.19058e-05
9.19383e-05
9.19703e-05
9.20019e-05
9.20331e-05
9.20639e-05
9.20943e-05
9.21243e-05
9.21539e-05
9.21831e-05
9.2212e-05
9.22404e-05
9.22685e-05
9.22962e-05
9.23236e-05
9.23505e-05
9.23771e-05
9.24034e-05
9.24293e-05
9.24548e-05
9.248e-05
9.25048e-05
9.25293e-05
9.25534e-05
9.25772e-05
9.26006e-05
9.26237e-05
9.26465e-05
9.2669e-05
9.26911e-05
9.27129e-05
9.27344e-05
9.27555e-05
9.27764e-05
9.27969e-05
9.28171e-05
9.2837e-05
9.28566e-05
9.28759e-05
9.28948e-05
9.29135e-05
9.29319e-05
9.295e-05
9.29678e-05
9.29853e-05
9.30026e-05
9.30195e-05
9.30362e-05
9.30525e-05
9.30686e-05
9.30845e-05
9.31e-05
9.31153e-05
9.31303e-05
9.3145e-05
9.31595e-05
9.31737e-05
9.31877e-05
9.32014e-05
9.32148e-05
9.3228e-05
9.3241e-05
9.32536e-05
9.32661e-05
9.32783e-05
9.32902e-05
9.33019e-05
9.33134e-05
9.33246e-05
9.33356e-05
9.33464e-05
9.33569e-05
9.33672e-05
9.33773e-05
9.33871e-05
9.33967e-05
9.34061e-05
9.34153e-05
9.34243e-05
9.3433e-05
9.34415e-05
9.34498e-05
9.34579e-05
9.34658e-05
9.34735e-05
9.34809e-05
9.34882e-05
9.34952e-05
9.35021e-05
9.35088e-05
9.35152e-05
9.35215e-05
9.35275e-05
9.35334e-05
9.35391e-05
9.35446e-05
9.35498e-05
9.35549e-05
9.35599e-05
9.35646e-05
9.35692e-05
9.35735e-05
9.35777e-05
9.35817e-05
9.35855e-05
9.35892e-05
9.35927e-05
9.3596e-05
9.35991e-05
9.36021e-05
9.36049e-05
9.36075e-05
9.36099e-05
9.36122e-05
9.36144e-05
9.36163e-05
9.36181e-05
9.36198e-05
9.36213e-05
9.36226e-05
9.36237e-05
9.36248e-05
9.36256e-05
9.36263e-05
9.36269e-05
9.36273e-05
9.36275e-05
9.36276e-05
9.36276e-05
9.36274e-05
9.36271e-05
9.36266e-05
9.3626e-05
9.36252e-05
9.36243e-05
9.36233e-05
9.36221e-05
9.36208e-05
9.36194e-05
9.36178e-05
9.36161e-05
9.36142e-05
9.36123e-05
9.36102e-05
9.36079e-05
9.36055e-05
9.36031e-05
9.36004e-05
9.35977e-05
9.35948e-05
9.35918e-05
9.35887e-05
9.35855e-05
9.35821e-05
9.35786e-05
9.3575e-05
9.35713e-05
9.35675e-05
9.35635e-05
9.35595e-05
9.35553e-05
9.3551e-05
9.35466e-05
9.35421e-05
9.35375e-05
9.35328e-05
9.35279e-05
9.3523e-05
9.35179e-05
9.35128e-05
9.35075e-05
9.35021e-05
9.34966e-05
9.34911e-05
9.34854e-05
9.34796e-05
9.34737e-05
9.34677e-05
9.34617e-05
9.34555e-05
9.34492e-05
9.34428e-05
9.34364e-05
9.34298e-05
9.34231e-05
9.34164e-05
9.34095e-05
9.34026e-05
9.33956e-05
9.33885e-05
9.33812e-05
9.33739e-05
9.33666e-05
9.33591e-05
9.33515e-05
9.33439e-05
9.33361e-05
9.33283e-05
9.33204e-05
9.33124e-05
9.33044e-05
9.32962e-05
9.3288e-05
9.32796e-05
9.32713e-05
9.32628e-05
9.32542e-05
9.32456e-05
9.32369e-05
9.32281e-05
9.32192e-05
9.32103e-05
9.32013e-05
9.31922e-05
9.3183e-05
9.31737e-05
9.31644e-05
9.3155e-05
9.31456e-05
9.3136e-05
9.31264e-05
9.31168e-05
9.3107e-05
9.30972e-05
9.30873e-05
9.30774e-05
9.30674e-05
9.30573e-05
9.30471e-05
9.30369e-05
9.30266e-05
9.30163e-05
9.30059e-05
9.29954e-05
9.29849e-05
9.29743e-05
9.29636e-05
9.29529e-05
9.29421e-05
9.29312e-05
9.29203e-05
9.29094e-05
9.28983e-05
9.28872e-05
9.28761e-05
9.28649e-05
9.28536e-05
9.28423e-05
9.28309e-05
9.28195e-05
9.2808e-05
9.27965e-05
9.27849e-05
9.27732e-05
9.27615e-05
9.27497e-05
9.27379e-05
9.27261e-05
9.27142e-05
9.27022e-05
9.26902e-05
9.26781e-05
9.2666e-05
9.26538e-05
9.26416e-05
9.26293e-05
9.2617e-05
9.26046e-05
9.25922e-05
9.25797e-05
9.25672e-05
9.25546e-05
9.2542e-05
9.25294e-05
9.25167e-05
9.25039e-05
9.24911e-05
9.24783e-05
9.24654e-05
9.24525e-05
9.24395e-05
9.24265e-05
9.24135e-05
9.24004e-05
9.23873e-05
9.23741e-05
9.23609e-05
9.23476e-05
9.23343e-05
9.23209e-05
9.23076e-05
9.22941e-05
9.22807e-05
9.22672e-05
9.22536e-05
9.22401e-05
9.22264e-05
9.22128e-05
9.21991e-05
9.21854e-05
9.21716e-05
9.21578e-05
9.2144e-05
9.21301e-05
9.21162e-05
9.21022e-05
9.20882e-05
9.20742e-05
9.20602e-05
9.20461e-05
9.2032e-05
9.20178e-05
9.20036e-05
9.19894e-05
9.19752e-05
9.19609e-05
9.19466e-05
9.19322e-05
9.19178e-05
9.19034e-05
9.1889e-05
9.18745e-05
9.186e-05
9.18455e-05
9.18309e-05
9.18163e-05
9.18017e-05
9.17871e-05
9.17724e-05
9.17577e-05
9.17429e-05
9.17282e-05
9.17134e-05
9.16986e-05
9.16837e-05
9.16688e-05
9.16539e-05
9.1639e-05
9.1624e-05
9.16091e-05
9.15941e-05
9.1579e-05
9.1564e-05
9.15489e-05
9.15338e-05
9.15187e-05
9.15035e-05
9.14883e-05
9.14731e-05
9.14579e-05
9.14426e-05
9.14273e-05
9.1412e-05
9.13967e-05
9.13814e-05
9.1366e-05
9.13506e-05
9.13352e-05
9.13198e-05
9.13043e-05
9.12888e-05
9.12733e-05
9.12578e-05
9.12423e-05
9.12267e-05
9.12111e-05
9.11955e-05
9.11799e-05
9.11643e-05
9.11486e-05
9.11329e-05
9.11172e-05
9.11015e-05
9.10858e-05
9.107e-05
9.10542e-05
9.10385e-05
9.10226e-05
9.10068e-05
9.0991e-05
9.09751e-05
9.09592e-05
9.09433e-05
9.09274e-05
9.09115e-05
9.08955e-05
9.08796e-05
9.08636e-05
9.08476e-05
9.08316e-05
9.08155e-05
9.07995e-05
9.07834e-05
9.07673e-05
9.07512e-05
9.07351e-05
9.0719e-05
9.07029e-05
9.06867e-05
9.06705e-05
9.06544e-05
9.06382e-05
9.0622e-05
9.06057e-05
9.05895e-05
9.05733e-05
9.0557e-05
9.05407e-05
9.05244e-05
9.05081e-05
9.04918e-05
9.04755e-05
9.04591e-05
9.04428e-05
9.04264e-05
9.041e-05
9.03937e-05
9.03773e-05
9.03608e-05
9.03444e-05
9.0328e-05
9.03115e-05
9.02951e-05
9.02786e-05
9.02621e-05
9.02456e-05
9.02291e-05
9.02126e-05
9.01961e-05
9.01796e-05
9.0163e-05
9.01465e-05
9.01299e-05
9.01134e-05
9.00968e-05
9.00802e-05
9.00636e-05
9.0047e-05
9.00304e-05
9.00138e-05
8.99971e-05
8.99805e-05
8.99638e-05
8.99472e-05
8.99305e-05
8.99138e-05
8.98971e-05
8.98805e-05
8.98638e-05
8.98471e-05
8.98303e-05
8.98136e-05
8.97969e-05
8.97802e-05
8.97634e-05
8.97467e-05
8.97299e-05
8.97131e-05
8.96964e-05
8.96796e-05
8.96628e-05
8.9646e-05
8.96292e-05
8.96124e-05
8.95956e-05
8.95788e-05
8.9562e-05
8.95451e-05
8.95283e-05
8.95115e-05
8.94946e-05
8.94778e-05
8.94609e-05
8.94441e-05
8.94272e-05
8.94103e-05
8.93935e-05
8.93766e-05
8.93597e-05
8.93428e-05
8.93259e-05
8.9309e-05
8.92921e-05
8.92752e-05
8.92583e-05
8.92414e-05
8.92245e-05
8.92076e-05
8.91906e-05
8.91737e-05
8.91568e-05
8.91398e-05
8.91229e-05
8.9106e-05
8.9089e-05
8.90721e-05
8.90551e-05
8.90382e-05
8.90212e-05
8.90042e-05
8.89873e-05
8.89703e-05
8.89533e-05
8.89364e-05
8.89194e-05
8.89024e-05
8.88854e-05
8.88685e-05
8.88515e-05
8.88345e-05
8.88175e-05
8.88005e-05
8.87835e-05
8.87665e-05
8.87495e-05
8.87325e-05
8.87155e-05
8.86985e-05
8.86815e-05
8.86645e-05
8.86475e-05
8.86305e-05
8.86135e-05
8.85965e-05
8.85795e-05
8.85625e-05
8.85455e-05
8.85285e-05
8.85115e-05
8.84944e-05
8.84774e-05
8.84604e-05
8.84434e-05
8.84264e-05
8.84094e-05
8.83924e-05
8.83753e-05
8.83583e-05
8.83413e-05
8.83243e-05
8.83073e-05
8.82903e-05
8.82732e-05
8.82562e-05
8.82392e-05
8.82222e-05
8.82052e-05
8.81882e-05
8.81712e-05
8.81542e-05
8.81371e-05
8.81201e-05
8.81031e-05
8.80861e-05
8.80691e-05
8.80521e-05
8.80351e-05
8.80181e-05
8.80011e-05
8.79841e-05
8.79671e-05
8.79501e-05
8.79331e-05
8.79161e-05
8.78991e-05
8.78821e-05
8.78651e-05
8.78481e-05
8.78311e-05
8.78141e-05
8.77971e-05
8.77801e-05
8.77631e-05
8.77462e-05
8.77292e-05
8.77122e-05
8.76952e-05
8.76783e-05
8.76613e-05
8.76443e-05
8.76273e-05
8.76104e-05
8.75934e-05
8.75764e-05
8.75595e-05
8.75425e-05
8.75256e-05
8.75086e-05
8.74917e-05
8.74747e-05
8.74578e-05
8.74408e-05
8.74239e-05
8.7407e-05
8.739e-05
8.73731e-05
8.73562e-05
8.73393e-05
8.73223e-05
8.73054e-05
8.72885e-05
8.72716e-05
8.72547e-05
8.72378e-05
8.72209e-05
8.7204e-05
8.71871e-05
8.71702e-05
8.71533e-05
8.71364e-05
8.71195e-05
8.71026e-05
8.70858e-05
8.70689e-05
8.7052e-05
8.70352e-05
8.70183e-05
8.70014e-05
8.69846e-05
8.69677e-05
8.69509e-05
8.69341e-05
8.69172e-05
8.69004e-05
8.68835e-05
8.68667e-05
8.68499e-05
8.68331e-05
8.68163e-05
8.67995e-05
8.67827e-05
8.67659e-05
8.67491e-05
8.67323e-05
8.67155e-05
8.66987e-05
8.66819e-05
8.66651e-05
8.66484e-05
8.66316e-05
8.66148e-05
8.65981e-05
8.65813e-05
8.65646e-05
8.65478e-05
8.65311e-05
8.65144e-05
8.64976e-05
8.64809e-05
8.64642e-05
8.64475e-05
8.64307e-05
8.6414e-05
8.63973e-05
8.63806e-05
8.6364e-05
8.63473e-05
8.63306e-05
8.63139e-05
8.62972e-05
8.62806e-05
8.62639e-05
8.62473e-05
8.62306e-05
8.6214e-05
8.61973e-05
8.61807e-05
8.6164e-05
8.61474e-05
8.61308e-05
8.61142e-05
8.60976e-05
8.6081e-05
8.60644e-05
8.60478e-05
8.60312e-05
8.60146e-05
8.5998e-05
8.59815e-05
8.59649e-05
8.59483e-05
8.59318e-05
8.59152e-05
8.58987e-05
8.58822e-05
8.58656e-05
8.58491e-05
8.58326e-05
8.58161e-05
8.57996e-05
8.57831e-05
8.57666e-05
8.57501e-05
8.57336e-05
8.57171e-05
8.57006e-05
8.56842e-05
8.56677e-05
8.56512e-05
8.56348e-05
8.56183e-05
8.56019e-05
8.55855e-05
8.55691e-05
8.55526e-05
8.55362e-05
8.55198e-05
8.55034e-05
8.5487e-05
8.54706e-05
8.54542e-05
8.54379e-05
8.54215e-05
8.54051e-05
8.53888e-05
8.53724e-05
8.53561e-05
8.53397e-05
8.53234e-05
8.53071e-05
8.52908e-05
8.52744e-05
8.52581e-05
8.52418e-05
8.52255e-05
8.52092e-05
8.5193e-05
8.51767e-05
8.51604e-05
8.51442e-05
8.51279e-05
8.51117e-05
8.50954e-05
8.50792e-05
8.50629e-05
8.50467e-05
8.50305e-05
8.50143e-05
8.49981e-05
8.49819e-05
8.49657e-05
8.49495e-05
8.49334e-05
8.49172e-05
8.4901e-05
8.48849e-05
8.48687e-05
8.48526e-05
8.48364e-05
8.48203e-05
8.48042e-05
8.47881e-05
8.4772e-05
8.47559e-05
8.47398e-05
8.47237e-05
8.47076e-05
8.46915e-05
8.46755e-05
8.46594e-05
8.46433e-05
8.46273e-05
8.46113e-05
8.45952e-05
8.45792e-05
8.45632e-05
8.45472e-05
8.45312e-05
8.45152e-05
8.44992e-05
8.44832e-05
8.44672e-05
8.44513e-05
8.44353e-05
8.44193e-05
8.44034e-05
8.43875e-05
8.43715e-05
8.43556e-05
8.43397e-05
8.43238e-05
8.43079e-05
8.4292e-05
8.42761e-05
8.42602e-05
8.42443e-05
8.42284e-05
8.42126e-05
8.41967e-05
8.41809e-05
8.4165e-05
8.41492e-05
8.41334e-05
8.41176e-05
8.41018e-05
8.4086e-05
8.40702e-05
8.40544e-05
8.40386e-05
8.40228e-05
8.40071e-05
8.39913e-05
8.39755e-05
8.39598e-05
8.39441e-05
8.39283e-05
8.39126e-05
8.38969e-05
8.38812e-05
8.38655e-05
8.38498e-05
8.38341e-05
8.38184e-05
8.38028e-05
8.37871e-05
8.37715e-05
8.37558e-05
8.37402e-05
8.37245e-05
8.37089e-05
8.36933e-05
8.36777e-05
8.36621e-05
8.36465e-05
8.36309e-05
8.36153e-05
8.35997e-05
8.35842e-05
8.35686e-05
8.35531e-05
8.35375e-05
8.3522e-05
8.35065e-05
8.3491e-05
8.34754e-05
8.34599e-05
8.34444e-05
8.3429e-05
8.34135e-05
8.3398e-05
8.33825e-05
8.33671e-05
8.33516e-05
8.33362e-05
8.33208e-05
8.33053e-05
8.32899e-05
8.32745e-05
8.32591e-05
8.32437e-05
8.32283e-05
8.32129e-05
8.31976e-05
8.31822e-05
8.31668e-05
8.31515e-05
8.31361e-05
8.31208e-05
8.31055e-05
8.30902e-05
8.30748e-05
8.30595e-05
8.30442e-05
8.3029e-05
8.30137e-05
8.29984e-05
8.29831e-05
8.29679e-05
8.29526e-05
8.29374e-05
8.29222e-05
8.29069e-05
8.28917e-05
8.28765e-05
8.28613e-05
8.28461e-05
8.28309e-05
8.28157e-05
8.28006e-05
8.27854e-05
8.27703e-05
8.27551e-05
8.274e-05
8.27248e-05
8.27097e-05
8.26946e-05
8.26795e-05
8.26644e-05
8.26493e-05
8.26342e-05
8.26191e-05
8.26041e-05
8.2589e-05
8.25739e-05
8.25589e-05
8.25439e-05
8.25288e-05
8.25138e-05
8.24988e-05
8.24838e-05
8.24688e-05
8.24538e-05
8.24388e-05
8.24238e-05
8.24089e-05
8.23939e-05
8.2379e-05
8.2364e-05
8.23491e-05
8.23342e-05
8.23192e-05
8.23043e-05
8.22894e-05
8.22745e-05
8.22596e-05
8.22448e-05
8.22299e-05
8.2215e-05
8.22002e-05
8.21853e-05
8.21705e-05
8.21556e-05
8.21408e-05
8.2126e-05
8.21112e-05
8.20964e-05
8.20816e-05
8.20668e-05
8.2052e-05
8.20373e-05
8.20225e-05
8.20078e-05
8.1993e-05
8.19783e-05
8.19636e-05
8.19488e-05
8.19341e-05
8.19194e-05
8.19047e-05
8.189e-05
8.18753e-05
8.18607e-05
8.1846e-05
8.18313e-05
8.18167e-05
8.18021e-05
8.17874e-05
8.17728e-05
8.17582e-05
8.17436e-05
8.1729e-05
8.17144e-05
8.16998e-05
8.16852e-05
8.16706e-05
8.16561e-05
8.16415e-05
8.1627e-05
8.16124e-05
8.15979e-05
8.15834e-05
8.15689e-05
8.15544e-05
8.15399e-05
8.15254e-05
8.15109e-05
8.14964e-05
8.14819e-05
8.14675e-05
8.1453e-05
8.14386e-05
8.14242e-05
8.14097e-05
8.13953e-05
8.13809e-05
8.13665e-05
8.13521e-05
8.13377e-05
8.13233e-05
8.1309e-05
8.12946e-05
8.12802e-05
8.12659e-05
8.12516e-05
8.12372e-05
8.12229e-05
8.12086e-05
8.11943e-05
8.118e-05
8.11657e-05
8.11514e-05
8.11371e-05
8.11229e-05
8.11086e-05
8.10943e-05
8.10801e-05
8.10659e-05
8.10516e-05
8.10374e-05
8.10232e-05
8.1009e-05
8.09948e-05
8.09806e-05
8.09664e-05
8.09523e-05
8.09381e-05
8.09239e-05
8.09098e-05
8.08957e-05
8.08815e-05
8.08674e-05
8.08533e-05
8.08392e-05
8.08251e-05
8.0811e-05
8.07969e-05
8.07828e-05
8.07687e-05
8.07547e-05
8.07406e-05
8.07266e-05
8.07125e-05
8.06985e-05
8.06845e-05
8.06705e-05
8.06565e-05
8.06425e-05
8.06285e-05
8.06145e-05
8.06005e-05
8.05866e-05
8.05726e-05
8.05586e-05
8.05447e-05
8.05308e-05
8.05168e-05
8.05029e-05
8.0489e-05
8.04751e-05
8.04612e-05
8.04473e-05
8.04334e-05
8.04196e-05
8.04057e-05
8.03918e-05
8.0378e-05
8.03642e-05
8.03503e-05
8.03365e-05
8.03227e-05
8.03089e-05
8.02951e-05
8.02813e-05
8.02675e-05
8.02537e-05
8.02399e-05
8.02262e-05
8.02124e-05
8.01987e-05
8.01849e-05
8.01712e-05
8.01575e-05
8.01438e-05
8.01301e-05
8.01164e-05
8.01027e-05
8.0089e-05
8.00753e-05
8.00616e-05
8.0048e-05
8.00343e-05
8.00207e-05
8.0007e-05
7.99934e-05
7.99798e-05
7.99662e-05
7.99526e-05
7.9939e-05
7.99254e-05
7.99118e-05
7.98982e-05
7.98847e-05
7.98711e-05
7.98576e-05
7.9844e-05
7.98305e-05
7.98169e-05
7.98034e-05
7.97899e-05
7.97764e-05
7.97629e-05
7.97494e-05
7.97359e-05
7.97225e-05
7.9709e-05
7.96955e-05
7.96821e-05
7.96687e-05
7.96552e-05
7.96418e-05
7.96284e-05
7.9615e-05
7.96016e-05
7.95882e-05
7.95748e-05
7.95614e-05
7.9548e-05
7.95347e-05
7.95213e-05
7.95079e-05
7.94946e-05
7.94813e-05
7.94679e-05
7.94546e-05
7.94413e-05
7.9428e-05
7.94147e-05
7.94014e-05
7.93881e-05
7.93749e-05
7.93616e-05
7.93483e-05
7.93351e-05
7.93219e-05
7.93086e-05
7.92954e-05
7.92822e-05
7.9269e-05
7.92558e-05
7.92426e-05
7.92294e-05
7.92162e-05
7.9203e-05
7.91899e-05
7.91767e-05
7.91635e-05
7.91504e-05
7.91373e-05
7.91241e-05
7.9111e-05
7.90979e-05
7.90848e-05
7.90717e-05
7.90586e-05
7.90455e-05
7.90325e-05
7.90194e-05
7.90063e-05
7.89933e-05
7.89802e-05
7.89672e-05
7.89542e-05
7.89412e-05
7.89281e-05
7.89151e-05
7.89021e-05
7.88892e-05
7.88762e-05
7.88632e-05
7.88502e-05
7.88373e-05
7.88243e-05
7.88114e-05
7.87984e-05
7.87855e-05
7.87726e-05
7.87597e-05
7.87468e-05
7.87339e-05
7.8721e-05
7.87081e-05
7.86952e-05
7.86823e-05
7.86695e-05
7.86566e-05
7.86438e-05
7.86309e-05
7.86181e-05
7.86053e-05
7.85924e-05
7.85796e-05
7.85668e-05
7.8554e-05
7.85413e-05
7.85285e-05
7.85157e-05
7.85029e-05
7.84902e-05
7.84774e-05
7.84647e-05
7.84519e-05
7.84392e-05
7.84265e-05
7.84138e-05
7.84011e-05
7.83884e-05
7.83757e-05
7.8363e-05
7.83503e-05
7.83377e-05
7.8325e-05
7.83123e-05
7.82997e-05
7.82871e-05
7.82744e-05
7.82618e-05
7.82492e-05
7.82366e-05
7.8224e-05
7.82114e-05
7.81988e-05
7.81862e-05
7.81736e-05
7.81611e-05
7.81485e-05
7.8136e-05
7.81234e-05
7.81109e-05
7.80984e-05
7.80858e-05
7.80733e-05
7.80608e-05
7.80483e-05
7.80358e-05
7.80233e-05
7.80109e-05
7.79984e-05
7.79859e-05
7.79735e-05
7.7961e-05
7.79486e-05
7.79362e-05
7.79237e-05
7.79113e-05
7.78989e-05
7.78865e-05
7.78741e-05
7.78617e-05
7.78493e-05
7.7837e-05
7.78246e-05
7.78122e-05
7.77999e-05
7.77875e-05
7.77752e-05
7.77629e-05
7.77505e-05
7.77382e-05
7.77259e-05
7.77136e-05
7.77013e-05
7.7689e-05
7.76767e-05
7.76645e-05
7.76522e-05
7.76399e-05
7.76277e-05
7.76154e-05
7.76032e-05
7.7591e-05
7.75788e-05
7.75665e-05
7.75543e-05
7.75421e-05
7.75299e-05
7.75177e-05
7.75056e-05
7.74934e-05
7.74812e-05
7.74691e-05
7.74569e-05
7.74448e-05
7.74326e-05
7.74205e-05
7.74084e-05
7.73963e-05
7.73842e-05
7.73721e-05
7.736e-05
7.73479e-05
7.73358e-05
7.73237e-05
7.73117e-05
7.72996e-05
7.72875e-05
7.72755e-05
7.72635e-05
7.72514e-05
7.72394e-05
7.72274e-05
7.72154e-05
7.72034e-05
7.71914e-05
7.71794e-05
7.71674e-05
7.71554e-05
7.71435e-05
7.71315e-05
7.71196e-05
7.71076e-05
7.70957e-05
7.70837e-05
7.70718e-05
7.70599e-05
7.7048e-05
7.70361e-05
7.70242e-05
7.70123e-05
7.70004e-05
7.69885e-05
7.69767e-05
7.69648e-05
7.69529e-05
7.69411e-05
7.69293e-05
7.69174e-05
7.69056e-05
7.68938e-05
7.6882e-05
7.68702e-05
7.68584e-05
7.68466e-05
7.68348e-05
7.6823e-05
7.68112e-05
7.67995e-05
7.67877e-05
7.6776e-05
7.67642e-05
7.67525e-05
7.67407e-05
7.6729e-05
7.67173e-05
7.67056e-05
7.66939e-05
7.66822e-05
7.66705e-05
7.66588e-05
7.66471e-05
7.66355e-05
7.66238e-05
7.66122e-05
7.66005e-05
7.65889e-05
7.65772e-05
7.65656e-05
7.6554e-05
7.65424e-05
7.65308e-05
7.65192e-05
7.65076e-05
7.6496e-05
7.64844e-05
7.64728e-05
7.64613e-05
7.64497e-05
7.64382e-05
7.64266e-05
7.64151e-05
7.64035e-05
7.6392e-05
7.63805e-05
7.6369e-05
7.63575e-05
7.6346e-05
7.63345e-05
7.6323e-05
7.63115e-05
7.63001e-05
7.62886e-05
7.62771e-05
7.62657e-05
7.62542e-05
7.62428e-05
7.62314e-05
7.622e-05
7.62085e-05
7.61971e-05
7.61857e-05
7.61743e-05
7.61629e-05
7.61515e-05
7.61402e-05
7.61288e-05
7.61174e-05
7.61061e-05
7.60947e-05
7.60834e-05
7.6072e-05
7.60607e-05
7.60494e-05
7.60381e-05
7.60268e-05
7.60155e-05
7.60042e-05
7.59929e-05
7.59816e-05
7.59703e-05
7.5959e-05
7.59478e-05
7.59365e-05
7.59253e-05
7.5914e-05
7.59028e-05
7.58916e-05
7.58803e-05
7.58691e-05
7.58579e-05
7.58467e-05
7.58355e-05
7.58243e-05
7.58131e-05
7.58019e-05
7.57908e-05
7.57796e-05
7.57684e-05
7.57573e-05
7.57462e-05
7.5735e-05
7.57239e-05
7.57128e-05
7.57016e-05
7.56905e-05
7.56794e-05
7.56683e-05
7.56572e-05
7.56461e-05
7.56351e-05
7.5624e-05
7.56129e-05
7.56019e-05
7.55908e-05
7.55797e-05
7.55687e-05
7.55577e-05
7.55466e-05
7.55356e-05
7.55246e-05
7.55136e-05
7.55026e-05
7.54916e-05
7.54806e-05
7.54696e-05
7.54586e-05
7.54477e-05
7.54367e-05
7.54258e-05
7.54148e-05
7.54039e-05
7.53929e-05
7.5382e-05
7.53711e-05
7.53601e-05
7.53492e-05
7.53383e-05
7.53274e-05
7.53165e-05
7.53056e-05
7.52948e-05
7.52839e-05
7.5273e-05
7.52622e-05
7.52513e-05
7.52405e-05
7.52296e-05
7.52188e-05
7.52079e-05
7.51971e-05
7.51863e-05
7.51755e-05
7.51647e-05
7.51539e-05
7.51431e-05
7.51323e-05
7.51215e-05
7.51108e-05
7.51e-05
7.50892e-05
7.50785e-05
7.50677e-05
7.5057e-05
7.50462e-05
7.50355e-05
7.50248e-05
7.50141e-05
7.50034e-05
7.49927e-05
7.4982e-05
7.49713e-05
7.49606e-05
7.49499e-05
7.49392e-05
7.49286e-05
7.49179e-05
7.49073e-05
7.48966e-05
7.4886e-05
7.48753e-05
7.48647e-05
7.48541e-05
7.48435e-05
7.48329e-05
7.48222e-05
7.48116e-05
7.48011e-05
7.47905e-05
7.47799e-05
7.47693e-05
7.47587e-05
7.47482e-05
7.47376e-05
7.47271e-05
7.47165e-05
7.4706e-05
7.46955e-05
7.46849e-05
7.46744e-05
7.46639e-05
7.46534e-05
7.46429e-05
7.46324e-05
7.46219e-05
7.46114e-05
7.4601e-05
7.45905e-05
7.458e-05
7.45696e-05
7.45591e-05
7.45487e-05
7.45382e-05
7.45278e-05
7.45174e-05
7.4507e-05
7.44966e-05
7.44861e-05
7.44757e-05
7.44653e-05
7.4455e-05
7.44446e-05
7.44342e-05
7.44238e-05
7.44135e-05
7.44031e-05
7.43927e-05
7.43824e-05
7.43721e-05
7.43617e-05
7.43514e-05
7.43411e-05
7.43307e-05
7.43204e-05
7.43101e-05
7.42998e-05
7.42895e-05
7.42792e-05
7.4269e-05
7.42587e-05
7.42484e-05
7.42382e-05
7.42279e-05
7.42176e-05
7.42074e-05
7.41972e-05
7.41869e-05
7.41767e-05
7.41665e-05
7.41563e-05
7.4146e-05
7.41358e-05
7.41256e-05
7.41154e-05
7.41053e-05
7.40951e-05
7.40849e-05
7.40747e-05
7.40646e-05
7.40544e-05
7.40443e-05
7.40341e-05
7.4024e-05
7.40138e-05
7.40037e-05
7.39936e-05
7.39835e-05
7.39734e-05
7.39633e-05
7.39532e-05
7.39431e-05
7.3933e-05
7.39229e-05
7.39128e-05
7.39028e-05
7.38927e-05
7.38826e-05
7.38726e-05
7.38625e-05
7.38525e-05
7.38425e-05
7.38324e-05
7.38224e-05
7.38124e-05
7.38024e-05
7.37924e-05
7.37824e-05
7.37724e-05
7.37624e-05
7.37524e-05
7.37424e-05
7.37325e-05
7.37225e-05
7.37125e-05
7.37026e-05
7.36926e-05
7.36827e-05
7.36728e-05
7.36628e-05
7.36529e-05
7.3643e-05
7.36331e-05
7.36232e-05
7.36133e-05
7.36034e-05
7.35935e-05
7.35836e-05
7.35737e-05
7.35638e-05
7.3554e-05
7.35441e-05
7.35343e-05
7.35244e-05
7.35146e-05
7.35047e-05
7.34949e-05
7.34851e-05
7.34752e-05
7.34654e-05
7.34556e-05
7.34458e-05
7.3436e-05
7.34262e-05
7.34164e-05
7.34066e-05
7.33969e-05
7.33871e-05
7.33773e-05
7.33676e-05
7.33578e-05
7.33481e-05
7.33383e-05
7.33286e-05
7.33189e-05
7.33091e-05
7.32994e-05
7.32897e-05
7.328e-05
7.32703e-05
7.32606e-05
7.32509e-05
7.32412e-05
7.32315e-05
7.32218e-05
7.32122e-05
7.32025e-05
7.31929e-05
7.31832e-05
7.31736e-05
7.31639e-05
7.31543e-05
7.31446e-05
7.3135e-05
7.31254e-05
7.31158e-05
7.31062e-05
7.30966e-05
7.3087e-05
7.30774e-05
7.30678e-05
7.30582e-05
7.30486e-05
7.30391e-05
7.30295e-05
7.30199e-05
7.30104e-05
7.30008e-05
7.29913e-05
7.29818e-05
7.29722e-05
7.29627e-05
7.29532e-05
7.29437e-05
7.29341e-05
7.29246e-05
7.29151e-05
7.29056e-05
7.28962e-05
7.28867e-05
7.28772e-05
7.28677e-05
7.28583e-05
7.28488e-05
7.28393e-05
7.28299e-05
7.28204e-05
7.2811e-05
7.28016e-05
7.27921e-05
7.27827e-05
7.27733e-05
7.27639e-05
7.27545e-05
7.27451e-05
7.27357e-05
7.27263e-05
7.27169e-05
7.27075e-05
7.26981e-05
7.26888e-05
7.26794e-05
7.26701e-05
7.26607e-05
7.26514e-05
7.2642e-05
7.26327e-05
7.26233e-05
7.2614e-05
7.26047e-05
7.25954e-05
7.25861e-05
7.25768e-05
7.25675e-05
7.25582e-05
7.25489e-05
7.25396e-05
7.25303e-05
7.2521e-05
7.25118e-05
7.25025e-05
7.24932e-05
7.2484e-05
7.24747e-05
7.24655e-05
7.24563e-05
7.2447e-05
7.24378e-05
7.24286e-05
7.24194e-05
7.24102e-05
7.2401e-05
7.23918e-05
7.23826e-05
7.23734e-05
7.23642e-05
7.2355e-05
7.23458e-05
7.23367e-05
7.23275e-05
7.23183e-05
7.23092e-05
7.23e-05
7.22909e-05
7.22818e-05
7.22726e-05
7.22635e-05
7.22544e-05
7.22453e-05
7.22362e-05
7.22271e-05
7.22179e-05
7.22089e-05
7.21998e-05
7.21907e-05
7.21816e-05
7.21725e-05
7.21635e-05
7.21544e-05
7.21453e-05
7.21363e-05
7.21272e-05
7.21182e-05
7.21091e-05
7.21001e-05
7.20911e-05
7.20821e-05
7.2073e-05
7.2064e-05
7.2055e-05
7.2046e-05
7.2037e-05
7.2028e-05
7.2019e-05
7.201e-05
7.20011e-05
7.19921e-05
7.19831e-05
7.19742e-05
7.19652e-05
7.19563e-05
7.19473e-05
7.19384e-05
7.19294e-05
7.19205e-05
7.19116e-05
7.19027e-05
7.18937e-05
7.18848e-05
7.18759e-05
7.1867e-05
7.18581e-05
7.18492e-05
7.18403e-05
7.18315e-05
7.18226e-05
7.18137e-05
7.18048e-05
7.1796e-05
7.17871e-05
7.17783e-05
7.17694e-05
7.17606e-05
7.17517e-05
7.17429e-05
7.17341e-05
7.17253e-05
7.17165e-05
7.17076e-05
7.16988e-05
7.169e-05
7.16812e-05
7.16724e-05
7.16637e-05
7.16549e-05
7.16461e-05
7.16373e-05
7.16286e-05
7.16198e-05
7.1611e-05
7.16023e-05
7.15935e-05
7.15848e-05
7.15761e-05
7.15673e-05
7.15586e-05
7.15499e-05
7.15412e-05
7.15325e-05
7.15237e-05
7.1515e-05
7.15063e-05
7.14977e-05
7.1489e-05
7.14803e-05
7.14716e-05
7.14629e-05
7.14543e-05
7.14456e-05
7.14369e-05
7.14283e-05
7.14196e-05
7.1411e-05
7.14024e-05
7.13937e-05
7.13851e-05
7.13765e-05
7.13678e-05
7.13592e-05
7.13506e-05
7.1342e-05
7.13334e-05
7.13248e-05
7.13162e-05
7.13076e-05
7.12991e-05
7.12905e-05
7.12819e-05
7.12733e-05
7.12648e-05
7.12562e-05
7.12477e-05
7.12391e-05
7.12306e-05
7.1222e-05
7.12135e-05
7.1205e-05
7.11965e-05
7.11879e-05
7.11794e-05
7.11709e-05
7.11624e-05
7.11539e-05
7.11454e-05
7.11369e-05
7.11284e-05
7.112e-05
7.11115e-05
7.1103e-05
7.10945e-05
7.10861e-05
7.10776e-05
7.10692e-05
7.10607e-05
7.10523e-05
7.10438e-05
7.10354e-05
7.1027e-05
7.10186e-05
7.10101e-05
7.10017e-05
7.09933e-05
7.09849e-05
7.09765e-05
7.09681e-05
7.09597e-05
7.09513e-05
7.0943e-05
7.09346e-05
7.09262e-05
7.09178e-05
7.09095e-05
7.09011e-05
7.08928e-05
7.08844e-05
7.08761e-05
7.08677e-05
7.08594e-05
7.08511e-05
7.08427e-05
7.08344e-05
7.08261e-05
7.08178e-05
7.08095e-05
7.08012e-05
7.07929e-05
7.07846e-05
7.07763e-05
7.0768e-05
7.07597e-05
7.07515e-05
7.07432e-05
7.07349e-05
7.07267e-05
7.07184e-05
7.07102e-05
7.07019e-05
7.06937e-05
7.06854e-05
7.06772e-05
7.0669e-05
7.06608e-05
7.06525e-05
7.06443e-05
7.06361e-05
7.06279e-05
7.06197e-05
7.06115e-05
7.06033e-05
7.05951e-05
7.05869e-05
7.05788e-05
7.05706e-05
7.05624e-05
7.05543e-05
7.05461e-05
7.05379e-05
7.05298e-05
7.05216e-05
7.05135e-05
7.05054e-05
7.04972e-05
7.04891e-05
7.0481e-05
7.04729e-05
7.04647e-05
7.04566e-05
7.04485e-05
7.04404e-05
7.04323e-05
7.04242e-05
7.04161e-05
7.04081e-05
7.04e-05
7.03919e-05
7.03838e-05
7.03758e-05
7.03677e-05
7.03596e-05
7.03516e-05
7.03435e-05
7.03355e-05
7.03275e-05
7.03194e-05
7.03114e-05
7.03034e-05
7.02954e-05
7.02873e-05
7.02793e-05
7.02713e-05
7.02633e-05
7.02553e-05
7.02473e-05
7.02393e-05
7.02313e-05
7.02234e-05
7.02154e-05
7.02074e-05
7.01994e-05
7.01915e-05
7.01835e-05
7.01756e-05
7.01676e-05
7.01597e-05
7.01517e-05
7.01438e-05
7.01359e-05
7.01279e-05
7.012e-05
7.01121e-05
7.01042e-05
7.00963e-05
7.00883e-05
7.00804e-05
7.00725e-05
7.00646e-05
7.00568e-05
7.00489e-05
7.0041e-05
7.00331e-05
7.00252e-05
7.00174e-05
7.00095e-05
7.00017e-05
6.99938e-05
6.99859e-05
6.99781e-05
6.99703e-05
6.99624e-05
6.99546e-05
6.99468e-05
6.99389e-05
6.99311e-05
6.99233e-05
6.99155e-05
6.99077e-05
6.98999e-05
6.98921e-05
6.98843e-05
6.98765e-05
6.98687e-05
6.98609e-05
6.98531e-05
6.98454e-05
6.98376e-05
6.98298e-05
6.98221e-05
6.98143e-05
6.98066e-05
6.97988e-05
6.97911e-05
6.97833e-05
6.97756e-05
6.97679e-05
6.97601e-05
6.97524e-05
6.97447e-05
6.9737e-05
6.97293e-05
6.97216e-05
6.97139e-05
6.97062e-05
6.96985e-05
6.96908e-05
6.96831e-05
6.96754e-05
6.96678e-05
6.96601e-05
6.96524e-05
6.96448e-05
6.96371e-05
6.96294e-05
6.96218e-05
6.96141e-05
6.96065e-05
6.95989e-05
6.95912e-05
6.95836e-05
6.9576e-05
6.95683e-05
6.95607e-05
6.95531e-05
6.95455e-05
6.95379e-05
6.95303e-05
6.95227e-05
6.95151e-05
6.95075e-05
6.94999e-05
6.94924e-05
6.94848e-05
6.94772e-05
6.94696e-05
6.94621e-05
6.94545e-05
6.9447e-05
6.94394e-05
6.94319e-05
6.94243e-05
6.94168e-05
6.94092e-05
6.94017e-05
6.93942e-05
6.93867e-05
6.93792e-05
6.93716e-05
6.93641e-05
6.93566e-05
6.93491e-05
6.93416e-05
6.93341e-05
6.93266e-05
6.93191e-05
6.93117e-05
6.93042e-05
6.92967e-05
6.92892e-05
6.92818e-05
6.92743e-05
6.92669e-05
6.92594e-05
6.9252e-05
6.92445e-05
6.92371e-05
6.92296e-05
6.92222e-05
6.92148e-05
6.92073e-05
6.91999e-05
6.91925e-05
6.91851e-05
6.91777e-05
6.91703e-05
6.91629e-05
6.91555e-05
6.91481e-05
6.91407e-05
6.91333e-05
6.91259e-05
6.91186e-05
6.91112e-05
6.91038e-05
6.90965e-05
6.90891e-05
6.90817e-05
6.90744e-05
6.9067e-05
6.90597e-05
6.90523e-05
6.9045e-05
6.90377e-05
6.90303e-05
6.9023e-05
6.90157e-05
6.90084e-05
6.90011e-05
6.89938e-05
6.89865e-05
6.89792e-05
6.89719e-05
6.89646e-05
6.89573e-05
6.895e-05
6.89427e-05
6.89354e-05
6.89282e-05
6.89209e-05
6.89136e-05
6.89064e-05
6.88991e-05
6.88918e-05
6.88846e-05
6.88773e-05
6.88701e-05
6.88629e-05
6.88556e-05
6.88484e-05
6.88412e-05
6.88339e-05
6.88267e-05
6.88195e-05
6.88123e-05
6.88051e-05
6.87979e-05
6.87907e-05
6.87835e-05
6.87763e-05
6.87691e-05
6.87619e-05
6.87547e-05
6.87476e-05
6.87404e-05
6.87332e-05
6.87261e-05
6.87189e-05
6.87117e-05
6.87046e-05
6.86974e-05
6.86903e-05
6.86832e-05
6.8676e-05
6.86689e-05
6.86617e-05
6.86546e-05
6.86475e-05
6.86404e-05
6.86333e-05
6.86262e-05
6.8619e-05
6.86119e-05
6.86048e-05
6.85977e-05
6.85907e-05
6.85836e-05
6.85765e-05
6.85694e-05
6.85623e-05
6.85552e-05
6.85482e-05
6.85411e-05
6.8534e-05
6.8527e-05
6.85199e-05
6.85129e-05
6.85058e-05
6.84988e-05
6.84918e-05
6.84847e-05
6.84777e-05
6.84707e-05
6.84636e-05
6.84566e-05
6.84496e-05
6.84426e-05
6.84356e-05
6.84286e-05
6.84216e-05
6.84146e-05
6.84076e-05
6.84006e-05
6.83936e-05
6.83866e-05
6.83796e-05
6.83727e-05
6.83657e-05
6.83587e-05
6.83518e-05
6.83448e-05
6.83378e-05
6.83309e-05
6.83239e-05
6.8317e-05
6.831e-05
6.83031e-05
6.82962e-05
6.82892e-05
6.82823e-05
6.82754e-05
6.82685e-05
6.82615e-05
6.82546e-05
6.82477e-05
6.82408e-05
6.82339e-05
6.8227e-05
6.82201e-05
6.82132e-05
6.82063e-05
6.81995e-05
6.81926e-05
6.81857e-05
6.81788e-05
6.8172e-05
6.81651e-05
6.81582e-05
6.81514e-05
6.81445e-05
6.81377e-05
6.81308e-05
6.8124e-05
6.81171e-05
6.81103e-05
6.81035e-05
6.80966e-05
6.80898e-05
6.8083e-05
6.80762e-05
6.80694e-05
6.80626e-05
6.80557e-05
6.80489e-05
6.80421e-05
6.80353e-05
6.80286e-05
6.80218e-05
6.8015e-05
6.80082e-05
6.80014e-05
6.79946e-05
6.79879e-05
6.79811e-05
6.79743e-05
6.79676e-05
6.79608e-05
6.79541e-05
6.79473e-05
6.79406e-05
6.79338e-05
6.79271e-05
6.79204e-05
6.79136e-05
6.79069e-05
6.79002e-05
6.78934e-05
6.78867e-05
6.788e-05
6.78733e-05
6.78666e-05
6.78599e-05
6.78532e-05
6.78465e-05
6.78398e-05
6.78331e-05
6.78264e-05
6.78197e-05
6.78131e-05
6.78064e-05
6.77997e-05
6.7793e-05
6.77864e-05
6.77797e-05
6.77731e-05
6.77664e-05
6.77598e-05
6.77531e-05
6.77465e-05
6.77398e-05
6.77332e-05
6.77266e-05
6.77199e-05
6.77133e-05
6.77067e-05
6.77001e-05
6.76934e-05
6.76868e-05
6.76802e-05
6.76736e-05
6.7667e-05
6.76604e-05
6.76538e-05
6.76472e-05
6.76406e-05
6.76341e-05
6.76275e-05
6.76209e-05
6.76143e-05
6.76078e-05
6.76012e-05
6.75946e-05
6.75881e-05
6.75815e-05
6.75749e-05
6.75684e-05
6.75618e-05
6.75553e-05
6.75488e-05
6.75422e-05
6.75357e-05
6.75292e-05
6.75226e-05
6.75161e-05
6.75096e-05
6.75031e-05
6.74966e-05
6.74901e-05
6.74836e-05
6.74771e-05
6.74706e-05
6.74641e-05
6.74576e-05
6.74511e-05
6.74446e-05
6.74381e-05
6.74316e-05
6.74252e-05
6.74187e-05
6.74122e-05
6.74057e-05
6.73993e-05
6.73928e-05
6.73864e-05
6.73799e-05
6.73735e-05
6.7367e-05
6.73606e-05
6.73541e-05
6.73477e-05
6.73413e-05
6.73349e-05
6.73284e-05
6.7322e-05
6.73156e-05
6.73092e-05
6.73028e-05
6.72964e-05
6.72899e-05
6.72835e-05
6.72771e-05
6.72708e-05
6.72644e-05
6.7258e-05
6.72516e-05
6.72452e-05
6.72388e-05
6.72325e-05
6.72261e-05
6.72197e-05
6.72134e-05
6.7207e-05
6.72006e-05
6.71943e-05
6.71879e-05
6.71816e-05
6.71752e-05
6.71689e-05
6.71626e-05
6.71562e-05
6.71499e-05
6.71436e-05
6.71372e-05
6.71309e-05
6.71246e-05
6.71183e-05
6.7112e-05
6.71057e-05
6.70993e-05
6.7093e-05
6.70867e-05
6.70804e-05
6.70742e-05
6.70679e-05
6.70616e-05
6.70553e-05
6.7049e-05
6.70427e-05
6.70365e-05
6.70302e-05
6.70239e-05
6.70177e-05
6.70114e-05
6.70052e-05
6.69989e-05
6.69926e-05
6.69864e-05
6.69802e-05
6.69739e-05
6.69677e-05
6.69614e-05
6.69552e-05
6.6949e-05
6.69428e-05
6.69365e-05
6.69303e-05
6.69241e-05
6.69179e-05
6.69117e-05
6.69055e-05
6.68993e-05
6.68931e-05
6.68869e-05
6.68807e-05
6.68745e-05
6.68683e-05
6.68621e-05
6.6856e-05
6.68498e-05
6.68436e-05
6.68374e-05
6.68313e-05
6.68251e-05
6.68189e-05
6.68128e-05
6.68066e-05
6.68005e-05
6.67943e-05
6.67882e-05
6.6782e-05
6.67759e-05
6.67698e-05
6.67636e-05
6.67575e-05
6.67514e-05
6.67453e-05
6.67391e-05
6.6733e-05
6.67269e-05
6.67208e-05
6.67147e-05
6.67086e-05
6.67025e-05
6.66964e-05
6.66903e-05
6.66842e-05
6.66781e-05
6.6672e-05
6.66659e-05
6.66599e-05
6.66538e-05
6.66477e-05
6.66416e-05
6.66356e-05
6.66295e-05
6.66235e-05
6.66174e-05
6.66113e-05
6.66053e-05
6.65992e-05
6.65932e-05
6.65872e-05
6.65811e-05
6.65751e-05
6.65691e-05
6.6563e-05
6.6557e-05
6.6551e-05
6.6545e-05
6.65389e-05
6.65329e-05
6.65269e-05
6.65209e-05
6.65149e-05
6.65089e-05
6.65029e-05
6.64969e-05
6.64909e-05
6.64849e-05
6.64789e-05
6.6473e-05
6.6467e-05
6.6461e-05
6.6455e-05
6.64491e-05
6.64431e-05
6.64371e-05
6.64312e-05
6.64252e-05
6.64192e-05
6.64133e-05
6.64073e-05
6.64014e-05
6.63954e-05
6.63895e-05
6.63836e-05
6.63776e-05
6.63717e-05
6.63658e-05
6.63598e-05
6.63539e-05
6.6348e-05
6.63421e-05
6.63362e-05
6.63303e-05
6.63244e-05
6.63185e-05
6.63126e-05
6.63067e-05
6.63008e-05
6.62949e-05
6.6289e-05
6.62831e-05
6.62772e-05
6.62713e-05
6.62654e-05
6.62596e-05
6.62537e-05
6.62478e-05
6.6242e-05
6.62361e-05
6.62302e-05
6.62244e-05
6.62185e-05
6.62127e-05
6.62068e-05
6.6201e-05
6.61951e-05
6.61893e-05
6.61835e-05
6.61776e-05
6.61718e-05
6.6166e-05
6.61602e-05
6.61543e-05
6.61485e-05
6.61427e-05
6.61369e-05
6.61311e-05
6.61253e-05
6.61195e-05
6.61137e-05
6.61079e-05
6.61021e-05
6.60963e-05
6.60905e-05
6.60847e-05
6.60789e-05
6.60732e-05
6.60674e-05
6.60616e-05
6.60558e-05
6.60501e-05
6.60443e-05
6.60385e-05
6.60328e-05
6.6027e-05
6.60213e-05
6.60155e-05
6.60098e-05
6.6004e-05
6.59983e-05
6.59925e-05
6.59868e-05
6.59811e-05
6.59753e-05
6.59696e-05
6.59639e-05
6.59582e-05
6.59524e-05
6.59467e-05
6.5941e-05
6.59353e-05
6.59296e-05
6.59239e-05
6.59182e-05
6.59125e-05
6.59068e-05
6.59011e-05
6.58954e-05
6.58897e-05
6.5884e-05
6.58783e-05
6.58727e-05
6.5867e-05
6.58613e-05
6.58556e-05
6.585e-05
6.58443e-05
6.58387e-05
6.5833e-05
6.58273e-05
6.58217e-05
6.5816e-05
6.58104e-05
6.58047e-05
6.57991e-05
6.57935e-05
6.57878e-05
6.57822e-05
6.57766e-05
6.57709e-05
6.57653e-05
6.57597e-05
6.57541e-05
6.57484e-05
6.57428e-05
6.57372e-05
6.57316e-05
6.5726e-05
6.57204e-05
6.57148e-05
6.57092e-05
6.57036e-05
6.5698e-05
6.56924e-05
6.56868e-05
6.56813e-05
6.56757e-05
6.56701e-05
6.56645e-05
6.5659e-05
6.56534e-05
6.56478e-05
6.56423e-05
6.56367e-05
6.56311e-05
6.56256e-05
6.562e-05
6.56145e-05
6.56089e-05
6.56034e-05
6.55979e-05
6.55923e-05
6.55868e-05
6.55812e-05
6.55757e-05
6.55702e-05
6.55647e-05
6.55591e-05
6.55536e-05
6.55481e-05
6.55426e-05
6.55371e-05
6.55316e-05
6.55261e-05
6.55206e-05
6.55151e-05
6.55096e-05
6.55041e-05
6.54986e-05
6.54931e-05
6.54876e-05
6.54821e-05
6.54766e-05
6.54712e-05
6.54657e-05
6.54602e-05
6.54547e-05
6.54493e-05
6.54438e-05
6.54383e-05
6.54329e-05
6.54274e-05
6.5422e-05
6.54165e-05
6.54111e-05
6.54056e-05
6.54002e-05
6.53947e-05
6.53893e-05
6.53839e-05
6.53784e-05
6.5373e-05
6.53676e-05
6.53622e-05
6.53567e-05
6.53513e-05
6.53459e-05
6.53405e-05
6.53351e-05
6.53297e-05
6.53243e-05
6.53189e-05
6.53135e-05
6.53081e-05
6.53027e-05
6.52973e-05
6.52919e-05
6.52865e-05
6.52811e-05
6.52757e-05
6.52703e-05
6.5265e-05
6.52596e-05
6.52542e-05
6.52489e-05
6.52435e-05
6.52381e-05
6.52328e-05
6.52274e-05
6.52221e-05
6.52167e-05
6.52114e-05
6.5206e-05
6.52007e-05
6.51953e-05
6.519e-05
6.51846e-05
6.51793e-05
6.5174e-05
6.51687e-05
6.51633e-05
6.5158e-05
6.51527e-05
6.51474e-05
6.5142e-05
6.51367e-05
6.51314e-05
6.51261e-05
6.51208e-05
6.51155e-05
6.51102e-05
6.51049e-05
6.50996e-05
6.50943e-05
6.5089e-05
6.50837e-05
6.50785e-05
6.50732e-05
6.50679e-05
6.50626e-05
6.50574e-05
6.50521e-05
6.50468e-05
6.50415e-05
6.50363e-05
6.5031e-05
6.50258e-05
6.50205e-05
6.50153e-05
6.501e-05
6.50048e-05
6.49995e-05
6.49943e-05
6.4989e-05
6.49838e-05
6.49786e-05
6.49733e-05
6.49681e-05
6.49629e-05
6.49576e-05
6.49524e-05
6.49472e-05
6.4942e-05
6.49368e-05
6.49315e-05
6.49263e-05
6.49211e-05
6.49159e-05
6.49107e-05
6.49055e-05
6.49003e-05
6.48951e-05
6.48899e-05
6.48848e-05
6.48796e-05
6.48744e-05
6.48692e-05
6.4864e-05
6.48588e-05
6.48537e-05
6.48485e-05
6.48433e-05
6.48382e-05
6.4833e-05
6.48278e-05
6.48227e-05
6.48175e-05
6.48124e-05
6.48072e-05
6.48021e-05
6.47969e-05
6.47918e-05
6.47866e-05
6.47815e-05
6.47764e-05
6.47712e-05
6.47661e-05
6.4761e-05
6.47558e-05
6.47507e-05
6.47456e-05
6.47405e-05
6.47354e-05
6.47302e-05
6.47251e-05
6.472e-05
6.47149e-05
6.47098e-05
6.47047e-05
6.46996e-05
6.46945e-05
6.46894e-05
6.46843e-05
6.46792e-05
6.46741e-05
6.46691e-05
6.4664e-05
6.46589e-05
6.46538e-05
6.46487e-05
6.46437e-05
6.46386e-05
6.46335e-05
6.46285e-05
6.46234e-05
6.46183e-05
6.46133e-05
6.46082e-05
6.46032e-05
6.45981e-05
6.45931e-05
6.4588e-05
6.4583e-05
6.4578e-05
6.45729e-05
6.45679e-05
6.45629e-05
6.45578e-05
6.45528e-05
6.45478e-05
6.45427e-05
6.45377e-05
6.45327e-05
6.45277e-05
6.45227e-05
6.45177e-05
6.45127e-05
6.45076e-05
6.45026e-05
6.44976e-05
6.44926e-05
6.44876e-05
6.44827e-05
6.44777e-05
6.44727e-05
6.44677e-05
6.44627e-05
6.44577e-05
6.44527e-05
6.44478e-05
6.44428e-05
6.44378e-05
6.44328e-05
6.44279e-05
6.44229e-05
6.44179e-05
6.4413e-05
6.4408e-05
6.44031e-05
6.43981e-05
6.43932e-05
6.43882e-05
6.43833e-05
6.43783e-05
6.43734e-05
6.43684e-05
6.43635e-05
6.43586e-05
6.43536e-05
6.43487e-05
6.43438e-05
6.43389e-05
6.43339e-05
6.4329e-05
6.43241e-05
6.43192e-05
6.43143e-05
6.43094e-05
6.43044e-05
6.42995e-05
6.42946e-05
6.42897e-05
6.42848e-05
6.42799e-05
6.4275e-05
6.42702e-05
6.42653e-05
6.42604e-05
6.42555e-05
6.42506e-05
6.42457e-05
6.42408e-05
6.4236e-05
6.42311e-05
6.42262e-05
6.42214e-05
6.42165e-05
6.42116e-05
6.42068e-05
6.42019e-05
6.4197e-05
6.41922e-05
6.41873e-05
6.41825e-05
6.41776e-05
6.41728e-05
6.4168e-05
6.41631e-05
6.41583e-05
6.41534e-05
6.41486e-05
6.41438e-05
6.41389e-05
6.41341e-05
6.41293e-05
6.41245e-05
6.41196e-05
6.41148e-05
6.411e-05
6.41052e-05
6.41004e-05
6.40956e-05
6.40908e-05
6.4086e-05
6.40812e-05
6.40764e-05
6.40716e-05
6.40668e-05
6.4062e-05
6.40572e-05
6.40524e-05
6.40476e-05
6.40428e-05
6.40381e-05
6.40333e-05
6.40285e-05
6.40237e-05
6.40189e-05
6.40142e-05
6.40094e-05
6.40046e-05
6.39999e-05
6.39951e-05
6.39904e-05
6.39856e-05
6.39809e-05
6.39761e-05
6.39713e-05
6.39666e-05
6.39619e-05
6.39571e-05
6.39524e-05
6.39476e-05
6.39429e-05
6.39382e-05
6.39334e-05
6.39287e-05
6.3924e-05
6.39192e-05
6.39145e-05
6.39098e-05
6.39051e-05
6.39004e-05
6.38957e-05
6.38909e-05
6.38862e-05
6.38815e-05
6.38768e-05
6.38721e-05
6.38674e-05
6.38627e-05
6.3858e-05
6.38533e-05
6.38486e-05
6.3844e-05
6.38393e-05
6.38346e-05
6.38299e-05
6.38252e-05
6.38205e-05
6.38159e-05
6.38112e-05
6.38065e-05
6.38018e-05
6.37972e-05
6.37925e-05
6.37878e-05
6.37832e-05
6.37785e-05
6.37739e-05
6.37692e-05
6.37646e-05
6.37599e-05
6.37553e-05
6.37506e-05
6.3746e-05
6.37413e-05
6.37367e-05
6.37321e-05
6.37274e-05
6.37228e-05
6.37182e-05
6.37135e-05
6.37089e-05
6.37043e-05
6.36997e-05
6.3695e-05
6.36904e-05
6.36858e-05
6.36812e-05
6.36766e-05
6.3672e-05
6.36674e-05
6.36628e-05
6.36582e-05
6.36536e-05
6.3649e-05
6.36444e-05
6.36398e-05
6.36352e-05
6.36306e-05
6.3626e-05
6.36214e-05
6.36168e-05
6.36123e-05
6.36077e-05
6.36031e-05
6.35985e-05
6.3594e-05
6.35894e-05
6.35848e-05
6.35803e-05
6.35757e-05
6.35711e-05
6.35666e-05
6.3562e-05
6.35575e-05
6.35529e-05
6.35484e-05
6.35438e-05
6.35393e-05
6.35347e-05
6.35302e-05
6.35256e-05
6.35211e-05
6.35166e-05
6.3512e-05
6.35075e-05
6.3503e-05
6.34984e-05
6.34939e-05
6.34894e-05
6.34849e-05
6.34804e-05
6.34758e-05
6.34713e-05
6.34668e-05
6.34623e-05
6.34578e-05
6.34533e-05
6.34488e-05
6.34443e-05
6.34398e-05
6.34353e-05
6.34308e-05
6.34263e-05
6.34218e-05
6.34173e-05
6.34128e-05
6.34083e-05
6.34039e-05
6.33994e-05
6.33949e-05
6.33904e-05
6.33859e-05
6.33815e-05
6.3377e-05
6.33725e-05
6.33681e-05
6.33636e-05
6.33591e-05
6.33547e-05
6.33502e-05
6.33458e-05
6.33413e-05
6.33369e-05
6.33324e-05
6.3328e-05
6.33235e-05
6.33191e-05
6.33146e-05
6.33102e-05
6.33057e-05
6.33013e-05
6.32969e-05
6.32924e-05
6.3288e-05
6.32836e-05
6.32792e-05
6.32747e-05
6.32703e-05
6.32659e-05
6.32615e-05
6.32571e-05
6.32527e-05
6.32482e-05
6.32438e-05
6.32394e-05
6.3235e-05
6.32306e-05
6.32262e-05
6.32218e-05
6.32174e-05
6.3213e-05
6.32086e-05
6.32042e-05
6.31999e-05
6.31955e-05
6.31911e-05
6.31867e-05
6.31823e-05
6.31779e-05
6.31736e-05
6.31692e-05
6.31648e-05
6.31604e-05
6.31561e-05
6.31517e-05
6.31473e-05
6.3143e-05
6.31386e-05
6.31343e-05
6.31299e-05
6.31256e-05
6.31212e-05
6.31168e-05
6.31125e-05
6.31082e-05
6.31038e-05
6.30995e-05
6.30951e-05
6.30908e-05
6.30865e-05
6.30821e-05
6.30778e-05
6.30735e-05
6.30691e-05
6.30648e-05
6.30605e-05
6.30561e-05
6.30518e-05
6.30475e-05
6.30432e-05
6.30389e-05
6.30346e-05
6.30303e-05
6.30259e-05
6.30216e-05
6.30173e-05
6.3013e-05
6.30087e-05
6.30044e-05
6.30001e-05
6.29958e-05
6.29915e-05
6.29873e-05
6.2983e-05
6.29787e-05
6.29744e-05
6.29701e-05
6.29658e-05
6.29615e-05
6.29573e-05
6.2953e-05
6.29487e-05
6.29445e-05
6.29402e-05
6.29359e-05
6.29316e-05
6.29274e-05
6.29231e-05
6.29189e-05
6.29146e-05
6.29103e-05
6.29061e-05
6.29018e-05
6.28976e-05
6.28933e-05
6.28891e-05
6.28849e-05
6.28806e-05
6.28764e-05
6.28721e-05
6.28679e-05
6.28637e-05
6.28594e-05
6.28552e-05
6.2851e-05
6.28467e-05
6.28425e-05
6.28383e-05
6.28341e-05
6.28299e-05
6.28256e-05
6.28214e-05
6.28172e-05
6.2813e-05
6.28088e-05
6.28046e-05
6.28004e-05
6.27962e-05
6.2792e-05
6.27878e-05
6.27836e-05
6.27794e-05
6.27752e-05
6.2771e-05
6.27668e-05
6.27626e-05
6.27584e-05
6.27542e-05
6.275e-05
6.27459e-05
6.27417e-05
6.27375e-05
6.27333e-05
6.27292e-05
6.2725e-05
6.27208e-05
6.27167e-05
6.27125e-05
6.27083e-05
6.27042e-05
6.27e-05
6.26958e-05
6.26917e-05
6.26875e-05
6.26834e-05
6.26792e-05
6.26751e-05
6.26709e-05
6.26668e-05
6.26626e-05
6.26585e-05
6.26544e-05
6.26502e-05
6.26461e-05
6.26419e-05
6.26378e-05
6.26337e-05
6.26296e-05
6.26254e-05
6.26213e-05
6.26172e-05
6.26131e-05
6.26089e-05
6.26048e-05
6.26007e-05
6.25966e-05
6.25925e-05
6.25884e-05
6.25843e-05
6.25802e-05
6.25761e-05
6.2572e-05
6.25679e-05
6.25638e-05
6.25597e-05
6.25556e-05
6.25515e-05
6.25474e-05
6.25433e-05
6.25392e-05
6.25351e-05
6.2531e-05
6.25269e-05
6.25229e-05
6.25188e-05
6.25147e-05
6.25106e-05
6.25066e-05
6.25025e-05
6.24984e-05
6.24944e-05
6.24903e-05
6.24862e-05
6.24822e-05
6.24781e-05
6.2474e-05
6.247e-05
6.24659e-05
6.24619e-05
6.24578e-05
6.24538e-05
6.24497e-05
6.24457e-05
6.24416e-05
6.24376e-05
6.24336e-05
6.24295e-05
6.24255e-05
6.24214e-05
6.24174e-05
6.24134e-05
6.24094e-05
6.24053e-05
6.24013e-05
6.23973e-05
6.23932e-05
6.23892e-05
6.23852e-05
6.23812e-05
6.23772e-05
6.23732e-05
6.23692e-05
6.23651e-05
6.23611e-05
6.23571e-05
6.23531e-05
6.23491e-05
6.23451e-05
6.23411e-05
6.23371e-05
6.23331e-05
6.23291e-05
6.23251e-05
6.23212e-05
6.23172e-05
6.23132e-05
6.23092e-05
6.23052e-05
6.23012e-05
6.22972e-05
6.22933e-05
6.22893e-05
6.22853e-05
6.22813e-05
6.22774e-05
6.22734e-05
6.22694e-05
6.22655e-05
6.22615e-05
6.22576e-05
6.22536e-05
6.22496e-05
6.22457e-05
6.22417e-05
6.22378e-05
6.22338e-05
6.22299e-05
6.22259e-05
6.2222e-05
6.2218e-05
6.22141e-05
6.22101e-05
6.22062e-05
6.22023e-05
6.21983e-05
6.21944e-05
6.21905e-05
6.21865e-05
6.21826e-05
6.21787e-05
6.21748e-05
6.21708e-05
6.21669e-05
6.2163e-05
6.21591e-05
6.21552e-05
6.21512e-05
6.21473e-05
6.21434e-05
6.21395e-05
6.21356e-05
6.21317e-05
6.21278e-05
6.21239e-05
6.212e-05
6.21161e-05
6.21122e-05
6.21083e-05
6.21044e-05
6.21005e-05
6.20966e-05
6.20927e-05
6.20888e-05
6.2085e-05
6.20811e-05
6.20772e-05
6.20733e-05
6.20694e-05
6.20656e-05
6.20617e-05
6.20578e-05
6.20539e-05
6.20501e-05
6.20462e-05
6.20423e-05
6.20385e-05
6.20346e-05
6.20307e-05
6.20269e-05
6.2023e-05
6.20192e-05
6.20153e-05
6.20115e-05
6.20076e-05
6.20038e-05
6.19999e-05
6.19961e-05
6.19922e-05
6.19884e-05
6.19845e-05
6.19807e-05
6.19769e-05
6.1973e-05
6.19692e-05
6.19654e-05
6.19615e-05
6.19577e-05
6.19539e-05
6.195e-05
6.19462e-05
6.19424e-05
6.19386e-05
6.19347e-05
6.19309e-05
6.19271e-05
6.19233e-05
6.19195e-05
6.19157e-05
6.19119e-05
6.19081e-05
6.19043e-05
6.19004e-05
6.18966e-05
6.18928e-05
6.1889e-05
6.18852e-05
6.18815e-05
6.18777e-05
6.18739e-05
6.18701e-05
6.18663e-05
6.18625e-05
6.18587e-05
6.18549e-05
6.18511e-05
6.18474e-05
6.18436e-05
6.18398e-05
6.1836e-05
6.18323e-05
6.18285e-05
6.18247e-05
6.18209e-05
6.18172e-05
6.18134e-05
6.18096e-05
6.18059e-05
6.18021e-05
6.17984e-05
6.17946e-05
6.17908e-05
6.17871e-05
6.17833e-05
6.17796e-05
6.17758e-05
6.17721e-05
6.17683e-05
6.17646e-05
6.17609e-05
6.17571e-05
6.17534e-05
6.17496e-05
6.17459e-05
6.17422e-05
6.17384e-05
6.17347e-05
6.1731e-05
6.17272e-05
6.17235e-05
6.17198e-05
6.17161e-05
6.17123e-05
6.17086e-05
6.17049e-05
6.17012e-05
6.16975e-05
6.16937e-05
6.169e-05
6.16863e-05
6.16826e-05
6.16789e-05
6.16752e-05
6.16715e-05
6.16678e-05
6.16641e-05
6.16604e-05
6.16567e-05
6.1653e-05
6.16493e-05
6.16456e-05
6.16419e-05
6.16382e-05
6.16345e-05
6.16309e-05
6.16272e-05
6.16235e-05
6.16198e-05
6.16161e-05
6.16124e-05
6.16088e-05
6.16051e-05
6.16014e-05
6.15977e-05
6.15941e-05
6.15904e-05
6.15867e-05
6.15831e-05
6.15794e-05
6.15757e-05
6.15721e-05
6.15684e-05
6.15648e-05
6.15611e-05
6.15574e-05
6.15538e-05
6.15501e-05
6.15465e-05
6.15428e-05
6.15392e-05
6.15355e-05
6.15319e-05
6.15283e-05
6.15246e-05
6.1521e-05
6.15173e-05
6.15137e-05
6.15101e-05
6.15064e-05
6.15028e-05
6.14992e-05
6.14955e-05
6.14919e-05
6.14883e-05
6.14847e-05
6.14811e-05
6.14774e-05
6.14738e-05
6.14702e-05
6.14666e-05
6.1463e-05
6.14593e-05
6.14557e-05
6.14521e-05
6.14485e-05
6.14449e-05
6.14413e-05
6.14377e-05
6.14341e-05
6.14305e-05
6.14269e-05
6.14233e-05
6.14197e-05
6.14161e-05
6.14125e-05
6.14089e-05
6.14053e-05
6.14018e-05
6.13982e-05
6.13946e-05
6.1391e-05
6.13874e-05
6.13838e-05
6.13803e-05
6.13767e-05
6.13731e-05
6.13695e-05
6.1366e-05
6.13624e-05
6.13588e-05
6.13552e-05
6.13517e-05
6.13481e-05
6.13445e-05
6.1341e-05
6.13374e-05
6.13339e-05
6.13303e-05
6.13268e-05
6.13232e-05
6.13196e-05
6.13161e-05
6.13125e-05
6.1309e-05
6.13054e-05
6.13019e-05
6.12984e-05
6.12948e-05
6.12913e-05
6.12877e-05
6.12842e-05
6.12807e-05
6.12771e-05
6.12736e-05
6.12701e-05
6.12665e-05
6.1263e-05
6.12595e-05
6.12559e-05
6.12524e-05
6.12489e-05
6.12454e-05
6.12419e-05
6.12383e-05
6.12348e-05
6.12313e-05
6.12278e-05
6.12243e-05
6.12208e-05
6.12173e-05
6.12137e-05
6.12102e-05
6.12067e-05
6.12032e-05
6.11997e-05
6.11962e-05
6.11927e-05
6.11892e-05
6.11857e-05
6.11822e-05
6.11787e-05
6.11753e-05
6.11718e-05
6.11683e-05
6.11648e-05
6.11613e-05
6.11578e-05
6.11543e-05
6.11509e-05
6.11474e-05
6.11439e-05
6.11404e-05
6.11369e-05
6.11335e-05
6.113e-05
6.11265e-05
6.11231e-05
6.11196e-05
6.11161e-05
6.11127e-05
6.11092e-05
6.11057e-05
6.11023e-05
6.10988e-05
6.10954e-05
6.10919e-05
6.10884e-05
6.1085e-05
6.10815e-05
6.10781e-05
6.10746e-05
6.10712e-05
6.10677e-05
6.10643e-05
6.10609e-05
6.10574e-05
6.1054e-05
6.10505e-05
6.10471e-05
6.10437e-05
6.10402e-05
6.10368e-05
6.10334e-05
6.10299e-05
6.10265e-05
6.10231e-05
6.10196e-05
6.10162e-05
6.10128e-05
6.10094e-05
6.1006e-05
6.10025e-05
6.09991e-05
6.09957e-05
6.09923e-05
6.09889e-05
6.09855e-05
6.09821e-05
6.09786e-05
6.09752e-05
6.09718e-05
6.09684e-05
6.0965e-05
6.09616e-05
6.09582e-05
6.09548e-05
6.09514e-05
6.0948e-05
6.09446e-05
6.09412e-05
6.09379e-05
6.09345e-05
6.09311e-05
6.09277e-05
6.09243e-05
6.09209e-05
6.09175e-05
6.09141e-05
6.09108e-05
6.09074e-05
6.0904e-05
6.09006e-05
6.08973e-05
6.08939e-05
6.08905e-05
6.08871e-05
6.08838e-05
6.08804e-05
6.0877e-05
6.08737e-05
6.08703e-05
6.0867e-05
6.08636e-05
6.08602e-05
6.08569e-05
6.08535e-05
6.08502e-05
6.08468e-05
6.08435e-05
6.08401e-05
6.08368e-05
6.08334e-05
6.08301e-05
6.08267e-05
6.08234e-05
6.082e-05
6.08167e-05
6.08133e-05
6.081e-05
6.08067e-05
6.08033e-05
6.08e-05
6.07967e-05
6.07933e-05
6.079e-05
6.07867e-05
6.07834e-05
6.078e-05
6.07767e-05
6.07734e-05
6.07701e-05
6.07667e-05
6.07634e-05
6.07601e-05
6.07568e-05
6.07535e-05
6.07502e-05
6.07468e-05
6.07435e-05
6.07402e-05
6.07369e-05
6.07336e-05
6.07303e-05
6.0727e-05
6.07237e-05
6.07204e-05
6.07171e-05
6.07138e-05
6.07105e-05
6.07072e-05
6.07039e-05
6.07006e-05
6.06973e-05
6.0694e-05
6.06908e-05
6.06875e-05
6.06842e-05
6.06809e-05
6.06776e-05
6.06743e-05
6.0671e-05
6.06678e-05
6.06645e-05
6.06612e-05
6.06579e-05
6.06547e-05
6.06514e-05
6.06481e-05
6.06449e-05
6.06416e-05
6.06383e-05
6.06351e-05
6.06318e-05
6.06285e-05
6.06253e-05
6.0622e-05
6.06187e-05
6.06155e-05
6.06122e-05
6.0609e-05
6.06057e-05
6.06025e-05
6.05992e-05
6.0596e-05
6.05927e-05
6.05895e-05
6.05862e-05
6.0583e-05
6.05797e-05
6.05765e-05
6.05733e-05
6.057e-05
6.05668e-05
6.05635e-05
6.05603e-05
6.05571e-05
6.05538e-05
6.05506e-05
6.05474e-05
6.05442e-05
6.05409e-05
6.05377e-05
6.05345e-05
6.05313e-05
6.0528e-05
6.05248e-05
6.05216e-05
6.05184e-05
6.05152e-05
6.05119e-05
6.05087e-05
6.05055e-05
6.05023e-05
6.04991e-05
6.04959e-05
6.04927e-05
6.04895e-05
6.04863e-05
6.04831e-05
6.04799e-05
6.04767e-05
6.04735e-05
6.04703e-05
6.04671e-05
6.04639e-05
6.04607e-05
6.04575e-05
6.04543e-05
6.04511e-05
6.04479e-05
6.04447e-05
6.04415e-05
6.04384e-05
6.04352e-05
6.0432e-05
6.04288e-05
6.04256e-05
6.04225e-05
6.04193e-05
6.04161e-05
6.04129e-05
6.04098e-05
6.04066e-05
6.04034e-05
6.04002e-05
6.03971e-05
6.03939e-05
6.03907e-05
6.03876e-05
6.03844e-05
6.03813e-05
6.03781e-05
6.03749e-05
6.03718e-05
6.03686e-05
6.03655e-05
6.03623e-05
6.03592e-05
6.0356e-05
6.03529e-05
6.03497e-05
6.03466e-05
6.03434e-05
6.03403e-05
6.03371e-05
6.0334e-05
6.03308e-05
6.03277e-05
6.03246e-05
6.03214e-05
6.03183e-05
6.03152e-05
6.0312e-05
6.03089e-05
6.03058e-05
6.03026e-05
6.02995e-05
6.02964e-05
6.02933e-05
6.02901e-05
6.0287e-05
6.02839e-05
6.02808e-05
6.02776e-05
6.02745e-05
6.02714e-05
6.02683e-05
6.02652e-05
6.02621e-05
6.0259e-05
6.02558e-05
6.02527e-05
6.02496e-05
6.02465e-05
6.02434e-05
6.02403e-05
6.02372e-05
6.02341e-05
6.0231e-05
6.02279e-05
6.02248e-05
6.02217e-05
6.02186e-05
6.02155e-05
6.02124e-05
6.02093e-05
6.02062e-05
6.02032e-05
6.02001e-05
6.0197e-05
6.01939e-05
6.01908e-05
6.01877e-05
6.01846e-05
6.01816e-05
6.01785e-05
6.01754e-05
6.01723e-05
6.01693e-05
6.01662e-05
6.01631e-05
6.016e-05
6.0157e-05
6.01539e-05
6.01508e-05
6.01478e-05
6.01447e-05
6.01416e-05
6.01386e-05
6.01355e-05
6.01324e-05
6.01294e-05
6.01263e-05
6.01233e-05
6.01202e-05
6.01172e-05
6.01141e-05
6.01111e-05
6.0108e-05
6.0105e-05
6.01019e-05
6.00989e-05
6.00958e-05
6.00928e-05
6.00897e-05
6.00867e-05
6.00836e-05
6.00806e-05
6.00776e-05
6.00745e-05
6.00715e-05
6.00685e-05
6.00654e-05
6.00624e-05
6.00594e-05
6.00563e-05
6.00533e-05
6.00503e-05
6.00472e-05
6.00442e-05
6.00412e-05
6.00382e-05
6.00351e-05
6.00321e-05
6.00291e-05
6.00261e-05
6.00231e-05
6.00201e-05
6.0017e-05
6.0014e-05
6.0011e-05
6.0008e-05
6.0005e-05
6.0002e-05
5.9999e-05
5.9996e-05
5.9993e-05
5.999e-05
5.9987e-05
5.9984e-05
5.9981e-05
5.9978e-05
5.9975e-05
5.9972e-05
5.9969e-05
5.9966e-05
5.9963e-05
5.996e-05
5.9957e-05
5.9954e-05
5.9951e-05
5.9948e-05
5.99451e-05
5.99421e-05
5.99391e-05
5.99361e-05
5.99331e-05
5.99301e-05
5.99272e-05
5.99242e-05
5.99212e-05
5.99182e-05
5.99153e-05
5.99123e-05
5.99093e-05
5.99064e-05
5.99034e-05
5.99004e-05
5.98974e-05
5.98945e-05
5.98915e-05
5.98886e-05
5.98856e-05
5.98826e-05
5.98797e-05
5.98767e-05
5.98738e-05
5.98708e-05
5.98678e-05
5.98649e-05
5.98619e-05
5.9859e-05
5.9856e-05
5.98531e-05
5.98501e-05
5.98472e-05
5.98442e-05
5.98413e-05
5.98384e-05
5.98354e-05
5.98325e-05
5.98295e-05
5.98266e-05
5.98237e-05
5.98207e-05
5.98178e-05
5.98149e-05
5.98119e-05
5.9809e-05
5.98061e-05
5.98031e-05
5.98002e-05
5.97973e-05
5.97943e-05
5.97914e-05
5.97885e-05
5.97856e-05
5.97827e-05
5.97797e-05
5.97768e-05
5.97739e-05
5.9771e-05
5.97681e-05
5.97652e-05
5.97622e-05
5.97593e-05
5.97564e-05
5.97535e-05
5.97506e-05
5.97477e-05
5.97448e-05
5.97419e-05
5.9739e-05
5.97361e-05
5.97332e-05
5.97303e-05
5.97274e-05
5.97245e-05
5.97216e-05
5.97187e-05
5.97158e-05
5.97129e-05
5.971e-05
5.97071e-05
5.97042e-05
5.97013e-05
5.96984e-05
5.96956e-05
5.96927e-05
5.96898e-05
5.96869e-05
5.9684e-05
5.96811e-05
5.96783e-05
5.96754e-05
5.96725e-05
5.96696e-05
5.96667e-05
5.96639e-05
5.9661e-05
5.96581e-05
5.96553e-05
5.96524e-05
5.96495e-05
5.96466e-05
5.96438e-05
5.96409e-05
5.96381e-05
5.96352e-05
5.96323e-05
5.96295e-05
5.96266e-05
5.96237e-05
5.96209e-05
5.9618e-05
5.96152e-05
5.96123e-05
5.96095e-05
5.96066e-05
5.96038e-05
5.96009e-05
5.95981e-05
5.95952e-05
5.95924e-05
5.95895e-05
5.95867e-05
5.95838e-05
5.9581e-05
5.95782e-05
5.95753e-05
5.95725e-05
5.95696e-05
5.95668e-05
5.9564e-05
5.95611e-05
5.95583e-05
5.95555e-05
5.95526e-05
5.95498e-05
5.9547e-05
5.95442e-05
5.95413e-05
5.95385e-05
5.95357e-05
5.95329e-05
5.953e-05
5.95272e-05
5.95244e-05
5.95216e-05
5.95188e-05
5.95159e-05
5.95131e-05
5.95103e-05
5.95075e-05
5.95047e-05
5.95019e-05
5.94991e-05
5.94963e-05
5.94934e-05
5.94906e-05
5.94878e-05
5.9485e-05
5.94822e-05
5.94794e-05
5.94766e-05
5.94738e-05
5.9471e-05
5.94682e-05
5.94654e-05
5.94626e-05
5.94598e-05
5.9457e-05
5.94542e-05
5.94515e-05
5.94487e-05
5.94459e-05
5.94431e-05
5.94403e-05
5.94375e-05
5.94347e-05
5.94319e-05
5.94292e-05
5.94264e-05
5.94236e-05
5.94208e-05
5.9418e-05
5.94153e-05
5.94125e-05
5.94097e-05
5.94069e-05
5.94042e-05
5.94014e-05
5.93986e-05
5.93959e-05
5.93931e-05
5.93903e-05
5.93875e-05
5.93848e-05
5.9382e-05
5.93793e-05
5.93765e-05
5.93737e-05
5.9371e-05
5.93682e-05
5.93655e-05
5.93627e-05
5.93599e-05
5.93572e-05
5.93544e-05
5.93517e-05
5.93489e-05
5.93462e-05
5.93434e-05
5.93407e-05
5.93379e-05
5.93352e-05
5.93324e-05
5.93297e-05
5.93269e-05
5.93242e-05
5.93215e-05
5.93187e-05
5.9316e-05
5.93132e-05
5.93105e-05
5.93078e-05
5.9305e-05
5.93023e-05
5.92996e-05
5.92968e-05
5.92941e-05
5.92914e-05
5.92886e-05
5.92859e-05
5.92832e-05
5.92805e-05
5.92777e-05
5.9275e-05
5.92723e-05
5.92696e-05
5.92669e-05
5.92641e-05
5.92614e-05
5.92587e-05
5.9256e-05
5.92533e-05
5.92506e-05
5.92478e-05
5.92451e-05
5.92424e-05
5.92397e-05
5.9237e-05
5.92343e-05
5.92316e-05
5.92289e-05
5.92262e-05
5.92235e-05
5.92208e-05
5.92181e-05
5.92154e-05
5.92127e-05
5.921e-05
5.92073e-05
5.92046e-05
5.92019e-05
5.91992e-05
5.91965e-05
5.91938e-05
5.91911e-05
5.91884e-05
5.91857e-05
5.9183e-05
5.91804e-05
5.91777e-05
5.9175e-05
5.91723e-05
5.91696e-05
5.91669e-05
5.91643e-05
5.91616e-05
5.91589e-05
5.91562e-05
5.91535e-05
5.91509e-05
5.91482e-05
5.91455e-05
5.91428e-05
5.91402e-05
5.91375e-05
5.91348e-05
5.91322e-05
5.91295e-05
5.91268e-05
5.91242e-05
5.91215e-05
5.91188e-05
5.91162e-05
5.91135e-05
5.91108e-05
5.91082e-05
5.91055e-05
5.91029e-05
5.91002e-05
5.90976e-05
5.90949e-05
5.90922e-05
5.90896e-05
5.90869e-05
5.90843e-05
5.90816e-05
5.9079e-05
5.90763e-05
5.90737e-05
5.90711e-05
5.90684e-05
5.90658e-05
5.90631e-05
5.90605e-05
5.90578e-05
5.90552e-05
5.90526e-05
5.90499e-05
5.90473e-05
5.90447e-05
5.9042e-05
5.90394e-05
5.90368e-05
5.90341e-05
5.90315e-05
5.90289e-05
5.90262e-05
5.90236e-05
5.9021e-05
5.90184e-05
5.90157e-05
5.90131e-05
5.90105e-05
5.90079e-05
5.90052e-05
5.90026e-05
5.9e-05
5.89974e-05
5.89948e-05
5.89922e-05
5.89895e-05
5.89869e-05
5.89843e-05
5.89817e-05
5.89791e-05
5.89765e-05
5.89739e-05
5.89713e-05
5.89687e-05
5.8966e-05
5.89634e-05
5.89608e-05
5.89582e-05
5.89556e-05
5.8953e-05
5.89504e-05
5.89478e-05
5.89452e-05
5.89426e-05
5.894e-05
5.89374e-05
5.89349e-05
5.89323e-05
5.89297e-05
5.89271e-05
5.89245e-05
5.89219e-05
5.89193e-05
5.89167e-05
5.89141e-05
5.89116e-05
5.8909e-05
5.89064e-05
5.89038e-05
5.89012e-05
5.88986e-05
5.88961e-05
5.88935e-05
5.88909e-05
5.88883e-05
5.88858e-05
5.88832e-05
5.88806e-05
5.8878e-05
5.88755e-05
5.88729e-05
5.88703e-05
5.88677e-05
5.88652e-05
5.88626e-05
5.886e-05
5.88575e-05
5.88549e-05
5.88524e-05
5.88498e-05
5.88472e-05
5.88447e-05
5.88421e-05
5.88396e-05
5.8837e-05
5.88344e-05
5.88319e-05
5.88293e-05
5.88268e-05
5.88242e-05
5.88217e-05
5.88191e-05
5.88166e-05
5.8814e-05
5.88115e-05
5.88089e-05
5.88064e-05
5.88038e-05
5.88013e-05
5.87988e-05
5.87962e-05
5.87937e-05
5.87911e-05
5.87886e-05
5.8786e-05
5.87835e-05
5.8781e-05
5.87784e-05
5.87759e-05
5.87734e-05
5.87708e-05
5.87683e-05
5.87658e-05
5.87632e-05
5.87607e-05
5.87582e-05
5.87557e-05
5.87531e-05
5.87506e-05
5.87481e-05
5.87456e-05
5.8743e-05
5.87405e-05
5.8738e-05
5.87355e-05
5.8733e-05
5.87304e-05
5.87279e-05
5.87254e-05
5.87229e-05
5.87204e-05
5.87179e-05
5.87154e-05
5.87128e-05
5.87103e-05
5.87078e-05
5.87053e-05
5.87028e-05
5.87003e-05
5.86978e-05
5.86953e-05
5.86928e-05
5.86903e-05
5.86878e-05
5.86853e-05
5.86828e-05
5.86803e-05
5.86778e-05
5.86753e-05
5.86728e-05
5.86703e-05
5.86678e-05
5.86653e-05
5.86628e-05
5.86603e-05
5.86578e-05
5.86553e-05
5.86529e-05
5.86504e-05
5.86479e-05
5.86454e-05
5.86429e-05
5.86404e-05
5.86379e-05
5.86355e-05
5.8633e-05
5.86305e-05
5.8628e-05
5.86255e-05
5.86231e-05
5.86206e-05
5.86181e-05
5.86156e-05
5.86132e-05
5.86107e-05
5.86082e-05
5.86057e-05
5.86033e-05
5.86008e-05
5.85983e-05
5.85959e-05
5.85934e-05
5.85909e-05
5.85885e-05
5.8586e-05
5.85835e-05
5.85811e-05
5.85786e-05
5.85762e-05
5.85737e-05
5.85712e-05
5.85688e-05
5.85663e-05
5.85639e-05
5.85614e-05
5.8559e-05
5.85565e-05
5.85541e-05
5.85516e-05
5.85492e-05
5.85467e-05
5.85443e-05
5.85418e-05
5.85394e-05
5.85369e-05
5.85345e-05
5.8532e-05
5.85296e-05
5.85271e-05
5.85247e-05
5.85223e-05
5.85198e-05
5.85174e-05
5.85149e-05
5.85125e-05
5.85101e-05
5.85076e-05
5.85052e-05
5.85028e-05
5.85003e-05
5.84979e-05
5.84955e-05
5.8493e-05
5.84906e-05
5.84882e-05
5.84858e-05
5.84833e-05
5.84809e-05
5.84785e-05
5.84761e-05
5.84736e-05
5.84712e-05
5.84688e-05
5.84664e-05
5.84639e-05
5.84615e-05
5.84591e-05
5.84567e-05
5.84543e-05
5.84519e-05
5.84495e-05
5.8447e-05
5.84446e-05
5.84422e-05
5.84398e-05
5.84374e-05
5.8435e-05
5.84326e-05
5.84302e-05
5.84278e-05
5.84254e-05
5.8423e-05
5.84206e-05
5.84182e-05
5.84157e-05
5.84133e-05
5.84109e-05
5.84085e-05
5.84062e-05
5.84038e-05
5.84014e-05
5.8399e-05
5.83966e-05
5.83942e-05
5.83918e-05
5.83894e-05
5.8387e-05
5.83846e-05
5.83822e-05
5.83798e-05
5.83774e-05
5.83751e-05
5.83727e-05
5.83703e-05
5.83679e-05
5.83655e-05
5.83631e-05
5.83608e-05
5.83584e-05
5.8356e-05
5.83536e-05
5.83512e-05
5.83489e-05
5.83465e-05
5.83441e-05
5.83417e-05
5.83394e-05
5.8337e-05
5.83346e-05
5.83322e-05
5.83299e-05
5.83275e-05
5.83251e-05
5.83228e-05
5.83204e-05
5.8318e-05
5.83157e-05
5.83133e-05
5.83109e-05
5.83086e-05
5.83062e-05
5.83039e-05
5.83015e-05
5.82991e-05
5.82968e-05
5.82944e-05
5.82921e-05
5.82897e-05
5.82873e-05
5.8285e-05
5.82826e-05
5.82803e-05
5.82779e-05
5.82756e-05
5.82732e-05
5.82709e-05
5.82685e-05
5.82662e-05
5.82638e-05
5.82615e-05
5.82592e-05
5.82568e-05
5.82545e-05
5.82521e-05
5.82498e-05
5.82474e-05
5.82451e-05
5.82428e-05
5.82404e-05
5.82381e-05
5.82358e-05
5.82334e-05
5.82311e-05
5.82287e-05
5.82264e-05
5.82241e-05
5.82218e-05
5.82194e-05
5.82171e-05
5.82148e-05
5.82124e-05
5.82101e-05
5.82078e-05
5.82055e-05
5.82031e-05
5.82008e-05
5.81985e-05
5.81962e-05
5.81938e-05
5.81915e-05
5.81892e-05
5.81869e-05
5.81846e-05
5.81822e-05
5.81799e-05
5.81776e-05
5.81753e-05
5.8173e-05
5.81707e-05
5.81684e-05
5.81661e-05
5.81637e-05
5.81614e-05
5.81591e-05
5.81568e-05
5.81545e-05
5.81522e-05
5.81499e-05
5.81476e-05
5.81453e-05
5.8143e-05
5.81407e-05
5.81384e-05
5.81361e-05
5.81338e-05
5.81315e-05
5.81292e-05
5.81269e-05
5.81246e-05
5.81223e-05
5.812e-05
5.81177e-05
5.81154e-05
5.81131e-05
5.81108e-05
5.81085e-05
5.81062e-05
5.8104e-05
5.81017e-05
5.80994e-05
5.80971e-05
5.80948e-05
5.80925e-05
5.80902e-05
5.8088e-05
5.80857e-05
5.80834e-05
5.80811e-05
5.80788e-05
5.80766e-05
5.80743e-05
5.8072e-05
5.80697e-05
5.80674e-05
5.80652e-05
5.80629e-05
5.80606e-05
5.80584e-05
5.80561e-05
5.80538e-05
5.80515e-05
5.80493e-05
5.8047e-05
5.80447e-05
5.80425e-05
5.80402e-05
5.80379e-05
5.80357e-05
5.80334e-05
5.80311e-05
5.80289e-05
5.80266e-05
5.80244e-05
5.80221e-05
5.80198e-05
5.80176e-05
5.80153e-05
5.80131e-05
5.80108e-05
5.80086e-05
5.80063e-05
5.8004e-05
5.80018e-05
5.79995e-05
5.79973e-05
5.7995e-05
5.79928e-05
5.79905e-05
5.79883e-05
5.7986e-05
5.79838e-05
5.79816e-05
5.79793e-05
5.79771e-05
5.79748e-05
5.79726e-05
5.79703e-05
5.79681e-05
5.79659e-05
5.79636e-05
5.79614e-05
5.79591e-05
5.79569e-05
5.79547e-05
5.79524e-05
5.79502e-05
5.7948e-05
5.79457e-05
5.79435e-05
5.79413e-05
5.7939e-05
5.79368e-05
5.79346e-05
5.79324e-05
5.79301e-05
5.79279e-05
5.79257e-05
5.79235e-05
5.79212e-05
5.7919e-05
5.79168e-05
5.79146e-05
5.79123e-05
5.79101e-05
5.79079e-05
5.79057e-05
5.79035e-05
5.79013e-05
5.7899e-05
5.78968e-05
5.78946e-05
5.78924e-05
5.78902e-05
5.7888e-05
5.78858e-05
5.78835e-05
5.78813e-05
5.78791e-05
5.78769e-05
5.78747e-05
5.78725e-05
5.78703e-05
5.78681e-05
5.78659e-05
5.78637e-05
5.78615e-05
5.78593e-05
5.78571e-05
5.78549e-05
5.78527e-05
5.78505e-05
5.78483e-05
5.78461e-05
5.78439e-05
5.78417e-05
5.78395e-05
5.78373e-05
5.78351e-05
5.78329e-05
5.78307e-05
5.78285e-05
5.78263e-05
5.78241e-05
5.7822e-05
5.78198e-05
5.78176e-05
5.78154e-05
5.78132e-05
5.7811e-05
5.78088e-05
5.78067e-05
5.78045e-05
5.78023e-05
5.78001e-05
5.77979e-05
5.77958e-05
5.77936e-05
5.77914e-05
5.77892e-05
5.7787e-05
5.77849e-05
5.77827e-05
5.77805e-05
5.77783e-05
5.77762e-05
5.7774e-05
5.77718e-05
5.77697e-05
5.77675e-05
5.77653e-05
5.77631e-05
5.7761e-05
5.77588e-05
5.77566e-05
5.77545e-05
5.77523e-05
5.77502e-05
5.7748e-05
5.77458e-05
5.77437e-05
5.77415e-05
5.77393e-05
5.77372e-05
5.7735e-05
5.77329e-05
5.77307e-05
5.77286e-05
5.77264e-05
5.77242e-05
5.77221e-05
5.77199e-05
5.77178e-05
5.77156e-05
5.77135e-05
5.77113e-05
5.77092e-05
5.7707e-05
5.77049e-05
5.77027e-05
5.77006e-05
5.76984e-05
5.76963e-05
5.76942e-05
5.7692e-05
5.76899e-05
5.76877e-05
5.76856e-05
5.76834e-05
5.76813e-05
5.76792e-05
5.7677e-05
5.76749e-05
5.76728e-05
5.76706e-05
5.76685e-05
5.76663e-05
5.76642e-05
5.76621e-05
5.766e-05
5.76578e-05
5.76557e-05
5.76536e-05
5.76514e-05
5.76493e-05
5.76472e-05
5.7645e-05
5.76429e-05
5.76408e-05
5.76387e-05
5.76365e-05
5.76344e-05
5.76323e-05
5.76302e-05
5.76281e-05
5.76259e-05
5.76238e-05
5.76217e-05
5.76196e-05
5.76175e-05
5.76153e-05
5.76132e-05
5.76111e-05
5.7609e-05
5.76069e-05
5.76048e-05
5.76027e-05
5.76005e-05
5.75984e-05
5.75963e-05
5.75942e-05
5.75921e-05
5.759e-05
5.75879e-05
5.75858e-05
5.75837e-05
5.75816e-05
5.75795e-05
5.75774e-05
5.75753e-05
5.75732e-05
5.75711e-05
5.7569e-05
5.75669e-05
5.75648e-05
5.75627e-05
5.75606e-05
5.75585e-05
5.75564e-05
5.75543e-05
5.75522e-05
5.75501e-05
5.7548e-05
5.75459e-05
5.75438e-05
5.75417e-05
5.75396e-05
5.75375e-05
5.75354e-05
5.75334e-05
5.75313e-05
5.75292e-05
5.75271e-05
5.7525e-05
5.75229e-05
5.75208e-05
5.75188e-05
5.75167e-05
5.75146e-05
5.75125e-05
5.75104e-05
5.75083e-05
5.75063e-05
5.75042e-05
5.75021e-05
5.75e-05
5.7498e-05
5.74959e-05
5.74938e-05
5.74917e-05
5.74897e-05
5.74876e-05
5.74855e-05
5.74834e-05
5.74814e-05
5.74793e-05
5.74772e-05
5.74752e-05
5.74731e-05
5.7471e-05
5.7469e-05
5.74669e-05
5.74648e-05
5.74628e-05
5.74607e-05
5.74586e-05
5.74566e-05
5.74545e-05
5.74525e-05
5.74504e-05
5.74483e-05
5.74463e-05
5.74442e-05
5.74422e-05
5.74401e-05
5.74381e-05
5.7436e-05
5.74339e-05
5.74319e-05
5.74298e-05
5.74278e-05
5.74257e-05
5.74237e-05
5.74216e-05
5.74196e-05
5.74175e-05
5.74155e-05
5.74134e-05
5.74114e-05
5.74093e-05
5.74073e-05
5.74053e-05
5.74032e-05
5.74012e-05
5.73991e-05
5.73971e-05
5.7395e-05
5.7393e-05
5.7391e-05
5.73889e-05
5.73869e-05
5.73848e-05
5.73828e-05
5.73808e-05
5.73787e-05
5.73767e-05
5.73747e-05
5.73726e-05
5.73706e-05
5.73686e-05
5.73665e-05
5.73645e-05
5.73625e-05
5.73605e-05
5.73584e-05
5.73564e-05
5.73544e-05
5.73523e-05
5.73503e-05
5.73483e-05
5.73463e-05
5.73442e-05
5.73422e-05
5.73402e-05
5.73382e-05
5.73362e-05
5.73341e-05
5.73321e-05
5.73301e-05
5.73281e-05
5.73261e-05
5.7324e-05
5.7322e-05
5.732e-05
5.7318e-05
5.7316e-05
5.7314e-05
5.7312e-05
5.73099e-05
5.73079e-05
5.73059e-05
5.73039e-05
5.73019e-05
5.72999e-05
5.72979e-05
5.72959e-05
5.72939e-05
5.72919e-05
5.72899e-05
5.72879e-05
5.72859e-05
5.72839e-05
5.72818e-05
5.72798e-05
5.72778e-05
5.72758e-05
5.72738e-05
5.72718e-05
5.72698e-05
5.72679e-05
5.72659e-05
5.72639e-05
5.72619e-05
5.72599e-05
5.72579e-05
5.72559e-05
5.72539e-05
5.72519e-05
5.72499e-05
5.72479e-05
5.72459e-05
5.72439e-05
5.72419e-05
5.724e-05
5.7238e-05
5.7236e-05
5.7234e-05
5.7232e-05
5.723e-05
5.7228e-05
5.72261e-05
5.72241e-05
5.72221e-05
5.72201e-05
5.72181e-05
5.72161e-05
5.72142e-05
5.72122e-05
5.72102e-05
5.72082e-05
5.72063e-05
5.72043e-05
5.72023e-05
5.72003e-05
5.71984e-05
5.71964e-05
5.71944e-05
5.71924e-05
5.71905e-05
5.71885e-05
5.71865e-05
5.71846e-05
5.71826e-05
5.71806e-05
5.71786e-05
5.71767e-05
5.71747e-05
5.71727e-05
5.71708e-05
5.71688e-05
5.71669e-05
5.71649e-05
5.71629e-05
5.7161e-05
5.7159e-05
5.7157e-05
5.71551e-05
5.71531e-05
5.71512e-05
5.71492e-05
5.71473e-05
5.71453e-05
5.71433e-05
5.71414e-05
5.71394e-05
5.71375e-05
5.71355e-05
5.71336e-05
5.71316e-05
5.71297e-05
5.71277e-05
5.71258e-05
5.71238e-05
5.71219e-05
5.71199e-05
5.7118e-05
5.7116e-05
5.71141e-05
5.71121e-05
5.71102e-05
5.71083e-05
5.71063e-05
5.71044e-05
5.71024e-05
5.71005e-05
5.70985e-05
5.70966e-05
5.70947e-05
5.70927e-05
5.70908e-05
5.70888e-05
5.70869e-05
5.7085e-05
5.7083e-05
5.70811e-05
5.70792e-05
5.70772e-05
5.70753e-05
5.70734e-05
5.70714e-05
5.70695e-05
5.70676e-05
5.70656e-05
5.70637e-05
5.70618e-05
5.70599e-05
5.70579e-05
5.7056e-05
5.70541e-05
5.70522e-05
5.70502e-05
5.70483e-05
5.70464e-05
5.70445e-05
5.70425e-05
5.70406e-05
5.70387e-05
5.70368e-05
5.70349e-05
5.70329e-05
5.7031e-05
5.70291e-05
5.70272e-05
5.70253e-05
5.70234e-05
5.70214e-05
5.70195e-05
5.70176e-05
5.70157e-05
5.70138e-05
5.70119e-05
5.701e-05
5.70081e-05
5.70061e-05
5.70042e-05
5.70023e-05
5.70004e-05
5.69985e-05
5.69966e-05
5.69947e-05
5.69928e-05
5.69909e-05
5.6989e-05
5.69871e-05
5.69852e-05
5.69833e-05
5.69814e-05
5.69795e-05
5.69776e-05
5.69757e-05
5.69738e-05
5.69719e-05
5.697e-05
5.69681e-05
5.69662e-05
5.69643e-05
5.69624e-05
5.69605e-05
5.69586e-05
5.69567e-05
5.69548e-05
5.69529e-05
5.6951e-05
5.69491e-05
5.69473e-05
5.69454e-05
5.69435e-05
5.69416e-05
5.69397e-05
5.69378e-05
5.69359e-05
5.6934e-05
5.69322e-05
5.69303e-05
5.69284e-05
5.69265e-05
5.69246e-05
5.69227e-05
5.69209e-05
5.6919e-05
5.69171e-05
5.69152e-05
5.69133e-05
5.69115e-05
5.69096e-05
5.69077e-05
5.69058e-05
5.6904e-05
5.69021e-05
5.69002e-05
5.68983e-05
5.68965e-05
5.68946e-05
5.68927e-05
5.68908e-05
5.6889e-05
5.68871e-05
5.68852e-05
5.68834e-05
5.68815e-05
5.68796e-05
5.68778e-05
5.68759e-05
5.6874e-05
5.68722e-05
5.68703e-05
5.68684e-05
5.68666e-05
5.68647e-05
5.68628e-05
5.6861e-05
5.68591e-05
5.68573e-05
5.68554e-05
5.68535e-05
5.68517e-05
5.68498e-05
5.6848e-05
5.68461e-05
5.68442e-05
5.68424e-05
5.68405e-05
5.68387e-05
5.68368e-05
5.6835e-05
5.68331e-05
5.68313e-05
5.68294e-05
5.68276e-05
5.68257e-05
5.68239e-05
5.6822e-05
5.68202e-05
5.68183e-05
5.68165e-05
5.68146e-05
5.68128e-05
5.68109e-05
5.68091e-05
5.68072e-05
5.68054e-05
5.68036e-05
5.68017e-05
5.67999e-05
5.6798e-05
5.67962e-05
5.67944e-05
5.67925e-05
5.67907e-05
5.67888e-05
5.6787e-05
5.67852e-05
5.67833e-05
5.67815e-05
5.67797e-05
5.67778e-05
5.6776e-05
5.67742e-05
5.67723e-05
5.67705e-05
5.67687e-05
5.67668e-05
5.6765e-05
5.67632e-05
5.67613e-05
5.67595e-05
5.67577e-05
5.67559e-05
5.6754e-05
5.67522e-05
5.67504e-05
5.67486e-05
5.67467e-05
5.67449e-05
5.67431e-05
5.67413e-05
5.67394e-05
5.67376e-05
5.67358e-05
5.6734e-05
5.67322e-05
5.67303e-05
5.67285e-05
5.67267e-05
5.67249e-05
5.67231e-05
5.67213e-05
5.67194e-05
5.67176e-05
5.67158e-05
5.6714e-05
5.67122e-05
5.67104e-05
5.67086e-05
5.67068e-05
5.67049e-05
5.67031e-05
5.67013e-05
5.66995e-05
5.66977e-05
5.66959e-05
5.66941e-05
5.66923e-05
5.66905e-05
5.66887e-05
5.66869e-05
5.66851e-05
5.66833e-05
5.66815e-05
5.66797e-05
5.66779e-05
5.66761e-05
5.66743e-05
5.66725e-05
5.66707e-05
5.66689e-05
5.66671e-05
5.66653e-05
5.66635e-05
5.66617e-05
5.66599e-05
5.66581e-05
5.66563e-05
5.66545e-05
5.66527e-05
5.66509e-05
5.66491e-05
5.66473e-05
5.66455e-05
5.66437e-05
5.66419e-05
5.66401e-05
5.66384e-05
5.66366e-05
5.66348e-05
5.6633e-05
5.66312e-05
5.66294e-05
5.66276e-05
5.66259e-05
5.66241e-05
5.66223e-05
5.66205e-05
5.66187e-05
5.66169e-05
5.66152e-05
5.66134e-05
5.66116e-05
5.66098e-05
5.6608e-05
5.66063e-05
5.66045e-05
5.66027e-05
5.66009e-05
5.65992e-05
5.65974e-05
5.65956e-05
5.65938e-05
5.65921e-05
5.65903e-05
5.65885e-05
5.65867e-05
5.6585e-05
5.65832e-05
5.65814e-05
5.65797e-05
5.65779e-05
5.65761e-05
5.65743e-05
5.65726e-05
5.65708e-05
5.6569e-05
5.65673e-05
5.65655e-05
5.65637e-05
5.6562e-05
5.65602e-05
5.65585e-05
5.65567e-05
5.65549e-05
5.65532e-05
5.65514e-05
5.65497e-05
5.65479e-05
5.65461e-05
5.65444e-05
5.65426e-05
5.65409e-05
5.65391e-05
5.65373e-05
5.65356e-05
5.65338e-05
5.65321e-05
5.65303e-05
5.65286e-05
5.65268e-05
5.65251e-05
5.65233e-05
5.65216e-05
5.65198e-05
5.65181e-05
5.65163e-05
5.65146e-05
5.65128e-05
5.65111e-05
5.65093e-05
5.65076e-05
5.65058e-05
5.65041e-05
5.65023e-05
5.65006e-05
5.64989e-05
5.64971e-05
5.64954e-05
5.64936e-05
5.64919e-05
5.64901e-05
5.64884e-05
5.64867e-05
5.64849e-05
5.64832e-05
5.64814e-05
5.64797e-05
5.6478e-05
5.64762e-05
5.64745e-05
5.64728e-05
5.6471e-05
5.64693e-05
5.64676e-05
5.64658e-05
5.64641e-05
5.64624e-05
5.64606e-05
5.64589e-05
5.64572e-05
5.64554e-05
5.64537e-05
5.6452e-05
5.64502e-05
5.64485e-05
5.64468e-05
5.64451e-05
5.64433e-05
5.64416e-05
5.64399e-05
5.64382e-05
5.64364e-05
5.64347e-05
5.6433e-05
5.64313e-05
5.64296e-05
5.64278e-05
5.64261e-05
5.64244e-05
5.64227e-05
5.6421e-05
5.64192e-05
5.64175e-05
5.64158e-05
5.64141e-05
5.64124e-05
5.64107e-05
5.64089e-05
5.64072e-05
5.64055e-05
5.64038e-05
5.64021e-05
5.64004e-05
5.63987e-05
5.63969e-05
5.63952e-05
5.63935e-05
5.63918e-05
5.63901e-05
5.63884e-05
5.63867e-05
5.6385e-05
5.63833e-05
5.63816e-05
5.63799e-05
5.63782e-05
5.63765e-05
5.63748e-05
5.6373e-05
5.63713e-05
5.63696e-05
5.63679e-05
5.63662e-05
5.63645e-05
5.63628e-05
5.63611e-05
5.63594e-05
5.63577e-05
5.6356e-05
5.63543e-05
5.63526e-05
5.6351e-05
5.63493e-05
5.63476e-05
5.63459e-05
5.63442e-05
5.63425e-05
5.63408e-05
5.63391e-05
5.63374e-05
5.63357e-05
5.6334e-05
5.63323e-05
5.63306e-05
5.63289e-05
5.63273e-05
5.63256e-05
5.63239e-05
5.63222e-05
5.63205e-05
5.63188e-05
5.63171e-05
5.63154e-05
5.63138e-05
5.63121e-05
5.63104e-05
5.63087e-05
5.6307e-05
5.63053e-05
5.63037e-05
5.6302e-05
5.63003e-05
5.62986e-05
5.62969e-05
5.62953e-05
5.62936e-05
5.62919e-05
5.62902e-05
5.62886e-05
5.62869e-05
5.62852e-05
5.62835e-05
5.62819e-05
5.62802e-05
5.62785e-05
5.62768e-05
5.62752e-05
5.62735e-05
5.62718e-05
5.62701e-05
5.62685e-05
5.62668e-05
5.62651e-05
5.62635e-05
5.62618e-05
5.62601e-05
5.62585e-05
5.62568e-05
5.62551e-05
5.62535e-05
5.62518e-05
5.62501e-05
5.62485e-05
5.62468e-05
5.62451e-05
5.62435e-05
5.62418e-05
5.62402e-05
5.62385e-05
5.62368e-05
5.62352e-05
5.62335e-05
5.62319e-05
5.62302e-05
5.62285e-05
5.62269e-05
5.62252e-05
5.62236e-05
5.62219e-05
5.62203e-05
5.62186e-05
5.6217e-05
5.62153e-05
5.62137e-05
5.6212e-05
5.62103e-05
5.62087e-05
5.6207e-05
5.62054e-05
5.62037e-05
5.62021e-05
5.62004e-05
5.61988e-05
5.61972e-05
5.61955e-05
5.61939e-05
5.61922e-05
5.61906e-05
5.61889e-05
5.61873e-05
5.61856e-05
5.6184e-05
5.61823e-05
5.61807e-05
5.61791e-05
5.61774e-05
5.61758e-05
5.61741e-05
5.61725e-05
5.61709e-05
5.61692e-05
5.61676e-05
5.61659e-05
5.61643e-05
5.61627e-05
5.6161e-05
5.61594e-05
5.61578e-05
5.61561e-05
5.61545e-05
5.61529e-05
5.61512e-05
5.61496e-05
5.6148e-05
5.61463e-05
5.61447e-05
5.61431e-05
5.61414e-05
5.61398e-05
5.61382e-05
5.61365e-05
5.61349e-05
5.61333e-05
5.61317e-05
5.613e-05
5.61284e-05
5.61268e-05
5.61252e-05
5.61235e-05
5.61219e-05
5.61203e-05
5.61187e-05
5.6117e-05
5.61154e-05
5.61138e-05
5.61122e-05
5.61106e-05
5.61089e-05
5.61073e-05
5.61057e-05
5.61041e-05
5.61025e-05
5.61008e-05
5.60992e-05
5.60976e-05
5.6096e-05
5.60944e-05
5.60928e-05
5.60911e-05
5.60895e-05
5.60879e-05
5.60863e-05
5.60847e-05
5.60831e-05
5.60815e-05
5.60799e-05
5.60782e-05
5.60766e-05
5.6075e-05
5.60734e-05
5.60718e-05
5.60702e-05
5.60686e-05
5.6067e-05
5.60654e-05
5.60638e-05
5.60622e-05
5.60606e-05
5.6059e-05
5.60574e-05
5.60558e-05
5.60542e-05
5.60525e-05
5.60509e-05
5.60493e-05
5.60477e-05
5.60461e-05
5.60445e-05
5.60429e-05
5.60413e-05
5.60397e-05
5.60381e-05
5.60366e-05
5.6035e-05
5.60334e-05
5.60318e-05
5.60302e-05
5.60286e-05
5.6027e-05
5.60254e-05
5.60238e-05
5.60222e-05
5.60206e-05
5.6019e-05
5.60174e-05
5.60158e-05
5.60142e-05
5.60126e-05
5.60111e-05
5.60095e-05
5.60079e-05
5.60063e-05
5.60047e-05
5.60031e-05
5.60015e-05
5.59999e-05
5.59984e-05
5.59968e-05
5.59952e-05
5.59936e-05
5.5992e-05
5.59904e-05
5.59889e-05
5.59873e-05
5.59857e-05
5.59841e-05
5.59825e-05
5.59809e-05
5.59794e-05
5.59778e-05
5.59762e-05
5.59746e-05
5.59731e-05
5.59715e-05
5.59699e-05
5.59683e-05
5.59667e-05
5.59652e-05
5.59636e-05
5.5962e-05
5.59605e-05
5.59589e-05
5.59573e-05
5.59557e-05
5.59542e-05
5.59526e-05
5.5951e-05
5.59494e-05
5.59479e-05
5.59463e-05
5.59447e-05
5.59432e-05
5.59416e-05
5.594e-05
5.59385e-05
5.59369e-05
5.59353e-05
5.59338e-05
5.59322e-05
5.59306e-05
5.59291e-05
5.59275e-05
5.59259e-05
5.59244e-05
5.59228e-05
5.59213e-05
5.59197e-05
5.59181e-05
5.59166e-05
5.5915e-05
5.59135e-05
5.59119e-05
5.59103e-05
5.59088e-05
5.59072e-05
5.59057e-05
5.59041e-05
5.59026e-05
5.5901e-05
5.58994e-05
5.58979e-05
5.58963e-05
5.58948e-05
5.58932e-05
5.58917e-05
5.58901e-05
5.58886e-05
5.5887e-05
5.58855e-05
5.58839e-05
5.58824e-05
5.58808e-05
5.58793e-05
5.58777e-05
5.58762e-05
5.58746e-05
5.58731e-05
5.58715e-05
5.587e-05
5.58684e-05
5.58669e-05
5.58654e-05
5.58638e-05
5.58623e-05
5.58607e-05
5.58592e-05
5.58576e-05
5.58561e-05
5.58546e-05
5.5853e-05
5.58515e-05
5.58499e-05
5.58484e-05
5.58469e-05
5.58453e-05
5.58438e-05
5.58422e-05
5.58407e-05
5.58392e-05
5.58376e-05
5.58361e-05
5.58346e-05
5.5833e-05
5.58315e-05
5.583e-05
5.58284e-05
5.58269e-05
5.58254e-05
5.58238e-05
5.58223e-05
5.58208e-05
5.58192e-05
5.58177e-05
5.58162e-05
5.58147e-05
5.58131e-05
5.58116e-05
5.58101e-05
5.58085e-05
5.5807e-05
5.58055e-05
5.5804e-05
5.58024e-05
5.58009e-05
5.57994e-05
5.57979e-05
5.57963e-05
5.57948e-05
5.57933e-05
5.57918e-05
5.57903e-05
5.57887e-05
5.57872e-05
5.57857e-05
5.57842e-05
5.57827e-05
5.57811e-05
5.57796e-05
5.57781e-05
5.57766e-05
5.57751e-05
5.57736e-05
5.5772e-05
5.57705e-05
5.5769e-05
5.57675e-05
5.5766e-05
5.57645e-05
5.5763e-05
5.57614e-05
5.57599e-05
5.57584e-05
5.57569e-05
5.57554e-05
5.57539e-05
5.57524e-05
5.57509e-05
5.57494e-05
5.57478e-05
5.57463e-05
5.57448e-05
5.57433e-05
5.57418e-05
5.57403e-05
5.57388e-05
5.57373e-05
5.57358e-05
5.57343e-05
5.57328e-05
5.57313e-05
5.57298e-05
5.57283e-05
5.57268e-05
5.57253e-05
5.57238e-05
5.57223e-05
5.57208e-05
5.57193e-05
5.57178e-05
5.57163e-05
5.57148e-05
5.57133e-05
5.57118e-05
5.57103e-05
5.57088e-05
5.57073e-05
5.57058e-05
5.57043e-05
5.57028e-05
5.57013e-05
5.56998e-05
5.56983e-05
5.56968e-05
5.56953e-05
5.56938e-05
5.56924e-05
5.56909e-05
5.56894e-05
5.56879e-05
5.56864e-05
5.56849e-05
5.56834e-05
5.56819e-05
5.56804e-05
5.56789e-05
5.56775e-05
5.5676e-05
5.56745e-05
5.5673e-05
5.56715e-05
5.567e-05
5.56686e-05
5.56671e-05
5.56656e-05
5.56641e-05
5.56626e-05
5.56611e-05
5.56597e-05
5.56582e-05
5.56567e-05
5.56552e-05
5.56537e-05
5.56523e-05
5.56508e-05
5.56493e-05
5.56478e-05
5.56463e-05
5.56449e-05
5.56434e-05
5.56419e-05
5.56404e-05
5.5639e-05
5.56375e-05
5.5636e-05
5.56345e-05
5.56331e-05
5.56316e-05
5.56301e-05
5.56286e-05
5.56272e-05
5.56257e-05
5.56242e-05
5.56228e-05
5.56213e-05
5.56198e-05
5.56183e-05
5.56169e-05
5.56154e-05
5.56139e-05
5.56125e-05
5.5611e-05
5.56095e-05
5.56081e-05
5.56066e-05
5.56051e-05
5.56037e-05
5.56022e-05
5.56008e-05
5.55993e-05
5.55978e-05
5.55964e-05
5.55949e-05
5.55934e-05
5.5592e-05
5.55905e-05
5.55891e-05
5.55876e-05
5.55861e-05
5.55847e-05
5.55832e-05
5.55818e-05
5.55803e-05
5.55789e-05
5.55774e-05
5.55759e-05
5.55745e-05
5.5573e-05
5.55716e-05
5.55701e-05
5.55687e-05
5.55672e-05
5.55658e-05
5.55643e-05
5.55629e-05
5.55614e-05
5.55599e-05
5.55585e-05
5.5557e-05
5.55556e-05
5.55541e-05
5.55527e-05
5.55512e-05
5.55498e-05
5.55484e-05
5.55469e-05
5.55455e-05
5.5544e-05
5.55426e-05
5.55411e-05
5.55397e-05
5.55382e-05
5.55368e-05
5.55353e-05
5.55339e-05
5.55325e-05
5.5531e-05
5.55296e-05
5.55281e-05
5.55267e-05
5.55252e-05
5.55238e-05
5.55224e-05
5.55209e-05
5.55195e-05
5.5518e-05
5.55166e-05
5.55152e-05
5.55137e-05
5.55123e-05
5.55109e-05
5.55094e-05
5.5508e-05
5.55065e-05
5.55051e-05
5.55037e-05
5.55022e-05
5.55008e-05
5.54994e-05
5.54979e-05
5.54965e-05
5.54951e-05
5.54936e-05
5.54922e-05
5.54908e-05
5.54894e-05
5.54879e-05
5.54865e-05
5.54851e-05
5.54836e-05
5.54822e-05
5.54808e-05
5.54794e-05
5.54779e-05
5.54765e-05
5.54751e-05
5.54737e-05
5.54722e-05
5.54708e-05
5.54694e-05
5.5468e-05
5.54665e-05
5.54651e-05
5.54637e-05
5.54623e-05
5.54608e-05
5.54594e-05
5.5458e-05
5.54566e-05
5.54552e-05
5.54537e-05
5.54523e-05
5.54509e-05
5.54495e-05
5.54481e-05
5.54466e-05
5.54452e-05
5.54438e-05
5.54424e-05
5.5441e-05
5.54396e-05
5.54382e-05
5.54367e-05
5.54353e-05
5.54339e-05
5.54325e-05
5.54311e-05
5.54297e-05
5.54283e-05
5.54268e-05
5.54254e-05
5.5424e-05
5.54226e-05
5.54212e-05
5.54198e-05
5.54184e-05
5.5417e-05
5.54156e-05
5.54142e-05
5.54128e-05
5.54113e-05
5.54099e-05
5.54085e-05
5.54071e-05
5.54057e-05
5.54043e-05
5.54029e-05
5.54015e-05
5.54001e-05
5.53987e-05
5.53973e-05
5.53959e-05
5.53945e-05
5.53931e-05
5.53917e-05
5.53903e-05
5.53889e-05
5.53875e-05
5.53861e-05
5.53847e-05
5.53833e-05
5.53819e-05
5.53805e-05
5.53791e-05
5.53777e-05
5.53763e-05
5.53749e-05
5.53735e-05
5.53721e-05
5.53707e-05
5.53693e-05
5.53679e-05
5.53665e-05
5.53652e-05
5.53638e-05
5.53624e-05
5.5361e-05
5.53596e-05
5.53582e-05
5.53568e-05
5.53554e-05
5.5354e-05
5.53526e-05
5.53512e-05
5.53499e-05
5.53485e-05
5.53471e-05
5.53457e-05
5.53443e-05
5.53429e-05
5.53415e-05
5.53401e-05
5.53388e-05
5.53374e-05
5.5336e-05
5.53346e-05
5.53332e-05
5.53318e-05
5.53305e-05
5.53291e-05
5.53277e-05
5.53263e-05
5.53249e-05
5.53236e-05
5.53222e-05
5.53208e-05
5.53194e-05
5.5318e-05
5.53167e-05
5.53153e-05
5.53139e-05
5.53125e-05
5.53111e-05
5.53098e-05
5.53084e-05
5.5307e-05
5.53056e-05
5.53043e-05
5.53029e-05
5.53015e-05
5.53001e-05
5.52988e-05
5.52974e-05
5.5296e-05
5.52947e-05
5.52933e-05
5.52919e-05
5.52905e-05
5.52892e-05
5.52878e-05
5.52864e-05
5.52851e-05
5.52837e-05
5.52823e-05
5.5281e-05
5.52796e-05
5.52782e-05
5.52768e-05
5.52755e-05
5.52741e-05
5.52728e-05
5.52714e-05
5.527e-05
5.52687e-05
5.52673e-05
5.52659e-05
5.52646e-05
5.52632e-05
5.52618e-05
5.52605e-05
5.52591e-05
5.52578e-05
5.52564e-05
5.5255e-05
5.52537e-05
5.52523e-05
5.5251e-05
5.52496e-05
5.52482e-05
5.52469e-05
5.52455e-05
5.52442e-05
5.52428e-05
5.52414e-05
5.52401e-05
5.52387e-05
5.52374e-05
5.5236e-05
5.52347e-05
5.52333e-05
5.5232e-05
5.52306e-05
5.52293e-05
5.52279e-05
5.52266e-05
5.52252e-05
5.52239e-05
5.52225e-05
5.52211e-05
5.52198e-05
5.52184e-05
5.52171e-05
5.52158e-05
5.52144e-05
5.52131e-05
5.52117e-05
5.52104e-05
5.5209e-05
5.52077e-05
5.52063e-05
5.5205e-05
5.52036e-05
5.52023e-05
5.52009e-05
5.51996e-05
5.51983e-05
5.51969e-05
5.51956e-05
5.51942e-05
5.51929e-05
5.51915e-05
5.51902e-05
5.51889e-05
5.51875e-05
5.51862e-05
5.51848e-05
5.51835e-05
5.51822e-05
5.51808e-05
5.51795e-05
5.51781e-05
5.51768e-05
5.51755e-05
5.51741e-05
5.51728e-05
5.51715e-05
5.51701e-05
5.51688e-05
5.51675e-05
5.51661e-05
5.51648e-05
5.51634e-05
5.51621e-05
5.51608e-05
5.51595e-05
5.51581e-05
5.51568e-05
5.51555e-05
5.51541e-05
5.51528e-05
5.51515e-05
5.51501e-05
5.51488e-05
5.51475e-05
5.51461e-05
5.51448e-05
5.51435e-05
5.51422e-05
5.51408e-05
5.51395e-05
5.51382e-05
5.51369e-05
5.51355e-05
5.51342e-05
5.51329e-05
5.51316e-05
5.51302e-05
5.51289e-05
5.51276e-05
5.51263e-05
5.51249e-05
5.51236e-05
5.51223e-05
5.5121e-05
5.51197e-05
5.51183e-05
5.5117e-05
5.51157e-05
5.51144e-05
5.51131e-05
5.51117e-05
5.51104e-05
5.51091e-05
5.51078e-05
5.51065e-05
5.51052e-05
5.51038e-05
5.51025e-05
5.51012e-05
5.50999e-05
5.50986e-05
5.50973e-05
5.5096e-05
5.50946e-05
5.50933e-05
5.5092e-05
5.50907e-05
5.50894e-05
5.50881e-05
5.50868e-05
5.50855e-05
5.50841e-05
5.50828e-05
5.50815e-05
5.50802e-05
5.50789e-05
5.50776e-05
5.50763e-05
5.5075e-05
5.50737e-05
5.50724e-05
5.50711e-05
5.50698e-05
5.50685e-05
5.50671e-05
5.50658e-05
5.50645e-05
5.50632e-05
5.50619e-05
5.50606e-05
5.50593e-05
5.5058e-05
5.50567e-05
5.50554e-05
5.50541e-05
5.50528e-05
5.50515e-05
5.50502e-05
5.50489e-05
5.50476e-05
5.50463e-05
5.5045e-05
5.50437e-05
5.50424e-05
5.50411e-05
5.50398e-05
5.50385e-05
5.50372e-05
5.50359e-05
5.50346e-05
5.50333e-05
5.5032e-05
5.50307e-05
5.50295e-05
5.50282e-05
5.50269e-05
5.50256e-05
5.50243e-05
5.5023e-05
5.50217e-05
5.50204e-05
5.50191e-05
5.50178e-05
5.50165e-05
5.50152e-05
5.50139e-05
5.50127e-05
5.50114e-05
5.50101e-05
5.50088e-05
5.50075e-05
5.50062e-05
5.50049e-05
5.50036e-05
5.50024e-05
5.50011e-05
5.49998e-05
5.49985e-05
5.49972e-05
5.49959e-05
5.49946e-05
5.49934e-05
5.49921e-05
5.49908e-05
5.49895e-05
5.49882e-05
5.49869e-05
5.49857e-05
5.49844e-05
5.49831e-05
5.49818e-05
5.49805e-05
5.49793e-05
5.4978e-05
5.49767e-05
5.49754e-05
5.49741e-05
5.49729e-05
5.49716e-05
5.49703e-05
5.4969e-05
5.49678e-05
5.49665e-05
5.49652e-05
5.49639e-05
5.49627e-05
5.49614e-05
5.49601e-05
5.49588e-05
5.49576e-05
5.49563e-05
5.4955e-05
5.49537e-05
5.49525e-05
5.49512e-05
5.49499e-05
5.49487e-05
5.49474e-05
5.49461e-05
5.49448e-05
5.49436e-05
5.49423e-05
5.4941e-05
5.49398e-05
5.49385e-05
5.49372e-05
5.4936e-05
5.49347e-05
5.49334e-05
5.49322e-05
5.49309e-05
5.49296e-05
5.49284e-05
5.49271e-05
5.49258e-05
5.49246e-05
5.49233e-05
5.4922e-05
5.49208e-05
5.49195e-05
5.49183e-05
5.4917e-05
5.49157e-05
5.49145e-05
5.49132e-05
5.4912e-05
5.49107e-05
5.49094e-05
5.49082e-05
5.49069e-05
5.49057e-05
5.49044e-05
5.49031e-05
5.49019e-05
5.49006e-05
5.48994e-05
5.48981e-05
5.48969e-05
5.48956e-05
5.48943e-05
5.48931e-05
5.48918e-05
5.48906e-05
5.48893e-05
5.48881e-05
5.48868e-05
5.48856e-05
5.48843e-05
5.48831e-05
5.48818e-05
5.48806e-05
5.48793e-05
5.48781e-05
5.48768e-05
5.48756e-05
5.48743e-05
5.48731e-05
5.48718e-05
5.48706e-05
5.48693e-05
5.48681e-05
5.48668e-05
5.48656e-05
5.48643e-05
5.48631e-05
5.48618e-05
5.48606e-05
5.48593e-05
5.48581e-05
5.48569e-05
5.48556e-05
5.48544e-05
5.48531e-05
5.48519e-05
5.48506e-05
5.48494e-05
5.48482e-05
5.48469e-05
5.48457e-05
5.48444e-05
5.48432e-05
5.48419e-05
5.48407e-05
5.48395e-05
5.48382e-05
5.4837e-05
5.48358e-05
5.48345e-05
5.48333e-05
5.4832e-05
5.48308e-05
5.48296e-05
5.48283e-05
5.48271e-05
5.48259e-05
5.48246e-05
5.48234e-05
5.48222e-05
5.48209e-05
5.48197e-05
5.48185e-05
5.48172e-05
5.4816e-05
5.48148e-05
5.48135e-05
5.48123e-05
5.48111e-05
5.48098e-05
5.48086e-05
5.48074e-05
5.48061e-05
5.48049e-05
5.48037e-05
5.48024e-05
5.48012e-05
5.48e-05
5.47988e-05
5.47975e-05
5.47963e-05
5.47951e-05
5.47939e-05
5.47926e-05
5.47914e-05
5.47902e-05
5.4789e-05
5.47877e-05
5.47865e-05
5.47853e-05
5.47841e-05
5.47828e-05
5.47816e-05
5.47804e-05
5.47792e-05
5.47779e-05
5.47767e-05
5.47755e-05
5.47743e-05
5.47731e-05
5.47718e-05
5.47706e-05
5.47694e-05
5.47682e-05
5.4767e-05
5.47657e-05
5.47645e-05
5.47633e-05
5.47621e-05
5.47609e-05
5.47597e-05
5.47584e-05
5.47572e-05
5.4756e-05
5.47548e-05
5.47536e-05
5.47524e-05
5.47511e-05
5.47499e-05
5.47487e-05
5.47475e-05
5.47463e-05
5.47451e-05
5.47439e-05
5.47427e-05
5.47414e-05
5.47402e-05
5.4739e-05
5.47378e-05
5.47366e-05
5.47354e-05
5.47342e-05
5.4733e-05
5.47318e-05
5.47306e-05
5.47293e-05
5.47281e-05
5.47269e-05
5.47257e-05
5.47245e-05
5.47233e-05
5.47221e-05
5.47209e-05
5.47197e-05
5.47185e-05
5.47173e-05
5.47161e-05
5.47149e-05
5.47137e-05
5.47125e-05
5.47113e-05
5.47101e-05
5.47089e-05
5.47077e-05

