5e-05
5e-05
5e-05
5e-05
5e-05
5e-05
5e-05
5e-05
5e-05
5e-05
5e-05
5e-05
5e-05
5e-05
5e-05
5e-05
5e-05
5e-05
5e-05
5e-05
5e-05
5e-05
5e-05
5e-05
5e-05
5e-05
5e-05
5e-05
5e-05
5e-05
5e-05
5e-05
5e-05
5e-05
5e-05
5e-05
5e-05
5e-05
5e-05
5e-05
5e-05
5e-05
5e-05
5e-05
5e-05
5e-05
5e-05
5e-05
5e-05
5e-05
5e-05
5e-05
5e-05
5e-05
5e-05
5e-05
5e-05
5e-05
5e-05
5e-05
5e-05
5e-05
5e-05
5e-05
5e-05
5e-05
5e-05
5e-05
5e-05
5e-05
5e-05
5e-05
5e-05
5e-05
5e-05
5e-05
5e-05
5e-05
5e-05
5e-05
5e-05
5e-05
5e-05
5e-05
5e-05
5e-05
5e-05
5e-05
5e-05
5e-05
5e-05
5e-05
5e-05
5e-05
5e-05
5e-05
5e-05
5e-05
5e-05
5e-05
5e-05
5e-05
5e-05
5e-05
5e-05
5e-05
5e-05
5e-05
5e-05
5e-05
5e-05
5e-05
5e-05
5e-05
5e-05
5e-05
5e-05
5e-05
5e-05
5e-05
5e-05
5e-05
5e-05
5e-05
5e-05
5e-05
5e-05
5e-05
5e-05
5e-05
5e-05
5e-05
5e-05
5e-05
5e-05
5e-05
5e-05
5e-05
5e-05
5e-05
5e-05
5e-05
5e-05
5e-05
5e-05
5e-05
5e-05
5e-05
5e-05
5e-05
5e-05
5e-05
5e-05
5e-05
5e-05
5e-05
5e-05
5e-05
5e-05
5e-05
5e-05
5e-05
5e-05
5e-05
5e-05
5e-05
5e-05
5e-05
5e-05
5e-05
5e-05
5e-05
5e-05
5e-05
5e-05
5e-05
5e-05
5e-05
5e-05
5e-05
5e-05
5e-05
5e-05
5e-05
5e-05
5e-05
5e-05
5e-05
5e-05
5e-05
5e-05
5e-05
5e-05
5e-05
5e-05
5e-05
5e-05
5e-05
5e-05
5e-05
5e-05
5e-05
5e-05
5e-05
5e-05
5e-05
5e-05
5e-05
5e-05
5e-05
5e-05
5e-05
5e-05
5e-05
5e-05
5e-05
5e-05
5e-05
5e-05
5e-05
5e-05
5e-05
5e-05
5e-05
5e-05
5e-05
5e-05
5e-05
5e-05
5e-05
5e-05
5e-05
5e-05
5e-05
5e-05
5e-05
5e-05
5e-05
5e-05
5e-05
5e-05
5e-05
5e-05
5e-05
5e-05
5e-05
5e-05
5e-05
5e-05
5e-05
5e-05
5e-05
5e-05
5e-05
5e-05
5e-05
5e-05
5e-05
5e-05
5e-05
5e-05
5e-05
5e-05
5e-05
5e-05
5e-05
5e-05
5e-05
5e-05
5e-05
5e-05
5e-05
5e-05
5e-05
5e-05
5e-05
5e-05
5e-05
5e-05
5e-05
5e-05
5e-05
5e-05
5e-05
5e-05
5e-05
5e-05
5e-05
5e-05
5e-05
5e-05
5e-05
5e-05
5e-05
5e-05
5e-05
5e-05
5e-05
5e-05
5e-05
5e-05
5e-05
5e-05
5e-05
5e-05
5e-05
5e-05
5e-05
5e-05
5e-05
5e-05
5e-05
5e-05
5e-05
5e-05
5e-05
5e-05
5e-05
5e-05
5e-05
5e-05
5e-05
5e-05
5e-05
5e-05
5e-05
5e-05
5e-05
5e-05
5e-05
5e-05
5e-05
5e-05
5e-05
5e-05
5e-05
5e-05
5e-05
5e-05
5e-05
5e-05
5e-05
5e-05
5e-05
5e-05
5e-05
5e-05
5e-05
5e-05
5e-05
5e-05
5e-05
5e-05
5e-05
5e-05
5e-05
5e-05
5e-05
5e-05
5e-05
5e-05
5e-05
5e-05
5e-05
5e-05
5e-05
5e-05
5e-05
5e-05
5e-05
5e-05
5e-05
5e-05
5e-05
5e-05
5e-05
5e-05
5e-05
5e-05
5e-05
5e-05
5e-05
5e-05
5e-05
5e-05
5e-05
5e-05
5e-05
5e-05
5e-05
5e-05
5e-05
5e-05
5e-05
5e-05
5e-05
5e-05
5e-05
5e-05
5e-05
5e-05
5e-05
5e-05
5e-05
5e-05
5e-05
5e-05
5e-05
5e-05
5e-05
5e-05
5e-05
5e-05
5e-05
5e-05
5e-05
5e-05
5e-05
5e-05
5e-05
5e-05
5e-05
5e-05
5e-05
5e-05
5e-05
5e-05
5e-05
5e-05
5e-05
5e-05
5e-05
5e-05
5e-05
5e-05
5e-05
5e-05
5e-05
5e-05
5e-05
5e-05
5e-05
5e-05
5e-05
5e-05
5e-05
5e-05
5e-05
5e-05
5e-05
5e-05
5e-05
5e-05
5e-05
5e-05
5e-05
5e-05
5e-05
5e-05
5e-05
5e-05
5e-05
5e-05
5e-05
5e-05
5e-05
5e-05
5e-05
5e-05
5e-05
5e-05
5e-05
5e-05
5e-05
5e-05
5e-05
5e-05
5e-05
5e-05
5e-05
5e-05
5e-05
5e-05
5e-05
5e-05
5e-05
5e-05
5e-05
5e-05
5e-05
5e-05
5e-05
5e-05
5e-05
5e-05
5e-05
5e-05
5e-05
5e-05
5e-05
5e-05
5e-05
5e-05
5e-05
5e-05
5e-05
5e-05
5e-05
5e-05
5e-05
5e-05
5e-05
5e-05
5e-05
5e-05
5e-05
5e-05
5e-05
5e-05
5e-05
5e-05
5e-05
5e-05
5e-05
5e-05
5e-05
5e-05
5e-05
5e-05
5e-05
5e-05
5e-05
5e-05
5e-05
5e-05
5e-05
5e-05
5e-05
5e-05
5e-05
5e-05
5e-05
5e-05
5e-05
5e-05
5e-05
5e-05
5e-05
5e-05
5e-05
5e-05
5e-05
5e-05
5e-05
5e-05
5e-05
5e-05
5e-05
5e-05
5e-05
5e-05
5e-05
5e-05
5e-05
5e-05
5e-05
5e-05
5e-05
5e-05
5e-05
5e-05
5e-05
5e-05
5e-05
5e-05
5e-05
5e-05
5e-05
5e-05
5e-05
5e-05
5e-05
5e-05
5e-05
5e-05
5e-05
5e-05
5e-05
5e-05
5e-05
5e-05
5e-05
5e-05
5e-05
5e-05
5e-05
5e-05
5e-05
5e-05
5e-05
5e-05
5e-05
5e-05
5e-05
5e-05
5e-05
5e-05
5e-05
5e-05
5e-05
5e-05
5e-05
5e-05
5e-05
5e-05
5e-05
5e-05
5e-05
5e-05
5e-05
5e-05
5e-05
5e-05
5e-05
5e-05
5e-05
5e-05
5e-05
5e-05
5e-05
5e-05
5e-05
5e-05
5e-05
5e-05
5e-05
5e-05
5e-05
5e-05
5e-05
5e-05
5e-05
5e-05
5e-05
5e-05
5e-05
5e-05
5e-05
5e-05
5e-05
5e-05
5e-05
5e-05
5e-05
5e-05
5e-05
5e-05
5e-05
5e-05
5e-05
5e-05
5e-05
5e-05
5e-05
5e-05
5e-05
5e-05
5e-05
5e-05
5e-05
5e-05
5e-05
5e-05
5e-05
5e-05
5e-05
5e-05
5e-05
5e-05
5e-05
5e-05
5e-05
5e-05
5e-05
5e-05
5e-05
5e-05
5e-05
5e-05
5e-05
5e-05
5e-05
5e-05
5e-05
5e-05
5e-05
5e-05
5e-05
5e-05
5e-05
5e-05
5e-05
5e-05
5e-05
5e-05
5e-05
5e-05
5e-05
5e-05
5e-05
5e-05
5e-05
5e-05
5e-05
5e-05
5e-05
5e-05
5e-05
5e-05
5e-05
5e-05
5e-05
5e-05
5e-05
5e-05
5e-05
5e-05
5e-05
5e-05
5e-05
5e-05
5e-05
5e-05
5e-05
5e-05
5e-05
5e-05
5e-05
5e-05
5e-05
5e-05
5e-05
5e-05
5e-05
5e-05
5e-05
5e-05
5e-05
5e-05
5e-05
5e-05
5e-05
5e-05
5e-05
5e-05
5e-05
5e-05
5e-05
5e-05
5e-05
5e-05
5e-05
5e-05
5e-05
5e-05
5e-05
5e-05
5e-05
5e-05
5e-05
5e-05
5e-05
5e-05
5e-05
5e-05
5e-05
5e-05
5e-05
5e-05
5e-05
5e-05
5e-05
5e-05
5e-05
5e-05
5e-05
5e-05
5e-05
5e-05
5e-05
5e-05
5e-05
5e-05
5e-05
5e-05
5e-05
5e-05
5e-05
5e-05
5e-05
5e-05
5e-05
5.00002e-05
5.00008e-05
5.00022e-05
5.0005e-05
5.00096e-05
5.00167e-05
5.00267e-05
5.004e-05
5.00571e-05
5.00784e-05
5.01042e-05
5.01348e-05
5.01705e-05
5.02115e-05
5.02581e-05
5.03105e-05
5.03689e-05
5.04334e-05
5.05044e-05
5.0582e-05
5.06663e-05
5.07575e-05
5.08559e-05
5.09615e-05
5.10746e-05
5.11952e-05
5.13235e-05
5.14598e-05
5.1604e-05
5.17564e-05
5.1917e-05
5.2086e-05
5.22636e-05
5.24497e-05
5.26446e-05
5.28483e-05
5.3061e-05
5.32826e-05
5.35134e-05
5.37533e-05
5.40026e-05
5.42612e-05
5.45292e-05
5.48067e-05
5.50937e-05
5.53903e-05
5.56966e-05
5.60127e-05
5.63384e-05
5.6674e-05
5.70195e-05
5.73748e-05
5.774e-05
5.81152e-05
5.85003e-05
5.88954e-05
5.93006e-05
5.97158e-05
6.0141e-05
6.05763e-05
6.10217e-05
6.14771e-05
6.19427e-05
6.24183e-05
6.2904e-05
6.33998e-05
6.39057e-05
6.44217e-05
6.49477e-05
6.54838e-05
6.603e-05
6.65861e-05
6.71523e-05
6.77285e-05
6.83147e-05
6.89108e-05
6.95169e-05
7.01329e-05
7.07587e-05
7.13944e-05
7.20398e-05
7.26946e-05
7.33583e-05
7.40304e-05
7.47103e-05
7.53975e-05
7.60914e-05
7.67915e-05
7.74974e-05
7.82087e-05
7.89249e-05
7.96458e-05
8.03709e-05
8.11001e-05
8.1833e-05
8.25694e-05
8.3309e-05
8.40516e-05
8.47969e-05
8.55447e-05
8.62947e-05
8.70468e-05
8.78007e-05
8.85562e-05
8.93131e-05
9.00712e-05
9.08303e-05
9.15902e-05
9.23507e-05
9.31117e-05
9.38728e-05
9.46341e-05
9.53952e-05
9.6156e-05
9.69165e-05
9.76763e-05
9.84354e-05
9.91935e-05
9.99507e-05
0.000100707
0.000101461
0.000102214
0.000102966
0.000103716
0.000104464
0.00010521
0.000105954
0.000106696
0.000107436
0.000108173
0.000108908
0.000109641
0.00011037
0.000111097
0.000111822
0.000112543
0.000113261
0.000113976
0.000114689
0.000115397
0.000116103
0.000116806
0.000117504
0.0001182
0.000118892
0.000119581
0.000120265
0.000120947
0.000121624
0.000122298
0.000122968
0.000123634
0.000124296
0.000124955
0.000125609
0.00012626
0.000126906
0.000127548
0.000128187
0.000128821
0.000129451
0.000130077
0.000130699
0.000131316
0.000131929
0.000132539
0.000133143
0.000133744
0.00013434
0.000134932
0.00013552
0.000136104
0.000136683
0.000137258
0.000137828
0.000138394
0.000138956
0.000139513
0.000140066
0.000140615
0.000141159
0.000141699
0.000142235
0.000142766
0.000143293
0.000143816
0.000144334
0.000144848
0.000145357
0.000145863
0.000146363
0.00014686
0.000147352
0.00014784
0.000148324
0.000148803
0.000149278
0.000149749
0.000150216
0.000150678
0.000151136
0.00015159
0.000152039
0.000152485
0.000152926
0.000153363
0.000153796
0.000154225
0.00015465
0.00015507
0.000155487
0.000155899
0.000156307
0.000156712
0.000157112
0.000157508
0.0001579
0.000158289
0.000158673
0.000159053
0.00015943
0.000159803
0.000160171
0.000160536
0.000160897
0.000161254
0.000161608
0.000161957
0.000162303
0.000162645
0.000162983
0.000163318
0.000163649
0.000163976
0.0001643
0.00016462
0.000164936
0.000165249
0.000165558
0.000165864
0.000166166
0.000166464
0.00016676
0.000167051
0.00016734
0.000167624
0.000167906
0.000168184
0.000168459
0.00016873
0.000168998
0.000169263
0.000169524
0.000169783
0.000170038
0.000170289
0.000170538
0.000170783
0.000171026
0.000171265
0.000171501
0.000171734
0.000171964
0.000172191
0.000172415
0.000172635
0.000172853
0.000173068
0.00017328
0.000173489
0.000173695
0.000173899
0.000174099
0.000174297
0.000174492
0.000174684
0.000174873
0.000175059
0.000175243
0.000175424
0.000175602
0.000175778
0.000175951
0.000176121
0.000176289
0.000176454
0.000176617
0.000176777
0.000176934
0.000177089
0.000177241
0.000177391
0.000177539
0.000177684
0.000177826
0.000177967
0.000178104
0.00017824
0.000178373
0.000178504
0.000178632
0.000178758
0.000178882
0.000179004
0.000179123
0.00017924
0.000179355
0.000179468
0.000179578
0.000179687
0.000179793
0.000179897
0.000179999
0.000180099
0.000180197
0.000180293
0.000180386
0.000180478
0.000180568
0.000180655
0.000180741
0.000180825
0.000180907
0.000180987
0.000181065
0.000181141
0.000181215
0.000181288
0.000181358
0.000181427
0.000181494
0.000181559
0.000181622
0.000181684
0.000181743
0.000181801
0.000181858
0.000181912
0.000181965
0.000182016
0.000182066
0.000182114
0.00018216
0.000182204
0.000182247
0.000182289
0.000182328
0.000182367
0.000182403
0.000182438
0.000182472
0.000182504
0.000182534
0.000182563
0.000182591
0.000182617
0.000182642
0.000182665
0.000182687
0.000182707
0.000182726
0.000182743
0.000182759
0.000182774
0.000182788
0.0001828
0.00018281
0.00018282
0.000182828
0.000182835
0.00018284
0.000182844
0.000182847
0.000182849
0.000182849
0.000182849
0.000182847
0.000182843
0.000182839
0.000182833
0.000182827
0.000182819
0.00018281
0.000182799
0.000182788
0.000182775
0.000182762
0.000182747
0.000182731
0.000182714
0.000182696
0.000182677
0.000182657
0.000182636
0.000182613
0.00018259
0.000182566
0.000182541
0.000182514
0.000182487
0.000182459
0.00018243
0.000182399
0.000182368
0.000182336
0.000182303
0.000182269
0.000182234
0.000182198
0.000182162
0.000182124
0.000182086
0.000182046
0.000182006
0.000181965
0.000181923
0.00018188
0.000181837
0.000181792
0.000181747
0.000181701
0.000181654
0.000181606
0.000181558
0.000181508
0.000181458
0.000181407
0.000181356
0.000181303
0.00018125
0.000181196
0.000181142
0.000181087
0.000181031
0.000180974
0.000180916
0.000180858
0.000180799
0.00018074
0.00018068
0.000180619
0.000180557
0.000180495
0.000180432
0.000180369
0.000180305
0.00018024
0.000180174
0.000180108
0.000180042
0.000179975
0.000179907
0.000179838
0.000179769
0.0001797
0.00017963
0.000179559
0.000179487
0.000179416
0.000179343
0.00017927
0.000179197
0.000179123
0.000179048
0.000178973
0.000178897
0.000178821
0.000178744
0.000178667
0.000178589
0.000178511
0.000178433
0.000178353
0.000178274
0.000178194
0.000178113
0.000178032
0.00017795
0.000177869
0.000177786
0.000177703
0.00017762
0.000177536
0.000177452
0.000177367
0.000177282
0.000177197
0.000177111
0.000177025
0.000176938
0.000176851
0.000176764
0.000176676
0.000176587
0.000176499
0.00017641
0.00017632
0.000176231
0.00017614
0.00017605
0.000175959
0.000175868
0.000175776
0.000175684
0.000175592
0.0001755
0.000175407
0.000175313
0.00017522
0.000175126
0.000175032
0.000174937
0.000174842
0.000174747
0.000174652
0.000174556
0.00017446
0.000174363
0.000174267
0.00017417
0.000174073
0.000173975
0.000173877
0.000173779
0.000173681
0.000173582
0.000173483
0.000173384
0.000173285
0.000173185
0.000173085
0.000172985
0.000172885
0.000172784
0.000172683
0.000172582
0.000172481
0.000172379
0.000172278
0.000172176
0.000172073
0.000171971
0.000171868
0.000171765
0.000171662
0.000171559
0.000171455
0.000171352
0.000171248
0.000171144
0.000171039
0.000170935
0.00017083
0.000170725
0.00017062
0.000170515
0.00017041
0.000170304
0.000170198
0.000170092
0.000169986
0.00016988
0.000169774
0.000169667
0.00016956
0.000169454
0.000169346
0.000169239
0.000169132
0.000169024
0.000168917
0.000168809
0.000168701
0.000168593
0.000168485
0.000168376
0.000168268
0.000168159
0.000168051
0.000167942
0.000167833
0.000167724
0.000167615
0.000167505
0.000167396
0.000167286
0.000167177
0.000167067
0.000166957
0.000166847
0.000166737
0.000166627
0.000166516
0.000166406
0.000166296
0.000166185
0.000166074
0.000165964
0.000165853
0.000165742
0.000165631
0.00016552
0.000165408
0.000165297
0.000165186
0.000165074
0.000164963
0.000164851
0.00016474
0.000164628
0.000164516
0.000164404
0.000164292
0.000164181
0.000164068
0.000163956
0.000163844
0.000163732
0.00016362
0.000163507
0.000163395
0.000163283
0.00016317
0.000163058
0.000162945
0.000162832
0.00016272
0.000162607
0.000162494
0.000162382
0.000162269
0.000162156
0.000162043
0.00016193
0.000161817
0.000161704
0.000161591
0.000161478
0.000161365
0.000161252
0.000161139
0.000161026
0.000160912
0.000160799
0.000160686
0.000160573
0.000160459
0.000160346
0.000160233
0.00016012
0.000160006
0.000159893
0.000159779
0.000159666
0.000159553
0.000159439
0.000159326
0.000159213
0.000159099
0.000158986
0.000158872
0.000158759
0.000158646
0.000158532
0.000158419
0.000158305
0.000158192
0.000158079
0.000157965
0.000157852
0.000157738
0.000157625
0.000157512
0.000157398
0.000157285
0.000157172
0.000157058
0.000156945
0.000156832
0.000156718
0.000156605
0.000156492
0.000156379
0.000156266
0.000156152
0.000156039
0.000155926
0.000155813
0.0001557
0.000155587
0.000155474
0.000155361
0.000155248
0.000155135
0.000155022
0.000154909
0.000154796
0.000154683
0.00015457
0.000154457
0.000154345
0.000154232
0.000154119
0.000154007
0.000153894
0.000153781
0.000153669
0.000153556
0.000153444
0.000153331
0.000153219
0.000153107
0.000152994
0.000152882
0.00015277
0.000152658
0.000152546
0.000152433
0.000152321
0.000152209
0.000152097
0.000151985
0.000151874
0.000151762
0.00015165
0.000151538
0.000151427
0.000151315
0.000151203
0.000151092
0.00015098
0.000150869
0.000150758
0.000150646
0.000150535
0.000150424
0.000150313
0.000150201
0.00015009
0.000149979
0.000149868
0.000149758
0.000149647
0.000149536
0.000149425
0.000149315
0.000149204
0.000149094
0.000148983
0.000148873
0.000148762
0.000148652
0.000148542
0.000148432
0.000148322
0.000148212
0.000148102
0.000147992
0.000147882
0.000147772
0.000147662
0.000147553
0.000147443
0.000147334
0.000147224
0.000147115
0.000147006
0.000146896
0.000146787
0.000146678
0.000146569
0.00014646
0.000146351
0.000146243
0.000146134
0.000146025
0.000145917
0.000145808
0.0001457
0.000145591
0.000145483
0.000145375
0.000145267
0.000145159
0.000145051
0.000144943
0.000144835
0.000144727
0.000144619
0.000144512
0.000144404
0.000144297
0.000144189
0.000144082
0.000143975
0.000143868
0.000143761
0.000143654
0.000143547
0.00014344
0.000143333
0.000143226
0.00014312
0.000143013
0.000142907
0.0001428
0.000142694
0.000142588
0.000142482
0.000142376
0.00014227
0.000142164
0.000142058
0.000141953
0.000141847
0.000141741
0.000141636
0.000141531
0.000141425
0.00014132
0.000141215
0.00014111
0.000141005
0.0001409
0.000140795
0.000140691
0.000140586
0.000140482
0.000140377
0.000140273
0.000140169
0.000140064
0.00013996
0.000139856
0.000139752
0.000139649
0.000139545
0.000139441
0.000139338
0.000139234
0.000139131
0.000139028
0.000138924
0.000138821
0.000138718
0.000138615
0.000138513
0.00013841
0.000138307
0.000138205
0.000138102
0.000138
0.000137897
0.000137795
0.000137693
0.000137591
0.000137489
0.000137387
0.000137286
0.000137184
0.000137082
0.000136981
0.000136879
0.000136778
0.000136677
0.000136576
0.000136475
0.000136374
0.000136273
0.000136172
0.000136072
0.000135971
0.000135871
0.00013577
0.00013567
0.00013557
0.00013547
0.00013537
0.00013527
0.00013517
0.00013507
0.000134971
0.000134871
0.000134772
0.000134672
0.000134573
0.000134474
0.000134375
0.000134276
0.000134177
0.000134078
0.00013398
0.000133881
0.000133783
0.000133684
0.000133586
0.000133488
0.00013339
0.000133292
0.000133194
0.000133096
0.000132998
0.000132901
0.000132803
0.000132706
0.000132608
0.000132511
0.000132414
0.000132317
0.00013222
0.000132123
0.000132026
0.00013193
0.000131833
0.000131737
0.00013164
0.000131544
0.000131448
0.000131352
0.000131256
0.00013116
0.000131064
0.000130968
0.000130873
0.000130777
0.000130682
0.000130587
0.000130491
0.000130396
0.000130301
0.000130206
0.000130111
0.000130017
0.000129922
0.000129828
0.000129733
0.000129639
0.000129545
0.00012945
0.000129356
0.000129262
0.000129168
0.000129075
0.000128981
0.000128888
0.000128794
0.000128701
0.000128607
0.000128514
0.000128421
0.000128328
0.000128235
0.000128142
0.00012805
0.000127957
0.000127865
0.000127772
0.00012768
0.000127588
0.000127496
0.000127404
0.000127312
0.00012722
0.000127128
0.000127037
0.000126945
0.000126854
0.000126762
0.000126671
0.00012658
0.000126489
0.000126398
0.000126307
0.000126216
0.000126126
0.000126035
0.000125945
0.000125854
0.000125764
0.000125674
0.000125584
0.000125494
0.000125404
0.000125314
0.000125225
0.000125135
0.000125046
0.000124956
0.000124867
0.000124778
0.000124689
0.0001246
0.000124511
0.000124422
0.000124333
0.000124245
0.000124156
0.000124068
0.00012398
0.000123891
0.000123803
0.000123715
0.000123627
0.000123539
0.000123452
0.000123364
0.000123277
0.000123189
0.000123102
0.000123014
0.000122927
0.00012284
0.000122753
0.000122666
0.00012258
0.000122493
0.000122406
0.00012232
0.000122234
0.000122147
0.000122061
0.000121975
0.000121889
0.000121803
0.000121717
0.000121632
0.000121546
0.00012146
0.000121375
0.00012129
0.000121205
0.000121119
0.000121034
0.000120949
0.000120865
0.00012078
0.000120695
0.000120611
0.000120526
0.000120442
0.000120357
0.000120273
0.000120189
0.000120105
0.000120021
0.000119938
0.000119854
0.00011977
0.000119687
0.000119603
0.00011952
0.000119437
0.000119354
0.000119271
0.000119188
0.000119105
0.000119022
0.000118939
0.000118857
0.000118774
0.000118692
0.00011861
0.000118527
0.000118445
0.000118363
0.000118281
0.0001182
0.000118118
0.000118036
0.000117955
0.000117873
0.000117792
0.000117711
0.00011763
0.000117548
0.000117468
0.000117387
0.000117306
0.000117225
0.000117145
0.000117064
0.000116984
0.000116903
0.000116823
0.000116743
0.000116663
0.000116583
0.000116503
0.000116423
0.000116344
0.000116264
0.000116185
0.000116105
0.000116026
0.000115947
0.000115868
0.000115789
0.00011571
0.000115631
0.000115552
0.000115473
0.000115395
0.000115316
0.000115238
0.00011516
0.000115081
0.000115003
0.000114925
0.000114847
0.00011477
0.000114692
0.000114614
0.000114537
0.000114459
0.000114382
0.000114304
0.000114227
0.00011415
0.000114073
0.000113996
0.000113919
0.000113843
0.000113766
0.000113689
0.000113613
0.000113537
0.00011346
0.000113384
0.000113308
0.000113232
0.000113156
0.00011308
0.000113004
0.000112929
0.000112853
0.000112778
0.000112702
0.000112627
0.000112552
0.000112477
0.000112401
0.000112327
0.000112252
0.000112177
0.000112102
0.000112028
0.000111953
0.000111879
0.000111804
0.00011173
0.000111656
0.000111582
0.000111508
0.000111434
0.00011136
0.000111286
0.000111213
0.000111139
0.000111066
0.000110992
0.000110919
0.000110846
0.000110773
0.0001107
0.000110627
0.000110554
0.000110481
0.000110409
0.000110336
0.000110263
0.000110191
0.000110119
0.000110046
0.000109974
0.000109902
0.00010983
0.000109758
0.000109687
0.000109615
0.000109543
0.000109472
0.0001094
0.000109329
0.000109257
0.000109186
0.000109115
0.000109044
0.000108973
0.000108902
0.000108831
0.000108761
0.00010869
0.00010862
0.000108549
0.000108479
0.000108409
0.000108338
0.000108268
0.000108198
0.000108128
0.000108058
0.000107989
0.000107919
0.000107849
0.00010778
0.00010771
0.000107641
0.000107572
0.000107503
0.000107433
0.000107364
0.000107296
0.000107227
0.000107158
0.000107089
0.000107021
0.000106952
0.000106884
0.000106815
0.000106747
0.000106679
0.000106611
0.000106543
0.000106475
0.000106407
0.000106339
0.000106271
0.000106204
0.000106136
0.000106069
0.000106001
0.000105934
0.000105867
0.0001058
0.000105733
0.000105666
0.000105599
0.000105532
0.000105465
0.000105399
0.000105332
0.000105266
0.000105199
0.000105133
0.000105067
0.000105001
0.000104935
0.000104869
0.000104803
0.000104737
0.000104671
0.000104605
0.00010454
0.000104474
0.000104409
0.000104343
0.000104278
0.000104213
0.000104148
0.000104083
0.000104018
0.000103953
0.000103888
0.000103823
0.000103759
0.000103694
0.00010363
0.000103565
0.000103501
0.000103437
0.000103373
0.000103308
0.000103244
0.00010318
0.000103117
0.000103053
0.000102989
0.000102925
0.000102862
0.000102798
0.000102735
0.000102672
0.000102608
0.000102545
0.000102482
0.000102419
0.000102356
0.000102293
0.000102231
0.000102168
0.000102105
0.000102043
0.00010198
0.000101918
0.000101856
0.000101793
0.000101731
0.000101669
0.000101607
0.000101545
0.000101483
0.000101421
0.00010136
0.000101298
0.000101237
0.000101175
0.000101114
0.000101052
0.000100991
0.00010093
0.000100869
0.000100808
0.000100747
0.000100686
0.000100625
0.000100564
0.000100504
0.000100443
0.000100382
0.000100322
0.000100262
0.000100201
0.000100141
0.000100081
0.000100021
9.99609e-05
9.9901e-05
9.98411e-05
9.97814e-05
9.97216e-05
9.9662e-05
9.96025e-05
9.9543e-05
9.94836e-05
9.94242e-05
9.93649e-05
9.93057e-05
9.92466e-05
9.91876e-05
9.91286e-05
9.90697e-05
9.90109e-05
9.89521e-05
9.88934e-05
9.88348e-05
9.87762e-05
9.87178e-05
9.86594e-05
9.8601e-05
9.85428e-05
9.84846e-05
9.84265e-05
9.83684e-05
9.83105e-05
9.82526e-05
9.81947e-05
9.8137e-05
9.80793e-05
9.80217e-05
9.79641e-05
9.79066e-05
9.78492e-05
9.77919e-05
9.77346e-05
9.76775e-05
9.76203e-05
9.75633e-05
9.75063e-05
9.74494e-05
9.73925e-05
9.73358e-05
9.72791e-05
9.72224e-05
9.71659e-05
9.71094e-05
9.7053e-05
9.69966e-05
9.69403e-05
9.68841e-05
9.6828e-05
9.67719e-05
9.67159e-05
9.66599e-05
9.66041e-05
9.65483e-05
9.64925e-05
9.64369e-05
9.63813e-05
9.63257e-05
9.62703e-05
9.62149e-05
9.61596e-05
9.61043e-05
9.60491e-05
9.5994e-05
9.5939e-05
9.5884e-05
9.58291e-05
9.57742e-05
9.57194e-05
9.56647e-05
9.56101e-05
9.55555e-05
9.5501e-05
9.54465e-05
9.53922e-05
9.53379e-05
9.52836e-05
9.52294e-05
9.51753e-05
9.51213e-05
9.50673e-05
9.50134e-05
9.49596e-05
9.49058e-05
9.48521e-05
9.47984e-05
9.47449e-05
9.46914e-05
9.46379e-05
9.45845e-05
9.45312e-05
9.4478e-05
9.44248e-05
9.43717e-05
9.43186e-05
9.42657e-05
9.42127e-05
9.41599e-05
9.41071e-05
9.40544e-05
9.40017e-05
9.39491e-05
9.38966e-05
9.38441e-05
9.37917e-05
9.37394e-05
9.36871e-05
9.36349e-05
9.35828e-05
9.35307e-05
9.34787e-05
9.34267e-05
9.33749e-05
9.3323e-05
9.32713e-05
9.32196e-05
9.3168e-05
9.31164e-05
9.30649e-05
9.30135e-05
9.29621e-05
9.29108e-05
9.28595e-05
9.28084e-05
9.27572e-05
9.27062e-05
9.26552e-05
9.26043e-05
9.25534e-05
9.25026e-05
9.24518e-05
9.24012e-05
9.23505e-05
9.23e-05
9.22495e-05
9.21991e-05
9.21487e-05
9.20984e-05
9.20481e-05
9.1998e-05
9.19478e-05
9.18978e-05
9.18478e-05
9.17979e-05
9.1748e-05
9.16982e-05
9.16484e-05
9.15987e-05
9.15491e-05
9.14996e-05
9.14501e-05
9.14006e-05
9.13512e-05
9.13019e-05
9.12527e-05
9.12035e-05
9.11543e-05
9.11052e-05
9.10562e-05
9.10073e-05
9.09584e-05
9.09095e-05
9.08608e-05
9.08121e-05
9.07634e-05
9.07148e-05
9.06663e-05
9.06178e-05
9.05694e-05
9.0521e-05
9.04727e-05
9.04245e-05
9.03763e-05
9.03282e-05
9.02802e-05
9.02322e-05
9.01842e-05
9.01363e-05
9.00885e-05
9.00408e-05
8.99931e-05
8.99454e-05
8.98978e-05
8.98503e-05
8.98029e-05
8.97555e-05
8.97081e-05
8.96608e-05
8.96136e-05
8.95664e-05
8.95193e-05
8.94722e-05
8.94252e-05
8.93783e-05
8.93314e-05
8.92846e-05
8.92378e-05
8.91911e-05
8.91445e-05
8.90979e-05
8.90514e-05
8.90049e-05
8.89585e-05
8.89121e-05
8.88658e-05
8.88195e-05
8.87734e-05
8.87272e-05
8.86811e-05
8.86351e-05
8.85892e-05
8.85433e-05
8.84974e-05
8.84516e-05
8.84059e-05
8.83602e-05
8.83146e-05
8.8269e-05
8.82235e-05
8.8178e-05
8.81326e-05
8.80873e-05
8.8042e-05
8.79968e-05
8.79516e-05
8.79065e-05
8.78614e-05
8.78164e-05
8.77715e-05
8.77266e-05
8.76817e-05
8.7637e-05
8.75922e-05
8.75476e-05
8.75029e-05
8.74584e-05
8.74139e-05
8.73694e-05
8.7325e-05
8.72807e-05
8.72364e-05
8.71922e-05
8.7148e-05
8.71038e-05
8.70598e-05
8.70158e-05
8.69718e-05
8.69279e-05
8.6884e-05
8.68402e-05
8.67965e-05
8.67528e-05
8.67092e-05
8.66656e-05
8.66221e-05
8.65786e-05
8.65352e-05
8.64918e-05
8.64485e-05
8.64052e-05
8.6362e-05
8.63189e-05
8.62758e-05
8.62327e-05
8.61897e-05
8.61468e-05
8.61039e-05
8.60611e-05
8.60183e-05
8.59756e-05
8.59329e-05
8.58903e-05
8.58477e-05
8.58052e-05
8.57627e-05
8.57203e-05
8.56779e-05
8.56356e-05
8.55934e-05
8.55512e-05
8.5509e-05
8.54669e-05
8.54249e-05
8.53829e-05
8.53409e-05
8.5299e-05
8.52572e-05
8.52154e-05
8.51737e-05
8.5132e-05
8.50903e-05
8.50488e-05
8.50072e-05
8.49658e-05
8.49243e-05
8.48829e-05
8.48416e-05
8.48003e-05
8.47591e-05
8.47179e-05
8.46768e-05
8.46358e-05
8.45947e-05
8.45538e-05
8.45128e-05
8.4472e-05
8.44312e-05
8.43904e-05
8.43497e-05
8.4309e-05
8.42684e-05
8.42278e-05
8.41873e-05
8.41468e-05
8.41064e-05
8.4066e-05
8.40257e-05
8.39855e-05
8.39452e-05
8.39051e-05
8.3865e-05
8.38249e-05
8.37849e-05
8.37449e-05
8.3705e-05
8.36651e-05
8.36253e-05
8.35855e-05
8.35458e-05
8.35061e-05
8.34665e-05
8.34269e-05
8.33874e-05
8.33479e-05
8.33085e-05
8.32691e-05
8.32297e-05
8.31905e-05
8.31512e-05
8.3112e-05
8.30729e-05
8.30338e-05
8.29948e-05
8.29558e-05
8.29168e-05
8.28779e-05
8.28391e-05
8.28003e-05
8.27615e-05
8.27228e-05
8.26841e-05
8.26455e-05
8.2607e-05
8.25684e-05
8.253e-05
8.24915e-05
8.24532e-05
8.24148e-05
8.23766e-05
8.23383e-05
8.23001e-05
8.2262e-05
8.22239e-05
8.21859e-05
8.21479e-05
8.21099e-05
8.2072e-05
8.20342e-05
8.19963e-05
8.19586e-05
8.19209e-05
8.18832e-05
8.18456e-05
8.1808e-05
8.17704e-05
8.1733e-05
8.16955e-05
8.16581e-05
8.16208e-05
8.15835e-05
8.15462e-05
8.1509e-05
8.14718e-05
8.14347e-05
8.13977e-05
8.13606e-05
8.13236e-05
8.12867e-05
8.12498e-05
8.1213e-05
8.11762e-05
8.11394e-05
8.11027e-05
8.1066e-05
8.10294e-05
8.09929e-05
8.09563e-05
8.09198e-05
8.08834e-05
8.0847e-05
8.08107e-05
8.07744e-05
8.07381e-05
8.07019e-05
8.06657e-05
8.06296e-05
8.05935e-05
8.05575e-05
8.05215e-05
8.04855e-05
8.04496e-05
8.04138e-05
8.0378e-05
8.03422e-05
8.03065e-05
8.02708e-05
8.02351e-05
8.01995e-05
8.0164e-05
8.01285e-05
8.0093e-05
8.00576e-05
8.00222e-05
7.99869e-05
7.99516e-05
7.99163e-05
7.98811e-05
7.9846e-05
7.98109e-05
7.97758e-05
7.97408e-05
7.97058e-05
7.96708e-05
7.96359e-05
7.96011e-05
7.95662e-05
7.95315e-05
7.94967e-05
7.94621e-05
7.94274e-05
7.93928e-05
7.93582e-05
7.93237e-05
7.92893e-05
7.92548e-05
7.92204e-05
7.91861e-05
7.91518e-05
7.91175e-05
7.90833e-05
7.90491e-05
7.9015e-05
7.89809e-05
7.89468e-05
7.89128e-05
7.88788e-05
7.88449e-05
7.8811e-05
7.87772e-05
7.87434e-05
7.87096e-05
7.86759e-05
7.86422e-05
7.86086e-05
7.8575e-05
7.85414e-05
7.85079e-05
7.84745e-05
7.8441e-05
7.84076e-05
7.83743e-05
7.8341e-05
7.83077e-05
7.82745e-05
7.82413e-05
7.82081e-05
7.8175e-05
7.8142e-05
7.8109e-05
7.8076e-05
7.8043e-05
7.80101e-05
7.79773e-05
7.79444e-05
7.79117e-05
7.78789e-05
7.78462e-05
7.78136e-05
7.77809e-05
7.77484e-05
7.77158e-05
7.76833e-05
7.76509e-05
7.76184e-05
7.75861e-05
7.75537e-05
7.75214e-05
7.74892e-05
7.74569e-05
7.74248e-05
7.73926e-05
7.73605e-05
7.73284e-05
7.72964e-05
7.72644e-05
7.72325e-05
7.72006e-05
7.71687e-05
7.71369e-05
7.71051e-05
7.70733e-05
7.70416e-05
7.701e-05
7.69783e-05
7.69467e-05
7.69152e-05
7.68836e-05
7.68522e-05
7.68207e-05
7.67893e-05
7.6758e-05
7.67266e-05
7.66953e-05
7.66641e-05
7.66329e-05
7.66017e-05
7.65706e-05
7.65395e-05
7.65084e-05
7.64774e-05
7.64464e-05
7.64155e-05
7.63846e-05
7.63537e-05
7.63229e-05
7.62921e-05
7.62613e-05
7.62306e-05
7.61999e-05
7.61693e-05
7.61387e-05
7.61081e-05
7.60776e-05
7.60471e-05
7.60166e-05
7.59862e-05
7.59558e-05
7.59255e-05
7.58952e-05
7.58649e-05
7.58347e-05
7.58045e-05
7.57743e-05
7.57442e-05
7.57141e-05
7.56841e-05
7.56541e-05
7.56241e-05
7.55942e-05
7.55643e-05
7.55344e-05
7.55046e-05
7.54748e-05
7.5445e-05
7.54153e-05
7.53856e-05
7.5356e-05
7.53264e-05
7.52968e-05
7.52672e-05
7.52377e-05
7.52083e-05
7.51789e-05
7.51495e-05
7.51201e-05
7.50908e-05
7.50615e-05
7.50322e-05
7.5003e-05
7.49739e-05
7.49447e-05
7.49156e-05
7.48865e-05
7.48575e-05
7.48285e-05
7.47995e-05
7.47706e-05
7.47417e-05
7.47128e-05
7.4684e-05
7.46552e-05
7.46265e-05
7.45978e-05
7.45691e-05
7.45404e-05
7.45118e-05
7.44832e-05
7.44547e-05
7.44262e-05
7.43977e-05
7.43693e-05
7.43409e-05
7.43125e-05
7.42842e-05
7.42559e-05
7.42276e-05
7.41994e-05
7.41712e-05
7.4143e-05
7.41149e-05
7.40868e-05
7.40587e-05
7.40307e-05
7.40027e-05
7.39748e-05
7.39468e-05
7.39189e-05
7.38911e-05
7.38633e-05
7.38355e-05
7.38077e-05
7.378e-05
7.37523e-05
7.37247e-05
7.3697e-05
7.36695e-05
7.36419e-05
7.36144e-05
7.35869e-05
7.35595e-05
7.3532e-05
7.35047e-05
7.34773e-05
7.345e-05
7.34227e-05
7.33955e-05
7.33682e-05
7.33411e-05
7.33139e-05
7.32868e-05
7.32597e-05
7.32327e-05
7.32056e-05
7.31787e-05
7.31517e-05
7.31248e-05
7.30979e-05
7.3071e-05
7.30442e-05
7.30174e-05
7.29907e-05
7.2964e-05
7.29373e-05
7.29106e-05
7.2884e-05
7.28574e-05
7.28308e-05
7.28043e-05
7.27778e-05
7.27513e-05
7.27249e-05
7.26985e-05
7.26721e-05
7.26458e-05
7.26195e-05
7.25932e-05
7.2567e-05
7.25408e-05
7.25146e-05
7.24884e-05
7.24623e-05
7.24363e-05
7.24102e-05
7.23842e-05
7.23582e-05
7.23322e-05
7.23063e-05
7.22804e-05
7.22546e-05
7.22287e-05
7.22029e-05
7.21772e-05
7.21514e-05
7.21257e-05
7.21001e-05
7.20744e-05
7.20488e-05
7.20232e-05
7.19977e-05
7.19722e-05
7.19467e-05
7.19212e-05
7.18958e-05
7.18704e-05
7.18451e-05
7.18197e-05
7.17944e-05
7.17692e-05
7.17439e-05
7.17187e-05
7.16935e-05
7.16684e-05
7.16433e-05
7.16182e-05
7.15931e-05
7.15681e-05
7.15431e-05
7.15182e-05
7.14932e-05
7.14683e-05
7.14435e-05
7.14186e-05
7.13938e-05
7.1369e-05
7.13443e-05
7.13195e-05
7.12948e-05
7.12702e-05
7.12455e-05
7.12209e-05
7.11964e-05
7.11718e-05
7.11473e-05
7.11228e-05
7.10984e-05
7.1074e-05
7.10496e-05
7.10252e-05
7.10009e-05
7.09766e-05
7.09523e-05
7.0928e-05
7.09038e-05
7.08796e-05
7.08555e-05
7.08313e-05
7.08072e-05
7.07832e-05
7.07591e-05
7.07351e-05
7.07111e-05
7.06872e-05
7.06632e-05
7.06393e-05
7.06155e-05
7.05916e-05
7.05678e-05
7.05441e-05
7.05203e-05
7.04966e-05
7.04729e-05
7.04492e-05
7.04256e-05
7.0402e-05
7.03784e-05
7.03548e-05
7.03313e-05
7.03078e-05
7.02844e-05
7.02609e-05
7.02375e-05
7.02141e-05
7.01908e-05
7.01674e-05
7.01441e-05
7.01209e-05
7.00976e-05
7.00744e-05
7.00512e-05
7.00281e-05
7.0005e-05
6.99819e-05
6.99588e-05
6.99357e-05
6.99127e-05
6.98897e-05
6.98668e-05
6.98438e-05
6.98209e-05
6.97981e-05
6.97752e-05
6.97524e-05
6.97296e-05
6.97068e-05
6.96841e-05
6.96614e-05
6.96387e-05
6.9616e-05
6.95934e-05
6.95708e-05
6.95482e-05
6.95257e-05
6.95032e-05
6.94807e-05
6.94582e-05
6.94358e-05
6.94134e-05
6.9391e-05
6.93686e-05
6.93463e-05
6.9324e-05
6.93017e-05
6.92795e-05
6.92572e-05
6.9235e-05
6.92129e-05
6.91907e-05
6.91686e-05
6.91465e-05
6.91245e-05
6.91024e-05
6.90804e-05
6.90584e-05
6.90365e-05
6.90145e-05
6.89926e-05
6.89708e-05
6.89489e-05
6.89271e-05
6.89053e-05
6.88835e-05
6.88618e-05
6.88401e-05
6.88184e-05
6.87967e-05
6.87751e-05
6.87534e-05
6.87319e-05
6.87103e-05
6.86888e-05
6.86673e-05
6.86458e-05
6.86243e-05
6.86029e-05
6.85815e-05
6.85601e-05
6.85387e-05
6.85174e-05
6.84961e-05
6.84748e-05
6.84536e-05
6.84323e-05
6.84111e-05
6.839e-05
6.83688e-05
6.83477e-05
6.83266e-05
6.83055e-05
6.82845e-05
6.82635e-05
6.82425e-05
6.82215e-05
6.82005e-05
6.81796e-05
6.81587e-05
6.81378e-05
6.8117e-05
6.80962e-05
6.80754e-05
6.80546e-05
6.80339e-05
6.80131e-05
6.79924e-05
6.79718e-05
6.79511e-05
6.79305e-05
6.79099e-05
6.78893e-05
6.78688e-05
6.78483e-05
6.78278e-05
6.78073e-05
6.77869e-05
6.77664e-05
6.7746e-05
6.77257e-05
6.77053e-05
6.7685e-05
6.76647e-05
6.76444e-05
6.76241e-05
6.76039e-05
6.75837e-05
6.75635e-05
6.75434e-05
6.75232e-05
6.75031e-05
6.74831e-05
6.7463e-05
6.7443e-05
6.7423e-05
6.7403e-05
6.7383e-05
6.73631e-05
6.73432e-05
6.73233e-05
6.73034e-05
6.72836e-05
6.72637e-05
6.72439e-05
6.72242e-05
6.72044e-05
6.71847e-05
6.7165e-05
6.71453e-05
6.71257e-05
6.7106e-05
6.70864e-05
6.70669e-05
6.70473e-05
6.70278e-05
6.70082e-05
6.69888e-05
6.69693e-05
6.69499e-05
6.69304e-05
6.6911e-05
6.68917e-05
6.68723e-05
6.6853e-05
6.68337e-05
6.68144e-05
6.67952e-05
6.67759e-05
6.67567e-05
6.67375e-05
6.67184e-05
6.66992e-05
6.66801e-05
6.6661e-05
6.66419e-05
6.66229e-05
6.66039e-05
6.65849e-05
6.65659e-05
6.65469e-05
6.6528e-05
6.65091e-05
6.64902e-05
6.64713e-05
6.64525e-05
6.64337e-05
6.64149e-05
6.63961e-05
6.63773e-05
6.63586e-05
6.63399e-05
6.63212e-05
6.63025e-05
6.62839e-05
6.62653e-05
6.62467e-05
6.62281e-05
6.62095e-05
6.6191e-05
6.61725e-05
6.6154e-05
6.61356e-05
6.61171e-05
6.60987e-05
6.60803e-05
6.60619e-05
6.60436e-05
6.60252e-05
6.60069e-05
6.59886e-05
6.59704e-05
6.59521e-05
6.59339e-05
6.59157e-05
6.58975e-05
6.58794e-05
6.58612e-05
6.58431e-05
6.5825e-05
6.5807e-05
6.57889e-05
6.57709e-05
6.57529e-05
6.57349e-05
6.57169e-05
6.5699e-05
6.56811e-05
6.56632e-05
6.56453e-05
6.56274e-05
6.56096e-05
6.55918e-05
6.5574e-05
6.55562e-05
6.55385e-05
6.55207e-05
6.5503e-05
6.54853e-05
6.54677e-05
6.545e-05
6.54324e-05
6.54148e-05
6.53972e-05
6.53797e-05
6.53621e-05
6.53446e-05
6.53271e-05
6.53096e-05
6.52922e-05
6.52748e-05
6.52573e-05
6.524e-05
6.52226e-05
6.52052e-05
6.51879e-05
6.51706e-05
6.51533e-05
6.5136e-05
6.51188e-05
6.51016e-05
6.50844e-05
6.50672e-05
6.505e-05
6.50329e-05
6.50157e-05
6.49986e-05
6.49815e-05
6.49645e-05
6.49474e-05
6.49304e-05
6.49134e-05
6.48964e-05
6.48795e-05
6.48625e-05
6.48456e-05
6.48287e-05
6.48118e-05
6.4795e-05
6.47781e-05
6.47613e-05
6.47445e-05
6.47277e-05
6.4711e-05
6.46942e-05
6.46775e-05
6.46608e-05
6.46441e-05
6.46275e-05
6.46108e-05
6.45942e-05
6.45776e-05
6.4561e-05
6.45444e-05
6.45279e-05
6.45114e-05
6.44949e-05
6.44784e-05
6.44619e-05
6.44455e-05
6.44291e-05
6.44127e-05
6.43963e-05
6.43799e-05
6.43636e-05
6.43472e-05
6.43309e-05
6.43146e-05
6.42984e-05
6.42821e-05
6.42659e-05
6.42497e-05
6.42335e-05
6.42173e-05
6.42012e-05
6.4185e-05
6.41689e-05
6.41528e-05
6.41367e-05
6.41207e-05
6.41046e-05
6.40886e-05
6.40726e-05
6.40566e-05
6.40407e-05
6.40247e-05
6.40088e-05
6.39929e-05
6.3977e-05
6.39612e-05
6.39453e-05
6.39295e-05
6.39137e-05
6.38979e-05
6.38821e-05
6.38663e-05
6.38506e-05
6.38349e-05
6.38192e-05
6.38035e-05
6.37879e-05
6.37722e-05
6.37566e-05
6.3741e-05
6.37254e-05
6.37098e-05
6.36943e-05
6.36787e-05
6.36632e-05
6.36477e-05
6.36323e-05
6.36168e-05
6.36014e-05
6.35859e-05
6.35705e-05
6.35552e-05
6.35398e-05
6.35244e-05
6.35091e-05
6.34938e-05
6.34785e-05
6.34632e-05
6.3448e-05
6.34327e-05
6.34175e-05
6.34023e-05
6.33871e-05
6.3372e-05
6.33568e-05
6.33417e-05
6.33266e-05
6.33115e-05
6.32964e-05
6.32813e-05
6.32663e-05
6.32513e-05
6.32363e-05
6.32213e-05
6.32063e-05
6.31913e-05
6.31764e-05
6.31615e-05
6.31466e-05
6.31317e-05
6.31168e-05
6.3102e-05
6.30872e-05
6.30724e-05
6.30576e-05
6.30428e-05
6.3028e-05
6.30133e-05
6.29986e-05
6.29839e-05
6.29692e-05
6.29545e-05
6.29398e-05
6.29252e-05
6.29106e-05
6.2896e-05
6.28814e-05
6.28668e-05
6.28523e-05
6.28377e-05
6.28232e-05
6.28087e-05
6.27942e-05
6.27798e-05
6.27653e-05
6.27509e-05
6.27365e-05
6.27221e-05
6.27077e-05
6.26934e-05
6.2679e-05
6.26647e-05
6.26504e-05
6.26361e-05
6.26218e-05
6.26075e-05
6.25933e-05
6.25791e-05
6.25649e-05
6.25507e-05
6.25365e-05
6.25223e-05
6.25082e-05
6.2494e-05
6.24799e-05
6.24658e-05
6.24518e-05
6.24377e-05
6.24237e-05
6.24096e-05
6.23956e-05
6.23816e-05
6.23677e-05
6.23537e-05
6.23398e-05
6.23258e-05
6.23119e-05
6.2298e-05
6.22841e-05
6.22703e-05
6.22564e-05
6.22426e-05
6.22288e-05
6.2215e-05
6.22012e-05
6.21874e-05
6.21737e-05
6.216e-05
6.21463e-05
6.21326e-05
6.21189e-05
6.21052e-05
6.20916e-05
6.20779e-05
6.20643e-05
6.20507e-05
6.20371e-05
6.20235e-05
6.201e-05
6.19964e-05
6.19829e-05
6.19694e-05
6.19559e-05
6.19425e-05
6.1929e-05
6.19156e-05
6.19021e-05
6.18887e-05
6.18753e-05
6.18619e-05
6.18486e-05
6.18352e-05
6.18219e-05
6.18086e-05
6.17953e-05
6.1782e-05
6.17687e-05
6.17555e-05
6.17422e-05
6.1729e-05
6.17158e-05
6.17026e-05
6.16894e-05
6.16763e-05
6.16631e-05
6.165e-05
6.16369e-05
6.16238e-05
6.16107e-05
6.15976e-05
6.15846e-05
6.15715e-05
6.15585e-05
6.15455e-05
6.15325e-05
6.15195e-05
6.15066e-05
6.14936e-05
6.14807e-05
6.14678e-05
6.14549e-05
6.1442e-05
6.14291e-05
6.14163e-05
6.14034e-05
6.13906e-05
6.13778e-05
6.1365e-05
6.13522e-05
6.13395e-05
6.13267e-05
6.1314e-05
6.13013e-05
6.12886e-05
6.12759e-05
6.12632e-05
6.12505e-05
6.12379e-05
6.12253e-05
6.12126e-05
6.12e-05
6.11875e-05
6.11749e-05
6.11623e-05
6.11498e-05
6.11373e-05
6.11248e-05
6.11123e-05
6.10998e-05
6.10873e-05
6.10749e-05
6.10624e-05
6.105e-05
6.10376e-05
6.10252e-05
6.10128e-05
6.10004e-05
6.09881e-05
6.09758e-05
6.09634e-05
6.09511e-05
6.09388e-05
6.09266e-05
6.09143e-05
6.0902e-05
6.08898e-05
6.08776e-05
6.08654e-05
6.08532e-05
6.0841e-05
6.08288e-05
6.08167e-05
6.08046e-05
6.07924e-05
6.07803e-05
6.07682e-05
6.07562e-05
6.07441e-05
6.07321e-05
6.072e-05
6.0708e-05
6.0696e-05
6.0684e-05
6.0672e-05
6.066e-05
6.06481e-05
6.06362e-05
6.06242e-05
6.06123e-05
6.06004e-05
6.05885e-05
6.05767e-05
6.05648e-05
6.0553e-05
6.05412e-05
6.05293e-05
6.05175e-05
6.05058e-05
6.0494e-05
6.04822e-05
6.04705e-05
6.04588e-05
6.0447e-05
6.04353e-05
6.04237e-05
6.0412e-05
6.04003e-05
6.03887e-05
6.0377e-05
6.03654e-05
6.03538e-05
6.03422e-05
6.03306e-05
6.03191e-05
6.03075e-05
6.0296e-05
6.02845e-05
6.02729e-05
6.02614e-05
6.025e-05
6.02385e-05
6.0227e-05
6.02156e-05
6.02042e-05
6.01927e-05
6.01813e-05
6.01699e-05
6.01586e-05
6.01472e-05
6.01359e-05
6.01245e-05
6.01132e-05
6.01019e-05
6.00906e-05
6.00793e-05
6.0068e-05
6.00568e-05
6.00455e-05
6.00343e-05
6.00231e-05
6.00119e-05
6.00007e-05
5.99895e-05
5.99783e-05
5.99672e-05
5.9956e-05
5.99449e-05
5.99338e-05
5.99227e-05
5.99116e-05
5.99005e-05
5.98895e-05
5.98784e-05
5.98674e-05
5.98563e-05
5.98453e-05
5.98343e-05
5.98233e-05
5.98124e-05
5.98014e-05
5.97905e-05
5.97795e-05
5.97686e-05
5.97577e-05
5.97468e-05
5.97359e-05
5.9725e-05
5.97142e-05
5.97033e-05
5.96925e-05
5.96817e-05
5.96709e-05
5.96601e-05
5.96493e-05
5.96385e-05
5.96278e-05
5.9617e-05
5.96063e-05
5.95956e-05
5.95849e-05
5.95742e-05
5.95635e-05
5.95528e-05
5.95422e-05
5.95315e-05
5.95209e-05
5.95103e-05
5.94997e-05
5.94891e-05
5.94785e-05
5.94679e-05
5.94574e-05
5.94468e-05
5.94363e-05
5.94257e-05
5.94152e-05
5.94047e-05
5.93943e-05
5.93838e-05
5.93733e-05
5.93629e-05
5.93524e-05
5.9342e-05
5.93316e-05
5.93212e-05
5.93108e-05
5.93004e-05
5.92901e-05
5.92797e-05
5.92694e-05
5.92591e-05
5.92487e-05
5.92384e-05
5.92281e-05
5.92179e-05
5.92076e-05
5.91973e-05
5.91871e-05
5.91769e-05
5.91666e-05
5.91564e-05
5.91462e-05
5.91361e-05
5.91259e-05
5.91157e-05
5.91056e-05
5.90954e-05
5.90853e-05
5.90752e-05
5.90651e-05
5.9055e-05
5.90449e-05
5.90349e-05
5.90248e-05
5.90148e-05
5.90047e-05
5.89947e-05
5.89847e-05
5.89747e-05
5.89647e-05
5.89548e-05
5.89448e-05
5.89348e-05
5.89249e-05
5.8915e-05
5.89051e-05
5.88952e-05
5.88853e-05
5.88754e-05
5.88655e-05
5.88557e-05
5.88458e-05
5.8836e-05
5.88262e-05
5.88163e-05
5.88065e-05
5.87967e-05
5.8787e-05
5.87772e-05
5.87674e-05
5.87577e-05
5.8748e-05
5.87382e-05
5.87285e-05
5.87188e-05
5.87092e-05
5.86995e-05
5.86898e-05
5.86802e-05
5.86705e-05
5.86609e-05
5.86513e-05
5.86417e-05
5.86321e-05
5.86225e-05
5.86129e-05
5.86033e-05
5.85938e-05
5.85842e-05
5.85747e-05
5.85652e-05
5.85557e-05
5.85462e-05
5.85367e-05
5.85272e-05
5.85177e-05
5.85083e-05
5.84988e-05
5.84894e-05
5.848e-05
5.84706e-05
5.84612e-05
5.84518e-05
5.84424e-05
5.8433e-05
5.84237e-05
5.84143e-05
5.8405e-05
5.83957e-05
5.83864e-05
5.83771e-05
5.83678e-05
5.83585e-05
5.83492e-05
5.834e-05
5.83307e-05
5.83215e-05
5.83122e-05
5.8303e-05
5.82938e-05
5.82846e-05
5.82754e-05
5.82663e-05
5.82571e-05
5.82479e-05
5.82388e-05
5.82297e-05
5.82206e-05
5.82114e-05
5.82023e-05
5.81932e-05
5.81842e-05
5.81751e-05
5.8166e-05
5.8157e-05
5.8148e-05
5.81389e-05
5.81299e-05
5.81209e-05
5.81119e-05
5.81029e-05
5.8094e-05
5.8085e-05
5.8076e-05
5.80671e-05
5.80582e-05
5.80492e-05
5.80403e-05
5.80314e-05
5.80225e-05
5.80136e-05
5.80048e-05
5.79959e-05
5.79871e-05
5.79782e-05
5.79694e-05
5.79606e-05
5.79518e-05
5.7943e-05
5.79342e-05
5.79254e-05
5.79166e-05
5.79079e-05
5.78991e-05
5.78904e-05
5.78816e-05
5.78729e-05
5.78642e-05
5.78555e-05
5.78468e-05
5.78381e-05
5.78295e-05
5.78208e-05
5.78122e-05
5.78035e-05
5.77949e-05
5.77863e-05
5.77777e-05
5.77691e-05
5.77605e-05
5.77519e-05
5.77433e-05
5.77348e-05
5.77262e-05
5.77177e-05
5.77092e-05
5.77006e-05
5.76921e-05
5.76836e-05
5.76751e-05
5.76667e-05
5.76582e-05
5.76497e-05
5.76413e-05
5.76328e-05
5.76244e-05
5.7616e-05
5.76076e-05
5.75992e-05
5.75908e-05
5.75824e-05
5.7574e-05
5.75656e-05
5.75573e-05
5.75489e-05
5.75406e-05
5.75323e-05
5.7524e-05
5.75156e-05
5.75074e-05
5.74991e-05
5.74908e-05
5.74825e-05
5.74743e-05
5.7466e-05
5.74578e-05
5.74495e-05
5.74413e-05
5.74331e-05
5.74249e-05
5.74167e-05
5.74085e-05
5.74004e-05
5.73922e-05
5.7384e-05
5.73759e-05
5.73677e-05
5.73596e-05
5.73515e-05
5.73434e-05
5.73353e-05
5.73272e-05
5.73191e-05
5.73111e-05
5.7303e-05
5.72949e-05
5.72869e-05
5.72789e-05
5.72708e-05
5.72628e-05
5.72548e-05
5.72468e-05
5.72388e-05
5.72308e-05
5.72229e-05
5.72149e-05
5.7207e-05
5.7199e-05
5.71911e-05
5.71832e-05
5.71753e-05
5.71673e-05
5.71594e-05
5.71516e-05
5.71437e-05
5.71358e-05
5.7128e-05
5.71201e-05
5.71123e-05
5.71044e-05
5.70966e-05
5.70888e-05
5.7081e-05
5.70732e-05
5.70654e-05
5.70576e-05
5.70498e-05
5.70421e-05
5.70343e-05
5.70266e-05
5.70188e-05
5.70111e-05
5.70034e-05
5.69957e-05
5.6988e-05
5.69803e-05
5.69726e-05
5.69649e-05
5.69573e-05
5.69496e-05
5.6942e-05
5.69343e-05
5.69267e-05
5.69191e-05
5.69115e-05
5.69039e-05
5.68963e-05
5.68887e-05
5.68811e-05
5.68735e-05
5.6866e-05
5.68584e-05
5.68509e-05
5.68434e-05
5.68358e-05
5.68283e-05
5.68208e-05
5.68133e-05
5.68058e-05
5.67983e-05
5.67909e-05
5.67834e-05
5.67759e-05
5.67685e-05
5.67611e-05
5.67536e-05
5.67462e-05
5.67388e-05
5.67314e-05
5.6724e-05
5.67166e-05
5.67092e-05
5.67018e-05
5.66945e-05
5.66871e-05
5.66798e-05
5.66724e-05
5.66651e-05
5.66578e-05
5.66505e-05
5.66432e-05
5.66359e-05
5.66286e-05
5.66213e-05
5.6614e-05
5.66068e-05
5.65995e-05
5.65923e-05
5.6585e-05
5.65778e-05
5.65706e-05
5.65634e-05
5.65562e-05
5.6549e-05
5.65418e-05
5.65346e-05
5.65274e-05
5.65203e-05
5.65131e-05
5.6506e-05
5.64988e-05
5.64917e-05
5.64846e-05
5.64775e-05
5.64703e-05
5.64632e-05
5.64562e-05
5.64491e-05
5.6442e-05
5.64349e-05
5.64279e-05
5.64208e-05
5.64138e-05
5.64068e-05
5.63997e-05
5.63927e-05
5.63857e-05
5.63787e-05
5.63717e-05
5.63647e-05
5.63577e-05
5.63508e-05
5.63438e-05
5.63369e-05
5.63299e-05
5.6323e-05
5.6316e-05
5.63091e-05
5.63022e-05
5.62953e-05
5.62884e-05
5.62815e-05
5.62746e-05
5.62677e-05
5.62609e-05
5.6254e-05
5.62472e-05
5.62403e-05
5.62335e-05
5.62267e-05
5.62198e-05
5.6213e-05
5.62062e-05
5.61994e-05
5.61926e-05
5.61859e-05
5.61791e-05
5.61723e-05
5.61656e-05
5.61588e-05
5.61521e-05
5.61453e-05
5.61386e-05
5.61319e-05
5.61252e-05
5.61185e-05
5.61118e-05
5.61051e-05
5.60984e-05
5.60917e-05
5.60851e-05
5.60784e-05
5.60717e-05
5.60651e-05
5.60585e-05
5.60518e-05
5.60452e-05
5.60386e-05
5.6032e-05
5.60254e-05
5.60188e-05
5.60122e-05
5.60056e-05
5.59991e-05
5.59925e-05
5.5986e-05
5.59794e-05
5.59729e-05
5.59663e-05
5.59598e-05
5.59533e-05
5.59468e-05
5.59403e-05
5.59338e-05
5.59273e-05
5.59208e-05
5.59144e-05
5.59079e-05
5.59014e-05
5.5895e-05
5.58885e-05
5.58821e-05
5.58757e-05
5.58693e-05
5.58629e-05
5.58564e-05
5.585e-05
5.58437e-05
5.58373e-05
5.58309e-05
5.58245e-05
5.58182e-05
5.58118e-05
5.58055e-05
5.57991e-05
5.57928e-05
5.57865e-05
5.57801e-05
5.57738e-05
5.57675e-05
5.57612e-05
5.57549e-05
5.57486e-05
5.57424e-05
5.57361e-05
5.57298e-05
5.57236e-05
5.57173e-05
5.57111e-05
5.57049e-05
5.56986e-05
5.56924e-05
5.56862e-05
5.568e-05
5.56738e-05
5.56676e-05
5.56614e-05
5.56552e-05
5.56491e-05
5.56429e-05
5.56368e-05
5.56306e-05
5.56245e-05
5.56183e-05
5.56122e-05
5.56061e-05
5.56e-05
5.55939e-05
5.55878e-05
5.55817e-05
5.55756e-05
5.55695e-05
5.55634e-05
5.55574e-05
5.55513e-05
5.55452e-05
5.55392e-05
5.55332e-05
5.55271e-05
5.55211e-05
5.55151e-05
5.55091e-05
5.55031e-05
5.54971e-05
5.54911e-05
5.54851e-05
5.54791e-05
5.54732e-05
5.54672e-05
5.54612e-05
5.54553e-05
5.54493e-05
5.54434e-05
5.54375e-05
5.54315e-05
5.54256e-05
5.54197e-05
5.54138e-05
5.54079e-05
5.5402e-05
5.53961e-05
5.53903e-05
5.53844e-05
5.53785e-05
5.53727e-05
5.53668e-05
5.5361e-05
5.53552e-05
5.53493e-05
5.53435e-05
5.53377e-05
5.53319e-05
5.53261e-05
5.53203e-05
5.53145e-05
5.53087e-05
5.53029e-05
5.52971e-05
5.52914e-05
5.52856e-05
5.52799e-05
5.52741e-05
5.52684e-05
5.52627e-05
5.52569e-05
5.52512e-05
5.52455e-05
5.52398e-05
5.52341e-05
5.52284e-05
5.52227e-05
5.5217e-05
5.52114e-05
5.52057e-05
5.52e-05
5.51944e-05
5.51887e-05
5.51831e-05
5.51775e-05
5.51718e-05
5.51662e-05
5.51606e-05
5.5155e-05
5.51494e-05
5.51438e-05
5.51382e-05
5.51326e-05
5.5127e-05
5.51214e-05
5.51159e-05
5.51103e-05
5.51048e-05
5.50992e-05
5.50937e-05
5.50881e-05
5.50826e-05
5.50771e-05
5.50716e-05
5.50661e-05
5.50606e-05
5.50551e-05
5.50496e-05
5.50441e-05
5.50386e-05
5.50331e-05
5.50277e-05
5.50222e-05
5.50168e-05
5.50113e-05
5.50059e-05
5.50004e-05
5.4995e-05
5.49896e-05
5.49842e-05
5.49788e-05
5.49734e-05
5.4968e-05
5.49626e-05
5.49572e-05
5.49518e-05
5.49464e-05
5.49411e-05
5.49357e-05
5.49303e-05
5.4925e-05
5.49196e-05
5.49143e-05
5.4909e-05
5.49036e-05
5.48983e-05
5.4893e-05
5.48877e-05
5.48824e-05
5.48771e-05
5.48718e-05
5.48665e-05
5.48612e-05
5.4856e-05
5.48507e-05
5.48454e-05
5.48402e-05
5.48349e-05
5.48297e-05
5.48245e-05
5.48192e-05
5.4814e-05
5.48088e-05
5.48036e-05
5.47984e-05
5.47932e-05
5.4788e-05
5.47828e-05
5.47776e-05
5.47724e-05
5.47672e-05
5.47621e-05
5.47569e-05
5.47518e-05
5.47466e-05
5.47415e-05
5.47363e-05
5.47312e-05
5.47261e-05
5.4721e-05
5.47158e-05
5.47107e-05
5.47056e-05
5.47005e-05
5.46954e-05
5.46904e-05
5.46853e-05
5.46802e-05
5.46751e-05
5.46701e-05
5.4665e-05
5.466e-05
5.46549e-05
5.46499e-05
5.46448e-05
5.46398e-05
5.46348e-05
5.46298e-05
5.46248e-05
5.46198e-05
5.46148e-05
5.46098e-05
5.46048e-05
5.45998e-05
5.45948e-05
5.45898e-05
5.45849e-05
5.45799e-05
5.4575e-05
5.457e-05
5.45651e-05
5.45601e-05
5.45552e-05
5.45503e-05
5.45453e-05
5.45404e-05
5.45355e-05
5.45306e-05
5.45257e-05
5.45208e-05
5.45159e-05
5.4511e-05
5.45062e-05
5.45013e-05
5.44964e-05
5.44915e-05
5.44867e-05
5.44818e-05
5.4477e-05
5.44722e-05
5.44673e-05
5.44625e-05
5.44577e-05
5.44528e-05
5.4448e-05
5.44432e-05
5.44384e-05
5.44336e-05
5.44288e-05
5.44241e-05
5.44193e-05
5.44145e-05
5.44097e-05
5.4405e-05
5.44002e-05
5.43954e-05
5.43907e-05
5.4386e-05
5.43812e-05
5.43765e-05
5.43718e-05
5.4367e-05
5.43623e-05
5.43576e-05
5.43529e-05
5.43482e-05
5.43435e-05
5.43388e-05
5.43341e-05
5.43294e-05
5.43248e-05
5.43201e-05
5.43154e-05
5.43108e-05
5.43061e-05
5.43015e-05
5.42968e-05
5.42922e-05
5.42876e-05
5.42829e-05
5.42783e-05
5.42737e-05
5.42691e-05
5.42645e-05
5.42599e-05
5.42553e-05
5.42507e-05
5.42461e-05
5.42415e-05
5.42369e-05
5.42324e-05
5.42278e-05
5.42232e-05
5.42187e-05
5.42141e-05
5.42096e-05
5.4205e-05
5.42005e-05
5.4196e-05
5.41915e-05
5.41869e-05
5.41824e-05
5.41779e-05
5.41734e-05
5.41689e-05
5.41644e-05
5.41599e-05
5.41554e-05
5.4151e-05
5.41465e-05
5.4142e-05
5.41375e-05
5.41331e-05
5.41286e-05
5.41242e-05
5.41197e-05
5.41153e-05
5.41109e-05
5.41064e-05
5.4102e-05
5.40976e-05
5.40932e-05
5.40888e-05
5.40843e-05
5.40799e-05
5.40756e-05
5.40712e-05
5.40668e-05
5.40624e-05
5.4058e-05
5.40536e-05
5.40493e-05
5.40449e-05
5.40406e-05
5.40362e-05
5.40319e-05
5.40275e-05
5.40232e-05
5.40189e-05
5.40145e-05
5.40102e-05
5.40059e-05
5.40016e-05
5.39973e-05
5.3993e-05
5.39887e-05
5.39844e-05
5.39801e-05
5.39758e-05
5.39715e-05
5.39672e-05
5.3963e-05
5.39587e-05
5.39544e-05
5.39502e-05
5.39459e-05
5.39417e-05
5.39375e-05
5.39332e-05
5.3929e-05
5.39248e-05
5.39205e-05
5.39163e-05
5.39121e-05
5.39079e-05
5.39037e-05
5.38995e-05
5.38953e-05
5.38911e-05
5.38869e-05
5.38827e-05
5.38786e-05
5.38744e-05
5.38702e-05
5.38661e-05
5.38619e-05
5.38578e-05
5.38536e-05
5.38495e-05
5.38453e-05
5.38412e-05
5.38371e-05
5.38329e-05
5.38288e-05
5.38247e-05
5.38206e-05
5.38165e-05
5.38124e-05
5.38083e-05
5.38042e-05
5.38001e-05
5.3796e-05
5.37919e-05
5.37879e-05
5.37838e-05
5.37797e-05
5.37757e-05
5.37716e-05
5.37676e-05
5.37635e-05
5.37595e-05
5.37554e-05
5.37514e-05
5.37474e-05
5.37434e-05
5.37393e-05
5.37353e-05
5.37313e-05
5.37273e-05
5.37233e-05
5.37193e-05
5.37153e-05
5.37113e-05
5.37073e-05
5.37034e-05
5.36994e-05
5.36954e-05
5.36914e-05
5.36875e-05
5.36835e-05
5.36796e-05
5.36756e-05
5.36717e-05
5.36677e-05
5.36638e-05
5.36599e-05
5.36559e-05
5.3652e-05
5.36481e-05
5.36442e-05
5.36403e-05
5.36364e-05
5.36325e-05
5.36286e-05
5.36247e-05
5.36208e-05
5.36169e-05
5.3613e-05
5.36091e-05
5.36053e-05
5.36014e-05
5.35975e-05
5.35937e-05
5.35898e-05
5.3586e-05
5.35821e-05
5.35783e-05
5.35745e-05
5.35706e-05
5.35668e-05
5.3563e-05
5.35592e-05
5.35553e-05
5.35515e-05
5.35477e-05
5.35439e-05
5.35401e-05
5.35363e-05
5.35325e-05
5.35287e-05
5.3525e-05
5.35212e-05
5.35174e-05
5.35136e-05
5.35099e-05
5.35061e-05
5.35024e-05
5.34986e-05
5.34949e-05
5.34911e-05
5.34874e-05
5.34836e-05
5.34799e-05
5.34762e-05
5.34725e-05
5.34687e-05
5.3465e-05
5.34613e-05
5.34576e-05
5.34539e-05
5.34502e-05
5.34465e-05
5.34428e-05
5.34391e-05
5.34354e-05
5.34318e-05
5.34281e-05
5.34244e-05
5.34208e-05
5.34171e-05
5.34134e-05
5.34098e-05
5.34061e-05
5.34025e-05
5.33988e-05
5.33952e-05
5.33916e-05
5.33879e-05
5.33843e-05
5.33807e-05
5.33771e-05
5.33735e-05
5.33699e-05
5.33663e-05
5.33626e-05
5.33591e-05
5.33555e-05
5.33519e-05
5.33483e-05
5.33447e-05
5.33411e-05
5.33375e-05
5.3334e-05
5.33304e-05
5.33269e-05
5.33233e-05
5.33197e-05
5.33162e-05
5.33126e-05
5.33091e-05
5.33056e-05
5.3302e-05
5.32985e-05
5.3295e-05
5.32914e-05
5.32879e-05
5.32844e-05
5.32809e-05
5.32774e-05
5.32739e-05
5.32704e-05
5.32669e-05
5.32634e-05
5.32599e-05
5.32564e-05
5.3253e-05
5.32495e-05
5.3246e-05
5.32425e-05
5.32391e-05
5.32356e-05
5.32322e-05
5.32287e-05
5.32253e-05
5.32218e-05
5.32184e-05
5.32149e-05
5.32115e-05
5.32081e-05
5.32046e-05
5.32012e-05
5.31978e-05
5.31944e-05
5.3191e-05
5.31876e-05
5.31842e-05
5.31808e-05
5.31774e-05
5.3174e-05
5.31706e-05
5.31672e-05
5.31638e-05
5.31604e-05
5.31571e-05
5.31537e-05
5.31503e-05
5.3147e-05
5.31436e-05
5.31402e-05
5.31369e-05
5.31335e-05
5.31302e-05
5.31269e-05
5.31235e-05
5.31202e-05
5.31169e-05
5.31135e-05
5.31102e-05
5.31069e-05
5.31036e-05
5.31003e-05
5.3097e-05
5.30937e-05
5.30904e-05
5.30871e-05
5.30838e-05
5.30805e-05
5.30772e-05
5.30739e-05
5.30706e-05
5.30674e-05
5.30641e-05
5.30608e-05
5.30575e-05
5.30543e-05
5.3051e-05
5.30478e-05
5.30445e-05
5.30413e-05
5.3038e-05
5.30348e-05
5.30316e-05
5.30283e-05
5.30251e-05
5.30219e-05
5.30187e-05
5.30154e-05
5.30122e-05
5.3009e-05
5.30058e-05
5.30026e-05
5.29994e-05
5.29962e-05
5.2993e-05
5.29898e-05
5.29866e-05
5.29835e-05
5.29803e-05
5.29771e-05
5.29739e-05
5.29708e-05
5.29676e-05
5.29644e-05
5.29613e-05
5.29581e-05
5.2955e-05
5.29518e-05
5.29487e-05
5.29455e-05
5.29424e-05
5.29393e-05
5.29361e-05
5.2933e-05
5.29299e-05
5.29268e-05
5.29237e-05
5.29205e-05
5.29174e-05
5.29143e-05
5.29112e-05
5.29081e-05
5.2905e-05
5.29019e-05
5.28988e-05
5.28958e-05
5.28927e-05
5.28896e-05
5.28865e-05
5.28835e-05
5.28804e-05
5.28773e-05
5.28743e-05
5.28712e-05
5.28681e-05
5.28651e-05
5.2862e-05
5.2859e-05
5.2856e-05
5.28529e-05
5.28499e-05
5.28469e-05
5.28438e-05
5.28408e-05
5.28378e-05
5.28348e-05
5.28317e-05
5.28287e-05
5.28257e-05
5.28227e-05
5.28197e-05
5.28167e-05
5.28137e-05
5.28107e-05
5.28077e-05
5.28048e-05
5.28018e-05
5.27988e-05
5.27958e-05
5.27928e-05
5.27899e-05
5.27869e-05
5.27839e-05
5.2781e-05
5.2778e-05
5.27751e-05
5.27721e-05
5.27692e-05
5.27662e-05
5.27633e-05
5.27604e-05
5.27574e-05
5.27545e-05
5.27516e-05
5.27486e-05
5.27457e-05
5.27428e-05
5.27399e-05
5.2737e-05
5.27341e-05
5.27312e-05
5.27283e-05
5.27254e-05
5.27225e-05
5.27196e-05
5.27167e-05
5.27138e-05
5.27109e-05
5.2708e-05
5.27052e-05
5.27023e-05
5.26994e-05
5.26966e-05
5.26937e-05
5.26908e-05
5.2688e-05
5.26851e-05
5.26823e-05
5.26794e-05
5.26766e-05
5.26737e-05
5.26709e-05
5.26681e-05
5.26652e-05
5.26624e-05
5.26596e-05
5.26568e-05
5.26539e-05
5.26511e-05
5.26483e-05
5.26455e-05
5.26427e-05
5.26399e-05
5.26371e-05
5.26343e-05
5.26315e-05
5.26287e-05
5.26259e-05
5.26231e-05
5.26203e-05
5.26176e-05
5.26148e-05
5.2612e-05
5.26092e-05
5.26065e-05
5.26037e-05
5.26009e-05
5.25982e-05
5.25954e-05
5.25927e-05
5.25899e-05
5.25872e-05
5.25844e-05
5.25817e-05
5.2579e-05
5.25762e-05
5.25735e-05
5.25708e-05
5.2568e-05
5.25653e-05
5.25626e-05
5.25599e-05
5.25572e-05
5.25545e-05
5.25517e-05
5.2549e-05
5.25463e-05
5.25436e-05
5.25409e-05
5.25383e-05
5.25356e-05
5.25329e-05
5.25302e-05
5.25275e-05
5.25248e-05
5.25222e-05
5.25195e-05
5.25168e-05
5.25141e-05
5.25115e-05
5.25088e-05
5.25062e-05
5.25035e-05
5.25009e-05
5.24982e-05
5.24956e-05
5.24929e-05
5.24903e-05
5.24876e-05
5.2485e-05
5.24824e-05
5.24797e-05
5.24771e-05
5.24745e-05
5.24719e-05
5.24693e-05
5.24666e-05
5.2464e-05
5.24614e-05
5.24588e-05
5.24562e-05
5.24536e-05
5.2451e-05
5.24484e-05
5.24458e-05
5.24432e-05
5.24407e-05
5.24381e-05
5.24355e-05
5.24329e-05
5.24303e-05
5.24278e-05
5.24252e-05
5.24226e-05
5.24201e-05
5.24175e-05
5.24149e-05
5.24124e-05
5.24098e-05
5.24073e-05
5.24047e-05
5.24022e-05
5.23997e-05
5.23971e-05
5.23946e-05
5.23921e-05
5.23895e-05
5.2387e-05
5.23845e-05
5.23819e-05
5.23794e-05
5.23769e-05
5.23744e-05
5.23719e-05
5.23694e-05
5.23669e-05
5.23644e-05
5.23619e-05
5.23594e-05
5.23569e-05
5.23544e-05
5.23519e-05
5.23494e-05
5.23469e-05
5.23444e-05
5.2342e-05
5.23395e-05
5.2337e-05
5.23345e-05
5.23321e-05
5.23296e-05
5.23272e-05
5.23247e-05
5.23222e-05
5.23198e-05
5.23173e-05
5.23149e-05
5.23124e-05
5.231e-05
5.23076e-05
5.23051e-05
5.23027e-05
5.23002e-05
5.22978e-05
5.22954e-05
5.2293e-05
5.22905e-05
5.22881e-05
5.22857e-05
5.22833e-05
5.22809e-05
5.22785e-05
5.22761e-05
5.22737e-05
5.22713e-05
5.22689e-05
5.22665e-05
5.22641e-05
5.22617e-05
5.22593e-05
5.22569e-05
5.22545e-05
5.22521e-05
5.22498e-05
5.22474e-05
5.2245e-05
5.22426e-05
5.22403e-05
5.22379e-05
5.22355e-05
5.22332e-05
5.22308e-05
5.22285e-05
5.22261e-05
5.22238e-05
5.22214e-05
5.22191e-05
5.22167e-05
5.22144e-05
5.22121e-05
5.22097e-05
5.22074e-05
5.22051e-05
5.22027e-05
5.22004e-05
5.21981e-05
5.21958e-05
5.21935e-05
5.21911e-05
5.21888e-05
5.21865e-05
5.21842e-05
5.21819e-05
5.21796e-05
5.21773e-05
5.2175e-05
5.21727e-05
5.21704e-05
5.21681e-05
5.21659e-05
5.21636e-05
5.21613e-05
5.2159e-05
5.21567e-05
5.21545e-05
5.21522e-05
5.21499e-05
5.21477e-05
5.21454e-05
5.21431e-05
5.21409e-05
5.21386e-05
5.21364e-05
5.21341e-05
5.21319e-05
5.21296e-05
5.21274e-05
5.21251e-05
5.21229e-05
5.21206e-05
5.21184e-05
5.21162e-05
5.2114e-05
5.21117e-05
5.21095e-05
5.21073e-05
5.21051e-05
5.21028e-05
5.21006e-05
5.20984e-05
5.20962e-05
5.2094e-05
5.20918e-05
5.20896e-05
5.20874e-05
5.20852e-05
5.2083e-05
5.20808e-05
5.20786e-05
5.20764e-05
5.20742e-05
5.2072e-05
5.20699e-05
5.20677e-05
5.20655e-05
5.20633e-05
5.20612e-05
5.2059e-05
5.20568e-05
5.20546e-05
5.20525e-05
5.20503e-05
5.20482e-05
5.2046e-05
5.20439e-05
5.20417e-05
5.20396e-05
5.20374e-05
5.20353e-05
5.20331e-05
5.2031e-05
5.20288e-05
5.20267e-05
5.20246e-05
5.20224e-05
5.20203e-05
5.20182e-05
5.20161e-05
5.20139e-05
5.20118e-05
5.20097e-05
5.20076e-05
5.20055e-05
5.20034e-05
5.20013e-05
5.19992e-05
5.19971e-05
5.1995e-05
5.19929e-05
5.19908e-05
5.19887e-05
5.19866e-05
5.19845e-05
5.19824e-05
5.19803e-05
5.19782e-05
5.19761e-05
5.19741e-05
5.1972e-05
5.19699e-05
5.19678e-05
5.19658e-05
5.19637e-05
5.19616e-05
5.19596e-05
5.19575e-05
5.19555e-05
5.19534e-05
5.19514e-05
5.19493e-05
5.19473e-05
5.19452e-05
5.19432e-05
5.19411e-05
5.19391e-05
5.1937e-05
5.1935e-05
5.1933e-05
5.19309e-05
5.19289e-05
5.19269e-05
5.19249e-05
5.19228e-05
5.19208e-05
5.19188e-05
5.19168e-05
5.19148e-05
5.19128e-05
5.19108e-05
5.19087e-05
5.19067e-05
5.19047e-05
5.19027e-05
5.19007e-05
5.18987e-05
5.18967e-05
5.18948e-05
5.18928e-05
5.18908e-05
5.18888e-05
5.18868e-05
5.18848e-05
5.18828e-05
5.18809e-05
5.18789e-05
5.18769e-05
5.18749e-05
5.1873e-05
5.1871e-05
5.1869e-05
5.18671e-05
5.18651e-05
5.18632e-05
5.18612e-05
5.18593e-05
5.18573e-05
5.18554e-05
5.18534e-05
5.18515e-05
5.18495e-05
5.18476e-05
5.18456e-05
5.18437e-05
5.18418e-05
5.18398e-05
5.18379e-05
5.1836e-05
5.1834e-05
5.18321e-05
5.18302e-05
5.18283e-05
5.18264e-05
5.18244e-05
5.18225e-05
5.18206e-05
5.18187e-05
5.18168e-05
5.18149e-05
5.1813e-05
5.18111e-05
5.18092e-05
5.18073e-05
5.18054e-05
5.18035e-05
5.18016e-05
5.17997e-05
5.17978e-05
5.17959e-05
5.17941e-05
5.17922e-05
5.17903e-05
5.17884e-05
5.17866e-05
5.17847e-05
5.17828e-05
5.17809e-05
5.17791e-05
5.17772e-05
5.17753e-05
5.17735e-05
5.17716e-05
5.17698e-05
5.17679e-05
5.17661e-05
5.17642e-05
5.17624e-05
5.17605e-05
5.17587e-05
5.17568e-05
5.1755e-05
5.17531e-05
5.17513e-05
5.17495e-05
5.17476e-05
5.17458e-05
5.1744e-05
5.17421e-05
5.17403e-05
5.17385e-05
5.17367e-05
5.17349e-05
5.1733e-05
5.17312e-05
5.17294e-05
5.17276e-05
5.17258e-05
5.1724e-05
5.17222e-05
5.17204e-05
5.17186e-05
5.17168e-05
5.1715e-05
5.17132e-05
5.17114e-05
5.17096e-05
5.17078e-05
5.1706e-05
5.17042e-05
5.17024e-05
5.17007e-05
5.16989e-05
5.16971e-05
5.16953e-05
5.16935e-05
5.16918e-05
5.169e-05
5.16882e-05
5.16865e-05
5.16847e-05
5.16829e-05
5.16812e-05
5.16794e-05
5.16777e-05
5.16759e-05
5.16741e-05
5.16724e-05
5.16706e-05
5.16689e-05
5.16671e-05
5.16654e-05
5.16637e-05
5.16619e-05
5.16602e-05
5.16584e-05
5.16567e-05
5.1655e-05
5.16532e-05
5.16515e-05
5.16498e-05
5.16481e-05
5.16463e-05
5.16446e-05
5.16429e-05
5.16412e-05
5.16395e-05
5.16377e-05
5.1636e-05
5.16343e-05
5.16326e-05
5.16309e-05
5.16292e-05
5.16275e-05
5.16258e-05
5.16241e-05
5.16224e-05
5.16207e-05
5.1619e-05
5.16173e-05
5.16156e-05
5.16139e-05
5.16122e-05
5.16106e-05
5.16089e-05
5.16072e-05
5.16055e-05
5.16038e-05
5.16022e-05
5.16005e-05
5.15988e-05
5.15971e-05
5.15955e-05
5.15938e-05
5.15921e-05
5.15905e-05
5.15888e-05
5.15871e-05
5.15855e-05
5.15838e-05
5.15822e-05
5.15805e-05
5.15789e-05
5.15772e-05
5.15756e-05
5.15739e-05
5.15723e-05
5.15706e-05
5.1569e-05
5.15674e-05
5.15657e-05
5.15641e-05
5.15624e-05
5.15608e-05
5.15592e-05
5.15576e-05
5.15559e-05
5.15543e-05
5.15527e-05
5.15511e-05
5.15494e-05
5.15478e-05
5.15462e-05
5.15446e-05
5.1543e-05
5.15414e-05
5.15398e-05
5.15381e-05
5.15365e-05
5.15349e-05
5.15333e-05
5.15317e-05
5.15301e-05
5.15285e-05
5.15269e-05
5.15253e-05
5.15238e-05
5.15222e-05
5.15206e-05
5.1519e-05
5.15174e-05
5.15158e-05
5.15142e-05
5.15127e-05
5.15111e-05
5.15095e-05
5.15079e-05
5.15064e-05
5.15048e-05
5.15032e-05
5.15016e-05
5.15001e-05
5.14985e-05
5.14969e-05
5.14954e-05
5.14938e-05
5.14923e-05
5.14907e-05
5.14892e-05
5.14876e-05
5.1486e-05
5.14845e-05
5.14829e-05
5.14814e-05
5.14799e-05
5.14783e-05
5.14768e-05
5.14752e-05
5.14737e-05
5.14722e-05
5.14706e-05
5.14691e-05
5.14676e-05
5.1466e-05
5.14645e-05
5.1463e-05
5.14614e-05
5.14599e-05
5.14584e-05
5.14569e-05
5.14554e-05
5.14538e-05
5.14523e-05
5.14508e-05
5.14493e-05
5.14478e-05
5.14463e-05
5.14448e-05
5.14433e-05
5.14418e-05
5.14403e-05
5.14388e-05
5.14373e-05
5.14358e-05
5.14343e-05
5.14328e-05
5.14313e-05
5.14298e-05
5.14283e-05
5.14268e-05
5.14253e-05
5.14238e-05
5.14223e-05
5.14209e-05
5.14194e-05
5.14179e-05
5.14164e-05
5.14149e-05
5.14135e-05
5.1412e-05
5.14105e-05
5.14091e-05
5.14076e-05
5.14061e-05
5.14047e-05
5.14032e-05
5.14017e-05
5.14003e-05
5.13988e-05
5.13974e-05
5.13959e-05
5.13945e-05
5.1393e-05
5.13915e-05
5.13901e-05
5.13887e-05
5.13872e-05
5.13858e-05
5.13843e-05
5.13829e-05
5.13814e-05
5.138e-05
5.13786e-05
5.13771e-05
5.13757e-05
5.13743e-05
5.13728e-05
5.13714e-05
5.137e-05
5.13685e-05
5.13671e-05
5.13657e-05
5.13643e-05
5.13629e-05
5.13614e-05
5.136e-05
5.13586e-05
5.13572e-05
5.13558e-05
5.13544e-05
5.1353e-05
5.13516e-05
5.13501e-05
5.13487e-05
5.13473e-05
5.13459e-05
5.13445e-05
5.13431e-05
5.13417e-05
5.13403e-05
5.13389e-05
5.13376e-05
5.13362e-05
5.13348e-05
5.13334e-05
5.1332e-05
5.13306e-05
5.13292e-05
5.13278e-05
5.13265e-05
5.13251e-05
5.13237e-05
5.13223e-05
5.1321e-05
5.13196e-05
5.13182e-05
5.13168e-05
5.13155e-05
5.13141e-05
5.13127e-05
5.13114e-05
5.131e-05
5.13086e-05
5.13073e-05
5.13059e-05
5.13046e-05
5.13032e-05
5.13019e-05
5.13005e-05
5.12991e-05
5.12978e-05
5.12964e-05
5.12951e-05
5.12938e-05
5.12924e-05
5.12911e-05
5.12897e-05
5.12884e-05
5.1287e-05
5.12857e-05
5.12844e-05
5.1283e-05
5.12817e-05
5.12804e-05
5.1279e-05
5.12777e-05
5.12764e-05
5.12751e-05
5.12737e-05
5.12724e-05
5.12711e-05
5.12698e-05
5.12684e-05
5.12671e-05
5.12658e-05
5.12645e-05
5.12632e-05
5.12619e-05
5.12606e-05
5.12593e-05
5.12579e-05
5.12566e-05
5.12553e-05
5.1254e-05
5.12527e-05
5.12514e-05
5.12501e-05
5.12488e-05
5.12475e-05
5.12462e-05
5.12449e-05
5.12436e-05
5.12424e-05
5.12411e-05
5.12398e-05
5.12385e-05
5.12372e-05
5.12359e-05
5.12346e-05
5.12334e-05
5.12321e-05
5.12308e-05
5.12295e-05
5.12282e-05
5.1227e-05
5.12257e-05
5.12244e-05
5.12231e-05
5.12219e-05
5.12206e-05
5.12193e-05
5.12181e-05
5.12168e-05
5.12156e-05
5.12143e-05
5.1213e-05
5.12118e-05
5.12105e-05
5.12093e-05
5.1208e-05
5.12067e-05
5.12055e-05
5.12042e-05
5.1203e-05
5.12017e-05
5.12005e-05
5.11993e-05
5.1198e-05
5.11968e-05
5.11955e-05
5.11943e-05
5.1193e-05
5.11918e-05
5.11906e-05
5.11893e-05
5.11881e-05
5.11869e-05
5.11856e-05
5.11844e-05
5.11832e-05
5.1182e-05
5.11807e-05
5.11795e-05
5.11783e-05
5.11771e-05
5.11758e-05
5.11746e-05
5.11734e-05
5.11722e-05
5.1171e-05
5.11698e-05
5.11685e-05
5.11673e-05
5.11661e-05
5.11649e-05
5.11637e-05
5.11625e-05
5.11613e-05
5.11601e-05
5.11589e-05
5.11577e-05
5.11565e-05
5.11553e-05
5.11541e-05
5.11529e-05
5.11517e-05
5.11505e-05
5.11493e-05
5.11481e-05
5.11469e-05
5.11457e-05
5.11446e-05
5.11434e-05
5.11422e-05
5.1141e-05
5.11398e-05
5.11386e-05
5.11375e-05
5.11363e-05
5.11351e-05
5.11339e-05
5.11328e-05
5.11316e-05
5.11304e-05
5.11292e-05
5.11281e-05
5.11269e-05
5.11257e-05
5.11246e-05
5.11234e-05
5.11222e-05
5.11211e-05
5.11199e-05
5.11187e-05
5.11176e-05
5.11164e-05
5.11153e-05
5.11141e-05
5.1113e-05
5.11118e-05
5.11107e-05
5.11095e-05
5.11084e-05
5.11072e-05
5.11061e-05
5.11049e-05
5.11038e-05
5.11026e-05
5.11015e-05
5.11004e-05
5.10992e-05
5.10981e-05
5.10969e-05
5.10958e-05
5.10947e-05
5.10935e-05
5.10924e-05
5.10913e-05
5.10901e-05
5.1089e-05
5.10879e-05
5.10868e-05
5.10856e-05
5.10845e-05
5.10834e-05
5.10823e-05
5.10812e-05
5.108e-05
5.10789e-05
5.10778e-05
5.10767e-05
5.10756e-05
5.10745e-05
5.10733e-05
5.10722e-05
5.10711e-05
5.107e-05
5.10689e-05
5.10678e-05
5.10667e-05
5.10656e-05
5.10645e-05
5.10634e-05
5.10623e-05
5.10612e-05
5.10601e-05
5.1059e-05
5.10579e-05
5.10568e-05
5.10557e-05
5.10546e-05
5.10535e-05
5.10524e-05
5.10514e-05
5.10503e-05
5.10492e-05
5.10481e-05
5.1047e-05
5.10459e-05
5.10448e-05
5.10438e-05
5.10427e-05
5.10416e-05
5.10405e-05
5.10395e-05
5.10384e-05
5.10373e-05
5.10362e-05
5.10352e-05
5.10341e-05
5.1033e-05
5.1032e-05
5.10309e-05
5.10298e-05
5.10288e-05
5.10277e-05
5.10266e-05
5.10256e-05
5.10245e-05
5.10235e-05
5.10224e-05
5.10213e-05
5.10203e-05
5.10192e-05
5.10182e-05
5.10171e-05
5.10161e-05
5.1015e-05
5.1014e-05
5.10129e-05
5.10119e-05
5.10108e-05
5.10098e-05
5.10087e-05
5.10077e-05
5.10067e-05
5.10056e-05
5.10046e-05
5.10035e-05
5.10025e-05
5.10015e-05
5.10004e-05
5.09994e-05
5.09984e-05
5.09973e-05
5.09963e-05
5.09953e-05
5.09943e-05
5.09932e-05
5.09922e-05
5.09912e-05
5.09902e-05
5.09891e-05
5.09881e-05
5.09871e-05
5.09861e-05
5.09851e-05
5.0984e-05
5.0983e-05
5.0982e-05
5.0981e-05
5.098e-05
5.0979e-05
5.0978e-05
5.09769e-05
5.09759e-05
5.09749e-05
5.09739e-05
5.09729e-05
5.09719e-05
5.09709e-05
5.09699e-05
5.09689e-05
5.09679e-05
5.09669e-05
5.09659e-05
5.09649e-05
5.09639e-05
5.09629e-05
5.09619e-05
5.09609e-05
5.09599e-05
5.0959e-05
5.0958e-05
5.0957e-05
5.0956e-05
5.0955e-05
5.0954e-05
5.0953e-05
5.0952e-05
5.09511e-05
5.09501e-05
5.09491e-05
5.09481e-05
5.09471e-05
5.09462e-05
5.09452e-05
5.09442e-05
5.09432e-05
5.09423e-05
5.09413e-05
5.09403e-05
5.09394e-05
5.09384e-05
5.09374e-05
5.09365e-05
5.09355e-05
5.09345e-05
5.09336e-05
5.09326e-05
5.09316e-05
5.09307e-05
5.09297e-05
5.09288e-05
5.09278e-05
5.09268e-05
5.09259e-05
5.09249e-05
5.0924e-05
5.0923e-05
5.09221e-05
5.09211e-05
5.09202e-05
5.09192e-05
5.09183e-05
5.09173e-05
5.09164e-05
5.09154e-05
5.09145e-05
5.09135e-05
5.09126e-05
5.09117e-05
5.09107e-05
5.09098e-05
5.09088e-05
5.09079e-05
5.0907e-05
5.0906e-05
5.09051e-05
5.09042e-05
5.09032e-05
5.09023e-05
5.09014e-05
5.09005e-05
5.08995e-05
5.08986e-05
5.08977e-05
5.08967e-05
5.08958e-05
5.08949e-05
5.0894e-05
5.08931e-05
5.08921e-05
5.08912e-05
5.08903e-05
5.08894e-05
5.08885e-05
5.08875e-05
5.08866e-05
5.08857e-05
5.08848e-05
5.08839e-05
5.0883e-05
5.08821e-05
5.08812e-05
5.08803e-05
5.08794e-05
5.08784e-05
5.08775e-05
5.08766e-05
5.08757e-05
5.08748e-05
5.08739e-05
5.0873e-05
5.08721e-05
5.08712e-05
5.08703e-05
5.08694e-05
5.08685e-05
5.08677e-05
5.08668e-05
5.08659e-05
5.0865e-05
5.08641e-05
5.08632e-05
5.08623e-05
5.08614e-05
5.08605e-05
5.08596e-05
5.08588e-05
5.08579e-05
5.0857e-05
5.08561e-05
5.08552e-05
5.08544e-05
5.08535e-05
5.08526e-05
5.08517e-05
5.08508e-05
5.085e-05
5.08491e-05
5.08482e-05
5.08473e-05
5.08465e-05
5.08456e-05
5.08447e-05
5.08439e-05
5.0843e-05
5.08421e-05
5.08413e-05
5.08404e-05
5.08395e-05
5.08387e-05
5.08378e-05
5.08369e-05
5.08361e-05
5.08352e-05
5.08344e-05
5.08335e-05
5.08326e-05
5.08318e-05
5.08309e-05
5.08301e-05
5.08292e-05
5.08284e-05
5.08275e-05
5.08267e-05
5.08258e-05
5.0825e-05
5.08241e-05
5.08233e-05
5.08224e-05
5.08216e-05
5.08207e-05
5.08199e-05
5.0819e-05
5.08182e-05
5.08174e-05
5.08165e-05
5.08157e-05
5.08148e-05
5.0814e-05
5.08132e-05
5.08123e-05
5.08115e-05
5.08107e-05
5.08098e-05
5.0809e-05
5.08082e-05
5.08073e-05
5.08065e-05
5.08057e-05
5.08048e-05
5.0804e-05
5.08032e-05
5.08024e-05
5.08015e-05
5.08007e-05
5.07999e-05
5.07991e-05
5.07982e-05
5.07974e-05
5.07966e-05
5.07958e-05
5.0795e-05
5.07941e-05
5.07933e-05
5.07925e-05
5.07917e-05
5.07909e-05
5.07901e-05
5.07893e-05
5.07885e-05
5.07876e-05
5.07868e-05
5.0786e-05
5.07852e-05
5.07844e-05
5.07836e-05
5.07828e-05
5.0782e-05
5.07812e-05
5.07804e-05
5.07796e-05
5.07788e-05
5.0778e-05
5.07772e-05
5.07764e-05
5.07756e-05
5.07748e-05
5.0774e-05
5.07732e-05
5.07724e-05
5.07716e-05
5.07708e-05
5.077e-05
5.07692e-05
5.07685e-05
5.07677e-05
5.07669e-05
5.07661e-05
5.07653e-05
5.07645e-05
5.07637e-05
5.07629e-05
5.07622e-05
5.07614e-05
5.07606e-05
5.07598e-05
5.0759e-05
5.07583e-05
5.07575e-05
5.07567e-05
5.07559e-05
5.07551e-05
5.07544e-05
5.07536e-05
5.07528e-05
5.0752e-05
5.07513e-05
5.07505e-05
5.07497e-05
5.0749e-05
5.07482e-05
5.07474e-05
5.07467e-05
5.07459e-05
5.07451e-05
5.07444e-05
5.07436e-05
5.07428e-05
5.07421e-05
5.07413e-05
5.07406e-05
5.07398e-05
5.0739e-05
5.07383e-05
5.07375e-05
5.07368e-05
5.0736e-05
5.07352e-05
5.07345e-05
5.07337e-05
5.0733e-05
5.07322e-05
5.07315e-05
5.07307e-05
5.073e-05
5.07292e-05
5.07285e-05
5.07277e-05
5.0727e-05
5.07262e-05
5.07255e-05
5.07248e-05
5.0724e-05
5.07233e-05
5.07225e-05
5.07218e-05
5.0721e-05
5.07203e-05
5.07196e-05
5.07188e-05
5.07181e-05
5.07174e-05
5.07166e-05
5.07159e-05
5.07152e-05
5.07144e-05
5.07137e-05
5.0713e-05
5.07122e-05
5.07115e-05
5.07108e-05
5.071e-05
5.07093e-05
5.07086e-05
5.07079e-05
5.07071e-05
5.07064e-05
5.07057e-05
5.0705e-05
5.07042e-05
5.07035e-05
5.07028e-05
5.07021e-05
5.07013e-05
5.07006e-05
5.06999e-05
5.06992e-05
5.06985e-05
5.06978e-05
5.0697e-05
5.06963e-05
5.06956e-05
5.06949e-05
5.06942e-05
5.06935e-05
5.06928e-05
5.06921e-05
5.06913e-05
5.06906e-05
5.06899e-05
5.06892e-05
5.06885e-05
5.06878e-05
5.06871e-05
5.06864e-05
5.06857e-05
5.0685e-05
5.06843e-05
5.06836e-05
5.06829e-05
5.06822e-05
5.06815e-05
5.06808e-05
5.06801e-05
5.06794e-05
5.06787e-05
5.0678e-05
5.06773e-05
5.06766e-05
5.06759e-05
5.06752e-05
5.06745e-05
5.06739e-05
5.06732e-05
5.06725e-05
5.06718e-05
5.06711e-05
5.06704e-05
5.06697e-05
5.0669e-05
5.06684e-05
5.06677e-05
5.0667e-05
5.06663e-05
5.06656e-05
5.06649e-05
5.06643e-05
5.06636e-05
5.06629e-05
5.06622e-05
5.06615e-05
5.06609e-05
5.06602e-05
5.06595e-05
5.06588e-05
5.06582e-05
5.06575e-05
5.06568e-05
5.06561e-05
5.06555e-05
5.06548e-05
5.06541e-05
5.06535e-05
5.06528e-05
5.06521e-05
5.06514e-05
5.06508e-05
5.06501e-05
5.06495e-05
5.06488e-05
5.06481e-05
5.06475e-05
5.06468e-05
5.06461e-05
5.06455e-05
5.06448e-05
5.06442e-05
5.06435e-05
5.06428e-05
5.06422e-05
5.06415e-05
5.06409e-05
5.06402e-05
5.06396e-05
5.06389e-05
5.06382e-05
5.06376e-05
5.06369e-05
5.06363e-05
5.06356e-05
5.0635e-05
5.06343e-05
5.06337e-05
5.0633e-05
5.06324e-05
5.06317e-05
5.06311e-05
5.06304e-05
5.06298e-05
5.06292e-05
5.06285e-05
5.06279e-05
5.06272e-05
5.06266e-05
5.06259e-05
5.06253e-05
5.06247e-05
5.0624e-05
5.06234e-05
5.06228e-05
5.06221e-05
5.06215e-05
5.06208e-05
5.06202e-05
5.06196e-05
5.06189e-05
5.06183e-05
5.06177e-05
5.0617e-05
5.06164e-05
5.06158e-05
5.06152e-05
5.06145e-05
5.06139e-05
5.06133e-05
5.06126e-05
5.0612e-05
5.06114e-05
5.06108e-05
5.06101e-05
5.06095e-05
5.06089e-05
5.06083e-05
5.06076e-05
5.0607e-05
5.06064e-05
5.06058e-05
5.06052e-05
5.06045e-05
5.06039e-05
5.06033e-05
5.06027e-05
5.06021e-05
5.06015e-05
5.06008e-05
5.06002e-05
5.05996e-05
5.0599e-05
5.05984e-05
5.05978e-05
5.05972e-05
5.05966e-05
5.0596e-05
5.05953e-05
5.05947e-05
5.05941e-05
5.05935e-05
5.05929e-05
5.05923e-05
5.05917e-05
5.05911e-05
5.05905e-05
5.05899e-05
5.05893e-05
5.05887e-05
5.05881e-05
5.05875e-05
5.05869e-05
5.05863e-05
5.05857e-05
5.05851e-05
5.05845e-05
5.05839e-05
5.05833e-05
5.05827e-05
5.05821e-05
5.05815e-05
5.05809e-05
5.05803e-05
5.05797e-05
5.05791e-05
5.05785e-05
5.0578e-05
5.05774e-05
5.05768e-05
5.05762e-05
5.05756e-05
5.0575e-05
5.05744e-05
5.05738e-05
5.05732e-05
5.05727e-05
5.05721e-05
5.05715e-05
5.05709e-05
5.05703e-05
5.05697e-05
5.05692e-05
5.05686e-05
5.0568e-05
5.05674e-05
5.05668e-05
5.05663e-05
5.05657e-05
5.05651e-05
5.05645e-05
5.0564e-05
5.05634e-05
5.05628e-05
5.05622e-05
5.05617e-05
5.05611e-05
5.05605e-05
5.05599e-05
5.05594e-05
5.05588e-05
5.05582e-05
5.05577e-05
5.05571e-05
5.05565e-05
5.05559e-05
5.05554e-05
5.05548e-05
5.05542e-05
5.05537e-05
5.05531e-05
5.05526e-05
5.0552e-05
5.05514e-05
5.05509e-05
5.05503e-05
5.05497e-05
5.05492e-05
5.05486e-05
5.05481e-05
5.05475e-05
5.05469e-05
5.05464e-05
5.05458e-05
5.05453e-05
5.05447e-05
5.05442e-05
5.05436e-05
5.0543e-05
5.05425e-05
5.05419e-05
5.05414e-05
5.05408e-05
5.05403e-05
5.05397e-05
5.05392e-05
5.05386e-05
5.05381e-05
5.05375e-05
5.0537e-05
5.05364e-05
5.05359e-05
5.05353e-05
5.05348e-05
5.05342e-05
5.05337e-05
5.05332e-05
5.05326e-05
5.05321e-05
5.05315e-05
5.0531e-05
5.05304e-05
5.05299e-05
5.05294e-05
5.05288e-05
5.05283e-05
5.05277e-05
5.05272e-05
5.05267e-05
5.05261e-05
5.05256e-05
5.05251e-05
5.05245e-05
5.0524e-05
5.05235e-05
5.05229e-05
5.05224e-05
5.05219e-05
5.05213e-05
5.05208e-05
5.05203e-05
5.05197e-05
5.05192e-05
5.05187e-05
5.05181e-05
5.05176e-05
5.05171e-05
5.05166e-05
5.0516e-05
5.05155e-05
5.0515e-05
5.05145e-05
5.05139e-05
5.05134e-05
5.05129e-05
5.05124e-05
5.05118e-05
5.05113e-05
5.05108e-05
5.05103e-05
5.05098e-05
5.05092e-05
5.05087e-05
5.05082e-05
5.05077e-05
5.05072e-05
5.05066e-05
5.05061e-05
5.05056e-05
5.05051e-05
5.05046e-05
5.05041e-05
5.05036e-05
5.0503e-05
5.05025e-05
5.0502e-05
5.05015e-05
5.0501e-05
5.05005e-05
5.05e-05
5.04995e-05
5.0499e-05
5.04984e-05
5.04979e-05
5.04974e-05
5.04969e-05
5.04964e-05
5.04959e-05
5.04954e-05
5.04949e-05
5.04944e-05
5.04939e-05
5.04934e-05
5.04929e-05
5.04924e-05
5.04919e-05
5.04914e-05
5.04909e-05
5.04904e-05
5.04899e-05
5.04894e-05
5.04889e-05
5.04884e-05
5.04879e-05
5.04874e-05
5.04869e-05
5.04864e-05
5.04859e-05
5.04854e-05
5.04849e-05
5.04844e-05
5.04839e-05
5.04834e-05
5.04829e-05
5.04825e-05
5.0482e-05
5.04815e-05
5.0481e-05
5.04805e-05
5.048e-05
5.04795e-05
5.0479e-05
5.04785e-05
5.04781e-05
5.04776e-05
5.04771e-05
5.04766e-05
5.04761e-05
5.04756e-05
5.04751e-05
5.04747e-05
5.04742e-05
5.04737e-05
5.04732e-05
5.04727e-05
5.04722e-05
5.04718e-05
5.04713e-05
5.04708e-05
5.04703e-05
5.04698e-05
5.04694e-05
5.04689e-05
5.04684e-05
5.04679e-05
5.04675e-05
5.0467e-05
5.04665e-05
5.0466e-05
5.04656e-05
5.04651e-05
5.04646e-05
5.04641e-05
5.04637e-05
5.04632e-05
5.04627e-05
5.04623e-05
5.04618e-05
5.04613e-05
5.04608e-05
5.04604e-05
5.04599e-05
5.04594e-05
5.0459e-05
5.04585e-05
5.0458e-05
5.04576e-05
5.04571e-05
5.04566e-05
5.04562e-05
5.04557e-05
5.04553e-05
5.04548e-05
5.04543e-05
5.04539e-05
5.04534e-05
5.04529e-05
5.04525e-05
5.0452e-05
5.04516e-05
5.04511e-05
5.04506e-05
5.04502e-05
5.04497e-05
5.04493e-05
5.04488e-05
5.04484e-05
5.04479e-05
5.04474e-05
5.0447e-05
5.04465e-05
5.04461e-05
5.04456e-05
5.04452e-05
5.04447e-05
5.04443e-05
5.04438e-05
5.04434e-05
5.04429e-05
5.04425e-05
5.0442e-05
5.04416e-05
5.04411e-05
5.04407e-05
5.04402e-05
5.04398e-05
5.04393e-05
5.04389e-05
5.04384e-05
5.0438e-05
5.04375e-05
5.04371e-05
5.04367e-05
5.04362e-05
5.04358e-05
5.04353e-05
5.04349e-05
5.04344e-05
5.0434e-05
5.04336e-05
5.04331e-05
5.04327e-05
5.04322e-05
5.04318e-05
5.04314e-05
5.04309e-05
5.04305e-05
5.043e-05
5.04296e-05
5.04292e-05
5.04287e-05
5.04283e-05
5.04279e-05
5.04274e-05
5.0427e-05
5.04266e-05
5.04261e-05
5.04257e-05
5.04253e-05
5.04248e-05
5.04244e-05
5.0424e-05
5.04235e-05
5.04231e-05
5.04227e-05
5.04222e-05
5.04218e-05
5.04214e-05
5.0421e-05
5.04205e-05
5.04201e-05
5.04197e-05
5.04192e-05
5.04188e-05
5.04184e-05
5.0418e-05
5.04175e-05
5.04171e-05
5.04167e-05
5.04163e-05
5.04159e-05
5.04154e-05
5.0415e-05
5.04146e-05
5.04142e-05
5.04137e-05
5.04133e-05
5.04129e-05
5.04125e-05
5.04121e-05
5.04116e-05
5.04112e-05
5.04108e-05
5.04104e-05
5.041e-05
5.04096e-05
5.04091e-05
5.04087e-05
5.04083e-05
5.04079e-05
5.04075e-05
5.04071e-05
5.04067e-05
5.04062e-05
5.04058e-05
5.04054e-05
5.0405e-05
5.04046e-05
5.04042e-05
5.04038e-05
5.04034e-05
5.0403e-05
5.04026e-05
5.04021e-05
5.04017e-05
5.04013e-05
5.04009e-05
5.04005e-05
5.04001e-05
5.03997e-05
5.03993e-05
5.03989e-05
5.03985e-05
5.03981e-05
5.03977e-05
5.03973e-05
5.03969e-05
5.03965e-05
5.03961e-05
5.03957e-05
5.03953e-05
5.03949e-05
5.03945e-05
5.03941e-05
5.03937e-05
5.03933e-05
5.03929e-05
5.03925e-05
5.03921e-05
5.03917e-05
5.03913e-05
5.03909e-05
5.03905e-05
5.03901e-05
5.03897e-05
5.03893e-05
5.03889e-05
5.03885e-05
5.03881e-05
5.03877e-05
5.03873e-05
5.03869e-05
5.03865e-05
5.03861e-05
5.03857e-05
5.03854e-05
5.0385e-05
5.03846e-05
5.03842e-05
5.03838e-05
5.03834e-05
5.0383e-05
5.03826e-05
5.03822e-05
5.03818e-05
5.03815e-05
5.03811e-05
5.03807e-05
5.03803e-05
5.03799e-05
5.03795e-05
5.03791e-05
5.03788e-05
5.03784e-05
5.0378e-05
5.03776e-05
5.03772e-05
5.03768e-05
5.03765e-05
5.03761e-05
5.03757e-05
5.03753e-05
5.03749e-05
5.03746e-05
5.03742e-05
5.03738e-05
5.03734e-05
5.0373e-05
5.03727e-05
5.03723e-05
5.03719e-05
5.03715e-05
5.03712e-05
5.03708e-05
5.03704e-05
5.037e-05
5.03696e-05
5.03693e-05
5.03689e-05
5.03685e-05
5.03682e-05
5.03678e-05
5.03674e-05
5.0367e-05
5.03667e-05
5.03663e-05
5.03659e-05
5.03655e-05
5.03652e-05
5.03648e-05
5.03644e-05
5.03641e-05
5.03637e-05
5.03633e-05
5.0363e-05
5.03626e-05
5.03622e-05
5.03619e-05
5.03615e-05
5.03611e-05
5.03608e-05
5.03604e-05
5.036e-05
5.03597e-05
5.03593e-05
5.03589e-05
5.03586e-05
5.03582e-05
5.03578e-05
5.03575e-05
5.03571e-05
5.03568e-05
5.03564e-05
5.0356e-05
5.03557e-05
5.03553e-05
5.0355e-05
5.03546e-05
5.03542e-05
5.03539e-05
5.03535e-05
5.03532e-05
5.03528e-05
5.03524e-05
5.03521e-05
5.03517e-05
5.03514e-05
5.0351e-05
5.03507e-05
5.03503e-05
5.03499e-05
5.03496e-05
5.03492e-05
5.03489e-05
5.03485e-05
5.03482e-05
5.03478e-05
5.03475e-05
5.03471e-05
5.03468e-05
5.03464e-05
5.03461e-05
5.03457e-05
5.03454e-05
5.0345e-05
5.03447e-05
5.03443e-05
5.0344e-05
5.03436e-05
5.03433e-05
5.03429e-05
5.03426e-05
5.03422e-05
5.03419e-05
5.03415e-05
5.03412e-05
5.03408e-05
5.03405e-05
5.03402e-05
5.03398e-05
5.03395e-05
5.03391e-05
5.03388e-05
5.03384e-05
5.03381e-05
5.03378e-05
5.03374e-05
5.03371e-05
5.03367e-05
5.03364e-05
5.0336e-05
5.03357e-05
5.03354e-05
5.0335e-05
5.03347e-05
5.03344e-05
5.0334e-05
5.03337e-05
5.03333e-05
5.0333e-05
5.03327e-05
5.03323e-05
5.0332e-05
5.03317e-05
5.03313e-05
5.0331e-05
5.03306e-05
5.03303e-05
5.033e-05
5.03296e-05
5.03293e-05
5.0329e-05
5.03286e-05
5.03283e-05
5.0328e-05
5.03276e-05
5.03273e-05
5.0327e-05
5.03267e-05
5.03263e-05
5.0326e-05
5.03257e-05
5.03253e-05
5.0325e-05
5.03247e-05
5.03243e-05
5.0324e-05
5.03237e-05
5.03234e-05
5.0323e-05
5.03227e-05
5.03224e-05
5.03221e-05
5.03217e-05
5.03214e-05
5.03211e-05
5.03208e-05
5.03204e-05
5.03201e-05
5.03198e-05
5.03195e-05
5.03191e-05
5.03188e-05
5.03185e-05
5.03182e-05
5.03178e-05
5.03175e-05
5.03172e-05
5.03169e-05
5.03166e-05
5.03162e-05
5.03159e-05
5.03156e-05
5.03153e-05
5.0315e-05
5.03146e-05
5.03143e-05
5.0314e-05
5.03137e-05
5.03134e-05
5.03131e-05
5.03127e-05
5.03124e-05
5.03121e-05
5.03118e-05
5.03115e-05
5.03112e-05
5.03108e-05
5.03105e-05
5.03102e-05
5.03099e-05
5.03096e-05
5.03093e-05
5.0309e-05
5.03086e-05
5.03083e-05
5.0308e-05
5.03077e-05
5.03074e-05
5.03071e-05
5.03068e-05
5.03065e-05
5.03062e-05
5.03059e-05
5.03055e-05
5.03052e-05
5.03049e-05
5.03046e-05
5.03043e-05
5.0304e-05
5.03037e-05
5.03034e-05
5.03031e-05
5.03028e-05
5.03025e-05
5.03022e-05
5.03019e-05
5.03016e-05
5.03012e-05
5.03009e-05
5.03006e-05
5.03003e-05
5.03e-05
5.02997e-05
5.02994e-05
5.02991e-05
5.02988e-05
5.02985e-05
5.02982e-05
5.02979e-05
5.02976e-05
5.02973e-05
5.0297e-05
5.02967e-05
5.02964e-05
5.02961e-05
5.02958e-05
5.02955e-05
5.02952e-05
5.02949e-05
5.02946e-05
5.02943e-05
5.0294e-05
5.02937e-05
5.02934e-05
5.02931e-05
5.02928e-05
5.02925e-05
5.02922e-05
5.02919e-05
5.02917e-05
5.02914e-05
5.02911e-05
5.02908e-05
5.02905e-05
5.02902e-05
5.02899e-05
5.02896e-05
5.02893e-05
5.0289e-05
5.02887e-05
5.02884e-05
5.02881e-05
5.02878e-05
5.02876e-05
5.02873e-05
5.0287e-05
5.02867e-05
5.02864e-05
5.02861e-05
5.02858e-05
5.02855e-05
5.02852e-05
5.02849e-05
5.02847e-05
5.02844e-05
5.02841e-05
5.02838e-05
5.02835e-05
5.02832e-05
5.02829e-05
5.02827e-05
5.02824e-05
5.02821e-05
5.02818e-05
5.02815e-05
5.02812e-05
5.02809e-05
5.02807e-05
5.02804e-05
5.02801e-05
5.02798e-05
5.02795e-05
5.02792e-05
5.0279e-05
5.02787e-05
5.02784e-05
5.02781e-05
5.02778e-05
5.02776e-05
5.02773e-05
5.0277e-05
5.02767e-05
5.02764e-05
5.02762e-05
5.02759e-05
5.02756e-05
5.02753e-05
5.0275e-05
5.02748e-05
5.02745e-05
5.02742e-05
5.02739e-05
5.02737e-05
5.02734e-05
5.02731e-05
5.02728e-05
5.02726e-05
5.02723e-05
5.0272e-05
5.02717e-05
5.02715e-05
5.02712e-05
5.02709e-05
5.02706e-05
5.02704e-05
5.02701e-05
5.02698e-05
5.02695e-05
5.02693e-05
5.0269e-05
5.02687e-05
5.02685e-05
5.02682e-05
5.02679e-05
5.02676e-05
5.02674e-05
5.02671e-05
5.02668e-05
5.02666e-05
5.02663e-05
5.0266e-05
5.02658e-05
5.02655e-05
5.02652e-05
5.0265e-05
5.02647e-05
5.02644e-05
5.02642e-05
5.02639e-05
5.02636e-05
5.02634e-05
5.02631e-05
5.02628e-05
5.02626e-05
5.02623e-05
5.0262e-05
5.02618e-05
5.02615e-05
5.02612e-05
5.0261e-05
5.02607e-05
5.02604e-05
5.02602e-05
5.02599e-05
5.02597e-05
5.02594e-05
5.02591e-05
5.02589e-05
5.02586e-05
5.02584e-05
5.02581e-05
5.02578e-05
5.02576e-05
5.02573e-05
5.02571e-05
5.02568e-05
5.02565e-05
5.02563e-05
5.0256e-05
5.02558e-05
5.02555e-05
5.02552e-05
5.0255e-05
5.02547e-05
5.02545e-05
5.02542e-05
5.0254e-05
5.02537e-05
5.02534e-05
5.02532e-05
5.02529e-05
5.02527e-05
5.02524e-05
5.02522e-05
5.02519e-05
5.02517e-05
5.02514e-05
5.02512e-05
5.02509e-05
5.02506e-05
5.02504e-05
5.02501e-05
5.02499e-05
5.02496e-05
5.02494e-05
5.02491e-05
5.02489e-05
5.02486e-05
5.02484e-05
5.02481e-05
5.02479e-05
5.02476e-05
5.02474e-05
5.02471e-05
5.02469e-05
5.02466e-05
5.02464e-05
5.02461e-05
5.02459e-05
5.02456e-05
5.02454e-05
5.02451e-05
5.02449e-05
5.02447e-05
5.02444e-05
5.02442e-05
5.02439e-05
5.02437e-05
5.02434e-05
5.02432e-05
5.02429e-05
5.02427e-05
5.02424e-05
5.02422e-05
5.0242e-05
5.02417e-05
5.02415e-05
5.02412e-05
5.0241e-05
5.02407e-05
5.02405e-05
5.02402e-05
5.024e-05
5.02398e-05
5.02395e-05
5.02393e-05
5.0239e-05
5.02388e-05
5.02386e-05
5.02383e-05
5.02381e-05
5.02378e-05
5.02376e-05
5.02374e-05
5.02371e-05
5.02369e-05
5.02366e-05
5.02364e-05
5.02362e-05
5.02359e-05
5.02357e-05
5.02355e-05
5.02352e-05
5.0235e-05
5.02347e-05
5.02345e-05
5.02343e-05
5.0234e-05
5.02338e-05
5.02336e-05
5.02333e-05
5.02331e-05
5.02329e-05
5.02326e-05
5.02324e-05
5.02322e-05
5.02319e-05
5.02317e-05
5.02314e-05
5.02312e-05
5.0231e-05
5.02308e-05
5.02305e-05
5.02303e-05
5.02301e-05
5.02298e-05
5.02296e-05
5.02294e-05
5.02291e-05
5.02289e-05
5.02287e-05
5.02284e-05
5.02282e-05
5.0228e-05
5.02277e-05
5.02275e-05
5.02273e-05
5.02271e-05
5.02268e-05
5.02266e-05
5.02264e-05
5.02261e-05
5.02259e-05
5.02257e-05
5.02255e-05
5.02252e-05
5.0225e-05
5.02248e-05
5.02246e-05
5.02243e-05
5.02241e-05
5.02239e-05
5.02237e-05
5.02234e-05
5.02232e-05
5.0223e-05
5.02228e-05
5.02225e-05
5.02223e-05
5.02221e-05
5.02219e-05
5.02216e-05
5.02214e-05
5.02212e-05
5.0221e-05
5.02207e-05
5.02205e-05
5.02203e-05
5.02201e-05
5.02199e-05
5.02196e-05
5.02194e-05
5.02192e-05
5.0219e-05
5.02187e-05
5.02185e-05
5.02183e-05
5.02181e-05
5.02179e-05
5.02176e-05
5.02174e-05
5.02172e-05
5.0217e-05
5.02168e-05
5.02166e-05
5.02163e-05
5.02161e-05
5.02159e-05
5.02157e-05
5.02155e-05
5.02153e-05
5.0215e-05
5.02148e-05
5.02146e-05
5.02144e-05
5.02142e-05
5.0214e-05
5.02137e-05
5.02135e-05
5.02133e-05
5.02131e-05
5.02129e-05
5.02127e-05
5.02125e-05
5.02122e-05
5.0212e-05
5.02118e-05
5.02116e-05
5.02114e-05
5.02112e-05
5.0211e-05
5.02107e-05
5.02105e-05
5.02103e-05
5.02101e-05
5.02099e-05
5.02097e-05
5.02095e-05
5.02093e-05
5.02091e-05
5.02088e-05
5.02086e-05
5.02084e-05
5.02082e-05
5.0208e-05
5.02078e-05
5.02076e-05
5.02074e-05
5.02072e-05
5.0207e-05
5.02068e-05
5.02065e-05
5.02063e-05
5.02061e-05
5.02059e-05
5.02057e-05
5.02055e-05
5.02053e-05
5.02051e-05
5.02049e-05
5.02047e-05
5.02045e-05
5.02043e-05
5.02041e-05
5.02039e-05
5.02037e-05
5.02034e-05
5.02032e-05
5.0203e-05
5.02028e-05
5.02026e-05
5.02024e-05
5.02022e-05
5.0202e-05
5.02018e-05
5.02016e-05
5.02014e-05
5.02012e-05
5.0201e-05
5.02008e-05
5.02006e-05
5.02004e-05
5.02002e-05
5.02e-05
5.01998e-05
5.01996e-05
5.01994e-05
5.01992e-05
5.0199e-05
5.01988e-05
5.01986e-05
5.01984e-05
5.01982e-05
5.0198e-05
5.01978e-05
5.01976e-05
5.01974e-05
5.01972e-05
5.0197e-05
5.01968e-05
5.01966e-05
5.01964e-05
5.01962e-05
5.0196e-05
5.01958e-05
5.01956e-05
5.01954e-05
5.01952e-05
5.0195e-05
5.01948e-05
5.01946e-05
5.01944e-05
5.01942e-05
5.0194e-05
5.01939e-05
5.01937e-05
5.01935e-05
5.01933e-05
5.01931e-05
5.01929e-05
5.01927e-05
5.01925e-05
5.01923e-05
5.01921e-05
5.01919e-05
5.01917e-05
5.01915e-05
5.01913e-05
5.01911e-05
5.0191e-05
5.01908e-05
5.01906e-05
5.01904e-05
5.01902e-05
5.019e-05
5.01898e-05
5.01896e-05
5.01894e-05
5.01892e-05
5.0189e-05
5.01888e-05
5.01887e-05
5.01885e-05
5.01883e-05
5.01881e-05
5.01879e-05
5.01877e-05
5.01875e-05
5.01873e-05
5.01871e-05
5.0187e-05
5.01868e-05
5.01866e-05
5.01864e-05
5.01862e-05
5.0186e-05
5.01858e-05
5.01856e-05
5.01855e-05
5.01853e-05
5.01851e-05
5.01849e-05
5.01847e-05
5.01845e-05
5.01843e-05
5.01842e-05
5.0184e-05
5.01838e-05
5.01836e-05
5.01834e-05
5.01832e-05
5.01831e-05
5.01829e-05
5.01827e-05
5.01825e-05
5.01823e-05
5.01821e-05
5.0182e-05
5.01818e-05
5.01816e-05
5.01814e-05
5.01812e-05
5.0181e-05
5.01809e-05
5.01807e-05
5.01805e-05
5.01803e-05
5.01801e-05
5.01799e-05
5.01798e-05
5.01796e-05
5.01794e-05
5.01792e-05
5.0179e-05
5.01789e-05
5.01787e-05
5.01785e-05
5.01783e-05
5.01781e-05
5.0178e-05
5.01778e-05
5.01776e-05
5.01774e-05
5.01773e-05
5.01771e-05
5.01769e-05
5.01767e-05
5.01765e-05
5.01764e-05
5.01762e-05
5.0176e-05
5.01758e-05
5.01757e-05
5.01755e-05
5.01753e-05
5.01751e-05
5.0175e-05
5.01748e-05
5.01746e-05
5.01744e-05
5.01743e-05
5.01741e-05
5.01739e-05
5.01737e-05
5.01736e-05
5.01734e-05
5.01732e-05
5.0173e-05
5.01729e-05
5.01727e-05
5.01725e-05
5.01723e-05
5.01722e-05
5.0172e-05
5.01718e-05
5.01716e-05
5.01715e-05
5.01713e-05
5.01711e-05
5.0171e-05
5.01708e-05
5.01706e-05
5.01704e-05
5.01703e-05
5.01701e-05
5.01699e-05
5.01698e-05
5.01696e-05
5.01694e-05
5.01692e-05
5.01691e-05
5.01689e-05
5.01687e-05
5.01686e-05
5.01684e-05
5.01682e-05
5.01681e-05
5.01679e-05
5.01677e-05
5.01676e-05
5.01674e-05
5.01672e-05
5.01671e-05
5.01669e-05
5.01667e-05
5.01666e-05
5.01664e-05
5.01662e-05
5.0166e-05
5.01659e-05
5.01657e-05
5.01655e-05
5.01654e-05
5.01652e-05
5.01651e-05
5.01649e-05
5.01647e-05
5.01646e-05
5.01644e-05
5.01642e-05
5.01641e-05
5.01639e-05
5.01637e-05
5.01636e-05
5.01634e-05
5.01632e-05
5.01631e-05
5.01629e-05
5.01627e-05
5.01626e-05
5.01624e-05
5.01623e-05
5.01621e-05
5.01619e-05
5.01618e-05
5.01616e-05
5.01614e-05
5.01613e-05
5.01611e-05
5.0161e-05
5.01608e-05
5.01606e-05
5.01605e-05
5.01603e-05
5.01602e-05
5.016e-05
5.01598e-05
5.01597e-05
5.01595e-05
5.01594e-05
5.01592e-05
5.0159e-05
5.01589e-05
5.01587e-05
5.01586e-05
5.01584e-05
5.01582e-05
5.01581e-05
5.01579e-05
5.01578e-05
5.01576e-05
5.01574e-05
5.01573e-05
5.01571e-05
5.0157e-05
5.01568e-05
5.01567e-05
5.01565e-05
5.01563e-05
5.01562e-05
5.0156e-05
5.01559e-05
5.01557e-05
5.01556e-05
5.01554e-05
5.01552e-05
5.01551e-05
5.01549e-05
5.01548e-05
5.01546e-05
5.01545e-05
5.01543e-05
5.01542e-05
5.0154e-05
5.01538e-05
5.01537e-05
5.01535e-05
5.01534e-05
5.01532e-05
5.01531e-05
5.01529e-05
5.01528e-05
5.01526e-05
5.01525e-05
5.01523e-05
5.01522e-05
5.0152e-05
5.01519e-05
5.01517e-05
5.01515e-05
5.01514e-05
5.01512e-05
5.01511e-05
5.01509e-05
5.01508e-05
5.01506e-05
5.01505e-05
5.01503e-05
5.01502e-05
5.015e-05
5.01499e-05
5.01497e-05
5.01496e-05
5.01494e-05
5.01493e-05
5.01491e-05
5.0149e-05
5.01488e-05
5.01487e-05
5.01485e-05
5.01484e-05
5.01482e-05
5.01481e-05
5.01479e-05
5.01478e-05
5.01476e-05
5.01475e-05
5.01474e-05
5.01472e-05
5.01471e-05
5.01469e-05
5.01468e-05
5.01466e-05
5.01465e-05
5.01463e-05
5.01462e-05
5.0146e-05
5.01459e-05
5.01457e-05
5.01456e-05
5.01454e-05
5.01453e-05
5.01451e-05
5.0145e-05
5.01449e-05
5.01447e-05
5.01446e-05
5.01444e-05
5.01443e-05
5.01441e-05
5.0144e-05
5.01438e-05
5.01437e-05
5.01436e-05
5.01434e-05
5.01433e-05
5.01431e-05
5.0143e-05
5.01428e-05
5.01427e-05
5.01426e-05
5.01424e-05
5.01423e-05
5.01421e-05
5.0142e-05
5.01418e-05
5.01417e-05
5.01416e-05
5.01414e-05
5.01413e-05
5.01411e-05
5.0141e-05
5.01408e-05
5.01407e-05
5.01406e-05
5.01404e-05
5.01403e-05
5.01401e-05
5.014e-05
5.01399e-05
5.01397e-05
5.01396e-05
5.01394e-05
5.01393e-05
5.01392e-05
5.0139e-05
5.01389e-05
5.01387e-05
5.01386e-05
5.01385e-05
5.01383e-05
5.01382e-05
5.01381e-05
5.01379e-05
5.01378e-05
5.01376e-05
5.01375e-05
5.01374e-05
5.01372e-05
5.01371e-05
5.01369e-05
5.01368e-05
5.01367e-05
5.01365e-05
5.01364e-05
5.01363e-05
5.01361e-05
5.0136e-05
5.01359e-05
5.01357e-05
5.01356e-05
5.01354e-05
5.01353e-05
5.01352e-05
5.0135e-05
5.01349e-05
5.01348e-05
5.01346e-05
5.01345e-05
5.01344e-05
5.01342e-05
5.01341e-05
5.0134e-05
5.01338e-05
5.01337e-05
5.01336e-05
5.01334e-05
5.01333e-05
5.01332e-05
5.0133e-05
5.01329e-05
5.01328e-05
5.01326e-05
5.01325e-05
5.01324e-05
5.01322e-05
5.01321e-05
5.0132e-05
5.01318e-05
5.01317e-05
5.01316e-05
5.01314e-05
5.01313e-05
5.01312e-05
5.0131e-05
5.01309e-05
5.01308e-05
5.01306e-05
5.01305e-05
5.01304e-05
5.01303e-05
5.01301e-05
5.013e-05
5.01299e-05
5.01297e-05
5.01296e-05
5.01295e-05
5.01293e-05
5.01292e-05
5.01291e-05
5.0129e-05
5.01288e-05
5.01287e-05
5.01286e-05
5.01284e-05
5.01283e-05
5.01282e-05
5.01281e-05
5.01279e-05
5.01278e-05
5.01277e-05
5.01275e-05
5.01274e-05
5.01273e-05
5.01272e-05
5.0127e-05
5.01269e-05
5.01268e-05
5.01266e-05
5.01265e-05
5.01264e-05
5.01263e-05
5.01261e-05
5.0126e-05
5.01259e-05
5.01258e-05
5.01256e-05
5.01255e-05
5.01254e-05
5.01253e-05
5.01251e-05
5.0125e-05
5.01249e-05
5.01248e-05
5.01246e-05
5.01245e-05
5.01244e-05
5.01243e-05
5.01241e-05
5.0124e-05
5.01239e-05
5.01238e-05
5.01236e-05
5.01235e-05
5.01234e-05
5.01233e-05
5.01231e-05
5.0123e-05
5.01229e-05
5.01228e-05
5.01227e-05
5.01225e-05
5.01224e-05
5.01223e-05
5.01222e-05
5.0122e-05
5.01219e-05
5.01218e-05
5.01217e-05
5.01216e-05
5.01214e-05
5.01213e-05
5.01212e-05
5.01211e-05
5.01209e-05
5.01208e-05
5.01207e-05
5.01206e-05
5.01205e-05
5.01203e-05
5.01202e-05
5.01201e-05
5.012e-05
5.01199e-05
5.01197e-05
5.01196e-05
5.01195e-05
5.01194e-05
5.01193e-05
5.01191e-05
5.0119e-05
5.01189e-05
5.01188e-05
5.01187e-05
5.01185e-05
5.01184e-05
5.01183e-05
5.01182e-05
5.01181e-05
5.0118e-05
5.01178e-05
5.01177e-05
5.01176e-05
5.01175e-05
5.01174e-05
5.01172e-05
5.01171e-05
5.0117e-05
5.01169e-05
5.01168e-05
5.01167e-05
5.01165e-05
5.01164e-05
5.01163e-05
5.01162e-05
5.01161e-05
5.0116e-05
5.01158e-05
5.01157e-05
5.01156e-05
5.01155e-05
5.01154e-05
5.01153e-05
5.01152e-05
5.0115e-05
5.01149e-05
5.01148e-05
5.01147e-05
5.01146e-05
5.01145e-05
5.01143e-05
5.01142e-05
5.01141e-05
5.0114e-05
5.01139e-05
5.01138e-05
5.01137e-05
5.01136e-05
5.01134e-05
5.01133e-05
5.01132e-05
5.01131e-05
5.0113e-05
5.01129e-05
5.01128e-05
5.01126e-05
5.01125e-05
5.01124e-05
5.01123e-05
5.01122e-05
5.01121e-05
5.0112e-05
5.01119e-05
5.01117e-05
5.01116e-05
5.01115e-05
5.01114e-05
5.01113e-05
5.01112e-05
5.01111e-05
5.0111e-05
5.01109e-05
5.01107e-05
5.01106e-05
5.01105e-05
5.01104e-05
5.01103e-05
5.01102e-05
5.01101e-05
5.011e-05
5.01099e-05
5.01098e-05
5.01096e-05
5.01095e-05
5.01094e-05
5.01093e-05
5.01092e-05
5.01091e-05
5.0109e-05
5.01089e-05
5.01088e-05
5.01087e-05
5.01086e-05
5.01084e-05
5.01083e-05
5.01082e-05
5.01081e-05
5.0108e-05
5.01079e-05
5.01078e-05
5.01077e-05
5.01076e-05
5.01075e-05
5.01074e-05
5.01073e-05
5.01071e-05
5.0107e-05
5.01069e-05
5.01068e-05
5.01067e-05
5.01066e-05
5.01065e-05
5.01064e-05
5.01063e-05
5.01062e-05
5.01061e-05
5.0106e-05
5.01059e-05
5.01058e-05
5.01057e-05
5.01056e-05
5.01054e-05
5.01053e-05
5.01052e-05
5.01051e-05
5.0105e-05
5.01049e-05
5.01048e-05
5.01047e-05
5.01046e-05
5.01045e-05
5.01044e-05
5.01043e-05
5.01042e-05
5.01041e-05
5.0104e-05
5.01039e-05
5.01038e-05
5.01037e-05
5.01036e-05
5.01035e-05
5.01034e-05
5.01033e-05
5.01032e-05
5.0103e-05
5.01029e-05
5.01028e-05
5.01027e-05
5.01026e-05
5.01025e-05
5.01024e-05
5.01023e-05
5.01022e-05
5.01021e-05
5.0102e-05
5.01019e-05
5.01018e-05
5.01017e-05
5.01016e-05
5.01015e-05
5.01014e-05
5.01013e-05
5.01012e-05
5.01011e-05
5.0101e-05
5.01009e-05
5.01008e-05
5.01007e-05
5.01006e-05
5.01005e-05
5.01004e-05
5.01003e-05
5.01002e-05
5.01001e-05
5.01e-05
5.00999e-05
5.00998e-05
5.00997e-05
5.00996e-05
5.00995e-05
5.00994e-05
5.00993e-05
5.00992e-05
5.00991e-05
5.0099e-05
5.00989e-05
5.00988e-05
5.00987e-05
5.00986e-05
5.00985e-05
5.00984e-05
5.00983e-05
5.00982e-05
5.00981e-05
5.0098e-05
5.00979e-05
5.00978e-05
5.00977e-05
5.00976e-05
5.00975e-05
5.00974e-05
5.00973e-05
5.00972e-05
5.00971e-05
5.0097e-05
5.00969e-05
5.00969e-05
5.00968e-05
5.00967e-05
5.00966e-05
5.00965e-05
5.00964e-05
5.00963e-05
5.00962e-05
5.00961e-05
5.0096e-05
5.00959e-05
5.00958e-05
5.00957e-05
5.00956e-05
5.00955e-05
5.00954e-05
5.00953e-05
5.00952e-05
5.00951e-05
5.0095e-05
5.00949e-05
5.00948e-05
5.00947e-05
5.00947e-05
5.00946e-05
5.00945e-05
5.00944e-05
5.00943e-05
5.00942e-05
5.00941e-05
5.0094e-05
5.00939e-05

