5e-05
5e-05
5e-05
5e-05
5e-05
5e-05
5e-05
5e-05
5e-05
5e-05
5e-05
5e-05
5e-05
5e-05
5e-05
5e-05
5e-05
5e-05
5e-05
5e-05
5e-05
5e-05
5e-05
5e-05
5e-05
5e-05
5e-05
5e-05
5e-05
5e-05
5e-05
5e-05
5e-05
5e-05
5e-05
5e-05
5e-05
5e-05
5e-05
5e-05
5e-05
5e-05
5e-05
5e-05
5e-05
5e-05
5e-05
5e-05
5e-05
5e-05
5e-05
5e-05
5e-05
5e-05
5e-05
5e-05
5e-05
5e-05
5e-05
5e-05
5e-05
5e-05
5e-05
5e-05
5e-05
5e-05
5e-05
5e-05
5e-05
5e-05
5e-05
5e-05
5e-05
5e-05
5e-05
5e-05
5e-05
5e-05
5e-05
5e-05
5e-05
5e-05
5e-05
5e-05
5e-05
5e-05
5e-05
5e-05
5e-05
5e-05
5e-05
5e-05
5e-05
5e-05
5e-05
5e-05
5e-05
5e-05
5e-05
5e-05
5e-05
5e-05
5e-05
5e-05
5e-05
5e-05
5e-05
5e-05
5e-05
5e-05
5e-05
5e-05
5e-05
5e-05
5e-05
5e-05
5e-05
5e-05
5e-05
5e-05
5e-05
5e-05
5e-05
5e-05
5e-05
5e-05
5e-05
5e-05
5e-05
5e-05
5e-05
5e-05
5e-05
5e-05
5e-05
5e-05
5e-05
5e-05
5e-05
5e-05
5e-05
5e-05
5e-05
5e-05
5e-05
5e-05
5e-05
5e-05
5e-05
5e-05
5e-05
5e-05
5e-05
5e-05
5e-05
5e-05
5e-05
5e-05
5e-05
5e-05
5e-05
5e-05
5e-05
5e-05
5e-05
5e-05
5e-05
5e-05
5e-05
5e-05
5e-05
5e-05
5e-05
5e-05
5e-05
5e-05
5e-05
5e-05
5e-05
5e-05
5e-05
5e-05
5e-05
5e-05
5e-05
5e-05
5e-05
5e-05
5e-05
5e-05
5e-05
5e-05
5e-05
5e-05
5e-05
5e-05
5e-05
5e-05
5e-05
5e-05
5e-05
5e-05
5e-05
5e-05
5e-05
5e-05
5e-05
5e-05
5e-05
5e-05
5e-05
5e-05
5e-05
5e-05
5e-05
5e-05
5e-05
5e-05
5e-05
5e-05
5e-05
5e-05
5e-05
5e-05
5e-05
5e-05
5e-05
5e-05
5e-05
5e-05
5e-05
5e-05
5e-05
5e-05
5e-05
5e-05
5e-05
5e-05
5e-05
5e-05
5e-05
5e-05
5e-05
5e-05
5e-05
5e-05
5e-05
5e-05
5e-05
5e-05
5e-05
5e-05
5e-05
5e-05
5e-05
5e-05
5e-05
5e-05
5e-05
5e-05
5e-05
5e-05
5e-05
5e-05
5e-05
5e-05
5e-05
5e-05
5e-05
5e-05
5e-05
5e-05
5e-05
5e-05
5e-05
5e-05
5e-05
5e-05
5e-05
5e-05
5e-05
5e-05
5e-05
5e-05
5e-05
5e-05
5e-05
5e-05
5e-05
5e-05
5e-05
5e-05
5e-05
5e-05
5e-05
5e-05
5e-05
5e-05
5e-05
5e-05
5e-05
5e-05
5e-05
5e-05
5e-05
5e-05
5e-05
5e-05
5e-05
5e-05
5e-05
5e-05
5e-05
5e-05
5e-05
5e-05
5e-05
5e-05
5e-05
5e-05
5e-05
5e-05
5e-05
5e-05
5e-05
5e-05
5e-05
5e-05
5e-05
5e-05
5e-05
5e-05
5e-05
5e-05
5e-05
5e-05
5e-05
5e-05
5e-05
5e-05
5e-05
5e-05
5e-05
5e-05
5e-05
5e-05
5e-05
5e-05
5e-05
5e-05
5e-05
5e-05
5e-05
5e-05
5e-05
5e-05
5e-05
5e-05
5e-05
5e-05
5e-05
5e-05
5e-05
5e-05
5e-05
5e-05
5e-05
5e-05
5e-05
5e-05
5e-05
5e-05
5e-05
5e-05
5e-05
5e-05
5e-05
5e-05
5e-05
5e-05
5e-05
5e-05
5e-05
5e-05
5e-05
5e-05
5e-05
5e-05
5e-05
5e-05
5e-05
5e-05
5e-05
5e-05
5e-05
5e-05
5e-05
5e-05
5e-05
5e-05
5e-05
5e-05
5e-05
5e-05
5e-05
5e-05
5e-05
5e-05
5e-05
5e-05
5e-05
5e-05
5e-05
5e-05
5e-05
5e-05
5e-05
5e-05
5e-05
5e-05
5e-05
5e-05
5e-05
5e-05
5e-05
5e-05
5e-05
5e-05
5e-05
5e-05
5e-05
5e-05
5e-05
5e-05
5e-05
5e-05
5e-05
5e-05
5e-05
5e-05
5e-05
5e-05
5e-05
5e-05
5e-05
5e-05
5e-05
5e-05
5e-05
5e-05
5e-05
5e-05
5e-05
5e-05
5e-05
5e-05
5e-05
5e-05
5e-05
5e-05
5e-05
5e-05
5e-05
5e-05
5e-05
5e-05
5e-05
5e-05
5e-05
5e-05
5e-05
5e-05
5e-05
5e-05
5e-05
5e-05
5e-05
5e-05
5e-05
5e-05
5e-05
5e-05
5e-05
5e-05
5e-05
5e-05
5e-05
5e-05
5e-05
5e-05
5e-05
5e-05
5e-05
5e-05
5e-05
5e-05
5e-05
5e-05
5e-05
5e-05
5e-05
5e-05
5e-05
5e-05
5e-05
5e-05
5e-05
5e-05
5e-05
5e-05
5e-05
5e-05
5e-05
5e-05
5e-05
5e-05
5e-05
5e-05
5e-05
5e-05
5e-05
5e-05
5e-05
5e-05
5e-05
5e-05
5e-05
5e-05
5e-05
5e-05
5e-05
5e-05
5e-05
5e-05
5e-05
5e-05
5e-05
5e-05
5e-05
5e-05
5e-05
5e-05
5e-05
5e-05
5e-05
5e-05
5e-05
5e-05
5e-05
5e-05
5e-05
5e-05
5e-05
5e-05
5e-05
5e-05
5e-05
5e-05
5e-05
5e-05
5e-05
5e-05
5e-05
5e-05
5e-05
5e-05
5e-05
5e-05
5e-05
5e-05
5e-05
5e-05
5e-05
5e-05
5e-05
5e-05
5e-05
5e-05
5e-05
5e-05
5e-05
5e-05
5e-05
5e-05
5e-05
5e-05
5e-05
5e-05
5e-05
5e-05
5e-05
5e-05
5e-05
5e-05
5e-05
5e-05
5e-05
5e-05
5e-05
5e-05
5e-05
5e-05
5e-05
5e-05
5e-05
5e-05
5e-05
5e-05
5e-05
5e-05
5e-05
5e-05
5e-05
5e-05
5e-05
5e-05
5e-05
5e-05
5e-05
5e-05
5e-05
5e-05
5e-05
5e-05
5e-05
5e-05
5e-05
5e-05
5e-05
5e-05
5e-05
5e-05
5e-05
5e-05
5e-05
5e-05
5e-05
5e-05
5e-05
5e-05
5e-05
5e-05
5e-05
5e-05
5e-05
5e-05
5e-05
5e-05
5e-05
5e-05
5e-05
5e-05
5e-05
5e-05
5e-05
5e-05
5e-05
5e-05
5e-05
5e-05
5e-05
5e-05
5e-05
5e-05
5e-05
5e-05
5e-05
5e-05
5e-05
5e-05
5e-05
5e-05
5e-05
5e-05
5e-05
5e-05
5e-05
5e-05
5e-05
5e-05
5e-05
5e-05
5e-05
5e-05
5e-05
5e-05
5e-05
5e-05
5e-05
5e-05
5e-05
5e-05
5e-05
5e-05
5e-05
5e-05
5e-05
5e-05
5e-05
5e-05
5e-05
5e-05
5e-05
5e-05
5e-05
5e-05
5e-05
5e-05
5e-05
5e-05
5e-05
5e-05
5e-05
5e-05
5e-05
5e-05
5e-05
5e-05
5e-05
5e-05
5e-05
5e-05
5e-05
5e-05
5e-05
5e-05
5e-05
5e-05
5e-05
5e-05
5e-05
5e-05
5e-05
5e-05
5e-05
5e-05
5e-05
5e-05
5e-05
5e-05
5e-05
5e-05
5e-05
5e-05
5e-05
5e-05
5e-05
5e-05
5e-05
5e-05
5e-05
5e-05
5e-05
5e-05
5e-05
5e-05
5e-05
5e-05
5e-05
5e-05
5e-05
5e-05
5e-05
5e-05
5e-05
5e-05
5e-05
5e-05
5e-05
5e-05
5e-05
5e-05
5e-05
5e-05
5e-05
5e-05
5e-05
5e-05
5e-05
5e-05
5e-05
5e-05
5e-05
5e-05
5e-05
5e-05
5e-05
5e-05
5e-05
5e-05
5e-05
5e-05
5e-05
5e-05
5e-05
5e-05
5e-05
5e-05
5e-05
5e-05
5e-05
5e-05
5e-05
5e-05
5e-05
5e-05
5e-05
5e-05
5e-05
5e-05
5e-05
5e-05
5e-05
5.00001e-05
5.00001e-05
5.00001e-05
5.00002e-05
5.00002e-05
5.00003e-05
5.00004e-05
5.00005e-05
5.00006e-05
5.00007e-05
5.00009e-05
5.0001e-05
5.00013e-05
5.00015e-05
5.00018e-05
5.00021e-05
5.00024e-05
5.00028e-05
5.00033e-05
5.00038e-05
5.00044e-05
5.0005e-05
5.00057e-05
5.00064e-05
5.00072e-05
5.00082e-05
5.00092e-05
5.00102e-05
5.00114e-05
5.00127e-05
5.00141e-05
5.00156e-05
5.00172e-05
5.0019e-05
5.00209e-05
5.00229e-05
5.0025e-05
5.00274e-05
5.00298e-05
5.00325e-05
5.00353e-05
5.00383e-05
5.00415e-05
5.00448e-05
5.00484e-05
5.00522e-05
5.00562e-05
5.00605e-05
5.00649e-05
5.00696e-05
5.00746e-05
5.00798e-05
5.00853e-05
5.00911e-05
5.00972e-05
5.01035e-05
5.01102e-05
5.01172e-05
5.01245e-05
5.01321e-05
5.014e-05
5.01484e-05
5.0157e-05
5.01661e-05
5.01755e-05
5.01853e-05
5.01955e-05
5.02061e-05
5.02172e-05
5.02286e-05
5.02405e-05
5.02529e-05
5.02657e-05
5.02789e-05
5.02926e-05
5.03069e-05
5.03216e-05
5.03368e-05
5.03525e-05
5.03688e-05
5.03855e-05
5.04029e-05
5.04207e-05
5.04392e-05
5.04581e-05
5.04777e-05
5.04978e-05
5.05186e-05
5.05399e-05
5.05618e-05
5.05844e-05
5.06076e-05
5.06314e-05
5.06558e-05
5.06809e-05
5.07066e-05
5.0733e-05
5.076e-05
5.07877e-05
5.08161e-05
5.08451e-05
5.08749e-05
5.09053e-05
5.09364e-05
5.09683e-05
5.10008e-05
5.1034e-05
5.1068e-05
5.11027e-05
5.1138e-05
5.11742e-05
5.1211e-05
5.12486e-05
5.12869e-05
5.13259e-05
5.13657e-05
5.14062e-05
5.14475e-05
5.14895e-05
5.15323e-05
5.15758e-05
5.162e-05
5.16651e-05
5.17108e-05
5.17574e-05
5.18046e-05
5.18527e-05
5.19015e-05
5.1951e-05
5.20013e-05
5.20524e-05
5.21042e-05
5.21568e-05
5.22101e-05
5.22642e-05
5.2319e-05
5.23746e-05
5.2431e-05
5.2488e-05
5.25459e-05
5.26045e-05
5.26638e-05
5.27238e-05
5.27847e-05
5.28462e-05
5.29085e-05
5.29715e-05
5.30352e-05
5.30997e-05
5.31649e-05
5.32308e-05
5.32974e-05
5.33648e-05
5.34328e-05
5.35016e-05
5.3571e-05
5.36412e-05
5.3712e-05
5.37836e-05
5.38558e-05
5.39287e-05
5.40023e-05
5.40766e-05
5.41515e-05
5.42271e-05
5.43034e-05
5.43803e-05
5.44579e-05
5.45361e-05
5.4615e-05
5.46945e-05
5.47746e-05
5.48554e-05
5.49368e-05
5.50187e-05
5.51014e-05
5.51846e-05
5.52684e-05
5.53528e-05
5.54378e-05
5.55233e-05
5.56095e-05
5.56962e-05
5.57835e-05
5.58713e-05
5.59597e-05
5.60486e-05
5.61381e-05
5.62282e-05
5.63187e-05
5.64098e-05
5.65014e-05
5.65935e-05
5.66861e-05
5.67792e-05
5.68728e-05
5.69669e-05
5.70614e-05
5.71565e-05
5.7252e-05
5.73479e-05
5.74444e-05
5.75412e-05
5.76385e-05
5.77363e-05
5.78345e-05
5.79331e-05
5.80321e-05
5.81315e-05
5.82314e-05
5.83316e-05
5.84322e-05
5.85332e-05
5.86346e-05
5.87364e-05
5.88385e-05
5.8941e-05
5.90438e-05
5.9147e-05
5.92505e-05
5.93544e-05
5.94585e-05
5.95631e-05
5.96679e-05
5.9773e-05
5.98784e-05
5.99842e-05
6.00902e-05
6.01965e-05
6.03031e-05
6.04099e-05
6.0517e-05
6.06244e-05
6.0732e-05
6.08399e-05
6.0948e-05
6.10564e-05
6.11649e-05
6.12737e-05
6.13828e-05
6.1492e-05
6.16014e-05
6.1711e-05
6.18209e-05
6.19309e-05
6.20411e-05
6.21514e-05
6.22619e-05
6.23726e-05
6.24835e-05
6.25945e-05
6.27056e-05
6.28169e-05
6.29284e-05
6.30399e-05
6.31516e-05
6.32634e-05
6.33753e-05
6.34873e-05
6.35994e-05
6.37117e-05
6.3824e-05
6.39364e-05
6.40488e-05
6.41614e-05
6.4274e-05
6.43867e-05
6.44994e-05
6.46122e-05
6.47251e-05
6.4838e-05
6.49509e-05
6.50639e-05
6.51769e-05
6.52899e-05
6.54029e-05
6.5516e-05
6.56291e-05
6.57421e-05
6.58552e-05
6.59683e-05
6.60814e-05
6.61944e-05
6.63074e-05
6.64205e-05
6.65334e-05
6.66464e-05
6.67593e-05
6.68722e-05
6.6985e-05
6.70978e-05
6.72106e-05
6.73232e-05
6.74358e-05
6.75484e-05
6.76609e-05
6.77733e-05
6.78856e-05
6.79979e-05
6.81101e-05
6.82221e-05
6.83341e-05
6.8446e-05
6.85578e-05
6.86695e-05
6.87811e-05
6.88926e-05
6.90039e-05
6.91151e-05
6.92263e-05
6.93373e-05
6.94481e-05
6.95588e-05
6.96694e-05
6.97799e-05
6.98902e-05
7.00004e-05
7.01104e-05
7.02202e-05
7.03299e-05
7.04395e-05
7.05489e-05
7.06581e-05
7.07672e-05
7.0876e-05
7.09848e-05
7.10933e-05
7.12016e-05
7.13098e-05
7.14178e-05
7.15256e-05
7.16332e-05
7.17406e-05
7.18478e-05
7.19549e-05
7.20617e-05
7.21683e-05
7.22747e-05
7.23809e-05
7.24869e-05
7.25927e-05
7.26982e-05
7.28035e-05
7.29087e-05
7.30136e-05
7.31182e-05
7.32227e-05
7.33269e-05
7.34308e-05
7.35346e-05
7.36381e-05
7.37414e-05
7.38444e-05
7.39472e-05
7.40497e-05
7.4152e-05
7.4254e-05
7.43558e-05
7.44574e-05
7.45586e-05
7.46597e-05
7.47604e-05
7.48609e-05
7.49612e-05
7.50612e-05
7.51609e-05
7.52603e-05
7.53595e-05
7.54584e-05
7.55571e-05
7.56554e-05
7.57535e-05
7.58513e-05
7.59489e-05
7.60461e-05
7.61431e-05
7.62398e-05
7.63362e-05
7.64324e-05
7.65282e-05
7.66238e-05
7.6719e-05
7.6814e-05
7.69087e-05
7.70031e-05
7.70972e-05
7.7191e-05
7.72845e-05
7.73777e-05
7.74706e-05
7.75633e-05
7.76556e-05
7.77476e-05
7.78393e-05
7.79307e-05
7.80218e-05
7.81126e-05
7.82031e-05
7.82933e-05
7.83832e-05
7.84728e-05
7.85621e-05
7.8651e-05
7.87397e-05
7.8828e-05
7.8916e-05
7.90037e-05
7.90911e-05
7.91782e-05
7.9265e-05
7.93514e-05
7.94376e-05
7.95234e-05
7.96089e-05
7.96941e-05
7.97789e-05
7.98635e-05
7.99477e-05
8.00316e-05
8.01152e-05
8.01985e-05
8.02814e-05
8.03641e-05
8.04464e-05
8.05284e-05
8.061e-05
8.06914e-05
8.07724e-05
8.08531e-05
8.09334e-05
8.10135e-05
8.10932e-05
8.11726e-05
8.12516e-05
8.13304e-05
8.14088e-05
8.14869e-05
8.15647e-05
8.16421e-05
8.17192e-05
8.1796e-05
8.18724e-05
8.19486e-05
8.20244e-05
8.20999e-05
8.2175e-05
8.22498e-05
8.23243e-05
8.23985e-05
8.24724e-05
8.25459e-05
8.26191e-05
8.26919e-05
8.27645e-05
8.28367e-05
8.29086e-05
8.29801e-05
8.30513e-05
8.31223e-05
8.31928e-05
8.32631e-05
8.3333e-05
8.34026e-05
8.34719e-05
8.35408e-05
8.36094e-05
8.36777e-05
8.37457e-05
8.38133e-05
8.38807e-05
8.39477e-05
8.40143e-05
8.40807e-05
8.41467e-05
8.42124e-05
8.42778e-05
8.43428e-05
8.44075e-05
8.4472e-05
8.4536e-05
8.45998e-05
8.46632e-05
8.47264e-05
8.47891e-05
8.48516e-05
8.49138e-05
8.49756e-05
8.50371e-05
8.50983e-05
8.51592e-05
8.52198e-05
8.528e-05
8.53399e-05
8.53995e-05
8.54588e-05
8.55178e-05
8.55764e-05
8.56348e-05
8.56928e-05
8.57505e-05
8.58079e-05
8.5865e-05
8.59218e-05
8.59782e-05
8.60344e-05
8.60902e-05
8.61457e-05
8.62009e-05
8.62558e-05
8.63104e-05
8.63647e-05
8.64187e-05
8.64723e-05
8.65257e-05
8.65787e-05
8.66315e-05
8.66839e-05
8.6736e-05
8.67878e-05
8.68394e-05
8.68906e-05
8.69415e-05
8.69921e-05
8.70424e-05
8.70924e-05
8.71421e-05
8.71915e-05
8.72406e-05
8.72894e-05
8.73379e-05
8.73861e-05
8.7434e-05
8.74817e-05
8.7529e-05
8.7576e-05
8.76227e-05
8.76691e-05
8.77153e-05
8.77611e-05
8.78067e-05
8.78519e-05
8.78969e-05
8.79416e-05
8.7986e-05
8.80301e-05
8.80739e-05
8.81174e-05
8.81606e-05
8.82036e-05
8.82463e-05
8.82886e-05
8.83307e-05
8.83725e-05
8.84141e-05
8.84553e-05
8.84963e-05
8.8537e-05
8.85774e-05
8.86175e-05
8.86573e-05
8.86969e-05
8.87362e-05
8.87752e-05
8.88139e-05
8.88524e-05
8.88906e-05
8.89285e-05
8.89661e-05
8.90035e-05
8.90406e-05
8.90774e-05
8.91139e-05
8.91502e-05
8.91862e-05
8.9222e-05
8.92574e-05
8.92927e-05
8.93276e-05
8.93623e-05
8.93967e-05
8.94308e-05
8.94647e-05
8.94983e-05
8.95317e-05
8.95648e-05
8.95977e-05
8.96302e-05
8.96626e-05
8.96946e-05
8.97264e-05
8.9758e-05
8.97893e-05
8.98203e-05
8.98511e-05
8.98816e-05
8.99119e-05
8.99419e-05
8.99717e-05
9.00012e-05
9.00305e-05
9.00595e-05
9.00883e-05
9.01169e-05
9.01451e-05
9.01732e-05
9.0201e-05
9.02285e-05
9.02558e-05
9.02829e-05
9.03097e-05
9.03363e-05
9.03626e-05
9.03887e-05
9.04146e-05
9.04402e-05
9.04656e-05
9.04907e-05
9.05156e-05
9.05403e-05
9.05647e-05
9.05889e-05
9.06129e-05
9.06366e-05
9.06601e-05
9.06834e-05
9.07064e-05
9.07293e-05
9.07518e-05
9.07742e-05
9.07963e-05
9.08182e-05
9.08399e-05
9.08614e-05
9.08826e-05
9.09036e-05
9.09244e-05
9.09449e-05
9.09653e-05
9.09854e-05
9.10053e-05
9.10249e-05
9.10444e-05
9.10636e-05
9.10827e-05
9.11015e-05
9.11201e-05
9.11384e-05
9.11566e-05
9.11746e-05
9.11923e-05
9.12098e-05
9.12271e-05
9.12442e-05
9.12611e-05
9.12778e-05
9.12943e-05
9.13106e-05
9.13266e-05
9.13425e-05
9.13581e-05
9.13736e-05
9.13888e-05
9.14039e-05
9.14187e-05
9.14333e-05
9.14478e-05
9.1462e-05
9.1476e-05
9.14899e-05
9.15035e-05
9.1517e-05
9.15302e-05
9.15432e-05
9.15561e-05
9.15688e-05
9.15812e-05
9.15935e-05
9.16056e-05
9.16175e-05
9.16292e-05
9.16407e-05
9.1652e-05
9.16631e-05
9.1674e-05
9.16848e-05
9.16954e-05
9.17057e-05
9.17159e-05
9.17259e-05
9.17358e-05
9.17454e-05
9.17549e-05
9.17641e-05
9.17732e-05
9.17822e-05
9.17909e-05
9.17994e-05
9.18078e-05
9.1816e-05
9.1824e-05
9.18319e-05
9.18396e-05
9.1847e-05
9.18544e-05
9.18615e-05
9.18685e-05
9.18753e-05
9.18819e-05
9.18884e-05
9.18947e-05
9.19008e-05
9.19067e-05
9.19125e-05
9.19181e-05
9.19236e-05
9.19288e-05
9.19339e-05
9.19389e-05
9.19437e-05
9.19483e-05
9.19527e-05
9.1957e-05
9.19612e-05
9.19651e-05
9.19689e-05
9.19726e-05
9.19761e-05
9.19794e-05
9.19826e-05
9.19856e-05
9.19884e-05
9.19911e-05
9.19937e-05
9.19961e-05
9.19983e-05
9.20004e-05
9.20023e-05
9.20041e-05
9.20057e-05
9.20072e-05
9.20085e-05
9.20097e-05
9.20107e-05
9.20116e-05
9.20123e-05
9.20129e-05
9.20133e-05
9.20136e-05
9.20137e-05
9.20137e-05
9.20136e-05
9.20133e-05
9.20128e-05
9.20123e-05
9.20115e-05
9.20107e-05
9.20097e-05
9.20085e-05
9.20072e-05
9.20058e-05
9.20042e-05
9.20025e-05
9.20007e-05
9.19987e-05
9.19966e-05
9.19943e-05
9.1992e-05
9.19894e-05
9.19868e-05
9.1984e-05
9.19811e-05
9.1978e-05
9.19748e-05
9.19715e-05
9.19681e-05
9.19645e-05
9.19608e-05
9.1957e-05
9.1953e-05
9.19489e-05
9.19447e-05
9.19403e-05
9.19359e-05
9.19313e-05
9.19265e-05
9.19217e-05
9.19167e-05
9.19116e-05
9.19064e-05
9.19011e-05
9.18956e-05
9.189e-05
9.18843e-05
9.18785e-05
9.18725e-05
9.18665e-05
9.18603e-05
9.1854e-05
9.18476e-05
9.1841e-05
9.18344e-05
9.18276e-05
9.18207e-05
9.18137e-05
9.18066e-05
9.17994e-05
9.1792e-05
9.17846e-05
9.1777e-05
9.17693e-05
9.17616e-05
9.17537e-05
9.17456e-05
9.17375e-05
9.17293e-05
9.17209e-05
9.17125e-05
9.17039e-05
9.16953e-05
9.16865e-05
9.16776e-05
9.16686e-05
9.16595e-05
9.16503e-05
9.1641e-05
9.16316e-05
9.16221e-05
9.16125e-05
9.16028e-05
9.1593e-05
9.15831e-05
9.15731e-05
9.15629e-05
9.15527e-05
9.15424e-05
9.1532e-05
9.15215e-05
9.15108e-05
9.15001e-05
9.14893e-05
9.14784e-05
9.14674e-05
9.14563e-05
9.14451e-05
9.14338e-05
9.14224e-05
9.14109e-05
9.13993e-05
9.13877e-05
9.13759e-05
9.13641e-05
9.13521e-05
9.13401e-05
9.13279e-05
9.13157e-05
9.13034e-05
9.1291e-05
9.12785e-05
9.12659e-05
9.12533e-05
9.12405e-05
9.12276e-05
9.12147e-05
9.12017e-05
9.11886e-05
9.11754e-05
9.11621e-05
9.11487e-05
9.11353e-05
9.11218e-05
9.11081e-05
9.10944e-05
9.10807e-05
9.10668e-05
9.10528e-05
9.10388e-05
9.10247e-05
9.10105e-05
9.09962e-05
9.09819e-05
9.09674e-05
9.09529e-05
9.09383e-05
9.09237e-05
9.09089e-05
9.08941e-05
9.08792e-05
9.08642e-05
9.08491e-05
9.0834e-05
9.08188e-05
9.08035e-05
9.07881e-05
9.07727e-05
9.07572e-05
9.07416e-05
9.07259e-05
9.07102e-05
9.06944e-05
9.06785e-05
9.06625e-05
9.06465e-05
9.06304e-05
9.06143e-05
9.0598e-05
9.05817e-05
9.05653e-05
9.05489e-05
9.05324e-05
9.05158e-05
9.04991e-05
9.04824e-05
9.04656e-05
9.04488e-05
9.04318e-05
9.04148e-05
9.03978e-05
9.03806e-05
9.03635e-05
9.03462e-05
9.03289e-05
9.03115e-05
9.0294e-05
9.02765e-05
9.0259e-05
9.02413e-05
9.02236e-05
9.02058e-05
9.0188e-05
9.01701e-05
9.01522e-05
9.01342e-05
9.01161e-05
9.00979e-05
9.00797e-05
9.00615e-05
9.00432e-05
9.00248e-05
9.00064e-05
8.99879e-05
8.99693e-05
8.99507e-05
8.99321e-05
8.99133e-05
8.98945e-05
8.98757e-05
8.98568e-05
8.98379e-05
8.98189e-05
8.97998e-05
8.97807e-05
8.97615e-05
8.97423e-05
8.9723e-05
8.97037e-05
8.96843e-05
8.96648e-05
8.96453e-05
8.96258e-05
8.96062e-05
8.95866e-05
8.95668e-05
8.95471e-05
8.95273e-05
8.95074e-05
8.94875e-05
8.94676e-05
8.94476e-05
8.94275e-05
8.94074e-05
8.93872e-05
8.9367e-05
8.93468e-05
8.93265e-05
8.93061e-05
8.92857e-05
8.92653e-05
8.92448e-05
8.92243e-05
8.92037e-05
8.9183e-05
8.91624e-05
8.91416e-05
8.91209e-05
8.91001e-05
8.90792e-05
8.90583e-05
8.90373e-05
8.90164e-05
8.89953e-05
8.89742e-05
8.89531e-05
8.89319e-05
8.89107e-05
8.88895e-05
8.88682e-05
8.88469e-05
8.88255e-05
8.88041e-05
8.87826e-05
8.87611e-05
8.87396e-05
8.8718e-05
8.86964e-05
8.86747e-05
8.8653e-05
8.86312e-05
8.86095e-05
8.85876e-05
8.85658e-05
8.85439e-05
8.8522e-05
8.85e-05
8.8478e-05
8.84559e-05
8.84338e-05
8.84117e-05
8.83896e-05
8.83674e-05
8.83451e-05
8.83229e-05
8.83006e-05
8.82782e-05
8.82559e-05
8.82334e-05
8.8211e-05
8.81885e-05
8.8166e-05
8.81435e-05
8.81209e-05
8.80983e-05
8.80756e-05
8.80529e-05
8.80302e-05
8.80075e-05
8.79847e-05
8.79619e-05
8.7939e-05
8.79162e-05
8.78933e-05
8.78703e-05
8.78474e-05
8.78244e-05
8.78013e-05
8.77783e-05
8.77552e-05
8.7732e-05
8.77089e-05
8.76857e-05
8.76625e-05
8.76393e-05
8.7616e-05
8.75927e-05
8.75694e-05
8.7546e-05
8.75226e-05
8.74992e-05
8.74758e-05
8.74523e-05
8.74288e-05
8.74053e-05
8.73818e-05
8.73582e-05
8.73346e-05
8.7311e-05
8.72873e-05
8.72636e-05
8.72399e-05
8.72162e-05
8.71924e-05
8.71686e-05
8.71448e-05
8.7121e-05
8.70972e-05
8.70733e-05
8.70494e-05
8.70254e-05
8.70015e-05
8.69775e-05
8.69535e-05
8.69295e-05
8.69055e-05
8.68814e-05
8.68573e-05
8.68332e-05
8.6809e-05
8.67849e-05
8.67607e-05
8.67365e-05
8.67123e-05
8.6688e-05
8.66638e-05
8.66395e-05
8.66152e-05
8.65909e-05
8.65665e-05
8.65421e-05
8.65178e-05
8.64933e-05
8.64689e-05
8.64445e-05
8.642e-05
8.63955e-05
8.6371e-05
8.63465e-05
8.6322e-05
8.62974e-05
8.62728e-05
8.62482e-05
8.62236e-05
8.6199e-05
8.61743e-05
8.61496e-05
8.6125e-05
8.61003e-05
8.60755e-05
8.60508e-05
8.6026e-05
8.60013e-05
8.59765e-05
8.59517e-05
8.59269e-05
8.5902e-05
8.58772e-05
8.58523e-05
8.58274e-05
8.58025e-05
8.57776e-05
8.57527e-05
8.57277e-05
8.57028e-05
8.56778e-05
8.56528e-05
8.56278e-05
8.56028e-05
8.55778e-05
8.55528e-05
8.55277e-05
8.55026e-05
8.54775e-05
8.54524e-05
8.54273e-05
8.54022e-05
8.53771e-05
8.53519e-05
8.53268e-05
8.53016e-05
8.52764e-05
8.52512e-05
8.5226e-05
8.52008e-05
8.51756e-05
8.51503e-05
8.51251e-05
8.50998e-05
8.50745e-05
8.50493e-05
8.5024e-05
8.49987e-05
8.49733e-05
8.4948e-05
8.49227e-05
8.48973e-05
8.4872e-05
8.48466e-05
8.48212e-05
8.47958e-05
8.47704e-05
8.4745e-05
8.47196e-05
8.46942e-05
8.46688e-05
8.46433e-05
8.46179e-05
8.45924e-05
8.45669e-05
8.45415e-05
8.4516e-05
8.44905e-05
8.4465e-05
8.44395e-05
8.4414e-05
8.43884e-05
8.43629e-05
8.43374e-05
8.43118e-05
8.42863e-05
8.42607e-05
8.42352e-05
8.42096e-05
8.4184e-05
8.41584e-05
8.41328e-05
8.41072e-05
8.40816e-05
8.4056e-05
8.40304e-05
8.40048e-05
8.39792e-05
8.39535e-05
8.39279e-05
8.39023e-05
8.38766e-05
8.3851e-05
8.38253e-05
8.37997e-05
8.3774e-05
8.37483e-05
8.37227e-05
8.3697e-05
8.36713e-05
8.36456e-05
8.36199e-05
8.35942e-05
8.35685e-05
8.35428e-05
8.35171e-05
8.34914e-05
8.34657e-05
8.344e-05
8.34143e-05
8.33885e-05
8.33628e-05
8.33371e-05
8.33114e-05
8.32856e-05
8.32599e-05
8.32341e-05
8.32084e-05
8.31827e-05
8.31569e-05
8.31312e-05
8.31054e-05
8.30797e-05
8.30539e-05
8.30282e-05
8.30024e-05
8.29767e-05
8.29509e-05
8.29251e-05
8.28994e-05
8.28736e-05
8.28479e-05
8.28221e-05
8.27963e-05
8.27706e-05
8.27448e-05
8.2719e-05
8.26933e-05
8.26675e-05
8.26417e-05
8.2616e-05
8.25902e-05
8.25644e-05
8.25387e-05
8.25129e-05
8.24872e-05
8.24614e-05
8.24356e-05
8.24099e-05
8.23841e-05
8.23583e-05
8.23326e-05
8.23068e-05
8.22811e-05
8.22553e-05
8.22295e-05
8.22038e-05
8.2178e-05
8.21523e-05
8.21265e-05
8.21008e-05
8.2075e-05
8.20493e-05
8.20235e-05
8.19978e-05
8.19721e-05
8.19463e-05
8.19206e-05
8.18949e-05
8.18691e-05
8.18434e-05
8.18177e-05
8.1792e-05
8.17662e-05
8.17405e-05
8.17148e-05
8.16891e-05
8.16634e-05
8.16377e-05
8.1612e-05
8.15863e-05
8.15606e-05
8.15349e-05
8.15092e-05
8.14835e-05
8.14578e-05
8.14322e-05
8.14065e-05
8.13808e-05
8.13552e-05
8.13295e-05
8.13038e-05
8.12782e-05
8.12525e-05
8.12269e-05
8.12013e-05
8.11756e-05
8.115e-05
8.11244e-05
8.10987e-05
8.10731e-05
8.10475e-05
8.10219e-05
8.09963e-05
8.09707e-05
8.09451e-05
8.09195e-05
8.08939e-05
8.08684e-05
8.08428e-05
8.08172e-05
8.07917e-05
8.07661e-05
8.07406e-05
8.0715e-05
8.06895e-05
8.06639e-05
8.06384e-05
8.06129e-05
8.05874e-05
8.05619e-05
8.05364e-05
8.05109e-05
8.04854e-05
8.04599e-05
8.04344e-05
8.04089e-05
8.03835e-05
8.0358e-05
8.03326e-05
8.03071e-05
8.02817e-05
8.02563e-05
8.02308e-05
8.02054e-05
8.018e-05
8.01546e-05
8.01292e-05
8.01038e-05
8.00784e-05
8.00531e-05
8.00277e-05
8.00023e-05
7.9977e-05
7.99516e-05
7.99263e-05
7.9901e-05
7.98756e-05
7.98503e-05
7.9825e-05
7.97997e-05
7.97744e-05
7.97492e-05
7.97239e-05
7.96986e-05
7.96734e-05
7.96481e-05
7.96229e-05
7.95976e-05
7.95724e-05
7.95472e-05
7.9522e-05
7.94968e-05
7.94716e-05
7.94464e-05
7.94212e-05
7.9396e-05
7.93709e-05
7.93457e-05
7.93206e-05
7.92955e-05
7.92703e-05
7.92452e-05
7.92201e-05
7.9195e-05
7.91699e-05
7.91449e-05
7.91198e-05
7.90947e-05
7.90697e-05
7.90447e-05
7.90196e-05
7.89946e-05
7.89696e-05
7.89446e-05
7.89196e-05
7.88946e-05
7.88696e-05
7.88447e-05
7.88197e-05
7.87948e-05
7.87698e-05
7.87449e-05
7.872e-05
7.86951e-05
7.86702e-05
7.86453e-05
7.86204e-05
7.85956e-05
7.85707e-05
7.85459e-05
7.8521e-05
7.84962e-05
7.84714e-05
7.84466e-05
7.84218e-05
7.8397e-05
7.83723e-05
7.83475e-05
7.83227e-05
7.8298e-05
7.82733e-05
7.82486e-05
7.82238e-05
7.81992e-05
7.81745e-05
7.81498e-05
7.81251e-05
7.81005e-05
7.80758e-05
7.80512e-05
7.80266e-05
7.8002e-05
7.79774e-05
7.79528e-05
7.79282e-05
7.79036e-05
7.78791e-05
7.78546e-05
7.783e-05
7.78055e-05
7.7781e-05
7.77565e-05
7.7732e-05
7.77075e-05
7.76831e-05
7.76586e-05
7.76342e-05
7.76098e-05
7.75854e-05
7.7561e-05
7.75366e-05
7.75122e-05
7.74878e-05
7.74635e-05
7.74391e-05
7.74148e-05
7.73905e-05
7.73662e-05
7.73419e-05
7.73176e-05
7.72933e-05
7.7269e-05
7.72448e-05
7.72206e-05
7.71963e-05
7.71721e-05
7.71479e-05
7.71237e-05
7.70996e-05
7.70754e-05
7.70513e-05
7.70271e-05
7.7003e-05
7.69789e-05
7.69548e-05
7.69307e-05
7.69066e-05
7.68826e-05
7.68585e-05
7.68345e-05
7.68105e-05
7.67865e-05
7.67625e-05
7.67385e-05
7.67145e-05
7.66905e-05
7.66666e-05
7.66427e-05
7.66187e-05
7.65948e-05
7.65709e-05
7.65471e-05
7.65232e-05
7.64993e-05
7.64755e-05
7.64517e-05
7.64278e-05
7.6404e-05
7.63803e-05
7.63565e-05
7.63327e-05
7.6309e-05
7.62852e-05
7.62615e-05
7.62378e-05
7.62141e-05
7.61904e-05
7.61667e-05
7.61431e-05
7.61194e-05
7.60958e-05
7.60722e-05
7.60486e-05
7.6025e-05
7.60014e-05
7.59779e-05
7.59543e-05
7.59308e-05
7.59073e-05
7.58838e-05
7.58603e-05
7.58368e-05
7.58133e-05
7.57899e-05
7.57664e-05
7.5743e-05
7.57196e-05
7.56962e-05
7.56728e-05
7.56494e-05
7.56261e-05
7.56028e-05
7.55794e-05
7.55561e-05
7.55328e-05
7.55095e-05
7.54863e-05
7.5463e-05
7.54398e-05
7.54165e-05
7.53933e-05
7.53701e-05
7.53469e-05
7.53237e-05
7.53006e-05
7.52774e-05
7.52543e-05
7.52312e-05
7.52081e-05
7.5185e-05
7.51619e-05
7.51389e-05
7.51158e-05
7.50928e-05
7.50698e-05
7.50468e-05
7.50238e-05
7.50008e-05
7.49779e-05
7.49549e-05
7.4932e-05
7.49091e-05
7.48862e-05
7.48633e-05
7.48404e-05
7.48176e-05
7.47947e-05
7.47719e-05
7.47491e-05
7.47263e-05
7.47035e-05
7.46807e-05
7.4658e-05
7.46352e-05
7.46125e-05
7.45898e-05
7.45671e-05
7.45444e-05
7.45218e-05
7.44991e-05
7.44765e-05
7.44539e-05
7.44313e-05
7.44087e-05
7.43861e-05
7.43635e-05
7.4341e-05
7.43184e-05
7.42959e-05
7.42734e-05
7.42509e-05
7.42285e-05
7.4206e-05
7.41836e-05
7.41611e-05
7.41387e-05
7.41163e-05
7.40939e-05
7.40716e-05
7.40492e-05
7.40269e-05
7.40046e-05
7.39823e-05
7.396e-05
7.39377e-05
7.39154e-05
7.38932e-05
7.38709e-05
7.38487e-05
7.38265e-05
7.38043e-05
7.37822e-05
7.376e-05
7.37379e-05
7.37157e-05
7.36936e-05
7.36715e-05
7.36495e-05
7.36274e-05
7.36053e-05
7.35833e-05
7.35613e-05
7.35393e-05
7.35173e-05
7.34953e-05
7.34734e-05
7.34514e-05
7.34295e-05
7.34076e-05
7.33857e-05
7.33638e-05
7.33419e-05
7.33201e-05
7.32982e-05
7.32764e-05
7.32546e-05
7.32328e-05
7.32111e-05
7.31893e-05
7.31676e-05
7.31458e-05
7.31241e-05
7.31024e-05
7.30807e-05
7.30591e-05
7.30374e-05
7.30158e-05
7.29942e-05
7.29726e-05
7.2951e-05
7.29294e-05
7.29078e-05
7.28863e-05
7.28648e-05
7.28433e-05
7.28218e-05
7.28003e-05
7.27788e-05
7.27574e-05
7.27359e-05
7.27145e-05
7.26931e-05
7.26717e-05
7.26504e-05
7.2629e-05
7.26077e-05
7.25863e-05
7.2565e-05
7.25437e-05
7.25225e-05
7.25012e-05
7.248e-05
7.24587e-05
7.24375e-05
7.24163e-05
7.23951e-05
7.2374e-05
7.23528e-05
7.23317e-05
7.23105e-05
7.22894e-05
7.22684e-05
7.22473e-05
7.22262e-05
7.22052e-05
7.21842e-05
7.21631e-05
7.21421e-05
7.21212e-05
7.21002e-05
7.20793e-05
7.20583e-05
7.20374e-05
7.20165e-05
7.19956e-05
7.19748e-05
7.19539e-05
7.19331e-05
7.19122e-05
7.18914e-05
7.18706e-05
7.18499e-05
7.18291e-05
7.18084e-05
7.17876e-05
7.17669e-05
7.17462e-05
7.17256e-05
7.17049e-05
7.16842e-05
7.16636e-05
7.1643e-05
7.16224e-05
7.16018e-05
7.15812e-05
7.15607e-05
7.15401e-05
7.15196e-05
7.14991e-05
7.14786e-05
7.14581e-05
7.14377e-05
7.14172e-05
7.13968e-05
7.13764e-05
7.1356e-05
7.13356e-05
7.13153e-05
7.12949e-05
7.12746e-05
7.12543e-05
7.1234e-05
7.12137e-05
7.11934e-05
7.11732e-05
7.11529e-05
7.11327e-05
7.11125e-05
7.10923e-05
7.10721e-05
7.1052e-05
7.10318e-05
7.10117e-05
7.09916e-05
7.09715e-05
7.09514e-05
7.09314e-05
7.09113e-05
7.08913e-05
7.08713e-05
7.08513e-05
7.08313e-05
7.08113e-05
7.07914e-05
7.07714e-05
7.07515e-05
7.07316e-05
7.07117e-05
7.06918e-05
7.0672e-05
7.06521e-05
7.06323e-05
7.06125e-05
7.05927e-05
7.05729e-05
7.05532e-05
7.05334e-05
7.05137e-05
7.0494e-05
7.04743e-05
7.04546e-05
7.04349e-05
7.04153e-05
7.03956e-05
7.0376e-05
7.03564e-05
7.03368e-05
7.03173e-05
7.02977e-05
7.02782e-05
7.02586e-05
7.02391e-05
7.02196e-05
7.02002e-05
7.01807e-05
7.01613e-05
7.01418e-05
7.01224e-05
7.0103e-05
7.00836e-05
7.00643e-05
7.00449e-05
7.00256e-05
7.00063e-05
6.9987e-05
6.99677e-05
6.99484e-05
6.99291e-05
6.99099e-05
6.98907e-05
6.98715e-05
6.98523e-05
6.98331e-05
6.98139e-05
6.97948e-05
6.97757e-05
6.97565e-05
6.97374e-05
6.97184e-05
6.96993e-05
6.96802e-05
6.96612e-05
6.96422e-05
6.96232e-05
6.96042e-05
6.95852e-05
6.95663e-05
6.95473e-05
6.95284e-05
6.95095e-05
6.94906e-05
6.94717e-05
6.94529e-05
6.9434e-05
6.94152e-05
6.93964e-05
6.93776e-05
6.93588e-05
6.934e-05
6.93213e-05
6.93025e-05
6.92838e-05
6.92651e-05
6.92464e-05
6.92277e-05
6.92091e-05
6.91904e-05
6.91718e-05
6.91532e-05
6.91346e-05
6.9116e-05
6.90975e-05
6.90789e-05
6.90604e-05
6.90419e-05
6.90234e-05
6.90049e-05
6.89864e-05
6.8968e-05
6.89495e-05
6.89311e-05
6.89127e-05
6.88943e-05
6.88759e-05
6.88575e-05
6.88392e-05
6.88209e-05
6.88026e-05
6.87843e-05
6.8766e-05
6.87477e-05
6.87295e-05
6.87112e-05
6.8693e-05
6.86748e-05
6.86566e-05
6.86384e-05
6.86203e-05
6.86021e-05
6.8584e-05
6.85659e-05
6.85478e-05
6.85297e-05
6.85116e-05
6.84936e-05
6.84756e-05
6.84575e-05
6.84395e-05
6.84215e-05
6.84036e-05
6.83856e-05
6.83677e-05
6.83497e-05
6.83318e-05
6.83139e-05
6.82961e-05
6.82782e-05
6.82603e-05
6.82425e-05
6.82247e-05
6.82069e-05
6.81891e-05
6.81713e-05
6.81536e-05
6.81358e-05
6.81181e-05
6.81004e-05
6.80827e-05
6.8065e-05
6.80473e-05
6.80297e-05
6.80121e-05
6.79944e-05
6.79768e-05
6.79593e-05
6.79417e-05
6.79241e-05
6.79066e-05
6.78891e-05
6.78715e-05
6.7854e-05
6.78366e-05
6.78191e-05
6.78016e-05
6.77842e-05
6.77668e-05
6.77494e-05
6.7732e-05
6.77146e-05
6.76973e-05
6.76799e-05
6.76626e-05
6.76453e-05
6.7628e-05
6.76107e-05
6.75934e-05
6.75762e-05
6.75589e-05
6.75417e-05
6.75245e-05
6.75073e-05
6.74901e-05
6.7473e-05
6.74558e-05
6.74387e-05
6.74216e-05
6.74045e-05
6.73874e-05
6.73703e-05
6.73533e-05
6.73362e-05
6.73192e-05
6.73022e-05
6.72852e-05
6.72682e-05
6.72512e-05
6.72343e-05
6.72174e-05
6.72004e-05
6.71835e-05
6.71666e-05
6.71498e-05
6.71329e-05
6.71161e-05
6.70992e-05
6.70824e-05
6.70656e-05
6.70488e-05
6.70321e-05
6.70153e-05
6.69986e-05
6.69818e-05
6.69651e-05
6.69484e-05
6.69317e-05
6.69151e-05
6.68984e-05
6.68818e-05
6.68652e-05
6.68486e-05
6.6832e-05
6.68154e-05
6.67988e-05
6.67823e-05
6.67658e-05
6.67492e-05
6.67327e-05
6.67162e-05
6.66998e-05
6.66833e-05
6.66669e-05
6.66504e-05
6.6634e-05
6.66176e-05
6.66012e-05
6.65849e-05
6.65685e-05
6.65522e-05
6.65359e-05
6.65195e-05
6.65032e-05
6.6487e-05
6.64707e-05
6.64544e-05
6.64382e-05
6.6422e-05
6.64058e-05
6.63896e-05
6.63734e-05
6.63572e-05
6.63411e-05
6.6325e-05
6.63088e-05
6.62927e-05
6.62766e-05
6.62606e-05
6.62445e-05
6.62285e-05
6.62124e-05
6.61964e-05
6.61804e-05
6.61644e-05
6.61484e-05
6.61325e-05
6.61165e-05
6.61006e-05
6.60847e-05
6.60688e-05
6.60529e-05
6.6037e-05
6.60212e-05
6.60053e-05
6.59895e-05
6.59737e-05
6.59579e-05
6.59421e-05
6.59263e-05
6.59106e-05
6.58948e-05
6.58791e-05
6.58634e-05
6.58477e-05
6.5832e-05
6.58163e-05
6.58007e-05
6.5785e-05
6.57694e-05
6.57538e-05
6.57382e-05
6.57226e-05
6.5707e-05
6.56915e-05
6.56759e-05
6.56604e-05
6.56449e-05
6.56294e-05
6.56139e-05
6.55984e-05
6.5583e-05
6.55675e-05
6.55521e-05
6.55367e-05
6.55213e-05
6.55059e-05
6.54905e-05
6.54752e-05
6.54598e-05
6.54445e-05
6.54292e-05
6.54139e-05
6.53986e-05
6.53833e-05
6.5368e-05
6.53528e-05
6.53376e-05
6.53224e-05
6.53071e-05
6.5292e-05
6.52768e-05
6.52616e-05
6.52465e-05
6.52313e-05
6.52162e-05
6.52011e-05
6.5186e-05
6.5171e-05
6.51559e-05
6.51408e-05
6.51258e-05
6.51108e-05
6.50958e-05
6.50808e-05
6.50658e-05
6.50508e-05
6.50359e-05
6.5021e-05
6.5006e-05
6.49911e-05
6.49762e-05
6.49614e-05
6.49465e-05
6.49316e-05
6.49168e-05
6.4902e-05
6.48872e-05
6.48724e-05
6.48576e-05
6.48428e-05
6.4828e-05
6.48133e-05
6.47986e-05
6.47839e-05
6.47691e-05
6.47545e-05
6.47398e-05
6.47251e-05
6.47105e-05
6.46958e-05
6.46812e-05
6.46666e-05
6.4652e-05
6.46374e-05
6.46229e-05
6.46083e-05
6.45938e-05
6.45793e-05
6.45648e-05
6.45503e-05
6.45358e-05
6.45213e-05
6.45068e-05
6.44924e-05
6.4478e-05
6.44636e-05
6.44492e-05
6.44348e-05
6.44204e-05
6.4406e-05
6.43917e-05
6.43773e-05
6.4363e-05
6.43487e-05
6.43344e-05
6.43201e-05
6.43059e-05
6.42916e-05
6.42774e-05
6.42632e-05
6.42489e-05
6.42347e-05
6.42205e-05
6.42064e-05
6.41922e-05
6.41781e-05
6.41639e-05
6.41498e-05
6.41357e-05
6.41216e-05
6.41075e-05
6.40935e-05
6.40794e-05
6.40654e-05
6.40513e-05
6.40373e-05
6.40233e-05
6.40093e-05
6.39954e-05
6.39814e-05
6.39675e-05
6.39535e-05
6.39396e-05
6.39257e-05
6.39118e-05
6.38979e-05
6.3884e-05
6.38702e-05
6.38563e-05
6.38425e-05
6.38287e-05
6.38149e-05
6.38011e-05
6.37873e-05
6.37736e-05
6.37598e-05
6.37461e-05
6.37324e-05
6.37186e-05
6.37049e-05
6.36913e-05
6.36776e-05
6.36639e-05
6.36503e-05
6.36366e-05
6.3623e-05
6.36094e-05
6.35958e-05
6.35822e-05
6.35687e-05
6.35551e-05
6.35416e-05
6.3528e-05
6.35145e-05
6.3501e-05
6.34875e-05
6.3474e-05
6.34606e-05
6.34471e-05
6.34337e-05
6.34203e-05
6.34068e-05
6.33934e-05
6.33801e-05
6.33667e-05
6.33533e-05
6.334e-05
6.33266e-05
6.33133e-05
6.33e-05
6.32867e-05
6.32734e-05
6.32601e-05
6.32469e-05
6.32336e-05
6.32204e-05
6.32072e-05
6.31939e-05
6.31807e-05
6.31676e-05
6.31544e-05
6.31412e-05
6.31281e-05
6.31149e-05
6.31018e-05
6.30887e-05
6.30756e-05
6.30625e-05
6.30495e-05
6.30364e-05
6.30233e-05
6.30103e-05
6.29973e-05
6.29843e-05
6.29713e-05
6.29583e-05
6.29453e-05
6.29324e-05
6.29194e-05
6.29065e-05
6.28936e-05
6.28806e-05
6.28677e-05
6.28549e-05
6.2842e-05
6.28291e-05
6.28163e-05
6.28034e-05
6.27906e-05
6.27778e-05
6.2765e-05
6.27522e-05
6.27394e-05
6.27267e-05
6.27139e-05
6.27012e-05
6.26885e-05
6.26758e-05
6.26631e-05
6.26504e-05
6.26377e-05
6.2625e-05
6.26124e-05
6.25997e-05
6.25871e-05
6.25745e-05
6.25619e-05
6.25493e-05
6.25367e-05
6.25242e-05
6.25116e-05
6.24991e-05
6.24865e-05
6.2474e-05
6.24615e-05
6.2449e-05
6.24365e-05
6.24241e-05
6.24116e-05
6.23992e-05
6.23867e-05
6.23743e-05
6.23619e-05
6.23495e-05
6.23371e-05
6.23247e-05
6.23124e-05
6.23e-05
6.22877e-05
6.22754e-05
6.22631e-05
6.22508e-05
6.22385e-05
6.22262e-05
6.22139e-05
6.22017e-05
6.21894e-05
6.21772e-05
6.2165e-05
6.21528e-05
6.21406e-05
6.21284e-05
6.21162e-05
6.21041e-05
6.20919e-05
6.20798e-05
6.20677e-05
6.20555e-05
6.20434e-05
6.20314e-05
6.20193e-05
6.20072e-05
6.19952e-05
6.19831e-05
6.19711e-05
6.19591e-05
6.19471e-05
6.19351e-05
6.19231e-05
6.19111e-05
6.18992e-05
6.18872e-05
6.18753e-05
6.18633e-05
6.18514e-05
6.18395e-05
6.18276e-05
6.18158e-05
6.18039e-05
6.1792e-05
6.17802e-05
6.17684e-05
6.17565e-05
6.17447e-05
6.17329e-05
6.17212e-05
6.17094e-05
6.16976e-05
6.16859e-05
6.16741e-05
6.16624e-05
6.16507e-05
6.1639e-05
6.16273e-05
6.16156e-05
6.16039e-05
6.15923e-05
6.15806e-05
6.1569e-05
6.15573e-05
6.15457e-05
6.15341e-05
6.15225e-05
6.1511e-05
6.14994e-05
6.14878e-05
6.14763e-05
6.14647e-05
6.14532e-05
6.14417e-05
6.14302e-05
6.14187e-05
6.14072e-05
6.13958e-05
6.13843e-05
6.13729e-05
6.13614e-05
6.135e-05
6.13386e-05
6.13272e-05
6.13158e-05
6.13044e-05
6.12931e-05
6.12817e-05
6.12704e-05
6.1259e-05
6.12477e-05
6.12364e-05
6.12251e-05
6.12138e-05
6.12025e-05
6.11913e-05
6.118e-05
6.11688e-05
6.11575e-05
6.11463e-05
6.11351e-05
6.11239e-05
6.11127e-05
6.11015e-05
6.10904e-05
6.10792e-05
6.1068e-05
6.10569e-05
6.10458e-05
6.10347e-05
6.10236e-05
6.10125e-05
6.10014e-05
6.09903e-05
6.09793e-05
6.09682e-05
6.09572e-05
6.09462e-05
6.09351e-05
6.09241e-05
6.09131e-05
6.09022e-05
6.08912e-05
6.08802e-05
6.08693e-05
6.08583e-05
6.08474e-05
6.08365e-05
6.08256e-05
6.08147e-05
6.08038e-05
6.07929e-05
6.07821e-05
6.07712e-05
6.07604e-05
6.07495e-05
6.07387e-05
6.07279e-05
6.07171e-05
6.07063e-05
6.06955e-05
6.06848e-05
6.0674e-05
6.06633e-05
6.06525e-05
6.06418e-05
6.06311e-05
6.06204e-05
6.06097e-05
6.0599e-05
6.05883e-05
6.05777e-05
6.0567e-05
6.05564e-05
6.05457e-05
6.05351e-05
6.05245e-05
6.05139e-05
6.05033e-05
6.04927e-05
6.04822e-05
6.04716e-05
6.04611e-05
6.04505e-05
6.044e-05
6.04295e-05
6.0419e-05
6.04085e-05
6.0398e-05
6.03875e-05
6.03771e-05
6.03666e-05
6.03562e-05
6.03457e-05
6.03353e-05
6.03249e-05
6.03145e-05
6.03041e-05
6.02937e-05
6.02833e-05
6.0273e-05
6.02626e-05
6.02523e-05
6.0242e-05
6.02316e-05
6.02213e-05
6.0211e-05
6.02007e-05
6.01905e-05
6.01802e-05
6.01699e-05
6.01597e-05
6.01494e-05
6.01392e-05
6.0129e-05
6.01188e-05
6.01086e-05
6.00984e-05
6.00882e-05
6.0078e-05
6.00679e-05
6.00577e-05
6.00476e-05
6.00375e-05
6.00274e-05
6.00173e-05
6.00072e-05
5.99971e-05
5.9987e-05
5.99769e-05
5.99669e-05
5.99568e-05
5.99468e-05
5.99368e-05
5.99267e-05
5.99167e-05
5.99067e-05
5.98967e-05
5.98868e-05
5.98768e-05
5.98668e-05
5.98569e-05
5.98469e-05
5.9837e-05
5.98271e-05
5.98172e-05
5.98073e-05
5.97974e-05
5.97875e-05
5.97777e-05
5.97678e-05
5.97579e-05
5.97481e-05
5.97383e-05
5.97285e-05
5.97186e-05
5.97088e-05
5.9699e-05
5.96893e-05
5.96795e-05
5.96697e-05
5.966e-05
5.96502e-05
5.96405e-05
5.96308e-05
5.96211e-05
5.96114e-05
5.96017e-05
5.9592e-05
5.95823e-05
5.95726e-05
5.9563e-05
5.95533e-05
5.95437e-05
5.95341e-05
5.95245e-05
5.95149e-05
5.95053e-05
5.94957e-05
5.94861e-05
5.94765e-05
5.9467e-05
5.94574e-05
5.94479e-05
5.94383e-05
5.94288e-05
5.94193e-05
5.94098e-05
5.94003e-05
5.93908e-05
5.93813e-05
5.93719e-05
5.93624e-05
5.9353e-05
5.93435e-05
5.93341e-05
5.93247e-05
5.93153e-05
5.93059e-05
5.92965e-05
5.92871e-05
5.92777e-05
5.92684e-05
5.9259e-05
5.92497e-05
5.92404e-05
5.9231e-05
5.92217e-05
5.92124e-05
5.92031e-05
5.91938e-05
5.91845e-05
5.91753e-05
5.9166e-05
5.91568e-05
5.91475e-05
5.91383e-05
5.91291e-05
5.91199e-05
5.91107e-05
5.91015e-05
5.90923e-05
5.90831e-05
5.90739e-05
5.90648e-05
5.90556e-05
5.90465e-05
5.90374e-05
5.90282e-05
5.90191e-05
5.901e-05
5.90009e-05
5.89918e-05
5.89828e-05
5.89737e-05
5.89646e-05
5.89556e-05
5.89465e-05
5.89375e-05
5.89285e-05
5.89195e-05
5.89105e-05
5.89015e-05
5.88925e-05
5.88835e-05
5.88745e-05
5.88656e-05
5.88566e-05
5.88477e-05
5.88388e-05
5.88298e-05
5.88209e-05
5.8812e-05
5.88031e-05
5.87942e-05
5.87854e-05
5.87765e-05
5.87676e-05
5.87588e-05
5.87499e-05
5.87411e-05
5.87323e-05
5.87235e-05
5.87147e-05
5.87059e-05
5.86971e-05
5.86883e-05
5.86795e-05
5.86707e-05
5.8662e-05
5.86532e-05
5.86445e-05
5.86358e-05
5.86271e-05
5.86183e-05
5.86096e-05
5.8601e-05
5.85923e-05
5.85836e-05
5.85749e-05
5.85663e-05
5.85576e-05
5.8549e-05
5.85403e-05
5.85317e-05
5.85231e-05
5.85145e-05
5.85059e-05
5.84973e-05
5.84887e-05
5.84802e-05
5.84716e-05
5.8463e-05
5.84545e-05
5.84459e-05
5.84374e-05
5.84289e-05
5.84204e-05
5.84119e-05
5.84034e-05
5.83949e-05
5.83864e-05
5.8378e-05
5.83695e-05
5.8361e-05
5.83526e-05
5.83442e-05
5.83357e-05
5.83273e-05
5.83189e-05
5.83105e-05
5.83021e-05
5.82937e-05
5.82853e-05
5.8277e-05
5.82686e-05
5.82603e-05
5.82519e-05
5.82436e-05
5.82353e-05
5.82269e-05
5.82186e-05
5.82103e-05
5.8202e-05
5.81938e-05
5.81855e-05
5.81772e-05
5.8169e-05
5.81607e-05
5.81525e-05
5.81442e-05
5.8136e-05
5.81278e-05
5.81196e-05
5.81114e-05
5.81032e-05
5.8095e-05
5.80868e-05
5.80786e-05
5.80705e-05
5.80623e-05
5.80542e-05
5.80461e-05
5.80379e-05
5.80298e-05
5.80217e-05
5.80136e-05
5.80055e-05
5.79974e-05
5.79893e-05
5.79813e-05
5.79732e-05
5.79651e-05
5.79571e-05
5.79491e-05
5.7941e-05
5.7933e-05
5.7925e-05
5.7917e-05
5.7909e-05
5.7901e-05
5.7893e-05
5.7885e-05
5.78771e-05
5.78691e-05
5.78612e-05
5.78532e-05
5.78453e-05
5.78374e-05
5.78295e-05
5.78215e-05
5.78136e-05
5.78057e-05
5.77979e-05
5.779e-05
5.77821e-05
5.77742e-05
5.77664e-05
5.77585e-05
5.77507e-05
5.77429e-05
5.77351e-05
5.77272e-05
5.77194e-05
5.77116e-05
5.77038e-05
5.76961e-05
5.76883e-05
5.76805e-05
5.76728e-05
5.7665e-05
5.76573e-05
5.76495e-05
5.76418e-05
5.76341e-05
5.76264e-05
5.76187e-05
5.7611e-05
5.76033e-05
5.75956e-05
5.75879e-05
5.75803e-05
5.75726e-05
5.75649e-05
5.75573e-05
5.75497e-05
5.7542e-05
5.75344e-05
5.75268e-05
5.75192e-05
5.75116e-05
5.7504e-05
5.74964e-05
5.74889e-05
5.74813e-05
5.74737e-05
5.74662e-05
5.74586e-05
5.74511e-05
5.74436e-05
5.74361e-05
5.74285e-05
5.7421e-05
5.74135e-05
5.7406e-05
5.73986e-05
5.73911e-05
5.73836e-05
5.73762e-05
5.73687e-05
5.73613e-05
5.73538e-05
5.73464e-05
5.7339e-05
5.73316e-05
5.73241e-05
5.73167e-05
5.73094e-05
5.7302e-05
5.72946e-05
5.72872e-05
5.72799e-05
5.72725e-05
5.72652e-05
5.72578e-05
5.72505e-05
5.72432e-05
5.72358e-05
5.72285e-05
5.72212e-05
5.72139e-05
5.72066e-05
5.71994e-05
5.71921e-05
5.71848e-05
5.71775e-05
5.71703e-05
5.71631e-05
5.71558e-05
5.71486e-05
5.71414e-05
5.71341e-05
5.71269e-05
5.71197e-05
5.71125e-05
5.71054e-05
5.70982e-05
5.7091e-05
5.70838e-05
5.70767e-05
5.70695e-05
5.70624e-05
5.70553e-05
5.70481e-05
5.7041e-05
5.70339e-05
5.70268e-05
5.70197e-05
5.70126e-05
5.70055e-05
5.69984e-05
5.69914e-05
5.69843e-05
5.69772e-05
5.69702e-05
5.69631e-05
5.69561e-05
5.69491e-05
5.69421e-05
5.6935e-05
5.6928e-05
5.6921e-05
5.6914e-05
5.69071e-05
5.69001e-05
5.68931e-05
5.68861e-05
5.68792e-05
5.68722e-05
5.68653e-05
5.68583e-05
5.68514e-05
5.68445e-05
5.68376e-05
5.68307e-05
5.68238e-05
5.68169e-05
5.681e-05
5.68031e-05
5.67962e-05
5.67894e-05
5.67825e-05
5.67757e-05
5.67688e-05
5.6762e-05
5.67551e-05
5.67483e-05
5.67415e-05
5.67347e-05
5.67279e-05
5.67211e-05
5.67143e-05
5.67075e-05
5.67007e-05
5.6694e-05
5.66872e-05
5.66804e-05
5.66737e-05
5.66669e-05
5.66602e-05
5.66535e-05
5.66468e-05
5.664e-05
5.66333e-05
5.66266e-05
5.66199e-05
5.66132e-05
5.66066e-05
5.65999e-05
5.65932e-05
5.65866e-05
5.65799e-05
5.65733e-05
5.65666e-05
5.656e-05
5.65533e-05
5.65467e-05
5.65401e-05
5.65335e-05
5.65269e-05
5.65203e-05
5.65137e-05
5.65071e-05
5.65006e-05
5.6494e-05
5.64874e-05
5.64809e-05
5.64743e-05
5.64678e-05
5.64613e-05
5.64547e-05
5.64482e-05
5.64417e-05
5.64352e-05
5.64287e-05
5.64222e-05
5.64157e-05
5.64092e-05
5.64027e-05
5.63963e-05
5.63898e-05
5.63834e-05
5.63769e-05
5.63705e-05
5.6364e-05
5.63576e-05
5.63512e-05
5.63448e-05
5.63384e-05
5.63319e-05
5.63256e-05
5.63192e-05
5.63128e-05
5.63064e-05
5.63e-05
5.62937e-05
5.62873e-05
5.6281e-05
5.62746e-05
5.62683e-05
5.62619e-05
5.62556e-05
5.62493e-05
5.6243e-05
5.62367e-05
5.62304e-05
5.62241e-05
5.62178e-05
5.62115e-05
5.62052e-05
5.6199e-05
5.61927e-05
5.61864e-05
5.61802e-05
5.6174e-05
5.61677e-05
5.61615e-05
5.61553e-05
5.6149e-05
5.61428e-05
5.61366e-05
5.61304e-05
5.61242e-05
5.6118e-05
5.61119e-05
5.61057e-05
5.60995e-05
5.60934e-05
5.60872e-05
5.60811e-05
5.60749e-05
5.60688e-05
5.60627e-05
5.60565e-05
5.60504e-05
5.60443e-05
5.60382e-05
5.60321e-05
5.6026e-05
5.60199e-05
5.60138e-05
5.60078e-05
5.60017e-05
5.59956e-05
5.59896e-05
5.59835e-05
5.59775e-05
5.59714e-05
5.59654e-05
5.59594e-05
5.59534e-05
5.59473e-05
5.59413e-05
5.59353e-05
5.59293e-05
5.59234e-05
5.59174e-05
5.59114e-05
5.59054e-05
5.58995e-05
5.58935e-05
5.58876e-05
5.58816e-05
5.58757e-05
5.58697e-05
5.58638e-05
5.58579e-05
5.5852e-05
5.58461e-05
5.58401e-05
5.58342e-05
5.58284e-05
5.58225e-05
5.58166e-05
5.58107e-05
5.58048e-05
5.5799e-05
5.57931e-05
5.57873e-05
5.57814e-05
5.57756e-05
5.57698e-05
5.57639e-05
5.57581e-05
5.57523e-05
5.57465e-05
5.57407e-05
5.57349e-05
5.57291e-05
5.57233e-05
5.57175e-05
5.57118e-05
5.5706e-05
5.57002e-05
5.56945e-05
5.56887e-05
5.5683e-05
5.56772e-05
5.56715e-05
5.56658e-05
5.566e-05
5.56543e-05
5.56486e-05
5.56429e-05
5.56372e-05
5.56315e-05
5.56258e-05
5.56202e-05
5.56145e-05
5.56088e-05
5.56032e-05
5.55975e-05
5.55918e-05
5.55862e-05
5.55806e-05
5.55749e-05
5.55693e-05
5.55637e-05
5.5558e-05
5.55524e-05
5.55468e-05
5.55412e-05
5.55356e-05
5.553e-05
5.55245e-05
5.55189e-05
5.55133e-05
5.55077e-05
5.55022e-05
5.54966e-05
5.54911e-05
5.54855e-05
5.548e-05
5.54745e-05
5.54689e-05
5.54634e-05
5.54579e-05
5.54524e-05
5.54469e-05
5.54414e-05
5.54359e-05
5.54304e-05
5.54249e-05
5.54194e-05
5.5414e-05
5.54085e-05
5.5403e-05
5.53976e-05
5.53921e-05
5.53867e-05
5.53812e-05
5.53758e-05
5.53704e-05
5.5365e-05
5.53595e-05
5.53541e-05
5.53487e-05
5.53433e-05
5.53379e-05
5.53325e-05
5.53272e-05
5.53218e-05
5.53164e-05
5.5311e-05
5.53057e-05
5.53003e-05
5.5295e-05
5.52896e-05
5.52843e-05
5.5279e-05
5.52736e-05
5.52683e-05
5.5263e-05
5.52577e-05
5.52524e-05
5.52471e-05
5.52418e-05
5.52365e-05
5.52312e-05
5.52259e-05
5.52206e-05
5.52154e-05
5.52101e-05
5.52048e-05
5.51996e-05
5.51943e-05
5.51891e-05
5.51839e-05
5.51786e-05
5.51734e-05
5.51682e-05
5.5163e-05
5.51578e-05
5.51525e-05
5.51473e-05
5.51421e-05
5.5137e-05
5.51318e-05
5.51266e-05
5.51214e-05
5.51163e-05
5.51111e-05
5.51059e-05
5.51008e-05
5.50956e-05
5.50905e-05
5.50853e-05
5.50802e-05
5.50751e-05
5.507e-05
5.50648e-05
5.50597e-05
5.50546e-05
5.50495e-05
5.50444e-05
5.50393e-05
5.50343e-05
5.50292e-05
5.50241e-05
5.5019e-05
5.5014e-05
5.50089e-05
5.50038e-05
5.49988e-05
5.49938e-05
5.49887e-05
5.49837e-05
5.49786e-05
5.49736e-05
5.49686e-05
5.49636e-05
5.49586e-05
5.49536e-05
5.49486e-05
5.49436e-05
5.49386e-05
5.49336e-05
5.49286e-05
5.49237e-05
5.49187e-05
5.49137e-05
5.49088e-05
5.49038e-05
5.48989e-05
5.48939e-05
5.4889e-05
5.48841e-05
5.48791e-05
5.48742e-05
5.48693e-05
5.48644e-05
5.48595e-05
5.48546e-05
5.48497e-05
5.48448e-05
5.48399e-05
5.4835e-05
5.48301e-05
5.48252e-05
5.48204e-05
5.48155e-05
5.48107e-05
5.48058e-05
5.4801e-05
5.47961e-05
5.47913e-05
5.47864e-05
5.47816e-05
5.47768e-05
5.4772e-05
5.47672e-05
5.47623e-05
5.47575e-05
5.47527e-05
5.47479e-05
5.47432e-05
5.47384e-05
5.47336e-05
5.47288e-05
5.4724e-05
5.47193e-05
5.47145e-05
5.47098e-05
5.4705e-05
5.47003e-05
5.46955e-05
5.46908e-05
5.46861e-05
5.46813e-05
5.46766e-05
5.46719e-05
5.46672e-05
5.46625e-05
5.46578e-05
5.46531e-05
5.46484e-05
5.46437e-05
5.4639e-05
5.46343e-05
5.46296e-05
5.4625e-05
5.46203e-05
5.46157e-05
5.4611e-05
5.46063e-05
5.46017e-05
5.45971e-05
5.45924e-05
5.45878e-05
5.45832e-05
5.45785e-05
5.45739e-05
5.45693e-05
5.45647e-05
5.45601e-05
5.45555e-05
5.45509e-05
5.45463e-05
5.45417e-05
5.45371e-05
5.45326e-05
5.4528e-05
5.45234e-05
5.45189e-05
5.45143e-05
5.45098e-05
5.45052e-05
5.45007e-05
5.44961e-05
5.44916e-05
5.44871e-05
5.44825e-05
5.4478e-05
5.44735e-05
5.4469e-05
5.44645e-05
5.446e-05
5.44555e-05
5.4451e-05
5.44465e-05
5.4442e-05
5.44375e-05
5.44331e-05
5.44286e-05
5.44241e-05
5.44197e-05
5.44152e-05
5.44108e-05
5.44063e-05
5.44019e-05
5.43974e-05
5.4393e-05
5.43886e-05
5.43841e-05
5.43797e-05
5.43753e-05
5.43709e-05
5.43665e-05
5.43621e-05
5.43577e-05
5.43533e-05
5.43489e-05
5.43445e-05
5.43401e-05
5.43358e-05
5.43314e-05
5.4327e-05
5.43227e-05
5.43183e-05
5.4314e-05
5.43096e-05
5.43053e-05
5.43009e-05
5.42966e-05
5.42923e-05
5.42879e-05
5.42836e-05
5.42793e-05
5.4275e-05
5.42707e-05
5.42664e-05
5.42621e-05
5.42578e-05
5.42535e-05
5.42492e-05
5.42449e-05
5.42406e-05
5.42363e-05
5.42321e-05
5.42278e-05
5.42235e-05
5.42193e-05
5.4215e-05
5.42108e-05
5.42065e-05
5.42023e-05
5.41981e-05
5.41938e-05
5.41896e-05
5.41854e-05
5.41812e-05
5.4177e-05
5.41727e-05
5.41685e-05
5.41643e-05
5.41601e-05
5.41559e-05
5.41518e-05
5.41476e-05
5.41434e-05
5.41392e-05
5.4135e-05
5.41309e-05
5.41267e-05
5.41226e-05
5.41184e-05
5.41143e-05
5.41101e-05
5.4106e-05
5.41018e-05
5.40977e-05
5.40936e-05
5.40894e-05
5.40853e-05
5.40812e-05
5.40771e-05
5.4073e-05
5.40689e-05
5.40648e-05
5.40607e-05
5.40566e-05
5.40525e-05
5.40484e-05
5.40443e-05
5.40403e-05
5.40362e-05
5.40321e-05
5.40281e-05
5.4024e-05
5.40199e-05
5.40159e-05
5.40118e-05
5.40078e-05
5.40038e-05
5.39997e-05
5.39957e-05
5.39917e-05
5.39877e-05
5.39836e-05
5.39796e-05
5.39756e-05
5.39716e-05
5.39676e-05
5.39636e-05
5.39596e-05
5.39556e-05
5.39516e-05
5.39477e-05
5.39437e-05
5.39397e-05
5.39357e-05
5.39318e-05
5.39278e-05
5.39239e-05
5.39199e-05
5.3916e-05
5.3912e-05
5.39081e-05
5.39041e-05
5.39002e-05
5.38963e-05
5.38923e-05
5.38884e-05
5.38845e-05
5.38806e-05
5.38767e-05
5.38728e-05
5.38689e-05
5.3865e-05
5.38611e-05
5.38572e-05
5.38533e-05
5.38494e-05
5.38456e-05
5.38417e-05
5.38378e-05
5.38339e-05
5.38301e-05
5.38262e-05
5.38224e-05
5.38185e-05
5.38147e-05
5.38108e-05
5.3807e-05
5.38032e-05
5.37993e-05
5.37955e-05
5.37917e-05
5.37879e-05
5.37841e-05
5.37802e-05
5.37764e-05
5.37726e-05
5.37688e-05
5.3765e-05
5.37612e-05
5.37575e-05
5.37537e-05
5.37499e-05
5.37461e-05
5.37423e-05
5.37386e-05
5.37348e-05
5.3731e-05
5.37273e-05
5.37235e-05
5.37198e-05
5.3716e-05
5.37123e-05
5.37086e-05
5.37048e-05
5.37011e-05
5.36974e-05
5.36936e-05
5.36899e-05
5.36862e-05
5.36825e-05
5.36788e-05
5.36751e-05
5.36714e-05
5.36677e-05
5.3664e-05
5.36603e-05
5.36566e-05
5.36529e-05
5.36493e-05
5.36456e-05
5.36419e-05
5.36383e-05
5.36346e-05
5.36309e-05
5.36273e-05
5.36236e-05
5.362e-05
5.36163e-05
5.36127e-05
5.36091e-05
5.36054e-05
5.36018e-05
5.35982e-05
5.35945e-05
5.35909e-05
5.35873e-05
5.35837e-05
5.35801e-05
5.35765e-05
5.35729e-05
5.35693e-05
5.35657e-05
5.35621e-05
5.35585e-05
5.35549e-05
5.35514e-05
5.35478e-05
5.35442e-05
5.35406e-05
5.35371e-05
5.35335e-05
5.353e-05
5.35264e-05
5.35229e-05
5.35193e-05
5.35158e-05
5.35122e-05
5.35087e-05
5.35052e-05
5.35016e-05
5.34981e-05
5.34946e-05
5.34911e-05
5.34876e-05
5.34841e-05
5.34805e-05
5.3477e-05
5.34735e-05
5.347e-05
5.34666e-05
5.34631e-05
5.34596e-05
5.34561e-05
5.34526e-05
5.34491e-05
5.34457e-05
5.34422e-05
5.34387e-05
5.34353e-05
5.34318e-05
5.34284e-05
5.34249e-05
5.34215e-05
5.3418e-05
5.34146e-05
5.34112e-05
5.34077e-05
5.34043e-05
5.34009e-05
5.33974e-05
5.3394e-05
5.33906e-05
5.33872e-05
5.33838e-05
5.33804e-05
5.3377e-05
5.33736e-05
5.33702e-05
5.33668e-05
5.33634e-05
5.336e-05
5.33567e-05
5.33533e-05
5.33499e-05
5.33465e-05
5.33432e-05
5.33398e-05
5.33364e-05
5.33331e-05
5.33297e-05
5.33264e-05
5.3323e-05
5.33197e-05
5.33164e-05
5.3313e-05
5.33097e-05
5.33064e-05
5.3303e-05
5.32997e-05
5.32964e-05
5.32931e-05
5.32898e-05
5.32864e-05
5.32831e-05
5.32798e-05
5.32765e-05
5.32732e-05
5.32699e-05
5.32667e-05
5.32634e-05
5.32601e-05
5.32568e-05
5.32535e-05
5.32503e-05
5.3247e-05
5.32437e-05
5.32405e-05
5.32372e-05
5.32339e-05
5.32307e-05
5.32274e-05
5.32242e-05
5.3221e-05
5.32177e-05
5.32145e-05
5.32112e-05
5.3208e-05
5.32048e-05
5.32016e-05
5.31983e-05
5.31951e-05
5.31919e-05
5.31887e-05
5.31855e-05
5.31823e-05
5.31791e-05
5.31759e-05
5.31727e-05
5.31695e-05
5.31663e-05
5.31631e-05
5.316e-05
5.31568e-05
5.31536e-05
5.31504e-05
5.31473e-05
5.31441e-05
5.31409e-05
5.31378e-05
5.31346e-05
5.31315e-05
5.31283e-05
5.31252e-05
5.3122e-05
5.31189e-05
5.31158e-05
5.31126e-05
5.31095e-05
5.31064e-05
5.31033e-05
5.31001e-05
5.3097e-05
5.30939e-05
5.30908e-05
5.30877e-05
5.30846e-05
5.30815e-05
5.30784e-05
5.30753e-05
5.30722e-05
5.30691e-05
5.3066e-05
5.30629e-05
5.30599e-05
5.30568e-05
5.30537e-05
5.30506e-05
5.30476e-05
5.30445e-05
5.30414e-05
5.30384e-05
5.30353e-05
5.30323e-05
5.30292e-05
5.30262e-05
5.30231e-05
5.30201e-05
5.30171e-05
5.3014e-05
5.3011e-05
5.3008e-05
5.3005e-05
5.30019e-05
5.29989e-05
5.29959e-05
5.29929e-05
5.29899e-05
5.29869e-05
5.29839e-05
5.29809e-05
5.29779e-05
5.29749e-05
5.29719e-05
5.29689e-05
5.29659e-05
5.29629e-05
5.296e-05
5.2957e-05
5.2954e-05
5.29511e-05
5.29481e-05
5.29451e-05
5.29422e-05
5.29392e-05
5.29363e-05
5.29333e-05
5.29304e-05
5.29274e-05
5.29245e-05
5.29215e-05
5.29186e-05
5.29157e-05
5.29127e-05
5.29098e-05
5.29069e-05
5.2904e-05
5.2901e-05
5.28981e-05
5.28952e-05
5.28923e-05
5.28894e-05
5.28865e-05
5.28836e-05
5.28807e-05
5.28778e-05
5.28749e-05
5.2872e-05
5.28691e-05
5.28662e-05
5.28634e-05
5.28605e-05
5.28576e-05
5.28547e-05
5.28519e-05
5.2849e-05
5.28462e-05
5.28433e-05
5.28404e-05
5.28376e-05
5.28347e-05
5.28319e-05
5.2829e-05
5.28262e-05
5.28234e-05
5.28205e-05
5.28177e-05
5.28149e-05
5.2812e-05
5.28092e-05
5.28064e-05
5.28036e-05
5.28007e-05
5.27979e-05
5.27951e-05
5.27923e-05
5.27895e-05
5.27867e-05
5.27839e-05
5.27811e-05
5.27783e-05
5.27755e-05
5.27727e-05
5.27699e-05
5.27672e-05
5.27644e-05
5.27616e-05
5.27588e-05
5.27561e-05
5.27533e-05
5.27505e-05
5.27478e-05
5.2745e-05
5.27423e-05
5.27395e-05
5.27367e-05
5.2734e-05
5.27312e-05
5.27285e-05
5.27258e-05
5.2723e-05
5.27203e-05
5.27176e-05
5.27148e-05
5.27121e-05
5.27094e-05
5.27067e-05
5.27039e-05
5.27012e-05
5.26985e-05
5.26958e-05
5.26931e-05
5.26904e-05
5.26877e-05
5.2685e-05
5.26823e-05
5.26796e-05
5.26769e-05
5.26742e-05
5.26715e-05
5.26689e-05
5.26662e-05
5.26635e-05
5.26608e-05
5.26581e-05
5.26555e-05
5.26528e-05
5.26501e-05
5.26475e-05
5.26448e-05
5.26422e-05
5.26395e-05
5.26369e-05
5.26342e-05
5.26316e-05
5.26289e-05
5.26263e-05
5.26237e-05
5.2621e-05
5.26184e-05
5.26158e-05
5.26131e-05
5.26105e-05
5.26079e-05
5.26053e-05
5.26027e-05
5.26e-05
5.25974e-05
5.25948e-05
5.25922e-05
5.25896e-05
5.2587e-05
5.25844e-05
5.25818e-05
5.25792e-05
5.25766e-05
5.25741e-05
5.25715e-05
5.25689e-05
5.25663e-05
5.25637e-05
5.25612e-05
5.25586e-05
5.2556e-05
5.25535e-05
5.25509e-05
5.25483e-05
5.25458e-05
5.25432e-05
5.25407e-05
5.25381e-05
5.25356e-05
5.2533e-05
5.25305e-05
5.25279e-05
5.25254e-05
5.25229e-05
5.25203e-05
5.25178e-05
5.25153e-05
5.25128e-05
5.25102e-05
5.25077e-05
5.25052e-05
5.25027e-05
5.25002e-05
5.24977e-05
5.24952e-05
5.24927e-05
5.24902e-05
5.24877e-05
5.24852e-05
5.24827e-05
5.24802e-05
5.24777e-05
5.24752e-05
5.24727e-05
5.24702e-05
5.24677e-05
5.24653e-05
5.24628e-05
5.24603e-05
5.24579e-05
5.24554e-05
5.24529e-05
5.24505e-05
5.2448e-05
5.24456e-05
5.24431e-05
5.24406e-05
5.24382e-05
5.24358e-05
5.24333e-05
5.24309e-05
5.24284e-05
5.2426e-05
5.24236e-05
5.24211e-05
5.24187e-05
5.24163e-05
5.24138e-05
5.24114e-05
5.2409e-05
5.24066e-05
5.24042e-05
5.24018e-05
5.23993e-05
5.23969e-05
5.23945e-05
5.23921e-05
5.23897e-05
5.23873e-05
5.23849e-05
5.23825e-05
5.23802e-05
5.23778e-05
5.23754e-05
5.2373e-05
5.23706e-05
5.23682e-05
5.23659e-05
5.23635e-05
5.23611e-05
5.23588e-05
5.23564e-05
5.2354e-05
5.23517e-05
5.23493e-05
5.23469e-05
5.23446e-05
5.23422e-05
5.23399e-05
5.23375e-05
5.23352e-05
5.23329e-05
5.23305e-05
5.23282e-05
5.23258e-05
5.23235e-05
5.23212e-05
5.23189e-05
5.23165e-05
5.23142e-05
5.23119e-05
5.23096e-05
5.23072e-05
5.23049e-05
5.23026e-05
5.23003e-05
5.2298e-05
5.22957e-05
5.22934e-05
5.22911e-05
5.22888e-05
5.22865e-05
5.22842e-05
5.22819e-05
5.22796e-05
5.22773e-05
5.22751e-05
5.22728e-05
5.22705e-05
5.22682e-05
5.22659e-05
5.22637e-05
5.22614e-05
5.22591e-05
5.22569e-05
5.22546e-05
5.22523e-05
5.22501e-05
5.22478e-05
5.22456e-05
5.22433e-05
5.22411e-05
5.22388e-05
5.22366e-05
5.22343e-05
5.22321e-05
5.22299e-05
5.22276e-05
5.22254e-05
5.22232e-05
5.22209e-05
5.22187e-05
5.22165e-05
5.22143e-05
5.2212e-05
5.22098e-05
5.22076e-05
5.22054e-05
5.22032e-05
5.2201e-05
5.21988e-05
5.21966e-05
5.21944e-05
5.21922e-05
5.219e-05
5.21878e-05
5.21856e-05
5.21834e-05
5.21812e-05
5.2179e-05
5.21768e-05
5.21746e-05
5.21725e-05
5.21703e-05
5.21681e-05
5.21659e-05
5.21638e-05
5.21616e-05
5.21594e-05
5.21573e-05
5.21551e-05
5.21529e-05
5.21508e-05
5.21486e-05
5.21465e-05
5.21443e-05
5.21422e-05
5.214e-05
5.21379e-05
5.21357e-05
5.21336e-05
5.21315e-05
5.21293e-05
5.21272e-05
5.21251e-05
5.21229e-05
5.21208e-05
5.21187e-05
5.21165e-05
5.21144e-05
5.21123e-05
5.21102e-05
5.21081e-05
5.2106e-05
5.21038e-05
5.21017e-05
5.20996e-05
5.20975e-05
5.20954e-05
5.20933e-05
5.20912e-05
5.20891e-05
5.2087e-05
5.20849e-05
5.20829e-05
5.20808e-05
5.20787e-05
5.20766e-05
5.20745e-05
5.20724e-05
5.20704e-05
5.20683e-05
5.20662e-05
5.20641e-05
5.20621e-05
5.206e-05
5.20579e-05
5.20559e-05
5.20538e-05
5.20518e-05
5.20497e-05
5.20477e-05
5.20456e-05
5.20436e-05
5.20415e-05
5.20395e-05
5.20374e-05
5.20354e-05
5.20333e-05
5.20313e-05
5.20293e-05
5.20272e-05
5.20252e-05
5.20232e-05
5.20211e-05
5.20191e-05
5.20171e-05
5.20151e-05
5.20131e-05
5.2011e-05
5.2009e-05
5.2007e-05
5.2005e-05
5.2003e-05
5.2001e-05
5.1999e-05
5.1997e-05
5.1995e-05
5.1993e-05
5.1991e-05
5.1989e-05
5.1987e-05
5.1985e-05
5.1983e-05
5.1981e-05
5.1979e-05
5.19771e-05
5.19751e-05
5.19731e-05
5.19711e-05
5.19692e-05
5.19672e-05
5.19652e-05
5.19632e-05
5.19613e-05
5.19593e-05
5.19574e-05
5.19554e-05
5.19534e-05
5.19515e-05
5.19495e-05
5.19476e-05
5.19456e-05
5.19437e-05
5.19417e-05
5.19398e-05
5.19378e-05
5.19359e-05
5.1934e-05
5.1932e-05
5.19301e-05
5.19281e-05
5.19262e-05
5.19243e-05
5.19224e-05
5.19204e-05
5.19185e-05
5.19166e-05
5.19147e-05
5.19128e-05
5.19108e-05
5.19089e-05
5.1907e-05
5.19051e-05
5.19032e-05
5.19013e-05
5.18994e-05
5.18975e-05
5.18956e-05
5.18937e-05
5.18918e-05
5.18899e-05
5.1888e-05
5.18861e-05
5.18842e-05
5.18823e-05
5.18805e-05
5.18786e-05
5.18767e-05
5.18748e-05
5.18729e-05
5.18711e-05
5.18692e-05
5.18673e-05
5.18654e-05
5.18636e-05
5.18617e-05
5.18598e-05
5.1858e-05
5.18561e-05
5.18543e-05
5.18524e-05
5.18506e-05
5.18487e-05
5.18468e-05
5.1845e-05
5.18432e-05
5.18413e-05
5.18395e-05
5.18376e-05
5.18358e-05
5.18339e-05
5.18321e-05
5.18303e-05
5.18284e-05
5.18266e-05
5.18248e-05
5.1823e-05
5.18211e-05
5.18193e-05
5.18175e-05
5.18157e-05
5.18138e-05
5.1812e-05
5.18102e-05
5.18084e-05
5.18066e-05
5.18048e-05
5.1803e-05
5.18012e-05
5.17994e-05
5.17976e-05
5.17958e-05
5.1794e-05
5.17922e-05
5.17904e-05
5.17886e-05
5.17868e-05
5.1785e-05
5.17832e-05
5.17814e-05
5.17797e-05
5.17779e-05
5.17761e-05
5.17743e-05
5.17725e-05
5.17708e-05
5.1769e-05
5.17672e-05
5.17655e-05
5.17637e-05
5.17619e-05
5.17602e-05
5.17584e-05
5.17566e-05
5.17549e-05
5.17531e-05
5.17514e-05
5.17496e-05
5.17479e-05
5.17461e-05
5.17444e-05
5.17426e-05
5.17409e-05
5.17391e-05
5.17374e-05
5.17357e-05
5.17339e-05
5.17322e-05
5.17305e-05
5.17287e-05
5.1727e-05
5.17253e-05
5.17235e-05
5.17218e-05
5.17201e-05
5.17184e-05
5.17167e-05
5.17149e-05
5.17132e-05
5.17115e-05
5.17098e-05
5.17081e-05
5.17064e-05
5.17047e-05
5.1703e-05
5.17013e-05
5.16996e-05
5.16979e-05
5.16962e-05
5.16945e-05
5.16928e-05
5.16911e-05
5.16894e-05
5.16877e-05
5.1686e-05
5.16843e-05
5.16826e-05
5.16809e-05
5.16793e-05
5.16776e-05
5.16759e-05
5.16742e-05
5.16726e-05
5.16709e-05
5.16692e-05
5.16675e-05
5.16659e-05
5.16642e-05
5.16625e-05
5.16609e-05
5.16592e-05
5.16576e-05
5.16559e-05
5.16542e-05
5.16526e-05
5.16509e-05
5.16493e-05
5.16476e-05
5.1646e-05
5.16443e-05
5.16427e-05
5.1641e-05
5.16394e-05
5.16378e-05
5.16361e-05
5.16345e-05
5.16329e-05
5.16312e-05
5.16296e-05
5.1628e-05
5.16263e-05
5.16247e-05
5.16231e-05
5.16215e-05
5.16198e-05
5.16182e-05
5.16166e-05
5.1615e-05
5.16134e-05
5.16118e-05
5.16101e-05
5.16085e-05
5.16069e-05
5.16053e-05
5.16037e-05
5.16021e-05
5.16005e-05
5.15989e-05
5.15973e-05
5.15957e-05
5.15941e-05
5.15925e-05
5.15909e-05
5.15893e-05
5.15877e-05
5.15862e-05
5.15846e-05
5.1583e-05
5.15814e-05
5.15798e-05
5.15782e-05
5.15767e-05
5.15751e-05
5.15735e-05
5.15719e-05
5.15704e-05
5.15688e-05
5.15672e-05
5.15657e-05
5.15641e-05
5.15625e-05
5.1561e-05
5.15594e-05
5.15578e-05
5.15563e-05
5.15547e-05
5.15532e-05
5.15516e-05
5.15501e-05
5.15485e-05
5.1547e-05
5.15454e-05
5.15439e-05
5.15423e-05
5.15408e-05
5.15393e-05
5.15377e-05
5.15362e-05
5.15346e-05
5.15331e-05
5.15316e-05
5.153e-05
5.15285e-05
5.1527e-05
5.15255e-05
5.15239e-05
5.15224e-05
5.15209e-05
5.15194e-05
5.15179e-05
5.15163e-05
5.15148e-05
5.15133e-05
5.15118e-05
5.15103e-05
5.15088e-05
5.15073e-05
5.15058e-05
5.15042e-05
5.15027e-05
5.15012e-05
5.14997e-05
5.14982e-05
5.14967e-05
5.14953e-05
5.14938e-05
5.14923e-05
5.14908e-05
5.14893e-05
5.14878e-05
5.14863e-05
5.14848e-05
5.14833e-05
5.14819e-05
5.14804e-05
5.14789e-05
5.14774e-05
5.14759e-05
5.14745e-05
5.1473e-05
5.14715e-05
5.147e-05
5.14686e-05
5.14671e-05
5.14656e-05
5.14642e-05
5.14627e-05
5.14613e-05
5.14598e-05
5.14583e-05
5.14569e-05
5.14554e-05
5.1454e-05
5.14525e-05
5.14511e-05
5.14496e-05
5.14482e-05
5.14467e-05
5.14453e-05
5.14438e-05
5.14424e-05
5.14409e-05
5.14395e-05
5.14381e-05
5.14366e-05
5.14352e-05
5.14338e-05
5.14323e-05
5.14309e-05
5.14295e-05
5.1428e-05
5.14266e-05
5.14252e-05
5.14238e-05
5.14223e-05
5.14209e-05
5.14195e-05
5.14181e-05
5.14167e-05
5.14152e-05
5.14138e-05
5.14124e-05
5.1411e-05
5.14096e-05
5.14082e-05
5.14068e-05
5.14054e-05
5.1404e-05
5.14026e-05
5.14012e-05
5.13998e-05
5.13984e-05
5.1397e-05
5.13956e-05
5.13942e-05
5.13928e-05
5.13914e-05
5.139e-05
5.13886e-05
5.13872e-05
5.13858e-05
5.13845e-05
5.13831e-05
5.13817e-05
5.13803e-05
5.13789e-05
5.13776e-05
5.13762e-05
5.13748e-05
5.13734e-05
5.13721e-05
5.13707e-05
5.13693e-05
5.1368e-05
5.13666e-05
5.13652e-05
5.13639e-05
5.13625e-05
5.13611e-05
5.13598e-05
5.13584e-05
5.13571e-05
5.13557e-05
5.13543e-05
5.1353e-05
5.13516e-05
5.13503e-05
5.13489e-05
5.13476e-05
5.13463e-05
5.13449e-05
5.13436e-05
5.13422e-05
5.13409e-05
5.13395e-05
5.13382e-05
5.13369e-05
5.13355e-05
5.13342e-05
5.13329e-05
5.13315e-05
5.13302e-05
5.13289e-05
5.13275e-05
5.13262e-05
5.13249e-05
5.13236e-05
5.13223e-05
5.13209e-05
5.13196e-05
5.13183e-05
5.1317e-05
5.13157e-05
5.13143e-05
5.1313e-05
5.13117e-05
5.13104e-05
5.13091e-05
5.13078e-05
5.13065e-05
5.13052e-05
5.13039e-05
5.13026e-05
5.13013e-05
5.13e-05
5.12987e-05
5.12974e-05
5.12961e-05
5.12948e-05
5.12935e-05
5.12922e-05
5.12909e-05
5.12896e-05
5.12883e-05
5.12871e-05
5.12858e-05
5.12845e-05
5.12832e-05
5.12819e-05
5.12806e-05
5.12794e-05
5.12781e-05
5.12768e-05
5.12755e-05
5.12743e-05
5.1273e-05
5.12717e-05
5.12705e-05
5.12692e-05
5.12679e-05
5.12667e-05
5.12654e-05
5.12641e-05
5.12629e-05
5.12616e-05
5.12603e-05
5.12591e-05
5.12578e-05
5.12566e-05
5.12553e-05
5.12541e-05
5.12528e-05
5.12516e-05
5.12503e-05
5.12491e-05
5.12478e-05
5.12466e-05
5.12453e-05
5.12441e-05
5.12428e-05
5.12416e-05
5.12404e-05
5.12391e-05
5.12379e-05
5.12366e-05
5.12354e-05
5.12342e-05
5.12329e-05
5.12317e-05
5.12305e-05
5.12293e-05
5.1228e-05
5.12268e-05
5.12256e-05
5.12244e-05
5.12231e-05
5.12219e-05
5.12207e-05
5.12195e-05
5.12183e-05
5.1217e-05
5.12158e-05
5.12146e-05
5.12134e-05
5.12122e-05
5.1211e-05
5.12098e-05
5.12086e-05
5.12074e-05
5.12062e-05
5.12049e-05
5.12037e-05
5.12025e-05
5.12013e-05
5.12001e-05
5.11989e-05
5.11978e-05
5.11966e-05
5.11954e-05
5.11942e-05
5.1193e-05
5.11918e-05
5.11906e-05
5.11894e-05
5.11882e-05
5.1187e-05
5.11859e-05
5.11847e-05
5.11835e-05
5.11823e-05
5.11811e-05
5.11799e-05
5.11788e-05
5.11776e-05
5.11764e-05
5.11752e-05
5.11741e-05
5.11729e-05
5.11717e-05
5.11706e-05
5.11694e-05
5.11682e-05
5.11671e-05
5.11659e-05
5.11647e-05
5.11636e-05
5.11624e-05
5.11612e-05
5.11601e-05
5.11589e-05
5.11578e-05
5.11566e-05
5.11555e-05
5.11543e-05
5.11532e-05
5.1152e-05
5.11509e-05
5.11497e-05
5.11486e-05
5.11474e-05
5.11463e-05
5.11451e-05
5.1144e-05
5.11428e-05
5.11417e-05
5.11406e-05
5.11394e-05
5.11383e-05
5.11372e-05
5.1136e-05
5.11349e-05
5.11338e-05
5.11326e-05
5.11315e-05
5.11304e-05
5.11292e-05
5.11281e-05
5.1127e-05
5.11259e-05
5.11247e-05
5.11236e-05
5.11225e-05
5.11214e-05
5.11203e-05
5.11191e-05
5.1118e-05
5.11169e-05
5.11158e-05
5.11147e-05
5.11136e-05
5.11125e-05
5.11113e-05
5.11102e-05
5.11091e-05
5.1108e-05
5.11069e-05
5.11058e-05
5.11047e-05
5.11036e-05
5.11025e-05
5.11014e-05
5.11003e-05
5.10992e-05
5.10981e-05
5.1097e-05
5.10959e-05
5.10948e-05
5.10937e-05
5.10927e-05
5.10916e-05
5.10905e-05
5.10894e-05
5.10883e-05
5.10872e-05
5.10861e-05
5.1085e-05
5.1084e-05
5.10829e-05
5.10818e-05
5.10807e-05
5.10796e-05
5.10786e-05
5.10775e-05
5.10764e-05
5.10753e-05
5.10743e-05
5.10732e-05
5.10721e-05
5.10711e-05
5.107e-05
5.10689e-05
5.10679e-05
5.10668e-05
5.10657e-05
5.10647e-05
5.10636e-05
5.10625e-05
5.10615e-05
5.10604e-05
5.10594e-05
5.10583e-05
5.10573e-05
5.10562e-05
5.10552e-05
5.10541e-05
5.1053e-05
5.1052e-05
5.10509e-05
5.10499e-05
5.10489e-05
5.10478e-05
5.10468e-05
5.10457e-05
5.10447e-05
5.10436e-05
5.10426e-05
5.10416e-05
5.10405e-05
5.10395e-05
5.10384e-05
5.10374e-05
5.10364e-05
5.10353e-05
5.10343e-05
5.10333e-05
5.10322e-05
5.10312e-05
5.10302e-05
5.10292e-05
5.10281e-05
5.10271e-05
5.10261e-05
5.10251e-05
5.1024e-05
5.1023e-05
5.1022e-05
5.1021e-05
5.102e-05
5.10189e-05
5.10179e-05
5.10169e-05
5.10159e-05
5.10149e-05
5.10139e-05
5.10129e-05
5.10119e-05
5.10108e-05
5.10098e-05
5.10088e-05
5.10078e-05
5.10068e-05
5.10058e-05
5.10048e-05
5.10038e-05
5.10028e-05
5.10018e-05
5.10008e-05
5.09998e-05
5.09988e-05
5.09978e-05
5.09968e-05
5.09958e-05
5.09948e-05
5.09938e-05
5.09929e-05
5.09919e-05
5.09909e-05
5.09899e-05
5.09889e-05
5.09879e-05
5.09869e-05
5.0986e-05
5.0985e-05
5.0984e-05
5.0983e-05
5.0982e-05
5.0981e-05
5.09801e-05
5.09791e-05
5.09781e-05
5.09771e-05
5.09762e-05
5.09752e-05
5.09742e-05
5.09733e-05
5.09723e-05
5.09713e-05
5.09703e-05
5.09694e-05
5.09684e-05
5.09674e-05
5.09665e-05
5.09655e-05
5.09646e-05
5.09636e-05
5.09626e-05
5.09617e-05
5.09607e-05
5.09598e-05
5.09588e-05
5.09578e-05
5.09569e-05
5.09559e-05
5.0955e-05
5.0954e-05
5.09531e-05
5.09521e-05
5.09512e-05
5.09502e-05
5.09493e-05
5.09483e-05
5.09474e-05
5.09465e-05
5.09455e-05
5.09446e-05
5.09436e-05
5.09427e-05
5.09417e-05
5.09408e-05
5.09399e-05
5.09389e-05
5.0938e-05
5.09371e-05
5.09361e-05
5.09352e-05
5.09343e-05
5.09333e-05
5.09324e-05
5.09315e-05
5.09305e-05
5.09296e-05
5.09287e-05
5.09278e-05
5.09268e-05
5.09259e-05
5.0925e-05
5.09241e-05
5.09232e-05
5.09222e-05
5.09213e-05
5.09204e-05
5.09195e-05
5.09186e-05
5.09177e-05
5.09167e-05
5.09158e-05
5.09149e-05
5.0914e-05
5.09131e-05
5.09122e-05
5.09113e-05
5.09104e-05
5.09095e-05
5.09085e-05
5.09076e-05
5.09067e-05
5.09058e-05
5.09049e-05
5.0904e-05
5.09031e-05
5.09022e-05
5.09013e-05
5.09004e-05
5.08995e-05
5.08986e-05
5.08977e-05
5.08969e-05
5.0896e-05
5.08951e-05
5.08942e-05
5.08933e-05
5.08924e-05
5.08915e-05
5.08906e-05
5.08897e-05
5.08888e-05
5.0888e-05
5.08871e-05
5.08862e-05
5.08853e-05
5.08844e-05
5.08835e-05
5.08827e-05
5.08818e-05
5.08809e-05
5.088e-05
5.08792e-05
5.08783e-05
5.08774e-05
5.08765e-05
5.08757e-05
5.08748e-05
5.08739e-05
5.0873e-05
5.08722e-05
5.08713e-05
5.08704e-05
5.08696e-05
5.08687e-05
5.08678e-05
5.0867e-05
5.08661e-05
5.08652e-05
5.08644e-05
5.08635e-05
5.08627e-05
5.08618e-05
5.08609e-05
5.08601e-05
5.08592e-05
5.08584e-05
5.08575e-05
5.08567e-05
5.08558e-05
5.0855e-05
5.08541e-05
5.08533e-05
5.08524e-05
5.08516e-05
5.08507e-05
5.08499e-05
5.0849e-05
5.08482e-05
5.08473e-05
5.08465e-05
5.08456e-05
5.08448e-05
5.0844e-05
5.08431e-05
5.08423e-05
5.08414e-05
5.08406e-05
5.08398e-05
5.08389e-05
5.08381e-05
5.08373e-05
5.08364e-05
5.08356e-05
5.08348e-05
5.08339e-05
5.08331e-05
5.08323e-05
5.08314e-05
5.08306e-05
5.08298e-05
5.0829e-05
5.08281e-05
5.08273e-05
5.08265e-05
5.08257e-05
5.08248e-05
5.0824e-05
5.08232e-05
5.08224e-05
5.08216e-05
5.08207e-05
5.08199e-05
5.08191e-05
5.08183e-05
5.08175e-05
5.08167e-05
5.08158e-05
5.0815e-05
5.08142e-05
5.08134e-05
5.08126e-05
5.08118e-05
5.0811e-05
5.08102e-05
5.08094e-05
5.08086e-05
5.08078e-05
5.0807e-05
5.08062e-05
5.08053e-05
5.08045e-05
5.08037e-05
5.08029e-05
5.08021e-05
5.08013e-05
5.08005e-05
5.07998e-05
5.0799e-05
5.07982e-05
5.07974e-05
5.07966e-05
5.07958e-05
5.0795e-05
5.07942e-05
5.07934e-05
5.07926e-05
5.07918e-05
5.0791e-05
5.07903e-05
5.07895e-05
5.07887e-05
5.07879e-05
5.07871e-05
5.07863e-05
5.07855e-05
5.07848e-05
5.0784e-05
5.07832e-05
5.07824e-05
5.07816e-05
5.07809e-05
5.07801e-05
5.07793e-05
5.07785e-05
5.07778e-05
5.0777e-05
5.07762e-05
5.07754e-05
5.07747e-05
5.07739e-05
5.07731e-05
5.07724e-05
5.07716e-05
5.07708e-05
5.077e-05
5.07693e-05
5.07685e-05
5.07678e-05
5.0767e-05
5.07662e-05
5.07655e-05
5.07647e-05
5.07639e-05
5.07632e-05
5.07624e-05
5.07617e-05
5.07609e-05
5.07601e-05
5.07594e-05
5.07586e-05
5.07579e-05
5.07571e-05
5.07564e-05
5.07556e-05
5.07549e-05
5.07541e-05
5.07534e-05
5.07526e-05
5.07519e-05
5.07511e-05
5.07504e-05
5.07496e-05
5.07489e-05
5.07481e-05
5.07474e-05
5.07466e-05
5.07459e-05
5.07452e-05
5.07444e-05
5.07437e-05
5.07429e-05
5.07422e-05
5.07415e-05
5.07407e-05
5.074e-05
5.07392e-05
5.07385e-05
5.07378e-05
5.0737e-05
5.07363e-05
5.07356e-05
5.07348e-05
5.07341e-05
5.07334e-05
5.07326e-05
5.07319e-05
5.07312e-05
5.07305e-05
5.07297e-05
5.0729e-05
5.07283e-05
5.07276e-05
5.07268e-05
5.07261e-05
5.07254e-05
5.07247e-05
5.07239e-05
5.07232e-05
5.07225e-05
5.07218e-05
5.07211e-05
5.07204e-05
5.07196e-05
5.07189e-05
5.07182e-05
5.07175e-05
5.07168e-05
5.07161e-05
5.07154e-05
5.07146e-05
5.07139e-05
5.07132e-05
5.07125e-05
5.07118e-05
5.07111e-05
5.07104e-05
5.07097e-05
5.0709e-05
5.07083e-05
5.07076e-05
5.07069e-05
5.07062e-05
5.07055e-05
5.07047e-05
5.0704e-05
5.07033e-05
5.07026e-05
5.07019e-05
5.07013e-05
5.07006e-05
5.06999e-05
5.06992e-05
5.06985e-05
5.06978e-05
5.06971e-05
5.06964e-05
5.06957e-05
5.0695e-05
5.06943e-05
5.06936e-05
5.06929e-05
5.06922e-05
5.06915e-05
5.06909e-05
5.06902e-05
5.06895e-05
5.06888e-05
5.06881e-05
5.06874e-05
5.06867e-05
5.06861e-05
5.06854e-05
5.06847e-05
5.0684e-05
5.06833e-05
5.06827e-05
5.0682e-05
5.06813e-05
5.06806e-05
5.06799e-05
5.06793e-05
5.06786e-05
5.06779e-05
5.06772e-05
5.06766e-05
5.06759e-05
5.06752e-05
5.06746e-05
5.06739e-05
5.06732e-05
5.06725e-05
5.06719e-05
5.06712e-05
5.06705e-05
5.06699e-05
5.06692e-05
5.06685e-05
5.06679e-05
5.06672e-05
5.06665e-05
5.06659e-05
5.06652e-05
5.06646e-05
5.06639e-05
5.06632e-05
5.06626e-05
5.06619e-05
5.06613e-05
5.06606e-05
5.06599e-05
5.06593e-05
5.06586e-05
5.0658e-05
5.06573e-05
5.06567e-05
5.0656e-05
5.06554e-05
5.06547e-05
5.06541e-05
5.06534e-05
5.06528e-05
5.06521e-05
5.06515e-05
5.06508e-05
5.06502e-05
5.06495e-05
5.06489e-05
5.06482e-05
5.06476e-05
5.06469e-05
5.06463e-05
5.06457e-05
5.0645e-05
5.06444e-05
5.06437e-05
5.06431e-05
5.06425e-05
5.06418e-05
5.06412e-05
5.06405e-05
5.06399e-05
5.06393e-05
5.06386e-05
5.0638e-05
5.06374e-05
5.06367e-05
5.06361e-05
5.06355e-05
5.06348e-05
5.06342e-05
5.06336e-05
5.06329e-05
5.06323e-05
5.06317e-05
5.0631e-05
5.06304e-05
5.06298e-05
5.06292e-05
5.06285e-05
5.06279e-05
5.06273e-05
5.06267e-05
5.0626e-05
5.06254e-05
5.06248e-05
5.06242e-05
5.06236e-05
5.06229e-05
5.06223e-05
5.06217e-05
5.06211e-05
5.06205e-05
5.06198e-05
5.06192e-05
5.06186e-05
5.0618e-05
5.06174e-05
5.06168e-05
5.06162e-05
5.06155e-05
5.06149e-05
5.06143e-05
5.06137e-05
5.06131e-05
5.06125e-05
5.06119e-05
5.06113e-05
5.06107e-05
5.06101e-05
5.06095e-05
5.06088e-05
5.06082e-05
5.06076e-05
5.0607e-05
5.06064e-05
5.06058e-05
5.06052e-05
5.06046e-05
5.0604e-05
5.06034e-05
5.06028e-05
5.06022e-05
5.06016e-05
5.0601e-05
5.06004e-05
5.05998e-05
5.05992e-05
5.05986e-05
5.0598e-05
5.05975e-05
5.05969e-05
5.05963e-05
5.05957e-05
5.05951e-05
5.05945e-05
5.05939e-05
5.05933e-05
5.05927e-05
5.05921e-05
5.05915e-05
5.0591e-05
5.05904e-05
5.05898e-05
5.05892e-05
5.05886e-05
5.0588e-05
5.05874e-05
5.05869e-05
5.05863e-05
5.05857e-05
5.05851e-05
5.05845e-05
5.05839e-05
5.05834e-05
5.05828e-05
5.05822e-05
5.05816e-05
5.0581e-05
5.05805e-05
5.05799e-05
5.05793e-05
5.05787e-05
5.05782e-05
5.05776e-05
5.0577e-05
5.05764e-05
5.05759e-05
5.05753e-05
5.05747e-05
5.05742e-05
5.05736e-05
5.0573e-05
5.05724e-05
5.05719e-05
5.05713e-05
5.05707e-05
5.05702e-05
5.05696e-05
5.0569e-05
5.05685e-05
5.05679e-05
5.05673e-05
5.05668e-05
5.05662e-05
5.05657e-05
5.05651e-05
5.05645e-05
5.0564e-05
5.05634e-05
5.05628e-05
5.05623e-05
5.05617e-05
5.05612e-05
5.05606e-05
5.05601e-05
5.05595e-05
5.05589e-05
5.05584e-05
5.05578e-05
5.05573e-05
5.05567e-05
5.05562e-05
5.05556e-05
5.05551e-05
5.05545e-05
5.0554e-05
5.05534e-05
5.05529e-05
5.05523e-05
5.05518e-05
5.05512e-05
5.05507e-05
5.05501e-05
5.05496e-05
5.0549e-05
5.05485e-05
5.05479e-05
5.05474e-05
5.05468e-05
5.05463e-05
5.05458e-05
5.05452e-05
5.05447e-05
5.05441e-05
5.05436e-05
5.05431e-05
5.05425e-05
5.0542e-05
5.05414e-05
5.05409e-05
5.05404e-05
5.05398e-05
5.05393e-05
5.05388e-05
5.05382e-05
5.05377e-05
5.05372e-05
5.05366e-05
5.05361e-05
5.05356e-05
5.0535e-05
5.05345e-05
5.0534e-05
5.05334e-05
5.05329e-05
5.05324e-05
5.05318e-05
5.05313e-05
5.05308e-05
5.05303e-05
5.05297e-05
5.05292e-05
5.05287e-05
5.05281e-05
5.05276e-05
5.05271e-05
5.05266e-05
5.05261e-05
5.05255e-05
5.0525e-05
5.05245e-05
5.0524e-05
5.05234e-05
5.05229e-05
5.05224e-05
5.05219e-05
5.05214e-05
5.05209e-05
5.05203e-05
5.05198e-05
5.05193e-05
5.05188e-05
5.05183e-05
5.05178e-05
5.05172e-05
5.05167e-05
5.05162e-05
5.05157e-05
5.05152e-05
5.05147e-05
5.05142e-05
5.05137e-05
5.05131e-05
5.05126e-05
5.05121e-05
5.05116e-05
5.05111e-05
5.05106e-05
5.05101e-05
5.05096e-05
5.05091e-05
5.05086e-05
5.05081e-05
5.05076e-05
5.05071e-05
5.05066e-05
5.05061e-05
5.05055e-05
5.0505e-05
5.05045e-05
5.0504e-05
5.05035e-05
5.0503e-05
5.05025e-05
5.0502e-05
5.05015e-05
5.0501e-05
5.05006e-05
5.05001e-05
5.04996e-05
5.04991e-05
5.04986e-05
5.04981e-05
5.04976e-05
5.04971e-05
5.04966e-05
5.04961e-05
5.04956e-05
5.04951e-05
5.04946e-05
5.04941e-05
5.04936e-05
5.04931e-05
5.04927e-05
5.04922e-05
5.04917e-05
5.04912e-05
5.04907e-05
5.04902e-05
5.04897e-05
5.04892e-05
5.04888e-05
5.04883e-05
5.04878e-05
5.04873e-05
5.04868e-05
5.04863e-05
5.04858e-05
5.04854e-05
5.04849e-05
5.04844e-05
5.04839e-05
5.04834e-05
5.0483e-05
5.04825e-05
5.0482e-05
5.04815e-05
5.0481e-05
5.04806e-05
5.04801e-05
5.04796e-05
5.04791e-05
5.04787e-05
5.04782e-05
5.04777e-05
5.04772e-05
5.04768e-05
5.04763e-05
5.04758e-05
5.04753e-05
5.04749e-05
5.04744e-05
5.04739e-05
5.04735e-05
5.0473e-05
5.04725e-05
5.0472e-05
5.04716e-05
5.04711e-05
5.04706e-05
5.04702e-05
5.04697e-05
5.04692e-05
5.04688e-05
5.04683e-05
5.04678e-05
5.04674e-05
5.04669e-05
5.04665e-05
5.0466e-05
5.04655e-05
5.04651e-05
5.04646e-05
5.04641e-05
5.04637e-05
5.04632e-05
5.04628e-05
5.04623e-05
5.04618e-05
5.04614e-05
5.04609e-05
5.04605e-05
5.046e-05
5.04596e-05
5.04591e-05
5.04586e-05
5.04582e-05
5.04577e-05
5.04573e-05
5.04568e-05
5.04564e-05
5.04559e-05
5.04555e-05
5.0455e-05
5.04546e-05
5.04541e-05
5.04537e-05
5.04532e-05
5.04528e-05
5.04523e-05
5.04519e-05
5.04514e-05
5.0451e-05
5.04505e-05
5.04501e-05
5.04496e-05
5.04492e-05
5.04487e-05
5.04483e-05
5.04478e-05
5.04474e-05
5.04469e-05
5.04465e-05
5.04461e-05
5.04456e-05
5.04452e-05
5.04447e-05
5.04443e-05
5.04439e-05
5.04434e-05
5.0443e-05
5.04425e-05
5.04421e-05
5.04417e-05
5.04412e-05
5.04408e-05
5.04403e-05
5.04399e-05
5.04395e-05
5.0439e-05
5.04386e-05
5.04382e-05
5.04377e-05
5.04373e-05
5.04369e-05
5.04364e-05
5.0436e-05
5.04356e-05
5.04351e-05
5.04347e-05
5.04343e-05
5.04338e-05
5.04334e-05
5.0433e-05
5.04325e-05
5.04321e-05
5.04317e-05
5.04313e-05
5.04308e-05
5.04304e-05
5.043e-05
5.04295e-05
5.04291e-05
5.04287e-05
5.04283e-05
5.04278e-05
5.04274e-05
5.0427e-05
5.04266e-05
5.04261e-05
5.04257e-05
5.04253e-05
5.04249e-05
5.04245e-05
5.0424e-05
5.04236e-05
5.04232e-05
5.04228e-05
5.04223e-05
5.04219e-05
5.04215e-05
5.04211e-05
5.04207e-05
5.04203e-05
5.04198e-05
5.04194e-05
5.0419e-05
5.04186e-05
5.04182e-05
5.04178e-05
5.04173e-05
5.04169e-05
5.04165e-05
5.04161e-05
5.04157e-05
5.04153e-05
5.04149e-05
5.04145e-05
5.0414e-05
5.04136e-05
5.04132e-05
5.04128e-05
5.04124e-05
5.0412e-05
5.04116e-05
5.04112e-05
5.04108e-05
5.04104e-05
5.041e-05
5.04095e-05
5.04091e-05
5.04087e-05
5.04083e-05
5.04079e-05
5.04075e-05
5.04071e-05
5.04067e-05
5.04063e-05
5.04059e-05
5.04055e-05
5.04051e-05
5.04047e-05
5.04043e-05
5.04039e-05
5.04035e-05
5.04031e-05
5.04027e-05
5.04023e-05
5.04019e-05
5.04015e-05
5.04011e-05
5.04007e-05
5.04003e-05
5.03999e-05
5.03995e-05
5.03991e-05
5.03987e-05
5.03983e-05
5.03979e-05
5.03975e-05
5.03971e-05
5.03967e-05
5.03963e-05
5.0396e-05
5.03956e-05
5.03952e-05
5.03948e-05
5.03944e-05
5.0394e-05
5.03936e-05
5.03932e-05
5.03928e-05
5.03924e-05
5.0392e-05
5.03917e-05
5.03913e-05
5.03909e-05
5.03905e-05
5.03901e-05
5.03897e-05
5.03893e-05
5.03889e-05
5.03886e-05
5.03882e-05
5.03878e-05
5.03874e-05
5.0387e-05
5.03866e-05
5.03862e-05
5.03859e-05
5.03855e-05
5.03851e-05
5.03847e-05
5.03843e-05
5.0384e-05
5.03836e-05
5.03832e-05
5.03828e-05
5.03824e-05
5.03821e-05
5.03817e-05
5.03813e-05
5.03809e-05
5.03805e-05
5.03802e-05
5.03798e-05
5.03794e-05
5.0379e-05
5.03787e-05
5.03783e-05
5.03779e-05
5.03775e-05
5.03772e-05
5.03768e-05
5.03764e-05
5.0376e-05
5.03757e-05
5.03753e-05
5.03749e-05
5.03745e-05
5.03742e-05
5.03738e-05
5.03734e-05
5.03731e-05
5.03727e-05
5.03723e-05
5.03719e-05
5.03716e-05
5.03712e-05
5.03708e-05
5.03705e-05
5.03701e-05
5.03697e-05
5.03694e-05
5.0369e-05
5.03686e-05
5.03683e-05
5.03679e-05
5.03675e-05
5.03672e-05
5.03668e-05
5.03665e-05
5.03661e-05
5.03657e-05
5.03654e-05
5.0365e-05
5.03646e-05
5.03643e-05
5.03639e-05
5.03636e-05
5.03632e-05
5.03628e-05
5.03625e-05
5.03621e-05
5.03618e-05
5.03614e-05
5.0361e-05
5.03607e-05
5.03603e-05
5.036e-05
5.03596e-05
5.03592e-05
5.03589e-05
5.03585e-05
5.03582e-05
5.03578e-05
5.03575e-05
5.03571e-05
5.03568e-05
5.03564e-05
5.03561e-05
5.03557e-05
5.03553e-05
5.0355e-05
5.03546e-05
5.03543e-05
5.03539e-05
5.03536e-05
5.03532e-05
5.03529e-05
5.03525e-05
5.03522e-05
5.03518e-05
5.03515e-05
5.03511e-05
5.03508e-05
5.03504e-05
5.03501e-05
5.03497e-05
5.03494e-05
5.03491e-05
5.03487e-05
5.03484e-05
5.0348e-05
5.03477e-05
5.03473e-05
5.0347e-05
5.03466e-05
5.03463e-05
5.0346e-05
5.03456e-05
5.03453e-05
5.03449e-05
5.03446e-05
5.03442e-05
5.03439e-05
5.03436e-05
5.03432e-05
5.03429e-05
5.03425e-05
5.03422e-05
5.03419e-05
5.03415e-05
5.03412e-05
5.03408e-05
5.03405e-05
5.03402e-05
5.03398e-05
5.03395e-05
5.03392e-05
5.03388e-05
5.03385e-05
5.03381e-05
5.03378e-05
5.03375e-05
5.03371e-05
5.03368e-05
5.03365e-05
5.03361e-05
5.03358e-05
5.03355e-05
5.03351e-05
5.03348e-05
5.03345e-05
5.03341e-05
5.03338e-05
5.03335e-05
5.03332e-05
5.03328e-05
5.03325e-05
5.03322e-05
5.03318e-05
5.03315e-05
5.03312e-05
5.03308e-05
5.03305e-05
5.03302e-05
5.03299e-05
5.03295e-05
5.03292e-05
5.03289e-05
5.03286e-05
5.03282e-05
5.03279e-05
5.03276e-05
5.03273e-05
5.03269e-05
5.03266e-05
5.03263e-05
5.0326e-05
5.03256e-05
5.03253e-05
5.0325e-05
5.03247e-05
5.03243e-05
5.0324e-05
5.03237e-05
5.03234e-05
5.03231e-05
5.03227e-05
5.03224e-05
5.03221e-05
5.03218e-05
5.03215e-05
5.03211e-05
5.03208e-05
5.03205e-05
5.03202e-05
5.03199e-05
5.03196e-05
5.03192e-05
5.03189e-05
5.03186e-05
5.03183e-05
5.0318e-05
5.03177e-05
5.03173e-05
5.0317e-05
5.03167e-05
5.03164e-05
5.03161e-05
5.03158e-05
5.03155e-05
5.03151e-05
5.03148e-05
5.03145e-05
5.03142e-05
5.03139e-05
5.03136e-05
5.03133e-05
5.0313e-05
5.03127e-05
5.03123e-05
5.0312e-05
5.03117e-05
5.03114e-05
5.03111e-05
5.03108e-05
5.03105e-05
5.03102e-05
5.03099e-05
5.03096e-05
5.03093e-05
5.0309e-05
5.03087e-05
5.03083e-05
5.0308e-05
5.03077e-05
5.03074e-05
5.03071e-05
5.03068e-05
5.03065e-05
5.03062e-05
5.03059e-05
5.03056e-05
5.03053e-05
5.0305e-05
5.03047e-05
5.03044e-05
5.03041e-05
5.03038e-05
5.03035e-05
5.03032e-05
5.03029e-05
5.03026e-05
5.03023e-05
5.0302e-05
5.03017e-05
5.03014e-05
5.03011e-05
5.03008e-05
5.03005e-05
5.03002e-05
5.02999e-05
5.02996e-05
5.02993e-05
5.0299e-05
5.02987e-05
5.02984e-05
5.02981e-05
5.02978e-05
5.02975e-05
5.02972e-05
5.02969e-05
5.02966e-05
5.02964e-05
5.02961e-05
5.02958e-05
5.02955e-05
5.02952e-05
5.02949e-05
5.02946e-05
5.02943e-05
5.0294e-05
5.02937e-05
5.02934e-05
5.02931e-05
5.02928e-05
5.02926e-05
5.02923e-05
5.0292e-05
5.02917e-05
5.02914e-05
5.02911e-05
5.02908e-05
5.02905e-05
5.02902e-05
5.029e-05
5.02897e-05
5.02894e-05
5.02891e-05
5.02888e-05
5.02885e-05
5.02882e-05
5.02879e-05
5.02877e-05
5.02874e-05
5.02871e-05
5.02868e-05
5.02865e-05
5.02862e-05
5.0286e-05
5.02857e-05
5.02854e-05
5.02851e-05
5.02848e-05
5.02845e-05
5.02843e-05
5.0284e-05
5.02837e-05
5.02834e-05
5.02831e-05
5.02829e-05
5.02826e-05
5.02823e-05
5.0282e-05
5.02817e-05
5.02815e-05
5.02812e-05
5.02809e-05
5.02806e-05
5.02803e-05
5.02801e-05
5.02798e-05
5.02795e-05
5.02792e-05
5.0279e-05
5.02787e-05
5.02784e-05
5.02781e-05
5.02779e-05
5.02776e-05
5.02773e-05
5.0277e-05
5.02768e-05
5.02765e-05
5.02762e-05
5.02759e-05
5.02757e-05
5.02754e-05
5.02751e-05
5.02748e-05
5.02746e-05
5.02743e-05
5.0274e-05
5.02737e-05
5.02735e-05
5.02732e-05
5.02729e-05
5.02727e-05
5.02724e-05
5.02721e-05
5.02719e-05
5.02716e-05
5.02713e-05
5.0271e-05
5.02708e-05
5.02705e-05
5.02702e-05
5.027e-05
5.02697e-05
5.02694e-05
5.02692e-05
5.02689e-05
5.02686e-05
5.02684e-05
5.02681e-05
5.02678e-05
5.02676e-05
5.02673e-05
5.0267e-05
5.02668e-05
5.02665e-05
5.02663e-05
5.0266e-05
5.02657e-05
5.02655e-05
5.02652e-05
5.02649e-05
5.02647e-05
5.02644e-05
5.02642e-05
5.02639e-05
5.02636e-05
5.02634e-05
5.02631e-05
5.02628e-05
5.02626e-05
5.02623e-05
5.02621e-05
5.02618e-05
5.02615e-05
5.02613e-05
5.0261e-05
5.02608e-05
5.02605e-05
5.02603e-05
5.026e-05
5.02597e-05
5.02595e-05
5.02592e-05
5.0259e-05
5.02587e-05
5.02585e-05
5.02582e-05
5.02579e-05
5.02577e-05
5.02574e-05
5.02572e-05
5.02569e-05
5.02567e-05
5.02564e-05
5.02562e-05
5.02559e-05
5.02556e-05
5.02554e-05
5.02551e-05
5.02549e-05
5.02546e-05
5.02544e-05
5.02541e-05
5.02539e-05
5.02536e-05
5.02534e-05
5.02531e-05
5.02529e-05
5.02526e-05
5.02524e-05
5.02521e-05
5.02519e-05
5.02516e-05
5.02514e-05
5.02511e-05
5.02509e-05
5.02506e-05
5.02504e-05
5.02501e-05
5.02499e-05
5.02496e-05
5.02494e-05
5.02491e-05
5.02489e-05
5.02487e-05
5.02484e-05
5.02482e-05
5.02479e-05
5.02477e-05
5.02474e-05
5.02472e-05
5.02469e-05
5.02467e-05
5.02464e-05
5.02462e-05
5.0246e-05
5.02457e-05
5.02455e-05
5.02452e-05
5.0245e-05
5.02447e-05
5.02445e-05
5.02443e-05
5.0244e-05
5.02438e-05
5.02435e-05
5.02433e-05
5.0243e-05
5.02428e-05
5.02426e-05
5.02423e-05
5.02421e-05
5.02418e-05
5.02416e-05
5.02414e-05
5.02411e-05
5.02409e-05
5.02406e-05
5.02404e-05
5.02402e-05
5.02399e-05
5.02397e-05
5.02395e-05
5.02392e-05
5.0239e-05
5.02387e-05
5.02385e-05
5.02383e-05
5.0238e-05
5.02378e-05
5.02376e-05
5.02373e-05
5.02371e-05
5.02369e-05
5.02366e-05
5.02364e-05
5.02362e-05
5.02359e-05
5.02357e-05
5.02355e-05
5.02352e-05
5.0235e-05
5.02348e-05
5.02345e-05
5.02343e-05
5.02341e-05
5.02338e-05
5.02336e-05
5.02334e-05
5.02331e-05
5.02329e-05
5.02327e-05
5.02324e-05
5.02322e-05
5.0232e-05
5.02318e-05
5.02315e-05
5.02313e-05
5.02311e-05
5.02308e-05
5.02306e-05
5.02304e-05
5.02302e-05
5.02299e-05
5.02297e-05
5.02295e-05
5.02292e-05
5.0229e-05
5.02288e-05
5.02286e-05
5.02283e-05
5.02281e-05
5.02279e-05
5.02277e-05
5.02274e-05
5.02272e-05
5.0227e-05
5.02268e-05
5.02265e-05
5.02263e-05
5.02261e-05
5.02259e-05
5.02256e-05
5.02254e-05
5.02252e-05
5.0225e-05
5.02247e-05
5.02245e-05
5.02243e-05
5.02241e-05
5.02239e-05
5.02236e-05
5.02234e-05
5.02232e-05
5.0223e-05
5.02227e-05
5.02225e-05
5.02223e-05
5.02221e-05
5.02219e-05
5.02216e-05
5.02214e-05
5.02212e-05
5.0221e-05
5.02208e-05
5.02206e-05
5.02203e-05
5.02201e-05
5.02199e-05
5.02197e-05
5.02195e-05
5.02192e-05
5.0219e-05
5.02188e-05
5.02186e-05
5.02184e-05
5.02182e-05
5.02179e-05
5.02177e-05
5.02175e-05
5.02173e-05
5.02171e-05
5.02169e-05
5.02167e-05
5.02164e-05
5.02162e-05
5.0216e-05
5.02158e-05
5.02156e-05
5.02154e-05
5.02152e-05
5.02149e-05
5.02147e-05
5.02145e-05
5.02143e-05
5.02141e-05
5.02139e-05
5.02137e-05
5.02135e-05
5.02132e-05
5.0213e-05
5.02128e-05
5.02126e-05
5.02124e-05
5.02122e-05
5.0212e-05
5.02118e-05
5.02116e-05
5.02114e-05
5.02111e-05
5.02109e-05
5.02107e-05
5.02105e-05
5.02103e-05
5.02101e-05
5.02099e-05
5.02097e-05
5.02095e-05
5.02093e-05
5.02091e-05
5.02089e-05
5.02086e-05
5.02084e-05
5.02082e-05
5.0208e-05
5.02078e-05
5.02076e-05
5.02074e-05
5.02072e-05
5.0207e-05
5.02068e-05
5.02066e-05
5.02064e-05
5.02062e-05
5.0206e-05
5.02058e-05
5.02056e-05
5.02054e-05
5.02052e-05
5.0205e-05
5.02048e-05
5.02046e-05
5.02044e-05
5.02041e-05
5.02039e-05
5.02037e-05
5.02035e-05
5.02033e-05
5.02031e-05
5.02029e-05
5.02027e-05
5.02025e-05
5.02023e-05
5.02021e-05
5.02019e-05
5.02017e-05
5.02015e-05
5.02013e-05
5.02011e-05
5.02009e-05
5.02007e-05
5.02005e-05
5.02003e-05
5.02001e-05
5.01999e-05
5.01997e-05
5.01996e-05
5.01994e-05
5.01992e-05
5.0199e-05
5.01988e-05
5.01986e-05
5.01984e-05
5.01982e-05
5.0198e-05
5.01978e-05
5.01976e-05
5.01974e-05
5.01972e-05
5.0197e-05
5.01968e-05
5.01966e-05
5.01964e-05
5.01962e-05
5.0196e-05
5.01958e-05
5.01956e-05
5.01954e-05
5.01952e-05
5.01951e-05
5.01949e-05
5.01947e-05
5.01945e-05
5.01943e-05
5.01941e-05
5.01939e-05
5.01937e-05
5.01935e-05
5.01933e-05
5.01931e-05
5.01929e-05
5.01928e-05
5.01926e-05
5.01924e-05
5.01922e-05
5.0192e-05
5.01918e-05
5.01916e-05
5.01914e-05
5.01912e-05
5.0191e-05
5.01909e-05
5.01907e-05
5.01905e-05
5.01903e-05
5.01901e-05
5.01899e-05
5.01897e-05
5.01895e-05
5.01893e-05
5.01892e-05
5.0189e-05
5.01888e-05
5.01886e-05
5.01884e-05
5.01882e-05
5.0188e-05
5.01878e-05
5.01877e-05
5.01875e-05
5.01873e-05
5.01871e-05
5.01869e-05
5.01867e-05
5.01866e-05
5.01864e-05
5.01862e-05
5.0186e-05
5.01858e-05
5.01856e-05
5.01854e-05
5.01853e-05
5.01851e-05
5.01849e-05
5.01847e-05
5.01845e-05
5.01843e-05
5.01842e-05
5.0184e-05
5.01838e-05
5.01836e-05
5.01834e-05
5.01833e-05
5.01831e-05
5.01829e-05
5.01827e-05
5.01825e-05
5.01824e-05
5.01822e-05
5.0182e-05
5.01818e-05
5.01816e-05
5.01814e-05
5.01813e-05
5.01811e-05
5.01809e-05
5.01807e-05
5.01806e-05
5.01804e-05
5.01802e-05
5.018e-05
5.01798e-05
5.01797e-05
5.01795e-05
5.01793e-05
5.01791e-05
5.0179e-05
5.01788e-05
5.01786e-05
5.01784e-05
5.01782e-05
5.01781e-05
5.01779e-05
5.01777e-05
5.01775e-05
5.01774e-05
5.01772e-05
5.0177e-05
5.01768e-05
5.01767e-05
5.01765e-05
5.01763e-05
5.01761e-05
5.0176e-05
5.01758e-05
5.01756e-05
5.01754e-05
5.01753e-05
5.01751e-05
5.01749e-05
5.01747e-05
5.01746e-05
5.01744e-05
5.01742e-05
5.01741e-05
5.01739e-05
5.01737e-05
5.01735e-05
5.01734e-05
5.01732e-05
5.0173e-05
5.01729e-05
5.01727e-05
5.01725e-05
5.01723e-05
5.01722e-05
5.0172e-05
5.01718e-05
5.01717e-05
5.01715e-05
5.01713e-05
5.01712e-05
5.0171e-05
5.01708e-05
5.01706e-05
5.01705e-05
5.01703e-05
5.01701e-05
5.017e-05
5.01698e-05
5.01696e-05
5.01695e-05
5.01693e-05
5.01691e-05
5.0169e-05
5.01688e-05
5.01686e-05
5.01685e-05
5.01683e-05
5.01681e-05
5.0168e-05
5.01678e-05
5.01676e-05
5.01675e-05
5.01673e-05
5.01671e-05
5.0167e-05
5.01668e-05
5.01666e-05
5.01665e-05
5.01663e-05
5.01661e-05
5.0166e-05
5.01658e-05
5.01656e-05
5.01655e-05
5.01653e-05
5.01652e-05
5.0165e-05
5.01648e-05
5.01647e-05
5.01645e-05
5.01643e-05
5.01642e-05
5.0164e-05
5.01639e-05
5.01637e-05
5.01635e-05
5.01634e-05
5.01632e-05
5.0163e-05
5.01629e-05
5.01627e-05
5.01626e-05
5.01624e-05
5.01622e-05
5.01621e-05
5.01619e-05
5.01618e-05
5.01616e-05
5.01614e-05
5.01613e-05
5.01611e-05
5.0161e-05
5.01608e-05
5.01606e-05
5.01605e-05
5.01603e-05
5.01602e-05
5.016e-05
5.01598e-05
5.01597e-05
5.01595e-05
5.01594e-05
5.01592e-05
5.01591e-05
5.01589e-05
5.01587e-05
5.01586e-05
5.01584e-05
5.01583e-05
5.01581e-05
5.0158e-05
5.01578e-05
5.01576e-05
5.01575e-05
5.01573e-05
5.01572e-05
5.0157e-05
5.01569e-05
5.01567e-05
5.01566e-05
5.01564e-05
5.01563e-05
5.01561e-05
5.01559e-05
5.01558e-05
5.01556e-05
5.01555e-05
5.01553e-05
5.01552e-05
5.0155e-05
5.01549e-05
5.01547e-05
5.01546e-05
5.01544e-05
5.01543e-05
5.01541e-05
5.01539e-05
5.01538e-05
5.01536e-05
5.01535e-05
5.01533e-05
5.01532e-05
5.0153e-05
5.01529e-05
5.01527e-05
5.01526e-05
5.01524e-05
5.01523e-05
5.01521e-05
5.0152e-05
5.01518e-05
5.01517e-05
5.01515e-05
5.01514e-05
5.01512e-05
5.01511e-05
5.01509e-05
5.01508e-05
5.01506e-05
5.01505e-05
5.01503e-05
5.01502e-05
5.015e-05
5.01499e-05
5.01497e-05
5.01496e-05
5.01494e-05
5.01493e-05
5.01491e-05
5.0149e-05
5.01489e-05
5.01487e-05
5.01486e-05
5.01484e-05
5.01483e-05
5.01481e-05
5.0148e-05
5.01478e-05
5.01477e-05
5.01475e-05
5.01474e-05
5.01472e-05
5.01471e-05
5.01469e-05
5.01468e-05
5.01467e-05
5.01465e-05
5.01464e-05
5.01462e-05
5.01461e-05
5.01459e-05
5.01458e-05
5.01456e-05
5.01455e-05
5.01454e-05
5.01452e-05
5.01451e-05
5.01449e-05
5.01448e-05
5.01446e-05
5.01445e-05
5.01444e-05
5.01442e-05
5.01441e-05
5.01439e-05
5.01438e-05
5.01436e-05
5.01435e-05
5.01434e-05
5.01432e-05
5.01431e-05
5.01429e-05
5.01428e-05
5.01426e-05
5.01425e-05
5.01424e-05
5.01422e-05
5.01421e-05
5.01419e-05
5.01418e-05
5.01417e-05
5.01415e-05
5.01414e-05
5.01412e-05
5.01411e-05
5.0141e-05
5.01408e-05
5.01407e-05
5.01405e-05
5.01404e-05
5.01403e-05
5.01401e-05
5.014e-05
5.01399e-05
5.01397e-05
5.01396e-05
5.01394e-05
5.01393e-05
5.01392e-05
5.0139e-05
5.01389e-05
5.01388e-05
5.01386e-05
5.01385e-05
5.01383e-05
5.01382e-05
5.01381e-05
5.01379e-05
5.01378e-05
5.01377e-05
5.01375e-05
5.01374e-05
5.01372e-05
5.01371e-05
5.0137e-05
5.01368e-05
5.01367e-05
5.01366e-05
5.01364e-05
5.01363e-05
5.01362e-05
5.0136e-05
5.01359e-05
5.01358e-05
5.01356e-05
5.01355e-05
5.01354e-05
5.01352e-05
5.01351e-05
5.0135e-05
5.01348e-05
5.01347e-05
5.01346e-05
5.01344e-05
5.01343e-05
5.01342e-05
5.0134e-05
5.01339e-05
5.01338e-05
5.01336e-05
5.01335e-05
5.01334e-05
5.01332e-05
5.01331e-05
5.0133e-05
5.01328e-05
5.01327e-05
5.01326e-05
5.01324e-05
5.01323e-05
5.01322e-05
5.01321e-05
5.01319e-05
5.01318e-05
5.01317e-05
5.01315e-05
5.01314e-05
5.01313e-05
5.01311e-05
5.0131e-05
5.01309e-05
5.01308e-05
5.01306e-05
5.01305e-05
5.01304e-05
5.01302e-05
5.01301e-05
5.013e-05
5.01298e-05
5.01297e-05
5.01296e-05
5.01295e-05
5.01293e-05
5.01292e-05
5.01291e-05
5.0129e-05
5.01288e-05
5.01287e-05
5.01286e-05
5.01284e-05
5.01283e-05
5.01282e-05
5.01281e-05
5.01279e-05
5.01278e-05
5.01277e-05
5.01276e-05
5.01274e-05
5.01273e-05
5.01272e-05
5.01271e-05
5.01269e-05
5.01268e-05
5.01267e-05
5.01266e-05
5.01264e-05
5.01263e-05
5.01262e-05
5.01261e-05
5.01259e-05
5.01258e-05
5.01257e-05
5.01256e-05
5.01254e-05
5.01253e-05
5.01252e-05
5.01251e-05
5.01249e-05
5.01248e-05
5.01247e-05
5.01246e-05
5.01244e-05
5.01243e-05
5.01242e-05
5.01241e-05
5.01239e-05
5.01238e-05
5.01237e-05
5.01236e-05
5.01235e-05
5.01233e-05
5.01232e-05
5.01231e-05
5.0123e-05
5.01228e-05
5.01227e-05
5.01226e-05
5.01225e-05
5.01224e-05
5.01222e-05
5.01221e-05
5.0122e-05
5.01219e-05
5.01218e-05
5.01216e-05
5.01215e-05
5.01214e-05
5.01213e-05
5.01212e-05
5.0121e-05
5.01209e-05
5.01208e-05
5.01207e-05
5.01206e-05
5.01204e-05
5.01203e-05
5.01202e-05
5.01201e-05
5.012e-05
5.01198e-05
5.01197e-05
5.01196e-05
5.01195e-05
5.01194e-05
5.01193e-05
5.01191e-05
5.0119e-05
5.01189e-05
5.01188e-05
5.01187e-05
5.01186e-05
5.01184e-05
5.01183e-05
5.01182e-05
5.01181e-05
5.0118e-05
5.01178e-05
5.01177e-05
5.01176e-05
5.01175e-05
5.01174e-05
5.01173e-05
5.01172e-05
5.0117e-05
5.01169e-05
5.01168e-05
5.01167e-05
5.01166e-05
5.01165e-05
5.01163e-05
5.01162e-05
5.01161e-05
5.0116e-05
5.01159e-05
5.01158e-05
5.01157e-05
5.01155e-05
5.01154e-05
5.01153e-05
5.01152e-05
5.01151e-05
5.0115e-05
5.01149e-05
5.01147e-05
5.01146e-05
5.01145e-05
5.01144e-05
5.01143e-05
5.01142e-05
5.01141e-05
5.0114e-05
5.01138e-05
5.01137e-05
5.01136e-05
5.01135e-05
5.01134e-05
5.01133e-05
5.01132e-05
5.01131e-05
5.01129e-05
5.01128e-05
5.01127e-05
5.01126e-05
5.01125e-05
5.01124e-05
5.01123e-05
5.01122e-05
5.01121e-05
5.01119e-05
5.01118e-05
5.01117e-05
5.01116e-05
5.01115e-05
5.01114e-05
5.01113e-05
5.01112e-05
5.01111e-05
5.01109e-05
5.01108e-05
5.01107e-05
5.01106e-05
5.01105e-05
5.01104e-05
5.01103e-05
5.01102e-05
5.01101e-05
5.011e-05
5.01099e-05
5.01097e-05
5.01096e-05
5.01095e-05
5.01094e-05
5.01093e-05
5.01092e-05
5.01091e-05
5.0109e-05
5.01089e-05
5.01088e-05
5.01087e-05
5.01086e-05
5.01085e-05
5.01083e-05
5.01082e-05
5.01081e-05
5.0108e-05
5.01079e-05
5.01078e-05
5.01077e-05
5.01076e-05
5.01075e-05
5.01074e-05
5.01073e-05
5.01072e-05
5.01071e-05
5.0107e-05
5.01069e-05
5.01067e-05
5.01066e-05
5.01065e-05
5.01064e-05
5.01063e-05
5.01062e-05
5.01061e-05
5.0106e-05
5.01059e-05
5.01058e-05
5.01057e-05
5.01056e-05
5.01055e-05
5.01054e-05
5.01053e-05
5.01052e-05
5.01051e-05
5.0105e-05
5.01049e-05
5.01048e-05
5.01047e-05
5.01046e-05
5.01045e-05
5.01043e-05
5.01042e-05
5.01041e-05
5.0104e-05
5.01039e-05
5.01038e-05
5.01037e-05
5.01036e-05
5.01035e-05
5.01034e-05
5.01033e-05
5.01032e-05
5.01031e-05
5.0103e-05
5.01029e-05
5.01028e-05
5.01027e-05
5.01026e-05
5.01025e-05
5.01024e-05
5.01023e-05
5.01022e-05
5.01021e-05
5.0102e-05
5.01019e-05
5.01018e-05
5.01017e-05
5.01016e-05
5.01015e-05
5.01014e-05
5.01013e-05
5.01012e-05
5.01011e-05
5.0101e-05
5.01009e-05
5.01008e-05
5.01007e-05
5.01006e-05
5.01005e-05
5.01004e-05
5.01003e-05
5.01002e-05
5.01001e-05
5.01e-05
5.00999e-05
5.00998e-05
5.00997e-05
5.00996e-05
5.00995e-05
5.00994e-05
5.00993e-05
5.00992e-05
5.00991e-05
5.0099e-05
5.00989e-05
5.00988e-05
5.00987e-05
5.00986e-05
5.00985e-05
5.00984e-05
5.00983e-05
5.00982e-05
5.00981e-05
5.0098e-05
5.00979e-05
5.00978e-05
5.00978e-05
5.00977e-05
5.00976e-05
5.00975e-05
5.00974e-05
5.00973e-05
5.00972e-05
5.00971e-05
5.0097e-05
5.00969e-05
5.00968e-05
5.00967e-05
5.00966e-05
5.00965e-05
5.00964e-05
5.00963e-05
5.00962e-05
5.00961e-05
5.0096e-05
5.00959e-05
5.00958e-05
5.00957e-05
5.00956e-05
5.00956e-05
5.00955e-05
5.00954e-05
5.00953e-05
5.00952e-05
5.00951e-05
5.0095e-05
5.00949e-05
5.00948e-05
5.00947e-05
5.00946e-05
5.00945e-05
5.00944e-05
5.00943e-05
5.00942e-05
5.00941e-05
5.00941e-05
5.0094e-05
5.00939e-05
5.00938e-05
5.00937e-05
5.00936e-05
5.00935e-05
5.00934e-05
5.00933e-05
5.00932e-05
5.00931e-05
5.0093e-05
5.00929e-05
5.00929e-05
5.00928e-05
5.00927e-05
5.00926e-05
5.00925e-05
5.00924e-05
5.00923e-05
5.00922e-05
5.00921e-05

