5e-05
5e-05
5e-05
5e-05
5e-05
5e-05
5e-05
5e-05
5e-05
5e-05
5e-05
5e-05
5e-05
5e-05
5e-05
5e-05
5e-05
5e-05
5e-05
5e-05
5e-05
5e-05
5e-05
5e-05
5e-05
5e-05
5e-05
5e-05
5e-05
5e-05
5e-05
5e-05
5e-05
5e-05
5e-05
5e-05
5e-05
5e-05
5e-05
5e-05
5e-05
5e-05
5e-05
5e-05
5e-05
5e-05
5e-05
5e-05
5e-05
5e-05
5e-05
5e-05
5e-05
5e-05
5e-05
5e-05
5e-05
5e-05
5e-05
5e-05
5e-05
5e-05
5e-05
5e-05
5e-05
5e-05
5e-05
5e-05
5e-05
5e-05
5e-05
5e-05
5e-05
5e-05
5e-05
5e-05
5e-05
5e-05
5e-05
5e-05
5e-05
5e-05
5e-05
5e-05
5e-05
5e-05
5e-05
5e-05
5e-05
5e-05
5e-05
5e-05
5e-05
5e-05
5e-05
5e-05
5e-05
5e-05
5e-05
5e-05
5e-05
5e-05
5e-05
5e-05
5e-05
5e-05
5e-05
5e-05
5e-05
5e-05
5e-05
5e-05
5e-05
5e-05
5e-05
5e-05
5e-05
5e-05
5e-05
5e-05
5e-05
5e-05
5e-05
5e-05
5e-05
5e-05
5e-05
5e-05
5e-05
5e-05
5e-05
5e-05
5e-05
5e-05
5e-05
5e-05
5e-05
5e-05
5e-05
5e-05
5e-05
5e-05
5e-05
5e-05
5e-05
5e-05
5e-05
5e-05
5e-05
5e-05
5e-05
5e-05
5e-05
5e-05
5e-05
5e-05
5e-05
5e-05
5e-05
5e-05
5e-05
5e-05
5e-05
5e-05
5e-05
5e-05
5e-05
5e-05
5e-05
5e-05
5e-05
5e-05
5e-05
5e-05
5e-05
5e-05
5e-05
5e-05
5e-05
5e-05
5e-05
5e-05
5e-05
5e-05
5e-05
5e-05
5e-05
5e-05
5e-05
5e-05
5e-05
5e-05
5e-05
5e-05
5e-05
5e-05
5e-05
5e-05
5e-05
5e-05
5e-05
5e-05
5e-05
5e-05
5e-05
5e-05
5e-05
5e-05
5e-05
5e-05
5e-05
5e-05
5e-05
5e-05
5e-05
5e-05
5e-05
5e-05
5e-05
5e-05
5e-05
5e-05
5e-05
5e-05
5e-05
5e-05
5e-05
5e-05
5e-05
5e-05
5e-05
5e-05
5e-05
5e-05
5e-05
5e-05
5e-05
5e-05
5e-05
5e-05
5e-05
5e-05
5e-05
5e-05
5e-05
5e-05
5e-05
5e-05
5e-05
5e-05
5e-05
5e-05
5e-05
5e-05
5e-05
5e-05
5e-05
5e-05
5e-05
5e-05
5e-05
5e-05
5e-05
5e-05
5e-05
5e-05
5e-05
5e-05
5e-05
5e-05
5e-05
5e-05
5e-05
5e-05
5e-05
5e-05
5e-05
5e-05
5e-05
5e-05
5e-05
5e-05
5e-05
5e-05
5e-05
5e-05
5e-05
5e-05
5e-05
5e-05
5e-05
5e-05
5e-05
5e-05
5e-05
5e-05
5e-05
5e-05
5e-05
5e-05
5e-05
5e-05
5e-05
5e-05
5e-05
5e-05
5e-05
5e-05
5e-05
5e-05
5e-05
5e-05
5e-05
5e-05
5e-05
5e-05
5e-05
5e-05
5e-05
5e-05
5e-05
5e-05
5e-05
5e-05
5e-05
5e-05
5e-05
5e-05
5e-05
5e-05
5e-05
5e-05
5e-05
5e-05
5e-05
5e-05
5e-05
5e-05
5e-05
5e-05
5e-05
5e-05
5e-05
5e-05
5e-05
5e-05
5e-05
5e-05
5e-05
5e-05
5e-05
5e-05
5e-05
5e-05
5e-05
5e-05
5e-05
5e-05
5e-05
5e-05
5e-05
5e-05
5e-05
5e-05
5e-05
5e-05
5e-05
5e-05
5e-05
5e-05
5e-05
5e-05
5e-05
5e-05
5e-05
5e-05
5e-05
5e-05
5e-05
5e-05
5e-05
5e-05
5e-05
5e-05
5e-05
5e-05
5e-05
5e-05
5e-05
5e-05
5e-05
5e-05
5e-05
5e-05
5e-05
5e-05
5e-05
5e-05
5e-05
5e-05
5e-05
5e-05
5e-05
5e-05
5e-05
5e-05
5e-05
5e-05
5e-05
5e-05
5e-05
5e-05
5e-05
5e-05
5e-05
5e-05
5e-05
5e-05
5e-05
5e-05
5e-05
5e-05
5e-05
5e-05
5e-05
5e-05
5e-05
5e-05
5e-05
5e-05
5e-05
5e-05
5e-05
5e-05
5e-05
5e-05
5e-05
5e-05
5e-05
5e-05
5e-05
5e-05
5e-05
5e-05
5e-05
5e-05
5e-05
5e-05
5e-05
5e-05
5e-05
5e-05
5e-05
5e-05
5e-05
5e-05
5e-05
5e-05
5e-05
5e-05
5e-05
5e-05
5e-05
5e-05
5e-05
5e-05
5e-05
5e-05
5e-05
5e-05
5e-05
5e-05
5e-05
5e-05
5e-05
5e-05
5e-05
5e-05
5e-05
5e-05
5e-05
5e-05
5e-05
5e-05
5e-05
5e-05
5e-05
5e-05
5e-05
5e-05
5e-05
5e-05
5e-05
5e-05
5e-05
5e-05
5e-05
5e-05
5e-05
5e-05
5e-05
5e-05
5e-05
5e-05
5e-05
5e-05
5e-05
5e-05
5e-05
5e-05
5e-05
5e-05
5e-05
5e-05
5e-05
5e-05
5e-05
5e-05
5e-05
5e-05
5e-05
5e-05
5e-05
5e-05
5e-05
5e-05
5e-05
5e-05
5e-05
5e-05
5e-05
5e-05
5e-05
5e-05
5e-05
5e-05
5e-05
5e-05
5e-05
5e-05
5e-05
5e-05
5e-05
5e-05
5e-05
5e-05
5e-05
5e-05
5e-05
5e-05
5e-05
5e-05
5e-05
5e-05
5e-05
5e-05
5e-05
5e-05
5e-05
5e-05
5e-05
5e-05
5e-05
5e-05
5e-05
5e-05
5e-05
5e-05
5e-05
5e-05
5e-05
5e-05
5e-05
5e-05
5e-05
5e-05
5e-05
5e-05
5e-05
5e-05
5e-05
5e-05
5e-05
5e-05
5e-05
5e-05
5e-05
5e-05
5e-05
5e-05
5e-05
5e-05
5e-05
5e-05
5e-05
5e-05
5e-05
5e-05
5e-05
5e-05
5e-05
5e-05
5e-05
5e-05
5e-05
5e-05
5e-05
5e-05
5e-05
5e-05
5e-05
5e-05
5e-05
5e-05
5e-05
5e-05
5e-05
5e-05
5e-05
5e-05
5e-05
5e-05
5e-05
5e-05
5e-05
5e-05
5e-05
5e-05
5e-05
5e-05
5e-05
5e-05
5e-05
5e-05
5e-05
5e-05
5e-05
5e-05
5e-05
5e-05
5e-05
5e-05
5e-05
5e-05
5e-05
5e-05
5e-05
5e-05
5e-05
5e-05
5e-05
5e-05
5e-05
5e-05
5e-05
5e-05
5e-05
5e-05
5e-05
5e-05
5e-05
5e-05
5e-05
5e-05
5e-05
5e-05
5e-05
5e-05
5e-05
5e-05
5e-05
5e-05
5e-05
5e-05
5e-05
5e-05
5e-05
5e-05
5e-05
5e-05
5e-05
5e-05
5e-05
5e-05
5e-05
5e-05
5e-05
5e-05
5e-05
5e-05
5e-05
5e-05
5e-05
5e-05
5e-05
5e-05
5e-05
5e-05
5e-05
5e-05
5e-05
5e-05
5e-05
5e-05
5e-05
5e-05
5e-05
5e-05
5e-05
5e-05
5e-05
5e-05
5e-05
5e-05
5e-05
5e-05
5e-05
5e-05
5e-05
5e-05
5e-05
5e-05
5e-05
5e-05
5e-05
5e-05
5e-05
5e-05
5e-05
5e-05
5e-05
5e-05
5e-05
5e-05
5e-05
5e-05
5e-05
5e-05
5e-05
5e-05
5e-05
5e-05
5e-05
5e-05
5e-05
5e-05
5e-05
5e-05
5e-05
5e-05
5e-05
5e-05
5e-05
5e-05
5e-05
5e-05
5e-05
5e-05
5e-05
5e-05
5e-05
5e-05
5e-05
5e-05
5e-05
5e-05
5e-05
5e-05
5e-05
5e-05
5e-05
5e-05
5e-05
5e-05
5e-05
5e-05
5e-05
5e-05
5e-05
5e-05
5e-05
5e-05
5e-05
5e-05
5e-05
5e-05
5e-05
5e-05
5e-05
5e-05
5e-05
5e-05
5e-05
5e-05
5e-05
5e-05
5e-05
5e-05
5e-05
5e-05
5e-05
5e-05
5.00009e-05
5.00032e-05
5.00073e-05
5.00134e-05
5.00217e-05
5.00321e-05
5.00447e-05
5.00594e-05
5.0076e-05
5.00947e-05
5.01152e-05
5.01375e-05
5.01615e-05
5.01872e-05
5.02146e-05
5.02436e-05
5.02743e-05
5.03065e-05
5.03404e-05
5.03759e-05
5.04131e-05
5.0452e-05
5.04926e-05
5.0535e-05
5.05792e-05
5.06252e-05
5.06731e-05
5.0723e-05
5.07749e-05
5.08288e-05
5.08848e-05
5.09429e-05
5.10032e-05
5.10658e-05
5.11305e-05
5.11976e-05
5.1267e-05
5.13388e-05
5.1413e-05
5.14896e-05
5.15687e-05
5.16502e-05
5.17343e-05
5.18209e-05
5.191e-05
5.20018e-05
5.20961e-05
5.2193e-05
5.22925e-05
5.23946e-05
5.24994e-05
5.26069e-05
5.27169e-05
5.28297e-05
5.29451e-05
5.30632e-05
5.31839e-05
5.33073e-05
5.34334e-05
5.35622e-05
5.36936e-05
5.38278e-05
5.39645e-05
5.4104e-05
5.42461e-05
5.43909e-05
5.45383e-05
5.46884e-05
5.48411e-05
5.49965e-05
5.51545e-05
5.53151e-05
5.54784e-05
5.56442e-05
5.58127e-05
5.59837e-05
5.61573e-05
5.63336e-05
5.65123e-05
5.66937e-05
5.68767e-05
5.70608e-05
5.72456e-05
5.7431e-05
5.76167e-05
5.78027e-05
5.79891e-05
5.81759e-05
5.83631e-05
5.85508e-05
5.87391e-05
5.89281e-05
5.91177e-05
5.9308e-05
5.94991e-05
5.96909e-05
5.98835e-05
6.00768e-05
6.02709e-05
6.04656e-05
6.06611e-05
6.08571e-05
6.10537e-05
6.12509e-05
6.14485e-05
6.16466e-05
6.1845e-05
6.20437e-05
6.22426e-05
6.24417e-05
6.2641e-05
6.28403e-05
6.30396e-05
6.32389e-05
6.34381e-05
6.36371e-05
6.3836e-05
6.40346e-05
6.42329e-05
6.44309e-05
6.46285e-05
6.48257e-05
6.50225e-05
6.52187e-05
6.54145e-05
6.56098e-05
6.58044e-05
6.59985e-05
6.6192e-05
6.63848e-05
6.65769e-05
6.67684e-05
6.69591e-05
6.71492e-05
6.73385e-05
6.7527e-05
6.77147e-05
6.79017e-05
6.80879e-05
6.82733e-05
6.84578e-05
6.86415e-05
6.88244e-05
6.90064e-05
6.91876e-05
6.93679e-05
6.95473e-05
6.97259e-05
6.99035e-05
7.00803e-05
7.02562e-05
7.04312e-05
7.06053e-05
7.07785e-05
7.09508e-05
7.11221e-05
7.12926e-05
7.14621e-05
7.16308e-05
7.17985e-05
7.19653e-05
7.21311e-05
7.2296e-05
7.24601e-05
7.26232e-05
7.27853e-05
7.29466e-05
7.31069e-05
7.32663e-05
7.34247e-05
7.35823e-05
7.37389e-05
7.38946e-05
7.40494e-05
7.42032e-05
7.43561e-05
7.45081e-05
7.46592e-05
7.48094e-05
7.49587e-05
7.5107e-05
7.52545e-05
7.5401e-05
7.55466e-05
7.56913e-05
7.58351e-05
7.59781e-05
7.61201e-05
7.62612e-05
7.64014e-05
7.65407e-05
7.66791e-05
7.68167e-05
7.69533e-05
7.70891e-05
7.7224e-05
7.7358e-05
7.74911e-05
7.76234e-05
7.77548e-05
7.78853e-05
7.8015e-05
7.81438e-05
7.82717e-05
7.83988e-05
7.8525e-05
7.86504e-05
7.87749e-05
7.88986e-05
7.90214e-05
7.91434e-05
7.92646e-05
7.93849e-05
7.95044e-05
7.96231e-05
7.97409e-05
7.98579e-05
7.99741e-05
8.00895e-05
8.02041e-05
8.03179e-05
8.04309e-05
8.0543e-05
8.06544e-05
8.0765e-05
8.08748e-05
8.09838e-05
8.1092e-05
8.11994e-05
8.1306e-05
8.14119e-05
8.1517e-05
8.16214e-05
8.17249e-05
8.18277e-05
8.19298e-05
8.20311e-05
8.21316e-05
8.22314e-05
8.23305e-05
8.24288e-05
8.25264e-05
8.26232e-05
8.27193e-05
8.28147e-05
8.29093e-05
8.30033e-05
8.30965e-05
8.3189e-05
8.32808e-05
8.33719e-05
8.34623e-05
8.3552e-05
8.36409e-05
8.37292e-05
8.38168e-05
8.39038e-05
8.399e-05
8.40756e-05
8.41604e-05
8.42447e-05
8.43282e-05
8.44111e-05
8.44933e-05
8.45748e-05
8.46557e-05
8.4736e-05
8.48156e-05
8.48945e-05
8.49729e-05
8.50505e-05
8.51276e-05
8.5204e-05
8.52798e-05
8.53549e-05
8.54295e-05
8.55034e-05
8.55767e-05
8.56494e-05
8.57214e-05
8.57929e-05
8.58638e-05
8.59341e-05
8.60038e-05
8.60729e-05
8.61414e-05
8.62093e-05
8.62766e-05
8.63434e-05
8.64096e-05
8.64752e-05
8.65403e-05
8.66048e-05
8.66687e-05
8.67321e-05
8.67949e-05
8.68571e-05
8.69188e-05
8.698e-05
8.70406e-05
8.71007e-05
8.71603e-05
8.72193e-05
8.72778e-05
8.73357e-05
8.73932e-05
8.74501e-05
8.75065e-05
8.75624e-05
8.76177e-05
8.76726e-05
8.7727e-05
8.77808e-05
8.78342e-05
8.78871e-05
8.79394e-05
8.79913e-05
8.80427e-05
8.80936e-05
8.81441e-05
8.8194e-05
8.82435e-05
8.82925e-05
8.83411e-05
8.83892e-05
8.84368e-05
8.84839e-05
8.85306e-05
8.85769e-05
8.86227e-05
8.8668e-05
8.87129e-05
8.87573e-05
8.88014e-05
8.88449e-05
8.88881e-05
8.89308e-05
8.89731e-05
8.90149e-05
8.90564e-05
8.90974e-05
8.9138e-05
8.91781e-05
8.92179e-05
8.92573e-05
8.92962e-05
8.93347e-05
8.93729e-05
8.94106e-05
8.9448e-05
8.94849e-05
8.95215e-05
8.95576e-05
8.95934e-05
8.96288e-05
8.96638e-05
8.96985e-05
8.97327e-05
8.97666e-05
8.98001e-05
8.98333e-05
8.9866e-05
8.98985e-05
8.99305e-05
8.99622e-05
8.99935e-05
9.00245e-05
9.00551e-05
9.00854e-05
9.01153e-05
9.01449e-05
9.01742e-05
9.02031e-05
9.02316e-05
9.02599e-05
9.02878e-05
9.03153e-05
9.03425e-05
9.03695e-05
9.0396e-05
9.04223e-05
9.04482e-05
9.04738e-05
9.04991e-05
9.05241e-05
9.05488e-05
9.05732e-05
9.05972e-05
9.0621e-05
9.06444e-05
9.06676e-05
9.06904e-05
9.0713e-05
9.07352e-05
9.07572e-05
9.07789e-05
9.08003e-05
9.08214e-05
9.08422e-05
9.08627e-05
9.08829e-05
9.09029e-05
9.09226e-05
9.0942e-05
9.09612e-05
9.098e-05
9.09986e-05
9.1017e-05
9.1035e-05
9.10528e-05
9.10704e-05
9.10876e-05
9.11047e-05
9.11214e-05
9.11379e-05
9.11542e-05
9.11702e-05
9.11859e-05
9.12015e-05
9.12167e-05
9.12317e-05
9.12465e-05
9.1261e-05
9.12753e-05
9.12894e-05
9.13032e-05
9.13168e-05
9.13301e-05
9.13432e-05
9.13561e-05
9.13688e-05
9.13812e-05
9.13934e-05
9.14054e-05
9.14172e-05
9.14288e-05
9.14401e-05
9.14512e-05
9.14621e-05
9.14728e-05
9.14832e-05
9.14935e-05
9.15036e-05
9.15134e-05
9.1523e-05
9.15325e-05
9.15417e-05
9.15507e-05
9.15596e-05
9.15682e-05
9.15766e-05
9.15849e-05
9.15929e-05
9.16007e-05
9.16084e-05
9.16159e-05
9.16231e-05
9.16302e-05
9.16371e-05
9.16439e-05
9.16504e-05
9.16567e-05
9.16629e-05
9.16689e-05
9.16747e-05
9.16803e-05
9.16858e-05
9.16911e-05
9.16962e-05
9.17011e-05
9.17059e-05
9.17105e-05
9.17149e-05
9.17192e-05
9.17233e-05
9.17272e-05
9.1731e-05
9.17346e-05
9.1738e-05
9.17413e-05
9.17444e-05
9.17474e-05
9.17502e-05
9.17528e-05
9.17553e-05
9.17577e-05
9.17599e-05
9.17619e-05
9.17638e-05
9.17656e-05
9.17671e-05
9.17686e-05
9.17699e-05
9.17711e-05
9.17721e-05
9.17729e-05
9.17737e-05
9.17743e-05
9.17747e-05
9.1775e-05
9.17752e-05
9.17752e-05
9.17751e-05
9.17749e-05
9.17745e-05
9.1774e-05
9.17734e-05
9.17727e-05
9.17718e-05
9.17708e-05
9.17696e-05
9.17683e-05
9.17669e-05
9.17654e-05
9.17638e-05
9.1762e-05
9.17601e-05
9.17581e-05
9.1756e-05
9.17537e-05
9.17514e-05
9.17489e-05
9.17463e-05
9.17435e-05
9.17407e-05
9.17378e-05
9.17347e-05
9.17315e-05
9.17282e-05
9.17248e-05
9.17213e-05
9.17177e-05
9.1714e-05
9.17101e-05
9.17062e-05
9.17021e-05
9.1698e-05
9.16937e-05
9.16894e-05
9.16849e-05
9.16804e-05
9.16757e-05
9.16709e-05
9.1666e-05
9.16611e-05
9.1656e-05
9.16509e-05
9.16456e-05
9.16402e-05
9.16348e-05
9.16292e-05
9.16236e-05
9.16179e-05
9.1612e-05
9.16061e-05
9.16001e-05
9.1594e-05
9.15878e-05
9.15815e-05
9.15752e-05
9.15687e-05
9.15622e-05
9.15555e-05
9.15488e-05
9.1542e-05
9.15351e-05
9.15282e-05
9.15211e-05
9.1514e-05
9.15068e-05
9.14995e-05
9.14921e-05
9.14846e-05
9.14771e-05
9.14695e-05
9.14618e-05
9.1454e-05
9.14461e-05
9.14382e-05
9.14302e-05
9.14221e-05
9.1414e-05
9.14057e-05
9.13974e-05
9.13891e-05
9.13806e-05
9.13721e-05
9.13635e-05
9.13548e-05
9.13461e-05
9.13373e-05
9.13284e-05
9.13195e-05
9.13104e-05
9.13014e-05
9.12922e-05
9.1283e-05
9.12737e-05
9.12644e-05
9.1255e-05
9.12455e-05
9.12359e-05
9.12263e-05
9.12167e-05
9.12069e-05
9.11971e-05
9.11873e-05
9.11774e-05
9.11674e-05
9.11573e-05
9.11472e-05
9.11371e-05
9.11269e-05
9.11166e-05
9.11063e-05
9.10959e-05
9.10854e-05
9.10749e-05
9.10644e-05
9.10537e-05
9.10431e-05
9.10323e-05
9.10216e-05
9.10107e-05
9.09998e-05
9.09889e-05
9.09779e-05
9.09668e-05
9.09557e-05
9.09446e-05
9.09334e-05
9.09221e-05
9.09108e-05
9.08995e-05
9.08881e-05
9.08766e-05
9.08651e-05
9.08536e-05
9.0842e-05
9.08303e-05
9.08186e-05
9.08069e-05
9.07951e-05
9.07833e-05
9.07714e-05
9.07595e-05
9.07475e-05
9.07355e-05
9.07234e-05
9.07113e-05
9.06992e-05
9.0687e-05
9.06747e-05
9.06625e-05
9.06501e-05
9.06378e-05
9.06254e-05
9.06129e-05
9.06005e-05
9.05879e-05
9.05754e-05
9.05628e-05
9.05501e-05
9.05374e-05
9.05247e-05
9.0512e-05
9.04992e-05
9.04863e-05
9.04735e-05
9.04605e-05
9.04476e-05
9.04346e-05
9.04216e-05
9.04085e-05
9.03954e-05
9.03823e-05
9.03692e-05
9.0356e-05
9.03427e-05
9.03295e-05
9.03161e-05
9.03028e-05
9.02894e-05
9.0276e-05
9.02626e-05
9.02491e-05
9.02356e-05
9.02221e-05
9.02085e-05
9.0195e-05
9.01813e-05
9.01677e-05
9.0154e-05
9.01403e-05
9.01265e-05
9.01127e-05
9.00989e-05
9.00851e-05
9.00712e-05
9.00573e-05
9.00434e-05
9.00294e-05
9.00155e-05
9.00015e-05
8.99874e-05
8.99734e-05
8.99593e-05
8.99451e-05
8.9931e-05
8.99168e-05
8.99026e-05
8.98884e-05
8.98742e-05
8.98599e-05
8.98456e-05
8.98313e-05
8.98169e-05
8.98025e-05
8.97881e-05
8.97737e-05
8.97593e-05
8.97448e-05
8.97303e-05
8.97158e-05
8.97013e-05
8.96867e-05
8.96721e-05
8.96575e-05
8.96429e-05
8.96282e-05
8.96135e-05
8.95988e-05
8.95841e-05
8.95694e-05
8.95546e-05
8.95398e-05
8.9525e-05
8.95102e-05
8.94954e-05
8.94805e-05
8.94656e-05
8.94507e-05
8.94358e-05
8.94209e-05
8.94059e-05
8.93909e-05
8.93759e-05
8.93609e-05
8.93459e-05
8.93308e-05
8.93158e-05
8.93007e-05
8.92856e-05
8.92705e-05
8.92553e-05
8.92402e-05
8.9225e-05
8.92098e-05
8.91946e-05
8.91794e-05
8.91641e-05
8.91489e-05
8.91336e-05
8.91183e-05
8.9103e-05
8.90877e-05
8.90724e-05
8.9057e-05
8.90416e-05
8.90263e-05
8.90109e-05
8.89955e-05
8.898e-05
8.89646e-05
8.89492e-05
8.89337e-05
8.89182e-05
8.89027e-05
8.88872e-05
8.88717e-05
8.88562e-05
8.88406e-05
8.88251e-05
8.88095e-05
8.87939e-05
8.87783e-05
8.87627e-05
8.87471e-05
8.87315e-05
8.87158e-05
8.87002e-05
8.86845e-05
8.86688e-05
8.86531e-05
8.86374e-05
8.86217e-05
8.8606e-05
8.85903e-05
8.85745e-05
8.85588e-05
8.8543e-05
8.85272e-05
8.85114e-05
8.84956e-05
8.84798e-05
8.8464e-05
8.84482e-05
8.84324e-05
8.84165e-05
8.84007e-05
8.83848e-05
8.83689e-05
8.83531e-05
8.83372e-05
8.83213e-05
8.83054e-05
8.82895e-05
8.82735e-05
8.82576e-05
8.82417e-05
8.82257e-05
8.82098e-05
8.81938e-05
8.81778e-05
8.81619e-05
8.81459e-05
8.81299e-05
8.81139e-05
8.80979e-05
8.80819e-05
8.80659e-05
8.80498e-05
8.80338e-05
8.80178e-05
8.80017e-05
8.79857e-05
8.79696e-05
8.79535e-05
8.79375e-05
8.79214e-05
8.79053e-05
8.78892e-05
8.78731e-05
8.7857e-05
8.78409e-05
8.78248e-05
8.78087e-05
8.77926e-05
8.77764e-05
8.77603e-05
8.77442e-05
8.7728e-05
8.77119e-05
8.76957e-05
8.76796e-05
8.76634e-05
8.76472e-05
8.76311e-05
8.76149e-05
8.75987e-05
8.75825e-05
8.75664e-05
8.75502e-05
8.7534e-05
8.75178e-05
8.75016e-05
8.74854e-05
8.74692e-05
8.7453e-05
8.74367e-05
8.74205e-05
8.74043e-05
8.73881e-05
8.73719e-05
8.73556e-05
8.73394e-05
8.73232e-05
8.73069e-05
8.72907e-05
8.72744e-05
8.72582e-05
8.7242e-05
8.72257e-05
8.72095e-05
8.71932e-05
8.71769e-05
8.71607e-05
8.71444e-05
8.71282e-05
8.71119e-05
8.70956e-05
8.70794e-05
8.70631e-05
8.70468e-05
8.70306e-05
8.70143e-05
8.6998e-05
8.69817e-05
8.69655e-05
8.69492e-05
8.69329e-05
8.69166e-05
8.69004e-05
8.68841e-05
8.68678e-05
8.68515e-05
8.68352e-05
8.68189e-05
8.68027e-05
8.67864e-05
8.67701e-05
8.67538e-05
8.67375e-05
8.67212e-05
8.6705e-05
8.66887e-05
8.66724e-05
8.66561e-05
8.66398e-05
8.66235e-05
8.66072e-05
8.6591e-05
8.65747e-05
8.65584e-05
8.65421e-05
8.65258e-05
8.65095e-05
8.64933e-05
8.6477e-05
8.64607e-05
8.64444e-05
8.64281e-05
8.64119e-05
8.63956e-05
8.63793e-05
8.6363e-05
8.63467e-05
8.63305e-05
8.63142e-05
8.62979e-05
8.62817e-05
8.62654e-05
8.62491e-05
8.62329e-05
8.62166e-05
8.62003e-05
8.61841e-05
8.61678e-05
8.61516e-05
8.61353e-05
8.6119e-05
8.61028e-05
8.60865e-05
8.60703e-05
8.60541e-05
8.60378e-05
8.60216e-05
8.60053e-05
8.59891e-05
8.59729e-05
8.59566e-05
8.59404e-05
8.59242e-05
8.59079e-05
8.58917e-05
8.58755e-05
8.58593e-05
8.5843e-05
8.58268e-05
8.58106e-05
8.57944e-05
8.57782e-05
8.5762e-05
8.57458e-05
8.57296e-05
8.57134e-05
8.56972e-05
8.5681e-05
8.56648e-05
8.56487e-05
8.56325e-05
8.56163e-05
8.56001e-05
8.5584e-05
8.55678e-05
8.55516e-05
8.55355e-05
8.55193e-05
8.55031e-05
8.5487e-05
8.54709e-05
8.54547e-05
8.54386e-05
8.54224e-05
8.54063e-05
8.53902e-05
8.5374e-05
8.53579e-05
8.53418e-05
8.53257e-05
8.53096e-05
8.52935e-05
8.52774e-05
8.52613e-05
8.52452e-05
8.52291e-05
8.5213e-05
8.51969e-05
8.51808e-05
8.51647e-05
8.51487e-05
8.51326e-05
8.51165e-05
8.51005e-05
8.50844e-05
8.50684e-05
8.50523e-05
8.50363e-05
8.50202e-05
8.50042e-05
8.49882e-05
8.49722e-05
8.49561e-05
8.49401e-05
8.49241e-05
8.49081e-05
8.48921e-05
8.48761e-05
8.48601e-05
8.48441e-05
8.48281e-05
8.48121e-05
8.47962e-05
8.47802e-05
8.47642e-05
8.47483e-05
8.47323e-05
8.47164e-05
8.47004e-05
8.46845e-05
8.46685e-05
8.46526e-05
8.46367e-05
8.46208e-05
8.46049e-05
8.45889e-05
8.4573e-05
8.45571e-05
8.45412e-05
8.45253e-05
8.45095e-05
8.44936e-05
8.44777e-05
8.44618e-05
8.4446e-05
8.44301e-05
8.44143e-05
8.43984e-05
8.43826e-05
8.43667e-05
8.43509e-05
8.43351e-05
8.43192e-05
8.43034e-05
8.42876e-05
8.42718e-05
8.4256e-05
8.42402e-05
8.42244e-05
8.42087e-05
8.41929e-05
8.41771e-05
8.41613e-05
8.41456e-05
8.41298e-05
8.41141e-05
8.40983e-05
8.40826e-05
8.40669e-05
8.40511e-05
8.40354e-05
8.40197e-05
8.4004e-05
8.39883e-05
8.39726e-05
8.39569e-05
8.39412e-05
8.39255e-05
8.39099e-05
8.38942e-05
8.38785e-05
8.38629e-05
8.38472e-05
8.38316e-05
8.38159e-05
8.38003e-05
8.37847e-05
8.37691e-05
8.37535e-05
8.37379e-05
8.37223e-05
8.37067e-05
8.36911e-05
8.36755e-05
8.36599e-05
8.36443e-05
8.36288e-05
8.36132e-05
8.35977e-05
8.35821e-05
8.35666e-05
8.35511e-05
8.35355e-05
8.352e-05
8.35045e-05
8.3489e-05
8.34735e-05
8.3458e-05
8.34425e-05
8.3427e-05
8.34115e-05
8.33961e-05
8.33806e-05
8.33652e-05
8.33497e-05
8.33343e-05
8.33188e-05
8.33034e-05
8.3288e-05
8.32726e-05
8.32572e-05
8.32418e-05
8.32264e-05
8.3211e-05
8.31956e-05
8.31802e-05
8.31648e-05
8.31495e-05
8.31341e-05
8.31188e-05
8.31034e-05
8.30881e-05
8.30728e-05
8.30574e-05
8.30421e-05
8.30268e-05
8.30115e-05
8.29962e-05
8.29809e-05
8.29656e-05
8.29504e-05
8.29351e-05
8.29198e-05
8.29046e-05
8.28893e-05
8.28741e-05
8.28589e-05
8.28436e-05
8.28284e-05
8.28132e-05
8.2798e-05
8.27828e-05
8.27676e-05
8.27524e-05
8.27372e-05
8.27221e-05
8.27069e-05
8.26917e-05
8.26766e-05
8.26614e-05
8.26463e-05
8.26312e-05
8.2616e-05
8.26009e-05
8.25858e-05
8.25707e-05
8.25556e-05
8.25405e-05
8.25254e-05
8.25104e-05
8.24953e-05
8.24802e-05
8.24652e-05
8.24501e-05
8.24351e-05
8.24201e-05
8.2405e-05
8.239e-05
8.2375e-05
8.236e-05
8.2345e-05
8.233e-05
8.23151e-05
8.23001e-05
8.22851e-05
8.22701e-05
8.22552e-05
8.22402e-05
8.22253e-05
8.22104e-05
8.21955e-05
8.21805e-05
8.21656e-05
8.21507e-05
8.21358e-05
8.21209e-05
8.21061e-05
8.20912e-05
8.20763e-05
8.20615e-05
8.20466e-05
8.20318e-05
8.20169e-05
8.20021e-05
8.19873e-05
8.19725e-05
8.19577e-05
8.19429e-05
8.19281e-05
8.19133e-05
8.18985e-05
8.18837e-05
8.1869e-05
8.18542e-05
8.18395e-05
8.18247e-05
8.181e-05
8.17953e-05
8.17805e-05
8.17658e-05
8.17511e-05
8.17364e-05
8.17217e-05
8.1707e-05
8.16924e-05
8.16777e-05
8.1663e-05
8.16484e-05
8.16337e-05
8.16191e-05
8.16045e-05
8.15898e-05
8.15752e-05
8.15606e-05
8.1546e-05
8.15314e-05
8.15168e-05
8.15023e-05
8.14877e-05
8.14731e-05
8.14586e-05
8.1444e-05
8.14295e-05
8.14149e-05
8.14004e-05
8.13859e-05
8.13714e-05
8.13569e-05
8.13424e-05
8.13279e-05
8.13134e-05
8.12989e-05
8.12845e-05
8.127e-05
8.12556e-05
8.12411e-05
8.12267e-05
8.12123e-05
8.11978e-05
8.11834e-05
8.1169e-05
8.11546e-05
8.11402e-05
8.11258e-05
8.11115e-05
8.10971e-05
8.10827e-05
8.10684e-05
8.1054e-05
8.10397e-05
8.10254e-05
8.1011e-05
8.09967e-05
8.09824e-05
8.09681e-05
8.09538e-05
8.09395e-05
8.09253e-05
8.0911e-05
8.08967e-05
8.08825e-05
8.08682e-05
8.0854e-05
8.08398e-05
8.08255e-05
8.08113e-05
8.07971e-05
8.07829e-05
8.07687e-05
8.07545e-05
8.07403e-05
8.07262e-05
8.0712e-05
8.06979e-05
8.06837e-05
8.06696e-05
8.06554e-05
8.06413e-05
8.06272e-05
8.06131e-05
8.0599e-05
8.05849e-05
8.05708e-05
8.05567e-05
8.05426e-05
8.05286e-05
8.05145e-05
8.05005e-05
8.04864e-05
8.04724e-05
8.04584e-05
8.04443e-05
8.04303e-05
8.04163e-05
8.04023e-05
8.03883e-05
8.03743e-05
8.03604e-05
8.03464e-05
8.03324e-05
8.03185e-05
8.03046e-05
8.02906e-05
8.02767e-05
8.02628e-05
8.02489e-05
8.0235e-05
8.02211e-05
8.02072e-05
8.01933e-05
8.01794e-05
8.01655e-05
8.01517e-05
8.01378e-05
8.0124e-05
8.01101e-05
8.00963e-05
8.00825e-05
8.00687e-05
8.00549e-05
8.00411e-05
8.00273e-05
8.00135e-05
7.99997e-05
7.9986e-05
7.99722e-05
7.99584e-05
7.99447e-05
7.9931e-05
7.99172e-05
7.99035e-05
7.98898e-05
7.98761e-05
7.98624e-05
7.98487e-05
7.9835e-05
7.98213e-05
7.98077e-05
7.9794e-05
7.97803e-05
7.97667e-05
7.97531e-05
7.97394e-05
7.97258e-05
7.97122e-05
7.96986e-05
7.9685e-05
7.96714e-05
7.96578e-05
7.96442e-05
7.96306e-05
7.96171e-05
7.96035e-05
7.959e-05
7.95764e-05
7.95629e-05
7.95494e-05
7.95359e-05
7.95223e-05
7.95088e-05
7.94954e-05
7.94819e-05
7.94684e-05
7.94549e-05
7.94414e-05
7.9428e-05
7.94145e-05
7.94011e-05
7.93877e-05
7.93742e-05
7.93608e-05
7.93474e-05
7.9334e-05
7.93206e-05
7.93072e-05
7.92938e-05
7.92805e-05
7.92671e-05
7.92537e-05
7.92404e-05
7.9227e-05
7.92137e-05
7.92004e-05
7.91871e-05
7.91737e-05
7.91604e-05
7.91471e-05
7.91338e-05
7.91206e-05
7.91073e-05
7.9094e-05
7.90808e-05
7.90675e-05
7.90543e-05
7.9041e-05
7.90278e-05
7.90146e-05
7.90014e-05
7.89881e-05
7.89749e-05
7.89618e-05
7.89486e-05
7.89354e-05
7.89222e-05
7.89091e-05
7.88959e-05
7.88828e-05
7.88696e-05
7.88565e-05
7.88434e-05
7.88302e-05
7.88171e-05
7.8804e-05
7.87909e-05
7.87778e-05
7.87648e-05
7.87517e-05
7.87386e-05
7.87256e-05
7.87125e-05
7.86995e-05
7.86864e-05
7.86734e-05
7.86604e-05
7.86474e-05
7.86344e-05
7.86214e-05
7.86084e-05
7.85954e-05
7.85824e-05
7.85695e-05
7.85565e-05
7.85435e-05
7.85306e-05
7.85177e-05
7.85047e-05
7.84918e-05
7.84789e-05
7.8466e-05
7.84531e-05
7.84402e-05
7.84273e-05
7.84144e-05
7.84015e-05
7.83887e-05
7.83758e-05
7.8363e-05
7.83501e-05
7.83373e-05
7.83245e-05
7.83117e-05
7.82988e-05
7.8286e-05
7.82732e-05
7.82604e-05
7.82477e-05
7.82349e-05
7.82221e-05
7.82094e-05
7.81966e-05
7.81839e-05
7.81711e-05
7.81584e-05
7.81457e-05
7.8133e-05
7.81202e-05
7.81075e-05
7.80948e-05
7.80822e-05
7.80695e-05
7.80568e-05
7.80441e-05
7.80315e-05
7.80188e-05
7.80062e-05
7.79936e-05
7.79809e-05
7.79683e-05
7.79557e-05
7.79431e-05
7.79305e-05
7.79179e-05
7.79053e-05
7.78927e-05
7.78802e-05
7.78676e-05
7.7855e-05
7.78425e-05
7.783e-05
7.78174e-05
7.78049e-05
7.77924e-05
7.77799e-05
7.77674e-05
7.77549e-05
7.77424e-05
7.77299e-05
7.77174e-05
7.7705e-05
7.76925e-05
7.768e-05
7.76676e-05
7.76552e-05
7.76427e-05
7.76303e-05
7.76179e-05
7.76055e-05
7.75931e-05
7.75807e-05
7.75683e-05
7.75559e-05
7.75435e-05
7.75312e-05
7.75188e-05
7.75065e-05
7.74941e-05
7.74818e-05
7.74694e-05
7.74571e-05
7.74448e-05
7.74325e-05
7.74202e-05
7.74079e-05
7.73956e-05
7.73833e-05
7.73711e-05
7.73588e-05
7.73465e-05
7.73343e-05
7.7322e-05
7.73098e-05
7.72976e-05
7.72853e-05
7.72731e-05
7.72609e-05
7.72487e-05
7.72365e-05
7.72243e-05
7.72122e-05
7.72e-05
7.71878e-05
7.71757e-05
7.71635e-05
7.71514e-05
7.71392e-05
7.71271e-05
7.7115e-05
7.71028e-05
7.70907e-05
7.70786e-05
7.70665e-05
7.70545e-05
7.70424e-05
7.70303e-05
7.70182e-05
7.70062e-05
7.69941e-05
7.69821e-05
7.697e-05
7.6958e-05
7.6946e-05
7.6934e-05
7.6922e-05
7.691e-05
7.6898e-05
7.6886e-05
7.6874e-05
7.6862e-05
7.685e-05
7.68381e-05
7.68261e-05
7.68142e-05
7.68022e-05
7.67903e-05
7.67784e-05
7.67665e-05
7.67545e-05
7.67426e-05
7.67307e-05
7.67189e-05
7.6707e-05
7.66951e-05
7.66832e-05
7.66714e-05
7.66595e-05
7.66477e-05
7.66358e-05
7.6624e-05
7.66121e-05
7.66003e-05
7.65885e-05
7.65767e-05
7.65649e-05
7.65531e-05
7.65413e-05
7.65295e-05
7.65178e-05
7.6506e-05
7.64942e-05
7.64825e-05
7.64707e-05
7.6459e-05
7.64473e-05
7.64356e-05
7.64238e-05
7.64121e-05
7.64004e-05
7.63887e-05
7.6377e-05
7.63653e-05
7.63537e-05
7.6342e-05
7.63303e-05
7.63187e-05
7.6307e-05
7.62954e-05
7.62838e-05
7.62721e-05
7.62605e-05
7.62489e-05
7.62373e-05
7.62257e-05
7.62141e-05
7.62025e-05
7.61909e-05
7.61793e-05
7.61678e-05
7.61562e-05
7.61447e-05
7.61331e-05
7.61216e-05
7.611e-05
7.60985e-05
7.6087e-05
7.60755e-05
7.6064e-05
7.60525e-05
7.6041e-05
7.60295e-05
7.6018e-05
7.60065e-05
7.59951e-05
7.59836e-05
7.59722e-05
7.59607e-05
7.59493e-05
7.59379e-05
7.59264e-05
7.5915e-05
7.59036e-05
7.58922e-05
7.58808e-05
7.58694e-05
7.5858e-05
7.58466e-05
7.58353e-05
7.58239e-05
7.58125e-05
7.58012e-05
7.57898e-05
7.57785e-05
7.57672e-05
7.57559e-05
7.57445e-05
7.57332e-05
7.57219e-05
7.57106e-05
7.56993e-05
7.5688e-05
7.56768e-05
7.56655e-05
7.56542e-05
7.5643e-05
7.56317e-05
7.56205e-05
7.56092e-05
7.5598e-05
7.55868e-05
7.55756e-05
7.55643e-05
7.55531e-05
7.55419e-05
7.55308e-05
7.55196e-05
7.55084e-05
7.54972e-05
7.5486e-05
7.54749e-05
7.54637e-05
7.54526e-05
7.54414e-05
7.54303e-05
7.54192e-05
7.54081e-05
7.5397e-05
7.53858e-05
7.53747e-05
7.53637e-05
7.53526e-05
7.53415e-05
7.53304e-05
7.53193e-05
7.53083e-05
7.52972e-05
7.52862e-05
7.52751e-05
7.52641e-05
7.52531e-05
7.5242e-05
7.5231e-05
7.522e-05
7.5209e-05
7.5198e-05
7.5187e-05
7.5176e-05
7.51651e-05
7.51541e-05
7.51431e-05
7.51322e-05
7.51212e-05
7.51103e-05
7.50993e-05
7.50884e-05
7.50775e-05
7.50666e-05
7.50557e-05
7.50447e-05
7.50338e-05
7.5023e-05
7.50121e-05
7.50012e-05
7.49903e-05
7.49794e-05
7.49686e-05
7.49577e-05
7.49469e-05
7.4936e-05
7.49252e-05
7.49144e-05
7.49035e-05
7.48927e-05
7.48819e-05
7.48711e-05
7.48603e-05
7.48495e-05
7.48387e-05
7.4828e-05
7.48172e-05
7.48064e-05
7.47957e-05
7.47849e-05
7.47742e-05
7.47634e-05
7.47527e-05
7.47419e-05
7.47312e-05
7.47205e-05
7.47098e-05
7.46991e-05
7.46884e-05
7.46777e-05
7.4667e-05
7.46563e-05
7.46457e-05
7.4635e-05
7.46244e-05
7.46137e-05
7.46031e-05
7.45924e-05
7.45818e-05
7.45711e-05
7.45605e-05
7.45499e-05
7.45393e-05
7.45287e-05
7.45181e-05
7.45075e-05
7.44969e-05
7.44863e-05
7.44758e-05
7.44652e-05
7.44546e-05
7.44441e-05
7.44335e-05
7.4423e-05
7.44125e-05
7.44019e-05
7.43914e-05
7.43809e-05
7.43704e-05
7.43599e-05
7.43494e-05
7.43389e-05
7.43284e-05
7.43179e-05
7.43075e-05
7.4297e-05
7.42865e-05
7.42761e-05
7.42656e-05
7.42552e-05
7.42447e-05
7.42343e-05
7.42239e-05
7.42135e-05
7.42031e-05
7.41926e-05
7.41822e-05
7.41719e-05
7.41615e-05
7.41511e-05
7.41407e-05
7.41303e-05
7.412e-05
7.41096e-05
7.40993e-05
7.40889e-05
7.40786e-05
7.40682e-05
7.40579e-05
7.40476e-05
7.40373e-05
7.4027e-05
7.40167e-05
7.40064e-05
7.39961e-05
7.39858e-05
7.39755e-05
7.39652e-05
7.3955e-05
7.39447e-05
7.39345e-05
7.39242e-05
7.3914e-05
7.39037e-05
7.38935e-05
7.38833e-05
7.38731e-05
7.38628e-05
7.38526e-05
7.38424e-05
7.38322e-05
7.3822e-05
7.38119e-05
7.38017e-05
7.37915e-05
7.37814e-05
7.37712e-05
7.3761e-05
7.37509e-05
7.37407e-05
7.37306e-05
7.37205e-05
7.37104e-05
7.37002e-05
7.36901e-05
7.368e-05
7.36699e-05
7.36598e-05
7.36497e-05
7.36397e-05
7.36296e-05
7.36195e-05
7.36094e-05
7.35994e-05
7.35893e-05
7.35793e-05
7.35692e-05
7.35592e-05
7.35492e-05
7.35391e-05
7.35291e-05
7.35191e-05
7.35091e-05
7.34991e-05
7.34891e-05
7.34791e-05
7.34691e-05
7.34592e-05
7.34492e-05
7.34392e-05
7.34293e-05
7.34193e-05
7.34094e-05
7.33994e-05
7.33895e-05
7.33795e-05
7.33696e-05
7.33597e-05
7.33498e-05
7.33399e-05
7.333e-05
7.33201e-05
7.33102e-05
7.33003e-05
7.32904e-05
7.32806e-05
7.32707e-05
7.32608e-05
7.3251e-05
7.32411e-05
7.32313e-05
7.32214e-05
7.32116e-05
7.32018e-05
7.3192e-05
7.31821e-05
7.31723e-05
7.31625e-05
7.31527e-05
7.31429e-05
7.31331e-05
7.31234e-05
7.31136e-05
7.31038e-05
7.3094e-05
7.30843e-05
7.30745e-05
7.30648e-05
7.3055e-05
7.30453e-05
7.30356e-05
7.30258e-05
7.30161e-05
7.30064e-05
7.29967e-05
7.2987e-05
7.29773e-05
7.29676e-05
7.29579e-05
7.29482e-05
7.29386e-05
7.29289e-05
7.29192e-05
7.29096e-05
7.28999e-05
7.28903e-05
7.28806e-05
7.2871e-05
7.28614e-05
7.28517e-05
7.28421e-05
7.28325e-05
7.28229e-05
7.28133e-05
7.28037e-05
7.27941e-05
7.27845e-05
7.2775e-05
7.27654e-05
7.27558e-05
7.27462e-05
7.27367e-05
7.27271e-05
7.27176e-05
7.2708e-05
7.26985e-05
7.2689e-05
7.26795e-05
7.26699e-05
7.26604e-05
7.26509e-05
7.26414e-05
7.26319e-05
7.26224e-05
7.26129e-05
7.26035e-05
7.2594e-05
7.25845e-05
7.2575e-05
7.25656e-05
7.25561e-05
7.25467e-05
7.25372e-05
7.25278e-05
7.25184e-05
7.2509e-05
7.24995e-05
7.24901e-05
7.24807e-05
7.24713e-05
7.24619e-05
7.24525e-05
7.24431e-05
7.24337e-05
7.24244e-05
7.2415e-05
7.24056e-05
7.23963e-05
7.23869e-05
7.23776e-05
7.23682e-05
7.23589e-05
7.23495e-05
7.23402e-05
7.23309e-05
7.23216e-05
7.23123e-05
7.23029e-05
7.22936e-05
7.22844e-05
7.22751e-05
7.22658e-05
7.22565e-05
7.22472e-05
7.22379e-05
7.22287e-05
7.22194e-05
7.22102e-05
7.22009e-05
7.21917e-05
7.21824e-05
7.21732e-05
7.2164e-05
7.21548e-05
7.21455e-05
7.21363e-05
7.21271e-05
7.21179e-05
7.21087e-05
7.20995e-05
7.20904e-05
7.20812e-05
7.2072e-05
7.20628e-05
7.20537e-05
7.20445e-05
7.20354e-05
7.20262e-05
7.20171e-05
7.20079e-05
7.19988e-05
7.19897e-05
7.19806e-05
7.19714e-05
7.19623e-05
7.19532e-05
7.19441e-05
7.1935e-05
7.19259e-05
7.19168e-05
7.19078e-05
7.18987e-05
7.18896e-05
7.18806e-05
7.18715e-05
7.18624e-05
7.18534e-05
7.18444e-05
7.18353e-05
7.18263e-05
7.18173e-05
7.18082e-05
7.17992e-05
7.17902e-05
7.17812e-05
7.17722e-05
7.17632e-05
7.17542e-05
7.17452e-05
7.17362e-05
7.17273e-05
7.17183e-05
7.17093e-05
7.17004e-05
7.16914e-05
7.16825e-05
7.16735e-05
7.16646e-05
7.16556e-05
7.16467e-05
7.16378e-05
7.16289e-05
7.16199e-05
7.1611e-05
7.16021e-05
7.15932e-05
7.15843e-05
7.15754e-05
7.15666e-05
7.15577e-05
7.15488e-05
7.15399e-05
7.15311e-05
7.15222e-05
7.15134e-05
7.15045e-05
7.14957e-05
7.14868e-05
7.1478e-05
7.14692e-05
7.14603e-05
7.14515e-05
7.14427e-05
7.14339e-05
7.14251e-05
7.14163e-05
7.14075e-05
7.13987e-05
7.13899e-05
7.13812e-05
7.13724e-05
7.13636e-05
7.13548e-05
7.13461e-05
7.13373e-05
7.13286e-05
7.13198e-05
7.13111e-05
7.13024e-05
7.12936e-05
7.12849e-05
7.12762e-05
7.12675e-05
7.12588e-05
7.12501e-05
7.12414e-05
7.12327e-05
7.1224e-05
7.12153e-05
7.12066e-05
7.1198e-05
7.11893e-05
7.11806e-05
7.1172e-05
7.11633e-05
7.11547e-05
7.1146e-05
7.11374e-05
7.11287e-05
7.11201e-05
7.11115e-05
7.11029e-05
7.10942e-05
7.10856e-05
7.1077e-05
7.10684e-05
7.10598e-05
7.10512e-05
7.10427e-05
7.10341e-05
7.10255e-05
7.10169e-05
7.10084e-05
7.09998e-05
7.09912e-05
7.09827e-05
7.09741e-05
7.09656e-05
7.09571e-05
7.09485e-05
7.094e-05
7.09315e-05
7.0923e-05
7.09144e-05
7.09059e-05
7.08974e-05
7.08889e-05
7.08804e-05
7.0872e-05
7.08635e-05
7.0855e-05
7.08465e-05
7.0838e-05
7.08296e-05
7.08211e-05
7.08127e-05
7.08042e-05
7.07958e-05
7.07873e-05
7.07789e-05
7.07705e-05
7.0762e-05
7.07536e-05
7.07452e-05
7.07368e-05
7.07284e-05
7.072e-05
7.07116e-05
7.07032e-05
7.06948e-05
7.06864e-05
7.0678e-05
7.06696e-05
7.06613e-05
7.06529e-05
7.06446e-05
7.06362e-05
7.06278e-05
7.06195e-05
7.06112e-05
7.06028e-05
7.05945e-05
7.05862e-05
7.05778e-05
7.05695e-05
7.05612e-05
7.05529e-05
7.05446e-05
7.05363e-05
7.0528e-05
7.05197e-05
7.05114e-05
7.05031e-05
7.04949e-05
7.04866e-05
7.04783e-05
7.04701e-05
7.04618e-05
7.04536e-05
7.04453e-05
7.04371e-05
7.04288e-05
7.04206e-05
7.04124e-05
7.04041e-05
7.03959e-05
7.03877e-05
7.03795e-05
7.03713e-05
7.03631e-05
7.03549e-05
7.03467e-05
7.03385e-05
7.03303e-05
7.03221e-05
7.0314e-05
7.03058e-05
7.02976e-05
7.02895e-05
7.02813e-05
7.02732e-05
7.0265e-05
7.02569e-05
7.02487e-05
7.02406e-05
7.02325e-05
7.02243e-05
7.02162e-05
7.02081e-05
7.02e-05
7.01919e-05
7.01838e-05
7.01757e-05
7.01676e-05
7.01595e-05
7.01514e-05
7.01433e-05
7.01353e-05
7.01272e-05
7.01191e-05
7.01111e-05
7.0103e-05
7.0095e-05
7.00869e-05
7.00789e-05
7.00708e-05
7.00628e-05
7.00548e-05
7.00468e-05
7.00387e-05
7.00307e-05
7.00227e-05
7.00147e-05
7.00067e-05
6.99987e-05
6.99907e-05
6.99827e-05
6.99747e-05
6.99667e-05
6.99588e-05
6.99508e-05
6.99428e-05
6.99349e-05
6.99269e-05
6.9919e-05
6.9911e-05
6.99031e-05
6.98951e-05
6.98872e-05
6.98793e-05
6.98713e-05
6.98634e-05
6.98555e-05
6.98476e-05
6.98397e-05
6.98318e-05
6.98239e-05
6.9816e-05
6.98081e-05
6.98002e-05
6.97923e-05
6.97844e-05
6.97766e-05
6.97687e-05
6.97608e-05
6.9753e-05
6.97451e-05
6.97372e-05
6.97294e-05
6.97216e-05
6.97137e-05
6.97059e-05
6.96981e-05
6.96902e-05
6.96824e-05
6.96746e-05
6.96668e-05
6.9659e-05
6.96512e-05
6.96434e-05
6.96356e-05
6.96278e-05
6.962e-05
6.96122e-05
6.96044e-05
6.95967e-05
6.95889e-05
6.95811e-05
6.95734e-05
6.95656e-05
6.95578e-05
6.95501e-05
6.95424e-05
6.95346e-05
6.95269e-05
6.95191e-05
6.95114e-05
6.95037e-05
6.9496e-05
6.94883e-05
6.94806e-05
6.94729e-05
6.94652e-05
6.94575e-05
6.94498e-05
6.94421e-05
6.94344e-05
6.94267e-05
6.9419e-05
6.94114e-05
6.94037e-05
6.9396e-05
6.93884e-05
6.93807e-05
6.93731e-05
6.93654e-05
6.93578e-05
6.93501e-05
6.93425e-05
6.93349e-05
6.93273e-05
6.93196e-05
6.9312e-05
6.93044e-05
6.92968e-05
6.92892e-05
6.92816e-05
6.9274e-05
6.92664e-05
6.92588e-05
6.92512e-05
6.92437e-05
6.92361e-05
6.92285e-05
6.92209e-05
6.92134e-05
6.92058e-05
6.91983e-05
6.91907e-05
6.91832e-05
6.91756e-05
6.91681e-05
6.91606e-05
6.9153e-05
6.91455e-05
6.9138e-05
6.91305e-05
6.9123e-05
6.91155e-05
6.9108e-05
6.91005e-05
6.9093e-05
6.90855e-05
6.9078e-05
6.90705e-05
6.9063e-05
6.90555e-05
6.90481e-05
6.90406e-05
6.90331e-05
6.90257e-05
6.90182e-05
6.90108e-05
6.90033e-05
6.89959e-05
6.89884e-05
6.8981e-05
6.89736e-05
6.89662e-05
6.89587e-05
6.89513e-05
6.89439e-05
6.89365e-05
6.89291e-05
6.89217e-05
6.89143e-05
6.89069e-05
6.88995e-05
6.88921e-05
6.88847e-05
6.88774e-05
6.887e-05
6.88626e-05
6.88553e-05
6.88479e-05
6.88405e-05
6.88332e-05
6.88258e-05
6.88185e-05
6.88111e-05
6.88038e-05
6.87965e-05
6.87891e-05
6.87818e-05
6.87745e-05
6.87672e-05
6.87599e-05
6.87526e-05
6.87453e-05
6.8738e-05
6.87307e-05
6.87234e-05
6.87161e-05
6.87088e-05
6.87015e-05
6.86942e-05
6.8687e-05
6.86797e-05
6.86724e-05
6.86652e-05
6.86579e-05
6.86507e-05
6.86434e-05
6.86362e-05
6.86289e-05
6.86217e-05
6.86144e-05
6.86072e-05
6.86e-05
6.85928e-05
6.85856e-05
6.85783e-05
6.85711e-05
6.85639e-05
6.85567e-05
6.85495e-05
6.85423e-05
6.85351e-05
6.85279e-05
6.85208e-05
6.85136e-05
6.85064e-05
6.84992e-05
6.84921e-05
6.84849e-05
6.84778e-05
6.84706e-05
6.84634e-05
6.84563e-05
6.84492e-05
6.8442e-05
6.84349e-05
6.84277e-05
6.84206e-05
6.84135e-05
6.84064e-05
6.83993e-05
6.83921e-05
6.8385e-05
6.83779e-05
6.83708e-05
6.83637e-05
6.83566e-05
6.83495e-05
6.83425e-05
6.83354e-05
6.83283e-05
6.83212e-05
6.83142e-05
6.83071e-05
6.83e-05
6.8293e-05
6.82859e-05
6.82789e-05
6.82718e-05
6.82648e-05
6.82577e-05
6.82507e-05
6.82437e-05
6.82366e-05
6.82296e-05
6.82226e-05
6.82156e-05
6.82086e-05
6.82015e-05
6.81945e-05
6.81875e-05
6.81805e-05
6.81735e-05
6.81666e-05
6.81596e-05
6.81526e-05
6.81456e-05
6.81386e-05
6.81317e-05
6.81247e-05
6.81177e-05
6.81108e-05
6.81038e-05
6.80969e-05
6.80899e-05
6.8083e-05
6.8076e-05
6.80691e-05
6.80622e-05
6.80552e-05
6.80483e-05
6.80414e-05
6.80345e-05
6.80275e-05
6.80206e-05
6.80137e-05
6.80068e-05
6.79999e-05
6.7993e-05
6.79861e-05
6.79792e-05
6.79723e-05
6.79655e-05
6.79586e-05
6.79517e-05
6.79448e-05
6.7938e-05
6.79311e-05
6.79242e-05
6.79174e-05
6.79105e-05
6.79037e-05
6.78968e-05
6.789e-05
6.78832e-05
6.78763e-05
6.78695e-05
6.78627e-05
6.78559e-05
6.7849e-05
6.78422e-05
6.78354e-05
6.78286e-05
6.78218e-05
6.7815e-05
6.78082e-05
6.78014e-05
6.77946e-05
6.77878e-05
6.7781e-05
6.77743e-05
6.77675e-05
6.77607e-05
6.77539e-05
6.77472e-05
6.77404e-05
6.77337e-05
6.77269e-05
6.77202e-05
6.77134e-05
6.77067e-05
6.76999e-05
6.76932e-05
6.76865e-05
6.76797e-05
6.7673e-05
6.76663e-05
6.76596e-05
6.76528e-05
6.76461e-05
6.76394e-05
6.76327e-05
6.7626e-05
6.76193e-05
6.76126e-05
6.76059e-05
6.75993e-05
6.75926e-05
6.75859e-05
6.75792e-05
6.75726e-05
6.75659e-05
6.75592e-05
6.75526e-05
6.75459e-05
6.75392e-05
6.75326e-05
6.7526e-05
6.75193e-05
6.75127e-05
6.7506e-05
6.74994e-05
6.74928e-05
6.74861e-05
6.74795e-05
6.74729e-05
6.74663e-05
6.74597e-05
6.74531e-05
6.74465e-05
6.74399e-05
6.74333e-05
6.74267e-05
6.74201e-05
6.74135e-05
6.74069e-05
6.74003e-05
6.73938e-05
6.73872e-05
6.73806e-05
6.73741e-05
6.73675e-05
6.73609e-05
6.73544e-05
6.73478e-05
6.73413e-05
6.73347e-05
6.73282e-05
6.73216e-05
6.73151e-05
6.73086e-05
6.73021e-05
6.72955e-05
6.7289e-05
6.72825e-05
6.7276e-05
6.72695e-05
6.7263e-05
6.72565e-05
6.725e-05
6.72435e-05
6.7237e-05
6.72305e-05
6.7224e-05
6.72175e-05
6.7211e-05
6.72046e-05
6.71981e-05
6.71916e-05
6.71851e-05
6.71787e-05
6.71722e-05
6.71658e-05
6.71593e-05
6.71529e-05
6.71464e-05
6.714e-05
6.71335e-05
6.71271e-05
6.71207e-05
6.71143e-05
6.71078e-05
6.71014e-05
6.7095e-05
6.70886e-05
6.70822e-05
6.70758e-05
6.70693e-05
6.70629e-05
6.70565e-05
6.70502e-05
6.70438e-05
6.70374e-05
6.7031e-05
6.70246e-05
6.70182e-05
6.70119e-05
6.70055e-05
6.69991e-05
6.69928e-05
6.69864e-05
6.698e-05
6.69737e-05
6.69673e-05
6.6961e-05
6.69546e-05
6.69483e-05
6.6942e-05
6.69356e-05
6.69293e-05
6.6923e-05
6.69166e-05
6.69103e-05
6.6904e-05
6.68977e-05
6.68914e-05
6.68851e-05
6.68788e-05
6.68725e-05
6.68662e-05
6.68599e-05
6.68536e-05
6.68473e-05
6.6841e-05
6.68347e-05
6.68285e-05
6.68222e-05
6.68159e-05
6.68096e-05
6.68034e-05
6.67971e-05
6.67909e-05
6.67846e-05
6.67784e-05
6.67721e-05
6.67659e-05
6.67596e-05
6.67534e-05
6.67471e-05
6.67409e-05
6.67347e-05
6.67285e-05
6.67222e-05
6.6716e-05
6.67098e-05
6.67036e-05
6.66974e-05
6.66912e-05
6.6685e-05
6.66788e-05
6.66726e-05
6.66664e-05
6.66602e-05
6.6654e-05
6.66478e-05
6.66416e-05
6.66355e-05
6.66293e-05
6.66231e-05
6.6617e-05
6.66108e-05
6.66046e-05
6.65985e-05
6.65923e-05
6.65862e-05
6.658e-05
6.65739e-05
6.65677e-05
6.65616e-05
6.65555e-05
6.65493e-05
6.65432e-05
6.65371e-05
6.6531e-05
6.65248e-05
6.65187e-05
6.65126e-05
6.65065e-05
6.65004e-05
6.64943e-05
6.64882e-05
6.64821e-05
6.6476e-05
6.64699e-05
6.64638e-05
6.64577e-05
6.64517e-05
6.64456e-05
6.64395e-05
6.64334e-05
6.64274e-05
6.64213e-05
6.64152e-05
6.64092e-05
6.64031e-05
6.63971e-05
6.6391e-05
6.6385e-05
6.63789e-05
6.63729e-05
6.63669e-05
6.63608e-05
6.63548e-05
6.63488e-05
6.63427e-05
6.63367e-05
6.63307e-05
6.63247e-05
6.63187e-05
6.63127e-05
6.63067e-05
6.63007e-05
6.62947e-05
6.62887e-05
6.62827e-05
6.62767e-05
6.62707e-05
6.62647e-05
6.62587e-05
6.62527e-05
6.62468e-05
6.62408e-05
6.62348e-05
6.62289e-05
6.62229e-05
6.62169e-05
6.6211e-05
6.6205e-05
6.61991e-05
6.61931e-05
6.61872e-05
6.61813e-05
6.61753e-05
6.61694e-05
6.61635e-05
6.61575e-05
6.61516e-05
6.61457e-05
6.61398e-05
6.61338e-05
6.61279e-05
6.6122e-05
6.61161e-05
6.61102e-05
6.61043e-05
6.60984e-05
6.60925e-05
6.60866e-05
6.60807e-05
6.60748e-05
6.6069e-05
6.60631e-05
6.60572e-05
6.60513e-05
6.60455e-05
6.60396e-05
6.60337e-05
6.60279e-05
6.6022e-05
6.60161e-05
6.60103e-05
6.60044e-05
6.59986e-05
6.59928e-05
6.59869e-05
6.59811e-05
6.59752e-05
6.59694e-05
6.59636e-05
6.59578e-05
6.59519e-05
6.59461e-05
6.59403e-05
6.59345e-05
6.59287e-05
6.59229e-05
6.59171e-05
6.59113e-05
6.59055e-05
6.58997e-05
6.58939e-05
6.58881e-05
6.58823e-05
6.58765e-05
6.58707e-05
6.58649e-05
6.58592e-05
6.58534e-05
6.58476e-05
6.58419e-05
6.58361e-05
6.58303e-05
6.58246e-05
6.58188e-05
6.58131e-05
6.58073e-05
6.58016e-05
6.57958e-05
6.57901e-05
6.57844e-05
6.57786e-05
6.57729e-05
6.57672e-05
6.57614e-05
6.57557e-05
6.575e-05
6.57443e-05
6.57386e-05
6.57329e-05
6.57272e-05
6.57215e-05
6.57158e-05
6.57101e-05
6.57044e-05
6.56987e-05
6.5693e-05
6.56873e-05
6.56816e-05
6.56759e-05
6.56702e-05
6.56646e-05
6.56589e-05
6.56532e-05
6.56476e-05
6.56419e-05
6.56362e-05
6.56306e-05
6.56249e-05
6.56193e-05
6.56136e-05
6.5608e-05
6.56023e-05
6.55967e-05
6.5591e-05
6.55854e-05
6.55798e-05
6.55741e-05
6.55685e-05
6.55629e-05
6.55573e-05
6.55517e-05
6.5546e-05
6.55404e-05
6.55348e-05
6.55292e-05
6.55236e-05
6.5518e-05
6.55124e-05
6.55068e-05
6.55012e-05
6.54956e-05
6.549e-05
6.54845e-05
6.54789e-05
6.54733e-05
6.54677e-05
6.54621e-05
6.54566e-05
6.5451e-05
6.54454e-05
6.54399e-05
6.54343e-05
6.54288e-05
6.54232e-05
6.54177e-05
6.54121e-05
6.54066e-05
6.5401e-05
6.53955e-05
6.539e-05
6.53844e-05
6.53789e-05
6.53734e-05
6.53678e-05
6.53623e-05
6.53568e-05
6.53513e-05
6.53458e-05
6.53402e-05
6.53347e-05
6.53292e-05
6.53237e-05
6.53182e-05
6.53127e-05
6.53072e-05
6.53017e-05
6.52963e-05
6.52908e-05
6.52853e-05
6.52798e-05
6.52743e-05
6.52689e-05
6.52634e-05
6.52579e-05
6.52524e-05
6.5247e-05
6.52415e-05
6.52361e-05
6.52306e-05
6.52252e-05
6.52197e-05
6.52143e-05
6.52088e-05
6.52034e-05
6.51979e-05
6.51925e-05
6.51871e-05
6.51816e-05
6.51762e-05
6.51708e-05
6.51653e-05
6.51599e-05
6.51545e-05
6.51491e-05
6.51437e-05
6.51383e-05
6.51329e-05
6.51275e-05
6.51221e-05
6.51167e-05
6.51113e-05
6.51059e-05
6.51005e-05
6.50951e-05
6.50897e-05
6.50843e-05
6.50789e-05
6.50736e-05
6.50682e-05
6.50628e-05
6.50575e-05
6.50521e-05
6.50467e-05
6.50414e-05
6.5036e-05
6.50306e-05
6.50253e-05
6.50199e-05
6.50146e-05
6.50092e-05
6.50039e-05
6.49986e-05
6.49932e-05
6.49879e-05
6.49826e-05
6.49772e-05
6.49719e-05
6.49666e-05
6.49613e-05
6.49559e-05
6.49506e-05
6.49453e-05
6.494e-05
6.49347e-05
6.49294e-05
6.49241e-05
6.49188e-05
6.49135e-05
6.49082e-05
6.49029e-05
6.48976e-05
6.48923e-05
6.4887e-05
6.48818e-05
6.48765e-05
6.48712e-05
6.48659e-05
6.48607e-05
6.48554e-05
6.48501e-05
6.48449e-05
6.48396e-05
6.48344e-05
6.48291e-05
6.48238e-05
6.48186e-05
6.48133e-05
6.48081e-05
6.48029e-05
6.47976e-05
6.47924e-05
6.47871e-05
6.47819e-05
6.47767e-05
6.47715e-05
6.47662e-05
6.4761e-05
6.47558e-05
6.47506e-05
6.47454e-05
6.47402e-05
6.47349e-05
6.47297e-05
6.47245e-05
6.47193e-05
6.47141e-05
6.47089e-05
6.47038e-05
6.46986e-05
6.46934e-05
6.46882e-05
6.4683e-05
6.46778e-05
6.46726e-05
6.46675e-05
6.46623e-05
6.46571e-05
6.4652e-05
6.46468e-05
6.46416e-05
6.46365e-05
6.46313e-05
6.46262e-05
6.4621e-05
6.46159e-05
6.46107e-05
6.46056e-05
6.46004e-05
6.45953e-05
6.45902e-05
6.4585e-05
6.45799e-05
6.45748e-05
6.45696e-05
6.45645e-05
6.45594e-05
6.45543e-05
6.45492e-05
6.4544e-05
6.45389e-05
6.45338e-05
6.45287e-05
6.45236e-05
6.45185e-05
6.45134e-05
6.45083e-05
6.45032e-05
6.44981e-05
6.4493e-05
6.4488e-05
6.44829e-05
6.44778e-05
6.44727e-05
6.44676e-05
6.44626e-05
6.44575e-05
6.44524e-05
6.44474e-05
6.44423e-05
6.44372e-05
6.44322e-05
6.44271e-05
6.44221e-05
6.4417e-05
6.4412e-05
6.44069e-05
6.44019e-05
6.43968e-05
6.43918e-05
6.43867e-05
6.43817e-05
6.43767e-05
6.43717e-05
6.43666e-05
6.43616e-05
6.43566e-05
6.43516e-05
6.43465e-05
6.43415e-05
6.43365e-05
6.43315e-05
6.43265e-05
6.43215e-05
6.43165e-05
6.43115e-05
6.43065e-05
6.43015e-05
6.42965e-05
6.42915e-05
6.42865e-05
6.42815e-05
6.42766e-05
6.42716e-05
6.42666e-05
6.42616e-05
6.42567e-05
6.42517e-05
6.42467e-05
6.42418e-05
6.42368e-05
6.42318e-05
6.42269e-05
6.42219e-05
6.4217e-05
6.4212e-05
6.42071e-05
6.42021e-05
6.41972e-05
6.41922e-05
6.41873e-05
6.41824e-05
6.41774e-05
6.41725e-05
6.41676e-05
6.41626e-05
6.41577e-05
6.41528e-05
6.41479e-05
6.41429e-05
6.4138e-05
6.41331e-05
6.41282e-05
6.41233e-05
6.41184e-05
6.41135e-05
6.41086e-05
6.41037e-05
6.40988e-05
6.40939e-05
6.4089e-05
6.40841e-05
6.40792e-05
6.40744e-05
6.40695e-05
6.40646e-05
6.40597e-05
6.40548e-05
6.405e-05
6.40451e-05
6.40402e-05
6.40354e-05
6.40305e-05
6.40256e-05
6.40208e-05
6.40159e-05
6.40111e-05
6.40062e-05
6.40014e-05
6.39965e-05
6.39917e-05
6.39868e-05
6.3982e-05
6.39772e-05
6.39723e-05
6.39675e-05
6.39627e-05
6.39578e-05
6.3953e-05
6.39482e-05
6.39434e-05
6.39386e-05
6.39337e-05
6.39289e-05
6.39241e-05
6.39193e-05
6.39145e-05
6.39097e-05
6.39049e-05
6.39001e-05
6.38953e-05
6.38905e-05
6.38857e-05
6.38809e-05
6.38761e-05
6.38713e-05
6.38666e-05
6.38618e-05
6.3857e-05
6.38522e-05
6.38475e-05
6.38427e-05
6.38379e-05
6.38331e-05
6.38284e-05
6.38236e-05
6.38189e-05
6.38141e-05
6.38093e-05
6.38046e-05
6.37998e-05
6.37951e-05
6.37903e-05
6.37856e-05
6.37809e-05
6.37761e-05
6.37714e-05
6.37666e-05
6.37619e-05
6.37572e-05
6.37525e-05
6.37477e-05
6.3743e-05
6.37383e-05
6.37336e-05
6.37288e-05
6.37241e-05
6.37194e-05
6.37147e-05
6.371e-05
6.37053e-05
6.37006e-05
6.36959e-05
6.36912e-05
6.36865e-05
6.36818e-05
6.36771e-05
6.36724e-05
6.36677e-05
6.3663e-05
6.36584e-05
6.36537e-05
6.3649e-05
6.36443e-05
6.36396e-05
6.3635e-05
6.36303e-05
6.36256e-05
6.3621e-05
6.36163e-05
6.36116e-05
6.3607e-05
6.36023e-05
6.35977e-05
6.3593e-05
6.35884e-05
6.35837e-05
6.35791e-05
6.35744e-05
6.35698e-05
6.35652e-05
6.35605e-05
6.35559e-05
6.35513e-05
6.35466e-05
6.3542e-05
6.35374e-05
6.35327e-05
6.35281e-05
6.35235e-05
6.35189e-05
6.35143e-05
6.35097e-05
6.35051e-05
6.35004e-05
6.34958e-05
6.34912e-05
6.34866e-05
6.3482e-05
6.34774e-05
6.34728e-05
6.34683e-05
6.34637e-05
6.34591e-05
6.34545e-05
6.34499e-05
6.34453e-05
6.34407e-05
6.34362e-05
6.34316e-05
6.3427e-05
6.34224e-05
6.34179e-05
6.34133e-05
6.34087e-05
6.34042e-05
6.33996e-05
6.33951e-05
6.33905e-05
6.3386e-05
6.33814e-05
6.33769e-05
6.33723e-05
6.33678e-05
6.33632e-05
6.33587e-05
6.33541e-05
6.33496e-05
6.33451e-05
6.33405e-05
6.3336e-05
6.33315e-05
6.3327e-05
6.33224e-05
6.33179e-05
6.33134e-05
6.33089e-05
6.33044e-05
6.32998e-05
6.32953e-05
6.32908e-05
6.32863e-05
6.32818e-05
6.32773e-05
6.32728e-05
6.32683e-05
6.32638e-05
6.32593e-05
6.32548e-05
6.32504e-05
6.32459e-05
6.32414e-05
6.32369e-05
6.32324e-05
6.32279e-05
6.32235e-05
6.3219e-05
6.32145e-05
6.321e-05
6.32056e-05
6.32011e-05
6.31966e-05
6.31922e-05
6.31877e-05
6.31833e-05
6.31788e-05
6.31744e-05
6.31699e-05
6.31655e-05
6.3161e-05
6.31566e-05
6.31521e-05
6.31477e-05
6.31432e-05
6.31388e-05
6.31344e-05
6.31299e-05
6.31255e-05
6.31211e-05
6.31167e-05
6.31122e-05
6.31078e-05
6.31034e-05
6.3099e-05
6.30946e-05
6.30901e-05
6.30857e-05
6.30813e-05
6.30769e-05
6.30725e-05
6.30681e-05
6.30637e-05
6.30593e-05
6.30549e-05
6.30505e-05
6.30461e-05
6.30417e-05
6.30373e-05
6.30329e-05
6.30286e-05
6.30242e-05
6.30198e-05
6.30154e-05
6.3011e-05
6.30067e-05
6.30023e-05
6.29979e-05
6.29936e-05
6.29892e-05
6.29848e-05
6.29805e-05
6.29761e-05
6.29717e-05
6.29674e-05
6.2963e-05
6.29587e-05
6.29543e-05
6.295e-05
6.29456e-05
6.29413e-05
6.29369e-05
6.29326e-05
6.29283e-05
6.29239e-05
6.29196e-05
6.29153e-05
6.29109e-05
6.29066e-05
6.29023e-05
6.2898e-05
6.28936e-05
6.28893e-05
6.2885e-05
6.28807e-05
6.28764e-05
6.28721e-05
6.28677e-05
6.28634e-05
6.28591e-05
6.28548e-05
6.28505e-05
6.28462e-05
6.28419e-05
6.28376e-05
6.28333e-05
6.28291e-05
6.28248e-05
6.28205e-05
6.28162e-05
6.28119e-05
6.28076e-05
6.28033e-05
6.27991e-05
6.27948e-05
6.27905e-05
6.27862e-05
6.2782e-05
6.27777e-05
6.27734e-05
6.27692e-05
6.27649e-05
6.27607e-05
6.27564e-05
6.27521e-05
6.27479e-05
6.27436e-05
6.27394e-05
6.27351e-05
6.27309e-05
6.27266e-05
6.27224e-05
6.27182e-05
6.27139e-05
6.27097e-05
6.27054e-05
6.27012e-05
6.2697e-05
6.26928e-05
6.26885e-05
6.26843e-05
6.26801e-05
6.26759e-05
6.26716e-05
6.26674e-05
6.26632e-05
6.2659e-05
6.26548e-05
6.26506e-05
6.26464e-05
6.26422e-05
6.2638e-05
6.26338e-05
6.26296e-05
6.26254e-05
6.26212e-05
6.2617e-05
6.26128e-05
6.26086e-05
6.26044e-05
6.26002e-05
6.2596e-05
6.25919e-05
6.25877e-05
6.25835e-05
6.25793e-05
6.25751e-05
6.2571e-05
6.25668e-05
6.25626e-05
6.25585e-05
6.25543e-05
6.25501e-05
6.2546e-05
6.25418e-05
6.25377e-05
6.25335e-05
6.25294e-05
6.25252e-05
6.25211e-05
6.25169e-05
6.25128e-05
6.25086e-05
6.25045e-05
6.25003e-05
6.24962e-05
6.24921e-05
6.24879e-05
6.24838e-05
6.24797e-05
6.24755e-05
6.24714e-05
6.24673e-05
6.24632e-05
6.2459e-05
6.24549e-05
6.24508e-05
6.24467e-05
6.24426e-05
6.24385e-05
6.24344e-05
6.24302e-05
6.24261e-05
6.2422e-05
6.24179e-05
6.24138e-05
6.24097e-05
6.24056e-05
6.24015e-05
6.23974e-05
6.23934e-05
6.23893e-05
6.23852e-05
6.23811e-05
6.2377e-05
6.23729e-05
6.23689e-05
6.23648e-05
6.23607e-05
6.23566e-05
6.23526e-05
6.23485e-05
6.23444e-05
6.23403e-05
6.23363e-05
6.23322e-05
6.23282e-05
6.23241e-05
6.232e-05
6.2316e-05
6.23119e-05
6.23079e-05
6.23038e-05
6.22998e-05
6.22957e-05
6.22917e-05
6.22876e-05
6.22836e-05
6.22796e-05
6.22755e-05
6.22715e-05
6.22675e-05
6.22634e-05
6.22594e-05
6.22554e-05
6.22513e-05
6.22473e-05
6.22433e-05
6.22393e-05
6.22353e-05
6.22312e-05
6.22272e-05
6.22232e-05
6.22192e-05
6.22152e-05
6.22112e-05
6.22072e-05
6.22032e-05
6.21992e-05
6.21952e-05
6.21912e-05
6.21872e-05
6.21832e-05
6.21792e-05
6.21752e-05
6.21712e-05
6.21672e-05
6.21632e-05
6.21592e-05
6.21553e-05
6.21513e-05
6.21473e-05
6.21433e-05
6.21393e-05
6.21354e-05
6.21314e-05
6.21274e-05
6.21235e-05
6.21195e-05
6.21155e-05
6.21116e-05
6.21076e-05
6.21036e-05
6.20997e-05
6.20957e-05
6.20918e-05
6.20878e-05
6.20839e-05
6.20799e-05
6.2076e-05
6.2072e-05
6.20681e-05
6.20642e-05
6.20602e-05
6.20563e-05
6.20523e-05
6.20484e-05
6.20445e-05
6.20405e-05
6.20366e-05
6.20327e-05
6.20288e-05
6.20248e-05
6.20209e-05
6.2017e-05
6.20131e-05
6.20092e-05
6.20052e-05
6.20013e-05
6.19974e-05
6.19935e-05
6.19896e-05
6.19857e-05
6.19818e-05
6.19779e-05
6.1974e-05
6.19701e-05
6.19662e-05
6.19623e-05
6.19584e-05
6.19545e-05
6.19506e-05
6.19467e-05
6.19428e-05
6.1939e-05
6.19351e-05
6.19312e-05
6.19273e-05
6.19234e-05
6.19196e-05
6.19157e-05
6.19118e-05
6.19079e-05
6.19041e-05
6.19002e-05
6.18963e-05
6.18925e-05
6.18886e-05
6.18847e-05
6.18809e-05
6.1877e-05
6.18732e-05
6.18693e-05
6.18655e-05
6.18616e-05
6.18578e-05
6.18539e-05
6.18501e-05
6.18462e-05
6.18424e-05
6.18386e-05
6.18347e-05
6.18309e-05
6.1827e-05
6.18232e-05
6.18194e-05
6.18155e-05
6.18117e-05
6.18079e-05
6.18041e-05
6.18002e-05
6.17964e-05
6.17926e-05
6.17888e-05
6.1785e-05
6.17812e-05
6.17773e-05
6.17735e-05
6.17697e-05
6.17659e-05
6.17621e-05
6.17583e-05
6.17545e-05
6.17507e-05
6.17469e-05
6.17431e-05
6.17393e-05
6.17355e-05
6.17317e-05
6.17279e-05
6.17241e-05
6.17204e-05
6.17166e-05
6.17128e-05
6.1709e-05
6.17052e-05
6.17014e-05
6.16977e-05
6.16939e-05
6.16901e-05
6.16863e-05
6.16826e-05
6.16788e-05
6.1675e-05
6.16713e-05
6.16675e-05
6.16637e-05
6.166e-05
6.16562e-05
6.16525e-05
6.16487e-05
6.1645e-05
6.16412e-05
6.16374e-05
6.16337e-05
6.163e-05
6.16262e-05
6.16225e-05
6.16187e-05
6.1615e-05
6.16112e-05
6.16075e-05
6.16038e-05
6.16e-05
6.15963e-05
6.15926e-05
6.15888e-05
6.15851e-05
6.15814e-05
6.15777e-05
6.15739e-05
6.15702e-05
6.15665e-05
6.15628e-05
6.15591e-05
6.15554e-05
6.15516e-05
6.15479e-05
6.15442e-05
6.15405e-05
6.15368e-05
6.15331e-05
6.15294e-05
6.15257e-05
6.1522e-05
6.15183e-05
6.15146e-05
6.15109e-05
6.15072e-05
6.15035e-05
6.14998e-05
6.14961e-05
6.14925e-05
6.14888e-05
6.14851e-05
6.14814e-05
6.14777e-05
6.1474e-05
6.14704e-05
6.14667e-05
6.1463e-05
6.14593e-05
6.14557e-05
6.1452e-05
6.14483e-05
6.14447e-05
6.1441e-05
6.14373e-05
6.14337e-05
6.143e-05
6.14264e-05
6.14227e-05
6.14191e-05
6.14154e-05
6.14118e-05
6.14081e-05
6.14045e-05
6.14008e-05
6.13972e-05
6.13935e-05
6.13899e-05
6.13862e-05
6.13826e-05
6.1379e-05
6.13753e-05
6.13717e-05
6.13681e-05
6.13644e-05
6.13608e-05
6.13572e-05
6.13536e-05
6.13499e-05
6.13463e-05
6.13427e-05
6.13391e-05
6.13354e-05
6.13318e-05
6.13282e-05
6.13246e-05
6.1321e-05
6.13174e-05
6.13138e-05
6.13102e-05
6.13066e-05
6.1303e-05
6.12994e-05
6.12958e-05
6.12922e-05
6.12886e-05
6.1285e-05
6.12814e-05
6.12778e-05
6.12742e-05
6.12706e-05
6.1267e-05
6.12634e-05
6.12598e-05
6.12563e-05
6.12527e-05
6.12491e-05
6.12455e-05
6.12419e-05
6.12384e-05
6.12348e-05
6.12312e-05
6.12276e-05
6.12241e-05
6.12205e-05
6.12169e-05
6.12134e-05
6.12098e-05
6.12062e-05
6.12027e-05
6.11991e-05
6.11956e-05
6.1192e-05
6.11885e-05
6.11849e-05
6.11814e-05
6.11778e-05
6.11743e-05
6.11707e-05
6.11672e-05
6.11636e-05
6.11601e-05
6.11565e-05
6.1153e-05
6.11495e-05
6.11459e-05
6.11424e-05
6.11389e-05
6.11353e-05
6.11318e-05
6.11283e-05
6.11248e-05
6.11212e-05
6.11177e-05
6.11142e-05
6.11107e-05
6.11071e-05
6.11036e-05
6.11001e-05
6.10966e-05
6.10931e-05
6.10896e-05
6.10861e-05
6.10826e-05
6.10791e-05
6.10755e-05
6.1072e-05
6.10685e-05
6.1065e-05
6.10615e-05
6.1058e-05
6.10546e-05
6.10511e-05
6.10476e-05
6.10441e-05
6.10406e-05
6.10371e-05
6.10336e-05
6.10301e-05
6.10266e-05
6.10232e-05
6.10197e-05
6.10162e-05
6.10127e-05
6.10092e-05
6.10058e-05
6.10023e-05
6.09988e-05
6.09953e-05
6.09919e-05
6.09884e-05
6.09849e-05
6.09815e-05
6.0978e-05
6.09746e-05
6.09711e-05
6.09676e-05
6.09642e-05
6.09607e-05
6.09573e-05
6.09538e-05
6.09504e-05
6.09469e-05
6.09435e-05
6.094e-05
6.09366e-05
6.09331e-05
6.09297e-05
6.09263e-05
6.09228e-05
6.09194e-05
6.09159e-05
6.09125e-05
6.09091e-05
6.09056e-05
6.09022e-05
6.08988e-05
6.08954e-05
6.08919e-05
6.08885e-05
6.08851e-05
6.08817e-05
6.08782e-05
6.08748e-05
6.08714e-05
6.0868e-05
6.08646e-05
6.08612e-05
6.08577e-05
6.08543e-05
6.08509e-05
6.08475e-05
6.08441e-05
6.08407e-05
6.08373e-05
6.08339e-05
6.08305e-05
6.08271e-05
6.08237e-05
6.08203e-05
6.08169e-05
6.08135e-05
6.08101e-05
6.08067e-05
6.08034e-05
6.08e-05
6.07966e-05
6.07932e-05
6.07898e-05
6.07864e-05
6.07831e-05
6.07797e-05
6.07763e-05
6.07729e-05
6.07696e-05
6.07662e-05
6.07628e-05
6.07594e-05
6.07561e-05
6.07527e-05
6.07493e-05
6.0746e-05
6.07426e-05
6.07393e-05
6.07359e-05
6.07325e-05
6.07292e-05
6.07258e-05
6.07225e-05
6.07191e-05
6.07158e-05
6.07124e-05
6.07091e-05
6.07057e-05
6.07024e-05
6.0699e-05
6.06957e-05
6.06924e-05
6.0689e-05
6.06857e-05
6.06823e-05
6.0679e-05
6.06757e-05
6.06723e-05
6.0669e-05
6.06657e-05
6.06623e-05
6.0659e-05
6.06557e-05
6.06524e-05
6.0649e-05
6.06457e-05
6.06424e-05
6.06391e-05
6.06358e-05
6.06325e-05
6.06291e-05
6.06258e-05
6.06225e-05
6.06192e-05
6.06159e-05
6.06126e-05
6.06093e-05
6.0606e-05
6.06027e-05
6.05994e-05
6.05961e-05
6.05928e-05
6.05895e-05
6.05862e-05
6.05829e-05
6.05796e-05
6.05763e-05
6.0573e-05
6.05697e-05
6.05664e-05
6.05632e-05
6.05599e-05
6.05566e-05
6.05533e-05
6.055e-05
6.05467e-05
6.05435e-05
6.05402e-05
6.05369e-05
6.05336e-05
6.05304e-05
6.05271e-05
6.05238e-05
6.05206e-05
6.05173e-05
6.0514e-05
6.05108e-05
6.05075e-05
6.05042e-05
6.0501e-05
6.04977e-05
6.04945e-05
6.04912e-05
6.04879e-05
6.04847e-05
6.04814e-05
6.04782e-05
6.04749e-05
6.04717e-05
6.04684e-05
6.04652e-05
6.0462e-05
6.04587e-05
6.04555e-05
6.04522e-05
6.0449e-05
6.04458e-05
6.04425e-05
6.04393e-05
6.04361e-05
6.04328e-05
6.04296e-05
6.04264e-05
6.04231e-05
6.04199e-05
6.04167e-05
6.04135e-05
6.04102e-05
6.0407e-05
6.04038e-05
6.04006e-05
6.03974e-05
6.03941e-05
6.03909e-05
6.03877e-05
6.03845e-05
6.03813e-05
6.03781e-05
6.03749e-05
6.03717e-05
6.03685e-05
6.03653e-05
6.03621e-05
6.03589e-05
6.03557e-05
6.03525e-05
6.03493e-05
6.03461e-05
6.03429e-05
6.03397e-05
6.03365e-05
6.03333e-05
6.03301e-05
6.03269e-05
6.03237e-05
6.03206e-05
6.03174e-05
6.03142e-05
6.0311e-05
6.03078e-05
6.03047e-05
6.03015e-05
6.02983e-05
6.02951e-05
6.0292e-05
6.02888e-05
6.02856e-05
6.02824e-05
6.02793e-05
6.02761e-05
6.02729e-05
6.02698e-05
6.02666e-05
6.02635e-05
6.02603e-05
6.02571e-05
6.0254e-05
6.02508e-05
6.02477e-05
6.02445e-05
6.02414e-05
6.02382e-05
6.02351e-05
6.02319e-05
6.02288e-05
6.02256e-05
6.02225e-05
6.02193e-05
6.02162e-05
6.02131e-05
6.02099e-05
6.02068e-05
6.02036e-05
6.02005e-05
6.01974e-05
6.01942e-05
6.01911e-05
6.0188e-05
6.01848e-05
6.01817e-05
6.01786e-05
6.01755e-05
6.01723e-05
6.01692e-05
6.01661e-05
6.0163e-05
6.01599e-05
6.01568e-05
6.01536e-05
6.01505e-05
6.01474e-05
6.01443e-05
6.01412e-05
6.01381e-05
6.0135e-05
6.01319e-05
6.01288e-05
6.01257e-05
6.01225e-05
6.01194e-05
6.01163e-05
6.01132e-05
6.01101e-05
6.01071e-05
6.0104e-05
6.01009e-05
6.00978e-05
6.00947e-05
6.00916e-05
6.00885e-05
6.00854e-05
6.00823e-05
6.00792e-05
6.00762e-05
6.00731e-05
6.007e-05
6.00669e-05
6.00638e-05
6.00608e-05
6.00577e-05
6.00546e-05
6.00515e-05
6.00485e-05
6.00454e-05
6.00423e-05
6.00393e-05
6.00362e-05
6.00331e-05
6.00301e-05
6.0027e-05
6.00239e-05
6.00209e-05
6.00178e-05
6.00147e-05
6.00117e-05
6.00086e-05
6.00056e-05
6.00025e-05
5.99995e-05
5.99964e-05
5.99934e-05
5.99903e-05
5.99873e-05
5.99842e-05
5.99812e-05
5.99781e-05
5.99751e-05
5.99721e-05
5.9969e-05
5.9966e-05
5.99629e-05
5.99599e-05
5.99569e-05
5.99538e-05
5.99508e-05
5.99478e-05
5.99447e-05
5.99417e-05
5.99387e-05
5.99357e-05
5.99326e-05
5.99296e-05
5.99266e-05
5.99236e-05
5.99205e-05
5.99175e-05
5.99145e-05
5.99115e-05
5.99085e-05
5.99055e-05
5.99025e-05
5.98994e-05
5.98964e-05
5.98934e-05
5.98904e-05
5.98874e-05
5.98844e-05
5.98814e-05
5.98784e-05
5.98754e-05
5.98724e-05
5.98694e-05
5.98664e-05
5.98634e-05
5.98604e-05
5.98574e-05
5.98544e-05
5.98514e-05
5.98484e-05
5.98454e-05
5.98425e-05
5.98395e-05
5.98365e-05
5.98335e-05
5.98305e-05
5.98275e-05
5.98245e-05
5.98216e-05
5.98186e-05
5.98156e-05
5.98126e-05
5.98097e-05
5.98067e-05
5.98037e-05
5.98007e-05
5.97978e-05
5.97948e-05
5.97918e-05
5.97889e-05
5.97859e-05
5.97829e-05
5.978e-05
5.9777e-05
5.97741e-05
5.97711e-05
5.97681e-05
5.97652e-05
5.97622e-05
5.97593e-05
5.97563e-05
5.97534e-05
5.97504e-05
5.97475e-05
5.97445e-05
5.97416e-05
5.97386e-05
5.97357e-05
5.97327e-05
5.97298e-05
5.97268e-05
5.97239e-05
5.9721e-05
5.9718e-05
5.97151e-05
5.97122e-05
5.97092e-05
5.97063e-05
5.97034e-05
5.97004e-05
5.96975e-05
5.96946e-05
5.96916e-05
5.96887e-05
5.96858e-05
5.96829e-05
5.96799e-05
5.9677e-05
5.96741e-05
5.96712e-05
5.96683e-05
5.96653e-05
5.96624e-05
5.96595e-05
5.96566e-05
5.96537e-05
5.96508e-05
5.96479e-05
5.9645e-05
5.96421e-05
5.96391e-05
5.96362e-05
5.96333e-05
5.96304e-05
5.96275e-05
5.96246e-05
5.96217e-05
5.96188e-05
5.96159e-05
5.9613e-05
5.96101e-05
5.96073e-05
5.96044e-05
5.96015e-05
5.95986e-05
5.95957e-05
5.95928e-05
5.95899e-05
5.9587e-05
5.95841e-05
5.95813e-05
5.95784e-05
5.95755e-05
5.95726e-05
5.95697e-05
5.95669e-05
5.9564e-05
5.95611e-05
5.95582e-05
5.95554e-05
5.95525e-05
5.95496e-05
5.95468e-05
5.95439e-05
5.9541e-05
5.95382e-05
5.95353e-05
5.95324e-05
5.95296e-05
5.95267e-05
5.95238e-05
5.9521e-05
5.95181e-05
5.95153e-05
5.95124e-05
5.95096e-05
5.95067e-05
5.95039e-05
5.9501e-05
5.94982e-05
5.94953e-05
5.94925e-05
5.94896e-05
5.94868e-05
5.94839e-05
5.94811e-05
5.94782e-05
5.94754e-05
5.94726e-05
5.94697e-05
5.94669e-05
5.9464e-05
5.94612e-05
5.94584e-05
5.94555e-05
5.94527e-05
5.94499e-05
5.9447e-05
5.94442e-05
5.94414e-05
5.94386e-05
5.94357e-05
5.94329e-05
5.94301e-05
5.94273e-05
5.94245e-05
5.94216e-05
5.94188e-05
5.9416e-05
5.94132e-05
5.94104e-05
5.94075e-05
5.94047e-05
5.94019e-05
5.93991e-05
5.93963e-05
5.93935e-05
5.93907e-05
5.93879e-05
5.93851e-05
5.93823e-05
5.93795e-05
5.93767e-05
5.93739e-05
5.93711e-05
5.93683e-05
5.93655e-05
5.93627e-05
5.93599e-05
5.93571e-05
5.93543e-05
5.93515e-05
5.93487e-05
5.93459e-05
5.93431e-05
5.93403e-05
5.93376e-05
5.93348e-05
5.9332e-05
5.93292e-05
5.93264e-05
5.93236e-05
5.93209e-05
5.93181e-05
5.93153e-05
5.93125e-05
5.93098e-05
5.9307e-05
5.93042e-05
5.93014e-05
5.92987e-05
5.92959e-05
5.92931e-05
5.92904e-05
5.92876e-05
5.92848e-05
5.92821e-05
5.92793e-05
5.92765e-05
5.92738e-05
5.9271e-05
5.92683e-05
5.92655e-05
5.92627e-05
5.926e-05
5.92572e-05
5.92545e-05
5.92517e-05
5.9249e-05
5.92462e-05
5.92435e-05
5.92407e-05
5.9238e-05
5.92352e-05
5.92325e-05
5.92297e-05
5.9227e-05
5.92243e-05
5.92215e-05
5.92188e-05
5.9216e-05
5.92133e-05
5.92106e-05
5.92078e-05
5.92051e-05
5.92024e-05
5.91996e-05
5.91969e-05
5.91942e-05
5.91914e-05
5.91887e-05
5.9186e-05
5.91833e-05
5.91805e-05
5.91778e-05
5.91751e-05
5.91724e-05
5.91697e-05
5.91669e-05
5.91642e-05
5.91615e-05
5.91588e-05
5.91561e-05
5.91534e-05
5.91506e-05
5.91479e-05
5.91452e-05
5.91425e-05
5.91398e-05
5.91371e-05
5.91344e-05
5.91317e-05
5.9129e-05
5.91263e-05
5.91236e-05
5.91209e-05
5.91182e-05
5.91155e-05
5.91128e-05
5.91101e-05
5.91074e-05
5.91047e-05
5.9102e-05
5.90993e-05
5.90966e-05
5.90939e-05
5.90912e-05
5.90885e-05
5.90858e-05
5.90832e-05
5.90805e-05
5.90778e-05
5.90751e-05
5.90724e-05
5.90697e-05
5.90671e-05
5.90644e-05
5.90617e-05
5.9059e-05
5.90564e-05
5.90537e-05
5.9051e-05
5.90483e-05
5.90457e-05
5.9043e-05
5.90403e-05
5.90376e-05
5.9035e-05
5.90323e-05
5.90296e-05
5.9027e-05
5.90243e-05
5.90217e-05
5.9019e-05
5.90163e-05
5.90137e-05
5.9011e-05
5.90084e-05
5.90057e-05
5.9003e-05
5.90004e-05
5.89977e-05
5.89951e-05
5.89924e-05
5.89898e-05
5.89871e-05
5.89845e-05
5.89818e-05
5.89792e-05
5.89765e-05
5.89739e-05
5.89713e-05
5.89686e-05
5.8966e-05
5.89633e-05
5.89607e-05
5.89581e-05
5.89554e-05
5.89528e-05
5.89501e-05
5.89475e-05
5.89449e-05
5.89422e-05
5.89396e-05
5.8937e-05
5.89344e-05
5.89317e-05
5.89291e-05
5.89265e-05
5.89239e-05
5.89212e-05
5.89186e-05
5.8916e-05
5.89134e-05
5.89107e-05
5.89081e-05
5.89055e-05
5.89029e-05
5.89003e-05
5.88977e-05
5.8895e-05
5.88924e-05
5.88898e-05
5.88872e-05
5.88846e-05
5.8882e-05
5.88794e-05
5.88768e-05
5.88742e-05
5.88716e-05
5.8869e-05
5.88664e-05
5.88638e-05
5.88612e-05
5.88586e-05
5.8856e-05
5.88534e-05
5.88508e-05
5.88482e-05
5.88456e-05
5.8843e-05
5.88404e-05
5.88378e-05
5.88352e-05
5.88326e-05
5.883e-05
5.88274e-05
5.88248e-05
5.88223e-05
5.88197e-05
5.88171e-05
5.88145e-05
5.88119e-05
5.88093e-05
5.88068e-05
5.88042e-05
5.88016e-05
5.8799e-05
5.87965e-05
5.87939e-05
5.87913e-05
5.87887e-05
5.87862e-05
5.87836e-05
5.8781e-05
5.87785e-05
5.87759e-05
5.87733e-05
5.87707e-05
5.87682e-05
5.87656e-05
5.87631e-05
5.87605e-05
5.87579e-05
5.87554e-05
5.87528e-05
5.87503e-05
5.87477e-05
5.87451e-05
5.87426e-05
5.874e-05
5.87375e-05
5.87349e-05
5.87324e-05
5.87298e-05
5.87273e-05
5.87247e-05
5.87222e-05
5.87196e-05
5.87171e-05
5.87145e-05
5.8712e-05
5.87095e-05
5.87069e-05
5.87044e-05
5.87018e-05
5.86993e-05
5.86968e-05
5.86942e-05
5.86917e-05
5.86891e-05
5.86866e-05
5.86841e-05
5.86815e-05
5.8679e-05
5.86765e-05
5.8674e-05
5.86714e-05
5.86689e-05
5.86664e-05
5.86638e-05
5.86613e-05
5.86588e-05
5.86563e-05
5.86537e-05
5.86512e-05
5.86487e-05
5.86462e-05
5.86437e-05
5.86412e-05
5.86386e-05
5.86361e-05
5.86336e-05
5.86311e-05
5.86286e-05
5.86261e-05
5.86236e-05
5.86211e-05
5.86185e-05
5.8616e-05
5.86135e-05
5.8611e-05
5.86085e-05
5.8606e-05
5.86035e-05
5.8601e-05
5.85985e-05
5.8596e-05
5.85935e-05
5.8591e-05
5.85885e-05
5.8586e-05
5.85835e-05
5.8581e-05
5.85785e-05
5.8576e-05
5.85736e-05
5.85711e-05
5.85686e-05
5.85661e-05
5.85636e-05
5.85611e-05
5.85586e-05
5.85561e-05
5.85537e-05
5.85512e-05
5.85487e-05
5.85462e-05
5.85437e-05
5.85413e-05
5.85388e-05
5.85363e-05
5.85338e-05
5.85313e-05
5.85289e-05
5.85264e-05
5.85239e-05
5.85215e-05
5.8519e-05
5.85165e-05
5.8514e-05
5.85116e-05
5.85091e-05
5.85066e-05
5.85042e-05
5.85017e-05
5.84992e-05
5.84968e-05
5.84943e-05
5.84919e-05
5.84894e-05
5.84869e-05
5.84845e-05
5.8482e-05
5.84796e-05
5.84771e-05
5.84747e-05
5.84722e-05
5.84698e-05
5.84673e-05
5.84649e-05
5.84624e-05
5.846e-05
5.84575e-05
5.84551e-05
5.84526e-05
5.84502e-05
5.84477e-05
5.84453e-05
5.84428e-05
5.84404e-05
5.8438e-05
5.84355e-05
5.84331e-05
5.84306e-05
5.84282e-05
5.84258e-05
5.84233e-05
5.84209e-05
5.84185e-05
5.8416e-05
5.84136e-05
5.84112e-05
5.84087e-05
5.84063e-05
5.84039e-05
5.84015e-05
5.8399e-05
5.83966e-05
5.83942e-05
5.83918e-05
5.83893e-05
5.83869e-05
5.83845e-05
5.83821e-05
5.83797e-05
5.83772e-05
5.83748e-05
5.83724e-05
5.837e-05
5.83676e-05
5.83652e-05
5.83628e-05
5.83603e-05
5.83579e-05
5.83555e-05
5.83531e-05
5.83507e-05
5.83483e-05
5.83459e-05
5.83435e-05
5.83411e-05
5.83387e-05
5.83363e-05
5.83339e-05
5.83315e-05
5.83291e-05
5.83267e-05
5.83243e-05
5.83219e-05
5.83195e-05
5.83171e-05
5.83147e-05
5.83123e-05
5.83099e-05
5.83075e-05
5.83051e-05
5.83027e-05
5.83003e-05
5.8298e-05
5.82956e-05
5.82932e-05
5.82908e-05
5.82884e-05
5.8286e-05
5.82836e-05
5.82813e-05
5.82789e-05
5.82765e-05
5.82741e-05
5.82717e-05
5.82694e-05
5.8267e-05
5.82646e-05
5.82622e-05
5.82599e-05
5.82575e-05
5.82551e-05
5.82527e-05
5.82504e-05
5.8248e-05
5.82456e-05
5.82433e-05
5.82409e-05
5.82385e-05
5.82362e-05
5.82338e-05
5.82314e-05
5.82291e-05
5.82267e-05
5.82243e-05
5.8222e-05
5.82196e-05
5.82173e-05
5.82149e-05
5.82126e-05
5.82102e-05
5.82078e-05
5.82055e-05
5.82031e-05
5.82008e-05
5.81984e-05
5.81961e-05
5.81937e-05
5.81914e-05
5.8189e-05
5.81867e-05
5.81843e-05
5.8182e-05
5.81796e-05
5.81773e-05
5.8175e-05
5.81726e-05
5.81703e-05
5.81679e-05
5.81656e-05
5.81633e-05
5.81609e-05
5.81586e-05
5.81563e-05
5.81539e-05
5.81516e-05
5.81492e-05
5.81469e-05
5.81446e-05
5.81423e-05
5.81399e-05
5.81376e-05
5.81353e-05
5.81329e-05
5.81306e-05
5.81283e-05
5.8126e-05
5.81236e-05
5.81213e-05
5.8119e-05
5.81167e-05
5.81143e-05
5.8112e-05
5.81097e-05
5.81074e-05
5.81051e-05
5.81028e-05
5.81004e-05
5.80981e-05
5.80958e-05
5.80935e-05
5.80912e-05
5.80889e-05
5.80866e-05
5.80843e-05
5.80819e-05
5.80796e-05
5.80773e-05
5.8075e-05
5.80727e-05
5.80704e-05
5.80681e-05
5.80658e-05
5.80635e-05
5.80612e-05
5.80589e-05
5.80566e-05
5.80543e-05
5.8052e-05
5.80497e-05
5.80474e-05
5.80451e-05
5.80428e-05
5.80405e-05
5.80382e-05
5.80359e-05
5.80337e-05
5.80314e-05
5.80291e-05
5.80268e-05
5.80245e-05
5.80222e-05
5.80199e-05
5.80176e-05
5.80154e-05
5.80131e-05
5.80108e-05
5.80085e-05
5.80062e-05
5.80039e-05
5.80017e-05
5.79994e-05
5.79971e-05
5.79948e-05
5.79926e-05
5.79903e-05
5.7988e-05
5.79857e-05
5.79835e-05
5.79812e-05
5.79789e-05
5.79766e-05
5.79744e-05
5.79721e-05
5.79698e-05
5.79676e-05
5.79653e-05
5.7963e-05
5.79608e-05
5.79585e-05
5.79562e-05
5.7954e-05
5.79517e-05
5.79495e-05
5.79472e-05
5.79449e-05
5.79427e-05
5.79404e-05
5.79382e-05
5.79359e-05
5.79337e-05
5.79314e-05
5.79292e-05
5.79269e-05
5.79246e-05
5.79224e-05
5.79201e-05
5.79179e-05
5.79156e-05
5.79134e-05
5.79112e-05
5.79089e-05
5.79067e-05
5.79044e-05
5.79022e-05
5.78999e-05
5.78977e-05
5.78954e-05
5.78932e-05
5.7891e-05
5.78887e-05
5.78865e-05
5.78843e-05
5.7882e-05
5.78798e-05
5.78775e-05
5.78753e-05
5.78731e-05
5.78708e-05
5.78686e-05
5.78664e-05
5.78642e-05
5.78619e-05
5.78597e-05
5.78575e-05
5.78552e-05
5.7853e-05
5.78508e-05
5.78486e-05
5.78463e-05
5.78441e-05
5.78419e-05
5.78397e-05
5.78375e-05
5.78352e-05
5.7833e-05
5.78308e-05
5.78286e-05
5.78264e-05
5.78242e-05
5.78219e-05
5.78197e-05
5.78175e-05
5.78153e-05
5.78131e-05
5.78109e-05
5.78087e-05
5.78065e-05
5.78043e-05
5.7802e-05
5.77998e-05
5.77976e-05
5.77954e-05
5.77932e-05
5.7791e-05
5.77888e-05
5.77866e-05
5.77844e-05
5.77822e-05
5.778e-05
5.77778e-05
5.77756e-05
5.77734e-05
5.77712e-05
5.7769e-05
5.77668e-05
5.77646e-05
5.77624e-05
5.77603e-05
5.77581e-05
5.77559e-05
5.77537e-05
5.77515e-05
5.77493e-05
5.77471e-05
5.77449e-05
5.77427e-05
5.77406e-05
5.77384e-05
5.77362e-05
5.7734e-05
5.77318e-05
5.77296e-05
5.77275e-05
5.77253e-05
5.77231e-05
5.77209e-05
5.77187e-05
5.77166e-05
5.77144e-05
5.77122e-05
5.771e-05
5.77079e-05
5.77057e-05
5.77035e-05
5.77014e-05
5.76992e-05
5.7697e-05
5.76948e-05
5.76927e-05
5.76905e-05
5.76883e-05
5.76862e-05
5.7684e-05
5.76818e-05
5.76797e-05
5.76775e-05
5.76754e-05
5.76732e-05
5.7671e-05
5.76689e-05
5.76667e-05
5.76646e-05
5.76624e-05
5.76602e-05
5.76581e-05
5.76559e-05
5.76538e-05
5.76516e-05
5.76495e-05
5.76473e-05
5.76452e-05
5.7643e-05
5.76409e-05
5.76387e-05
5.76366e-05
5.76344e-05
5.76323e-05
5.76301e-05
5.7628e-05
5.76258e-05
5.76237e-05
5.76216e-05
5.76194e-05
5.76173e-05
5.76151e-05
5.7613e-05
5.76108e-05
5.76087e-05
5.76066e-05
5.76044e-05
5.76023e-05
5.76002e-05
5.7598e-05
5.75959e-05
5.75938e-05
5.75916e-05
5.75895e-05
5.75874e-05
5.75852e-05
5.75831e-05
5.7581e-05
5.75788e-05
5.75767e-05
5.75746e-05
5.75725e-05
5.75703e-05
5.75682e-05
5.75661e-05
5.7564e-05
5.75619e-05
5.75597e-05
5.75576e-05
5.75555e-05
5.75534e-05
5.75513e-05
5.75491e-05
5.7547e-05
5.75449e-05
5.75428e-05
5.75407e-05
5.75386e-05
5.75364e-05
5.75343e-05
5.75322e-05
5.75301e-05
5.7528e-05
5.75259e-05
5.75238e-05
5.75217e-05
5.75196e-05
5.75175e-05
5.75154e-05
5.75133e-05
5.75112e-05
5.7509e-05
5.75069e-05
5.75048e-05
5.75027e-05
5.75006e-05
5.74985e-05
5.74964e-05
5.74943e-05
5.74922e-05
5.74902e-05
5.74881e-05
5.7486e-05
5.74839e-05
5.74818e-05
5.74797e-05
5.74776e-05
5.74755e-05
5.74734e-05
5.74713e-05
5.74692e-05
5.74671e-05
5.7465e-05
5.7463e-05
5.74609e-05
5.74588e-05
5.74567e-05
5.74546e-05
5.74525e-05
5.74505e-05
5.74484e-05
5.74463e-05
5.74442e-05
5.74421e-05
5.74401e-05
5.7438e-05
5.74359e-05
5.74338e-05
5.74317e-05
5.74297e-05
5.74276e-05
5.74255e-05
5.74234e-05
5.74214e-05
5.74193e-05
5.74172e-05
5.74152e-05
5.74131e-05
5.7411e-05
5.7409e-05
5.74069e-05
5.74048e-05
5.74028e-05
5.74007e-05
5.73986e-05
5.73966e-05
5.73945e-05
5.73924e-05
5.73904e-05
5.73883e-05
5.73862e-05
5.73842e-05
5.73821e-05
5.73801e-05
5.7378e-05
5.7376e-05
5.73739e-05
5.73718e-05
5.73698e-05
5.73677e-05
5.73657e-05
5.73636e-05
5.73616e-05
5.73595e-05
5.73575e-05
5.73554e-05
5.73534e-05
5.73513e-05
5.73493e-05
5.73472e-05
5.73452e-05
5.73431e-05
5.73411e-05
5.73391e-05
5.7337e-05
5.7335e-05
5.73329e-05
5.73309e-05
5.73289e-05
5.73268e-05
5.73248e-05
5.73227e-05
5.73207e-05
5.73187e-05
5.73166e-05
5.73146e-05
5.73126e-05
5.73105e-05
5.73085e-05
5.73065e-05
5.73044e-05
5.73024e-05
5.73004e-05
5.72983e-05
5.72963e-05
5.72943e-05
5.72922e-05
5.72902e-05
5.72882e-05
5.72862e-05
5.72841e-05
5.72821e-05
5.72801e-05
5.72781e-05
5.72761e-05
5.7274e-05
5.7272e-05
5.727e-05
5.7268e-05
5.7266e-05
5.72639e-05
5.72619e-05
5.72599e-05
5.72579e-05
5.72559e-05
5.72539e-05
5.72518e-05
5.72498e-05
5.72478e-05
5.72458e-05
5.72438e-05
5.72418e-05
5.72398e-05
5.72378e-05
5.72358e-05
5.72338e-05
5.72317e-05
5.72297e-05
5.72277e-05
5.72257e-05
5.72237e-05
5.72217e-05
5.72197e-05
5.72177e-05
5.72157e-05
5.72137e-05
5.72117e-05
5.72097e-05
5.72077e-05
5.72057e-05
5.72037e-05
5.72017e-05
5.71997e-05
5.71977e-05
5.71957e-05
5.71938e-05
5.71918e-05
5.71898e-05
5.71878e-05
5.71858e-05
5.71838e-05
5.71818e-05
5.71798e-05
5.71778e-05
5.71758e-05
5.71739e-05
5.71719e-05
5.71699e-05
5.71679e-05
5.71659e-05
5.71639e-05
5.7162e-05
5.716e-05
5.7158e-05
5.7156e-05
5.7154e-05
5.7152e-05
5.71501e-05
5.71481e-05
5.71461e-05
5.71441e-05
5.71422e-05
5.71402e-05
5.71382e-05
5.71362e-05
5.71343e-05
5.71323e-05
5.71303e-05
5.71284e-05
5.71264e-05
5.71244e-05
5.71224e-05
5.71205e-05
5.71185e-05
5.71165e-05
5.71146e-05
5.71126e-05
5.71106e-05
5.71087e-05
5.71067e-05
5.71048e-05
5.71028e-05
5.71008e-05
5.70989e-05
5.70969e-05
5.70949e-05
5.7093e-05
5.7091e-05
5.70891e-05
5.70871e-05
5.70852e-05
5.70832e-05
5.70813e-05
5.70793e-05
5.70773e-05
5.70754e-05
5.70734e-05
5.70715e-05
5.70695e-05
5.70676e-05
5.70656e-05
5.70637e-05
5.70617e-05
5.70598e-05
5.70578e-05
5.70559e-05
5.7054e-05
5.7052e-05
5.70501e-05
5.70481e-05
5.70462e-05
5.70442e-05
5.70423e-05
5.70404e-05
5.70384e-05
5.70365e-05
5.70345e-05
5.70326e-05
5.70307e-05
5.70287e-05
5.70268e-05
5.70248e-05
5.70229e-05
5.7021e-05
5.7019e-05
5.70171e-05
5.70152e-05
5.70132e-05
5.70113e-05
5.70094e-05
5.70075e-05
5.70055e-05
5.70036e-05
5.70017e-05
5.69997e-05
5.69978e-05
5.69959e-05
5.6994e-05
5.6992e-05
5.69901e-05
5.69882e-05
5.69863e-05
5.69844e-05
5.69824e-05
5.69805e-05
5.69786e-05
5.69767e-05
5.69748e-05
5.69728e-05
5.69709e-05
5.6969e-05
5.69671e-05
5.69652e-05
5.69633e-05
5.69613e-05
5.69594e-05
5.69575e-05
5.69556e-05
5.69537e-05
5.69518e-05
5.69499e-05
5.6948e-05
5.69461e-05
5.69441e-05
5.69422e-05
5.69403e-05
5.69384e-05
5.69365e-05
5.69346e-05
5.69327e-05
5.69308e-05
5.69289e-05
5.6927e-05
5.69251e-05
5.69232e-05
5.69213e-05
5.69194e-05
5.69175e-05
5.69156e-05
5.69137e-05
5.69118e-05
5.69099e-05
5.6908e-05
5.69061e-05
5.69042e-05
5.69023e-05
5.69004e-05
5.68985e-05
5.68966e-05
5.68948e-05
5.68929e-05
5.6891e-05
5.68891e-05
5.68872e-05
5.68853e-05
5.68834e-05
5.68815e-05
5.68796e-05
5.68778e-05
5.68759e-05
5.6874e-05
5.68721e-05
5.68702e-05
5.68683e-05
5.68665e-05
5.68646e-05
5.68627e-05
5.68608e-05
5.68589e-05
5.68571e-05
5.68552e-05
5.68533e-05
5.68514e-05
5.68496e-05
5.68477e-05
5.68458e-05
5.68439e-05
5.68421e-05
5.68402e-05
5.68383e-05
5.68364e-05
5.68346e-05
5.68327e-05
5.68308e-05
5.6829e-05
5.68271e-05
5.68252e-05
5.68233e-05
5.68215e-05
5.68196e-05
5.68177e-05
5.68159e-05
5.6814e-05
5.68122e-05
5.68103e-05
5.68084e-05
5.68066e-05
5.68047e-05
5.68028e-05
5.6801e-05
5.67991e-05
5.67973e-05
5.67954e-05
5.67936e-05
5.67917e-05
5.67898e-05
5.6788e-05
5.67861e-05
5.67843e-05
5.67824e-05
5.67806e-05
5.67787e-05
5.67769e-05
5.6775e-05
5.67732e-05
5.67713e-05
5.67695e-05
5.67676e-05
5.67658e-05
5.67639e-05
5.67621e-05
5.67602e-05
5.67584e-05
5.67565e-05
5.67547e-05
5.67528e-05
5.6751e-05
5.67492e-05
5.67473e-05
5.67455e-05
5.67436e-05
5.67418e-05
5.674e-05
5.67381e-05
5.67363e-05
5.67344e-05
5.67326e-05
5.67308e-05
5.67289e-05
5.67271e-05
5.67253e-05
5.67234e-05
5.67216e-05
5.67198e-05
5.67179e-05
5.67161e-05
5.67143e-05
5.67124e-05
5.67106e-05
5.67088e-05
5.67069e-05
5.67051e-05
5.67033e-05
5.67015e-05
5.66996e-05
5.66978e-05
5.6696e-05
5.66942e-05
5.66923e-05
5.66905e-05
5.66887e-05
5.66869e-05
5.66851e-05
5.66832e-05
5.66814e-05
5.66796e-05
5.66778e-05
5.6676e-05
5.66741e-05
5.66723e-05
5.66705e-05
5.66687e-05
5.66669e-05
5.66651e-05
5.66632e-05
5.66614e-05
5.66596e-05
5.66578e-05
5.6656e-05
5.66542e-05
5.66524e-05
5.66506e-05
5.66488e-05
5.66469e-05
5.66451e-05
5.66433e-05
5.66415e-05
5.66397e-05
5.66379e-05
5.66361e-05
5.66343e-05
5.66325e-05
5.66307e-05
5.66289e-05
5.66271e-05
5.66253e-05
5.66235e-05
5.66217e-05
5.66199e-05
5.66181e-05
5.66163e-05
5.66145e-05
5.66127e-05
5.66109e-05
5.66091e-05
5.66073e-05
5.66055e-05
5.66037e-05
5.66019e-05
5.66001e-05
5.65983e-05
5.65965e-05
5.65948e-05
5.6593e-05
5.65912e-05
5.65894e-05
5.65876e-05
5.65858e-05
5.6584e-05
5.65822e-05
5.65804e-05
5.65787e-05
5.65769e-05
5.65751e-05
5.65733e-05
5.65715e-05
5.65697e-05
5.6568e-05
5.65662e-05
5.65644e-05
5.65626e-05
5.65608e-05
5.65591e-05
5.65573e-05
5.65555e-05
5.65537e-05
5.65519e-05
5.65502e-05
5.65484e-05
5.65466e-05
5.65448e-05
5.65431e-05
5.65413e-05
5.65395e-05
5.65377e-05
5.6536e-05
5.65342e-05
5.65324e-05
5.65307e-05
5.65289e-05
5.65271e-05
5.65254e-05
5.65236e-05
5.65218e-05
5.65201e-05
5.65183e-05
5.65165e-05
5.65148e-05
5.6513e-05
5.65112e-05
5.65095e-05
5.65077e-05
5.65059e-05
5.65042e-05
5.65024e-05
5.65007e-05
5.64989e-05
5.64971e-05
5.64954e-05
5.64936e-05
5.64919e-05
5.64901e-05
5.64883e-05
5.64866e-05
5.64848e-05
5.64831e-05
5.64813e-05
5.64796e-05
5.64778e-05
5.64761e-05
5.64743e-05
5.64726e-05
5.64708e-05
5.64691e-05
5.64673e-05
5.64656e-05
5.64638e-05
5.64621e-05
5.64603e-05
5.64586e-05
5.64568e-05
5.64551e-05
5.64533e-05
5.64516e-05
5.64499e-05
5.64481e-05
5.64464e-05
5.64446e-05
5.64429e-05
5.64411e-05
5.64394e-05
5.64377e-05
5.64359e-05
5.64342e-05
5.64324e-05
5.64307e-05
5.6429e-05
5.64272e-05
5.64255e-05
5.64238e-05
5.6422e-05
5.64203e-05
5.64186e-05
5.64168e-05
5.64151e-05
5.64134e-05
5.64116e-05
5.64099e-05
5.64082e-05
5.64064e-05
5.64047e-05
5.6403e-05
5.64013e-05
5.63995e-05
5.63978e-05
5.63961e-05
5.63944e-05
5.63926e-05
5.63909e-05
5.63892e-05
5.63875e-05
5.63857e-05
5.6384e-05
5.63823e-05
5.63806e-05
5.63788e-05
5.63771e-05
5.63754e-05
5.63737e-05
5.6372e-05
5.63703e-05
5.63685e-05
5.63668e-05
5.63651e-05
5.63634e-05
5.63617e-05
5.636e-05
5.63582e-05
5.63565e-05
5.63548e-05
5.63531e-05
5.63514e-05
5.63497e-05
5.6348e-05
5.63463e-05
5.63446e-05
5.63428e-05
5.63411e-05
5.63394e-05
5.63377e-05
5.6336e-05
5.63343e-05
5.63326e-05
5.63309e-05
5.63292e-05
5.63275e-05
5.63258e-05
5.63241e-05
5.63224e-05
5.63207e-05
5.6319e-05
5.63173e-05
5.63156e-05
5.63139e-05
5.63122e-05
5.63105e-05
5.63088e-05
5.63071e-05
5.63054e-05
5.63037e-05
5.6302e-05
5.63003e-05
5.62986e-05
5.62969e-05
5.62952e-05
5.62935e-05
5.62918e-05
5.62901e-05
5.62885e-05
5.62868e-05
5.62851e-05
5.62834e-05
5.62817e-05
5.628e-05
5.62783e-05
5.62766e-05
5.62749e-05
5.62733e-05
5.62716e-05
5.62699e-05
5.62682e-05
5.62665e-05
5.62648e-05
5.62632e-05
5.62615e-05
5.62598e-05
5.62581e-05
5.62564e-05
5.62547e-05
5.62531e-05
5.62514e-05
5.62497e-05
5.6248e-05
5.62464e-05
5.62447e-05
5.6243e-05
5.62413e-05
5.62396e-05
5.6238e-05
5.62363e-05
5.62346e-05
5.62329e-05
5.62313e-05
5.62296e-05
5.62279e-05
5.62263e-05
5.62246e-05
5.62229e-05
5.62213e-05
5.62196e-05
5.62179e-05
5.62162e-05
5.62146e-05
5.62129e-05
5.62112e-05
5.62096e-05
5.62079e-05
5.62062e-05
5.62046e-05
5.62029e-05
5.62013e-05
5.61996e-05
5.61979e-05
5.61963e-05
5.61946e-05
5.6193e-05
5.61913e-05
5.61896e-05
5.6188e-05
5.61863e-05
5.61847e-05
5.6183e-05
5.61813e-05
5.61797e-05
5.6178e-05
5.61764e-05
5.61747e-05
5.61731e-05
5.61714e-05
5.61698e-05
5.61681e-05
5.61665e-05
5.61648e-05
5.61632e-05
5.61615e-05
5.61599e-05
5.61582e-05
5.61566e-05
5.61549e-05
5.61533e-05
5.61516e-05
5.615e-05
5.61483e-05
5.61467e-05
5.6145e-05
5.61434e-05
5.61417e-05
5.61401e-05
5.61385e-05
5.61368e-05
5.61352e-05
5.61335e-05
5.61319e-05
5.61302e-05
5.61286e-05
5.6127e-05
5.61253e-05
5.61237e-05
5.61221e-05
5.61204e-05
5.61188e-05
5.61171e-05
5.61155e-05
5.61139e-05
5.61122e-05
5.61106e-05
5.6109e-05
5.61073e-05
5.61057e-05
5.61041e-05
5.61024e-05
5.61008e-05
5.60992e-05
5.60975e-05
5.60959e-05
5.60943e-05
5.60927e-05
5.6091e-05
5.60894e-05
5.60878e-05
5.60862e-05
5.60845e-05
5.60829e-05
5.60813e-05
5.60797e-05
5.6078e-05
5.60764e-05
5.60748e-05
5.60732e-05
5.60715e-05
5.60699e-05
5.60683e-05
5.60667e-05
5.60651e-05
5.60634e-05
5.60618e-05
5.60602e-05
5.60586e-05
5.6057e-05
5.60553e-05
5.60537e-05
5.60521e-05
5.60505e-05
5.60489e-05
5.60473e-05
5.60457e-05
5.6044e-05
5.60424e-05
5.60408e-05
5.60392e-05
5.60376e-05
5.6036e-05
5.60344e-05
5.60328e-05
5.60312e-05
5.60296e-05
5.60279e-05
5.60263e-05
5.60247e-05
5.60231e-05
5.60215e-05
5.60199e-05
5.60183e-05
5.60167e-05
5.60151e-05
5.60135e-05
5.60119e-05
5.60103e-05
5.60087e-05
5.60071e-05
5.60055e-05
5.60039e-05
5.60023e-05
5.60007e-05
5.59991e-05
5.59975e-05
5.59959e-05
5.59943e-05
5.59927e-05
5.59911e-05
5.59895e-05
5.59879e-05
5.59863e-05
5.59847e-05
5.59831e-05
5.59815e-05
5.59799e-05
5.59784e-05
5.59768e-05
5.59752e-05
5.59736e-05
5.5972e-05
5.59704e-05
5.59688e-05
5.59672e-05
5.59656e-05
5.59641e-05
5.59625e-05
5.59609e-05
5.59593e-05
5.59577e-05
5.59561e-05
5.59545e-05
5.5953e-05
5.59514e-05
5.59498e-05
5.59482e-05
5.59466e-05
5.5945e-05
5.59435e-05
5.59419e-05
5.59403e-05
5.59387e-05
5.59371e-05
5.59356e-05
5.5934e-05
5.59324e-05
5.59308e-05
5.59292e-05
5.59277e-05
5.59261e-05
5.59245e-05
5.59229e-05
5.59214e-05
5.59198e-05
5.59182e-05
5.59167e-05
5.59151e-05
5.59135e-05
5.59119e-05
5.59104e-05
5.59088e-05
5.59072e-05
5.59057e-05
5.59041e-05
5.59025e-05
5.5901e-05
5.58994e-05
5.58978e-05
5.58963e-05
5.58947e-05
5.58931e-05
5.58916e-05
5.589e-05
5.58884e-05
5.58869e-05
5.58853e-05
5.58837e-05
5.58822e-05
5.58806e-05
5.58791e-05
5.58775e-05
5.58759e-05
5.58744e-05
5.58728e-05
5.58713e-05
5.58697e-05
5.58681e-05
5.58666e-05
5.5865e-05
5.58635e-05
5.58619e-05
5.58604e-05
5.58588e-05
5.58573e-05
5.58557e-05
5.58542e-05
5.58526e-05
5.5851e-05
5.58495e-05
5.58479e-05
5.58464e-05
5.58448e-05
5.58433e-05
5.58417e-05
5.58402e-05
5.58386e-05
5.58371e-05
5.58356e-05
5.5834e-05
5.58325e-05
5.58309e-05
5.58294e-05
5.58278e-05
5.58263e-05
5.58247e-05
5.58232e-05
5.58217e-05
5.58201e-05
5.58186e-05
5.5817e-05
5.58155e-05
5.58139e-05
5.58124e-05
5.58109e-05
5.58093e-05
5.58078e-05
5.58062e-05
5.58047e-05
5.58032e-05
5.58016e-05
5.58001e-05
5.57986e-05
5.5797e-05
5.57955e-05
5.5794e-05
5.57924e-05
5.57909e-05
5.57894e-05
5.57878e-05
5.57863e-05
5.57848e-05
5.57832e-05
5.57817e-05
5.57802e-05
5.57786e-05
5.57771e-05
5.57756e-05
5.57741e-05
5.57725e-05
5.5771e-05
5.57695e-05
5.5768e-05
5.57664e-05
5.57649e-05
5.57634e-05
5.57619e-05
5.57603e-05
5.57588e-05
5.57573e-05
5.57558e-05
5.57542e-05
5.57527e-05
5.57512e-05
5.57497e-05
5.57482e-05
5.57466e-05
5.57451e-05
5.57436e-05
5.57421e-05
5.57406e-05
5.5739e-05
5.57375e-05
5.5736e-05
5.57345e-05
5.5733e-05
5.57315e-05
5.573e-05
5.57284e-05
5.57269e-05
5.57254e-05
5.57239e-05
5.57224e-05
5.57209e-05
5.57194e-05
5.57179e-05
5.57163e-05
5.57148e-05
5.57133e-05
5.57118e-05
5.57103e-05
5.57088e-05
5.57073e-05
5.57058e-05
5.57043e-05
5.57028e-05
5.57013e-05
5.56998e-05
5.56983e-05
5.56968e-05
5.56953e-05
5.56938e-05
5.56922e-05
5.56907e-05
5.56892e-05
5.56877e-05
5.56862e-05
5.56847e-05
5.56832e-05
5.56817e-05
5.56802e-05
5.56787e-05
5.56772e-05
5.56758e-05
5.56743e-05
5.56728e-05
5.56713e-05
5.56698e-05
5.56683e-05
5.56668e-05
5.56653e-05
5.56638e-05
5.56623e-05
5.56608e-05
5.56593e-05
5.56578e-05
5.56563e-05
5.56548e-05
5.56533e-05
5.56519e-05
5.56504e-05
5.56489e-05
5.56474e-05
5.56459e-05
5.56444e-05
5.56429e-05
5.56414e-05
5.56399e-05
5.56385e-05
5.5637e-05
5.56355e-05
5.5634e-05
5.56325e-05
5.5631e-05
5.56296e-05
5.56281e-05
5.56266e-05
5.56251e-05
5.56236e-05
5.56221e-05
5.56207e-05
5.56192e-05
5.56177e-05
5.56162e-05
5.56147e-05
5.56133e-05
5.56118e-05
5.56103e-05
5.56088e-05
5.56074e-05
5.56059e-05
5.56044e-05
5.56029e-05
5.56015e-05
5.56e-05
5.55985e-05
5.5597e-05
5.55956e-05
5.55941e-05
5.55926e-05
5.55912e-05
5.55897e-05
5.55882e-05
5.55867e-05
5.55853e-05
5.55838e-05
5.55823e-05
5.55809e-05
5.55794e-05
5.55779e-05
5.55765e-05
5.5575e-05
5.55735e-05
5.55721e-05
5.55706e-05
5.55691e-05
5.55677e-05
5.55662e-05
5.55647e-05
5.55633e-05
5.55618e-05
5.55604e-05
5.55589e-05
5.55574e-05
5.5556e-05
5.55545e-05
5.55531e-05
5.55516e-05
5.55501e-05
5.55487e-05
5.55472e-05
5.55458e-05
5.55443e-05
5.55428e-05
5.55414e-05
5.55399e-05
5.55385e-05
5.5537e-05
5.55356e-05
5.55341e-05
5.55327e-05
5.55312e-05
5.55298e-05
5.55283e-05
5.55269e-05
5.55254e-05
5.5524e-05
5.55225e-05
5.55211e-05
5.55196e-05
5.55182e-05
5.55167e-05
5.55153e-05
5.55138e-05
5.55124e-05
5.55109e-05
5.55095e-05
5.5508e-05
5.55066e-05
5.55051e-05
5.55037e-05
5.55022e-05
5.55008e-05
5.54994e-05
5.54979e-05
5.54965e-05
5.5495e-05
5.54936e-05
5.54921e-05
5.54907e-05
5.54893e-05
5.54878e-05
5.54864e-05
5.54849e-05
5.54835e-05
5.54821e-05
5.54806e-05
5.54792e-05
5.54778e-05
5.54763e-05
5.54749e-05
5.54735e-05
5.5472e-05
5.54706e-05
5.54691e-05
5.54677e-05
5.54663e-05
5.54648e-05
5.54634e-05
5.5462e-05
5.54606e-05
5.54591e-05
5.54577e-05
5.54563e-05
5.54548e-05
5.54534e-05
5.5452e-05
5.54505e-05
5.54491e-05
5.54477e-05
5.54463e-05
5.54448e-05
5.54434e-05
5.5442e-05
5.54406e-05
5.54391e-05
5.54377e-05
5.54363e-05
5.54349e-05
5.54334e-05
5.5432e-05
5.54306e-05
5.54292e-05
5.54278e-05
5.54263e-05
5.54249e-05
5.54235e-05
5.54221e-05
5.54206e-05
5.54192e-05
5.54178e-05
5.54164e-05
5.5415e-05
5.54136e-05
5.54121e-05
5.54107e-05
5.54093e-05
5.54079e-05
5.54065e-05
5.54051e-05
5.54037e-05
5.54022e-05
5.54008e-05
5.53994e-05
5.5398e-05
5.53966e-05
5.53952e-05
5.53938e-05
5.53924e-05
5.53909e-05
5.53895e-05
5.53881e-05
5.53867e-05
5.53853e-05
5.53839e-05
5.53825e-05
5.53811e-05
5.53797e-05
5.53783e-05
5.53769e-05
5.53755e-05
5.53741e-05
5.53726e-05
5.53712e-05
5.53698e-05
5.53684e-05
5.5367e-05
5.53656e-05
5.53642e-05
5.53628e-05
5.53614e-05
5.536e-05
5.53586e-05
5.53572e-05
5.53558e-05
5.53544e-05
5.5353e-05
5.53516e-05
5.53502e-05
5.53488e-05
5.53474e-05
5.5346e-05
5.53446e-05
5.53432e-05
5.53418e-05
5.53405e-05
5.53391e-05
5.53377e-05
5.53363e-05
5.53349e-05
5.53335e-05
5.53321e-05
5.53307e-05
5.53293e-05
5.53279e-05
5.53265e-05
5.53251e-05
5.53237e-05
5.53224e-05
5.5321e-05
5.53196e-05
5.53182e-05
5.53168e-05
5.53154e-05
5.5314e-05
5.53126e-05
5.53113e-05
5.53099e-05
5.53085e-05
5.53071e-05
5.53057e-05
5.53043e-05
5.53029e-05
5.53016e-05
5.53002e-05
5.52988e-05
5.52974e-05
5.5296e-05
5.52947e-05
5.52933e-05
5.52919e-05
5.52905e-05
5.52891e-05
5.52878e-05
5.52864e-05
5.5285e-05
5.52836e-05
5.52822e-05
5.52809e-05
5.52795e-05
5.52781e-05
5.52767e-05
5.52754e-05
5.5274e-05
5.52726e-05
5.52712e-05
5.52699e-05
5.52685e-05
5.52671e-05
5.52657e-05
5.52644e-05
5.5263e-05
5.52616e-05
5.52603e-05
5.52589e-05
5.52575e-05
5.52561e-05
5.52548e-05
5.52534e-05
5.5252e-05
5.52507e-05
5.52493e-05
5.52479e-05
5.52466e-05
5.52452e-05
5.52438e-05
5.52425e-05
5.52411e-05
5.52397e-05
5.52384e-05
5.5237e-05
5.52357e-05
5.52343e-05
5.52329e-05
5.52316e-05
5.52302e-05
5.52288e-05
5.52275e-05
5.52261e-05
5.52248e-05
5.52234e-05
5.5222e-05
5.52207e-05
5.52193e-05
5.5218e-05
5.52166e-05
5.52152e-05
5.52139e-05
5.52125e-05
5.52112e-05
5.52098e-05
5.52085e-05
5.52071e-05
5.52058e-05
5.52044e-05
5.5203e-05
5.52017e-05
5.52003e-05
5.5199e-05
5.51976e-05
5.51963e-05
5.51949e-05
5.51936e-05
5.51922e-05
5.51909e-05
5.51895e-05
5.51882e-05
5.51868e-05
5.51855e-05
5.51841e-05
5.51828e-05
5.51814e-05
5.51801e-05
5.51787e-05
5.51774e-05
5.51761e-05
5.51747e-05
5.51734e-05
5.5172e-05
5.51707e-05
5.51693e-05
5.5168e-05
5.51666e-05
5.51653e-05
5.5164e-05
5.51626e-05
5.51613e-05
5.51599e-05
5.51586e-05
5.51573e-05
5.51559e-05
5.51546e-05
5.51532e-05
5.51519e-05
5.51506e-05
5.51492e-05
5.51479e-05
5.51466e-05
5.51452e-05
5.51439e-05
5.51425e-05
5.51412e-05
5.51399e-05
5.51385e-05
5.51372e-05
5.51359e-05
5.51345e-05
5.51332e-05
5.51319e-05
5.51305e-05
5.51292e-05
5.51279e-05
5.51265e-05
5.51252e-05
5.51239e-05
5.51226e-05
5.51212e-05
5.51199e-05
5.51186e-05
5.51172e-05
5.51159e-05
5.51146e-05
5.51133e-05
5.51119e-05
5.51106e-05
5.51093e-05
5.5108e-05
5.51066e-05
5.51053e-05
5.5104e-05
5.51027e-05
5.51013e-05
5.51e-05
5.50987e-05
5.50974e-05
5.5096e-05
5.50947e-05
5.50934e-05
5.50921e-05
5.50908e-05
5.50894e-05
5.50881e-05
5.50868e-05
5.50855e-05
5.50842e-05
5.50828e-05
5.50815e-05
5.50802e-05
5.50789e-05
5.50776e-05
5.50763e-05
5.50749e-05
5.50736e-05
5.50723e-05
5.5071e-05
5.50697e-05
5.50684e-05
5.50671e-05
5.50657e-05
5.50644e-05
5.50631e-05
5.50618e-05
5.50605e-05
5.50592e-05
5.50579e-05
5.50566e-05
5.50553e-05
5.50539e-05
5.50526e-05
5.50513e-05
5.505e-05
5.50487e-05
5.50474e-05
5.50461e-05
5.50448e-05
5.50435e-05
5.50422e-05
5.50409e-05
5.50396e-05
5.50383e-05
5.5037e-05
5.50357e-05
5.50344e-05
5.5033e-05
5.50317e-05
5.50304e-05
5.50291e-05
5.50278e-05
5.50265e-05
5.50252e-05
5.50239e-05
5.50226e-05
5.50213e-05
5.502e-05
5.50187e-05
5.50174e-05
5.50161e-05
5.50148e-05
5.50135e-05
5.50122e-05
5.5011e-05
5.50097e-05
5.50084e-05
5.50071e-05
5.50058e-05
5.50045e-05
5.50032e-05
5.50019e-05
5.50006e-05
5.49993e-05
5.4998e-05
5.49967e-05
5.49954e-05
5.49941e-05
5.49928e-05
5.49915e-05
5.49903e-05
5.4989e-05
5.49877e-05
5.49864e-05
5.49851e-05
5.49838e-05
5.49825e-05
5.49812e-05
5.49799e-05
5.49787e-05
5.49774e-05
5.49761e-05
5.49748e-05
5.49735e-05
5.49722e-05
5.49709e-05
5.49697e-05
5.49684e-05
5.49671e-05
5.49658e-05
5.49645e-05
5.49632e-05
5.4962e-05
5.49607e-05
5.49594e-05
5.49581e-05
5.49568e-05
5.49556e-05
5.49543e-05
5.4953e-05
5.49517e-05
5.49504e-05
5.49492e-05
5.49479e-05
5.49466e-05
5.49453e-05
5.4944e-05
5.49428e-05
5.49415e-05
5.49402e-05
5.49389e-05
5.49377e-05
5.49364e-05
5.49351e-05
5.49338e-05
5.49326e-05
5.49313e-05
5.493e-05
5.49287e-05
5.49275e-05
5.49262e-05
5.49249e-05
5.49237e-05
5.49224e-05
5.49211e-05
5.49199e-05
5.49186e-05
5.49173e-05
5.4916e-05
5.49148e-05
5.49135e-05
5.49122e-05
5.4911e-05
5.49097e-05
5.49084e-05
5.49072e-05
5.49059e-05
5.49046e-05
5.49034e-05
5.49021e-05
5.49008e-05
5.48996e-05
5.48983e-05
5.48971e-05
5.48958e-05
5.48945e-05
5.48933e-05
5.4892e-05
5.48907e-05
5.48895e-05
5.48882e-05
5.4887e-05
5.48857e-05
5.48844e-05
5.48832e-05
5.48819e-05
5.48807e-05
5.48794e-05
5.48781e-05
5.48769e-05
5.48756e-05
5.48744e-05
5.48731e-05
5.48719e-05
5.48706e-05
5.48694e-05
5.48681e-05
5.48668e-05
5.48656e-05
5.48643e-05
5.48631e-05
5.48618e-05
5.48606e-05
5.48593e-05
5.48581e-05
5.48568e-05
5.48556e-05
5.48543e-05
5.48531e-05
5.48518e-05
5.48506e-05
5.48493e-05
5.48481e-05
5.48468e-05
5.48456e-05
5.48443e-05
5.48431e-05
5.48418e-05
5.48406e-05
5.48393e-05
5.48381e-05
5.48368e-05
5.48356e-05
5.48344e-05
5.48331e-05
5.48319e-05
5.48306e-05
5.48294e-05
5.48281e-05
5.48269e-05
5.48257e-05
5.48244e-05
5.48232e-05
5.48219e-05
5.48207e-05
5.48194e-05
5.48182e-05
5.4817e-05
5.48157e-05
5.48145e-05
5.48132e-05
5.4812e-05
5.48108e-05
5.48095e-05
5.48083e-05
5.48071e-05
5.48058e-05
5.48046e-05
5.48033e-05
5.48021e-05
5.48009e-05
5.47996e-05
5.47984e-05
5.47972e-05
5.47959e-05
5.47947e-05
5.47935e-05
5.47922e-05
5.4791e-05
5.47898e-05
5.47885e-05
5.47873e-05
5.47861e-05
5.47849e-05
5.47836e-05
5.47824e-05
5.47812e-05
5.47799e-05
5.47787e-05
5.47775e-05
5.47762e-05
5.4775e-05
5.47738e-05
5.47726e-05
5.47713e-05
5.47701e-05
5.47689e-05
5.47677e-05
5.47664e-05
5.47652e-05
5.4764e-05
5.47628e-05
5.47615e-05
5.47603e-05
5.47591e-05
5.47579e-05
5.47566e-05
5.47554e-05
5.47542e-05
5.4753e-05
5.47518e-05
5.47505e-05
5.47493e-05
5.47481e-05
5.47469e-05
5.47457e-05
5.47444e-05
5.47432e-05
5.4742e-05
5.47408e-05
5.47396e-05
5.47384e-05
5.47371e-05
5.47359e-05
5.47347e-05
5.47335e-05
5.47323e-05
5.47311e-05
5.47298e-05
5.47286e-05
5.47274e-05
5.47262e-05
5.4725e-05
5.47238e-05
5.47226e-05
5.47213e-05
5.47201e-05
5.47189e-05
5.47177e-05
5.47165e-05
5.47153e-05
5.47141e-05
5.47129e-05
5.47117e-05
5.47105e-05
5.47092e-05
5.4708e-05
5.47068e-05
5.47056e-05
5.47044e-05
5.47032e-05
5.4702e-05
5.47008e-05
5.46996e-05
5.46984e-05
5.46972e-05
5.4696e-05
5.46948e-05
5.46936e-05
5.46924e-05
5.46912e-05
5.469e-05
5.46888e-05
5.46875e-05
5.46863e-05
5.46851e-05
5.46839e-05
5.46827e-05
5.46815e-05
5.46803e-05
5.46791e-05
5.46779e-05
5.46767e-05
5.46755e-05
5.46743e-05
5.46731e-05
5.46719e-05
5.46708e-05
5.46696e-05
5.46684e-05
5.46672e-05
5.4666e-05
5.46648e-05
5.46636e-05
5.46624e-05
5.46612e-05
5.466e-05
5.46588e-05
5.46576e-05
5.46564e-05
5.46552e-05
5.4654e-05
5.46528e-05
5.46516e-05
5.46504e-05
5.46493e-05
5.46481e-05
5.46469e-05
5.46457e-05
5.46445e-05
5.46433e-05
5.46421e-05
5.46409e-05
5.46397e-05
5.46385e-05
5.46374e-05
5.46362e-05
5.4635e-05
5.46338e-05
5.46326e-05
5.46314e-05
5.46302e-05
5.4629e-05
5.46279e-05
5.46267e-05
5.46255e-05
5.46243e-05
5.46231e-05
5.46219e-05
5.46208e-05
5.46196e-05
5.46184e-05
5.46172e-05
5.4616e-05
5.46148e-05
5.46137e-05
5.46125e-05
5.46113e-05
5.46101e-05
5.46089e-05
5.46078e-05
5.46066e-05
5.46054e-05
5.46042e-05
5.46031e-05
5.46019e-05
5.46007e-05
5.45995e-05
5.45983e-05
5.45972e-05
5.4596e-05
5.45948e-05
5.45936e-05
5.45925e-05
5.45913e-05
5.45901e-05
5.45889e-05
5.45878e-05
5.45866e-05
5.45854e-05
5.45842e-05
5.45831e-05
5.45819e-05
5.45807e-05
5.45796e-05
5.45784e-05
5.45772e-05
5.4576e-05
5.45749e-05
5.45737e-05
5.45725e-05
5.45714e-05
5.45702e-05
5.4569e-05
5.45679e-05
5.45667e-05
5.45655e-05
5.45644e-05
5.45632e-05
5.4562e-05
5.45609e-05
5.45597e-05
5.45585e-05
5.45574e-05
5.45562e-05
5.4555e-05
5.45539e-05
5.45527e-05
5.45515e-05
5.45504e-05
5.45492e-05
5.45481e-05
5.45469e-05
5.45457e-05
5.45446e-05
5.45434e-05
5.45422e-05
5.45411e-05
5.45399e-05
5.45388e-05
5.45376e-05
5.45364e-05
5.45353e-05
5.45341e-05
5.4533e-05
5.45318e-05
5.45307e-05
5.45295e-05
5.45283e-05
5.45272e-05
5.4526e-05
5.45249e-05
5.45237e-05
5.45226e-05
5.45214e-05
5.45203e-05
5.45191e-05
5.45179e-05
5.45168e-05
5.45156e-05
5.45145e-05
5.45133e-05
5.45122e-05
5.4511e-05
5.45099e-05
5.45087e-05
5.45076e-05
5.45064e-05
5.45053e-05

