5e-05
5e-05
5e-05
5e-05
5e-05
5e-05
5e-05
5e-05
5e-05
5e-05
5e-05
5e-05
5e-05
5e-05
5e-05
5e-05
5e-05
5e-05
5e-05
5e-05
5e-05
5e-05
5e-05
5e-05
5e-05
5e-05
5e-05
5e-05
5e-05
5e-05
5e-05
5e-05
5e-05
5e-05
5e-05
5e-05
5e-05
5e-05
5e-05
5e-05
5e-05
5e-05
5e-05
5e-05
5e-05
5e-05
5e-05
5e-05
5e-05
5e-05
5e-05
5e-05
5e-05
5e-05
5e-05
5e-05
5e-05
5e-05
5e-05
5e-05
5e-05
5e-05
5e-05
5e-05
5e-05
5e-05
5e-05
5e-05
5e-05
5e-05
5e-05
5e-05
5e-05
5e-05
5e-05
5e-05
5e-05
5e-05
5e-05
5e-05
5e-05
5e-05
5e-05
5e-05
5e-05
5e-05
5e-05
5e-05
5e-05
5e-05
5e-05
5e-05
5e-05
5e-05
5e-05
5e-05
5e-05
5e-05
5e-05
5e-05
5e-05
5e-05
5e-05
5e-05
5e-05
5e-05
5e-05
5e-05
5e-05
5e-05
5e-05
5e-05
5e-05
5e-05
5e-05
5e-05
5e-05
5e-05
5e-05
5e-05
5e-05
5e-05
5e-05
5e-05
5e-05
5e-05
5e-05
5e-05
5e-05
5e-05
5e-05
5e-05
5e-05
5e-05
5e-05
5e-05
5e-05
5e-05
5e-05
5e-05
5e-05
5e-05
5e-05
5e-05
5e-05
5e-05
5e-05
5e-05
5e-05
5e-05
5e-05
5e-05
5e-05
5e-05
5e-05
5e-05
5e-05
5e-05
5e-05
5e-05
5e-05
5e-05
5e-05
5e-05
5e-05
5e-05
5e-05
5e-05
5e-05
5e-05
5e-05
5e-05
5e-05
5e-05
5e-05
5e-05
5e-05
5e-05
5e-05
5e-05
5e-05
5e-05
5e-05
5e-05
5e-05
5e-05
5e-05
5e-05
5e-05
5e-05
5e-05
5e-05
5e-05
5e-05
5e-05
5e-05
5e-05
5e-05
5e-05
5e-05
5e-05
5e-05
5e-05
5e-05
5e-05
5e-05
5e-05
5e-05
5e-05
5e-05
5e-05
5e-05
5e-05
5e-05
5e-05
5e-05
5e-05
5e-05
5e-05
5e-05
5e-05
5e-05
5e-05
5e-05
5e-05
5e-05
5e-05
5e-05
5e-05
5e-05
5e-05
5e-05
5e-05
5e-05
5e-05
5e-05
5e-05
5e-05
5e-05
5e-05
5e-05
5e-05
5e-05
5e-05
5e-05
5e-05
5e-05
5e-05
5e-05
5e-05
5e-05
5e-05
5e-05
5e-05
5e-05
5e-05
5e-05
5e-05
5e-05
5e-05
5e-05
5e-05
5e-05
5e-05
5e-05
5e-05
5e-05
5e-05
5e-05
5e-05
5e-05
5e-05
5e-05
5e-05
5e-05
5e-05
5e-05
5e-05
5e-05
5e-05
5e-05
5e-05
5e-05
5e-05
5e-05
5e-05
5e-05
5e-05
5e-05
5e-05
5e-05
5e-05
5e-05
5e-05
5e-05
5e-05
5e-05
5e-05
5e-05
5e-05
5e-05
5e-05
5e-05
5e-05
5e-05
5e-05
5e-05
5e-05
5e-05
5e-05
5e-05
5e-05
5e-05
5e-05
5e-05
5e-05
5e-05
5e-05
5e-05
5e-05
5e-05
5e-05
5e-05
5e-05
5e-05
5e-05
5e-05
5e-05
5e-05
5e-05
5e-05
5e-05
5e-05
5e-05
5e-05
5e-05
5e-05
5e-05
5e-05
5e-05
5e-05
5e-05
5e-05
5e-05
5e-05
5e-05
5e-05
5e-05
5e-05
5e-05
5e-05
5e-05
5e-05
5e-05
5e-05
5e-05
5e-05
5e-05
5e-05
5e-05
5e-05
5e-05
5e-05
5e-05
5e-05
5e-05
5e-05
5e-05
5e-05
5e-05
5e-05
5e-05
5e-05
5e-05
5e-05
5e-05
5e-05
5e-05
5e-05
5e-05
5e-05
5e-05
5e-05
5e-05
5e-05
5e-05
5e-05
5e-05
5e-05
5e-05
5e-05
5e-05
5e-05
5e-05
5e-05
5e-05
5e-05
5e-05
5e-05
5e-05
5e-05
5e-05
5e-05
5e-05
5e-05
5e-05
5e-05
5e-05
5e-05
5e-05
5e-05
5e-05
5e-05
5e-05
5e-05
5e-05
5e-05
5e-05
5e-05
5e-05
5e-05
5e-05
5e-05
5e-05
5e-05
5e-05
5e-05
5e-05
5e-05
5e-05
5e-05
5e-05
5e-05
5e-05
5e-05
5e-05
5e-05
5e-05
5e-05
5e-05
5e-05
5e-05
5e-05
5e-05
5e-05
5e-05
5e-05
5e-05
5e-05
5e-05
5e-05
5e-05
5e-05
5e-05
5e-05
5e-05
5e-05
5e-05
5e-05
5e-05
5e-05
5e-05
5e-05
5e-05
5e-05
5e-05
5e-05
5e-05
5e-05
5e-05
5e-05
5e-05
5e-05
5e-05
5e-05
5e-05
5e-05
5e-05
5e-05
5e-05
5e-05
5e-05
5e-05
5e-05
5e-05
5e-05
5e-05
5e-05
5e-05
5e-05
5e-05
5e-05
5e-05
5e-05
5e-05
5e-05
5e-05
5e-05
5e-05
5e-05
5e-05
5e-05
5e-05
5e-05
5e-05
5e-05
5e-05
5e-05
5e-05
5e-05
5e-05
5e-05
5e-05
5e-05
5e-05
5e-05
5e-05
5e-05
5e-05
5e-05
5e-05
5e-05
5e-05
5e-05
5e-05
5e-05
5e-05
5e-05
5e-05
5e-05
5e-05
5e-05
5e-05
5e-05
5e-05
5e-05
5e-05
5e-05
5e-05
5e-05
5e-05
5e-05
5e-05
5e-05
5e-05
5e-05
5e-05
5e-05
5e-05
5e-05
5e-05
5e-05
5e-05
5e-05
5e-05
5e-05
5e-05
5e-05
5e-05
5e-05
5e-05
5e-05
5e-05
5e-05
5e-05
5e-05
5e-05
5e-05
5e-05
5e-05
5e-05
5e-05
5e-05
5e-05
5e-05
5e-05
5e-05
5e-05
5e-05
5e-05
5e-05
5e-05
5e-05
5e-05
5e-05
5e-05
5e-05
5e-05
5e-05
5e-05
5e-05
5e-05
5e-05
5e-05
5e-05
5e-05
5e-05
5e-05
5e-05
5e-05
5e-05
5e-05
5e-05
5e-05
5e-05
5e-05
5e-05
5e-05
5e-05
5e-05
5e-05
5e-05
5e-05
5e-05
5e-05
5e-05
5e-05
5e-05
5e-05
5e-05
5e-05
5e-05
5e-05
5e-05
5e-05
5e-05
5e-05
5e-05
5e-05
5e-05
5e-05
5e-05
5e-05
5e-05
5e-05
5e-05
5e-05
5e-05
5e-05
5e-05
5e-05
5e-05
5e-05
5e-05
5e-05
5e-05
5e-05
5e-05
5e-05
5e-05
5e-05
5e-05
5e-05
5e-05
5e-05
5e-05
5e-05
5e-05
5e-05
5e-05
5e-05
5e-05
5e-05
5e-05
5e-05
5e-05
5e-05
5e-05
5e-05
5e-05
5e-05
5e-05
5e-05
5e-05
5e-05
5e-05
5e-05
5e-05
5e-05
5e-05
5e-05
5e-05
5e-05
5e-05
5e-05
5e-05
5e-05
5e-05
5e-05
5e-05
5e-05
5e-05
5e-05
5e-05
5e-05
5e-05
5e-05
5e-05
5e-05
5e-05
5e-05
5e-05
5e-05
5e-05
5e-05
5e-05
5e-05
5e-05
5e-05
5e-05
5e-05
5e-05
5e-05
5e-05
5e-05
5e-05
5e-05
5e-05
5e-05
5e-05
5e-05
5e-05
5e-05
5e-05
5e-05
5e-05
5e-05
5e-05
5e-05
5e-05
5e-05
5e-05
5e-05
5e-05
5e-05
5e-05
5e-05
5e-05
5e-05
5e-05
5e-05
5e-05
5e-05
5e-05
5e-05
5e-05
5e-05
5e-05
5e-05
5e-05
5e-05
5e-05
5e-05
5e-05
5e-05
5e-05
5e-05
5e-05
5e-05
5e-05
5e-05
5e-05
5e-05
5e-05
5e-05
5e-05
5e-05
5e-05
5e-05
5e-05
5e-05
5e-05
5e-05
5e-05
5e-05
5e-05
5e-05
5e-05
5e-05
5e-05
5e-05
5e-05
5e-05
5e-05
5e-05
5e-05
5e-05
5e-05
5e-05
5e-05
5e-05
5e-05
5e-05
5e-05
5e-05
5e-05
5e-05
5e-05
5e-05
5e-05
5e-05
5.64723e-05
6.29392e-05
6.94007e-05
7.58568e-05
8.23075e-05
8.87529e-05
9.51929e-05
0.000101628
0.000108057
0.000114481
0.000120899
0.000127313
0.000133721
0.000140123
0.00014652
0.000152912
0.000159299
0.00016568
0.000172056
0.000178427
0.000184792
0.000191152
0.000197507
0.000203856
0.0002102
0.000216539
0.000222873
0.000229201
0.000235524
0.000241842
0.000248155
0.000254462
0.000260764
0.000267061
0.000273352
0.000279639
0.00028592
0.000292196
0.000298466
0.000304732
0.000310992
0.000317247
0.000323497
0.000329741
0.00033598
0.000342215
0.000348444
0.000354667
0.000360886
0.000367099
0.000373308
0.000379511
0.000385709
0.000391901
0.000398089
0.000404271
0.000410449
0.000416621
0.000422788
0.00042895
0.000435106
0.000441258
0.000447405
0.000453546
0.000459682
0.000465813
0.000471939
0.00047806
0.000484176
0.000490287
0.000496393
0.000502493
0.000508589
0.000514679
0.000520765
0.000526845
0.00053292
0.00053899
0.000545055
0.000551116
0.000550698
0.000550281
0.000549865
0.000549449
0.000549033
0.000548617
0.000548202
0.000547787
0.000547373
0.000546959
0.000546545
0.000546131
0.000545718
0.000545306
0.000544893
0.000544481
0.000544069
0.000543658
0.000543247
0.000542836
0.000542426
0.000542016
0.000541606
0.000541197
0.000540788
0.000540379
0.000539971
0.000539563
0.000539155
0.000538748
0.000538341
0.000537934
0.000537528
0.000537122
0.000536717
0.000536311
0.000535906
0.000535502
0.000535098
0.000534694
0.00053429
0.000533887
0.000533484
0.000533081
0.000532679
0.000532277
0.000531876
0.000531475
0.000531074
0.000530673
0.000530273
0.000529873
0.000529473
0.000529074
0.000528675
0.000528277
0.000527878
0.000527481
0.000527083
0.000526686
0.000526289
0.000525892
0.000525496
0.0005251
0.000524705
0.000524309
0.000523914
0.00052352
0.000523125
0.000522732
0.000522338
0.000521945
0.000521552
0.000521159
0.000520767
0.000520375
0.000519983
0.000519592
0.000519201
0.00051881
0.00051842
0.00051803
0.00051764
0.000517251
0.000516862
0.000516473
0.000516084
0.000515696
0.000515309
0.000514921
0.000514534
0.000514147
0.000513761
0.000513375
0.000512989
0.000512603
0.000512218
0.000511833
0.000511449
0.000511065
0.000510681
0.000510297
0.000509914
0.000509531
0.000509148
0.000508766
0.000508384
0.000508002
0.000507621
0.00050724
0.000506859
0.000506479
0.000506099
0.000505719
0.000505339
0.00050496
0.000504582
0.000504203
0.000503825
0.000503447
0.000503069
0.000502692
0.000502315
0.000501939
0.000501562
0.000501186
0.000500811
0.000500435
0.00050006
0.000499686
0.000499311
0.000498937
0.000498563
0.00049819
0.000497816
0.000497444
0.000497071
0.000496699
0.000496327
0.000495955
0.000495584
0.000495213
0.000494842
0.000494472
0.000494102
0.000493732
0.000493362
0.000492993
0.000492624
0.000492256
0.000491888
0.00049152
0.000491152
0.000490785
0.000490418
0.000490051
0.000489685
0.000489319
0.000488953
0.000488587
0.000488222
0.000487857
0.000487493
0.000487128
0.000486764
0.000486401
0.000486037
0.000485674
0.000485312
0.000484949
0.000484587
0.000484225
0.000483864
0.000483502
0.000483141
0.000482781
0.00048242
0.00048206
0.000481701
0.000481341
0.000480982
0.000480623
0.000480265
0.000479906
0.000479548
0.000479191
0.000478833
0.000478476
0.000478119
0.000477763
0.000477407
0.000477051
0.000476695
0.00047634
0.000475985
0.00047563
0.000475276
0.000474922
0.000474568
0.000474215
0.000473861
0.000473508
0.000473156
0.000472803
0.000472451
0.0004721
0.000471748
0.000471397
0.000471046
0.000470696
0.000470345
0.000469995
0.000469646
0.000469296
0.000468947
0.000468598
0.00046825
0.000467901
0.000467553
0.000467206
0.000466858
0.000466511
0.000466165
0.000465818
0.000465472
0.000465126
0.00046478
0.000464435
0.00046409
0.000463745
0.0004634
0.000463056
0.000462712
0.000462369
0.000462025
0.000461682
0.00046134
0.000460997
0.000460655
0.000460313
0.000459971
0.00045963
0.000459289
0.000458948
0.000458607
0.000458267
0.000457927
0.000457588
0.000457248
0.000456909
0.00045657
0.000456232
0.000455894
0.000455556
0.000455218
0.000454881
0.000454543
0.000454207
0.00045387
0.000453534
0.000453198
0.000452862
0.000452527
0.000452191
0.000451857
0.000451522
0.000451188
0.000450854
0.00045052
0.000450186
0.000449853
0.00044952
0.000449188
0.000448855
0.000448523
0.000448191
0.00044786
0.000447528
0.000447197
0.000446867
0.000446536
0.000446206
0.000445876
0.000445547
0.000445217
0.000444888
0.000444559
0.000444231
0.000443903
0.000443575
0.000443247
0.000442919
0.000442592
0.000442265
0.000441939
0.000441612
0.000441286
0.000440961
0.000440635
0.00044031
0.000439985
0.00043966
0.000439336
0.000439011
0.000438688
0.000438364
0.000438041
0.000437717
0.000437395
0.000437072
0.00043675
0.000436428
0.000436106
0.000435785
0.000435463
0.000435142
0.000434822
0.000434501
0.000434181
0.000433861
0.000433542
0.000433222
0.000432903
0.000432584
0.000432266
0.000431947
0.000431629
0.000431312
0.000430994
0.000430677
0.00043036
0.000430043
0.000429727
0.000429411
0.000429095
0.000428779
0.000428464
0.000428149
0.000427834
0.000427519
0.000427205
0.000426891
0.000426577
0.000426263
0.00042595
0.000425637
0.000425324
0.000425012
0.0004247
0.000424388
0.000424076
0.000423764
0.000423453
0.000423142
0.000422831
0.000422521
0.000422211
0.000421901
0.000421591
0.000421282
0.000420973
0.000420664
0.000420355
0.000420047
0.000419739
0.000419431
0.000419123
0.000418816
0.000418509
0.000418202
0.000417895
0.000417589
0.000417283
0.000416977
0.000416672
0.000416366
0.000416061
0.000415757
0.000415452
0.000415148
0.000414844
0.00041454
0.000414236
0.000413933
0.00041363
0.000413327
0.000413025
0.000412722
0.00041242
0.000412119
0.000411817
0.000411516
0.000411215
0.000410914
0.000410614
0.000410313
0.000410013
0.000409714
0.000409414
0.000409115
0.000408816
0.000408517
0.000408219
0.00040792
0.000407622
0.000407324
0.000407027
0.00040673
0.000406433
0.000406136
0.000405839
0.000405543
0.000405247
0.000404951
0.000404656
0.00040436
0.000404065
0.00040377
0.000403476
0.000403182
0.000402888
0.000402594
0.0004023
0.000402007
0.000401714
0.000401421
0.000401128
0.000400836
0.000400544
0.000400252
0.00039996
0.000399669
0.000399378
0.000399087
0.000398796
0.000398506
0.000398216
0.000397926
0.000397636
0.000397346
0.000397057
0.000396768
0.00039648
0.000396191
0.000395903
0.000395615
0.000395327
0.000395039
0.000394752
0.000394465
0.000394178
0.000393892
0.000393605
0.000393319
0.000393033
0.000392748
0.000392462
0.000392177
0.000391892
0.000391608
0.000391323
0.000391039
0.000390755
0.000390471
0.000390188
0.000389905
0.000389622
0.000389339
0.000389056
0.000388774
0.000388492
0.00038821
0.000387928
0.000387647
0.000387366
0.000387085
0.000386804
0.000386524
0.000386244
0.000385964
0.000385684
0.000385405
0.000385125
0.000384846
0.000384567
0.000384289
0.00038401
0.000383732
0.000383454
0.000383177
0.000382899
0.000382622
0.000382345
0.000382069
0.000381792
0.000381516
0.00038124
0.000380964
0.000380688
0.000380413
0.000380138
0.000379863
0.000379588
0.000379314
0.00037904
0.000378766
0.000378492
0.000378219
0.000377945
0.000377672
0.000377399
0.000377127
0.000376854
0.000376582
0.00037631
0.000376039
0.000375767
0.000375496
0.000375225
0.000374954
0.000374683
0.000374413
0.000374143
0.000373873
0.000373603
0.000373334
0.000373065
0.000372796
0.000372527
0.000372258
0.00037199
0.000371722
0.000371454
0.000371187
0.000370919
0.000370652
0.000370385
0.000370118
0.000369852
0.000369585
0.000369319
0.000369053
0.000368788
0.000368522
0.000368257
0.000367992
0.000367727
0.000367463
0.000367198
0.000366934
0.00036667
0.000366407
0.000366143
0.00036588
0.000365617
0.000365354
0.000365092
0.000364829
0.000364567
0.000364305
0.000364043
0.000363782
0.000363521
0.00036326
0.000362999
0.000362738
0.000362478
0.000362218
0.000361958
0.000361698
0.000361438
0.000361179
0.00036092
0.000360661
0.000360402
0.000360144
0.000359886
0.000359628
0.00035937
0.000359112
0.000358855
0.000358598
0.000358341
0.000358084
0.000357828
0.000357571
0.000357315
0.000357059
0.000356804
0.000356548
0.000356293
0.000356038
0.000355783
0.000355528
0.000355274
0.00035502
0.000354766
0.000354512
0.000354259
0.000354005
0.000353752
0.000353499
0.000353246
0.000352994
0.000352742
0.00035249
0.000352238
0.000351986
0.000351735
0.000351483
0.000351232
0.000350982
0.000350731
0.000350481
0.00035023
0.00034998
0.000349731
0.000349481
0.000349232
0.000348983
0.000348734
0.000348485
0.000348236
0.000347988
0.00034774
0.000347492
0.000347244
0.000346997
0.000346749
0.000346502
0.000346256
0.000346009
0.000345762
0.000345516
0.00034527
0.000345024
0.000344779
0.000344533
0.000344288
0.000344043
0.000343798
0.000343553
0.000343309
0.000343065
0.000342821
0.000342577
0.000342333
0.00034209
0.000341847
0.000341604
0.000341361
0.000341118
0.000340876
0.000340634
0.000340392
0.00034015
0.000339908
0.000339667
0.000339426
0.000339185
0.000338944
0.000338703
0.000338463
0.000338223
0.000337983
0.000337743
0.000337503
0.000337264
0.000337025
0.000336786
0.000336547
0.000336308
0.00033607
0.000335832
0.000335594
0.000335356
0.000335119
0.000334881
0.000334644
0.000334407
0.00033417
0.000333933
0.000333697
0.000333461
0.000333225
0.000332989
0.000332753
0.000332518
0.000332283
0.000332048
0.000331813
0.000331578
0.000331344
0.000331109
0.000330875
0.000330642
0.000330408
0.000330174
0.000329941
0.000329708
0.000329475
0.000329242
0.00032901
0.000328778
0.000328545
0.000328314
0.000328082
0.00032785
0.000327619
0.000327388
0.000327157
0.000326926
0.000326695
0.000326465
0.000326235
0.000326005
0.000325775
0.000325545
0.000325316
0.000325087
0.000324858
0.000324629
0.0003244
0.000324172
0.000323943
0.000323715
0.000323487
0.00032326
0.000323032
0.000322805
0.000322578
0.000322351
0.000322124
0.000321897
0.000321671
0.000321445
0.000321219
0.000320993
0.000320767
0.000320542
0.000320317
0.000320092
0.000319867
0.000319642
0.000319417
0.000319193
0.000318969
0.000318745
0.000318521
0.000318298
0.000318074
0.000317851
0.000317628
0.000317405
0.000317183
0.00031696
0.000316738
0.000316516
0.000316294
0.000316072
0.00031585
0.000315629
0.000315408
0.000315187
0.000314966
0.000314746
0.000314525
0.000314305
0.000314085
0.000313865
0.000313645
0.000313426
0.000313206
0.000312987
0.000312768
0.000312549
0.000312331
0.000312112
0.000311894
0.000311676
0.000311458
0.00031124
0.000311023
0.000310806
0.000310588
0.000310371
0.000310155
0.000309938
0.000309722
0.000309505
0.000309289
0.000309073
0.000308858
0.000308642
0.000308427
0.000308212
0.000307997
0.000307782
0.000307567
0.000307353
0.000307138
0.000306924
0.00030671
0.000306497
0.000306283
0.00030607
0.000305856
0.000305643
0.000305431
0.000305218
0.000305005
0.000304793
0.000304581
0.000304369
0.000304157
0.000303946
0.000303734
0.000303523
0.000303312
0.000303101
0.00030289
0.00030268
0.000302469
0.000302259
0.000302049
0.000301839
0.000301629
0.00030142
0.00030121
0.000301001
0.000300792
0.000300583
0.000300375
0.000300166
0.000299958
0.00029975
0.000299542
0.000299334
0.000299127
0.000298919
0.000298712
0.000298505
0.000298298
0.000298091
0.000297885
0.000297678
0.000297472
0.000297266
0.00029706
0.000296854
0.000296649
0.000296443
0.000296238
0.000296033
0.000295828
0.000295624
0.000295419
0.000295215
0.000295011
0.000294807
0.000294603
0.000294399
0.000294196
0.000293992
0.000293789
0.000293586
0.000293383
0.000293181
0.000292978
0.000292776
0.000292574
0.000292372
0.00029217
0.000291968
0.000291767
0.000291566
0.000291364
0.000291163
0.000290963
0.000290762
0.000290561
0.000290361
0.000290161
0.000289961
0.000289761
0.000289562
0.000289362
0.000289163
0.000288964
0.000288765
0.000288566
0.000288367
0.000288169
0.000287971
0.000287772
0.000287574
0.000287377
0.000287179
0.000286981
0.000286784
0.000286587
0.00028639
0.000286193
0.000285997
0.0002858
0.000285604
0.000285408
0.000285211
0.000285016
0.00028482
0.000284624
0.000284429
0.000284234
0.000284039
0.000283844
0.000283649
0.000283455
0.00028326
0.000283066
0.000282872
0.000282678
0.000282484
0.000282291
0.000282097
0.000281904
0.000281711
0.000281518
0.000281325
0.000281133
0.00028094
0.000280748
0.000280556
0.000280364
0.000280172
0.00027998
0.000279789
0.000279598
0.000279406
0.000279215
0.000279025
0.000278834
0.000278643
0.000278453
0.000278263
0.000278073
0.000277883
0.000277693
0.000277504
0.000277314
0.000277125
0.000276936
0.000276747
0.000276558
0.000276369
0.000276181
0.000275992
0.000275804
0.000275616
0.000275428
0.000275241
0.000275053
0.000274866
0.000274679
0.000274492
0.000274305
0.000274118
0.000273931
0.000273745
0.000273558
0.000273372
0.000273186
0.000273
0.000272815
0.000272629
0.000272444
0.000272259
0.000272074
0.000271889
0.000271704
0.000271519
0.000271335
0.000271151
0.000270967
0.000270783
0.000270599
0.000270415
0.000270231
0.000270048
0.000269865
0.000269682
0.000269499
0.000269316
0.000269134
0.000268951
0.000268769
0.000268587
0.000268405
0.000268223
0.000268041
0.00026786
0.000267678
0.000267497
0.000267316
0.000267135
0.000266954
0.000266773
0.000266593
0.000266413
0.000266232
0.000266052
0.000265872
0.000265693
0.000265513
0.000265334
0.000265154
0.000264975
0.000264796
0.000264617
0.000264439
0.00026426
0.000264082
0.000263903
0.000263725
0.000263547
0.00026337
0.000263192
0.000263014
0.000262837
0.00026266
0.000262483
0.000262306
0.000262129
0.000261952
0.000261776
0.0002616
0.000261423
0.000261247
0.000261071
0.000260896
0.00026072
0.000260545
0.000260369
0.000260194
0.000260019
0.000259844
0.00025967
0.000259495
0.000259321
0.000259146
0.000258972
0.000258798
0.000258624
0.000258451
0.000258277
0.000258104
0.00025793
0.000257757
0.000257584
0.000257411
0.000257239
0.000257066
0.000256894
0.000256721
0.000256549
0.000256377
0.000256206
0.000256034
0.000255862
0.000255691
0.00025552
0.000255348
0.000255177
0.000255007
0.000254836
0.000254665
0.000254495
0.000254325
0.000254155
0.000253985
0.000253815
0.000253645
0.000253475
0.000253306
0.000253137
0.000252968
0.000252799
0.00025263
0.000252461
0.000252292
0.000252124
0.000251956
0.000251788
0.00025162
0.000251452
0.000251284
0.000251116
0.000250949
0.000250782
0.000250614
0.000250447
0.00025028
0.000250114
0.000249947
0.000249781
0.000249614
0.000249448
0.000249282
0.000249116
0.00024895
0.000248785
0.000248619
0.000248454
0.000248288
0.000248123
0.000247958
0.000247794
0.000247629
0.000247464
0.0002473
0.000247136
0.000246971
0.000246807
0.000246644
0.00024648
0.000246316
0.000246153
0.00024599
0.000245826
0.000245663
0.0002455
0.000245338
0.000245175
0.000245012
0.00024485
0.000244688
0.000244526
0.000244364
0.000244202
0.00024404
0.000243879
0.000243717
0.000243556
0.000243395
0.000243234
0.000243073
0.000242912
0.000242751
0.000242591
0.000242431
0.00024227
0.00024211
0.00024195
0.00024179
0.000241631
0.000241471
0.000241312
0.000241152
0.000240993
0.000240834
0.000240675
0.000240517
0.000240358
0.0002402
0.000240041
0.000239883
0.000239725
0.000239567
0.000239409
0.000239251
0.000239094
0.000238936
0.000238779
0.000238622
0.000238465
0.000238308
0.000238151
0.000237994
0.000237838
0.000237681
0.000237525
0.000237369
0.000237213
0.000237057
0.000236901
0.000236746
0.00023659
0.000236435
0.00023628
0.000236125
0.00023597
0.000235815
0.00023566
0.000235505
0.000235351
0.000235197
0.000235042
0.000234888
0.000234734
0.000234581
0.000234427
0.000234273
0.00023412
0.000233967
0.000233813
0.00023366
0.000233507
0.000233355
0.000233202
0.000233049
0.000232897
0.000232745
0.000232593
0.000232441
0.000232289
0.000232137
0.000231985
0.000231834
0.000231682
0.000231531
0.00023138
0.000231229
0.000231078
0.000230927
0.000230776
0.000230626
0.000230476
0.000230325
0.000230175
0.000230025
0.000229875
0.000229725
0.000229576
0.000229426
0.000229277
0.000229128
0.000228978
0.000228829
0.000228681
0.000228532
0.000228383
0.000228235
0.000228086
0.000227938
0.00022779
0.000227642
0.000227494
0.000227346
0.000227198
0.000227051
0.000226903
0.000226756
0.000226609
0.000226462
0.000226315
0.000226168
0.000226021
0.000225875
0.000225728
0.000225582
0.000225436
0.00022529
0.000225144
0.000224998
0.000224852
0.000224707
0.000224561
0.000224416
0.000224271
0.000224126
0.000223981
0.000223836
0.000223691
0.000223546
0.000223402
0.000223258
0.000223113
0.000222969
0.000222825
0.000222681
0.000222537
0.000222394
0.00022225
0.000222107
0.000221964
0.00022182
0.000221677
0.000221534
0.000221391
0.000221249
0.000221106
0.000220964
0.000220821
0.000220679
0.000220537
0.000220395
0.000220253
0.000220111
0.00021997
0.000219828
0.000219687
0.000219546
0.000219404
0.000219263
0.000219122
0.000218982
0.000218841
0.0002187
0.00021856
0.000218419
0.000218279
0.000218139
0.000217999
0.000217859
0.000217719
0.00021758
0.00021744
0.000217301
0.000217162
0.000217022
0.000216883
0.000216744
0.000216606
0.000216467
0.000216328
0.00021619
0.000216051
0.000215913
0.000215775
0.000215637
0.000215499
0.000215361
0.000215223
0.000215086
0.000214948
0.000214811
0.000214674
0.000214537
0.0002144
0.000214263
0.000214126
0.000213989
0.000213853
0.000213716
0.00021358
0.000213444
0.000213308
0.000213172
0.000213036
0.0002129
0.000212765
0.000212629
0.000212494
0.000212358
0.000212223
0.000212088
0.000211953
0.000211818
0.000211684
0.000211549
0.000211414
0.00021128
0.000211146
0.000211012
0.000210878
0.000210744
0.00021061
0.000210476
0.000210342
0.000210209
0.000210075
0.000209942
0.000209809
0.000209676
0.000209543
0.00020941
0.000209277
0.000209145
0.000209012
0.00020888
0.000208748
0.000208615
0.000208483
0.000208351
0.00020822
0.000208088
0.000207956
0.000207825
0.000207693
0.000207562
0.000207431
0.0002073
0.000207169
0.000207038
0.000206907
0.000206776
0.000206646
0.000206515
0.000206385
0.000206255
0.000206125
0.000205995
0.000205865
0.000205735
0.000205605
0.000205476
0.000205346
0.000205217
0.000205088
0.000204959
0.00020483
0.000204701
0.000204572
0.000204443
0.000204315
0.000204186
0.000204058
0.00020393
0.000203801
0.000203673
0.000203545
0.000203418
0.00020329
0.000203162
0.000203035
0.000202907
0.00020278
0.000202653
0.000202526
0.000202399
0.000202272
0.000202145
0.000202018
0.000201892
0.000201765
0.000201639
0.000201513
0.000201386
0.00020126
0.000201134
0.000201009
0.000200883
0.000200757
0.000200632
0.000200506
0.000200381
0.000200256
0.000200131
0.000200006
0.000199881
0.000199756
0.000199631
0.000199507
0.000199382
0.000199258
0.000199133
0.000199009
0.000198885
0.000198761
0.000198637
0.000198514
0.00019839
0.000198266
0.000198143
0.00019802
0.000197896
0.000197773
0.00019765
0.000197527
0.000197404
0.000197282
0.000197159
0.000197036
0.000196914
0.000196792
0.00019667
0.000196547
0.000196425
0.000196303
0.000196182
0.00019606
0.000195938
0.000195817
0.000195695
0.000195574
0.000195453
0.000195332
0.000195211
0.00019509
0.000194969
0.000194848
0.000194728
0.000194607
0.000194487
0.000194366
0.000194246
0.000194126
0.000194006
0.000193886
0.000193766
0.000193647
0.000193527
0.000193408
0.000193288
0.000193169
0.00019305
0.000192931
0.000192812
0.000192693
0.000192574
0.000192455
0.000192337
0.000192218
0.0001921
0.000191981
0.000191863
0.000191745
0.000191627
0.000191509
0.000191391
0.000191273
0.000191156
0.000191038
0.000190921
0.000190804
0.000190686
0.000190569
0.000190452
0.000190335
0.000190218
0.000190102
0.000189985
0.000189868
0.000189752
0.000189636
0.000189519
0.000189403
0.000189287
0.000189171
0.000189055
0.000188939
0.000188824
0.000188708
0.000188593
0.000188477
0.000188362
0.000188247
0.000188132
0.000188017
0.000187902
0.000187787
0.000187672
0.000187557
0.000187443
0.000187329
0.000187214
0.0001871
0.000186986
0.000186872
0.000186758
0.000186644
0.00018653
0.000186416
0.000186303
0.000186189
0.000186076
0.000185963
0.000185849
0.000185736
0.000185623
0.00018551
0.000185398
0.000185285
0.000185172
0.00018506
0.000184947
0.000184835
0.000184723
0.00018461
0.000184498
0.000184386
0.000184274
0.000184163
0.000184051
0.000183939
0.000183828
0.000183716
0.000183605
0.000183494
0.000183383
0.000183272
0.000183161
0.00018305
0.000182939
0.000182828
0.000182718
0.000182607
0.000182497
0.000182386
0.000182276
0.000182166
0.000182056
0.000181946
0.000181836
0.000181726
0.000181617
0.000181507
0.000181398
0.000181288
0.000181179
0.00018107
0.00018096
0.000180851
0.000180743
0.000180634
0.000180525
0.000180416
0.000180308
0.000180199
0.000180091
0.000179982
0.000179874
0.000179766
0.000179658
0.00017955
0.000179442
0.000179334
0.000179227
0.000179119
0.000179012
0.000178904
0.000178797
0.00017869
0.000178582
0.000178475
0.000178368
0.000178261
0.000178155
0.000178048
0.000177941
0.000177835
0.000177728
0.000177622
0.000177516
0.00017741
0.000177304
0.000177198
0.000177092
0.000176986
0.00017688
0.000176774
0.000176669
0.000176563
0.000176458
0.000176353
0.000176248
0.000176142
0.000176037
0.000175932
0.000175828
0.000175723
0.000175618
0.000175514
0.000175409
0.000175305
0.0001752
0.000175096
0.000174992
0.000174888
0.000174784
0.00017468
0.000174576
0.000174472
0.000174369
0.000174265
0.000174162
0.000174058
0.000173955
0.000173852
0.000173749
0.000173646
0.000173543
0.00017344
0.000173337
0.000173234
0.000173132
0.000173029
0.000172927
0.000172824
0.000172722
0.00017262
0.000172518
0.000172416
0.000172314
0.000172212
0.00017211
0.000172009
0.000171907
0.000171806
0.000171704
0.000171603
0.000171502
0.0001714
0.000171299
0.000171198
0.000171097
0.000170997
0.000170896
0.000170795
0.000170695
0.000170594
0.000170494
0.000170393
0.000170293
0.000170193
0.000170093
0.000169993
0.000169893
0.000169793
0.000169693
0.000169594
0.000169494
0.000169395
0.000169295
0.000169196
0.000169097
0.000168997
0.000168898
0.000168799
0.0001687
0.000168602
0.000168503
0.000168404
0.000168306
0.000168207
0.000168109
0.00016801
0.000167912
0.000167814
0.000167716
0.000167618
0.00016752
0.000167422
0.000167324
0.000167227
0.000167129
0.000167031
0.000166934
0.000166837
0.000166739
0.000166642
0.000166545
0.000166448
0.000166351
0.000166254
0.000166157
0.000166061
0.000165964
0.000165867
0.000165771
0.000165675
0.000165578
0.000165482
0.000165386
0.00016529
0.000165194
0.000165098
0.000165002
0.000164906
0.000164811
0.000164715
0.000164619
0.000164524
0.000164429
0.000164333
0.000164238
0.000164143
0.000164048
0.000163953
0.000163858
0.000163763
0.000163669
0.000163574
0.000163479
0.000163385
0.000163291
0.000163196
0.000163102
0.000163008
0.000162914
0.00016282
0.000162726
0.000162632
0.000162538
0.000162444
0.000162351
0.000162257
0.000162164
0.00016207
0.000161977
0.000161884
0.000161791
0.000161698
0.000161605
0.000161512
0.000161419
0.000161326
0.000161233
0.000161141
0.000161048
0.000160956
0.000160863
0.000160771
0.000160679
0.000160587
0.000160495
0.000160403
0.000160311
0.000160219
0.000160127
0.000160035
0.000159944
0.000159852
0.000159761
0.000159669
0.000159578
0.000159487
0.000159396
0.000159305
0.000159214
0.000159123
0.000159032
0.000158941
0.00015885
0.00015876
0.000158669
0.000158579
0.000158488
0.000158398
0.000158308
0.000158217
0.000158127
0.000158037
0.000157947
0.000157857
0.000157768
0.000157678
0.000157588
0.000157499
0.000157409
0.00015732
0.00015723
0.000157141
0.000157052
0.000156963
0.000156874
0.000156785
0.000156696
0.000156607
0.000156518
0.000156429
0.000156341
0.000156252
0.000156164
0.000156075
0.000155987
0.000155899
0.000155811
0.000155723
0.000155635
0.000155547
0.000155459
0.000155371
0.000155283
0.000155195
0.000155108
0.00015502
0.000154933
0.000154846
0.000154758
0.000154671
0.000154584
0.000154497
0.00015441
0.000154323
0.000154236
0.000154149
0.000154062
0.000153976
0.000153889
0.000153803
0.000153716
0.00015363
0.000153544
0.000153457
0.000153371
0.000153285
0.000153199
0.000153113
0.000153027
0.000152942
0.000152856
0.00015277
0.000152685
0.000152599
0.000152514
0.000152428
0.000152343
0.000152258
0.000152173
0.000152088
0.000152003
0.000151918
0.000151833
0.000151748
0.000151663
0.000151579
0.000151494
0.00015141
0.000151325
0.000151241
0.000151157
0.000151072
0.000150988
0.000150904
0.00015082
0.000150736
0.000150652
0.000150568
0.000150485
0.000150401
0.000150317
0.000150234
0.000150151
0.000150067
0.000149984
0.000149901
0.000149817
0.000149734
0.000149651
0.000149568
0.000149485
0.000149403
0.00014932
0.000149237
0.000149154
0.000149072
0.000148989
0.000148907
0.000148825
0.000148742
0.00014866
0.000148578
0.000148496
0.000148414
0.000148332
0.00014825
0.000148168
0.000148086
0.000148005
0.000147923
0.000147842
0.00014776
0.000147679
0.000147597
0.000147516
0.000147435
0.000147354
0.000147273
0.000147192
0.000147111
0.00014703
0.000146949
0.000146869
0.000146788
0.000146707
0.000146627
0.000146546
0.000146466
0.000146386
0.000146305
0.000146225
0.000146145
0.000146065
0.000145985
0.000145905
0.000145825
0.000145745
0.000145666
0.000145586
0.000145506
0.000145427
0.000145347
0.000145268
0.000145189
0.00014511
0.00014503
0.000144951
0.000144872
0.000144793
0.000144714
0.000144635
0.000144557
0.000144478
0.000144399
0.000144321
0.000144242
0.000144164
0.000144085
0.000144007
0.000143929
0.00014385
0.000143772
0.000143694
0.000143616
0.000143538
0.00014346
0.000143382
0.000143305
0.000143227
0.000143149
0.000143072
0.000142994
0.000142917
0.00014284
0.000142762
0.000142685
0.000142608
0.000142531
0.000142454
0.000142377
0.0001423
0.000142223
0.000142146
0.000142069
0.000141993
0.000141916
0.00014184
0.000141763
0.000141687
0.00014161
0.000141534
0.000141458
0.000141382
0.000141306
0.00014123
0.000141154
0.000141078
0.000141002
0.000140926
0.00014085
0.000140775
0.000140699
0.000140624
0.000140548
0.000140473
0.000140398
0.000140322
0.000140247
0.000140172
0.000140097
0.000140022
0.000139947
0.000139872
0.000139797
0.000139722
0.000139648
0.000139573
0.000139498
0.000139424
0.000139349
0.000139275
0.000139201
0.000139126
0.000139052
0.000138978
0.000138904
0.00013883
0.000138756
0.000138682
0.000138608
0.000138534
0.000138461
0.000138387
0.000138314
0.00013824
0.000138167
0.000138093
0.00013802
0.000137946
0.000137873
0.0001378
0.000137727
0.000137654
0.000137581
0.000137508
0.000137435
0.000137362
0.00013729
0.000137217
0.000137144
0.000137072
0.000136999
0.000136927
0.000136854
0.000136782
0.00013671
0.000136638
0.000136566
0.000136493
0.000136421
0.000136349
0.000136278
0.000136206
0.000136134
0.000136062
0.000135991
0.000135919
0.000135847
0.000135776
0.000135705
0.000135633
0.000135562
0.000135491
0.000135419
0.000135348
0.000135277
0.000135206
0.000135135
0.000135064
0.000134994
0.000134923
0.000134852
0.000134781
0.000134711
0.00013464
0.00013457
0.000134499
0.000134429
0.000134359
0.000134289
0.000134218
0.000134148
0.000134078
0.000134008
0.000133938
0.000133868
0.000133798
0.000133729
0.000133659
0.000133589
0.00013352
0.00013345
0.000133381
0.000133311
0.000133242
0.000133173
0.000133103
0.000133034
0.000132965
0.000132896
0.000132827
0.000132758
0.000132689
0.00013262
0.000132551
0.000132483
0.000132414
0.000132345
0.000132277
0.000132208
0.00013214
0.000132071
0.000132003
0.000131935
0.000131867
0.000131798
0.00013173
0.000131662
0.000131594
0.000131526
0.000131458
0.000131391
0.000131323
0.000131255
0.000131188
0.00013112
0.000131052
0.000130985
0.000130917
0.00013085
0.000130783
0.000130716
0.000130648
0.000130581
0.000130514
0.000130447
0.00013038
0.000130313
0.000130246
0.000130179
0.000130113
0.000130046
0.000129979
0.000129913
0.000129846
0.00012978
0.000129713
0.000129647
0.000129581
0.000129514
0.000129448
0.000129382
0.000129316
0.00012925
0.000129184
0.000129118
0.000129052
0.000128986
0.00012892
0.000128855
0.000128789
0.000128723
0.000128658
0.000128592
0.000128527
0.000128462
0.000128396
0.000128331
0.000128266
0.000128201
0.000128135
0.00012807
0.000128005
0.00012794
0.000127876
0.000127811
0.000127746
0.000127681
0.000127617
0.000127552
0.000127487
0.000127423
0.000127358
0.000127294
0.00012723
0.000127165
0.000127101
0.000127037
0.000126973
0.000126909
0.000126845
0.000126781
0.000126717
0.000126653
0.000126589
0.000126525
0.000126461
0.000126398
0.000126334
0.000126271
0.000126207
0.000126144
0.00012608
0.000126017
0.000125954
0.00012589
0.000125827
0.000125764
0.000125701
0.000125638
0.000125575
0.000125512
0.000125449
0.000125386
0.000125324
0.000125261
0.000125198
0.000125136
0.000125073
0.00012501
0.000124948
0.000124886
0.000124823
0.000124761
0.000124699
0.000124637
0.000124574
0.000124512
0.00012445
0.000124388
0.000124326
0.000124264
0.000124203
0.000124141
0.000124079
0.000124017
0.000123956
0.000123894
0.000123833
0.000123771
0.00012371
0.000123648
0.000123587
0.000123526
0.000123465
0.000123403
0.000123342
0.000123281
0.00012322
0.000123159
0.000123098
0.000123037
0.000122977
0.000122916
0.000122855
0.000122794
0.000122734
0.000122673
0.000122613
0.000122552
0.000122492
0.000122432
0.000122371
0.000122311
0.000122251
0.000122191
0.000122131
0.00012207
0.00012201
0.000121951
0.000121891
0.000121831
0.000121771
0.000121711
0.000121651
0.000121592
0.000121532
0.000121473
0.000121413
0.000121354
0.000121294
0.000121235
0.000121176
0.000121116
0.000121057
0.000120998
0.000120939
0.00012088
0.000120821
0.000120762
0.000120703
0.000120644
0.000120585
0.000120526
0.000120468
0.000120409
0.00012035
0.000120292
0.000120233
0.000120175
0.000120116
0.000120058
0.00012
0.000119941
0.000119883
0.000119825
0.000119767
0.000119709
0.000119651
0.000119593
0.000119535
0.000119477
0.000119419
0.000119361
0.000119303
0.000119246
0.000119188
0.00011913
0.000119073
0.000119015
0.000118958
0.0001189
0.000118843
0.000118786
0.000118729
0.000118671
0.000118614
0.000118557
0.0001185
0.000118443
0.000118386
0.000118329
0.000118272
0.000118215
0.000118158
0.000118102
0.000118045
0.000117988
0.000117932
0.000117875
0.000117819
0.000117762
0.000117706
0.000117649
0.000117593
0.000117537
0.00011748
0.000117424
0.000117368
0.000117312
0.000117256
0.0001172
0.000117144
0.000117088
0.000117032
0.000116976
0.000116921
0.000116865
0.000116809
0.000116754
0.000116698
0.000116643
0.000116587
0.000116532
0.000116476
0.000116421
0.000116366
0.00011631
0.000116255
0.0001162
0.000116145
0.00011609
0.000116035
0.00011598
0.000115925
0.00011587
0.000115815
0.00011576
0.000115706
0.000115651
0.000115596
0.000115542
0.000115487
0.000115432
0.000115378
0.000115324
0.000115269
0.000115215
0.00011516
0.000115106
0.000115052
0.000114998
0.000114944
0.00011489
0.000114836
0.000114782
0.000114728
0.000114674
0.00011462
0.000114566
0.000114512
0.000114459
0.000114405
0.000114351
0.000114298
0.000114244
0.000114191
0.000114137
0.000114084
0.000114031
0.000113977
0.000113924
0.000113871
0.000113818
0.000113764
0.000113711
0.000113658
0.000113605
0.000113552
0.000113499
0.000113447
0.000113394
0.000113341
0.000113288
0.000113235
0.000113183
0.00011313
0.000113078
0.000113025
0.000112973
0.00011292
0.000112868
0.000112815
0.000112763
0.000112711
0.000112659
0.000112607
0.000112554
0.000112502
0.00011245
0.000112398
0.000112346
0.000112294
0.000112243
0.000112191
0.000112139
0.000112087
0.000112036
0.000111984
0.000111932
0.000111881
0.000111829
0.000111778
0.000111726
0.000111675
0.000111623
0.000111572
0.000111521
0.00011147
0.000111419
0.000111367
0.000111316
0.000111265
0.000111214
0.000111163
0.000111112
0.000111061
0.000111011
0.00011096
0.000110909
0.000110858
0.000110808
0.000110757
0.000110706
0.000110656
0.000110605
0.000110555
0.000110504
0.000110454
0.000110404
0.000110353
0.000110303
0.000110253
0.000110203
0.000110153
0.000110103
0.000110053
0.000110003
0.000109953
0.000109903
0.000109853
0.000109803
0.000109753
0.000109703
0.000109654
0.000109604
0.000109554
0.000109505
0.000109455
0.000109406
0.000109356
0.000109307
0.000109258
0.000109208
0.000109159
0.00010911
0.00010906
0.000109011
0.000108962
0.000108913
0.000108864
0.000108815
0.000108766
0.000108717
0.000108668
0.000108619
0.00010857
0.000108522
0.000108473
0.000108424
0.000108376
0.000108327
0.000108278
0.00010823
0.000108181
0.000108133
0.000108085
0.000108036
0.000107988
0.00010794
0.000107891
0.000107843
0.000107795
0.000107747
0.000107699
0.000107651
0.000107603
0.000107555
0.000107507
0.000107459
0.000107411
0.000107363
0.000107316
0.000107268
0.00010722
0.000107173
0.000107125
0.000107077
0.00010703
0.000106982
0.000106935
0.000106888
0.00010684
0.000106793
0.000106746
0.000106698
0.000106651
0.000106604
0.000106557
0.00010651
0.000106463
0.000106416
0.000106369
0.000106322
0.000106275
0.000106228
0.000106181
0.000106134
0.000106088
0.000106041
0.000105994
0.000105948
0.000105901
0.000105855
0.000105808
0.000105762
0.000105715
0.000105669
0.000105622
0.000105576
0.00010553
0.000105484
0.000105437
0.000105391
0.000105345
0.000105299
0.000105253
0.000105207
0.000105161
0.000105115
0.000105069
0.000105023
0.000104977
0.000104932
0.000104886
0.00010484
0.000104795
0.000104749
0.000104703
0.000104658
0.000104612
0.000104567
0.000104521
0.000104476
0.000104431
0.000104385
0.00010434
0.000104295
0.00010425
0.000104204
0.000104159
0.000104114
0.000104069
0.000104024
0.000103979
0.000103934
0.000103889
0.000103844
0.0001038
0.000103755
0.00010371
0.000103665
0.000103621
0.000103576
0.000103531
0.000103487
0.000103442
0.000103398
0.000103353
0.000103309
0.000103265
0.00010322
0.000103176
0.000103132
0.000103087
0.000103043
0.000102999
0.000102955
0.000102911
0.000102867
0.000102823
0.000102779
0.000102735
0.000102691
0.000102647
0.000102603
0.000102559
0.000102516
0.000102472
0.000102428
0.000102385
0.000102341
0.000102297
0.000102254
0.00010221
0.000102167
0.000102123
0.00010208
0.000102037
0.000101993
0.00010195
0.000101907
0.000101863
0.00010182
0.000101777
0.000101734
0.000101691
0.000101648
0.000101605
0.000101562
0.000101519
0.000101476
0.000101433
0.00010139
0.000101348
0.000101305
0.000101262
0.000101219
0.000101177
0.000101134
0.000101092
0.000101049
0.000101007
0.000100964
0.000100922
0.000100879
0.000100837
0.000100795
0.000100752
0.00010071
0.000100668
0.000100626
0.000100583
0.000100541
0.000100499
0.000100457
0.000100415
0.000100373
0.000100331
0.000100289
0.000100248
0.000100206
0.000100164
0.000100122
0.00010008
0.000100039
9.9997e-05
9.99554e-05
9.99138e-05
9.98722e-05
9.98307e-05
9.97892e-05
9.97478e-05
9.97063e-05
9.9665e-05
9.96236e-05
9.95823e-05
9.9541e-05
9.94998e-05
9.94585e-05
9.94174e-05
9.93762e-05
9.93351e-05
9.9294e-05
9.9253e-05
9.9212e-05
9.9171e-05
9.913e-05
9.90891e-05
9.90483e-05
9.90074e-05
9.89666e-05
9.89259e-05
9.88851e-05
9.88444e-05
9.88037e-05
9.87631e-05
9.87225e-05
9.86819e-05
9.86414e-05
9.86009e-05
9.85604e-05
9.852e-05
9.84796e-05
9.84392e-05
9.83989e-05
9.83586e-05
9.83183e-05
9.82781e-05
9.82379e-05
9.81977e-05
9.81576e-05
9.81175e-05
9.80774e-05
9.80374e-05
9.79974e-05
9.79575e-05
9.79175e-05
9.78776e-05
9.78378e-05
9.77979e-05
9.77581e-05
9.77184e-05
9.76786e-05
9.76389e-05
9.75993e-05
9.75596e-05
9.752e-05
9.74805e-05
9.74409e-05
9.74014e-05
9.7362e-05
9.73225e-05
9.72831e-05
9.72438e-05
9.72044e-05
9.71651e-05
9.71258e-05
9.70866e-05
9.70474e-05
9.70082e-05
9.69691e-05
9.693e-05
9.68909e-05
9.68519e-05
9.68128e-05
9.67739e-05
9.67349e-05
9.6696e-05
9.66571e-05
9.66183e-05
9.65795e-05
9.65407e-05
9.65019e-05
9.64632e-05
9.64245e-05
9.63859e-05
9.63472e-05
9.63087e-05
9.62701e-05
9.62316e-05
9.61931e-05
9.61546e-05
9.61162e-05
9.60778e-05
9.60394e-05
9.60011e-05
9.59628e-05
9.59245e-05
9.58863e-05
9.58481e-05
9.58099e-05
9.57717e-05
9.57336e-05
9.56956e-05
9.56575e-05
9.56195e-05
9.55815e-05
9.55436e-05
9.55056e-05
9.54677e-05
9.54299e-05
9.53921e-05
9.53543e-05
9.53165e-05
9.52788e-05
9.52411e-05
9.52034e-05
9.51658e-05
9.51282e-05
9.50906e-05
9.5053e-05
9.50155e-05
9.4978e-05
9.49406e-05
9.49032e-05
9.48658e-05
9.48284e-05
9.47911e-05
9.47538e-05
9.47165e-05
9.46793e-05
9.46421e-05
9.46049e-05
9.45678e-05
9.45307e-05
9.44936e-05
9.44566e-05
9.44195e-05
9.43826e-05
9.43456e-05
9.43087e-05
9.42718e-05
9.42349e-05
9.41981e-05
9.41613e-05
9.41245e-05
9.40878e-05
9.40511e-05
9.40144e-05
9.39777e-05
9.39411e-05
9.39045e-05
9.3868e-05
9.38315e-05
9.3795e-05
9.37585e-05
9.37221e-05
9.36857e-05
9.36493e-05
9.36129e-05
9.35766e-05
9.35403e-05
9.35041e-05
9.34679e-05
9.34317e-05
9.33955e-05
9.33594e-05
9.33233e-05
9.32872e-05
9.32512e-05
9.32151e-05
9.31792e-05
9.31432e-05
9.31073e-05
9.30714e-05
9.30355e-05
9.29997e-05
9.29639e-05
9.29281e-05
9.28924e-05
9.28567e-05
9.2821e-05
9.27853e-05
9.27497e-05
9.27141e-05
9.26785e-05
9.2643e-05
9.26075e-05
9.2572e-05
9.25366e-05
9.25012e-05
9.24658e-05
9.24304e-05
9.23951e-05
9.23598e-05
9.23245e-05
9.22893e-05
9.22541e-05
9.22189e-05
9.21837e-05
9.21486e-05
9.21135e-05
9.20784e-05
9.20434e-05
9.20084e-05
9.19734e-05
9.19385e-05
9.19035e-05
9.18687e-05
9.18338e-05
9.1799e-05
9.17642e-05
9.17294e-05
9.16946e-05
9.16599e-05
9.16252e-05
9.15906e-05
9.15559e-05
9.15213e-05
9.14868e-05
9.14522e-05
9.14177e-05
9.13832e-05
9.13488e-05
9.13143e-05
9.12799e-05
9.12456e-05
9.12112e-05
9.11769e-05
9.11426e-05
9.11084e-05
9.10741e-05
9.10399e-05
9.10058e-05
9.09716e-05
9.09375e-05
9.09034e-05
9.08694e-05
9.08353e-05
9.08013e-05
9.07674e-05
9.07334e-05
9.06995e-05
9.06656e-05
9.06318e-05
9.05979e-05
9.05641e-05
9.05303e-05
9.04966e-05
9.04629e-05
9.04292e-05
9.03955e-05
9.03619e-05
9.03283e-05
9.02947e-05
9.02612e-05
9.02276e-05
9.01941e-05
9.01607e-05
9.01272e-05
9.00938e-05
9.00604e-05
9.00271e-05
8.99938e-05
8.99605e-05
8.99272e-05
8.98939e-05
8.98607e-05
8.98275e-05
8.97944e-05
8.97612e-05
8.97281e-05
8.9695e-05
8.9662e-05
8.9629e-05
8.9596e-05
8.9563e-05
8.95301e-05
8.94971e-05
8.94643e-05
8.94314e-05
8.93986e-05
8.93658e-05
8.9333e-05
8.93002e-05
8.92675e-05
8.92348e-05
8.92021e-05
8.91695e-05
8.91369e-05
8.91043e-05
8.90717e-05
8.90392e-05
8.90067e-05
8.89742e-05
8.89418e-05
8.89094e-05
8.8877e-05
8.88446e-05
8.88122e-05
8.87799e-05
8.87476e-05
8.87154e-05
8.86831e-05
8.86509e-05
8.86187e-05
8.85866e-05
8.85545e-05
8.85224e-05
8.84903e-05
8.84582e-05
8.84262e-05
8.83942e-05
8.83623e-05
8.83303e-05
8.82984e-05
8.82665e-05
8.82346e-05
8.82028e-05
8.8171e-05
8.81392e-05
8.81075e-05
8.80757e-05
8.8044e-05
8.80123e-05
8.79807e-05
8.79491e-05
8.79175e-05
8.78859e-05
8.78544e-05
8.78228e-05
8.77913e-05
8.77599e-05
8.77284e-05
8.7697e-05
8.76656e-05
8.76343e-05
8.76029e-05
8.75716e-05
8.75403e-05
8.75091e-05
8.74779e-05
8.74467e-05
8.74155e-05
8.73843e-05
8.73532e-05
8.73221e-05
8.7291e-05
8.726e-05
8.72289e-05
8.71979e-05
8.7167e-05
8.7136e-05
8.71051e-05
8.70742e-05
8.70433e-05
8.70125e-05
8.69817e-05
8.69509e-05
8.69201e-05
8.68894e-05
8.68587e-05
8.6828e-05
8.67973e-05
8.67667e-05
8.67361e-05
8.67055e-05
8.66749e-05
8.66444e-05
8.66139e-05
8.65834e-05
8.65529e-05
8.65225e-05
8.64921e-05
8.64617e-05
8.64313e-05
8.6401e-05
8.63707e-05
8.63404e-05
8.63101e-05
8.62799e-05
8.62497e-05
8.62195e-05
8.61894e-05
8.61592e-05
8.61291e-05
8.6099e-05
8.6069e-05
8.60389e-05
8.60089e-05
8.59789e-05
8.5949e-05
8.59191e-05
8.58891e-05
8.58593e-05
8.58294e-05
8.57996e-05
8.57698e-05
8.574e-05
8.57102e-05
8.56805e-05
8.56508e-05
8.56211e-05
8.55914e-05
8.55618e-05
8.55322e-05
8.55026e-05
8.5473e-05
8.54435e-05
8.5414e-05
8.53845e-05
8.53551e-05
8.53256e-05
8.52962e-05
8.52668e-05
8.52374e-05
8.52081e-05
8.51788e-05
8.51495e-05
8.51202e-05
8.5091e-05
8.50618e-05
8.50326e-05
8.50034e-05
8.49743e-05
8.49451e-05
8.4916e-05
8.4887e-05
8.48579e-05
8.48289e-05
8.47999e-05
8.47709e-05
8.4742e-05
8.4713e-05
8.46841e-05
8.46553e-05
8.46264e-05
8.45976e-05
8.45688e-05
8.454e-05
8.45112e-05
8.44825e-05
8.44538e-05
8.44251e-05
8.43964e-05
8.43678e-05
8.43392e-05
8.43106e-05
8.4282e-05
8.42535e-05
8.42249e-05
8.41964e-05
8.4168e-05
8.41395e-05
8.41111e-05
8.40827e-05
8.40543e-05
8.4026e-05
8.39976e-05
8.39693e-05
8.3941e-05
8.39128e-05
8.38845e-05
8.38563e-05
8.38281e-05
8.38e-05
8.37718e-05
8.37437e-05
8.37156e-05
8.36875e-05
8.36595e-05
8.36315e-05
8.36035e-05
8.35755e-05
8.35475e-05
8.35196e-05
8.34917e-05
8.34638e-05
8.34359e-05
8.34081e-05
8.33803e-05
8.33525e-05
8.33247e-05
8.3297e-05
8.32692e-05
8.32415e-05
8.32139e-05
8.31862e-05
8.31586e-05
8.3131e-05
8.31034e-05
8.30758e-05
8.30483e-05
8.30208e-05
8.29933e-05
8.29658e-05
8.29383e-05
8.29109e-05
8.28835e-05
8.28561e-05
8.28288e-05
8.28014e-05
8.27741e-05
8.27468e-05
8.27196e-05
8.26923e-05
8.26651e-05
8.26379e-05
8.26107e-05
8.25836e-05
8.25565e-05
8.25293e-05
8.25023e-05
8.24752e-05
8.24482e-05
8.24211e-05
8.23941e-05
8.23672e-05
8.23402e-05
8.23133e-05
8.22864e-05
8.22595e-05
8.22326e-05
8.22058e-05
8.2179e-05
8.21522e-05
8.21254e-05
8.20987e-05
8.2072e-05
8.20452e-05
8.20186e-05
8.19919e-05
8.19653e-05
8.19387e-05
8.19121e-05
8.18855e-05
8.18589e-05
8.18324e-05
8.18059e-05
8.17794e-05
8.1753e-05
8.17265e-05
8.17001e-05
8.16737e-05
8.16473e-05
8.1621e-05
8.15947e-05
8.15684e-05
8.15421e-05
8.15158e-05
8.14896e-05
8.14633e-05
8.14371e-05
8.1411e-05
8.13848e-05
8.13587e-05
8.13326e-05
8.13065e-05
8.12804e-05
8.12544e-05
8.12283e-05
8.12023e-05
8.11764e-05
8.11504e-05
8.11245e-05
8.10986e-05
8.10727e-05
8.10468e-05
8.10209e-05
8.09951e-05
8.09693e-05
8.09435e-05
8.09178e-05
8.0892e-05
8.08663e-05
8.08406e-05
8.08149e-05
8.07892e-05
8.07636e-05
8.0738e-05
8.07124e-05
8.06868e-05
8.06613e-05
8.06357e-05
8.06102e-05
8.05848e-05
8.05593e-05
8.05338e-05
8.05084e-05
8.0483e-05
8.04576e-05
8.04323e-05
8.04069e-05
8.03816e-05
8.03563e-05
8.0331e-05
8.03058e-05
8.02806e-05
8.02553e-05
8.02302e-05
8.0205e-05
8.01798e-05
8.01547e-05
8.01296e-05
8.01045e-05
8.00794e-05
8.00544e-05
8.00294e-05
8.00044e-05
7.99794e-05
7.99544e-05
7.99295e-05
7.99046e-05
7.98797e-05
7.98548e-05
7.98299e-05
7.98051e-05
7.97803e-05
7.97555e-05
7.97307e-05
7.97059e-05
7.96812e-05
7.96565e-05
7.96318e-05
7.96071e-05
7.95825e-05
7.95578e-05
7.95332e-05
7.95086e-05
7.94841e-05
7.94595e-05
7.9435e-05
7.94105e-05
7.9386e-05
7.93615e-05
7.93371e-05
7.93127e-05
7.92882e-05
7.92639e-05
7.92395e-05
7.92151e-05
7.91908e-05
7.91665e-05
7.91422e-05
7.9118e-05
7.90937e-05
7.90695e-05
7.90453e-05
7.90211e-05
7.89969e-05
7.89728e-05
7.89487e-05
7.89246e-05
7.89005e-05
7.88764e-05
7.88524e-05
7.88284e-05
7.88044e-05
7.87804e-05
7.87564e-05
7.87325e-05
7.87085e-05
7.86846e-05
7.86608e-05
7.86369e-05
7.8613e-05
7.85892e-05
7.85654e-05
7.85416e-05
7.85179e-05
7.84941e-05
7.84704e-05
7.84467e-05
7.8423e-05
7.83993e-05
7.83757e-05
7.83521e-05
7.83285e-05
7.83049e-05
7.82813e-05
7.82578e-05
7.82342e-05
7.82107e-05
7.81872e-05
7.81638e-05
7.81403e-05
7.81169e-05
7.80935e-05
7.80701e-05
7.80467e-05
7.80233e-05
7.8e-05
7.79767e-05
7.79534e-05
7.79301e-05
7.79069e-05
7.78836e-05
7.78604e-05
7.78372e-05
7.7814e-05
7.77909e-05
7.77677e-05
7.77446e-05
7.77215e-05
7.76984e-05
7.76754e-05
7.76523e-05
7.76293e-05
7.76063e-05
7.75833e-05
7.75604e-05
7.75374e-05
7.75145e-05
7.74916e-05
7.74687e-05
7.74458e-05
7.7423e-05
7.74001e-05
7.73773e-05
7.73545e-05
7.73317e-05
7.7309e-05
7.72862e-05
7.72635e-05
7.72408e-05
7.72181e-05
7.71955e-05
7.71728e-05
7.71502e-05
7.71276e-05
7.7105e-05
7.70824e-05
7.70599e-05
7.70374e-05
7.70148e-05
7.69924e-05
7.69699e-05
7.69474e-05
7.6925e-05
7.69026e-05
7.68802e-05
7.68578e-05
7.68354e-05
7.68131e-05
7.67908e-05
7.67684e-05
7.67462e-05
7.67239e-05
7.67016e-05
7.66794e-05
7.66572e-05
7.6635e-05
7.66128e-05
7.65907e-05
7.65685e-05
7.65464e-05
7.65243e-05
7.65022e-05
7.64801e-05
7.64581e-05
7.64361e-05
7.6414e-05
7.63921e-05
7.63701e-05
7.63481e-05
7.63262e-05
7.63043e-05
7.62824e-05
7.62605e-05
7.62386e-05
7.62168e-05
7.61949e-05
7.61731e-05
7.61513e-05
7.61296e-05
7.61078e-05
7.60861e-05
7.60643e-05
7.60426e-05
7.6021e-05
7.59993e-05
7.59776e-05
7.5956e-05
7.59344e-05
7.59128e-05
7.58912e-05
7.58697e-05
7.58481e-05
7.58266e-05
7.58051e-05
7.57836e-05
7.57622e-05
7.57407e-05
7.57193e-05
7.56979e-05
7.56765e-05
7.56551e-05
7.56337e-05
7.56124e-05
7.5591e-05
7.55697e-05
7.55484e-05
7.55272e-05
7.55059e-05
7.54847e-05
7.54635e-05
7.54423e-05
7.54211e-05
7.53999e-05
7.53788e-05
7.53576e-05
7.53365e-05
7.53154e-05
7.52943e-05
7.52733e-05
7.52522e-05
7.52312e-05
7.52102e-05
7.51892e-05
7.51682e-05
7.51473e-05
7.51263e-05
7.51054e-05
7.50845e-05
7.50636e-05
7.50428e-05
7.50219e-05
7.50011e-05
7.49803e-05
7.49595e-05
7.49387e-05
7.49179e-05
7.48972e-05
7.48764e-05
7.48557e-05
7.4835e-05
7.48143e-05
7.47937e-05
7.4773e-05
7.47524e-05
7.47318e-05
7.47112e-05
7.46906e-05
7.46701e-05
7.46495e-05
7.4629e-05
7.46085e-05
7.4588e-05
7.45675e-05
7.45471e-05
7.45266e-05
7.45062e-05
7.44858e-05
7.44654e-05
7.44451e-05
7.44247e-05
7.44044e-05
7.43841e-05
7.43638e-05
7.43435e-05
7.43232e-05
7.43029e-05
7.42827e-05
7.42625e-05
7.42423e-05
7.42221e-05
7.42019e-05
7.41818e-05
7.41616e-05
7.41415e-05
7.41214e-05
7.41013e-05
7.40813e-05
7.40612e-05
7.40412e-05
7.40212e-05
7.40012e-05
7.39812e-05
7.39612e-05
7.39413e-05
7.39213e-05
7.39014e-05
7.38815e-05
7.38616e-05
7.38418e-05
7.38219e-05
7.38021e-05
7.37823e-05
7.37625e-05
7.37427e-05
7.37229e-05
7.37031e-05
7.36834e-05
7.36637e-05
7.3644e-05
7.36243e-05
7.36046e-05
7.3585e-05
7.35653e-05
7.35457e-05
7.35261e-05
7.35065e-05
7.3487e-05
7.34674e-05
7.34479e-05
7.34283e-05
7.34088e-05
7.33893e-05
7.33699e-05
7.33504e-05
7.3331e-05
7.33115e-05
7.32921e-05
7.32727e-05
7.32533e-05
7.3234e-05
7.32146e-05
7.31953e-05
7.3176e-05
7.31567e-05
7.31374e-05
7.31182e-05
7.30989e-05
7.30797e-05
7.30605e-05
7.30413e-05
7.30221e-05
7.30029e-05
7.29837e-05
7.29646e-05
7.29455e-05
7.29264e-05
7.29073e-05
7.28882e-05
7.28692e-05
7.28501e-05
7.28311e-05
7.28121e-05
7.27931e-05
7.27741e-05
7.27552e-05
7.27362e-05
7.27173e-05
7.26984e-05
7.26795e-05
7.26606e-05
7.26417e-05
7.26229e-05
7.2604e-05
7.25852e-05
7.25664e-05
7.25476e-05
7.25288e-05
7.25101e-05
7.24913e-05
7.24726e-05
7.24539e-05
7.24352e-05
7.24165e-05
7.23978e-05
7.23792e-05
7.23606e-05
7.23419e-05
7.23233e-05
7.23048e-05
7.22862e-05
7.22676e-05
7.22491e-05
7.22306e-05
7.2212e-05
7.21936e-05
7.21751e-05
7.21566e-05
7.21382e-05
7.21197e-05
7.21013e-05
7.20829e-05
7.20645e-05
7.20462e-05
7.20278e-05
7.20095e-05
7.19911e-05
7.19728e-05
7.19545e-05
7.19362e-05
7.1918e-05
7.18997e-05
7.18815e-05
7.18633e-05
7.18451e-05
7.18269e-05
7.18087e-05
7.17905e-05
7.17724e-05
7.17543e-05
7.17362e-05
7.17181e-05
7.17e-05
7.16819e-05
7.16639e-05
7.16458e-05
7.16278e-05
7.16098e-05
7.15918e-05
7.15738e-05
7.15559e-05
7.15379e-05
7.152e-05
7.15021e-05
7.14842e-05
7.14663e-05
7.14484e-05
7.14305e-05
7.14127e-05
7.13949e-05
7.1377e-05
7.13592e-05
7.13415e-05
7.13237e-05
7.13059e-05
7.12882e-05
7.12705e-05
7.12528e-05
7.12351e-05
7.12174e-05
7.11997e-05
7.11821e-05
7.11644e-05
7.11468e-05
7.11292e-05
7.11116e-05
7.1094e-05
7.10765e-05
7.10589e-05
7.10414e-05
7.10239e-05
7.10064e-05
7.09889e-05
7.09714e-05
7.09539e-05
7.09365e-05
7.0919e-05
7.09016e-05
7.08842e-05
7.08668e-05
7.08495e-05
7.08321e-05
7.08148e-05
7.07974e-05
7.07801e-05
7.07628e-05
7.07455e-05
7.07282e-05
7.0711e-05
7.06937e-05
7.06765e-05
7.06593e-05
7.06421e-05
7.06249e-05
7.06077e-05
7.05906e-05
7.05734e-05
7.05563e-05
7.05392e-05
7.05221e-05
7.0505e-05
7.04879e-05
7.04709e-05
7.04538e-05
7.04368e-05
7.04198e-05
7.04028e-05
7.03858e-05
7.03688e-05
7.03518e-05
7.03349e-05
7.0318e-05
7.0301e-05
7.02841e-05
7.02673e-05
7.02504e-05
7.02335e-05
7.02167e-05
7.01998e-05
7.0183e-05
7.01662e-05
7.01494e-05
7.01326e-05
7.01159e-05
7.00991e-05
7.00824e-05
7.00657e-05
7.0049e-05
7.00323e-05
7.00156e-05
6.99989e-05
6.99823e-05
6.99656e-05
6.9949e-05
6.99324e-05
6.99158e-05
6.98992e-05
6.98827e-05
6.98661e-05
6.98496e-05
6.9833e-05
6.98165e-05
6.98e-05
6.97835e-05
6.97671e-05
6.97506e-05
6.97342e-05
6.97177e-05
6.97013e-05
6.96849e-05
6.96685e-05
6.96521e-05
6.96358e-05
6.96194e-05
6.96031e-05
6.95868e-05
6.95705e-05
6.95542e-05
6.95379e-05
6.95216e-05
6.95054e-05
6.94891e-05
6.94729e-05
6.94567e-05
6.94405e-05
6.94243e-05
6.94081e-05
6.9392e-05
6.93758e-05
6.93597e-05
6.93436e-05
6.93274e-05
6.93114e-05
6.92953e-05
6.92792e-05
6.92632e-05
6.92471e-05
6.92311e-05
6.92151e-05
6.91991e-05
6.91831e-05
6.91671e-05
6.91512e-05
6.91352e-05
6.91193e-05
6.91034e-05
6.90875e-05
6.90716e-05
6.90557e-05
6.90398e-05
6.9024e-05
6.90081e-05
6.89923e-05
6.89765e-05
6.89607e-05
6.89449e-05
6.89291e-05
6.89134e-05
6.88976e-05
6.88819e-05
6.88662e-05
6.88504e-05
6.88348e-05
6.88191e-05
6.88034e-05
6.87877e-05
6.87721e-05
6.87565e-05
6.87409e-05
6.87252e-05
6.87097e-05
6.86941e-05
6.86785e-05
6.8663e-05
6.86474e-05
6.86319e-05
6.86164e-05
6.86009e-05
6.85854e-05
6.85699e-05
6.85545e-05
6.8539e-05
6.85236e-05
6.85081e-05
6.84927e-05
6.84773e-05
6.8462e-05
6.84466e-05
6.84312e-05
6.84159e-05
6.84005e-05
6.83852e-05
6.83699e-05
6.83546e-05
6.83393e-05
6.83241e-05
6.83088e-05
6.82936e-05
6.82783e-05
6.82631e-05
6.82479e-05
6.82327e-05
6.82175e-05
6.82024e-05
6.81872e-05
6.81721e-05
6.81569e-05
6.81418e-05
6.81267e-05
6.81116e-05
6.80965e-05
6.80815e-05
6.80664e-05
6.80514e-05
6.80363e-05
6.80213e-05
6.80063e-05
6.79913e-05
6.79763e-05
6.79614e-05
6.79464e-05
6.79315e-05
6.79165e-05
6.79016e-05
6.78867e-05
6.78718e-05
6.78569e-05
6.78421e-05
6.78272e-05
6.78124e-05
6.77975e-05
6.77827e-05
6.77679e-05
6.77531e-05
6.77383e-05
6.77236e-05
6.77088e-05
6.76941e-05
6.76793e-05
6.76646e-05
6.76499e-05
6.76352e-05
6.76205e-05
6.76059e-05
6.75912e-05
6.75766e-05
6.75619e-05
6.75473e-05
6.75327e-05
6.75181e-05
6.75035e-05
6.74889e-05
6.74744e-05
6.74598e-05
6.74453e-05
6.74308e-05
6.74162e-05
6.74017e-05
6.73872e-05
6.73728e-05
6.73583e-05
6.73438e-05
6.73294e-05
6.7315e-05
6.73006e-05
6.72862e-05
6.72718e-05
6.72574e-05
6.7243e-05
6.72287e-05
6.72143e-05
6.72e-05
6.71857e-05
6.71713e-05
6.7157e-05
6.71428e-05
6.71285e-05
6.71142e-05
6.71e-05
6.70857e-05
6.70715e-05
6.70573e-05
6.70431e-05
6.70289e-05
6.70147e-05
6.70006e-05
6.69864e-05
6.69723e-05
6.69581e-05
6.6944e-05
6.69299e-05
6.69158e-05
6.69017e-05
6.68876e-05
6.68736e-05
6.68595e-05
6.68455e-05
6.68315e-05
6.68175e-05
6.68035e-05
6.67895e-05
6.67755e-05
6.67615e-05
6.67476e-05
6.67336e-05
6.67197e-05
6.67058e-05
6.66919e-05
6.6678e-05
6.66641e-05
6.66502e-05
6.66363e-05
6.66225e-05
6.66086e-05
6.65948e-05
6.6581e-05
6.65672e-05
6.65534e-05
6.65396e-05
6.65258e-05
6.65121e-05
6.64983e-05
6.64846e-05
6.64709e-05
6.64571e-05
6.64434e-05
6.64298e-05
6.64161e-05
6.64024e-05
6.63887e-05
6.63751e-05
6.63615e-05
6.63478e-05
6.63342e-05
6.63206e-05
6.6307e-05
6.62935e-05
6.62799e-05
6.62663e-05
6.62528e-05
6.62393e-05
6.62257e-05
6.62122e-05
6.61987e-05
6.61852e-05
6.61718e-05
6.61583e-05
6.61449e-05
6.61314e-05
6.6118e-05
6.61046e-05
6.60911e-05
6.60777e-05
6.60644e-05
6.6051e-05
6.60376e-05
6.60243e-05
6.60109e-05
6.59976e-05
6.59843e-05
6.5971e-05
6.59577e-05
6.59444e-05
6.59311e-05
6.59178e-05
6.59046e-05
6.58913e-05
6.58781e-05
6.58649e-05
6.58517e-05
6.58385e-05
6.58253e-05
6.58121e-05
6.5799e-05
6.57858e-05
6.57727e-05
6.57595e-05
6.57464e-05
6.57333e-05
6.57202e-05
6.57071e-05
6.5694e-05
6.5681e-05
6.56679e-05
6.56548e-05
6.56418e-05
6.56288e-05
6.56158e-05
6.56028e-05
6.55898e-05
6.55768e-05
6.55638e-05
6.55509e-05
6.55379e-05
6.5525e-05
6.55121e-05
6.54991e-05
6.54862e-05
6.54733e-05
6.54605e-05
6.54476e-05
6.54347e-05
6.54219e-05
6.5409e-05
6.53962e-05
6.53834e-05
6.53706e-05
6.53578e-05
6.5345e-05
6.53322e-05
6.53194e-05
6.53067e-05
6.52939e-05
6.52812e-05
6.52685e-05
6.52558e-05
6.52431e-05
6.52304e-05
6.52177e-05
6.5205e-05
6.51924e-05
6.51797e-05
6.51671e-05
6.51544e-05
6.51418e-05
6.51292e-05
6.51166e-05
6.5104e-05
6.50915e-05
6.50789e-05
6.50663e-05
6.50538e-05
6.50413e-05
6.50287e-05
6.50162e-05
6.50037e-05
6.49912e-05
6.49787e-05
6.49663e-05
6.49538e-05
6.49414e-05
6.49289e-05
6.49165e-05
6.49041e-05
6.48917e-05
6.48793e-05
6.48669e-05
6.48545e-05
6.48421e-05
6.48298e-05
6.48174e-05
6.48051e-05
6.47928e-05
6.47804e-05
6.47681e-05
6.47558e-05
6.47435e-05
6.47313e-05
6.4719e-05
6.47068e-05
6.46945e-05
6.46823e-05
6.467e-05
6.46578e-05
6.46456e-05
6.46334e-05
6.46212e-05
6.46091e-05
6.45969e-05
6.45848e-05
6.45726e-05
6.45605e-05
6.45484e-05
6.45362e-05
6.45241e-05
6.4512e-05
6.45e-05
6.44879e-05
6.44758e-05
6.44638e-05
6.44517e-05
6.44397e-05
6.44277e-05
6.44157e-05
6.44037e-05
6.43917e-05
6.43797e-05
6.43677e-05
6.43557e-05
6.43438e-05
6.43318e-05
6.43199e-05
6.4308e-05
6.42961e-05
6.42842e-05
6.42723e-05
6.42604e-05
6.42485e-05
6.42367e-05
6.42248e-05
6.4213e-05
6.42011e-05
6.41893e-05
6.41775e-05
6.41657e-05
6.41539e-05
6.41421e-05
6.41303e-05
6.41186e-05
6.41068e-05
6.40951e-05
6.40833e-05
6.40716e-05
6.40599e-05
6.40482e-05
6.40365e-05
6.40248e-05
6.40131e-05
6.40014e-05
6.39898e-05
6.39781e-05
6.39665e-05
6.39549e-05
6.39433e-05
6.39316e-05
6.392e-05
6.39085e-05
6.38969e-05
6.38853e-05
6.38737e-05
6.38622e-05
6.38506e-05
6.38391e-05
6.38276e-05
6.38161e-05
6.38046e-05
6.37931e-05
6.37816e-05
6.37701e-05
6.37587e-05
6.37472e-05
6.37357e-05
6.37243e-05
6.37129e-05
6.37015e-05
6.36901e-05
6.36787e-05
6.36673e-05
6.36559e-05
6.36445e-05
6.36332e-05
6.36218e-05
6.36105e-05
6.35991e-05
6.35878e-05
6.35765e-05
6.35652e-05
6.35539e-05
6.35426e-05
6.35313e-05
6.35201e-05
6.35088e-05
6.34976e-05
6.34863e-05
6.34751e-05
6.34639e-05
6.34527e-05
6.34415e-05
6.34303e-05
6.34191e-05
6.34079e-05
6.33968e-05
6.33856e-05
6.33745e-05
6.33633e-05
6.33522e-05
6.33411e-05
6.333e-05
6.33189e-05
6.33078e-05
6.32967e-05
6.32856e-05
6.32746e-05
6.32635e-05
6.32525e-05
6.32414e-05
6.32304e-05
6.32194e-05
6.32084e-05
6.31974e-05
6.31864e-05
6.31754e-05
6.31644e-05
6.31535e-05
6.31425e-05
6.31316e-05
6.31207e-05
6.31097e-05
6.30988e-05
6.30879e-05
6.3077e-05
6.30661e-05
6.30552e-05
6.30444e-05
6.30335e-05
6.30227e-05
6.30118e-05
6.3001e-05
6.29902e-05
6.29793e-05
6.29685e-05
6.29577e-05
6.29469e-05
6.29362e-05
6.29254e-05
6.29146e-05
6.29039e-05
6.28931e-05
6.28824e-05
6.28717e-05
6.2861e-05
6.28502e-05
6.28395e-05
6.28289e-05
6.28182e-05
6.28075e-05
6.27968e-05
6.27862e-05
6.27755e-05
6.27649e-05
6.27543e-05
6.27436e-05
6.2733e-05
6.27224e-05
6.27118e-05
6.27013e-05
6.26907e-05
6.26801e-05
6.26696e-05
6.2659e-05
6.26485e-05
6.26379e-05
6.26274e-05
6.26169e-05
6.26064e-05
6.25959e-05
6.25854e-05
6.25749e-05
6.25645e-05
6.2554e-05
6.25435e-05
6.25331e-05
6.25227e-05
6.25122e-05
6.25018e-05
6.24914e-05
6.2481e-05
6.24706e-05
6.24602e-05
6.24499e-05
6.24395e-05
6.24291e-05
6.24188e-05
6.24084e-05
6.23981e-05
6.23878e-05
6.23775e-05
6.23672e-05
6.23569e-05
6.23466e-05
6.23363e-05
6.2326e-05
6.23158e-05
6.23055e-05
6.22953e-05
6.2285e-05
6.22748e-05
6.22646e-05
6.22544e-05
6.22442e-05
6.2234e-05
6.22238e-05
6.22136e-05
6.22034e-05
6.21933e-05
6.21831e-05
6.2173e-05
6.21628e-05
6.21527e-05
6.21426e-05
6.21325e-05
6.21224e-05
6.21123e-05
6.21022e-05
6.20921e-05
6.20821e-05
6.2072e-05
6.2062e-05
6.20519e-05
6.20419e-05
6.20318e-05
6.20218e-05
6.20118e-05
6.20018e-05
6.19918e-05
6.19818e-05
6.19719e-05
6.19619e-05
6.19519e-05
6.1942e-05
6.1932e-05
6.19221e-05
6.19122e-05
6.19023e-05
6.18923e-05
6.18824e-05
6.18726e-05
6.18627e-05
6.18528e-05
6.18429e-05
6.18331e-05
6.18232e-05
6.18134e-05
6.18035e-05
6.17937e-05
6.17839e-05
6.17741e-05
6.17643e-05
6.17545e-05
6.17447e-05
6.17349e-05
6.17251e-05
6.17154e-05
6.17056e-05
6.16959e-05
6.16861e-05
6.16764e-05
6.16667e-05
6.1657e-05
6.16473e-05
6.16376e-05
6.16279e-05
6.16182e-05
6.16085e-05
6.15988e-05
6.15892e-05
6.15795e-05
6.15699e-05
6.15603e-05
6.15506e-05
6.1541e-05
6.15314e-05
6.15218e-05
6.15122e-05
6.15026e-05
6.14931e-05
6.14835e-05
6.14739e-05
6.14644e-05
6.14548e-05
6.14453e-05
6.14358e-05
6.14262e-05
6.14167e-05
6.14072e-05
6.13977e-05
6.13882e-05
6.13787e-05
6.13693e-05
6.13598e-05
6.13503e-05
6.13409e-05
6.13314e-05
6.1322e-05
6.13126e-05
6.13032e-05
6.12938e-05
6.12844e-05
6.1275e-05
6.12656e-05
6.12562e-05
6.12468e-05
6.12375e-05
6.12281e-05
6.12187e-05
6.12094e-05
6.12001e-05
6.11907e-05
6.11814e-05
6.11721e-05
6.11628e-05
6.11535e-05
6.11442e-05
6.1135e-05
6.11257e-05
6.11164e-05
6.11072e-05
6.10979e-05
6.10887e-05
6.10794e-05
6.10702e-05
6.1061e-05
6.10518e-05
6.10426e-05
6.10334e-05
6.10242e-05
6.1015e-05
6.10059e-05
6.09967e-05
6.09875e-05
6.09784e-05
6.09692e-05
6.09601e-05
6.0951e-05
6.09419e-05
6.09328e-05
6.09237e-05
6.09146e-05
6.09055e-05
6.08964e-05
6.08873e-05
6.08783e-05
6.08692e-05
6.08601e-05
6.08511e-05
6.08421e-05
6.0833e-05
6.0824e-05
6.0815e-05
6.0806e-05
6.0797e-05
6.0788e-05
6.0779e-05
6.07701e-05
6.07611e-05
6.07521e-05
6.07432e-05
6.07342e-05
6.07253e-05
6.07164e-05
6.07074e-05
6.06985e-05
6.06896e-05
6.06807e-05
6.06718e-05
6.06629e-05
6.06541e-05
6.06452e-05
6.06363e-05
6.06275e-05
6.06186e-05
6.06098e-05
6.06009e-05
6.05921e-05
6.05833e-05
6.05745e-05
6.05657e-05
6.05569e-05
6.05481e-05
6.05393e-05
6.05305e-05
6.05218e-05
6.0513e-05
6.05043e-05
6.04955e-05
6.04868e-05
6.0478e-05
6.04693e-05
6.04606e-05
6.04519e-05
6.04432e-05
6.04345e-05
6.04258e-05
6.04171e-05
6.04084e-05
6.03998e-05
6.03911e-05
6.03825e-05
6.03738e-05
6.03652e-05
6.03566e-05
6.03479e-05
6.03393e-05
6.03307e-05
6.03221e-05
6.03135e-05
6.03049e-05
6.02963e-05
6.02878e-05
6.02792e-05
6.02706e-05
6.02621e-05
6.02535e-05
6.0245e-05
6.02365e-05
6.0228e-05
6.02194e-05
6.02109e-05
6.02024e-05
6.01939e-05
6.01854e-05
6.0177e-05
6.01685e-05
6.016e-05
6.01516e-05
6.01431e-05
6.01347e-05
6.01262e-05
6.01178e-05
6.01094e-05
6.0101e-05
6.00925e-05
6.00841e-05
6.00757e-05
6.00674e-05
6.0059e-05
6.00506e-05
6.00422e-05
6.00339e-05
6.00255e-05
6.00172e-05
6.00088e-05
6.00005e-05
5.99922e-05
5.99838e-05
5.99755e-05
5.99672e-05
5.99589e-05
5.99506e-05
5.99423e-05
5.99341e-05
5.99258e-05
5.99175e-05
5.99093e-05
5.9901e-05
5.98928e-05
5.98845e-05
5.98763e-05
5.98681e-05
5.98599e-05
5.98517e-05
5.98435e-05
5.98353e-05
5.98271e-05
5.98189e-05
5.98107e-05
5.98025e-05
5.97944e-05
5.97862e-05
5.97781e-05
5.97699e-05
5.97618e-05
5.97537e-05
5.97456e-05
5.97374e-05
5.97293e-05
5.97212e-05
5.97131e-05
5.97051e-05
5.9697e-05
5.96889e-05
5.96808e-05
5.96728e-05
5.96647e-05
5.96567e-05
5.96486e-05
5.96406e-05
5.96326e-05
5.96245e-05
5.96165e-05
5.96085e-05
5.96005e-05
5.95925e-05
5.95845e-05
5.95766e-05
5.95686e-05
5.95606e-05
5.95527e-05
5.95447e-05
5.95368e-05
5.95288e-05
5.95209e-05
5.9513e-05
5.9505e-05
5.94971e-05
5.94892e-05
5.94813e-05
5.94734e-05
5.94655e-05
5.94577e-05
5.94498e-05
5.94419e-05
5.9434e-05
5.94262e-05
5.94183e-05
5.94105e-05
5.94027e-05
5.93948e-05
5.9387e-05
5.93792e-05
5.93714e-05
5.93636e-05
5.93558e-05
5.9348e-05
5.93402e-05
5.93324e-05
5.93247e-05
5.93169e-05
5.93091e-05
5.93014e-05
5.92936e-05
5.92859e-05
5.92782e-05
5.92705e-05
5.92627e-05
5.9255e-05
5.92473e-05
5.92396e-05
5.92319e-05
5.92242e-05
5.92166e-05
5.92089e-05
5.92012e-05
5.91936e-05
5.91859e-05
5.91782e-05
5.91706e-05
5.9163e-05
5.91553e-05
5.91477e-05
5.91401e-05
5.91325e-05
5.91249e-05
5.91173e-05
5.91097e-05
5.91021e-05
5.90945e-05
5.9087e-05
5.90794e-05
5.90718e-05
5.90643e-05
5.90567e-05
5.90492e-05
5.90417e-05
5.90341e-05
5.90266e-05
5.90191e-05
5.90116e-05
5.90041e-05
5.89966e-05
5.89891e-05
5.89816e-05
5.89741e-05
5.89667e-05
5.89592e-05
5.89517e-05
5.89443e-05
5.89368e-05
5.89294e-05
5.8922e-05
5.89145e-05
5.89071e-05
5.88997e-05
5.88923e-05
5.88849e-05
5.88775e-05
5.88701e-05
5.88627e-05
5.88553e-05
5.88479e-05
5.88406e-05
5.88332e-05
5.88259e-05
5.88185e-05
5.88112e-05
5.88038e-05
5.87965e-05
5.87892e-05
5.87819e-05
5.87745e-05
5.87672e-05
5.87599e-05
5.87526e-05
5.87454e-05
5.87381e-05
5.87308e-05
5.87235e-05
5.87163e-05
5.8709e-05
5.87018e-05
5.86945e-05
5.86873e-05
5.868e-05
5.86728e-05
5.86656e-05
5.86584e-05
5.86512e-05
5.8644e-05
5.86368e-05
5.86296e-05
5.86224e-05
5.86152e-05
5.8608e-05
5.86009e-05
5.85937e-05
5.85866e-05
5.85794e-05
5.85723e-05
5.85651e-05
5.8558e-05
5.85509e-05
5.85437e-05
5.85366e-05
5.85295e-05
5.85224e-05
5.85153e-05
5.85082e-05
5.85012e-05
5.84941e-05
5.8487e-05
5.84799e-05
5.84729e-05
5.84658e-05
5.84588e-05
5.84517e-05
5.84447e-05
5.84377e-05
5.84306e-05
5.84236e-05
5.84166e-05
5.84096e-05
5.84026e-05
5.83956e-05
5.83886e-05
5.83816e-05
5.83746e-05
5.83677e-05
5.83607e-05
5.83537e-05
5.83468e-05
5.83398e-05
5.83329e-05
5.83259e-05
5.8319e-05
5.83121e-05
5.83052e-05
5.82983e-05
5.82913e-05
5.82844e-05
5.82775e-05
5.82707e-05
5.82638e-05
5.82569e-05
5.825e-05
5.82431e-05
5.82363e-05
5.82294e-05
5.82226e-05
5.82157e-05
5.82089e-05
5.8202e-05
5.81952e-05
5.81884e-05
5.81816e-05
5.81748e-05
5.8168e-05
5.81612e-05
5.81544e-05
5.81476e-05
5.81408e-05
5.8134e-05
5.81272e-05
5.81205e-05
5.81137e-05
5.81069e-05
5.81002e-05
5.80935e-05
5.80867e-05
5.808e-05
5.80733e-05
5.80665e-05
5.80598e-05
5.80531e-05
5.80464e-05
5.80397e-05
5.8033e-05
5.80263e-05
5.80196e-05
5.8013e-05
5.80063e-05
5.79996e-05
5.7993e-05
5.79863e-05
5.79797e-05
5.7973e-05
5.79664e-05
5.79597e-05
5.79531e-05
5.79465e-05
5.79399e-05
5.79333e-05
5.79267e-05
5.79201e-05
5.79135e-05
5.79069e-05
5.79003e-05
5.78937e-05
5.78871e-05
5.78806e-05
5.7874e-05
5.78674e-05
5.78609e-05
5.78544e-05
5.78478e-05
5.78413e-05
5.78348e-05
5.78282e-05
5.78217e-05
5.78152e-05
5.78087e-05
5.78022e-05
5.77957e-05
5.77892e-05
5.77827e-05
5.77762e-05
5.77698e-05
5.77633e-05
5.77568e-05
5.77504e-05
5.77439e-05
5.77375e-05
5.7731e-05
5.77246e-05
5.77182e-05
5.77117e-05
5.77053e-05
5.76989e-05
5.76925e-05
5.76861e-05
5.76797e-05
5.76733e-05
5.76669e-05
5.76605e-05
5.76541e-05
5.76478e-05
5.76414e-05
5.7635e-05
5.76287e-05
5.76223e-05
5.7616e-05
5.76096e-05
5.76033e-05
5.7597e-05
5.75906e-05
5.75843e-05
5.7578e-05
5.75717e-05
5.75654e-05
5.75591e-05
5.75528e-05
5.75465e-05
5.75402e-05
5.75339e-05
5.75277e-05
5.75214e-05
5.75151e-05
5.75089e-05
5.75026e-05
5.74964e-05
5.74901e-05
5.74839e-05
5.74777e-05
5.74714e-05
5.74652e-05
5.7459e-05
5.74528e-05
5.74466e-05
5.74404e-05
5.74342e-05
5.7428e-05
5.74218e-05
5.74156e-05
5.74095e-05
5.74033e-05
5.73971e-05
5.7391e-05
5.73848e-05
5.73787e-05
5.73725e-05
5.73664e-05
5.73603e-05
5.73541e-05
5.7348e-05
5.73419e-05
5.73358e-05
5.73297e-05
5.73236e-05
5.73175e-05
5.73114e-05
5.73053e-05
5.72992e-05
5.72931e-05
5.72871e-05
5.7281e-05
5.72749e-05
5.72689e-05
5.72628e-05
5.72568e-05
5.72507e-05
5.72447e-05
5.72387e-05
5.72326e-05
5.72266e-05
5.72206e-05
5.72146e-05
5.72086e-05
5.72026e-05
5.71966e-05
5.71906e-05
5.71846e-05
5.71786e-05
5.71726e-05
5.71667e-05
5.71607e-05
5.71547e-05
5.71488e-05
5.71428e-05
5.71369e-05
5.71309e-05
5.7125e-05
5.71191e-05
5.71131e-05
5.71072e-05
5.71013e-05
5.70954e-05
5.70895e-05
5.70836e-05
5.70777e-05
5.70718e-05
5.70659e-05
5.706e-05
5.70541e-05
5.70483e-05

