5e-05
5e-05
5e-05
5e-05
5e-05
5e-05
5e-05
5e-05
5e-05
5e-05
5e-05
5e-05
5e-05
5e-05
5e-05
5e-05
5e-05
5e-05
5e-05
5e-05
5e-05
5e-05
5e-05
5e-05
5e-05
5e-05
5e-05
5e-05
5e-05
5e-05
5e-05
5e-05
5e-05
5e-05
5e-05
5e-05
5e-05
5e-05
5e-05
5e-05
5e-05
5e-05
5e-05
5e-05
5e-05
5e-05
5e-05
5e-05
5e-05
5e-05
5e-05
5e-05
5e-05
5e-05
5e-05
5e-05
5e-05
5e-05
5e-05
5e-05
5e-05
5e-05
5e-05
5e-05
5e-05
5e-05
5e-05
5e-05
5e-05
5e-05
5e-05
5e-05
5e-05
5e-05
5e-05
5e-05
5e-05
5e-05
5e-05
5e-05
5e-05
5e-05
5e-05
5e-05
5e-05
5e-05
5e-05
5e-05
5e-05
5e-05
5e-05
5e-05
5e-05
5e-05
5e-05
5e-05
5e-05
5e-05
5e-05
5e-05
5e-05
5e-05
5e-05
5e-05
5e-05
5e-05
5e-05
5e-05
5e-05
5e-05
5e-05
5e-05
5e-05
5e-05
5e-05
5e-05
5e-05
5e-05
5e-05
5e-05
5e-05
5e-05
5e-05
5e-05
5e-05
5e-05
5e-05
5e-05
5e-05
5e-05
5e-05
5e-05
5e-05
5e-05
5e-05
5e-05
5e-05
5e-05
5e-05
5e-05
5e-05
5e-05
5e-05
5e-05
5e-05
5e-05
5e-05
5e-05
5e-05
5e-05
5e-05
5e-05
5e-05
5e-05
5e-05
5e-05
5e-05
5e-05
5e-05
5e-05
5e-05
5e-05
5e-05
5e-05
5e-05
5e-05
5e-05
5e-05
5e-05
5e-05
5e-05
5e-05
5e-05
5e-05
5e-05
5e-05
5e-05
5e-05
5e-05
5e-05
5e-05
5e-05
5e-05
5e-05
5e-05
5e-05
5e-05
5e-05
5e-05
5e-05
5e-05
5e-05
5e-05
5e-05
5e-05
5e-05
5e-05
5e-05
5e-05
5e-05
5e-05
5e-05
5e-05
5e-05
5e-05
5e-05
5e-05
5e-05
5e-05
5e-05
5e-05
5e-05
5e-05
5e-05
5e-05
5e-05
5e-05
5e-05
5e-05
5e-05
5e-05
5e-05
5e-05
5e-05
5e-05
5e-05
5e-05
5e-05
5e-05
5e-05
5e-05
5e-05
5e-05
5e-05
5e-05
5e-05
5e-05
5e-05
5e-05
5e-05
5e-05
5e-05
5e-05
5e-05
5e-05
5e-05
5e-05
5e-05
5e-05
5e-05
5e-05
5e-05
5e-05
5e-05
5e-05
5e-05
5e-05
5e-05
5e-05
5e-05
5e-05
5e-05
5e-05
5e-05
5e-05
5e-05
5e-05
5e-05
5e-05
5e-05
5e-05
5e-05
5e-05
5e-05
5e-05
5e-05
5e-05
5e-05
5e-05
5e-05
5e-05
5e-05
5e-05
5e-05
5e-05
5e-05
5e-05
5e-05
5e-05
5e-05
5e-05
5e-05
5e-05
5e-05
5e-05
5e-05
5e-05
5e-05
5e-05
5e-05
5e-05
5e-05
5e-05
5e-05
5e-05
5e-05
5e-05
5e-05
5e-05
5e-05
5e-05
5e-05
5e-05
5e-05
5e-05
5e-05
5e-05
5e-05
5e-05
5e-05
5e-05
5e-05
5e-05
5e-05
5e-05
5e-05
5e-05
5e-05
5e-05
5e-05
5e-05
5e-05
5e-05
5e-05
5e-05
5e-05
5e-05
5e-05
5e-05
5e-05
5e-05
5e-05
5e-05
5e-05
5e-05
5e-05
5e-05
5e-05
5e-05
5e-05
5e-05
5e-05
5e-05
5e-05
5e-05
5e-05
5e-05
5e-05
5e-05
5e-05
5e-05
5e-05
5e-05
5e-05
5e-05
5e-05
5e-05
5e-05
5e-05
5e-05
5e-05
5e-05
5e-05
5e-05
5e-05
5e-05
5e-05
5e-05
5e-05
5e-05
5e-05
5e-05
5e-05
5e-05
5e-05
5e-05
5e-05
5e-05
5e-05
5e-05
5e-05
5e-05
5e-05
5e-05
5e-05
5e-05
5e-05
5e-05
5e-05
5e-05
5e-05
5e-05
5e-05
5e-05
5e-05
5e-05
5e-05
5e-05
5e-05
5e-05
5e-05
5e-05
5e-05
5e-05
5e-05
5e-05
5e-05
5e-05
5e-05
5e-05
5e-05
5e-05
5e-05
5e-05
5e-05
5e-05
5e-05
5e-05
5e-05
5e-05
5e-05
5e-05
5e-05
5e-05
5e-05
5e-05
5e-05
5e-05
5e-05
5e-05
5e-05
5e-05
5e-05
5e-05
5e-05
5e-05
5e-05
5e-05
5e-05
5e-05
5e-05
5e-05
5e-05
5e-05
5e-05
5e-05
5e-05
5e-05
5e-05
5e-05
5e-05
5e-05
5e-05
5e-05
5e-05
5e-05
5e-05
5e-05
5e-05
5e-05
5e-05
5e-05
5e-05
5e-05
5e-05
5e-05
5e-05
5e-05
5e-05
5e-05
5e-05
5e-05
5e-05
5e-05
5e-05
5e-05
5e-05
5e-05
5e-05
5e-05
5e-05
5e-05
5e-05
5e-05
5e-05
5e-05
5e-05
5e-05
5e-05
5e-05
5e-05
5e-05
5e-05
5e-05
5e-05
5e-05
5e-05
5e-05
5e-05
5e-05
5e-05
5e-05
5e-05
5e-05
5e-05
5e-05
5e-05
5e-05
5e-05
5e-05
5e-05
5e-05
5e-05
5e-05
5e-05
5e-05
5e-05
5e-05
5e-05
5e-05
5e-05
5e-05
5e-05
5e-05
5e-05
5e-05
5e-05
5e-05
5e-05
5e-05
5e-05
5e-05
5e-05
5e-05
5e-05
5e-05
5e-05
5e-05
5e-05
5e-05
5e-05
5e-05
5e-05
5e-05
5e-05
5e-05
5e-05
5e-05
5e-05
5e-05
5e-05
5e-05
5e-05
5e-05
5e-05
5e-05
5e-05
5e-05
5e-05
5e-05
5e-05
5e-05
5e-05
5e-05
5e-05
5e-05
5e-05
5e-05
5e-05
5e-05
5e-05
5e-05
5e-05
5e-05
5e-05
5e-05
5e-05
5e-05
5e-05
5e-05
5e-05
5e-05
5e-05
5e-05
5e-05
5e-05
5e-05
5e-05
5e-05
5e-05
5e-05
5e-05
5e-05
5e-05
5e-05
5e-05
5e-05
5e-05
5e-05
5e-05
5e-05
5e-05
5e-05
5e-05
5e-05
5e-05
5e-05
5e-05
5e-05
5e-05
5e-05
5e-05
5e-05
5e-05
5e-05
5e-05
5e-05
5e-05
5e-05
5e-05
5e-05
5e-05
5e-05
5e-05
5e-05
5e-05
5e-05
5e-05
5e-05
5e-05
5e-05
5e-05
5e-05
5e-05
5e-05
5e-05
5e-05
5e-05
5e-05
5e-05
5e-05
5e-05
5e-05
5e-05
5e-05
5e-05
5e-05
5e-05
5e-05
5e-05
5e-05
5e-05
5e-05
5e-05
5e-05
5e-05
5e-05
5e-05
5e-05
5e-05
5e-05
5e-05
5e-05
5e-05
5e-05
5e-05
5e-05
5e-05
5e-05
5e-05
5e-05
5e-05
5e-05
5e-05
5e-05
5e-05
5e-05
5e-05
5e-05
5e-05
5e-05
5e-05
5e-05
5e-05
5e-05
5e-05
5e-05
5e-05
5e-05
5e-05
5e-05
5e-05
5e-05
5e-05
5e-05
5e-05
5e-05
5e-05
5e-05
5e-05
5e-05
5e-05
5e-05
5e-05
5e-05
5e-05
5e-05
5e-05
5e-05
5e-05
5e-05
5e-05
5e-05
5e-05
5e-05
5e-05
5e-05
5e-05
5e-05
5e-05
5e-05
5e-05
5e-05
5e-05
5e-05
5e-05
5e-05
5e-05
5e-05
5e-05
5e-05
5e-05
5e-05
5e-05
5e-05
5e-05
5e-05
5e-05
5e-05
5e-05
5e-05
5e-05
5e-05
5e-05
5e-05
5e-05
5e-05
5e-05
5e-05
5e-05
5e-05
5e-05
5e-05
5e-05
5e-05
5e-05
5e-05
5e-05
5e-05
5e-05
5e-05
5e-05
5e-05
5e-05
5e-05
5e-05
5e-05
5e-05
5e-05
5e-05
5e-05
5e-05
5e-05
5e-05
5e-05
5e-05
5e-05
5e-05
5e-05
5e-05
5e-05
5e-05
5e-05
5e-05
5e-05
5e-05
5e-05
5e-05
5e-05
5e-05
5e-05
5e-05
5e-05
5.00001e-05
5.00002e-05
5.00004e-05
5.00009e-05
5.00017e-05
5.00029e-05
5.00046e-05
5.0007e-05
5.00104e-05
5.00147e-05
5.00204e-05
5.00275e-05
5.00363e-05
5.00469e-05
5.00598e-05
5.0075e-05
5.00929e-05
5.01136e-05
5.01375e-05
5.01648e-05
5.01957e-05
5.02305e-05
5.02695e-05
5.03128e-05
5.03607e-05
5.04135e-05
5.04714e-05
5.05346e-05
5.06033e-05
5.06778e-05
5.07582e-05
5.08447e-05
5.09376e-05
5.1037e-05
5.11431e-05
5.1256e-05
5.13759e-05
5.1503e-05
5.16374e-05
5.17793e-05
5.19287e-05
5.20857e-05
5.22506e-05
5.24234e-05
5.26042e-05
5.2793e-05
5.299e-05
5.31952e-05
5.34087e-05
5.36306e-05
5.38608e-05
5.40996e-05
5.43468e-05
5.46025e-05
5.48668e-05
5.51396e-05
5.5421e-05
5.5711e-05
5.60097e-05
5.63169e-05
5.66327e-05
5.69571e-05
5.729e-05
5.76315e-05
5.79816e-05
5.83401e-05
5.87071e-05
5.90826e-05
5.94664e-05
5.98587e-05
6.02592e-05
6.0668e-05
6.1085e-05
6.15102e-05
6.19435e-05
6.23849e-05
6.28342e-05
6.32915e-05
6.37567e-05
6.42297e-05
6.47103e-05
6.51986e-05
6.56944e-05
6.61974e-05
6.67077e-05
6.72249e-05
6.77488e-05
6.82793e-05
6.88161e-05
6.93589e-05
6.99075e-05
7.04615e-05
7.10206e-05
7.15847e-05
7.21532e-05
7.2726e-05
7.33027e-05
7.38829e-05
7.44664e-05
7.50527e-05
7.56416e-05
7.62327e-05
7.68258e-05
7.74204e-05
7.80162e-05
7.8613e-05
7.92104e-05
7.98081e-05
8.04059e-05
8.10033e-05
8.16002e-05
8.21963e-05
8.27912e-05
8.33848e-05
8.39768e-05
8.45669e-05
8.51549e-05
8.57406e-05
8.63238e-05
8.69042e-05
8.74816e-05
8.80559e-05
8.86268e-05
8.91942e-05
8.9758e-05
9.03179e-05
9.08739e-05
9.14257e-05
9.19732e-05
9.25164e-05
9.3055e-05
9.3589e-05
9.41183e-05
9.46427e-05
9.51622e-05
9.56767e-05
9.61861e-05
9.66903e-05
9.71893e-05
9.7683e-05
9.81713e-05
9.86542e-05
9.91317e-05
9.96037e-05
0.00010007
0.000100531
0.000100986
0.000101436
0.00010188
0.000102319
0.000102751
0.000103178
0.0001036
0.000104016
0.000104426
0.00010483
0.000105229
0.000105622
0.00010601
0.000106392
0.000106768
0.000107139
0.000107504
0.000107864
0.000108218
0.000108567
0.00010891
0.000109248
0.00010958
0.000109908
0.000110229
0.000110546
0.000110858
0.000111164
0.000111465
0.000111761
0.000112052
0.000112338
0.000112619
0.000112895
0.000113167
0.000113433
0.000113695
0.000113952
0.000114204
0.000114452
0.000114695
0.000114933
0.000115167
0.000115397
0.000115622
0.000115843
0.00011606
0.000116272
0.00011648
0.000116684
0.000116884
0.00011708
0.000117272
0.00011746
0.000117645
0.000117825
0.000118001
0.000118174
0.000118343
0.000118509
0.000118671
0.000118829
0.000118984
0.000119135
0.000119283
0.000119428
0.000119569
0.000119707
0.000119842
0.000119974
0.000120102
0.000120227
0.00012035
0.000120469
0.000120586
0.000120699
0.00012081
0.000120918
0.000121023
0.000121125
0.000121224
0.000121321
0.000121416
0.000121507
0.000121596
0.000121683
0.000121767
0.000121849
0.000121928
0.000122005
0.00012208
0.000122152
0.000122222
0.00012229
0.000122356
0.000122419
0.000122481
0.00012254
0.000122597
0.000122653
0.000122706
0.000122757
0.000122807
0.000122854
0.0001229
0.000122944
0.000122986
0.000123026
0.000123064
0.000123101
0.000123136
0.00012317
0.000123202
0.000123232
0.00012326
0.000123287
0.000123313
0.000123337
0.00012336
0.000123381
0.0001234
0.000123419
0.000123435
0.000123451
0.000123465
0.000123478
0.000123489
0.0001235
0.000123509
0.000123517
0.000123523
0.000123529
0.000123533
0.000123536
0.000123538
0.000123539
0.000123539
0.000123537
0.000123535
0.000123532
0.000123527
0.000123522
0.000123516
0.000123508
0.0001235
0.000123491
0.000123481
0.00012347
0.000123458
0.000123445
0.000123431
0.000123417
0.000123402
0.000123385
0.000123369
0.000123351
0.000123332
0.000123313
0.000123293
0.000123273
0.000123251
0.000123229
0.000123207
0.000123183
0.000123159
0.000123134
0.000123109
0.000123083
0.000123057
0.000123029
0.000123002
0.000122973
0.000122944
0.000122915
0.000122885
0.000122854
0.000122823
0.000122791
0.000122759
0.000122727
0.000122693
0.00012266
0.000122626
0.000122591
0.000122556
0.000122521
0.000122485
0.000122449
0.000122412
0.000122375
0.000122337
0.000122299
0.000122261
0.000122222
0.000122183
0.000122144
0.000122104
0.000122064
0.000122023
0.000121982
0.000121941
0.0001219
0.000121858
0.000121816
0.000121773
0.000121731
0.000121687
0.000121644
0.000121601
0.000121557
0.000121513
0.000121468
0.000121424
0.000121379
0.000121333
0.000121288
0.000121242
0.000121197
0.000121151
0.000121104
0.000121058
0.000121011
0.000120964
0.000120917
0.00012087
0.000120822
0.000120774
0.000120726
0.000120678
0.00012063
0.000120582
0.000120533
0.000120484
0.000120435
0.000120386
0.000120337
0.000120288
0.000120238
0.000120188
0.000120139
0.000120089
0.000120039
0.000119988
0.000119938
0.000119888
0.000119837
0.000119787
0.000119736
0.000119685
0.000119634
0.000119583
0.000119532
0.00011948
0.000119429
0.000119377
0.000119326
0.000119274
0.000119222
0.000119171
0.000119119
0.000119067
0.000119015
0.000118963
0.00011891
0.000118858
0.000118806
0.000118754
0.000118701
0.000118649
0.000118596
0.000118543
0.000118491
0.000118438
0.000118385
0.000118333
0.00011828
0.000118227
0.000118174
0.000118121
0.000118068
0.000118015
0.000117962
0.000117909
0.000117856
0.000117803
0.00011775
0.000117696
0.000117643
0.00011759
0.000117537
0.000117483
0.00011743
0.000117377
0.000117324
0.00011727
0.000117217
0.000117164
0.00011711
0.000117057
0.000117004
0.00011695
0.000116897
0.000116843
0.00011679
0.000116737
0.000116683
0.00011663
0.000116577
0.000116523
0.00011647
0.000116417
0.000116363
0.00011631
0.000116257
0.000116203
0.00011615
0.000116097
0.000116044
0.00011599
0.000115937
0.000115884
0.000115831
0.000115778
0.000115724
0.000115671
0.000115618
0.000115565
0.000115512
0.000115459
0.000115406
0.000115353
0.0001153
0.000115247
0.000115194
0.000115141
0.000115088
0.000115036
0.000114983
0.00011493
0.000114877
0.000114825
0.000114772
0.000114719
0.000114667
0.000114614
0.000114562
0.000114509
0.000114457
0.000114404
0.000114352
0.000114299
0.000114247
0.000114195
0.000114142
0.00011409
0.000114038
0.000113986
0.000113934
0.000113882
0.00011383
0.000113778
0.000113726
0.000113674
0.000113622
0.00011357
0.000113519
0.000113467
0.000113415
0.000113364
0.000113312
0.000113261
0.000113209
0.000113158
0.000113106
0.000113055
0.000113004
0.000112952
0.000112901
0.00011285
0.000112799
0.000112748
0.000112697
0.000112646
0.000112595
0.000112544
0.000112493
0.000112442
0.000112392
0.000112341
0.00011229
0.00011224
0.000112189
0.000112139
0.000112088
0.000112038
0.000111988
0.000111938
0.000111887
0.000111837
0.000111787
0.000111737
0.000111687
0.000111637
0.000111587
0.000111537
0.000111488
0.000111438
0.000111388
0.000111339
0.000111289
0.000111239
0.00011119
0.000111141
0.000111091
0.000111042
0.000110993
0.000110944
0.000110894
0.000110845
0.000110796
0.000110747
0.000110698
0.00011065
0.000110601
0.000110552
0.000110503
0.000110455
0.000110406
0.000110358
0.000110309
0.000110261
0.000110212
0.000110164
0.000110116
0.000110068
0.00011002
0.000109971
0.000109923
0.000109875
0.000109828
0.00010978
0.000109732
0.000109684
0.000109637
0.000109589
0.000109541
0.000109494
0.000109446
0.000109399
0.000109352
0.000109304
0.000109257
0.00010921
0.000109163
0.000109116
0.000109069
0.000109022
0.000108975
0.000108928
0.000108881
0.000108835
0.000108788
0.000108742
0.000108695
0.000108648
0.000108602
0.000108556
0.000108509
0.000108463
0.000108417
0.000108371
0.000108325
0.000108279
0.000108233
0.000108187
0.000108141
0.000108095
0.000108049
0.000108004
0.000107958
0.000107913
0.000107867
0.000107822
0.000107776
0.000107731
0.000107686
0.00010764
0.000107595
0.00010755
0.000107505
0.00010746
0.000107415
0.00010737
0.000107325
0.000107281
0.000107236
0.000107191
0.000107147
0.000107102
0.000107058
0.000107013
0.000106969
0.000106924
0.00010688
0.000106836
0.000106792
0.000106748
0.000106704
0.00010666
0.000106616
0.000106572
0.000106528
0.000106484
0.000106441
0.000106397
0.000106353
0.00010631
0.000106266
0.000106223
0.00010618
0.000106136
0.000106093
0.00010605
0.000106007
0.000105964
0.00010592
0.000105878
0.000105835
0.000105792
0.000105749
0.000105706
0.000105663
0.000105621
0.000105578
0.000105536
0.000105493
0.000105451
0.000105408
0.000105366
0.000105324
0.000105281
0.000105239
0.000105197
0.000105155
0.000105113
0.000105071
0.000105029
0.000104987
0.000104946
0.000104904
0.000104862
0.00010482
0.000104779
0.000104737
0.000104696
0.000104654
0.000104613
0.000104572
0.000104531
0.000104489
0.000104448
0.000104407
0.000104366
0.000104325
0.000104284
0.000104243
0.000104202
0.000104162
0.000104121
0.00010408
0.000104039
0.000103999
0.000103958
0.000103918
0.000103877
0.000103837
0.000103797
0.000103757
0.000103716
0.000103676
0.000103636
0.000103596
0.000103556
0.000103516
0.000103476
0.000103436
0.000103396
0.000103357
0.000103317
0.000103277
0.000103238
0.000103198
0.000103159
0.000103119
0.00010308
0.00010304
0.000103001
0.000102962
0.000102923
0.000102883
0.000102844
0.000102805
0.000102766
0.000102727
0.000102688
0.00010265
0.000102611
0.000102572
0.000102533
0.000102495
0.000102456
0.000102417
0.000102379
0.00010234
0.000102302
0.000102264
0.000102225
0.000102187
0.000102149
0.000102111
0.000102073
0.000102034
0.000101996
0.000101958
0.00010192
0.000101883
0.000101845
0.000101807
0.000101769
0.000101732
0.000101694
0.000101656
0.000101619
0.000101581
0.000101544
0.000101506
0.000101469
0.000101432
0.000101394
0.000101357
0.00010132
0.000101283
0.000101246
0.000101209
0.000101172
0.000101135
0.000101098
0.000101061
0.000101024
0.000100987
0.000100951
0.000100914
0.000100877
0.000100841
0.000100804
0.000100768
0.000100731
0.000100695
0.000100659
0.000100622
0.000100586
0.00010055
0.000100514
0.000100478
0.000100441
0.000100405
0.000100369
0.000100334
0.000100298
0.000100262
0.000100226
0.00010019
0.000100154
0.000100119
0.000100083
0.000100048
0.000100012
9.99765e-05
9.9941e-05
9.99056e-05
9.98702e-05
9.98349e-05
9.97996e-05
9.97644e-05
9.97292e-05
9.9694e-05
9.96589e-05
9.96238e-05
9.95888e-05
9.95538e-05
9.95189e-05
9.9484e-05
9.94491e-05
9.94143e-05
9.93795e-05
9.93448e-05
9.93101e-05
9.92755e-05
9.92409e-05
9.92063e-05
9.91718e-05
9.91373e-05
9.91029e-05
9.90685e-05
9.90341e-05
9.89998e-05
9.89656e-05
9.89314e-05
9.88972e-05
9.8863e-05
9.88289e-05
9.87949e-05
9.87609e-05
9.87269e-05
9.86929e-05
9.86591e-05
9.86252e-05
9.85914e-05
9.85576e-05
9.85239e-05
9.84902e-05
9.84566e-05
9.8423e-05
9.83894e-05
9.83559e-05
9.83224e-05
9.82889e-05
9.82555e-05
9.82222e-05
9.81888e-05
9.81556e-05
9.81223e-05
9.80891e-05
9.80559e-05
9.80228e-05
9.79897e-05
9.79567e-05
9.79237e-05
9.78907e-05
9.78578e-05
9.78249e-05
9.7792e-05
9.77592e-05
9.77265e-05
9.76937e-05
9.7661e-05
9.76284e-05
9.75958e-05
9.75632e-05
9.75307e-05
9.74982e-05
9.74657e-05
9.74333e-05
9.74009e-05
9.73686e-05
9.73363e-05
9.7304e-05
9.72718e-05
9.72396e-05
9.72074e-05
9.71753e-05
9.71432e-05
9.71112e-05
9.70792e-05
9.70472e-05
9.70153e-05
9.69834e-05
9.69516e-05
9.69197e-05
9.6888e-05
9.68562e-05
9.68245e-05
9.67929e-05
9.67612e-05
9.67296e-05
9.66981e-05
9.66666e-05
9.66351e-05
9.66037e-05
9.65722e-05
9.65409e-05
9.65095e-05
9.64782e-05
9.6447e-05
9.64158e-05
9.63846e-05
9.63534e-05
9.63223e-05
9.62912e-05
9.62602e-05
9.62292e-05
9.61982e-05
9.61673e-05
9.61364e-05
9.61055e-05
9.60747e-05
9.60439e-05
9.60132e-05
9.59824e-05
9.59518e-05
9.59211e-05
9.58905e-05
9.58599e-05
9.58294e-05
9.57989e-05
9.57684e-05
9.5738e-05
9.57076e-05
9.56772e-05
9.56469e-05
9.56166e-05
9.55863e-05
9.55561e-05
9.55259e-05
9.54957e-05
9.54656e-05
9.54355e-05
9.54055e-05
9.53754e-05
9.53455e-05
9.53155e-05
9.52856e-05
9.52557e-05
9.52259e-05
9.5196e-05
9.51663e-05
9.51365e-05
9.51068e-05
9.50771e-05
9.50475e-05
9.50179e-05
9.49883e-05
9.49587e-05
9.49292e-05
9.48997e-05
9.48703e-05
9.48409e-05
9.48115e-05
9.47822e-05
9.47529e-05
9.47236e-05
9.46943e-05
9.46651e-05
9.46359e-05
9.46068e-05
9.45777e-05
9.45486e-05
9.45195e-05
9.44905e-05
9.44615e-05
9.44326e-05
9.44037e-05
9.43748e-05
9.43459e-05
9.43171e-05
9.42883e-05
9.42596e-05
9.42308e-05
9.42021e-05
9.41735e-05
9.41449e-05
9.41163e-05
9.40877e-05
9.40592e-05
9.40307e-05
9.40022e-05
9.39737e-05
9.39453e-05
9.3917e-05
9.38886e-05
9.38603e-05
9.3832e-05
9.38038e-05
9.37756e-05
9.37474e-05
9.37192e-05
9.36911e-05
9.3663e-05
9.36349e-05
9.36069e-05
9.35789e-05
9.35509e-05
9.3523e-05
9.34951e-05
9.34672e-05
9.34394e-05
9.34115e-05
9.33838e-05
9.3356e-05
9.33283e-05
9.33006e-05
9.32729e-05
9.32453e-05
9.32177e-05
9.31901e-05
9.31626e-05
9.3135e-05
9.31076e-05
9.30801e-05
9.30527e-05
9.30253e-05
9.29979e-05
9.29706e-05
9.29433e-05
9.2916e-05
9.28888e-05
9.28616e-05
9.28344e-05
9.28072e-05
9.27801e-05
9.2753e-05
9.27259e-05
9.26989e-05
9.26719e-05
9.26449e-05
9.26179e-05
9.2591e-05
9.25641e-05
9.25373e-05
9.25104e-05
9.24836e-05
9.24568e-05
9.24301e-05
9.24034e-05
9.23767e-05
9.235e-05
9.23234e-05
9.22968e-05
9.22702e-05
9.22436e-05
9.22171e-05
9.21906e-05
9.21642e-05
9.21377e-05
9.21113e-05
9.2085e-05
9.20586e-05
9.20323e-05
9.2006e-05
9.19797e-05
9.19535e-05
9.19273e-05
9.19011e-05
9.18749e-05
9.18488e-05
9.18227e-05
9.17966e-05
9.17706e-05
9.17446e-05
9.17186e-05
9.16926e-05
9.16667e-05
9.16408e-05
9.16149e-05
9.1589e-05
9.15632e-05
9.15374e-05
9.15117e-05
9.14859e-05
9.14602e-05
9.14345e-05
9.14088e-05
9.13832e-05
9.13576e-05
9.1332e-05
9.13065e-05
9.12809e-05
9.12554e-05
9.123e-05
9.12045e-05
9.11791e-05
9.11537e-05
9.11283e-05
9.1103e-05
9.10777e-05
9.10524e-05
9.10271e-05
9.10019e-05
9.09767e-05
9.09515e-05
9.09263e-05
9.09012e-05
9.08761e-05
9.0851e-05
9.0826e-05
9.08009e-05
9.07759e-05
9.0751e-05
9.0726e-05
9.07011e-05
9.06762e-05
9.06513e-05
9.06265e-05
9.06016e-05
9.05768e-05
9.05521e-05
9.05273e-05
9.05026e-05
9.04779e-05
9.04533e-05
9.04286e-05
9.0404e-05
9.03794e-05
9.03548e-05
9.03303e-05
9.03058e-05
9.02813e-05
9.02568e-05
9.02324e-05
9.0208e-05
9.01836e-05
9.01592e-05
9.01349e-05
9.01105e-05
9.00863e-05
9.0062e-05
9.00377e-05
9.00135e-05
8.99893e-05
8.99652e-05
8.9941e-05
8.99169e-05
8.98928e-05
8.98687e-05
8.98447e-05
8.98207e-05
8.97967e-05
8.97727e-05
8.97487e-05
8.97248e-05
8.97009e-05
8.9677e-05
8.96532e-05
8.96294e-05
8.96056e-05
8.95818e-05
8.9558e-05
8.95343e-05
8.95106e-05
8.94869e-05
8.94632e-05
8.94396e-05
8.9416e-05
8.93924e-05
8.93688e-05
8.93453e-05
8.93218e-05
8.92983e-05
8.92748e-05
8.92513e-05
8.92279e-05
8.92045e-05
8.91811e-05
8.91578e-05
8.91344e-05
8.91111e-05
8.90879e-05
8.90646e-05
8.90414e-05
8.90181e-05
8.89949e-05
8.89718e-05
8.89486e-05
8.89255e-05
8.89024e-05
8.88793e-05
8.88563e-05
8.88332e-05
8.88102e-05
8.87872e-05
8.87643e-05
8.87413e-05
8.87184e-05
8.86955e-05
8.86726e-05
8.86498e-05
8.8627e-05
8.86042e-05
8.85814e-05
8.85586e-05
8.85359e-05
8.85132e-05
8.84905e-05
8.84678e-05
8.84451e-05
8.84225e-05
8.83999e-05
8.83773e-05
8.83548e-05
8.83322e-05
8.83097e-05
8.82872e-05
8.82647e-05
8.82423e-05
8.82198e-05
8.81974e-05
8.8175e-05
8.81527e-05
8.81303e-05
8.8108e-05
8.80857e-05
8.80634e-05
8.80412e-05
8.8019e-05
8.79967e-05
8.79745e-05
8.79524e-05
8.79302e-05
8.79081e-05
8.7886e-05
8.78639e-05
8.78418e-05
8.78198e-05
8.77978e-05
8.77758e-05
8.77538e-05
8.77318e-05
8.77099e-05
8.7688e-05
8.76661e-05
8.76442e-05
8.76224e-05
8.76006e-05
8.75787e-05
8.7557e-05
8.75352e-05
8.75134e-05
8.74917e-05
8.747e-05
8.74483e-05
8.74267e-05
8.7405e-05
8.73834e-05
8.73618e-05
8.73402e-05
8.73186e-05
8.72971e-05
8.72756e-05
8.72541e-05
8.72326e-05
8.72111e-05
8.71897e-05
8.71683e-05
8.71469e-05
8.71255e-05
8.71042e-05
8.70828e-05
8.70615e-05
8.70402e-05
8.70189e-05
8.69977e-05
8.69764e-05
8.69552e-05
8.6934e-05
8.69129e-05
8.68917e-05
8.68706e-05
8.68494e-05
8.68283e-05
8.68073e-05
8.67862e-05
8.67652e-05
8.67442e-05
8.67232e-05
8.67022e-05
8.66812e-05
8.66603e-05
8.66394e-05
8.66185e-05
8.65976e-05
8.65767e-05
8.65559e-05
8.65351e-05
8.65143e-05
8.64935e-05
8.64727e-05
8.6452e-05
8.64313e-05
8.64106e-05
8.63899e-05
8.63692e-05
8.63486e-05
8.63279e-05
8.63073e-05
8.62867e-05
8.62662e-05
8.62456e-05
8.62251e-05
8.62046e-05
8.61841e-05
8.61636e-05
8.61431e-05
8.61227e-05
8.61023e-05
8.60819e-05
8.60615e-05
8.60411e-05
8.60208e-05
8.60005e-05
8.59802e-05
8.59599e-05
8.59396e-05
8.59194e-05
8.58991e-05
8.58789e-05
8.58587e-05
8.58385e-05
8.58184e-05
8.57982e-05
8.57781e-05
8.5758e-05
8.57379e-05
8.57179e-05
8.56978e-05
8.56778e-05
8.56578e-05
8.56378e-05
8.56178e-05
8.55979e-05
8.55779e-05
8.5558e-05
8.55381e-05
8.55182e-05
8.54984e-05
8.54785e-05
8.54587e-05
8.54389e-05
8.54191e-05
8.53993e-05
8.53796e-05
8.53598e-05
8.53401e-05
8.53204e-05
8.53007e-05
8.5281e-05
8.52614e-05
8.52418e-05
8.52222e-05
8.52026e-05
8.5183e-05
8.51634e-05
8.51439e-05
8.51243e-05
8.51048e-05
8.50854e-05
8.50659e-05
8.50464e-05
8.5027e-05
8.50076e-05
8.49882e-05
8.49688e-05
8.49494e-05
8.49301e-05
8.49107e-05
8.48914e-05
8.48721e-05
8.48528e-05
8.48336e-05
8.48143e-05
8.47951e-05
8.47759e-05
8.47567e-05
8.47375e-05
8.47183e-05
8.46992e-05
8.46801e-05
8.4661e-05
8.46419e-05
8.46228e-05
8.46037e-05
8.45847e-05
8.45657e-05
8.45467e-05
8.45277e-05
8.45087e-05
8.44897e-05
8.44708e-05
8.44519e-05
8.4433e-05
8.44141e-05
8.43952e-05
8.43763e-05
8.43575e-05
8.43387e-05
8.43199e-05
8.43011e-05
8.42823e-05
8.42635e-05
8.42448e-05
8.42261e-05
8.42074e-05
8.41887e-05
8.417e-05
8.41513e-05
8.41327e-05
8.41141e-05
8.40955e-05
8.40769e-05
8.40583e-05
8.40397e-05
8.40212e-05
8.40027e-05
8.39841e-05
8.39656e-05
8.39472e-05
8.39287e-05
8.39103e-05
8.38918e-05
8.38734e-05
8.3855e-05
8.38366e-05
8.38183e-05
8.37999e-05
8.37816e-05
8.37633e-05
8.37449e-05
8.37267e-05
8.37084e-05
8.36901e-05
8.36719e-05
8.36537e-05
8.36355e-05
8.36173e-05
8.35991e-05
8.35809e-05
8.35628e-05
8.35447e-05
8.35265e-05
8.35084e-05
8.34904e-05
8.34723e-05
8.34542e-05
8.34362e-05
8.34182e-05
8.34002e-05
8.33822e-05
8.33642e-05
8.33463e-05
8.33283e-05
8.33104e-05
8.32925e-05
8.32746e-05
8.32567e-05
8.32388e-05
8.3221e-05
8.32031e-05
8.31853e-05
8.31675e-05
8.31497e-05
8.3132e-05
8.31142e-05
8.30965e-05
8.30787e-05
8.3061e-05
8.30433e-05
8.30256e-05
8.3008e-05
8.29903e-05
8.29727e-05
8.2955e-05
8.29374e-05
8.29198e-05
8.29023e-05
8.28847e-05
8.28671e-05
8.28496e-05
8.28321e-05
8.28146e-05
8.27971e-05
8.27796e-05
8.27622e-05
8.27447e-05
8.27273e-05
8.27099e-05
8.26925e-05
8.26751e-05
8.26577e-05
8.26404e-05
8.2623e-05
8.26057e-05
8.25884e-05
8.25711e-05
8.25538e-05
8.25365e-05
8.25193e-05
8.2502e-05
8.24848e-05
8.24676e-05
8.24504e-05
8.24332e-05
8.24161e-05
8.23989e-05
8.23818e-05
8.23646e-05
8.23475e-05
8.23304e-05
8.23134e-05
8.22963e-05
8.22792e-05
8.22622e-05
8.22452e-05
8.22282e-05
8.22112e-05
8.21942e-05
8.21772e-05
8.21603e-05
8.21433e-05
8.21264e-05
8.21095e-05
8.20926e-05
8.20757e-05
8.20588e-05
8.2042e-05
8.20251e-05
8.20083e-05
8.19915e-05
8.19747e-05
8.19579e-05
8.19412e-05
8.19244e-05
8.19077e-05
8.18909e-05
8.18742e-05
8.18575e-05
8.18408e-05
8.18241e-05
8.18075e-05
8.17908e-05
8.17742e-05
8.17576e-05
8.1741e-05
8.17244e-05
8.17078e-05
8.16912e-05
8.16747e-05
8.16582e-05
8.16416e-05
8.16251e-05
8.16086e-05
8.15921e-05
8.15757e-05
8.15592e-05
8.15428e-05
8.15264e-05
8.15099e-05
8.14935e-05
8.14771e-05
8.14608e-05
8.14444e-05
8.14281e-05
8.14117e-05
8.13954e-05
8.13791e-05
8.13628e-05
8.13465e-05
8.13303e-05
8.1314e-05
8.12978e-05
8.12815e-05
8.12653e-05
8.12491e-05
8.12329e-05
8.12167e-05
8.12006e-05
8.11844e-05
8.11683e-05
8.11522e-05
8.11361e-05
8.112e-05
8.11039e-05
8.10878e-05
8.10718e-05
8.10557e-05
8.10397e-05
8.10237e-05
8.10077e-05
8.09917e-05
8.09757e-05
8.09597e-05
8.09438e-05
8.09278e-05
8.09119e-05
8.0896e-05
8.08801e-05
8.08642e-05
8.08483e-05
8.08324e-05
8.08166e-05
8.08007e-05
8.07849e-05
8.07691e-05
8.07533e-05
8.07375e-05
8.07217e-05
8.0706e-05
8.06902e-05
8.06745e-05
8.06588e-05
8.0643e-05
8.06273e-05
8.06117e-05
8.0596e-05
8.05803e-05
8.05647e-05
8.0549e-05
8.05334e-05
8.05178e-05
8.05022e-05
8.04866e-05
8.0471e-05
8.04555e-05
8.04399e-05
8.04244e-05
8.04089e-05
8.03933e-05
8.03778e-05
8.03624e-05
8.03469e-05
8.03314e-05
8.0316e-05
8.03005e-05
8.02851e-05
8.02697e-05
8.02543e-05
8.02389e-05
8.02235e-05
8.02081e-05
8.01928e-05
8.01775e-05
8.01621e-05
8.01468e-05
8.01315e-05
8.01162e-05
8.01009e-05
8.00857e-05
8.00704e-05
8.00552e-05
8.00399e-05
8.00247e-05
8.00095e-05
7.99943e-05
7.99791e-05
7.99639e-05
7.99488e-05
7.99336e-05
7.99185e-05
7.99034e-05
7.98882e-05
7.98731e-05
7.98581e-05
7.9843e-05
7.98279e-05
7.98129e-05
7.97978e-05
7.97828e-05
7.97678e-05
7.97528e-05
7.97378e-05
7.97228e-05
7.97078e-05
7.96928e-05
7.96779e-05
7.9663e-05
7.9648e-05
7.96331e-05
7.96182e-05
7.96033e-05
7.95884e-05
7.95736e-05
7.95587e-05
7.95439e-05
7.9529e-05
7.95142e-05
7.94994e-05
7.94846e-05
7.94698e-05
7.9455e-05
7.94403e-05
7.94255e-05
7.94108e-05
7.93961e-05
7.93813e-05
7.93666e-05
7.93519e-05
7.93373e-05
7.93226e-05
7.93079e-05
7.92933e-05
7.92786e-05
7.9264e-05
7.92494e-05
7.92348e-05
7.92202e-05
7.92056e-05
7.9191e-05
7.91765e-05
7.91619e-05
7.91474e-05
7.91329e-05
7.91183e-05
7.91038e-05
7.90893e-05
7.90749e-05
7.90604e-05
7.90459e-05
7.90315e-05
7.9017e-05
7.90026e-05
7.89882e-05
7.89738e-05
7.89594e-05
7.8945e-05
7.89307e-05
7.89163e-05
7.89019e-05
7.88876e-05
7.88733e-05
7.8859e-05
7.88447e-05
7.88304e-05
7.88161e-05
7.88018e-05
7.87875e-05
7.87733e-05
7.87591e-05
7.87448e-05
7.87306e-05
7.87164e-05
7.87022e-05
7.8688e-05
7.86738e-05
7.86597e-05
7.86455e-05
7.86314e-05
7.86172e-05
7.86031e-05
7.8589e-05
7.85749e-05
7.85608e-05
7.85467e-05
7.85327e-05
7.85186e-05
7.85046e-05
7.84905e-05
7.84765e-05
7.84625e-05
7.84485e-05
7.84345e-05
7.84205e-05
7.84065e-05
7.83926e-05
7.83786e-05
7.83647e-05
7.83507e-05
7.83368e-05
7.83229e-05
7.8309e-05
7.82951e-05
7.82813e-05
7.82674e-05
7.82535e-05
7.82397e-05
7.82258e-05
7.8212e-05
7.81982e-05
7.81844e-05
7.81706e-05
7.81568e-05
7.8143e-05
7.81293e-05
7.81155e-05
7.81018e-05
7.8088e-05
7.80743e-05
7.80606e-05
7.80469e-05
7.80332e-05
7.80195e-05
7.80059e-05
7.79922e-05
7.79785e-05
7.79649e-05
7.79513e-05
7.79376e-05
7.7924e-05
7.79104e-05
7.78968e-05
7.78833e-05
7.78697e-05
7.78561e-05
7.78426e-05
7.7829e-05
7.78155e-05
7.7802e-05
7.77885e-05
7.7775e-05
7.77615e-05
7.7748e-05
7.77345e-05
7.77211e-05
7.77076e-05
7.76942e-05
7.76808e-05
7.76673e-05
7.76539e-05
7.76405e-05
7.76271e-05
7.76137e-05
7.76004e-05
7.7587e-05
7.75737e-05
7.75603e-05
7.7547e-05
7.75337e-05
7.75204e-05
7.75071e-05
7.74938e-05
7.74805e-05
7.74672e-05
7.74539e-05
7.74407e-05
7.74274e-05
7.74142e-05
7.7401e-05
7.73878e-05
7.73746e-05
7.73614e-05
7.73482e-05
7.7335e-05
7.73218e-05
7.73087e-05
7.72955e-05
7.72824e-05
7.72693e-05
7.72562e-05
7.72431e-05
7.723e-05
7.72169e-05
7.72038e-05
7.71907e-05
7.71777e-05
7.71646e-05
7.71516e-05
7.71385e-05
7.71255e-05
7.71125e-05
7.70995e-05
7.70865e-05
7.70735e-05
7.70605e-05
7.70476e-05
7.70346e-05
7.70217e-05
7.70087e-05
7.69958e-05
7.69829e-05
7.697e-05
7.69571e-05
7.69442e-05
7.69313e-05
7.69184e-05
7.69056e-05
7.68927e-05
7.68799e-05
7.6867e-05
7.68542e-05
7.68414e-05
7.68286e-05
7.68158e-05
7.6803e-05
7.67902e-05
7.67774e-05
7.67647e-05
7.67519e-05
7.67392e-05
7.67265e-05
7.67137e-05
7.6701e-05
7.66883e-05
7.66756e-05
7.66629e-05
7.66503e-05
7.66376e-05
7.66249e-05
7.66123e-05
7.65996e-05
7.6587e-05
7.65744e-05
7.65618e-05
7.65492e-05
7.65366e-05
7.6524e-05
7.65114e-05
7.64988e-05
7.64863e-05
7.64737e-05
7.64612e-05
7.64486e-05
7.64361e-05
7.64236e-05
7.64111e-05
7.63986e-05
7.63861e-05
7.63736e-05
7.63612e-05
7.63487e-05
7.63362e-05
7.63238e-05
7.63114e-05
7.62989e-05
7.62865e-05
7.62741e-05
7.62617e-05
7.62493e-05
7.62369e-05
7.62246e-05
7.62122e-05
7.61998e-05
7.61875e-05
7.61752e-05
7.61628e-05
7.61505e-05
7.61382e-05
7.61259e-05
7.61136e-05
7.61013e-05
7.6089e-05
7.60768e-05
7.60645e-05
7.60522e-05
7.604e-05
7.60278e-05
7.60155e-05
7.60033e-05
7.59911e-05
7.59789e-05
7.59667e-05
7.59546e-05
7.59424e-05
7.59302e-05
7.59181e-05
7.59059e-05
7.58938e-05
7.58816e-05
7.58695e-05
7.58574e-05
7.58453e-05
7.58332e-05
7.58211e-05
7.5809e-05
7.5797e-05
7.57849e-05
7.57729e-05
7.57608e-05
7.57488e-05
7.57367e-05
7.57247e-05
7.57127e-05
7.57007e-05
7.56887e-05
7.56767e-05
7.56647e-05
7.56528e-05
7.56408e-05
7.56289e-05
7.56169e-05
7.5605e-05
7.55931e-05
7.55811e-05
7.55692e-05
7.55573e-05
7.55454e-05
7.55335e-05
7.55217e-05
7.55098e-05
7.54979e-05
7.54861e-05
7.54742e-05
7.54624e-05
7.54506e-05
7.54388e-05
7.54269e-05
7.54151e-05
7.54033e-05
7.53916e-05
7.53798e-05
7.5368e-05
7.53562e-05
7.53445e-05
7.53327e-05
7.5321e-05
7.53093e-05
7.52976e-05
7.52858e-05
7.52741e-05
7.52624e-05
7.52507e-05
7.52391e-05
7.52274e-05
7.52157e-05
7.52041e-05
7.51924e-05
7.51808e-05
7.51692e-05
7.51575e-05
7.51459e-05
7.51343e-05
7.51227e-05
7.51111e-05
7.50995e-05
7.50879e-05
7.50764e-05
7.50648e-05
7.50533e-05
7.50417e-05
7.50302e-05
7.50187e-05
7.50071e-05
7.49956e-05
7.49841e-05
7.49726e-05
7.49611e-05
7.49497e-05
7.49382e-05
7.49267e-05
7.49153e-05
7.49038e-05
7.48924e-05
7.48809e-05
7.48695e-05
7.48581e-05
7.48467e-05
7.48353e-05
7.48239e-05
7.48125e-05
7.48011e-05
7.47897e-05
7.47784e-05
7.4767e-05
7.47557e-05
7.47443e-05
7.4733e-05
7.47217e-05
7.47104e-05
7.4699e-05
7.46877e-05
7.46765e-05
7.46652e-05
7.46539e-05
7.46426e-05
7.46314e-05
7.46201e-05
7.46089e-05
7.45976e-05
7.45864e-05
7.45752e-05
7.45639e-05
7.45527e-05
7.45415e-05
7.45303e-05
7.45191e-05
7.4508e-05
7.44968e-05
7.44856e-05
7.44745e-05
7.44633e-05
7.44522e-05
7.44411e-05
7.44299e-05
7.44188e-05
7.44077e-05
7.43966e-05
7.43855e-05
7.43744e-05
7.43633e-05
7.43523e-05
7.43412e-05
7.43301e-05
7.43191e-05
7.4308e-05
7.4297e-05
7.4286e-05
7.4275e-05
7.42639e-05
7.42529e-05
7.42419e-05
7.42309e-05
7.422e-05
7.4209e-05
7.4198e-05
7.41871e-05
7.41761e-05
7.41651e-05
7.41542e-05
7.41433e-05
7.41324e-05
7.41214e-05
7.41105e-05
7.40996e-05
7.40887e-05
7.40778e-05
7.4067e-05
7.40561e-05
7.40452e-05
7.40344e-05
7.40235e-05
7.40127e-05
7.40018e-05
7.3991e-05
7.39802e-05
7.39694e-05
7.39586e-05
7.39477e-05
7.3937e-05
7.39262e-05
7.39154e-05
7.39046e-05
7.38939e-05
7.38831e-05
7.38723e-05
7.38616e-05
7.38509e-05
7.38401e-05
7.38294e-05
7.38187e-05
7.3808e-05
7.37973e-05
7.37866e-05
7.37759e-05
7.37652e-05
7.37546e-05
7.37439e-05
7.37332e-05
7.37226e-05
7.37119e-05
7.37013e-05
7.36907e-05
7.36801e-05
7.36694e-05
7.36588e-05
7.36482e-05
7.36376e-05
7.36271e-05
7.36165e-05
7.36059e-05
7.35953e-05
7.35848e-05
7.35742e-05
7.35637e-05
7.35531e-05
7.35426e-05
7.35321e-05
7.35216e-05
7.35111e-05
7.35006e-05
7.34901e-05
7.34796e-05
7.34691e-05
7.34586e-05
7.34481e-05
7.34377e-05
7.34272e-05
7.34168e-05
7.34063e-05
7.33959e-05
7.33855e-05
7.33751e-05
7.33647e-05
7.33542e-05
7.33438e-05
7.33335e-05
7.33231e-05
7.33127e-05
7.33023e-05
7.32919e-05
7.32816e-05
7.32712e-05
7.32609e-05
7.32506e-05
7.32402e-05
7.32299e-05
7.32196e-05
7.32093e-05
7.3199e-05
7.31887e-05
7.31784e-05
7.31681e-05
7.31578e-05
7.31475e-05
7.31373e-05
7.3127e-05
7.31168e-05
7.31065e-05
7.30963e-05
7.30861e-05
7.30758e-05
7.30656e-05
7.30554e-05
7.30452e-05
7.3035e-05
7.30248e-05
7.30146e-05
7.30045e-05
7.29943e-05
7.29841e-05
7.2974e-05
7.29638e-05
7.29537e-05
7.29435e-05
7.29334e-05
7.29233e-05
7.29132e-05
7.29031e-05
7.2893e-05
7.28829e-05
7.28728e-05
7.28627e-05
7.28526e-05
7.28425e-05
7.28325e-05
7.28224e-05
7.28124e-05
7.28023e-05
7.27923e-05
7.27822e-05
7.27722e-05
7.27622e-05
7.27522e-05
7.27422e-05
7.27322e-05
7.27222e-05
7.27122e-05
7.27022e-05
7.26923e-05
7.26823e-05
7.26723e-05
7.26624e-05
7.26524e-05
7.26425e-05
7.26325e-05
7.26226e-05
7.26127e-05
7.26028e-05
7.25929e-05
7.2583e-05
7.25731e-05
7.25632e-05
7.25533e-05
7.25434e-05
7.25336e-05
7.25237e-05
7.25138e-05
7.2504e-05
7.24941e-05
7.24843e-05
7.24745e-05
7.24646e-05
7.24548e-05
7.2445e-05
7.24352e-05
7.24254e-05
7.24156e-05
7.24058e-05
7.2396e-05
7.23862e-05
7.23765e-05
7.23667e-05
7.2357e-05
7.23472e-05
7.23375e-05
7.23277e-05
7.2318e-05
7.23083e-05
7.22985e-05
7.22888e-05
7.22791e-05
7.22694e-05
7.22597e-05
7.225e-05
7.22404e-05
7.22307e-05
7.2221e-05
7.22113e-05
7.22017e-05
7.2192e-05
7.21824e-05
7.21728e-05
7.21631e-05
7.21535e-05
7.21439e-05
7.21343e-05
7.21246e-05
7.2115e-05
7.21055e-05
7.20959e-05
7.20863e-05
7.20767e-05
7.20671e-05
7.20576e-05
7.2048e-05
7.20384e-05
7.20289e-05
7.20194e-05
7.20098e-05
7.20003e-05
7.19908e-05
7.19813e-05
7.19717e-05
7.19622e-05
7.19527e-05
7.19432e-05
7.19338e-05
7.19243e-05
7.19148e-05
7.19053e-05
7.18959e-05
7.18864e-05
7.1877e-05
7.18675e-05
7.18581e-05
7.18486e-05
7.18392e-05
7.18298e-05
7.18204e-05
7.1811e-05
7.18016e-05
7.17922e-05
7.17828e-05
7.17734e-05
7.1764e-05
7.17546e-05
7.17453e-05
7.17359e-05
7.17266e-05
7.17172e-05
7.17079e-05
7.16985e-05
7.16892e-05
7.16799e-05
7.16705e-05
7.16612e-05
7.16519e-05
7.16426e-05
7.16333e-05
7.1624e-05
7.16147e-05
7.16055e-05
7.15962e-05
7.15869e-05
7.15777e-05
7.15684e-05
7.15592e-05
7.15499e-05
7.15407e-05
7.15314e-05
7.15222e-05
7.1513e-05
7.15038e-05
7.14946e-05
7.14854e-05
7.14762e-05
7.1467e-05
7.14578e-05
7.14486e-05
7.14394e-05
7.14303e-05
7.14211e-05
7.14119e-05
7.14028e-05
7.13936e-05
7.13845e-05
7.13754e-05
7.13662e-05
7.13571e-05
7.1348e-05
7.13389e-05
7.13298e-05
7.13207e-05
7.13116e-05
7.13025e-05
7.12934e-05
7.12843e-05
7.12753e-05
7.12662e-05
7.12571e-05
7.12481e-05
7.1239e-05
7.123e-05
7.12209e-05
7.12119e-05
7.12029e-05
7.11939e-05
7.11848e-05
7.11758e-05
7.11668e-05
7.11578e-05
7.11488e-05
7.11398e-05
7.11309e-05
7.11219e-05
7.11129e-05
7.11039e-05
7.1095e-05
7.1086e-05
7.10771e-05
7.10681e-05
7.10592e-05
7.10503e-05
7.10413e-05
7.10324e-05
7.10235e-05
7.10146e-05
7.10057e-05
7.09968e-05
7.09879e-05
7.0979e-05
7.09701e-05
7.09612e-05
7.09524e-05
7.09435e-05
7.09346e-05
7.09258e-05
7.09169e-05
7.09081e-05
7.08993e-05
7.08904e-05
7.08816e-05
7.08728e-05
7.0864e-05
7.08551e-05
7.08463e-05
7.08375e-05
7.08287e-05
7.082e-05
7.08112e-05
7.08024e-05
7.07936e-05
7.07848e-05
7.07761e-05
7.07673e-05
7.07586e-05
7.07498e-05
7.07411e-05
7.07323e-05
7.07236e-05
7.07149e-05
7.07062e-05
7.06975e-05
7.06887e-05
7.068e-05
7.06713e-05
7.06627e-05
7.0654e-05
7.06453e-05
7.06366e-05
7.06279e-05
7.06193e-05
7.06106e-05
7.06019e-05
7.05933e-05
7.05847e-05
7.0576e-05
7.05674e-05
7.05587e-05
7.05501e-05
7.05415e-05
7.05329e-05
7.05243e-05
7.05157e-05
7.05071e-05
7.04985e-05
7.04899e-05
7.04813e-05
7.04727e-05
7.04642e-05
7.04556e-05
7.0447e-05
7.04385e-05
7.04299e-05
7.04214e-05
7.04128e-05
7.04043e-05
7.03958e-05
7.03873e-05
7.03787e-05
7.03702e-05
7.03617e-05
7.03532e-05
7.03447e-05
7.03362e-05
7.03277e-05
7.03192e-05
7.03108e-05
7.03023e-05
7.02938e-05
7.02854e-05
7.02769e-05
7.02684e-05
7.026e-05
7.02516e-05
7.02431e-05
7.02347e-05
7.02263e-05
7.02178e-05
7.02094e-05
7.0201e-05
7.01926e-05
7.01842e-05
7.01758e-05
7.01674e-05
7.0159e-05
7.01506e-05
7.01423e-05
7.01339e-05
7.01255e-05
7.01172e-05
7.01088e-05
7.01005e-05
7.00921e-05
7.00838e-05
7.00754e-05
7.00671e-05
7.00588e-05
7.00505e-05
7.00421e-05
7.00338e-05
7.00255e-05
7.00172e-05
7.00089e-05
7.00006e-05
6.99924e-05
6.99841e-05
6.99758e-05
6.99675e-05
6.99593e-05
6.9951e-05
6.99428e-05
6.99345e-05
6.99263e-05
6.9918e-05
6.99098e-05
6.99015e-05
6.98933e-05
6.98851e-05
6.98769e-05
6.98687e-05
6.98605e-05
6.98523e-05
6.98441e-05
6.98359e-05
6.98277e-05
6.98195e-05
6.98113e-05
6.98032e-05
6.9795e-05
6.97868e-05
6.97787e-05
6.97705e-05
6.97624e-05
6.97542e-05
6.97461e-05
6.9738e-05
6.97298e-05
6.97217e-05
6.97136e-05
6.97055e-05
6.96974e-05
6.96893e-05
6.96812e-05
6.96731e-05
6.9665e-05
6.96569e-05
6.96488e-05
6.96407e-05
6.96327e-05
6.96246e-05
6.96165e-05
6.96085e-05
6.96004e-05
6.95924e-05
6.95844e-05
6.95763e-05
6.95683e-05
6.95603e-05
6.95522e-05
6.95442e-05
6.95362e-05
6.95282e-05
6.95202e-05
6.95122e-05
6.95042e-05
6.94962e-05
6.94882e-05
6.94803e-05
6.94723e-05
6.94643e-05
6.94563e-05
6.94484e-05
6.94404e-05
6.94325e-05
6.94245e-05
6.94166e-05
6.94087e-05
6.94007e-05
6.93928e-05
6.93849e-05
6.9377e-05
6.9369e-05
6.93611e-05
6.93532e-05
6.93453e-05
6.93374e-05
6.93295e-05
6.93217e-05
6.93138e-05
6.93059e-05
6.9298e-05
6.92902e-05
6.92823e-05
6.92744e-05
6.92666e-05
6.92587e-05
6.92509e-05
6.92431e-05
6.92352e-05
6.92274e-05
6.92196e-05
6.92118e-05
6.92039e-05
6.91961e-05
6.91883e-05
6.91805e-05
6.91727e-05
6.91649e-05
6.91571e-05
6.91494e-05
6.91416e-05
6.91338e-05
6.9126e-05
6.91183e-05
6.91105e-05
6.91028e-05
6.9095e-05
6.90873e-05
6.90795e-05
6.90718e-05
6.9064e-05
6.90563e-05
6.90486e-05
6.90409e-05
6.90332e-05
6.90254e-05
6.90177e-05
6.901e-05
6.90023e-05
6.89947e-05
6.8987e-05
6.89793e-05
6.89716e-05
6.89639e-05
6.89563e-05
6.89486e-05
6.89409e-05
6.89333e-05
6.89256e-05
6.8918e-05
6.89103e-05
6.89027e-05
6.88951e-05
6.88874e-05
6.88798e-05
6.88722e-05
6.88646e-05
6.8857e-05
6.88493e-05
6.88417e-05
6.88341e-05
6.88266e-05
6.8819e-05
6.88114e-05
6.88038e-05
6.87962e-05
6.87886e-05
6.87811e-05
6.87735e-05
6.8766e-05
6.87584e-05
6.87509e-05
6.87433e-05
6.87358e-05
6.87282e-05
6.87207e-05
6.87132e-05
6.87056e-05
6.86981e-05
6.86906e-05
6.86831e-05
6.86756e-05
6.86681e-05
6.86606e-05
6.86531e-05
6.86456e-05
6.86381e-05
6.86307e-05
6.86232e-05
6.86157e-05
6.86082e-05
6.86008e-05
6.85933e-05
6.85859e-05
6.85784e-05
6.8571e-05
6.85635e-05
6.85561e-05
6.85487e-05
6.85412e-05
6.85338e-05
6.85264e-05
6.8519e-05
6.85116e-05
6.85042e-05
6.84967e-05
6.84894e-05
6.8482e-05
6.84746e-05
6.84672e-05
6.84598e-05
6.84524e-05
6.84451e-05
6.84377e-05
6.84303e-05
6.8423e-05
6.84156e-05
6.84083e-05
6.84009e-05
6.83936e-05
6.83862e-05
6.83789e-05
6.83716e-05
6.83642e-05
6.83569e-05
6.83496e-05
6.83423e-05
6.8335e-05
6.83277e-05
6.83204e-05
6.83131e-05
6.83058e-05
6.82985e-05
6.82912e-05
6.82839e-05
6.82767e-05
6.82694e-05
6.82621e-05
6.82548e-05
6.82476e-05
6.82403e-05
6.82331e-05
6.82258e-05
6.82186e-05
6.82114e-05
6.82041e-05
6.81969e-05
6.81897e-05
6.81824e-05
6.81752e-05
6.8168e-05
6.81608e-05
6.81536e-05
6.81464e-05
6.81392e-05
6.8132e-05
6.81248e-05
6.81176e-05
6.81105e-05
6.81033e-05
6.80961e-05
6.80889e-05
6.80818e-05
6.80746e-05
6.80675e-05
6.80603e-05
6.80532e-05
6.8046e-05
6.80389e-05
6.80317e-05
6.80246e-05
6.80175e-05
6.80104e-05
6.80032e-05
6.79961e-05
6.7989e-05
6.79819e-05
6.79748e-05
6.79677e-05
6.79606e-05
6.79535e-05
6.79464e-05
6.79394e-05
6.79323e-05
6.79252e-05
6.79181e-05
6.79111e-05
6.7904e-05
6.78969e-05
6.78899e-05
6.78828e-05
6.78758e-05
6.78688e-05
6.78617e-05
6.78547e-05
6.78476e-05
6.78406e-05
6.78336e-05
6.78266e-05
6.78196e-05
6.78126e-05
6.78056e-05
6.77985e-05
6.77915e-05
6.77846e-05
6.77776e-05
6.77706e-05
6.77636e-05
6.77566e-05
6.77496e-05
6.77427e-05
6.77357e-05
6.77287e-05
6.77218e-05
6.77148e-05
6.77079e-05
6.77009e-05
6.7694e-05
6.7687e-05
6.76801e-05
6.76732e-05
6.76662e-05
6.76593e-05
6.76524e-05
6.76455e-05
6.76386e-05
6.76317e-05
6.76248e-05
6.76179e-05
6.7611e-05
6.76041e-05
6.75972e-05
6.75903e-05
6.75834e-05
6.75765e-05
6.75697e-05
6.75628e-05
6.75559e-05
6.75491e-05
6.75422e-05
6.75354e-05
6.75285e-05
6.75217e-05
6.75148e-05
6.7508e-05
6.75012e-05
6.74943e-05
6.74875e-05
6.74807e-05
6.74739e-05
6.7467e-05
6.74602e-05
6.74534e-05
6.74466e-05
6.74398e-05
6.7433e-05
6.74262e-05
6.74194e-05
6.74126e-05
6.74059e-05
6.73991e-05
6.73923e-05
6.73855e-05
6.73788e-05
6.7372e-05
6.73653e-05
6.73585e-05
6.73518e-05
6.7345e-05
6.73383e-05
6.73315e-05
6.73248e-05
6.73181e-05
6.73113e-05
6.73046e-05
6.72979e-05
6.72912e-05
6.72845e-05
6.72777e-05
6.7271e-05
6.72643e-05
6.72576e-05
6.72509e-05
6.72443e-05
6.72376e-05
6.72309e-05
6.72242e-05
6.72175e-05
6.72109e-05
6.72042e-05
6.71975e-05
6.71909e-05
6.71842e-05
6.71775e-05
6.71709e-05
6.71643e-05
6.71576e-05
6.7151e-05
6.71443e-05
6.71377e-05
6.71311e-05
6.71245e-05
6.71178e-05
6.71112e-05
6.71046e-05
6.7098e-05
6.70914e-05
6.70848e-05
6.70782e-05
6.70716e-05
6.7065e-05
6.70584e-05
6.70518e-05
6.70453e-05
6.70387e-05
6.70321e-05
6.70255e-05
6.7019e-05
6.70124e-05
6.70058e-05
6.69993e-05
6.69927e-05
6.69862e-05
6.69796e-05
6.69731e-05
6.69666e-05
6.696e-05
6.69535e-05
6.6947e-05
6.69405e-05
6.69339e-05
6.69274e-05
6.69209e-05
6.69144e-05
6.69079e-05
6.69014e-05
6.68949e-05
6.68884e-05
6.68819e-05
6.68754e-05
6.6869e-05
6.68625e-05
6.6856e-05
6.68495e-05
6.68431e-05
6.68366e-05
6.68301e-05
6.68237e-05
6.68172e-05
6.68108e-05
6.68043e-05
6.67979e-05
6.67914e-05
6.6785e-05
6.67786e-05
6.67721e-05
6.67657e-05
6.67593e-05
6.67529e-05
6.67465e-05
6.67401e-05
6.67336e-05
6.67272e-05
6.67208e-05
6.67144e-05
6.6708e-05
6.67017e-05
6.66953e-05
6.66889e-05
6.66825e-05
6.66761e-05
6.66698e-05
6.66634e-05
6.6657e-05
6.66507e-05
6.66443e-05
6.66379e-05
6.66316e-05
6.66252e-05
6.66189e-05
6.66126e-05
6.66062e-05
6.65999e-05
6.65936e-05
6.65872e-05
6.65809e-05
6.65746e-05
6.65683e-05
6.6562e-05
6.65556e-05
6.65493e-05
6.6543e-05
6.65367e-05
6.65304e-05
6.65241e-05
6.65179e-05
6.65116e-05
6.65053e-05
6.6499e-05
6.64927e-05
6.64865e-05
6.64802e-05
6.64739e-05
6.64677e-05
6.64614e-05
6.64551e-05
6.64489e-05
6.64426e-05
6.64364e-05
6.64302e-05
6.64239e-05
6.64177e-05
6.64114e-05
6.64052e-05
6.6399e-05
6.63928e-05
6.63866e-05
6.63803e-05
6.63741e-05
6.63679e-05
6.63617e-05
6.63555e-05
6.63493e-05
6.63431e-05
6.63369e-05
6.63307e-05
6.63246e-05
6.63184e-05
6.63122e-05
6.6306e-05
6.62999e-05
6.62937e-05
6.62875e-05
6.62814e-05
6.62752e-05
6.6269e-05
6.62629e-05
6.62567e-05
6.62506e-05
6.62445e-05
6.62383e-05
6.62322e-05
6.62261e-05
6.62199e-05
6.62138e-05
6.62077e-05
6.62016e-05
6.61955e-05
6.61893e-05
6.61832e-05
6.61771e-05
6.6171e-05
6.61649e-05
6.61588e-05
6.61527e-05
6.61467e-05
6.61406e-05
6.61345e-05
6.61284e-05
6.61223e-05
6.61163e-05
6.61102e-05
6.61041e-05
6.60981e-05
6.6092e-05
6.6086e-05
6.60799e-05
6.60738e-05
6.60678e-05
6.60618e-05
6.60557e-05
6.60497e-05
6.60437e-05
6.60376e-05
6.60316e-05
6.60256e-05
6.60196e-05
6.60135e-05
6.60075e-05
6.60015e-05
6.59955e-05
6.59895e-05
6.59835e-05
6.59775e-05
6.59715e-05
6.59655e-05
6.59595e-05
6.59535e-05
6.59476e-05
6.59416e-05
6.59356e-05
6.59296e-05
6.59237e-05
6.59177e-05
6.59117e-05
6.59058e-05
6.58998e-05
6.58939e-05
6.58879e-05
6.5882e-05
6.5876e-05
6.58701e-05
6.58642e-05
6.58582e-05
6.58523e-05
6.58464e-05
6.58405e-05
6.58345e-05
6.58286e-05
6.58227e-05
6.58168e-05
6.58109e-05
6.5805e-05
6.57991e-05
6.57932e-05
6.57873e-05
6.57814e-05
6.57755e-05
6.57696e-05
6.57637e-05
6.57579e-05
6.5752e-05
6.57461e-05
6.57402e-05
6.57344e-05
6.57285e-05
6.57226e-05
6.57168e-05
6.57109e-05
6.57051e-05
6.56992e-05
6.56934e-05
6.56875e-05
6.56817e-05
6.56759e-05
6.567e-05
6.56642e-05
6.56584e-05
6.56526e-05
6.56467e-05
6.56409e-05
6.56351e-05
6.56293e-05
6.56235e-05
6.56177e-05
6.56119e-05
6.56061e-05
6.56003e-05
6.55945e-05
6.55887e-05
6.55829e-05
6.55771e-05
6.55713e-05
6.55656e-05
6.55598e-05
6.5554e-05
6.55483e-05
6.55425e-05
6.55367e-05
6.5531e-05
6.55252e-05
6.55195e-05
6.55137e-05
6.5508e-05
6.55022e-05
6.54965e-05
6.54907e-05
6.5485e-05
6.54793e-05
6.54735e-05
6.54678e-05
6.54621e-05
6.54564e-05
6.54507e-05
6.54449e-05
6.54392e-05
6.54335e-05
6.54278e-05
6.54221e-05
6.54164e-05
6.54107e-05
6.5405e-05
6.53993e-05
6.53937e-05
6.5388e-05
6.53823e-05
6.53766e-05
6.53709e-05
6.53653e-05
6.53596e-05
6.53539e-05
6.53483e-05
6.53426e-05
6.5337e-05
6.53313e-05
6.53257e-05
6.532e-05
6.53144e-05
6.53087e-05
6.53031e-05
6.52974e-05
6.52918e-05
6.52862e-05
6.52806e-05
6.52749e-05
6.52693e-05
6.52637e-05
6.52581e-05
6.52525e-05
6.52469e-05
6.52412e-05
6.52356e-05
6.523e-05
6.52244e-05
6.52189e-05
6.52133e-05
6.52077e-05
6.52021e-05
6.51965e-05
6.51909e-05
6.51853e-05
6.51798e-05
6.51742e-05
6.51686e-05
6.51631e-05
6.51575e-05
6.51519e-05
6.51464e-05
6.51408e-05
6.51353e-05
6.51297e-05
6.51242e-05
6.51186e-05
6.51131e-05
6.51076e-05
6.5102e-05
6.50965e-05
6.5091e-05
6.50855e-05
6.50799e-05
6.50744e-05
6.50689e-05
6.50634e-05
6.50579e-05
6.50524e-05
6.50469e-05
6.50414e-05
6.50359e-05
6.50304e-05
6.50249e-05
6.50194e-05
6.50139e-05
6.50084e-05
6.50029e-05
6.49974e-05
6.4992e-05
6.49865e-05
6.4981e-05
6.49756e-05
6.49701e-05
6.49646e-05
6.49592e-05
6.49537e-05
6.49483e-05
6.49428e-05
6.49374e-05
6.49319e-05
6.49265e-05
6.4921e-05
6.49156e-05
6.49102e-05
6.49047e-05
6.48993e-05
6.48939e-05
6.48885e-05
6.4883e-05
6.48776e-05
6.48722e-05
6.48668e-05
6.48614e-05
6.4856e-05
6.48506e-05
6.48452e-05
6.48398e-05
6.48344e-05
6.4829e-05
6.48236e-05
6.48182e-05
6.48128e-05
6.48075e-05
6.48021e-05
6.47967e-05
6.47913e-05
6.4786e-05
6.47806e-05
6.47752e-05
6.47699e-05
6.47645e-05
6.47592e-05
6.47538e-05
6.47485e-05
6.47431e-05
6.47378e-05
6.47324e-05
6.47271e-05
6.47218e-05
6.47164e-05
6.47111e-05
6.47058e-05
6.47004e-05
6.46951e-05
6.46898e-05
6.46845e-05
6.46792e-05
6.46738e-05
6.46685e-05
6.46632e-05
6.46579e-05
6.46526e-05
6.46473e-05
6.4642e-05
6.46367e-05
6.46315e-05
6.46262e-05
6.46209e-05
6.46156e-05
6.46103e-05
6.4605e-05
6.45998e-05
6.45945e-05
6.45892e-05
6.4584e-05
6.45787e-05
6.45734e-05
6.45682e-05
6.45629e-05
6.45577e-05
6.45524e-05
6.45472e-05
6.45419e-05
6.45367e-05
6.45315e-05
6.45262e-05
6.4521e-05
6.45158e-05
6.45105e-05
6.45053e-05
6.45001e-05
6.44949e-05
6.44897e-05
6.44844e-05
6.44792e-05
6.4474e-05
6.44688e-05
6.44636e-05
6.44584e-05
6.44532e-05
6.4448e-05
6.44428e-05
6.44376e-05
6.44324e-05
6.44273e-05
6.44221e-05
6.44169e-05
6.44117e-05
6.44065e-05
6.44014e-05
6.43962e-05
6.4391e-05
6.43859e-05
6.43807e-05
6.43755e-05
6.43704e-05
6.43652e-05
6.43601e-05
6.43549e-05
6.43498e-05
6.43447e-05
6.43395e-05
6.43344e-05
6.43292e-05
6.43241e-05
6.4319e-05
6.43138e-05
6.43087e-05
6.43036e-05
6.42985e-05
6.42934e-05
6.42883e-05
6.42831e-05
6.4278e-05
6.42729e-05
6.42678e-05
6.42627e-05
6.42576e-05
6.42525e-05
6.42474e-05
6.42423e-05
6.42372e-05
6.42322e-05
6.42271e-05
6.4222e-05
6.42169e-05
6.42118e-05
6.42068e-05
6.42017e-05
6.41966e-05
6.41916e-05
6.41865e-05
6.41814e-05
6.41764e-05
6.41713e-05
6.41663e-05
6.41612e-05
6.41562e-05
6.41511e-05
6.41461e-05
6.41411e-05
6.4136e-05
6.4131e-05
6.4126e-05
6.41209e-05
6.41159e-05
6.41109e-05
6.41058e-05
6.41008e-05
6.40958e-05
6.40908e-05
6.40858e-05
6.40808e-05
6.40758e-05
6.40708e-05
6.40658e-05
6.40608e-05
6.40558e-05
6.40508e-05
6.40458e-05
6.40408e-05
6.40358e-05
6.40308e-05
6.40258e-05
6.40209e-05
6.40159e-05
6.40109e-05
6.40059e-05
6.4001e-05
6.3996e-05
6.3991e-05
6.39861e-05
6.39811e-05
6.39762e-05
6.39712e-05
6.39663e-05
6.39613e-05
6.39564e-05
6.39514e-05
6.39465e-05
6.39415e-05
6.39366e-05
6.39317e-05
6.39267e-05
6.39218e-05
6.39169e-05
6.39119e-05
6.3907e-05
6.39021e-05
6.38972e-05
6.38923e-05
6.38874e-05
6.38825e-05
6.38775e-05
6.38726e-05
6.38677e-05
6.38628e-05
6.38579e-05
6.3853e-05
6.38482e-05
6.38433e-05
6.38384e-05
6.38335e-05
6.38286e-05
6.38237e-05
6.38188e-05
6.3814e-05
6.38091e-05
6.38042e-05
6.37994e-05
6.37945e-05
6.37896e-05
6.37848e-05
6.37799e-05
6.37751e-05
6.37702e-05
6.37654e-05
6.37605e-05
6.37557e-05
6.37508e-05
6.3746e-05
6.37411e-05
6.37363e-05
6.37315e-05
6.37266e-05
6.37218e-05
6.3717e-05
6.37121e-05
6.37073e-05
6.37025e-05
6.36977e-05
6.36929e-05
6.36881e-05
6.36832e-05
6.36784e-05
6.36736e-05
6.36688e-05
6.3664e-05
6.36592e-05
6.36544e-05
6.36496e-05
6.36449e-05
6.36401e-05
6.36353e-05
6.36305e-05
6.36257e-05
6.36209e-05
6.36162e-05
6.36114e-05
6.36066e-05
6.36018e-05
6.35971e-05
6.35923e-05
6.35875e-05
6.35828e-05
6.3578e-05
6.35733e-05
6.35685e-05
6.35638e-05
6.3559e-05
6.35543e-05
6.35495e-05
6.35448e-05
6.354e-05
6.35353e-05
6.35306e-05
6.35258e-05
6.35211e-05
6.35164e-05
6.35117e-05
6.35069e-05
6.35022e-05
6.34975e-05
6.34928e-05
6.34881e-05
6.34833e-05
6.34786e-05
6.34739e-05
6.34692e-05
6.34645e-05
6.34598e-05
6.34551e-05
6.34504e-05
6.34457e-05
6.34411e-05
6.34364e-05
6.34317e-05
6.3427e-05
6.34223e-05
6.34176e-05
6.3413e-05
6.34083e-05
6.34036e-05
6.33989e-05
6.33943e-05
6.33896e-05
6.33849e-05
6.33803e-05
6.33756e-05
6.3371e-05
6.33663e-05
6.33617e-05
6.3357e-05
6.33524e-05
6.33477e-05
6.33431e-05
6.33384e-05
6.33338e-05
6.33292e-05
6.33245e-05
6.33199e-05
6.33153e-05
6.33106e-05
6.3306e-05
6.33014e-05
6.32968e-05
6.32922e-05
6.32875e-05
6.32829e-05
6.32783e-05
6.32737e-05
6.32691e-05
6.32645e-05
6.32599e-05
6.32553e-05
6.32507e-05
6.32461e-05
6.32415e-05
6.32369e-05
6.32323e-05
6.32278e-05
6.32232e-05
6.32186e-05
6.3214e-05
6.32094e-05
6.32049e-05
6.32003e-05
6.31957e-05
6.31911e-05
6.31866e-05
6.3182e-05
6.31775e-05
6.31729e-05
6.31683e-05
6.31638e-05
6.31592e-05
6.31547e-05
6.31501e-05
6.31456e-05
6.3141e-05
6.31365e-05
6.3132e-05
6.31274e-05
6.31229e-05
6.31184e-05
6.31138e-05
6.31093e-05
6.31048e-05
6.31003e-05
6.30957e-05
6.30912e-05
6.30867e-05
6.30822e-05
6.30777e-05
6.30732e-05
6.30686e-05
6.30641e-05
6.30596e-05
6.30551e-05
6.30506e-05
6.30461e-05
6.30416e-05
6.30372e-05
6.30327e-05
6.30282e-05
6.30237e-05
6.30192e-05
6.30147e-05
6.30102e-05
6.30058e-05
6.30013e-05
6.29968e-05
6.29923e-05
6.29879e-05
6.29834e-05
6.29789e-05
6.29745e-05
6.297e-05
6.29656e-05
6.29611e-05
6.29566e-05
6.29522e-05
6.29477e-05
6.29433e-05
6.29389e-05
6.29344e-05
6.293e-05
6.29255e-05
6.29211e-05
6.29167e-05
6.29122e-05
6.29078e-05
6.29034e-05
6.28989e-05
6.28945e-05
6.28901e-05
6.28857e-05
6.28813e-05
6.28768e-05
6.28724e-05
6.2868e-05
6.28636e-05
6.28592e-05
6.28548e-05
6.28504e-05
6.2846e-05
6.28416e-05
6.28372e-05
6.28328e-05
6.28284e-05
6.2824e-05
6.28196e-05
6.28152e-05
6.28109e-05
6.28065e-05
6.28021e-05
6.27977e-05
6.27933e-05
6.2789e-05
6.27846e-05
6.27802e-05
6.27759e-05
6.27715e-05
6.27671e-05
6.27628e-05
6.27584e-05
6.27541e-05
6.27497e-05
6.27454e-05
6.2741e-05
6.27367e-05
6.27323e-05
6.2728e-05
6.27236e-05
6.27193e-05
6.27149e-05
6.27106e-05
6.27063e-05
6.27019e-05
6.26976e-05
6.26933e-05
6.2689e-05
6.26846e-05
6.26803e-05
6.2676e-05
6.26717e-05
6.26674e-05
6.26631e-05
6.26587e-05
6.26544e-05
6.26501e-05
6.26458e-05
6.26415e-05
6.26372e-05
6.26329e-05
6.26286e-05
6.26243e-05
6.262e-05
6.26157e-05
6.26115e-05
6.26072e-05
6.26029e-05
6.25986e-05
6.25943e-05
6.259e-05
6.25858e-05
6.25815e-05
6.25772e-05
6.2573e-05
6.25687e-05
6.25644e-05
6.25602e-05
6.25559e-05
6.25516e-05
6.25474e-05
6.25431e-05
6.25389e-05
6.25346e-05
6.25304e-05
6.25261e-05
6.25219e-05
6.25176e-05
6.25134e-05
6.25091e-05
6.25049e-05
6.25007e-05
6.24964e-05
6.24922e-05
6.2488e-05
6.24837e-05
6.24795e-05
6.24753e-05
6.24711e-05
6.24669e-05
6.24626e-05
6.24584e-05
6.24542e-05
6.245e-05
6.24458e-05
6.24416e-05
6.24374e-05
6.24332e-05
6.2429e-05
6.24248e-05
6.24206e-05
6.24164e-05
6.24122e-05
6.2408e-05
6.24038e-05
6.23996e-05
6.23954e-05
6.23912e-05
6.23871e-05
6.23829e-05
6.23787e-05
6.23745e-05
6.23704e-05
6.23662e-05
6.2362e-05
6.23578e-05
6.23537e-05
6.23495e-05
6.23453e-05
6.23412e-05
6.2337e-05
6.23329e-05
6.23287e-05
6.23246e-05
6.23204e-05
6.23163e-05
6.23121e-05
6.2308e-05
6.23038e-05
6.22997e-05
6.22956e-05
6.22914e-05
6.22873e-05
6.22832e-05
6.2279e-05
6.22749e-05
6.22708e-05
6.22666e-05
6.22625e-05
6.22584e-05
6.22543e-05
6.22502e-05
6.2246e-05
6.22419e-05
6.22378e-05
6.22337e-05
6.22296e-05
6.22255e-05
6.22214e-05
6.22173e-05
6.22132e-05
6.22091e-05
6.2205e-05
6.22009e-05
6.21968e-05
6.21927e-05
6.21886e-05
6.21845e-05
6.21805e-05
6.21764e-05
6.21723e-05
6.21682e-05
6.21641e-05
6.21601e-05
6.2156e-05
6.21519e-05
6.21478e-05
6.21438e-05
6.21397e-05
6.21357e-05
6.21316e-05
6.21275e-05
6.21235e-05
6.21194e-05
6.21154e-05
6.21113e-05
6.21073e-05
6.21032e-05
6.20992e-05
6.20951e-05
6.20911e-05
6.2087e-05
6.2083e-05
6.2079e-05
6.20749e-05
6.20709e-05
6.20669e-05
6.20628e-05
6.20588e-05
6.20548e-05
6.20507e-05
6.20467e-05
6.20427e-05
6.20387e-05
6.20347e-05
6.20307e-05
6.20266e-05
6.20226e-05
6.20186e-05
6.20146e-05
6.20106e-05
6.20066e-05
6.20026e-05
6.19986e-05
6.19946e-05
6.19906e-05
6.19866e-05
6.19826e-05
6.19786e-05
6.19746e-05
6.19707e-05
6.19667e-05
6.19627e-05
6.19587e-05
6.19547e-05
6.19508e-05
6.19468e-05
6.19428e-05
6.19388e-05
6.19349e-05
6.19309e-05
6.19269e-05
6.1923e-05
6.1919e-05
6.1915e-05
6.19111e-05
6.19071e-05
6.19032e-05
6.18992e-05
6.18953e-05
6.18913e-05
6.18874e-05
6.18834e-05
6.18795e-05
6.18755e-05
6.18716e-05
6.18676e-05
6.18637e-05
6.18598e-05
6.18558e-05
6.18519e-05
6.1848e-05
6.1844e-05
6.18401e-05
6.18362e-05
6.18323e-05
6.18284e-05
6.18244e-05
6.18205e-05
6.18166e-05
6.18127e-05
6.18088e-05
6.18049e-05
6.1801e-05
6.17971e-05
6.17931e-05
6.17892e-05
6.17853e-05
6.17814e-05
6.17775e-05
6.17736e-05
6.17698e-05
6.17659e-05
6.1762e-05
6.17581e-05
6.17542e-05
6.17503e-05
6.17464e-05
6.17425e-05
6.17387e-05
6.17348e-05
6.17309e-05
6.1727e-05
6.17232e-05
6.17193e-05
6.17154e-05
6.17116e-05
6.17077e-05
6.17038e-05
6.17e-05
6.16961e-05
6.16922e-05
6.16884e-05
6.16845e-05
6.16807e-05
6.16768e-05
6.1673e-05
6.16691e-05
6.16653e-05
6.16614e-05
6.16576e-05
6.16538e-05
6.16499e-05
6.16461e-05
6.16423e-05
6.16384e-05
6.16346e-05
6.16308e-05
6.16269e-05
6.16231e-05
6.16193e-05
6.16155e-05
6.16116e-05
6.16078e-05
6.1604e-05
6.16002e-05
6.15964e-05
6.15925e-05
6.15887e-05
6.15849e-05
6.15811e-05
6.15773e-05
6.15735e-05
6.15697e-05
6.15659e-05
6.15621e-05
6.15583e-05
6.15545e-05
6.15507e-05
6.15469e-05
6.15431e-05
6.15394e-05
6.15356e-05
6.15318e-05
6.1528e-05
6.15242e-05
6.15204e-05
6.15167e-05
6.15129e-05
6.15091e-05
6.15053e-05
6.15016e-05
6.14978e-05
6.1494e-05
6.14903e-05
6.14865e-05
6.14827e-05
6.1479e-05
6.14752e-05
6.14715e-05
6.14677e-05
6.14639e-05
6.14602e-05
6.14564e-05
6.14527e-05
6.14489e-05
6.14452e-05
6.14415e-05
6.14377e-05
6.1434e-05
6.14302e-05
6.14265e-05
6.14228e-05
6.1419e-05
6.14153e-05
6.14116e-05
6.14078e-05
6.14041e-05
6.14004e-05
6.13967e-05
6.13929e-05
6.13892e-05
6.13855e-05
6.13818e-05
6.13781e-05
6.13743e-05
6.13706e-05
6.13669e-05
6.13632e-05
6.13595e-05
6.13558e-05
6.13521e-05
6.13484e-05
6.13447e-05
6.1341e-05
6.13373e-05
6.13336e-05
6.13299e-05
6.13262e-05
6.13225e-05
6.13188e-05
6.13152e-05
6.13115e-05
6.13078e-05
6.13041e-05
6.13004e-05
6.12967e-05
6.12931e-05
6.12894e-05
6.12857e-05
6.1282e-05
6.12784e-05
6.12747e-05
6.1271e-05
6.12674e-05
6.12637e-05
6.126e-05
6.12564e-05
6.12527e-05
6.12491e-05
6.12454e-05
6.12418e-05
6.12381e-05
6.12345e-05
6.12308e-05
6.12272e-05
6.12235e-05
6.12199e-05
6.12162e-05
6.12126e-05
6.1209e-05
6.12053e-05
6.12017e-05
6.1198e-05
6.11944e-05
6.11908e-05
6.11872e-05
6.11835e-05
6.11799e-05
6.11763e-05
6.11726e-05
6.1169e-05
6.11654e-05
6.11618e-05
6.11582e-05
6.11546e-05
6.11509e-05
6.11473e-05
6.11437e-05
6.11401e-05
6.11365e-05
6.11329e-05
6.11293e-05
6.11257e-05
6.11221e-05
6.11185e-05
6.11149e-05
6.11113e-05
6.11077e-05
6.11041e-05
6.11005e-05
6.10969e-05
6.10934e-05
6.10898e-05
6.10862e-05
6.10826e-05
6.1079e-05
6.10754e-05
6.10719e-05
6.10683e-05
6.10647e-05
6.10611e-05
6.10576e-05
6.1054e-05
6.10504e-05
6.10469e-05
6.10433e-05
6.10397e-05
6.10362e-05
6.10326e-05
6.10291e-05
6.10255e-05
6.10219e-05
6.10184e-05
6.10148e-05
6.10113e-05
6.10077e-05
6.10042e-05
6.10006e-05
6.09971e-05
6.09935e-05
6.099e-05
6.09865e-05
6.09829e-05
6.09794e-05
6.09759e-05
6.09723e-05
6.09688e-05
6.09653e-05
6.09617e-05
6.09582e-05
6.09547e-05
6.09512e-05
6.09476e-05
6.09441e-05
6.09406e-05
6.09371e-05
6.09336e-05
6.093e-05
6.09265e-05
6.0923e-05
6.09195e-05
6.0916e-05
6.09125e-05
6.0909e-05
6.09055e-05
6.0902e-05
6.08985e-05
6.0895e-05
6.08915e-05
6.0888e-05
6.08845e-05
6.0881e-05
6.08775e-05
6.0874e-05
6.08705e-05
6.0867e-05
6.08636e-05
6.08601e-05
6.08566e-05
6.08531e-05
6.08496e-05
6.08461e-05
6.08427e-05
6.08392e-05
6.08357e-05
6.08323e-05
6.08288e-05
6.08253e-05
6.08218e-05
6.08184e-05
6.08149e-05
6.08115e-05
6.0808e-05
6.08045e-05
6.08011e-05
6.07976e-05
6.07942e-05
6.07907e-05
6.07873e-05
6.07838e-05
6.07804e-05
6.07769e-05
6.07735e-05
6.077e-05
6.07666e-05
6.07631e-05
6.07597e-05
6.07563e-05
6.07528e-05
6.07494e-05
6.0746e-05
6.07425e-05
6.07391e-05
6.07357e-05
6.07322e-05
6.07288e-05
6.07254e-05
6.0722e-05
6.07185e-05
6.07151e-05
6.07117e-05
6.07083e-05
6.07049e-05
6.07014e-05
6.0698e-05
6.06946e-05
6.06912e-05
6.06878e-05
6.06844e-05
6.0681e-05
6.06776e-05
6.06742e-05
6.06708e-05
6.06674e-05
6.0664e-05
6.06606e-05
6.06572e-05
6.06538e-05
6.06504e-05
6.0647e-05
6.06436e-05
6.06402e-05
6.06369e-05
6.06335e-05
6.06301e-05
6.06267e-05
6.06233e-05
6.062e-05
6.06166e-05
6.06132e-05
6.06098e-05
6.06065e-05
6.06031e-05
6.05997e-05
6.05963e-05
6.0593e-05
6.05896e-05
6.05862e-05
6.05829e-05
6.05795e-05
6.05762e-05
6.05728e-05
6.05694e-05
6.05661e-05
6.05627e-05
6.05594e-05
6.0556e-05
6.05527e-05
6.05493e-05
6.0546e-05
6.05426e-05
6.05393e-05
6.0536e-05
6.05326e-05
6.05293e-05
6.05259e-05
6.05226e-05
6.05193e-05
6.05159e-05
6.05126e-05
6.05093e-05
6.05059e-05
6.05026e-05
6.04993e-05
6.0496e-05
6.04926e-05
6.04893e-05
6.0486e-05
6.04827e-05
6.04794e-05
6.0476e-05
6.04727e-05
6.04694e-05
6.04661e-05
6.04628e-05
6.04595e-05
6.04562e-05
6.04529e-05
6.04496e-05
6.04463e-05
6.0443e-05
6.04397e-05
6.04364e-05
6.04331e-05
6.04298e-05
6.04265e-05
6.04232e-05
6.04199e-05
6.04166e-05
6.04133e-05
6.041e-05
6.04067e-05
6.04035e-05
6.04002e-05
6.03969e-05
6.03936e-05
6.03903e-05
6.0387e-05
6.03838e-05
6.03805e-05
6.03772e-05
6.0374e-05
6.03707e-05
6.03674e-05
6.03641e-05
6.03609e-05
6.03576e-05
6.03543e-05
6.03511e-05
6.03478e-05
6.03446e-05
6.03413e-05
6.03381e-05
6.03348e-05
6.03315e-05
6.03283e-05
6.0325e-05
6.03218e-05
6.03185e-05
6.03153e-05
6.0312e-05
6.03088e-05
6.03056e-05
6.03023e-05
6.02991e-05
6.02958e-05
6.02926e-05
6.02894e-05
6.02861e-05
6.02829e-05
6.02797e-05
6.02764e-05
6.02732e-05
6.027e-05
6.02668e-05
6.02635e-05
6.02603e-05
6.02571e-05
6.02539e-05
6.02506e-05
6.02474e-05
6.02442e-05
6.0241e-05
6.02378e-05
6.02346e-05
6.02314e-05
6.02282e-05
6.02249e-05
6.02217e-05
6.02185e-05
6.02153e-05
6.02121e-05
6.02089e-05
6.02057e-05
6.02025e-05
6.01993e-05
6.01961e-05
6.01929e-05
6.01897e-05
6.01865e-05
6.01834e-05
6.01802e-05
6.0177e-05
6.01738e-05
6.01706e-05
6.01674e-05
6.01642e-05
6.01611e-05
6.01579e-05
6.01547e-05
6.01515e-05
6.01484e-05
6.01452e-05
6.0142e-05
6.01388e-05
6.01357e-05
6.01325e-05
6.01293e-05
6.01262e-05
6.0123e-05
6.01198e-05
6.01167e-05
6.01135e-05
6.01104e-05
6.01072e-05
6.0104e-05
6.01009e-05
6.00977e-05
6.00946e-05
6.00914e-05
6.00883e-05
6.00851e-05
6.0082e-05
6.00788e-05
6.00757e-05
6.00725e-05
6.00694e-05
6.00663e-05
6.00631e-05
6.006e-05
6.00568e-05
6.00537e-05
6.00506e-05
6.00474e-05
6.00443e-05
6.00412e-05
6.00381e-05
6.00349e-05
6.00318e-05
6.00287e-05
6.00256e-05
6.00224e-05
6.00193e-05
6.00162e-05
6.00131e-05
6.001e-05
6.00068e-05
6.00037e-05
6.00006e-05
5.99975e-05
5.99944e-05
5.99913e-05
5.99882e-05
5.99851e-05
5.9982e-05
5.99789e-05
5.99758e-05
5.99727e-05
5.99696e-05
5.99665e-05
5.99634e-05
5.99603e-05
5.99572e-05
5.99541e-05
5.9951e-05
5.99479e-05
5.99448e-05
5.99417e-05
5.99386e-05
5.99355e-05
5.99325e-05
5.99294e-05
5.99263e-05
5.99232e-05
5.99201e-05
5.99171e-05
5.9914e-05
5.99109e-05
5.99078e-05
5.99048e-05
5.99017e-05
5.98986e-05
5.98955e-05
5.98925e-05
5.98894e-05
5.98863e-05
5.98833e-05
5.98802e-05
5.98772e-05
5.98741e-05
5.9871e-05
5.9868e-05
5.98649e-05
5.98619e-05
5.98588e-05
5.98558e-05
5.98527e-05
5.98497e-05
5.98466e-05
5.98436e-05
5.98405e-05
5.98375e-05
5.98344e-05
5.98314e-05
5.98284e-05
5.98253e-05
5.98223e-05
5.98192e-05
5.98162e-05
5.98132e-05
5.98101e-05
5.98071e-05
5.98041e-05
5.98011e-05
5.9798e-05
5.9795e-05
5.9792e-05
5.97889e-05
5.97859e-05
5.97829e-05
5.97799e-05
5.97769e-05
5.97738e-05
5.97708e-05
5.97678e-05
5.97648e-05
5.97618e-05
5.97588e-05
5.97558e-05
5.97528e-05
5.97497e-05
5.97467e-05
5.97437e-05
5.97407e-05
5.97377e-05
5.97347e-05
5.97317e-05
5.97287e-05
5.97257e-05
5.97227e-05
5.97197e-05
5.97167e-05
5.97138e-05
5.97108e-05
5.97078e-05
5.97048e-05
5.97018e-05
5.96988e-05
5.96958e-05
5.96928e-05
5.96899e-05
5.96869e-05
5.96839e-05
5.96809e-05
5.96779e-05
5.9675e-05
5.9672e-05
5.9669e-05
5.9666e-05
5.96631e-05
5.96601e-05
5.96571e-05
5.96542e-05
5.96512e-05
5.96482e-05
5.96453e-05
5.96423e-05
5.96393e-05
5.96364e-05
5.96334e-05
5.96305e-05
5.96275e-05
5.96245e-05
5.96216e-05
5.96186e-05
5.96157e-05
5.96127e-05
5.96098e-05
5.96068e-05
5.96039e-05
5.96009e-05
5.9598e-05
5.95951e-05
5.95921e-05
5.95892e-05
5.95862e-05
5.95833e-05
5.95804e-05
5.95774e-05
5.95745e-05
5.95715e-05
5.95686e-05
5.95657e-05
5.95628e-05
5.95598e-05
5.95569e-05
5.9554e-05
5.9551e-05
5.95481e-05
5.95452e-05
5.95423e-05
5.95394e-05
5.95364e-05
5.95335e-05
5.95306e-05
5.95277e-05
5.95248e-05
5.95219e-05
5.95189e-05
5.9516e-05
5.95131e-05
5.95102e-05
5.95073e-05
5.95044e-05
5.95015e-05
5.94986e-05
5.94957e-05
5.94928e-05
5.94899e-05
5.9487e-05
5.94841e-05
5.94812e-05
5.94783e-05
5.94754e-05
5.94725e-05
5.94696e-05
5.94667e-05
5.94638e-05
5.94609e-05
5.94581e-05
5.94552e-05
5.94523e-05
5.94494e-05
5.94465e-05
5.94436e-05
5.94408e-05
5.94379e-05
5.9435e-05
5.94321e-05
5.94293e-05
5.94264e-05
5.94235e-05
5.94206e-05
5.94178e-05
5.94149e-05
5.9412e-05
5.94092e-05
5.94063e-05
5.94034e-05
5.94006e-05
5.93977e-05
5.93948e-05
5.9392e-05
5.93891e-05
5.93863e-05
5.93834e-05
5.93805e-05
5.93777e-05
5.93748e-05
5.9372e-05
5.93691e-05
5.93663e-05
5.93634e-05
5.93606e-05
5.93577e-05
5.93549e-05
5.93521e-05
5.93492e-05
5.93464e-05
5.93435e-05
5.93407e-05
5.93379e-05
5.9335e-05
5.93322e-05
5.93293e-05
5.93265e-05
5.93237e-05
5.93208e-05
5.9318e-05
5.93152e-05
5.93124e-05
5.93095e-05
5.93067e-05
5.93039e-05
5.93011e-05
5.92982e-05
5.92954e-05
5.92926e-05
5.92898e-05
5.9287e-05
5.92841e-05
5.92813e-05
5.92785e-05
5.92757e-05
5.92729e-05
5.92701e-05
5.92673e-05
5.92645e-05
5.92617e-05
5.92588e-05
5.9256e-05
5.92532e-05
5.92504e-05
5.92476e-05
5.92448e-05
5.9242e-05
5.92392e-05
5.92364e-05
5.92336e-05
5.92308e-05
5.92281e-05
5.92253e-05
5.92225e-05
5.92197e-05
5.92169e-05
5.92141e-05
5.92113e-05
5.92085e-05
5.92057e-05
5.9203e-05
5.92002e-05
5.91974e-05
5.91946e-05
5.91918e-05
5.91891e-05
5.91863e-05
5.91835e-05
5.91807e-05
5.9178e-05
5.91752e-05
5.91724e-05
5.91696e-05
5.91669e-05
5.91641e-05
5.91613e-05
5.91586e-05
5.91558e-05
5.91531e-05
5.91503e-05
5.91475e-05
5.91448e-05
5.9142e-05
5.91392e-05
5.91365e-05
5.91337e-05
5.9131e-05
5.91282e-05
5.91255e-05
5.91227e-05
5.912e-05
5.91172e-05
5.91145e-05
5.91117e-05
5.9109e-05
5.91062e-05
5.91035e-05
5.91008e-05
5.9098e-05
5.90953e-05
5.90925e-05
5.90898e-05
5.90871e-05
5.90843e-05
5.90816e-05
5.90789e-05
5.90761e-05
5.90734e-05
5.90707e-05
5.90679e-05
5.90652e-05
5.90625e-05
5.90598e-05
5.9057e-05
5.90543e-05
5.90516e-05
5.90489e-05
5.90461e-05
5.90434e-05
5.90407e-05
5.9038e-05
5.90353e-05
5.90326e-05
5.90298e-05
5.90271e-05
5.90244e-05
5.90217e-05
5.9019e-05
5.90163e-05
5.90136e-05
5.90109e-05
5.90082e-05
5.90055e-05
5.90028e-05
5.90001e-05
5.89974e-05
5.89947e-05
5.8992e-05
5.89893e-05
5.89866e-05
5.89839e-05
5.89812e-05
5.89785e-05
5.89758e-05
5.89731e-05
5.89704e-05
5.89677e-05
5.8965e-05
5.89623e-05
5.89597e-05
5.8957e-05
5.89543e-05
5.89516e-05
5.89489e-05
5.89462e-05
5.89436e-05
5.89409e-05
5.89382e-05
5.89355e-05
5.89329e-05
5.89302e-05
5.89275e-05
5.89248e-05
5.89222e-05
5.89195e-05
5.89168e-05
5.89142e-05
5.89115e-05
5.89088e-05
5.89062e-05
5.89035e-05
5.89008e-05
5.88982e-05
5.88955e-05
5.88928e-05
5.88902e-05
5.88875e-05
5.88849e-05
5.88822e-05
5.88796e-05
5.88769e-05
5.88743e-05
5.88716e-05
5.8869e-05
5.88663e-05
5.88637e-05
5.8861e-05
5.88584e-05
5.88557e-05
5.88531e-05
5.88504e-05
5.88478e-05
5.88452e-05
5.88425e-05
5.88399e-05
5.88372e-05
5.88346e-05
5.8832e-05
5.88293e-05
5.88267e-05
5.88241e-05
5.88214e-05
5.88188e-05
5.88162e-05
5.88135e-05
5.88109e-05
5.88083e-05
5.88057e-05
5.8803e-05
5.88004e-05
5.87978e-05
5.87952e-05
5.87926e-05
5.87899e-05
5.87873e-05
5.87847e-05
5.87821e-05
5.87795e-05
5.87769e-05
5.87743e-05
5.87716e-05
5.8769e-05
5.87664e-05
5.87638e-05
5.87612e-05
5.87586e-05
5.8756e-05
5.87534e-05
5.87508e-05
5.87482e-05
5.87456e-05
5.8743e-05
5.87404e-05
5.87378e-05
5.87352e-05
5.87326e-05
5.873e-05
5.87274e-05
5.87248e-05
5.87222e-05
5.87196e-05
5.8717e-05
5.87144e-05
5.87119e-05
5.87093e-05
5.87067e-05
5.87041e-05
5.87015e-05
5.86989e-05
5.86963e-05
5.86938e-05
5.86912e-05
5.86886e-05
5.8686e-05
5.86835e-05
5.86809e-05
5.86783e-05
5.86757e-05
5.86732e-05
5.86706e-05
5.8668e-05
5.86654e-05
5.86629e-05
5.86603e-05
5.86577e-05
5.86552e-05
5.86526e-05
5.865e-05
5.86475e-05
5.86449e-05
5.86424e-05
5.86398e-05
5.86372e-05
5.86347e-05
5.86321e-05
5.86296e-05
5.8627e-05
5.86245e-05
5.86219e-05
5.86194e-05
5.86168e-05
5.86143e-05
5.86117e-05
5.86092e-05
5.86066e-05
5.86041e-05
5.86015e-05
5.8599e-05
5.85964e-05
5.85939e-05
5.85913e-05
5.85888e-05
5.85863e-05
5.85837e-05
5.85812e-05
5.85787e-05
5.85761e-05
5.85736e-05
5.85711e-05
5.85685e-05
5.8566e-05
5.85635e-05
5.85609e-05
5.85584e-05
5.85559e-05
5.85533e-05
5.85508e-05
5.85483e-05
5.85458e-05
5.85433e-05
5.85407e-05
5.85382e-05
5.85357e-05
5.85332e-05
5.85307e-05
5.85281e-05
5.85256e-05
5.85231e-05
5.85206e-05
5.85181e-05
5.85156e-05
5.85131e-05
5.85105e-05
5.8508e-05
5.85055e-05
5.8503e-05
5.85005e-05
5.8498e-05
5.84955e-05
5.8493e-05
5.84905e-05
5.8488e-05
5.84855e-05
5.8483e-05
5.84805e-05
5.8478e-05
5.84755e-05
5.8473e-05
5.84705e-05
5.8468e-05
5.84655e-05
5.8463e-05
5.84606e-05
5.84581e-05
5.84556e-05
5.84531e-05
5.84506e-05
5.84481e-05
5.84456e-05
5.84432e-05
5.84407e-05
5.84382e-05
5.84357e-05
5.84332e-05
5.84307e-05
5.84283e-05
5.84258e-05
5.84233e-05
5.84208e-05
5.84184e-05
5.84159e-05
5.84134e-05
5.8411e-05
5.84085e-05
5.8406e-05
5.84035e-05
5.84011e-05
5.83986e-05
5.83961e-05
5.83937e-05
5.83912e-05
5.83888e-05
5.83863e-05
5.83838e-05
5.83814e-05
5.83789e-05
5.83765e-05
5.8374e-05
5.83715e-05
5.83691e-05
5.83666e-05
5.83642e-05
5.83617e-05
5.83593e-05
5.83568e-05
5.83544e-05
5.83519e-05
5.83495e-05
5.8347e-05
5.83446e-05
5.83421e-05
5.83397e-05
5.83373e-05
5.83348e-05
5.83324e-05
5.83299e-05
5.83275e-05
5.83251e-05
5.83226e-05
5.83202e-05
5.83177e-05
5.83153e-05
5.83129e-05
5.83104e-05
5.8308e-05
5.83056e-05
5.83031e-05
5.83007e-05
5.82983e-05
5.82959e-05
5.82934e-05
5.8291e-05
5.82886e-05
5.82862e-05
5.82837e-05
5.82813e-05
5.82789e-05
5.82765e-05
5.82741e-05
5.82716e-05
5.82692e-05
5.82668e-05
5.82644e-05
5.8262e-05
5.82596e-05
5.82572e-05
5.82547e-05
5.82523e-05
5.82499e-05
5.82475e-05
5.82451e-05
5.82427e-05
5.82403e-05
5.82379e-05
5.82355e-05
5.82331e-05
5.82307e-05
5.82283e-05
5.82259e-05
5.82235e-05
5.82211e-05
5.82187e-05
5.82163e-05
5.82139e-05
5.82115e-05
5.82091e-05
5.82067e-05
5.82043e-05
5.82019e-05
5.81995e-05
5.81971e-05
5.81948e-05
5.81924e-05
5.819e-05
5.81876e-05
5.81852e-05
5.81828e-05
5.81804e-05
5.81781e-05
5.81757e-05
5.81733e-05
5.81709e-05
5.81685e-05
5.81662e-05
5.81638e-05
5.81614e-05
5.8159e-05
5.81567e-05
5.81543e-05
5.81519e-05
5.81495e-05
5.81472e-05
5.81448e-05
5.81424e-05
5.81401e-05
5.81377e-05
5.81353e-05
5.8133e-05
5.81306e-05
5.81282e-05
5.81259e-05
5.81235e-05
5.81211e-05
5.81188e-05
5.81164e-05
5.81141e-05
5.81117e-05
5.81094e-05
5.8107e-05
5.81046e-05
5.81023e-05
5.80999e-05
5.80976e-05
5.80952e-05
5.80929e-05
5.80905e-05
5.80882e-05
5.80858e-05
5.80835e-05
5.80811e-05
5.80788e-05
5.80765e-05
5.80741e-05
5.80718e-05
5.80694e-05
5.80671e-05
5.80648e-05
5.80624e-05
5.80601e-05
5.80577e-05
5.80554e-05
5.80531e-05
5.80507e-05
5.80484e-05
5.80461e-05
5.80437e-05
5.80414e-05
5.80391e-05
5.80367e-05
5.80344e-05
5.80321e-05
5.80298e-05
5.80274e-05
5.80251e-05
5.80228e-05
5.80205e-05
5.80181e-05
5.80158e-05
5.80135e-05
5.80112e-05
5.80089e-05
5.80065e-05
5.80042e-05
5.80019e-05
5.79996e-05
5.79973e-05
5.7995e-05
5.79927e-05
5.79903e-05
5.7988e-05
5.79857e-05
5.79834e-05
5.79811e-05
5.79788e-05
5.79765e-05
5.79742e-05
5.79719e-05
5.79696e-05
5.79673e-05
5.7965e-05
5.79627e-05
5.79604e-05
5.79581e-05
5.79558e-05
5.79535e-05
5.79512e-05
5.79489e-05
5.79466e-05
5.79443e-05
5.7942e-05
5.79397e-05
5.79374e-05
5.79351e-05
5.79328e-05
5.79305e-05
5.79283e-05
5.7926e-05
5.79237e-05
5.79214e-05
5.79191e-05
5.79168e-05
5.79145e-05
5.79123e-05
5.791e-05
5.79077e-05
5.79054e-05
5.79031e-05
5.79009e-05
5.78986e-05
5.78963e-05
5.7894e-05
5.78918e-05
5.78895e-05
5.78872e-05
5.78849e-05
5.78827e-05
5.78804e-05
5.78781e-05
5.78759e-05
5.78736e-05
5.78713e-05
5.78691e-05
5.78668e-05
5.78645e-05
5.78623e-05
5.786e-05
5.78577e-05
5.78555e-05
5.78532e-05
5.7851e-05
5.78487e-05
5.78464e-05
5.78442e-05
5.78419e-05
5.78397e-05
5.78374e-05
5.78352e-05
5.78329e-05
5.78307e-05
5.78284e-05
5.78261e-05
5.78239e-05
5.78216e-05
5.78194e-05
5.78172e-05
5.78149e-05
5.78127e-05
5.78104e-05
5.78082e-05
5.78059e-05
5.78037e-05
5.78014e-05
5.77992e-05
5.7797e-05
5.77947e-05
5.77925e-05
5.77903e-05
5.7788e-05
5.77858e-05
5.77835e-05
5.77813e-05
5.77791e-05
5.77768e-05
5.77746e-05
5.77724e-05
5.77702e-05
5.77679e-05
5.77657e-05
5.77635e-05
5.77612e-05
5.7759e-05
5.77568e-05
5.77546e-05
5.77523e-05
5.77501e-05
5.77479e-05
5.77457e-05
5.77435e-05
5.77412e-05
5.7739e-05
5.77368e-05
5.77346e-05
5.77324e-05
5.77302e-05
5.77279e-05
5.77257e-05
5.77235e-05
5.77213e-05
5.77191e-05
5.77169e-05
5.77147e-05
5.77125e-05
5.77103e-05
5.7708e-05
5.77058e-05
5.77036e-05
5.77014e-05
5.76992e-05
5.7697e-05
5.76948e-05
5.76926e-05
5.76904e-05
5.76882e-05
5.7686e-05
5.76838e-05
5.76816e-05
5.76794e-05
5.76772e-05
5.7675e-05
5.76728e-05
5.76707e-05
5.76685e-05
5.76663e-05
5.76641e-05
5.76619e-05
5.76597e-05
5.76575e-05
5.76553e-05
5.76531e-05
5.76509e-05
5.76488e-05
5.76466e-05
5.76444e-05
5.76422e-05
5.764e-05
5.76378e-05
5.76357e-05
5.76335e-05
5.76313e-05
5.76291e-05
5.7627e-05
5.76248e-05
5.76226e-05
5.76204e-05
5.76183e-05
5.76161e-05
5.76139e-05
5.76117e-05
5.76096e-05
5.76074e-05
5.76052e-05
5.76031e-05
5.76009e-05
5.75987e-05
5.75966e-05
5.75944e-05
5.75922e-05
5.75901e-05
5.75879e-05
5.75857e-05
5.75836e-05
5.75814e-05
5.75793e-05
5.75771e-05
5.75749e-05
5.75728e-05
5.75706e-05
5.75685e-05
5.75663e-05
5.75642e-05
5.7562e-05
5.75598e-05
5.75577e-05
5.75555e-05
5.75534e-05
5.75512e-05
5.75491e-05
5.75469e-05
5.75448e-05
5.75427e-05
5.75405e-05
5.75384e-05
5.75362e-05
5.75341e-05
5.75319e-05
5.75298e-05
5.75276e-05
5.75255e-05
5.75234e-05
5.75212e-05
5.75191e-05
5.7517e-05
5.75148e-05
5.75127e-05
5.75105e-05
5.75084e-05
5.75063e-05
5.75041e-05
5.7502e-05
5.74999e-05
5.74978e-05
5.74956e-05
5.74935e-05
5.74914e-05
5.74892e-05
5.74871e-05
5.7485e-05
5.74829e-05
5.74807e-05
5.74786e-05
5.74765e-05
5.74744e-05
5.74722e-05
5.74701e-05
5.7468e-05
5.74659e-05
5.74638e-05
5.74617e-05
5.74595e-05
5.74574e-05
5.74553e-05
5.74532e-05
5.74511e-05
5.7449e-05
5.74469e-05
5.74447e-05
5.74426e-05
5.74405e-05
5.74384e-05
5.74363e-05
5.74342e-05
5.74321e-05
5.743e-05
5.74279e-05
5.74258e-05
5.74237e-05
5.74216e-05
5.74195e-05
5.74174e-05
5.74153e-05
5.74132e-05
5.74111e-05
5.7409e-05
5.74069e-05
5.74048e-05
5.74027e-05
5.74006e-05
5.73985e-05
5.73964e-05
5.73943e-05
5.73922e-05
5.73901e-05
5.7388e-05
5.73859e-05
5.73838e-05
5.73818e-05
5.73797e-05
5.73776e-05
5.73755e-05
5.73734e-05
5.73713e-05
5.73692e-05
5.73672e-05
5.73651e-05
5.7363e-05
5.73609e-05
5.73588e-05
5.73568e-05
5.73547e-05
5.73526e-05
5.73505e-05
5.73484e-05
5.73464e-05
5.73443e-05
5.73422e-05
5.73401e-05
5.73381e-05
5.7336e-05
5.73339e-05
5.73319e-05
5.73298e-05
5.73277e-05
5.73257e-05
5.73236e-05
5.73215e-05
5.73195e-05
5.73174e-05
5.73153e-05
5.73133e-05
5.73112e-05
5.73091e-05
5.73071e-05
5.7305e-05
5.73029e-05
5.73009e-05
5.72988e-05
5.72968e-05
5.72947e-05
5.72927e-05
5.72906e-05
5.72885e-05
5.72865e-05
5.72844e-05
5.72824e-05
5.72803e-05
5.72783e-05
5.72762e-05
5.72742e-05
5.72721e-05
5.72701e-05
5.7268e-05
5.7266e-05
5.72639e-05
5.72619e-05
5.72599e-05
5.72578e-05
5.72558e-05
5.72537e-05
5.72517e-05
5.72496e-05
5.72476e-05
5.72456e-05
5.72435e-05
5.72415e-05
5.72394e-05
5.72374e-05
5.72354e-05
5.72333e-05
5.72313e-05
5.72293e-05
5.72272e-05
5.72252e-05
5.72232e-05
5.72211e-05
5.72191e-05
5.72171e-05
5.7215e-05
5.7213e-05
5.7211e-05
5.7209e-05
5.72069e-05
5.72049e-05
5.72029e-05
5.72009e-05
5.71988e-05
5.71968e-05
5.71948e-05
5.71928e-05
5.71908e-05
5.71887e-05
5.71867e-05
5.71847e-05
5.71827e-05
5.71807e-05
5.71786e-05
5.71766e-05
5.71746e-05
5.71726e-05
5.71706e-05
5.71686e-05
5.71666e-05
5.71646e-05
5.71625e-05
5.71605e-05
5.71585e-05
5.71565e-05
5.71545e-05
5.71525e-05
5.71505e-05
5.71485e-05
5.71465e-05
5.71445e-05
5.71425e-05
5.71405e-05
5.71385e-05
5.71365e-05
5.71345e-05
5.71325e-05
5.71305e-05
5.71285e-05
5.71265e-05
5.71245e-05
5.71225e-05
5.71205e-05
5.71185e-05
5.71165e-05
5.71145e-05
5.71125e-05
5.71105e-05
5.71085e-05
5.71065e-05
5.71045e-05
5.71026e-05
5.71006e-05
5.70986e-05
5.70966e-05
5.70946e-05
5.70926e-05
5.70906e-05
5.70887e-05
5.70867e-05
5.70847e-05
5.70827e-05
5.70807e-05
5.70787e-05
5.70768e-05
5.70748e-05
5.70728e-05
5.70708e-05
5.70688e-05
5.70669e-05
5.70649e-05
5.70629e-05
5.70609e-05
5.7059e-05
5.7057e-05
5.7055e-05
5.70531e-05
5.70511e-05
5.70491e-05
5.70471e-05
5.70452e-05
5.70432e-05
5.70412e-05
5.70393e-05
5.70373e-05
5.70353e-05
5.70334e-05
5.70314e-05
5.70294e-05
5.70275e-05
5.70255e-05
5.70236e-05
5.70216e-05
5.70196e-05
5.70177e-05
5.70157e-05
5.70138e-05
5.70118e-05
5.70098e-05
5.70079e-05
5.70059e-05
5.7004e-05
5.7002e-05
5.70001e-05
5.69981e-05
5.69962e-05
5.69942e-05
5.69923e-05
5.69903e-05
5.69884e-05
5.69864e-05
5.69845e-05
5.69825e-05
5.69806e-05
5.69786e-05
5.69767e-05
5.69747e-05
5.69728e-05
5.69709e-05
5.69689e-05
5.6967e-05
5.6965e-05
5.69631e-05
5.69611e-05
5.69592e-05
5.69573e-05
5.69553e-05
5.69534e-05
5.69515e-05
5.69495e-05
5.69476e-05
5.69457e-05
5.69437e-05
5.69418e-05
5.69399e-05
5.69379e-05
5.6936e-05
5.69341e-05
5.69321e-05
5.69302e-05
5.69283e-05
5.69263e-05
5.69244e-05
5.69225e-05
5.69206e-05
5.69186e-05
5.69167e-05
5.69148e-05
5.69129e-05
5.6911e-05
5.6909e-05
5.69071e-05
5.69052e-05
5.69033e-05
5.69014e-05
5.68994e-05
5.68975e-05
5.68956e-05
5.68937e-05
5.68918e-05
5.68899e-05
5.68879e-05
5.6886e-05
5.68841e-05
5.68822e-05
5.68803e-05
5.68784e-05
5.68765e-05
5.68746e-05
5.68726e-05
5.68707e-05
5.68688e-05
5.68669e-05
5.6865e-05
5.68631e-05
5.68612e-05
5.68593e-05
5.68574e-05
5.68555e-05
5.68536e-05
5.68517e-05
5.68498e-05
5.68479e-05
5.6846e-05
5.68441e-05
5.68422e-05
5.68403e-05
5.68384e-05
5.68365e-05
5.68346e-05
5.68327e-05
5.68308e-05
5.68289e-05
5.6827e-05
5.68251e-05
5.68232e-05
5.68214e-05
5.68195e-05
5.68176e-05
5.68157e-05
5.68138e-05
5.68119e-05
5.681e-05
5.68081e-05
5.68062e-05
5.68044e-05
5.68025e-05
5.68006e-05
5.67987e-05
5.67968e-05
5.67949e-05
5.67931e-05
5.67912e-05
5.67893e-05
5.67874e-05
5.67855e-05
5.67837e-05
5.67818e-05
5.67799e-05
5.6778e-05
5.67762e-05
5.67743e-05
5.67724e-05
5.67705e-05
5.67687e-05
5.67668e-05
5.67649e-05
5.6763e-05
5.67612e-05
5.67593e-05
5.67574e-05
5.67556e-05
5.67537e-05
5.67518e-05
5.675e-05
5.67481e-05
5.67462e-05
5.67444e-05
5.67425e-05
5.67406e-05
5.67388e-05
5.67369e-05
5.67351e-05
5.67332e-05
5.67313e-05
5.67295e-05
5.67276e-05
5.67258e-05
5.67239e-05
5.6722e-05
5.67202e-05
5.67183e-05
5.67165e-05
5.67146e-05
5.67128e-05
5.67109e-05
5.67091e-05
5.67072e-05
5.67054e-05
5.67035e-05
5.67017e-05
5.66998e-05
5.6698e-05
5.66961e-05
5.66943e-05
5.66924e-05
5.66906e-05
5.66887e-05
5.66869e-05
5.6685e-05
5.66832e-05
5.66813e-05
5.66795e-05
5.66777e-05
5.66758e-05
5.6674e-05
5.66721e-05
5.66703e-05
5.66685e-05
5.66666e-05
5.66648e-05
5.66629e-05
5.66611e-05
5.66593e-05
5.66574e-05
5.66556e-05
5.66538e-05
5.66519e-05
5.66501e-05
5.66483e-05
5.66464e-05
5.66446e-05
5.66428e-05
5.6641e-05
5.66391e-05
5.66373e-05
5.66355e-05
5.66336e-05
5.66318e-05
5.663e-05
5.66282e-05
5.66263e-05
5.66245e-05
5.66227e-05
5.66209e-05
5.6619e-05
5.66172e-05
5.66154e-05
5.66136e-05
5.66118e-05
5.66099e-05
5.66081e-05
5.66063e-05
5.66045e-05
5.66027e-05
5.66009e-05
5.6599e-05
5.65972e-05
5.65954e-05
5.65936e-05
5.65918e-05
5.659e-05
5.65882e-05
5.65864e-05
5.65845e-05
5.65827e-05
5.65809e-05
5.65791e-05
5.65773e-05
5.65755e-05
5.65737e-05
5.65719e-05
5.65701e-05
5.65683e-05
5.65665e-05
5.65647e-05
5.65629e-05
5.65611e-05
5.65593e-05
5.65575e-05
5.65557e-05
5.65539e-05
5.65521e-05
5.65503e-05
5.65485e-05
5.65467e-05
5.65449e-05
5.65431e-05
5.65413e-05
5.65395e-05
5.65377e-05
5.65359e-05
5.65341e-05
5.65323e-05
5.65305e-05
5.65287e-05
5.65269e-05
5.65251e-05
5.65234e-05
5.65216e-05
5.65198e-05
5.6518e-05
5.65162e-05
5.65144e-05
5.65126e-05
5.65108e-05
5.65091e-05
5.65073e-05
5.65055e-05
5.65037e-05
5.65019e-05
5.65001e-05
5.64984e-05
5.64966e-05
5.64948e-05
5.6493e-05
5.64912e-05
5.64895e-05
5.64877e-05
5.64859e-05
5.64841e-05
5.64824e-05
5.64806e-05
5.64788e-05
5.6477e-05
5.64753e-05
5.64735e-05
5.64717e-05
5.647e-05
5.64682e-05
5.64664e-05
5.64646e-05
5.64629e-05
5.64611e-05
5.64593e-05
5.64576e-05
5.64558e-05
5.6454e-05
5.64523e-05
5.64505e-05
5.64487e-05
5.6447e-05
5.64452e-05
5.64434e-05
5.64417e-05
5.64399e-05
5.64382e-05
5.64364e-05
5.64346e-05
5.64329e-05
5.64311e-05
5.64294e-05
5.64276e-05
5.64259e-05
5.64241e-05
5.64223e-05
5.64206e-05
5.64188e-05
5.64171e-05
5.64153e-05
5.64136e-05
5.64118e-05
5.64101e-05
5.64083e-05
5.64066e-05
5.64048e-05
5.64031e-05
5.64013e-05
5.63996e-05
5.63978e-05
5.63961e-05
5.63943e-05
5.63926e-05
5.63908e-05
5.63891e-05
5.63874e-05
5.63856e-05
5.63839e-05
5.63821e-05
5.63804e-05
5.63786e-05
5.63769e-05
5.63752e-05
5.63734e-05
5.63717e-05
5.63699e-05
5.63682e-05
5.63665e-05
5.63647e-05
5.6363e-05
5.63613e-05
5.63595e-05
5.63578e-05
5.63561e-05
5.63543e-05
5.63526e-05
5.63509e-05
5.63491e-05
5.63474e-05
5.63457e-05
5.63439e-05
5.63422e-05
5.63405e-05
5.63388e-05
5.6337e-05
5.63353e-05
5.63336e-05
5.63319e-05
5.63301e-05
5.63284e-05
5.63267e-05
5.6325e-05
5.63232e-05
5.63215e-05
5.63198e-05
5.63181e-05
5.63163e-05
5.63146e-05
5.63129e-05
5.63112e-05
5.63095e-05
5.63078e-05
5.6306e-05
5.63043e-05
5.63026e-05
5.63009e-05
5.62992e-05
5.62975e-05
5.62958e-05
5.6294e-05
5.62923e-05
5.62906e-05
5.62889e-05
5.62872e-05
5.62855e-05
5.62838e-05
5.62821e-05
5.62804e-05
5.62786e-05
5.62769e-05
5.62752e-05
5.62735e-05
5.62718e-05
5.62701e-05
5.62684e-05
5.62667e-05
5.6265e-05
5.62633e-05
5.62616e-05
5.62599e-05
5.62582e-05
5.62565e-05
5.62548e-05
5.62531e-05
5.62514e-05
5.62497e-05
5.6248e-05
5.62463e-05
5.62446e-05
5.62429e-05
5.62412e-05
5.62395e-05
5.62378e-05
5.62361e-05
5.62344e-05
5.62328e-05
5.62311e-05
5.62294e-05
5.62277e-05
5.6226e-05
5.62243e-05
5.62226e-05
5.62209e-05
5.62192e-05
5.62175e-05
5.62159e-05
5.62142e-05
5.62125e-05
5.62108e-05
5.62091e-05
5.62074e-05
5.62057e-05
5.62041e-05
5.62024e-05
5.62007e-05
5.6199e-05
5.61973e-05
5.61957e-05
5.6194e-05
5.61923e-05
5.61906e-05
5.61889e-05
5.61873e-05
5.61856e-05
5.61839e-05
5.61822e-05
5.61806e-05
5.61789e-05
5.61772e-05
5.61755e-05
5.61739e-05
5.61722e-05
5.61705e-05
5.61688e-05
5.61672e-05
5.61655e-05
5.61638e-05
5.61622e-05
5.61605e-05
5.61588e-05
5.61572e-05
5.61555e-05
5.61538e-05
5.61522e-05
5.61505e-05
5.61488e-05
5.61472e-05
5.61455e-05
5.61438e-05
5.61422e-05
5.61405e-05
5.61389e-05
5.61372e-05
5.61355e-05
5.61339e-05
5.61322e-05
5.61306e-05
5.61289e-05
5.61272e-05
5.61256e-05
5.61239e-05
5.61223e-05
5.61206e-05
5.6119e-05
5.61173e-05
5.61156e-05
5.6114e-05
5.61123e-05
5.61107e-05
5.6109e-05
5.61074e-05
5.61057e-05
5.61041e-05
5.61024e-05
5.61008e-05
5.60991e-05
5.60975e-05
5.60958e-05
5.60942e-05
5.60925e-05
5.60909e-05
5.60893e-05
5.60876e-05
5.6086e-05
5.60843e-05
5.60827e-05
5.6081e-05
5.60794e-05
5.60778e-05
5.60761e-05
5.60745e-05
5.60728e-05
5.60712e-05
5.60696e-05
5.60679e-05
5.60663e-05
5.60646e-05
5.6063e-05
5.60614e-05
5.60597e-05
5.60581e-05
5.60565e-05
5.60548e-05
5.60532e-05
5.60516e-05
5.60499e-05
5.60483e-05
5.60467e-05
5.6045e-05
5.60434e-05
5.60418e-05
5.60401e-05
5.60385e-05
5.60369e-05
5.60353e-05
5.60336e-05
5.6032e-05
5.60304e-05
5.60287e-05
5.60271e-05
5.60255e-05
5.60239e-05
5.60223e-05
5.60206e-05
5.6019e-05
5.60174e-05
5.60158e-05
5.60141e-05
5.60125e-05
5.60109e-05
5.60093e-05
5.60077e-05
5.6006e-05
5.60044e-05
5.60028e-05
5.60012e-05
5.59996e-05
5.5998e-05
5.59963e-05
5.59947e-05
5.59931e-05
5.59915e-05
5.59899e-05
5.59883e-05
5.59867e-05
5.59851e-05
5.59834e-05
5.59818e-05
5.59802e-05
5.59786e-05
5.5977e-05
5.59754e-05
5.59738e-05
5.59722e-05
5.59706e-05
5.5969e-05
5.59674e-05
5.59658e-05
5.59642e-05
5.59625e-05
5.59609e-05
5.59593e-05
5.59577e-05
5.59561e-05
5.59545e-05
5.59529e-05
5.59513e-05
5.59497e-05
5.59481e-05
5.59465e-05
5.59449e-05
5.59433e-05
5.59417e-05
5.59401e-05
5.59385e-05
5.59369e-05
5.59354e-05
5.59338e-05
5.59322e-05
5.59306e-05
5.5929e-05
5.59274e-05
5.59258e-05
5.59242e-05
5.59226e-05
5.5921e-05
5.59194e-05
5.59178e-05
5.59162e-05
5.59147e-05
5.59131e-05
5.59115e-05
5.59099e-05
5.59083e-05
5.59067e-05
5.59051e-05
5.59036e-05
5.5902e-05
5.59004e-05
5.58988e-05
5.58972e-05
5.58956e-05
5.58941e-05
5.58925e-05
5.58909e-05
5.58893e-05
5.58877e-05
5.58861e-05
5.58846e-05
5.5883e-05
5.58814e-05
5.58798e-05
5.58783e-05
5.58767e-05
5.58751e-05
5.58735e-05
5.5872e-05
5.58704e-05
5.58688e-05
5.58672e-05
5.58657e-05
5.58641e-05
5.58625e-05
5.58609e-05
5.58594e-05
5.58578e-05
5.58562e-05
5.58547e-05
5.58531e-05
5.58515e-05
5.585e-05
5.58484e-05
5.58468e-05
5.58453e-05
5.58437e-05
5.58421e-05
5.58406e-05
5.5839e-05
5.58374e-05
5.58359e-05
5.58343e-05
5.58327e-05
5.58312e-05
5.58296e-05
5.58281e-05
5.58265e-05
5.58249e-05
5.58234e-05
5.58218e-05
5.58203e-05
5.58187e-05
5.58171e-05
5.58156e-05
5.5814e-05
5.58125e-05
5.58109e-05
5.58094e-05
5.58078e-05
5.58063e-05
5.58047e-05
5.58032e-05
5.58016e-05
5.58e-05
5.57985e-05
5.57969e-05
5.57954e-05
5.57938e-05
5.57923e-05
5.57907e-05
5.57892e-05
5.57876e-05
5.57861e-05
5.57846e-05
5.5783e-05
5.57815e-05
5.57799e-05
5.57784e-05
5.57768e-05
5.57753e-05
5.57737e-05
5.57722e-05
5.57707e-05
5.57691e-05
5.57676e-05
5.5766e-05
5.57645e-05
5.57629e-05
5.57614e-05
5.57599e-05
5.57583e-05
5.57568e-05
5.57553e-05
5.57537e-05
5.57522e-05
5.57506e-05
5.57491e-05
5.57476e-05
5.5746e-05
5.57445e-05
5.5743e-05
5.57414e-05
5.57399e-05
5.57384e-05
5.57368e-05
5.57353e-05
5.57338e-05
5.57322e-05
5.57307e-05
5.57292e-05
5.57277e-05
5.57261e-05
5.57246e-05
5.57231e-05
5.57215e-05
5.572e-05
5.57185e-05
5.5717e-05
5.57154e-05
5.57139e-05
5.57124e-05
5.57109e-05
5.57093e-05
5.57078e-05
5.57063e-05
5.57048e-05
5.57033e-05
5.57017e-05
5.57002e-05
5.56987e-05
5.56972e-05
5.56957e-05
5.56941e-05
5.56926e-05
5.56911e-05
5.56896e-05
5.56881e-05
5.56866e-05
5.5685e-05
5.56835e-05
5.5682e-05
5.56805e-05
5.5679e-05
5.56775e-05
5.5676e-05
5.56745e-05
5.56729e-05
5.56714e-05
5.56699e-05
5.56684e-05
5.56669e-05
5.56654e-05
5.56639e-05
5.56624e-05
5.56609e-05
5.56594e-05
5.56578e-05
5.56563e-05
5.56548e-05
5.56533e-05
5.56518e-05
5.56503e-05
5.56488e-05
5.56473e-05
5.56458e-05
5.56443e-05
5.56428e-05
5.56413e-05
5.56398e-05
5.56383e-05
5.56368e-05
5.56353e-05
5.56338e-05
5.56323e-05
5.56308e-05
5.56293e-05
5.56278e-05
5.56263e-05
5.56248e-05
5.56233e-05
5.56218e-05
5.56203e-05
5.56188e-05
5.56173e-05
5.56159e-05
5.56144e-05
5.56129e-05
5.56114e-05
5.56099e-05
5.56084e-05
5.56069e-05
5.56054e-05
5.56039e-05
5.56024e-05
5.56009e-05
5.55995e-05
5.5598e-05
5.55965e-05
5.5595e-05
5.55935e-05
5.5592e-05
5.55905e-05
5.5589e-05
5.55876e-05
5.55861e-05
5.55846e-05
5.55831e-05
5.55816e-05
5.55801e-05
5.55787e-05
5.55772e-05
5.55757e-05
5.55742e-05
5.55727e-05
5.55713e-05
5.55698e-05
5.55683e-05
5.55668e-05
5.55654e-05
5.55639e-05
5.55624e-05
5.55609e-05
5.55594e-05
5.5558e-05
5.55565e-05
5.5555e-05
5.55535e-05
5.55521e-05
5.55506e-05
5.55491e-05
5.55477e-05
5.55462e-05
5.55447e-05
5.55432e-05
5.55418e-05
5.55403e-05
5.55388e-05
5.55374e-05
5.55359e-05
5.55344e-05
5.5533e-05
5.55315e-05
5.553e-05
5.55286e-05
5.55271e-05
5.55256e-05
5.55242e-05
5.55227e-05
5.55212e-05
5.55198e-05
5.55183e-05
5.55168e-05
5.55154e-05
5.55139e-05
5.55125e-05
5.5511e-05
5.55095e-05
5.55081e-05
5.55066e-05
5.55052e-05
5.55037e-05
5.55022e-05
5.55008e-05
5.54993e-05
5.54979e-05
5.54964e-05
5.5495e-05
5.54935e-05
5.54921e-05
5.54906e-05
5.54891e-05
5.54877e-05
5.54862e-05
5.54848e-05
5.54833e-05
5.54819e-05
5.54804e-05
5.5479e-05
5.54775e-05
5.54761e-05
5.54746e-05
5.54732e-05
5.54717e-05
5.54703e-05
5.54688e-05
5.54674e-05
5.54659e-05
5.54645e-05
5.54631e-05
5.54616e-05
5.54602e-05
5.54587e-05
5.54573e-05
5.54558e-05
5.54544e-05
5.54529e-05
5.54515e-05
5.54501e-05
5.54486e-05
5.54472e-05
5.54457e-05
5.54443e-05
5.54429e-05
5.54414e-05
5.544e-05
5.54385e-05
5.54371e-05
5.54357e-05
5.54342e-05
5.54328e-05
5.54314e-05
5.54299e-05
5.54285e-05
5.54271e-05
5.54256e-05
5.54242e-05
5.54228e-05
5.54213e-05
5.54199e-05
5.54185e-05
5.5417e-05
5.54156e-05
5.54142e-05
5.54127e-05
5.54113e-05
5.54099e-05
5.54085e-05
5.5407e-05
5.54056e-05
5.54042e-05
5.54027e-05
5.54013e-05
5.53999e-05
5.53985e-05
5.5397e-05
5.53956e-05
5.53942e-05
5.53928e-05
5.53913e-05
5.53899e-05
5.53885e-05
5.53871e-05
5.53857e-05
5.53842e-05
5.53828e-05
5.53814e-05
5.538e-05
5.53786e-05
5.53771e-05
5.53757e-05
5.53743e-05
5.53729e-05
5.53715e-05
5.537e-05
5.53686e-05
5.53672e-05
5.53658e-05
5.53644e-05
5.5363e-05
5.53616e-05
5.53601e-05
5.53587e-05
5.53573e-05
5.53559e-05
5.53545e-05
5.53531e-05
5.53517e-05
5.53503e-05
5.53488e-05
5.53474e-05
5.5346e-05
5.53446e-05
5.53432e-05
5.53418e-05
5.53404e-05
5.5339e-05
5.53376e-05
5.53362e-05
5.53348e-05
5.53334e-05
5.5332e-05
5.53305e-05
5.53291e-05
5.53277e-05
5.53263e-05
5.53249e-05
5.53235e-05
5.53221e-05
5.53207e-05
5.53193e-05
5.53179e-05
5.53165e-05
5.53151e-05
5.53137e-05
5.53123e-05
5.53109e-05
5.53095e-05
5.53081e-05
5.53067e-05
5.53053e-05
5.53039e-05
5.53025e-05
5.53012e-05
5.52998e-05
5.52984e-05
5.5297e-05
5.52956e-05
5.52942e-05
5.52928e-05
5.52914e-05
5.529e-05
5.52886e-05
5.52872e-05
5.52858e-05
5.52844e-05
5.5283e-05
5.52817e-05
5.52803e-05
5.52789e-05
5.52775e-05
5.52761e-05
5.52747e-05
5.52733e-05
5.52719e-05
5.52706e-05
5.52692e-05
5.52678e-05
5.52664e-05
5.5265e-05
5.52636e-05
5.52623e-05
5.52609e-05
5.52595e-05
5.52581e-05
5.52567e-05
5.52553e-05
5.5254e-05
5.52526e-05
5.52512e-05
5.52498e-05
5.52484e-05
5.52471e-05
5.52457e-05
5.52443e-05
5.52429e-05
5.52415e-05
5.52402e-05
5.52388e-05
5.52374e-05
5.5236e-05
5.52347e-05
5.52333e-05
5.52319e-05
5.52305e-05
5.52292e-05
5.52278e-05
5.52264e-05
5.52251e-05
5.52237e-05
5.52223e-05
5.52209e-05
5.52196e-05
5.52182e-05
5.52168e-05
5.52155e-05
5.52141e-05
5.52127e-05
5.52114e-05
5.521e-05
5.52086e-05
5.52073e-05
5.52059e-05
5.52045e-05
5.52032e-05
5.52018e-05
5.52004e-05
5.51991e-05
5.51977e-05
5.51963e-05
5.5195e-05
5.51936e-05
5.51922e-05
5.51909e-05
5.51895e-05
5.51882e-05
5.51868e-05
5.51854e-05
5.51841e-05
5.51827e-05
5.51814e-05
5.518e-05
5.51786e-05
5.51773e-05
5.51759e-05
5.51746e-05
5.51732e-05
5.51719e-05
5.51705e-05
5.51692e-05
5.51678e-05
5.51664e-05
5.51651e-05
5.51637e-05
5.51624e-05
5.5161e-05
5.51597e-05
5.51583e-05
5.5157e-05
5.51556e-05
5.51543e-05
5.51529e-05
5.51516e-05
5.51502e-05
5.51489e-05
5.51475e-05
5.51462e-05
5.51448e-05
5.51435e-05
5.51421e-05
5.51408e-05
5.51394e-05
5.51381e-05
5.51368e-05
5.51354e-05
5.51341e-05
5.51327e-05
5.51314e-05
5.513e-05
5.51287e-05
5.51273e-05
5.5126e-05
5.51247e-05
5.51233e-05
5.5122e-05
5.51206e-05
5.51193e-05
5.5118e-05
5.51166e-05
5.51153e-05
5.51139e-05
5.51126e-05
5.51113e-05
5.51099e-05
5.51086e-05
5.51073e-05
5.51059e-05
5.51046e-05
5.51033e-05
5.51019e-05
5.51006e-05
5.50992e-05
5.50979e-05
5.50966e-05
5.50952e-05
5.50939e-05
5.50926e-05
5.50913e-05
5.50899e-05
5.50886e-05
5.50873e-05
5.50859e-05
5.50846e-05
5.50833e-05
5.50819e-05
5.50806e-05
5.50793e-05
5.5078e-05
5.50766e-05
5.50753e-05
5.5074e-05
5.50727e-05
5.50713e-05
5.507e-05
5.50687e-05
5.50674e-05
5.5066e-05
5.50647e-05
5.50634e-05
5.50621e-05
5.50607e-05
5.50594e-05
5.50581e-05
5.50568e-05
5.50555e-05
5.50541e-05
5.50528e-05
5.50515e-05
5.50502e-05
5.50489e-05
5.50475e-05
5.50462e-05
5.50449e-05
5.50436e-05
5.50423e-05
5.5041e-05
5.50396e-05
5.50383e-05
5.5037e-05
5.50357e-05
5.50344e-05
5.50331e-05
5.50317e-05
5.50304e-05
5.50291e-05
5.50278e-05
5.50265e-05
5.50252e-05
5.50239e-05
5.50226e-05
5.50213e-05
5.50199e-05
5.50186e-05
5.50173e-05
5.5016e-05
5.50147e-05
5.50134e-05
5.50121e-05
5.50108e-05
5.50095e-05
5.50082e-05
5.50069e-05
5.50056e-05
5.50043e-05
5.5003e-05
5.50016e-05
5.50003e-05
5.4999e-05
5.49977e-05
5.49964e-05
5.49951e-05
5.49938e-05
5.49925e-05
5.49912e-05
5.49899e-05
5.49886e-05
5.49873e-05
5.4986e-05
5.49847e-05
5.49834e-05
5.49821e-05
5.49808e-05
5.49795e-05
5.49782e-05
5.49769e-05
5.49756e-05
5.49743e-05
5.4973e-05
5.49718e-05
5.49705e-05
5.49692e-05
5.49679e-05
5.49666e-05
5.49653e-05
5.4964e-05
5.49627e-05
5.49614e-05
5.49601e-05
5.49588e-05
5.49575e-05
5.49562e-05
5.49549e-05
5.49537e-05
5.49524e-05
5.49511e-05
5.49498e-05
5.49485e-05
5.49472e-05
5.49459e-05
5.49446e-05
5.49433e-05
5.49421e-05
5.49408e-05
5.49395e-05
5.49382e-05
5.49369e-05
5.49356e-05
5.49344e-05
5.49331e-05
5.49318e-05
5.49305e-05
5.49292e-05
5.49279e-05
5.49267e-05
5.49254e-05
5.49241e-05
5.49228e-05
5.49215e-05
5.49202e-05
5.4919e-05
5.49177e-05
5.49164e-05
5.49151e-05
5.49139e-05
5.49126e-05
5.49113e-05
5.491e-05
5.49087e-05
5.49075e-05
5.49062e-05
5.49049e-05
5.49036e-05
5.49024e-05
5.49011e-05
5.48998e-05
5.48985e-05
5.48973e-05
5.4896e-05
5.48947e-05
5.48935e-05
5.48922e-05
5.48909e-05
5.48896e-05
5.48884e-05
5.48871e-05
5.48858e-05
5.48846e-05
5.48833e-05
5.4882e-05
5.48808e-05
5.48795e-05
5.48782e-05
5.4877e-05
5.48757e-05
5.48744e-05
5.48732e-05
5.48719e-05
5.48706e-05
5.48694e-05
5.48681e-05
5.48668e-05
5.48656e-05
5.48643e-05
5.4863e-05
5.48618e-05
5.48605e-05
5.48593e-05
5.4858e-05
5.48567e-05
5.48555e-05
5.48542e-05
5.48529e-05
5.48517e-05
5.48504e-05
5.48492e-05
5.48479e-05
5.48467e-05
5.48454e-05
5.48441e-05
5.48429e-05
5.48416e-05
5.48404e-05
5.48391e-05
5.48379e-05
5.48366e-05
5.48353e-05
5.48341e-05
5.48328e-05
5.48316e-05
5.48303e-05
5.48291e-05
5.48278e-05
5.48266e-05
5.48253e-05
5.48241e-05
5.48228e-05
5.48216e-05
5.48203e-05
5.48191e-05
5.48178e-05
5.48166e-05
5.48153e-05
5.48141e-05
5.48128e-05
5.48116e-05
5.48103e-05
5.48091e-05
5.48078e-05
5.48066e-05
5.48053e-05
5.48041e-05
5.48029e-05
5.48016e-05
5.48004e-05
5.47991e-05
5.47979e-05
5.47966e-05
5.47954e-05
5.47941e-05
5.47929e-05
5.47917e-05
5.47904e-05
5.47892e-05
5.47879e-05
5.47867e-05
5.47855e-05
5.47842e-05
5.4783e-05
5.47817e-05
5.47805e-05
5.47793e-05
5.4778e-05
5.47768e-05
5.47756e-05
5.47743e-05
5.47731e-05
5.47718e-05
5.47706e-05
5.47694e-05
5.47681e-05
5.47669e-05
5.47657e-05
5.47644e-05
5.47632e-05
5.4762e-05
5.47607e-05
5.47595e-05
5.47583e-05
5.4757e-05
5.47558e-05
5.47546e-05
5.47533e-05
5.47521e-05
5.47509e-05
5.47497e-05
5.47484e-05
5.47472e-05
5.4746e-05
5.47447e-05
5.47435e-05
5.47423e-05
5.47411e-05
5.47398e-05
5.47386e-05
5.47374e-05

