5e-05
5e-05
5e-05
5e-05
5e-05
5e-05
5e-05
5e-05
5e-05
5e-05
5e-05
5e-05
5e-05
5e-05
5e-05
5e-05
5e-05
5e-05
5e-05
5e-05
5e-05
5e-05
5e-05
5e-05
5e-05
5e-05
5e-05
5e-05
5e-05
5e-05
5e-05
5e-05
5e-05
5e-05
5e-05
5e-05
5e-05
5e-05
5e-05
5e-05
5e-05
5e-05
5e-05
5e-05
5e-05
5e-05
5e-05
5e-05
5e-05
5e-05
5e-05
5e-05
5e-05
5e-05
5e-05
5e-05
5e-05
5e-05
5e-05
5e-05
5e-05
5e-05
5e-05
5e-05
5e-05
5e-05
5e-05
5e-05
5e-05
5e-05
5e-05
5e-05
5e-05
5e-05
5e-05
5e-05
5e-05
5e-05
5e-05
5e-05
5e-05
5e-05
5e-05
5e-05
5e-05
5e-05
5e-05
5e-05
5e-05
5e-05
5e-05
5e-05
5e-05
5e-05
5e-05
5e-05
5e-05
5e-05
5e-05
5e-05
5e-05
5e-05
5e-05
5e-05
5e-05
5e-05
5e-05
5e-05
5e-05
5e-05
5e-05
5e-05
5e-05
5e-05
5e-05
5e-05
5e-05
5e-05
5e-05
5e-05
5e-05
5e-05
5e-05
5e-05
5e-05
5e-05
5e-05
5e-05
5e-05
5e-05
5e-05
5e-05
5e-05
5e-05
5e-05
5e-05
5e-05
5e-05
5e-05
5e-05
5e-05
5e-05
5e-05
5e-05
5e-05
5e-05
5e-05
5e-05
5e-05
5e-05
5e-05
5e-05
5e-05
5e-05
5e-05
5e-05
5e-05
5e-05
5e-05
5e-05
5e-05
5e-05
5e-05
5e-05
5e-05
5e-05
5e-05
5e-05
5e-05
5e-05
5e-05
5e-05
5e-05
5e-05
5e-05
5e-05
5e-05
5e-05
5e-05
5e-05
5e-05
5e-05
5e-05
5e-05
5e-05
5e-05
5e-05
5e-05
5e-05
5e-05
5e-05
5e-05
5e-05
5e-05
5e-05
5e-05
5e-05
5e-05
5e-05
5e-05
5e-05
5e-05
5e-05
5e-05
5e-05
5e-05
5e-05
5e-05
5e-05
5e-05
5e-05
5e-05
5e-05
5e-05
5e-05
5e-05
5e-05
5e-05
5e-05
5e-05
5e-05
5e-05
5e-05
5e-05
5e-05
5e-05
5e-05
5e-05
5e-05
5e-05
5e-05
5e-05
5e-05
5e-05
5e-05
5e-05
5e-05
5e-05
5e-05
5e-05
5e-05
5e-05
5e-05
5e-05
5e-05
5e-05
5e-05
5e-05
5e-05
5e-05
5e-05
5e-05
5e-05
5e-05
5e-05
5e-05
5e-05
5e-05
5e-05
5e-05
5e-05
5e-05
5e-05
5e-05
5e-05
5e-05
5e-05
5e-05
5e-05
5e-05
5e-05
5e-05
5e-05
5e-05
5e-05
5e-05
5e-05
5e-05
5e-05
5e-05
5e-05
5e-05
5e-05
5e-05
5e-05
5e-05
5e-05
5e-05
5e-05
5e-05
5e-05
5e-05
5e-05
5e-05
5e-05
5e-05
5e-05
5e-05
5e-05
5e-05
5e-05
5e-05
5e-05
5e-05
5e-05
5e-05
5e-05
5e-05
5e-05
5e-05
5e-05
5e-05
5e-05
5e-05
5e-05
5e-05
5e-05
5e-05
5e-05
5e-05
5e-05
5e-05
5e-05
5e-05
5e-05
5e-05
5e-05
5e-05
5e-05
5e-05
5e-05
5e-05
5e-05
5e-05
5e-05
5e-05
5e-05
5e-05
5e-05
5e-05
5e-05
5e-05
5e-05
5e-05
5e-05
5e-05
5e-05
5e-05
5e-05
5e-05
5e-05
5e-05
5e-05
5e-05
5e-05
5e-05
5e-05
5e-05
5e-05
5e-05
5e-05
5e-05
5e-05
5e-05
5e-05
5e-05
5e-05
5e-05
5e-05
5e-05
5e-05
5e-05
5e-05
5e-05
5e-05
5e-05
5e-05
5e-05
5e-05
5e-05
5e-05
5e-05
5e-05
5e-05
5e-05
5e-05
5e-05
5e-05
5e-05
5e-05
5e-05
5e-05
5e-05
5e-05
5e-05
5e-05
5e-05
5e-05
5e-05
5e-05
5e-05
5e-05
5e-05
5e-05
5e-05
5e-05
5e-05
5e-05
5e-05
5e-05
5e-05
5e-05
5e-05
5e-05
5e-05
5e-05
5e-05
5e-05
5e-05
5e-05
5e-05
5e-05
5e-05
5e-05
5e-05
5e-05
5e-05
5e-05
5e-05
5e-05
5e-05
5e-05
5e-05
5e-05
5e-05
5e-05
5e-05
5e-05
5e-05
5e-05
5e-05
5e-05
5e-05
5e-05
5e-05
5e-05
5e-05
5e-05
5e-05
5e-05
5e-05
5e-05
5e-05
5e-05
5e-05
5e-05
5e-05
5e-05
5e-05
5e-05
5e-05
5e-05
5e-05
5e-05
5e-05
5e-05
5e-05
5e-05
5e-05
5e-05
5e-05
5e-05
5e-05
5e-05
5e-05
5e-05
5e-05
5e-05
5e-05
5e-05
5e-05
5e-05
5e-05
5e-05
5e-05
5e-05
5e-05
5e-05
5e-05
5e-05
5e-05
5e-05
5e-05
5e-05
5e-05
5e-05
5e-05
5e-05
5e-05
5e-05
5e-05
5e-05
5e-05
5e-05
5e-05
5e-05
5e-05
5e-05
5e-05
5e-05
5e-05
5e-05
5e-05
5e-05
5e-05
5e-05
5e-05
5e-05
5e-05
5e-05
5e-05
5e-05
5e-05
5e-05
5e-05
5e-05
5e-05
5e-05
5e-05
5e-05
5e-05
5e-05
5e-05
5e-05
5e-05
5e-05
5e-05
5e-05
5e-05
5e-05
5e-05
5e-05
5e-05
5e-05
5e-05
5e-05
5e-05
5e-05
5e-05
5e-05
5e-05
5e-05
5e-05
5e-05
5e-05
5e-05
5e-05
5e-05
5e-05
5e-05
5e-05
5e-05
5e-05
5e-05
5e-05
5e-05
5e-05
5e-05
5e-05
5e-05
5e-05
5e-05
5e-05
5e-05
5e-05
5e-05
5e-05
5e-05
5e-05
5e-05
5e-05
5e-05
5e-05
5e-05
5e-05
5e-05
5e-05
5e-05
5e-05
5e-05
5e-05
5e-05
5e-05
5e-05
5e-05
5e-05
5e-05
5e-05
5e-05
5e-05
5e-05
5e-05
5e-05
5e-05
5e-05
5e-05
5e-05
5e-05
5e-05
5e-05
5e-05
5e-05
5e-05
5e-05
5e-05
5e-05
5e-05
5e-05
5e-05
5e-05
5e-05
5e-05
5e-05
5e-05
5e-05
5e-05
5e-05
5e-05
5e-05
5e-05
5e-05
5e-05
5e-05
5e-05
5e-05
5e-05
5e-05
5e-05
5e-05
5e-05
5e-05
5e-05
5e-05
5e-05
5e-05
5e-05
5e-05
5e-05
5e-05
5e-05
5e-05
5e-05
5e-05
5e-05
5e-05
5e-05
5e-05
5e-05
5e-05
5e-05
5e-05
5e-05
5e-05
5e-05
5e-05
5e-05
5e-05
5e-05
5e-05
5e-05
5e-05
5e-05
5e-05
5e-05
5e-05
5e-05
5e-05
5e-05
5e-05
5e-05
5e-05
5e-05
5e-05
5e-05
5e-05
5e-05
5e-05
5e-05
5e-05
5e-05
5e-05
5e-05
5e-05
5e-05
5e-05
5e-05
5e-05
5e-05
5e-05
5e-05
5e-05
5e-05
5e-05
5e-05
5e-05
5e-05
5e-05
5e-05
5e-05
5e-05
5e-05
5e-05
5e-05
5e-05
5e-05
5e-05
5e-05
5e-05
5e-05
5e-05
5e-05
5e-05
5e-05
5e-05
5e-05
5e-05
5e-05
5e-05
5e-05
5e-05
5e-05
5e-05
5e-05
5e-05
5e-05
5e-05
5e-05
5e-05
5e-05
5e-05
5e-05
5e-05
5e-05
5e-05
5e-05
5e-05
5e-05
5e-05
5e-05
5e-05
5e-05
5e-05
5e-05
5e-05
5e-05
5e-05
5e-05
5e-05
5e-05
5e-05
5e-05
5e-05
5e-05
5e-05
5e-05
5e-05
5e-05
5e-05
5e-05
5e-05
5e-05
5e-05
5e-05
5e-05
5e-05
5e-05
5e-05
5e-05
5e-05
5e-05
5e-05
5e-05
5e-05
5e-05
5e-05
5e-05
5e-05
5e-05
5e-05
5e-05
5e-05
5e-05
5e-05
5e-05
5e-05
5e-05
5e-05
5e-05
5e-05
5e-05
5e-05
5e-05
5e-05
5e-05
5e-05
5e-05
5e-05
5e-05
5e-05
5e-05
5e-05
5e-05
5e-05
5e-05
5e-05
5e-05
5e-05
5e-05
5e-05
5e-05
5e-05
5e-05
5e-05
5e-05
5e-05
5e-05
5e-05
5e-05
5.00001e-05
5.00001e-05
5.00001e-05
5.00001e-05
5.00001e-05
5.00001e-05
5.00002e-05
5.00002e-05
5.00002e-05
5.00003e-05
5.00003e-05
5.00004e-05
5.00005e-05
5.00005e-05
5.00006e-05
5.00007e-05
5.00008e-05
5.0001e-05
5.00011e-05
5.00012e-05
5.00014e-05
5.00016e-05
5.00018e-05
5.0002e-05
5.00022e-05
5.00025e-05
5.00028e-05
5.00031e-05
5.00035e-05
5.00038e-05
5.00042e-05
5.00047e-05
5.00051e-05
5.00056e-05
5.00062e-05
5.00068e-05
5.00074e-05
5.00081e-05
5.00088e-05
5.00095e-05
5.00104e-05
5.00112e-05
5.00122e-05
5.00131e-05
5.00142e-05
5.00153e-05
5.00165e-05
5.00177e-05
5.0019e-05
5.00204e-05
5.00219e-05
5.00235e-05
5.00251e-05
5.00268e-05
5.00286e-05
5.00305e-05
5.00325e-05
5.00346e-05
5.00367e-05
5.0039e-05
5.00414e-05
5.00439e-05
5.00465e-05
5.00493e-05
5.00521e-05
5.00551e-05
5.00582e-05
5.00614e-05
5.00647e-05
5.00682e-05
5.00718e-05
5.00756e-05
5.00795e-05
5.00836e-05
5.00878e-05
5.00921e-05
5.00966e-05
5.01013e-05
5.01061e-05
5.01111e-05
5.01163e-05
5.01217e-05
5.01272e-05
5.01329e-05
5.01388e-05
5.01448e-05
5.01511e-05
5.01575e-05
5.01641e-05
5.0171e-05
5.0178e-05
5.01852e-05
5.01927e-05
5.02003e-05
5.02082e-05
5.02162e-05
5.02245e-05
5.0233e-05
5.02417e-05
5.02506e-05
5.02598e-05
5.02691e-05
5.02787e-05
5.02886e-05
5.02986e-05
5.03089e-05
5.03195e-05
5.03302e-05
5.03412e-05
5.03525e-05
5.03639e-05
5.03757e-05
5.03876e-05
5.03998e-05
5.04123e-05
5.0425e-05
5.04379e-05
5.04511e-05
5.04646e-05
5.04782e-05
5.04922e-05
5.05064e-05
5.05208e-05
5.05355e-05
5.05505e-05
5.05657e-05
5.05811e-05
5.05968e-05
5.06128e-05
5.0629e-05
5.06455e-05
5.06622e-05
5.06792e-05
5.06964e-05
5.07139e-05
5.07316e-05
5.07496e-05
5.07678e-05
5.07863e-05
5.08051e-05
5.08241e-05
5.08433e-05
5.08628e-05
5.08825e-05
5.09025e-05
5.09228e-05
5.09433e-05
5.0964e-05
5.0985e-05
5.10062e-05
5.10276e-05
5.10493e-05
5.10713e-05
5.10935e-05
5.11159e-05
5.11385e-05
5.11614e-05
5.11845e-05
5.12079e-05
5.12315e-05
5.12553e-05
5.12794e-05
5.13036e-05
5.13281e-05
5.13529e-05
5.13778e-05
5.1403e-05
5.14284e-05
5.1454e-05
5.14798e-05
5.15058e-05
5.15321e-05
5.15586e-05
5.15852e-05
5.16121e-05
5.16392e-05
5.16665e-05
5.1694e-05
5.17217e-05
5.17496e-05
5.17777e-05
5.1806e-05
5.18345e-05
5.18631e-05
5.1892e-05
5.19211e-05
5.19503e-05
5.19797e-05
5.20094e-05
5.20391e-05
5.20691e-05
5.20993e-05
5.21296e-05
5.21601e-05
5.21907e-05
5.22216e-05
5.22526e-05
5.22838e-05
5.23151e-05
5.23466e-05
5.23782e-05
5.24101e-05
5.2442e-05
5.24741e-05
5.25064e-05
5.25388e-05
5.25714e-05
5.26041e-05
5.2637e-05
5.267e-05
5.27031e-05
5.27364e-05
5.27698e-05
5.28034e-05
5.28371e-05
5.28709e-05
5.29049e-05
5.29389e-05
5.29731e-05
5.30075e-05
5.30419e-05
5.30765e-05
5.31112e-05
5.31459e-05
5.31809e-05
5.32159e-05
5.3251e-05
5.32863e-05
5.33216e-05
5.33571e-05
5.33926e-05
5.34283e-05
5.3464e-05
5.34999e-05
5.35359e-05
5.35719e-05
5.3608e-05
5.36443e-05
5.36806e-05
5.3717e-05
5.37535e-05
5.37901e-05
5.38267e-05
5.38635e-05
5.39003e-05
5.39372e-05
5.39741e-05
5.40112e-05
5.40483e-05
5.40855e-05
5.41227e-05
5.41601e-05
5.41975e-05
5.42349e-05
5.42724e-05
5.431e-05
5.43476e-05
5.43853e-05
5.44231e-05
5.44609e-05
5.44988e-05
5.45367e-05
5.45746e-05
5.46126e-05
5.46507e-05
5.46888e-05
5.4727e-05
5.47652e-05
5.48034e-05
5.48417e-05
5.488e-05
5.49183e-05
5.49567e-05
5.49952e-05
5.50336e-05
5.50721e-05
5.51106e-05
5.51492e-05
5.51878e-05
5.52264e-05
5.5265e-05
5.53037e-05
5.53423e-05
5.5381e-05
5.54198e-05
5.54585e-05
5.54973e-05
5.55361e-05
5.55748e-05
5.56137e-05
5.56525e-05
5.56913e-05
5.57302e-05
5.5769e-05
5.58079e-05
5.58468e-05
5.58856e-05
5.59245e-05
5.59634e-05
5.60023e-05
5.60412e-05
5.60801e-05
5.6119e-05
5.61579e-05
5.61968e-05
5.62357e-05
5.62746e-05
5.63135e-05
5.63524e-05
5.63912e-05
5.64301e-05
5.6469e-05
5.65078e-05
5.65467e-05
5.65855e-05
5.66243e-05
5.66631e-05
5.67019e-05
5.67407e-05
5.67794e-05
5.68182e-05
5.68569e-05
5.68956e-05
5.69343e-05
5.69729e-05
5.70116e-05
5.70502e-05
5.70888e-05
5.71274e-05
5.71659e-05
5.72044e-05
5.72429e-05
5.72814e-05
5.73198e-05
5.73583e-05
5.73966e-05
5.7435e-05
5.74733e-05
5.75116e-05
5.75499e-05
5.75881e-05
5.76263e-05
5.76645e-05
5.77026e-05
5.77407e-05
5.77788e-05
5.78168e-05
5.78548e-05
5.78927e-05
5.79306e-05
5.79685e-05
5.80063e-05
5.80441e-05
5.80819e-05
5.81196e-05
5.81572e-05
5.81949e-05
5.82324e-05
5.827e-05
5.83075e-05
5.83449e-05
5.83823e-05
5.84197e-05
5.8457e-05
5.84942e-05
5.85314e-05
5.85686e-05
5.86057e-05
5.86428e-05
5.86798e-05
5.87168e-05
5.87537e-05
5.87905e-05
5.88273e-05
5.88641e-05
5.89008e-05
5.89375e-05
5.89741e-05
5.90106e-05
5.90471e-05
5.90835e-05
5.91199e-05
5.91563e-05
5.91925e-05
5.92287e-05
5.92649e-05
5.9301e-05
5.9337e-05
5.9373e-05
5.9409e-05
5.94448e-05
5.94806e-05
5.95164e-05
5.95521e-05
5.95877e-05
5.96233e-05
5.96588e-05
5.96942e-05
5.97296e-05
5.97649e-05
5.98002e-05
5.98354e-05
5.98705e-05
5.99056e-05
5.99406e-05
5.99756e-05
6.00104e-05
6.00453e-05
6.008e-05
6.01147e-05
6.01493e-05
6.01839e-05
6.02184e-05
6.02528e-05
6.02872e-05
6.03215e-05
6.03557e-05
6.03899e-05
6.04239e-05
6.0458e-05
6.04919e-05
6.05258e-05
6.05596e-05
6.05934e-05
6.06271e-05
6.06607e-05
6.06943e-05
6.07277e-05
6.07611e-05
6.07945e-05
6.08278e-05
6.0861e-05
6.08941e-05
6.09272e-05
6.09601e-05
6.09931e-05
6.10259e-05
6.10587e-05
6.10914e-05
6.1124e-05
6.11566e-05
6.11891e-05
6.12215e-05
6.12539e-05
6.12862e-05
6.13184e-05
6.13505e-05
6.13826e-05
6.14146e-05
6.14465e-05
6.14783e-05
6.15101e-05
6.15418e-05
6.15734e-05
6.1605e-05
6.16364e-05
6.16679e-05
6.16992e-05
6.17305e-05
6.17616e-05
6.17928e-05
6.18238e-05
6.18548e-05
6.18857e-05
6.19165e-05
6.19472e-05
6.19779e-05
6.20085e-05
6.2039e-05
6.20694e-05
6.20998e-05
6.21301e-05
6.21603e-05
6.21905e-05
6.22206e-05
6.22506e-05
6.22805e-05
6.23103e-05
6.23401e-05
6.23698e-05
6.23994e-05
6.2429e-05
6.24585e-05
6.24879e-05
6.25172e-05
6.25465e-05
6.25756e-05
6.26047e-05
6.26338e-05
6.26627e-05
6.26916e-05
6.27204e-05
6.27491e-05
6.27778e-05
6.28063e-05
6.28348e-05
6.28633e-05
6.28916e-05
6.29199e-05
6.29481e-05
6.29762e-05
6.30043e-05
6.30322e-05
6.30601e-05
6.3088e-05
6.31157e-05
6.31434e-05
6.3171e-05
6.31985e-05
6.3226e-05
6.32533e-05
6.32806e-05
6.33079e-05
6.3335e-05
6.33621e-05
6.33891e-05
6.3416e-05
6.34429e-05
6.34696e-05
6.34963e-05
6.3523e-05
6.35495e-05
6.3576e-05
6.36024e-05
6.36287e-05
6.3655e-05
6.36812e-05
6.37073e-05
6.37333e-05
6.37593e-05
6.37851e-05
6.38109e-05
6.38367e-05
6.38623e-05
6.38879e-05
6.39134e-05
6.39389e-05
6.39642e-05
6.39895e-05
6.40147e-05
6.40399e-05
6.4065e-05
6.409e-05
6.41149e-05
6.41397e-05
6.41645e-05
6.41892e-05
6.42138e-05
6.42384e-05
6.42629e-05
6.42873e-05
6.43116e-05
6.43359e-05
6.43601e-05
6.43842e-05
6.44083e-05
6.44322e-05
6.44561e-05
6.448e-05
6.45037e-05
6.45274e-05
6.4551e-05
6.45746e-05
6.4598e-05
6.46214e-05
6.46448e-05
6.4668e-05
6.46912e-05
6.47143e-05
6.47374e-05
6.47603e-05
6.47832e-05
6.48061e-05
6.48288e-05
6.48515e-05
6.48741e-05
6.48967e-05
6.49191e-05
6.49415e-05
6.49639e-05
6.49861e-05
6.50083e-05
6.50305e-05
6.50525e-05
6.50745e-05
6.50964e-05
6.51183e-05
6.514e-05
6.51618e-05
6.51834e-05
6.5205e-05
6.52265e-05
6.52479e-05
6.52692e-05
6.52905e-05
6.53118e-05
6.53329e-05
6.5354e-05
6.5375e-05
6.5396e-05
6.54169e-05
6.54377e-05
6.54584e-05
6.54791e-05
6.54997e-05
6.55203e-05
6.55407e-05
6.55611e-05
6.55815e-05
6.56018e-05
6.5622e-05
6.56421e-05
6.56622e-05
6.56822e-05
6.57021e-05
6.5722e-05
6.57418e-05
6.57616e-05
6.57813e-05
6.58009e-05
6.58204e-05
6.58399e-05
6.58593e-05
6.58787e-05
6.58979e-05
6.59172e-05
6.59363e-05
6.59554e-05
6.59744e-05
6.59934e-05
6.60123e-05
6.60311e-05
6.60499e-05
6.60686e-05
6.60872e-05
6.61058e-05
6.61243e-05
6.61428e-05
6.61612e-05
6.61795e-05
6.61977e-05
6.62159e-05
6.62341e-05
6.62521e-05
6.62701e-05
6.62881e-05
6.6306e-05
6.63238e-05
6.63415e-05
6.63592e-05
6.63769e-05
6.63944e-05
6.6412e-05
6.64294e-05
6.64468e-05
6.64641e-05
6.64814e-05
6.64986e-05
6.65157e-05
6.65328e-05
6.65498e-05
6.65668e-05
6.65837e-05
6.66005e-05
6.66173e-05
6.6634e-05
6.66507e-05
6.66673e-05
6.66838e-05
6.67003e-05
6.67167e-05
6.67331e-05
6.67494e-05
6.67656e-05
6.67818e-05
6.67979e-05
6.6814e-05
6.683e-05
6.6846e-05
6.68619e-05
6.68777e-05
6.68935e-05
6.69092e-05
6.69249e-05
6.69405e-05
6.6956e-05
6.69715e-05
6.69869e-05
6.70023e-05
6.70176e-05
6.70329e-05
6.70481e-05
6.70632e-05
6.70783e-05
6.70934e-05
6.71083e-05
6.71233e-05
6.71381e-05
6.71529e-05
6.71677e-05
6.71824e-05
6.7197e-05
6.72116e-05
6.72262e-05
6.72406e-05
6.72551e-05
6.72694e-05
6.72838e-05
6.7298e-05
6.73122e-05
6.73264e-05
6.73405e-05
6.73545e-05
6.73685e-05
6.73824e-05
6.73963e-05
6.74102e-05
6.74239e-05
6.74377e-05
6.74513e-05
6.74649e-05
6.74785e-05
6.7492e-05
6.75055e-05
6.75189e-05
6.75322e-05
6.75455e-05
6.75588e-05
6.7572e-05
6.75851e-05
6.75982e-05
6.76113e-05
6.76243e-05
6.76372e-05
6.76501e-05
6.76629e-05
6.76757e-05
6.76885e-05
6.77012e-05
6.77138e-05
6.77264e-05
6.77389e-05
6.77514e-05
6.77638e-05
6.77762e-05
6.77886e-05
6.78008e-05
6.78131e-05
6.78253e-05
6.78374e-05
6.78495e-05
6.78615e-05
6.78735e-05
6.78855e-05
6.78974e-05
6.79092e-05
6.7921e-05
6.79328e-05
6.79445e-05
6.79561e-05
6.79677e-05
6.79793e-05
6.79908e-05
6.80022e-05
6.80137e-05
6.8025e-05
6.80363e-05
6.80476e-05
6.80588e-05
6.807e-05
6.80811e-05
6.80922e-05
6.81033e-05
6.81143e-05
6.81252e-05
6.81361e-05
6.8147e-05
6.81578e-05
6.81685e-05
6.81793e-05
6.81899e-05
6.82006e-05
6.82111e-05
6.82217e-05
6.82322e-05
6.82426e-05
6.8253e-05
6.82634e-05
6.82737e-05
6.82839e-05
6.82942e-05
6.83043e-05
6.83145e-05
6.83246e-05
6.83346e-05
6.83446e-05
6.83546e-05
6.83645e-05
6.83744e-05
6.83842e-05
6.8394e-05
6.84037e-05
6.84134e-05
6.84231e-05
6.84327e-05
6.84423e-05
6.84518e-05
6.84613e-05
6.84707e-05
6.84801e-05
6.84895e-05
6.84988e-05
6.85081e-05
6.85173e-05
6.85265e-05
6.85357e-05
6.85448e-05
6.85539e-05
6.85629e-05
6.85719e-05
6.85808e-05
6.85897e-05
6.85986e-05
6.86074e-05
6.86162e-05
6.86249e-05
6.86336e-05
6.86423e-05
6.86509e-05
6.86595e-05
6.86681e-05
6.86766e-05
6.8685e-05
6.86934e-05
6.87018e-05
6.87102e-05
6.87185e-05
6.87267e-05
6.8735e-05
6.87432e-05
6.87513e-05
6.87594e-05
6.87675e-05
6.87755e-05
6.87835e-05
6.87915e-05
6.87994e-05
6.88073e-05
6.88151e-05
6.88229e-05
6.88307e-05
6.88384e-05
6.88461e-05
6.88538e-05
6.88614e-05
6.8869e-05
6.88765e-05
6.88841e-05
6.88915e-05
6.8899e-05
6.89064e-05
6.89137e-05
6.8921e-05
6.89283e-05
6.89356e-05
6.89428e-05
6.895e-05
6.89571e-05
6.89642e-05
6.89713e-05
6.89783e-05
6.89853e-05
6.89923e-05
6.89992e-05
6.90061e-05
6.9013e-05
6.90198e-05
6.90266e-05
6.90333e-05
6.90401e-05
6.90467e-05
6.90534e-05
6.906e-05
6.90666e-05
6.90731e-05
6.90796e-05
6.90861e-05
6.90926e-05
6.9099e-05
6.91054e-05
6.91117e-05
6.9118e-05
6.91243e-05
6.91305e-05
6.91367e-05
6.91429e-05
6.9149e-05
6.91552e-05
6.91612e-05
6.91673e-05
6.91733e-05
6.91793e-05
6.91852e-05
6.91911e-05
6.9197e-05
6.92028e-05
6.92087e-05
6.92144e-05
6.92202e-05
6.92259e-05
6.92316e-05
6.92373e-05
6.92429e-05
6.92485e-05
6.9254e-05
6.92596e-05
6.92651e-05
6.92705e-05
6.9276e-05
6.92814e-05
6.92867e-05
6.92921e-05
6.92974e-05
6.93027e-05
6.93079e-05
6.93131e-05
6.93183e-05
6.93235e-05
6.93286e-05
6.93337e-05
6.93388e-05
6.93438e-05
6.93488e-05
6.93538e-05
6.93587e-05
6.93636e-05
6.93685e-05
6.93734e-05
6.93782e-05
6.9383e-05
6.93878e-05
6.93925e-05
6.93972e-05
6.94019e-05
6.94066e-05
6.94112e-05
6.94158e-05
6.94204e-05
6.94249e-05
6.94294e-05
6.94339e-05
6.94384e-05
6.94428e-05
6.94472e-05
6.94515e-05
6.94559e-05
6.94602e-05
6.94645e-05
6.94687e-05
6.9473e-05
6.94772e-05
6.94813e-05
6.94855e-05
6.94896e-05
6.94937e-05
6.94978e-05
6.95018e-05
6.95058e-05
6.95098e-05
6.95137e-05
6.95177e-05
6.95216e-05
6.95254e-05
6.95293e-05
6.95331e-05
6.95369e-05
6.95407e-05
6.95444e-05
6.95481e-05
6.95518e-05
6.95555e-05
6.95591e-05
6.95627e-05
6.95663e-05
6.95699e-05
6.95734e-05
6.95769e-05
6.95804e-05
6.95839e-05
6.95873e-05
6.95907e-05
6.95941e-05
6.95974e-05
6.96008e-05
6.96041e-05
6.96074e-05
6.96106e-05
6.96139e-05
6.96171e-05
6.96202e-05
6.96234e-05
6.96265e-05
6.96296e-05
6.96327e-05
6.96358e-05
6.96388e-05
6.96418e-05
6.96448e-05
6.96478e-05
6.96507e-05
6.96536e-05
6.96565e-05
6.96594e-05
6.96622e-05
6.9665e-05
6.96678e-05
6.96706e-05
6.96734e-05
6.96761e-05
6.96788e-05
6.96815e-05
6.96841e-05
6.96868e-05
6.96894e-05
6.9692e-05
6.96945e-05
6.96971e-05
6.96996e-05
6.97021e-05
6.97045e-05
6.9707e-05
6.97094e-05
6.97118e-05
6.97142e-05
6.97166e-05
6.97189e-05
6.97212e-05
6.97235e-05
6.97258e-05
6.9728e-05
6.97303e-05
6.97325e-05
6.97346e-05
6.97368e-05
6.9739e-05
6.97411e-05
6.97432e-05
6.97452e-05
6.97473e-05
6.97493e-05
6.97513e-05
6.97533e-05
6.97553e-05
6.97572e-05
6.97592e-05
6.97611e-05
6.9763e-05
6.97648e-05
6.97667e-05
6.97685e-05
6.97703e-05
6.97721e-05
6.97738e-05
6.97756e-05
6.97773e-05
6.9779e-05
6.97807e-05
6.97823e-05
6.9784e-05
6.97856e-05
6.97872e-05
6.97888e-05
6.97903e-05
6.97919e-05
6.97934e-05
6.97949e-05
6.97964e-05
6.97978e-05
6.97993e-05
6.98007e-05
6.98021e-05
6.98035e-05
6.98048e-05
6.98062e-05
6.98075e-05
6.98088e-05
6.98101e-05
6.98114e-05
6.98126e-05
6.98138e-05
6.9815e-05
6.98162e-05
6.98174e-05
6.98186e-05
6.98197e-05
6.98208e-05
6.98219e-05
6.9823e-05
6.9824e-05
6.98251e-05
6.98261e-05
6.98271e-05
6.98281e-05
6.98291e-05
6.983e-05
6.98309e-05
6.98319e-05
6.98328e-05
6.98336e-05
6.98345e-05
6.98353e-05
6.98362e-05
6.9837e-05
6.98378e-05
6.98385e-05
6.98393e-05
6.984e-05
6.98407e-05
6.98414e-05
6.98421e-05
6.98428e-05
6.98434e-05
6.98441e-05
6.98447e-05
6.98453e-05
6.98459e-05
6.98464e-05
6.9847e-05
6.98475e-05
6.9848e-05
6.98485e-05
6.9849e-05
6.98495e-05
6.98499e-05
6.98503e-05
6.98508e-05
6.98511e-05
6.98515e-05
6.98519e-05
6.98522e-05
6.98526e-05
6.98529e-05
6.98532e-05
6.98535e-05
6.98537e-05
6.9854e-05
6.98542e-05
6.98544e-05
6.98546e-05
6.98548e-05
6.9855e-05
6.98552e-05
6.98553e-05
6.98554e-05
6.98555e-05
6.98556e-05
6.98557e-05
6.98558e-05
6.98558e-05
6.98558e-05
6.98559e-05
6.98559e-05
6.98558e-05
6.98558e-05
6.98558e-05
6.98557e-05
6.98556e-05
6.98555e-05
6.98554e-05
6.98553e-05
6.98552e-05
6.9855e-05
6.98549e-05
6.98547e-05
6.98545e-05
6.98543e-05
6.98541e-05
6.98538e-05
6.98536e-05
6.98533e-05
6.9853e-05
6.98527e-05
6.98524e-05
6.98521e-05
6.98518e-05
6.98514e-05
6.9851e-05
6.98507e-05
6.98503e-05
6.98498e-05
6.98494e-05
6.9849e-05
6.98485e-05
6.98481e-05
6.98476e-05
6.98471e-05
6.98466e-05
6.98461e-05
6.98455e-05
6.9845e-05
6.98444e-05
6.98439e-05
6.98433e-05
6.98427e-05
6.98421e-05
6.98414e-05
6.98408e-05
6.98401e-05
6.98395e-05
6.98388e-05
6.98381e-05
6.98374e-05
6.98367e-05
6.98359e-05
6.98352e-05
6.98344e-05
6.98336e-05
6.98329e-05
6.98321e-05
6.98312e-05
6.98304e-05
6.98296e-05
6.98287e-05
6.98279e-05
6.9827e-05
6.98261e-05
6.98252e-05
6.98243e-05
6.98234e-05
6.98224e-05
6.98215e-05
6.98205e-05
6.98195e-05
6.98186e-05
6.98176e-05
6.98165e-05
6.98155e-05
6.98145e-05
6.98134e-05
6.98124e-05
6.98113e-05
6.98102e-05
6.98091e-05
6.9808e-05
6.98069e-05
6.98058e-05
6.98046e-05
6.98035e-05
6.98023e-05
6.98011e-05
6.97999e-05
6.97987e-05
6.97975e-05
6.97963e-05
6.97951e-05
6.97938e-05
6.97926e-05
6.97913e-05
6.979e-05
6.97887e-05
6.97874e-05
6.97861e-05
6.97848e-05
6.97834e-05
6.97821e-05
6.97807e-05
6.97794e-05
6.9778e-05
6.97766e-05
6.97752e-05
6.97738e-05
6.97723e-05
6.97709e-05
6.97694e-05
6.9768e-05
6.97665e-05
6.9765e-05
6.97635e-05
6.9762e-05
6.97605e-05
6.9759e-05
6.97575e-05
6.97559e-05
6.97544e-05
6.97528e-05
6.97512e-05
6.97497e-05
6.97481e-05
6.97465e-05
6.97448e-05
6.97432e-05
6.97416e-05
6.97399e-05
6.97383e-05
6.97366e-05
6.97349e-05
6.97332e-05
6.97315e-05
6.97298e-05
6.97281e-05
6.97264e-05
6.97246e-05
6.97229e-05
6.97211e-05
6.97194e-05
6.97176e-05
6.97158e-05
6.9714e-05
6.97122e-05
6.97104e-05
6.97086e-05
6.97067e-05
6.97049e-05
6.9703e-05
6.97012e-05
6.96993e-05
6.96974e-05
6.96955e-05
6.96936e-05
6.96917e-05
6.96898e-05
6.96879e-05
6.96859e-05
6.9684e-05
6.9682e-05
6.968e-05
6.96781e-05
6.96761e-05
6.96741e-05
6.96721e-05
6.96701e-05
6.9668e-05
6.9666e-05
6.9664e-05
6.96619e-05
6.96599e-05
6.96578e-05
6.96557e-05
6.96536e-05
6.96516e-05
6.96495e-05
6.96473e-05
6.96452e-05
6.96431e-05
6.9641e-05
6.96388e-05
6.96367e-05
6.96345e-05
6.96323e-05
6.96302e-05
6.9628e-05
6.96258e-05
6.96236e-05
6.96214e-05
6.96191e-05
6.96169e-05
6.96147e-05
6.96124e-05
6.96102e-05
6.96079e-05
6.96056e-05
6.96033e-05
6.96011e-05
6.95988e-05
6.95965e-05
6.95942e-05
6.95918e-05
6.95895e-05
6.95872e-05
6.95848e-05
6.95825e-05
6.95801e-05
6.95777e-05
6.95754e-05
6.9573e-05
6.95706e-05
6.95682e-05
6.95658e-05
6.95634e-05
6.9561e-05
6.95585e-05
6.95561e-05
6.95536e-05
6.95512e-05
6.95487e-05
6.95463e-05
6.95438e-05
6.95413e-05
6.95388e-05
6.95363e-05
6.95338e-05
6.95313e-05
6.95288e-05
6.95263e-05
6.95237e-05
6.95212e-05
6.95186e-05
6.95161e-05
6.95135e-05
6.95109e-05
6.95084e-05
6.95058e-05
6.95032e-05
6.95006e-05
6.9498e-05
6.94954e-05
6.94927e-05
6.94901e-05
6.94875e-05
6.94848e-05
6.94822e-05
6.94795e-05
6.94769e-05
6.94742e-05
6.94715e-05
6.94688e-05
6.94661e-05
6.94634e-05
6.94607e-05
6.9458e-05
6.94553e-05
6.94526e-05
6.94499e-05
6.94471e-05
6.94444e-05
6.94416e-05
6.94389e-05
6.94361e-05
6.94333e-05
6.94305e-05
6.94278e-05
6.9425e-05
6.94222e-05
6.94194e-05
6.94166e-05
6.94137e-05
6.94109e-05
6.94081e-05
6.94053e-05
6.94024e-05
6.93996e-05
6.93967e-05
6.93939e-05
6.9391e-05
6.93881e-05
6.93852e-05
6.93824e-05
6.93795e-05
6.93766e-05
6.93737e-05
6.93707e-05
6.93678e-05
6.93649e-05
6.9362e-05
6.9359e-05
6.93561e-05
6.93532e-05
6.93502e-05
6.93473e-05
6.93443e-05
6.93413e-05
6.93383e-05
6.93354e-05
6.93324e-05
6.93294e-05
6.93264e-05
6.93234e-05
6.93204e-05
6.93174e-05
6.93143e-05
6.93113e-05
6.93083e-05
6.93052e-05
6.93022e-05
6.92991e-05
6.92961e-05
6.9293e-05
6.929e-05
6.92869e-05
6.92838e-05
6.92807e-05
6.92776e-05
6.92745e-05
6.92714e-05
6.92683e-05
6.92652e-05
6.92621e-05
6.9259e-05
6.92559e-05
6.92527e-05
6.92496e-05
6.92464e-05
6.92433e-05
6.92401e-05
6.9237e-05
6.92338e-05
6.92306e-05
6.92275e-05
6.92243e-05
6.92211e-05
6.92179e-05
6.92147e-05
6.92115e-05
6.92083e-05
6.92051e-05
6.92019e-05
6.91987e-05
6.91955e-05
6.91922e-05
6.9189e-05
6.91857e-05
6.91825e-05
6.91793e-05
6.9176e-05
6.91727e-05
6.91695e-05
6.91662e-05
6.91629e-05
6.91597e-05
6.91564e-05
6.91531e-05
6.91498e-05
6.91465e-05
6.91432e-05
6.91399e-05
6.91366e-05
6.91333e-05
6.91299e-05
6.91266e-05
6.91233e-05
6.91199e-05
6.91166e-05
6.91133e-05
6.91099e-05
6.91066e-05
6.91032e-05
6.90998e-05
6.90965e-05
6.90931e-05
6.90897e-05
6.90863e-05
6.9083e-05
6.90796e-05
6.90762e-05
6.90728e-05
6.90694e-05
6.9066e-05
6.90626e-05
6.90591e-05
6.90557e-05
6.90523e-05
6.90489e-05
6.90454e-05
6.9042e-05
6.90386e-05
6.90351e-05
6.90317e-05
6.90282e-05
6.90248e-05
6.90213e-05
6.90178e-05
6.90144e-05
6.90109e-05
6.90074e-05
6.90039e-05
6.90004e-05
6.89969e-05
6.89935e-05
6.899e-05
6.89865e-05
6.89829e-05
6.89794e-05
6.89759e-05
6.89724e-05
6.89689e-05
6.89654e-05
6.89618e-05
6.89583e-05
6.89548e-05
6.89512e-05
6.89477e-05
6.89441e-05
6.89406e-05
6.8937e-05
6.89334e-05
6.89299e-05
6.89263e-05
6.89227e-05
6.89192e-05
6.89156e-05
6.8912e-05
6.89084e-05
6.89048e-05
6.89012e-05
6.88976e-05
6.8894e-05
6.88904e-05
6.88868e-05
6.88832e-05
6.88796e-05
6.8876e-05
6.88724e-05
6.88687e-05
6.88651e-05
6.88615e-05
6.88578e-05
6.88542e-05
6.88506e-05
6.88469e-05
6.88433e-05
6.88396e-05
6.88359e-05
6.88323e-05
6.88286e-05
6.8825e-05
6.88213e-05
6.88176e-05
6.88139e-05
6.88102e-05
6.88066e-05
6.88029e-05
6.87992e-05
6.87955e-05
6.87918e-05
6.87881e-05
6.87844e-05
6.87807e-05
6.8777e-05
6.87733e-05
6.87696e-05
6.87658e-05
6.87621e-05
6.87584e-05
6.87547e-05
6.87509e-05
6.87472e-05
6.87435e-05
6.87397e-05
6.8736e-05
6.87322e-05
6.87285e-05
6.87247e-05
6.8721e-05
6.87172e-05
6.87134e-05
6.87097e-05
6.87059e-05
6.87021e-05
6.86984e-05
6.86946e-05
6.86908e-05
6.8687e-05
6.86832e-05
6.86794e-05
6.86757e-05
6.86719e-05
6.86681e-05
6.86643e-05
6.86605e-05
6.86567e-05
6.86529e-05
6.8649e-05
6.86452e-05
6.86414e-05
6.86376e-05
6.86338e-05
6.86299e-05
6.86261e-05
6.86223e-05
6.86185e-05
6.86146e-05
6.86108e-05
6.86069e-05
6.86031e-05
6.85993e-05
6.85954e-05
6.85916e-05
6.85877e-05
6.85838e-05
6.858e-05
6.85761e-05
6.85723e-05
6.85684e-05
6.85645e-05
6.85606e-05
6.85568e-05
6.85529e-05
6.8549e-05
6.85451e-05
6.85413e-05
6.85374e-05
6.85335e-05
6.85296e-05
6.85257e-05
6.85218e-05
6.85179e-05
6.8514e-05
6.85101e-05
6.85062e-05
6.85023e-05
6.84984e-05
6.84945e-05
6.84905e-05
6.84866e-05
6.84827e-05
6.84788e-05
6.84749e-05
6.84709e-05
6.8467e-05
6.84631e-05
6.84591e-05
6.84552e-05
6.84513e-05
6.84473e-05
6.84434e-05
6.84394e-05
6.84355e-05
6.84315e-05
6.84276e-05
6.84236e-05
6.84197e-05
6.84157e-05
6.84118e-05
6.84078e-05
6.84038e-05
6.83999e-05
6.83959e-05
6.83919e-05
6.8388e-05
6.8384e-05
6.838e-05
6.8376e-05
6.8372e-05
6.83681e-05
6.83641e-05
6.83601e-05
6.83561e-05
6.83521e-05
6.83481e-05
6.83441e-05
6.83401e-05
6.83361e-05
6.83321e-05
6.83281e-05
6.83241e-05
6.83201e-05
6.83161e-05
6.83121e-05
6.83081e-05
6.83041e-05
6.83001e-05
6.8296e-05
6.8292e-05
6.8288e-05
6.8284e-05
6.828e-05
6.82759e-05
6.82719e-05
6.82679e-05
6.82638e-05
6.82598e-05
6.82558e-05
6.82517e-05
6.82477e-05
6.82437e-05
6.82396e-05
6.82356e-05
6.82315e-05
6.82275e-05
6.82234e-05
6.82194e-05
6.82153e-05
6.82113e-05
6.82072e-05
6.82031e-05
6.81991e-05
6.8195e-05
6.8191e-05
6.81869e-05
6.81828e-05
6.81788e-05
6.81747e-05
6.81706e-05
6.81666e-05
6.81625e-05
6.81584e-05
6.81543e-05
6.81503e-05
6.81462e-05
6.81421e-05
6.8138e-05
6.81339e-05
6.81298e-05
6.81257e-05
6.81217e-05
6.81176e-05
6.81135e-05
6.81094e-05
6.81053e-05
6.81012e-05
6.80971e-05
6.8093e-05
6.80889e-05
6.80848e-05
6.80807e-05
6.80766e-05
6.80725e-05
6.80684e-05
6.80643e-05
6.80601e-05
6.8056e-05
6.80519e-05
6.80478e-05
6.80437e-05
6.80396e-05
6.80355e-05
6.80313e-05
6.80272e-05
6.80231e-05
6.8019e-05
6.80148e-05
6.80107e-05
6.80066e-05
6.80025e-05
6.79983e-05
6.79942e-05
6.79901e-05
6.79859e-05
6.79818e-05
6.79777e-05
6.79735e-05
6.79694e-05
6.79652e-05
6.79611e-05
6.7957e-05
6.79528e-05
6.79487e-05
6.79445e-05
6.79404e-05
6.79362e-05
6.79321e-05
6.79279e-05
6.79238e-05
6.79196e-05
6.79155e-05
6.79113e-05
6.79071e-05
6.7903e-05
6.78988e-05
6.78947e-05
6.78905e-05
6.78863e-05
6.78822e-05
6.7878e-05
6.78739e-05
6.78697e-05
6.78655e-05
6.78614e-05
6.78572e-05
6.7853e-05
6.78488e-05
6.78447e-05
6.78405e-05
6.78363e-05
6.78321e-05
6.7828e-05
6.78238e-05
6.78196e-05
6.78154e-05
6.78113e-05
6.78071e-05
6.78029e-05
6.77987e-05
6.77945e-05
6.77903e-05
6.77862e-05
6.7782e-05
6.77778e-05
6.77736e-05
6.77694e-05
6.77652e-05
6.7761e-05
6.77568e-05
6.77526e-05
6.77484e-05
6.77442e-05
6.77401e-05
6.77359e-05
6.77317e-05
6.77275e-05
6.77233e-05
6.77191e-05
6.77149e-05
6.77107e-05
6.77065e-05
6.77023e-05
6.76981e-05
6.76939e-05
6.76896e-05
6.76854e-05
6.76812e-05
6.7677e-05
6.76728e-05
6.76686e-05
6.76644e-05
6.76602e-05
6.7656e-05
6.76518e-05
6.76476e-05
6.76433e-05
6.76391e-05
6.76349e-05
6.76307e-05
6.76265e-05
6.76223e-05
6.7618e-05
6.76138e-05
6.76096e-05
6.76054e-05
6.76012e-05
6.75969e-05
6.75927e-05
6.75885e-05
6.75843e-05
6.75801e-05
6.75758e-05
6.75716e-05
6.75674e-05
6.75632e-05
6.75589e-05
6.75547e-05
6.75505e-05
6.75462e-05
6.7542e-05
6.75378e-05
6.75336e-05
6.75293e-05
6.75251e-05
6.75209e-05
6.75166e-05
6.75124e-05
6.75082e-05
6.75039e-05
6.74997e-05
6.74955e-05
6.74912e-05
6.7487e-05
6.74828e-05
6.74785e-05
6.74743e-05
6.747e-05
6.74658e-05
6.74616e-05
6.74573e-05
6.74531e-05
6.74489e-05
6.74446e-05
6.74404e-05
6.74361e-05
6.74319e-05
6.74276e-05
6.74234e-05
6.74192e-05
6.74149e-05
6.74107e-05
6.74064e-05
6.74022e-05
6.73979e-05
6.73937e-05
6.73894e-05
6.73852e-05
6.7381e-05
6.73767e-05
6.73725e-05
6.73682e-05
6.7364e-05
6.73597e-05
6.73555e-05
6.73512e-05
6.7347e-05
6.73427e-05
6.73385e-05
6.73342e-05
6.733e-05
6.73257e-05
6.73215e-05
6.73172e-05
6.7313e-05
6.73087e-05
6.73044e-05
6.73002e-05
6.72959e-05
6.72917e-05
6.72874e-05
6.72832e-05
6.72789e-05
6.72747e-05
6.72704e-05
6.72662e-05
6.72619e-05
6.72576e-05
6.72534e-05
6.72491e-05
6.72449e-05
6.72406e-05
6.72364e-05
6.72321e-05
6.72279e-05
6.72236e-05
6.72193e-05
6.72151e-05
6.72108e-05
6.72066e-05
6.72023e-05
6.7198e-05
6.71938e-05
6.71895e-05
6.71853e-05
6.7181e-05
6.71767e-05
6.71725e-05
6.71682e-05
6.7164e-05
6.71597e-05
6.71554e-05
6.71512e-05
6.71469e-05
6.71427e-05
6.71384e-05
6.71341e-05
6.71299e-05
6.71256e-05
6.71214e-05
6.71171e-05
6.71128e-05
6.71086e-05
6.71043e-05
6.71e-05
6.70958e-05
6.70915e-05
6.70873e-05
6.7083e-05
6.70787e-05
6.70745e-05
6.70702e-05
6.70659e-05
6.70617e-05
6.70574e-05
6.70532e-05
6.70489e-05
6.70446e-05
6.70404e-05
6.70361e-05
6.70318e-05
6.70276e-05
6.70233e-05
6.7019e-05
6.70148e-05
6.70105e-05
6.70063e-05
6.7002e-05
6.69977e-05
6.69935e-05
6.69892e-05
6.69849e-05
6.69807e-05
6.69764e-05
6.69721e-05
6.69679e-05
6.69636e-05
6.69594e-05
6.69551e-05
6.69508e-05
6.69466e-05
6.69423e-05
6.6938e-05
6.69338e-05
6.69295e-05
6.69253e-05
6.6921e-05
6.69167e-05
6.69125e-05
6.69082e-05
6.69039e-05
6.68997e-05
6.68954e-05
6.68912e-05
6.68869e-05
6.68826e-05
6.68784e-05
6.68741e-05
6.68698e-05
6.68656e-05
6.68613e-05
6.68571e-05
6.68528e-05
6.68485e-05
6.68443e-05
6.684e-05
6.68358e-05
6.68315e-05
6.68272e-05
6.6823e-05
6.68187e-05
6.68144e-05
6.68102e-05
6.68059e-05
6.68017e-05
6.67974e-05
6.67931e-05
6.67889e-05
6.67846e-05
6.67804e-05
6.67761e-05
6.67719e-05
6.67676e-05
6.67633e-05
6.67591e-05
6.67548e-05
6.67506e-05
6.67463e-05
6.6742e-05
6.67378e-05
6.67335e-05
6.67293e-05
6.6725e-05
6.67208e-05
6.67165e-05
6.67123e-05
6.6708e-05
6.67037e-05
6.66995e-05
6.66952e-05
6.6691e-05
6.66867e-05
6.66825e-05
6.66782e-05
6.6674e-05
6.66697e-05
6.66655e-05
6.66612e-05
6.6657e-05
6.66527e-05
6.66484e-05
6.66442e-05
6.66399e-05
6.66357e-05
6.66314e-05
6.66272e-05
6.66229e-05
6.66187e-05
6.66144e-05
6.66102e-05
6.66059e-05
6.66017e-05
6.65974e-05
6.65932e-05
6.65889e-05
6.65847e-05
6.65804e-05
6.65762e-05
6.6572e-05
6.65677e-05
6.65635e-05
6.65592e-05
6.6555e-05
6.65507e-05
6.65465e-05
6.65422e-05
6.6538e-05
6.65337e-05
6.65295e-05
6.65253e-05
6.6521e-05
6.65168e-05
6.65125e-05
6.65083e-05
6.6504e-05
6.64998e-05
6.64956e-05
6.64913e-05
6.64871e-05
6.64828e-05
6.64786e-05
6.64744e-05
6.64701e-05
6.64659e-05
6.64617e-05
6.64574e-05
6.64532e-05
6.64489e-05
6.64447e-05
6.64405e-05
6.64362e-05
6.6432e-05
6.64278e-05
6.64235e-05
6.64193e-05
6.64151e-05
6.64108e-05
6.64066e-05
6.64024e-05
6.63981e-05
6.63939e-05
6.63897e-05
6.63854e-05
6.63812e-05
6.6377e-05
6.63728e-05
6.63685e-05
6.63643e-05
6.63601e-05
6.63558e-05
6.63516e-05
6.63474e-05
6.63432e-05
6.63389e-05
6.63347e-05
6.63305e-05
6.63263e-05
6.6322e-05
6.63178e-05
6.63136e-05
6.63094e-05
6.63051e-05
6.63009e-05
6.62967e-05
6.62925e-05
6.62883e-05
6.6284e-05
6.62798e-05
6.62756e-05
6.62714e-05
6.62672e-05
6.6263e-05
6.62587e-05
6.62545e-05
6.62503e-05
6.62461e-05
6.62419e-05
6.62377e-05
6.62334e-05
6.62292e-05
6.6225e-05
6.62208e-05
6.62166e-05
6.62124e-05
6.62082e-05
6.6204e-05
6.61998e-05
6.61956e-05
6.61913e-05
6.61871e-05
6.61829e-05
6.61787e-05
6.61745e-05
6.61703e-05
6.61661e-05
6.61619e-05
6.61577e-05
6.61535e-05
6.61493e-05
6.61451e-05
6.61409e-05
6.61367e-05
6.61325e-05
6.61283e-05
6.61241e-05
6.61199e-05
6.61157e-05
6.61115e-05
6.61073e-05
6.61031e-05
6.60989e-05
6.60947e-05
6.60905e-05
6.60863e-05
6.60821e-05
6.60779e-05
6.60737e-05
6.60695e-05
6.60653e-05
6.60612e-05
6.6057e-05
6.60528e-05
6.60486e-05
6.60444e-05
6.60402e-05
6.6036e-05
6.60318e-05
6.60276e-05
6.60235e-05
6.60193e-05
6.60151e-05
6.60109e-05
6.60067e-05
6.60025e-05
6.59984e-05
6.59942e-05
6.599e-05
6.59858e-05
6.59816e-05
6.59775e-05
6.59733e-05
6.59691e-05
6.59649e-05
6.59608e-05
6.59566e-05
6.59524e-05
6.59482e-05
6.59441e-05
6.59399e-05
6.59357e-05
6.59315e-05
6.59274e-05
6.59232e-05
6.5919e-05
6.59149e-05
6.59107e-05
6.59065e-05
6.59023e-05
6.58982e-05
6.5894e-05
6.58899e-05
6.58857e-05
6.58815e-05
6.58774e-05
6.58732e-05
6.5869e-05
6.58649e-05
6.58607e-05
6.58566e-05
6.58524e-05
6.58482e-05
6.58441e-05
6.58399e-05
6.58358e-05
6.58316e-05
6.58275e-05
6.58233e-05
6.58191e-05
6.5815e-05
6.58108e-05
6.58067e-05
6.58025e-05
6.57984e-05
6.57942e-05
6.57901e-05
6.57859e-05
6.57818e-05
6.57776e-05
6.57735e-05
6.57693e-05
6.57652e-05
6.57611e-05
6.57569e-05
6.57528e-05
6.57486e-05
6.57445e-05
6.57403e-05
6.57362e-05
6.57321e-05
6.57279e-05
6.57238e-05
6.57197e-05
6.57155e-05
6.57114e-05
6.57073e-05
6.57031e-05
6.5699e-05
6.56949e-05
6.56907e-05
6.56866e-05
6.56825e-05
6.56783e-05
6.56742e-05
6.56701e-05
6.56659e-05
6.56618e-05
6.56577e-05
6.56536e-05
6.56494e-05
6.56453e-05
6.56412e-05
6.56371e-05
6.56329e-05
6.56288e-05
6.56247e-05
6.56206e-05
6.56165e-05
6.56124e-05
6.56082e-05
6.56041e-05
6.56e-05
6.55959e-05
6.55918e-05
6.55877e-05
6.55835e-05
6.55794e-05
6.55753e-05
6.55712e-05
6.55671e-05
6.5563e-05
6.55589e-05
6.55548e-05
6.55507e-05
6.55466e-05
6.55425e-05
6.55384e-05
6.55343e-05
6.55302e-05
6.55261e-05
6.5522e-05
6.55179e-05
6.55138e-05
6.55097e-05
6.55056e-05
6.55015e-05
6.54974e-05
6.54933e-05
6.54892e-05
6.54851e-05
6.5481e-05
6.54769e-05
6.54728e-05
6.54687e-05
6.54646e-05
6.54605e-05
6.54564e-05
6.54524e-05
6.54483e-05
6.54442e-05
6.54401e-05
6.5436e-05
6.54319e-05
6.54279e-05
6.54238e-05
6.54197e-05
6.54156e-05
6.54115e-05
6.54075e-05
6.54034e-05
6.53993e-05
6.53952e-05
6.53911e-05
6.53871e-05
6.5383e-05
6.53789e-05
6.53749e-05
6.53708e-05
6.53667e-05
6.53626e-05
6.53586e-05
6.53545e-05
6.53504e-05
6.53464e-05
6.53423e-05
6.53382e-05
6.53342e-05
6.53301e-05
6.53261e-05
6.5322e-05
6.53179e-05
6.53139e-05
6.53098e-05
6.53058e-05
6.53017e-05
6.52976e-05
6.52936e-05
6.52895e-05
6.52855e-05
6.52814e-05
6.52774e-05
6.52733e-05
6.52693e-05
6.52652e-05
6.52612e-05
6.52571e-05
6.52531e-05
6.5249e-05
6.5245e-05
6.5241e-05
6.52369e-05
6.52329e-05
6.52288e-05
6.52248e-05
6.52207e-05
6.52167e-05
6.52127e-05
6.52086e-05
6.52046e-05
6.52006e-05
6.51965e-05
6.51925e-05
6.51885e-05
6.51844e-05
6.51804e-05
6.51764e-05
6.51723e-05
6.51683e-05
6.51643e-05
6.51602e-05
6.51562e-05
6.51522e-05
6.51482e-05
6.51441e-05
6.51401e-05
6.51361e-05
6.51321e-05
6.51281e-05
6.5124e-05
6.512e-05
6.5116e-05
6.5112e-05
6.5108e-05
6.5104e-05
6.50999e-05
6.50959e-05
6.50919e-05
6.50879e-05
6.50839e-05
6.50799e-05
6.50759e-05
6.50719e-05
6.50679e-05
6.50639e-05
6.50599e-05
6.50559e-05
6.50519e-05
6.50479e-05
6.50438e-05
6.50398e-05
6.50358e-05
6.50319e-05
6.50279e-05
6.50239e-05
6.50199e-05
6.50159e-05
6.50119e-05
6.50079e-05
6.50039e-05
6.49999e-05
6.49959e-05
6.49919e-05
6.49879e-05
6.49839e-05
6.498e-05
6.4976e-05
6.4972e-05
6.4968e-05
6.4964e-05
6.496e-05
6.4956e-05
6.49521e-05
6.49481e-05
6.49441e-05
6.49401e-05
6.49362e-05
6.49322e-05
6.49282e-05
6.49242e-05
6.49203e-05
6.49163e-05
6.49123e-05
6.49083e-05
6.49044e-05
6.49004e-05
6.48964e-05
6.48925e-05
6.48885e-05
6.48845e-05
6.48806e-05
6.48766e-05
6.48727e-05
6.48687e-05
6.48647e-05
6.48608e-05
6.48568e-05
6.48529e-05
6.48489e-05
6.48449e-05
6.4841e-05
6.4837e-05
6.48331e-05
6.48291e-05
6.48252e-05
6.48212e-05
6.48173e-05
6.48133e-05
6.48094e-05
6.48054e-05
6.48015e-05
6.47975e-05
6.47936e-05
6.47897e-05
6.47857e-05
6.47818e-05
6.47778e-05
6.47739e-05
6.477e-05
6.4766e-05
6.47621e-05
6.47582e-05
6.47542e-05
6.47503e-05
6.47464e-05
6.47424e-05
6.47385e-05
6.47346e-05
6.47306e-05
6.47267e-05
6.47228e-05
6.47189e-05
6.47149e-05
6.4711e-05
6.47071e-05
6.47032e-05
6.46992e-05
6.46953e-05
6.46914e-05
6.46875e-05
6.46836e-05
6.46796e-05
6.46757e-05
6.46718e-05
6.46679e-05
6.4664e-05
6.46601e-05
6.46562e-05
6.46523e-05
6.46484e-05
6.46444e-05
6.46405e-05
6.46366e-05
6.46327e-05
6.46288e-05
6.46249e-05
6.4621e-05
6.46171e-05
6.46132e-05
6.46093e-05
6.46054e-05
6.46015e-05
6.45976e-05
6.45937e-05
6.45898e-05
6.45859e-05
6.45821e-05
6.45782e-05
6.45743e-05
6.45704e-05
6.45665e-05
6.45626e-05
6.45587e-05
6.45548e-05
6.45509e-05
6.45471e-05
6.45432e-05
6.45393e-05
6.45354e-05
6.45315e-05
6.45277e-05
6.45238e-05
6.45199e-05
6.4516e-05
6.45122e-05
6.45083e-05
6.45044e-05
6.45005e-05
6.44967e-05
6.44928e-05
6.44889e-05
6.44851e-05
6.44812e-05
6.44773e-05
6.44735e-05
6.44696e-05
6.44657e-05
6.44619e-05
6.4458e-05
6.44541e-05
6.44503e-05
6.44464e-05
6.44426e-05
6.44387e-05
6.44349e-05
6.4431e-05
6.44272e-05
6.44233e-05
6.44194e-05
6.44156e-05
6.44117e-05
6.44079e-05
6.44041e-05
6.44002e-05
6.43964e-05
6.43925e-05
6.43887e-05
6.43848e-05
6.4381e-05
6.43771e-05
6.43733e-05
6.43695e-05
6.43656e-05
6.43618e-05
6.4358e-05
6.43541e-05
6.43503e-05
6.43465e-05
6.43426e-05
6.43388e-05
6.4335e-05
6.43311e-05
6.43273e-05
6.43235e-05
6.43197e-05
6.43158e-05
6.4312e-05
6.43082e-05
6.43044e-05
6.43005e-05
6.42967e-05
6.42929e-05
6.42891e-05
6.42853e-05
6.42814e-05
6.42776e-05
6.42738e-05
6.427e-05
6.42662e-05
6.42624e-05
6.42586e-05
6.42548e-05
6.4251e-05
6.42471e-05
6.42433e-05
6.42395e-05
6.42357e-05
6.42319e-05
6.42281e-05
6.42243e-05
6.42205e-05
6.42167e-05
6.42129e-05
6.42091e-05
6.42053e-05
6.42015e-05
6.41977e-05
6.41939e-05
6.41902e-05
6.41864e-05
6.41826e-05
6.41788e-05
6.4175e-05
6.41712e-05
6.41674e-05
6.41636e-05
6.41598e-05
6.41561e-05
6.41523e-05
6.41485e-05
6.41447e-05
6.41409e-05
6.41372e-05
6.41334e-05
6.41296e-05
6.41258e-05
6.41221e-05
6.41183e-05
6.41145e-05
6.41107e-05
6.4107e-05
6.41032e-05
6.40994e-05
6.40957e-05
6.40919e-05
6.40881e-05
6.40844e-05
6.40806e-05
6.40768e-05
6.40731e-05
6.40693e-05
6.40656e-05
6.40618e-05
6.4058e-05
6.40543e-05
6.40505e-05
6.40468e-05
6.4043e-05
6.40393e-05
6.40355e-05
6.40318e-05
6.4028e-05
6.40243e-05
6.40205e-05
6.40168e-05
6.4013e-05
6.40093e-05
6.40055e-05
6.40018e-05
6.39981e-05
6.39943e-05
6.39906e-05
6.39868e-05
6.39831e-05
6.39794e-05
6.39756e-05
6.39719e-05
6.39682e-05
6.39644e-05
6.39607e-05
6.3957e-05
6.39532e-05
6.39495e-05
6.39458e-05
6.39421e-05
6.39383e-05
6.39346e-05
6.39309e-05
6.39272e-05
6.39234e-05
6.39197e-05
6.3916e-05
6.39123e-05
6.39086e-05
6.39049e-05
6.39011e-05
6.38974e-05
6.38937e-05
6.389e-05
6.38863e-05
6.38826e-05
6.38789e-05
6.38752e-05
6.38715e-05
6.38677e-05
6.3864e-05
6.38603e-05
6.38566e-05
6.38529e-05
6.38492e-05
6.38455e-05
6.38418e-05
6.38381e-05
6.38344e-05
6.38307e-05
6.3827e-05
6.38233e-05
6.38197e-05
6.3816e-05
6.38123e-05
6.38086e-05
6.38049e-05
6.38012e-05
6.37975e-05
6.37938e-05
6.37901e-05
6.37865e-05
6.37828e-05
6.37791e-05
6.37754e-05
6.37717e-05
6.37681e-05
6.37644e-05
6.37607e-05
6.3757e-05
6.37534e-05
6.37497e-05
6.3746e-05
6.37423e-05
6.37387e-05
6.3735e-05
6.37313e-05
6.37277e-05
6.3724e-05
6.37203e-05
6.37167e-05
6.3713e-05
6.37093e-05
6.37057e-05
6.3702e-05
6.36983e-05
6.36947e-05
6.3691e-05
6.36874e-05
6.36837e-05
6.36801e-05
6.36764e-05
6.36728e-05
6.36691e-05
6.36655e-05
6.36618e-05
6.36582e-05
6.36545e-05
6.36509e-05
6.36472e-05
6.36436e-05
6.36399e-05
6.36363e-05
6.36326e-05
6.3629e-05
6.36254e-05
6.36217e-05
6.36181e-05
6.36145e-05
6.36108e-05
6.36072e-05
6.36035e-05
6.35999e-05
6.35963e-05
6.35927e-05
6.3589e-05
6.35854e-05
6.35818e-05
6.35781e-05
6.35745e-05
6.35709e-05
6.35673e-05
6.35636e-05
6.356e-05
6.35564e-05
6.35528e-05
6.35492e-05
6.35455e-05
6.35419e-05
6.35383e-05
6.35347e-05
6.35311e-05
6.35275e-05
6.35239e-05
6.35203e-05
6.35166e-05
6.3513e-05
6.35094e-05
6.35058e-05
6.35022e-05
6.34986e-05
6.3495e-05
6.34914e-05
6.34878e-05
6.34842e-05
6.34806e-05
6.3477e-05
6.34734e-05
6.34698e-05
6.34662e-05
6.34626e-05
6.3459e-05
6.34554e-05
6.34518e-05
6.34483e-05
6.34447e-05
6.34411e-05
6.34375e-05
6.34339e-05
6.34303e-05
6.34267e-05
6.34232e-05
6.34196e-05
6.3416e-05
6.34124e-05
6.34088e-05
6.34053e-05
6.34017e-05
6.33981e-05
6.33945e-05
6.3391e-05
6.33874e-05
6.33838e-05
6.33802e-05
6.33767e-05
6.33731e-05
6.33695e-05
6.3366e-05
6.33624e-05
6.33588e-05
6.33553e-05
6.33517e-05
6.33481e-05
6.33446e-05
6.3341e-05
6.33375e-05
6.33339e-05
6.33304e-05
6.33268e-05
6.33232e-05
6.33197e-05
6.33161e-05
6.33126e-05
6.3309e-05
6.33055e-05
6.33019e-05
6.32984e-05
6.32948e-05
6.32913e-05
6.32877e-05
6.32842e-05
6.32807e-05
6.32771e-05
6.32736e-05
6.327e-05
6.32665e-05
6.3263e-05
6.32594e-05
6.32559e-05
6.32524e-05
6.32488e-05
6.32453e-05
6.32418e-05
6.32382e-05
6.32347e-05
6.32312e-05
6.32276e-05
6.32241e-05
6.32206e-05
6.32171e-05
6.32135e-05
6.321e-05
6.32065e-05
6.3203e-05
6.31995e-05
6.31959e-05
6.31924e-05
6.31889e-05
6.31854e-05
6.31819e-05
6.31784e-05
6.31748e-05
6.31713e-05
6.31678e-05
6.31643e-05
6.31608e-05
6.31573e-05
6.31538e-05
6.31503e-05
6.31468e-05
6.31433e-05
6.31398e-05
6.31363e-05
6.31328e-05
6.31293e-05
6.31258e-05
6.31223e-05
6.31188e-05
6.31153e-05
6.31118e-05
6.31083e-05
6.31048e-05
6.31013e-05
6.30978e-05
6.30943e-05
6.30908e-05
6.30874e-05
6.30839e-05
6.30804e-05
6.30769e-05
6.30734e-05
6.30699e-05
6.30665e-05
6.3063e-05
6.30595e-05
6.3056e-05
6.30525e-05
6.30491e-05
6.30456e-05
6.30421e-05
6.30386e-05
6.30352e-05
6.30317e-05
6.30282e-05
6.30248e-05
6.30213e-05
6.30178e-05
6.30144e-05
6.30109e-05
6.30074e-05
6.3004e-05
6.30005e-05
6.2997e-05
6.29936e-05
6.29901e-05
6.29867e-05
6.29832e-05
6.29797e-05
6.29763e-05
6.29728e-05
6.29694e-05
6.29659e-05
6.29625e-05
6.2959e-05
6.29556e-05
6.29521e-05
6.29487e-05
6.29452e-05
6.29418e-05
6.29383e-05
6.29349e-05
6.29315e-05
6.2928e-05
6.29246e-05
6.29211e-05
6.29177e-05
6.29143e-05
6.29108e-05
6.29074e-05
6.2904e-05
6.29005e-05
6.28971e-05
6.28937e-05
6.28902e-05
6.28868e-05
6.28834e-05
6.28799e-05
6.28765e-05
6.28731e-05
6.28697e-05
6.28662e-05
6.28628e-05
6.28594e-05
6.2856e-05
6.28526e-05
6.28491e-05
6.28457e-05
6.28423e-05
6.28389e-05
6.28355e-05
6.28321e-05
6.28286e-05
6.28252e-05
6.28218e-05
6.28184e-05
6.2815e-05
6.28116e-05
6.28082e-05
6.28048e-05
6.28014e-05
6.2798e-05
6.27946e-05
6.27912e-05
6.27878e-05
6.27844e-05
6.2781e-05
6.27776e-05
6.27742e-05
6.27708e-05
6.27674e-05
6.2764e-05
6.27606e-05
6.27572e-05
6.27538e-05
6.27504e-05
6.2747e-05
6.27436e-05
6.27403e-05
6.27369e-05
6.27335e-05
6.27301e-05
6.27267e-05
6.27233e-05
6.272e-05
6.27166e-05
6.27132e-05
6.27098e-05
6.27064e-05
6.27031e-05
6.26997e-05
6.26963e-05
6.26929e-05
6.26896e-05
6.26862e-05
6.26828e-05
6.26795e-05
6.26761e-05
6.26727e-05
6.26694e-05
6.2666e-05
6.26626e-05
6.26593e-05
6.26559e-05
6.26525e-05
6.26492e-05
6.26458e-05
6.26425e-05
6.26391e-05
6.26357e-05
6.26324e-05
6.2629e-05
6.26257e-05
6.26223e-05
6.2619e-05
6.26156e-05
6.26123e-05
6.26089e-05
6.26056e-05
6.26022e-05
6.25989e-05
6.25955e-05
6.25922e-05
6.25889e-05
6.25855e-05
6.25822e-05
6.25788e-05
6.25755e-05
6.25722e-05
6.25688e-05
6.25655e-05
6.25622e-05
6.25588e-05
6.25555e-05
6.25522e-05
6.25488e-05
6.25455e-05
6.25422e-05
6.25388e-05
6.25355e-05
6.25322e-05
6.25289e-05
6.25255e-05
6.25222e-05
6.25189e-05
6.25156e-05
6.25122e-05
6.25089e-05
6.25056e-05
6.25023e-05
6.2499e-05
6.24957e-05
6.24923e-05
6.2489e-05
6.24857e-05
6.24824e-05
6.24791e-05
6.24758e-05
6.24725e-05
6.24692e-05
6.24659e-05
6.24626e-05
6.24593e-05
6.24559e-05
6.24526e-05
6.24493e-05
6.2446e-05
6.24427e-05
6.24394e-05
6.24361e-05
6.24328e-05
6.24296e-05
6.24263e-05
6.2423e-05
6.24197e-05
6.24164e-05
6.24131e-05
6.24098e-05
6.24065e-05
6.24032e-05
6.23999e-05
6.23966e-05
6.23934e-05
6.23901e-05
6.23868e-05
6.23835e-05
6.23802e-05
6.23769e-05
6.23737e-05
6.23704e-05
6.23671e-05
6.23638e-05
6.23606e-05
6.23573e-05
6.2354e-05
6.23507e-05
6.23475e-05
6.23442e-05
6.23409e-05
6.23377e-05
6.23344e-05
6.23311e-05
6.23278e-05
6.23246e-05
6.23213e-05
6.23181e-05
6.23148e-05
6.23115e-05
6.23083e-05
6.2305e-05
6.23018e-05
6.22985e-05
6.22952e-05
6.2292e-05
6.22887e-05
6.22855e-05
6.22822e-05
6.2279e-05
6.22757e-05
6.22725e-05
6.22692e-05
6.2266e-05
6.22627e-05
6.22595e-05
6.22562e-05
6.2253e-05
6.22497e-05
6.22465e-05
6.22433e-05
6.224e-05
6.22368e-05
6.22335e-05
6.22303e-05
6.22271e-05
6.22238e-05
6.22206e-05
6.22174e-05
6.22141e-05
6.22109e-05
6.22077e-05
6.22044e-05
6.22012e-05
6.2198e-05
6.21948e-05
6.21915e-05
6.21883e-05
6.21851e-05
6.21819e-05
6.21786e-05
6.21754e-05
6.21722e-05
6.2169e-05
6.21658e-05
6.21625e-05
6.21593e-05
6.21561e-05
6.21529e-05
6.21497e-05
6.21465e-05
6.21433e-05
6.214e-05
6.21368e-05
6.21336e-05
6.21304e-05
6.21272e-05
6.2124e-05
6.21208e-05
6.21176e-05
6.21144e-05
6.21112e-05
6.2108e-05
6.21048e-05
6.21016e-05
6.20984e-05
6.20952e-05
6.2092e-05
6.20888e-05
6.20856e-05
6.20824e-05
6.20792e-05
6.2076e-05
6.20728e-05
6.20696e-05
6.20665e-05
6.20633e-05
6.20601e-05
6.20569e-05
6.20537e-05
6.20505e-05
6.20473e-05
6.20442e-05
6.2041e-05
6.20378e-05
6.20346e-05
6.20314e-05
6.20283e-05
6.20251e-05
6.20219e-05
6.20187e-05
6.20156e-05
6.20124e-05
6.20092e-05
6.2006e-05
6.20029e-05
6.19997e-05
6.19965e-05
6.19934e-05
6.19902e-05
6.1987e-05
6.19839e-05
6.19807e-05
6.19775e-05
6.19744e-05
6.19712e-05
6.19681e-05
6.19649e-05
6.19617e-05
6.19586e-05
6.19554e-05
6.19523e-05
6.19491e-05
6.1946e-05
6.19428e-05
6.19397e-05
6.19365e-05
6.19334e-05
6.19302e-05
6.19271e-05
6.19239e-05
6.19208e-05
6.19176e-05
6.19145e-05
6.19113e-05
6.19082e-05
6.19051e-05
6.19019e-05
6.18988e-05
6.18956e-05
6.18925e-05
6.18894e-05
6.18862e-05
6.18831e-05
6.188e-05
6.18768e-05
6.18737e-05
6.18706e-05
6.18674e-05
6.18643e-05
6.18612e-05
6.1858e-05
6.18549e-05
6.18518e-05
6.18487e-05
6.18455e-05
6.18424e-05
6.18393e-05
6.18362e-05
6.18331e-05
6.18299e-05
6.18268e-05
6.18237e-05
6.18206e-05
6.18175e-05
6.18144e-05
6.18112e-05
6.18081e-05
6.1805e-05
6.18019e-05
6.17988e-05
6.17957e-05
6.17926e-05
6.17895e-05
6.17864e-05
6.17833e-05
6.17802e-05
6.1777e-05
6.17739e-05
6.17708e-05
6.17677e-05
6.17646e-05
6.17615e-05
6.17584e-05
6.17553e-05
6.17523e-05
6.17492e-05
6.17461e-05
6.1743e-05
6.17399e-05
6.17368e-05
6.17337e-05
6.17306e-05
6.17275e-05
6.17244e-05
6.17213e-05
6.17183e-05
6.17152e-05
6.17121e-05
6.1709e-05
6.17059e-05
6.17028e-05
6.16998e-05
6.16967e-05
6.16936e-05
6.16905e-05
6.16874e-05
6.16844e-05
6.16813e-05
6.16782e-05
6.16751e-05
6.16721e-05
6.1669e-05
6.16659e-05
6.16629e-05
6.16598e-05
6.16567e-05
6.16537e-05
6.16506e-05
6.16475e-05
6.16445e-05
6.16414e-05
6.16383e-05
6.16353e-05
6.16322e-05
6.16292e-05
6.16261e-05
6.1623e-05
6.162e-05
6.16169e-05
6.16139e-05
6.16108e-05
6.16078e-05
6.16047e-05
6.16017e-05
6.15986e-05
6.15956e-05
6.15925e-05
6.15895e-05
6.15864e-05
6.15834e-05
6.15803e-05
6.15773e-05
6.15742e-05
6.15712e-05
6.15681e-05
6.15651e-05
6.15621e-05
6.1559e-05
6.1556e-05
6.15529e-05
6.15499e-05
6.15469e-05
6.15438e-05
6.15408e-05
6.15378e-05
6.15347e-05
6.15317e-05
6.15287e-05
6.15257e-05
6.15226e-05
6.15196e-05
6.15166e-05
6.15135e-05
6.15105e-05
6.15075e-05
6.15045e-05
6.15015e-05
6.14984e-05
6.14954e-05
6.14924e-05
6.14894e-05
6.14864e-05
6.14833e-05
6.14803e-05
6.14773e-05
6.14743e-05
6.14713e-05
6.14683e-05
6.14653e-05
6.14622e-05
6.14592e-05
6.14562e-05
6.14532e-05
6.14502e-05
6.14472e-05
6.14442e-05
6.14412e-05
6.14382e-05
6.14352e-05
6.14322e-05
6.14292e-05
6.14262e-05
6.14232e-05
6.14202e-05
6.14172e-05
6.14142e-05
6.14112e-05
6.14082e-05
6.14052e-05
6.14022e-05
6.13992e-05
6.13962e-05
6.13933e-05
6.13903e-05
6.13873e-05
6.13843e-05
6.13813e-05
6.13783e-05
6.13753e-05
6.13723e-05
6.13694e-05
6.13664e-05
6.13634e-05
6.13604e-05
6.13574e-05
6.13545e-05
6.13515e-05
6.13485e-05
6.13455e-05
6.13426e-05
6.13396e-05
6.13366e-05
6.13336e-05
6.13307e-05
6.13277e-05
6.13247e-05
6.13218e-05
6.13188e-05
6.13158e-05
6.13129e-05
6.13099e-05
6.13069e-05
6.1304e-05
6.1301e-05
6.1298e-05
6.12951e-05
6.12921e-05
6.12892e-05
6.12862e-05
6.12832e-05
6.12803e-05
6.12773e-05
6.12744e-05
6.12714e-05
6.12685e-05
6.12655e-05
6.12626e-05
6.12596e-05
6.12567e-05
6.12537e-05
6.12508e-05
6.12478e-05
6.12449e-05
6.12419e-05
6.1239e-05
6.1236e-05
6.12331e-05
6.12302e-05
6.12272e-05
6.12243e-05
6.12213e-05
6.12184e-05
6.12155e-05
6.12125e-05
6.12096e-05
6.12067e-05
6.12037e-05
6.12008e-05
6.11979e-05
6.11949e-05
6.1192e-05
6.11891e-05
6.11861e-05
6.11832e-05
6.11803e-05
6.11774e-05
6.11744e-05
6.11715e-05
6.11686e-05
6.11657e-05
6.11627e-05
6.11598e-05
6.11569e-05
6.1154e-05
6.11511e-05
6.11481e-05
6.11452e-05
6.11423e-05
6.11394e-05
6.11365e-05
6.11336e-05
6.11307e-05
6.11277e-05
6.11248e-05
6.11219e-05
6.1119e-05
6.11161e-05
6.11132e-05
6.11103e-05
6.11074e-05
6.11045e-05
6.11016e-05
6.10987e-05
6.10958e-05
6.10929e-05
6.109e-05
6.10871e-05
6.10842e-05
6.10813e-05
6.10784e-05
6.10755e-05
6.10726e-05
6.10697e-05
6.10668e-05
6.10639e-05
6.1061e-05
6.10581e-05
6.10552e-05
6.10523e-05
6.10495e-05
6.10466e-05
6.10437e-05
6.10408e-05
6.10379e-05
6.1035e-05
6.10321e-05
6.10293e-05
6.10264e-05
6.10235e-05
6.10206e-05
6.10177e-05
6.10149e-05
6.1012e-05
6.10091e-05
6.10062e-05
6.10034e-05
6.10005e-05
6.09976e-05
6.09947e-05
6.09919e-05
6.0989e-05
6.09861e-05
6.09833e-05
6.09804e-05
6.09775e-05
6.09747e-05
6.09718e-05
6.09689e-05
6.09661e-05
6.09632e-05
6.09603e-05
6.09575e-05
6.09546e-05
6.09518e-05
6.09489e-05
6.0946e-05
6.09432e-05
6.09403e-05
6.09375e-05
6.09346e-05
6.09318e-05
6.09289e-05
6.09261e-05
6.09232e-05
6.09204e-05
6.09175e-05
6.09147e-05
6.09118e-05
6.0909e-05
6.09061e-05
6.09033e-05
6.09004e-05
6.08976e-05
6.08947e-05
6.08919e-05
6.08891e-05
6.08862e-05
6.08834e-05
6.08805e-05
6.08777e-05
6.08749e-05
6.0872e-05
6.08692e-05
6.08664e-05
6.08635e-05
6.08607e-05
6.08579e-05
6.0855e-05
6.08522e-05
6.08494e-05
6.08465e-05
6.08437e-05
6.08409e-05
6.08381e-05
6.08352e-05
6.08324e-05
6.08296e-05
6.08268e-05
6.08239e-05
6.08211e-05
6.08183e-05
6.08155e-05
6.08127e-05
6.08098e-05
6.0807e-05
6.08042e-05
6.08014e-05
6.07986e-05
6.07958e-05
6.0793e-05
6.07901e-05
6.07873e-05
6.07845e-05
6.07817e-05
6.07789e-05
6.07761e-05
6.07733e-05
6.07705e-05
6.07677e-05
6.07649e-05
6.07621e-05
6.07593e-05
6.07565e-05
6.07537e-05
6.07509e-05
6.07481e-05
6.07453e-05
6.07425e-05
6.07397e-05
6.07369e-05
6.07341e-05
6.07313e-05
6.07285e-05
6.07257e-05
6.07229e-05
6.07201e-05
6.07173e-05
6.07145e-05
6.07117e-05
6.0709e-05
6.07062e-05
6.07034e-05
6.07006e-05
6.06978e-05
6.0695e-05
6.06922e-05
6.06895e-05
6.06867e-05
6.06839e-05
6.06811e-05
6.06783e-05
6.06756e-05
6.06728e-05
6.067e-05
6.06672e-05
6.06645e-05
6.06617e-05
6.06589e-05
6.06561e-05
6.06534e-05
6.06506e-05
6.06478e-05
6.06451e-05
6.06423e-05
6.06395e-05
6.06367e-05
6.0634e-05
6.06312e-05
6.06285e-05
6.06257e-05
6.06229e-05
6.06202e-05
6.06174e-05
6.06146e-05
6.06119e-05
6.06091e-05
6.06064e-05
6.06036e-05
6.06009e-05
6.05981e-05
6.05953e-05
6.05926e-05
6.05898e-05
6.05871e-05
6.05843e-05
6.05816e-05
6.05788e-05
6.05761e-05
6.05733e-05
6.05706e-05
6.05678e-05
6.05651e-05
6.05623e-05
6.05596e-05
6.05569e-05
6.05541e-05
6.05514e-05
6.05486e-05
6.05459e-05
6.05432e-05
6.05404e-05
6.05377e-05
6.05349e-05
6.05322e-05
6.05295e-05
6.05267e-05
6.0524e-05
6.05213e-05
6.05185e-05
6.05158e-05
6.05131e-05
6.05103e-05
6.05076e-05
6.05049e-05
6.05022e-05
6.04994e-05
6.04967e-05
6.0494e-05
6.04913e-05
6.04885e-05
6.04858e-05
6.04831e-05
6.04804e-05
6.04776e-05
6.04749e-05
6.04722e-05
6.04695e-05
6.04668e-05
6.04641e-05
6.04613e-05
6.04586e-05
6.04559e-05
6.04532e-05
6.04505e-05
6.04478e-05
6.04451e-05
6.04424e-05
6.04396e-05
6.04369e-05
6.04342e-05
6.04315e-05
6.04288e-05
6.04261e-05
6.04234e-05
6.04207e-05
6.0418e-05
6.04153e-05
6.04126e-05
6.04099e-05
6.04072e-05
6.04045e-05
6.04018e-05
6.03991e-05
6.03964e-05
6.03937e-05
6.0391e-05
6.03883e-05
6.03856e-05
6.03829e-05
6.03802e-05
6.03775e-05
6.03749e-05
6.03722e-05
6.03695e-05
6.03668e-05
6.03641e-05
6.03614e-05
6.03587e-05
6.0356e-05
6.03534e-05
6.03507e-05
6.0348e-05
6.03453e-05
6.03426e-05
6.034e-05
6.03373e-05
6.03346e-05
6.03319e-05
6.03292e-05
6.03266e-05
6.03239e-05
6.03212e-05
6.03185e-05
6.03159e-05
6.03132e-05
6.03105e-05
6.03079e-05
6.03052e-05
6.03025e-05
6.02998e-05
6.02972e-05
6.02945e-05
6.02918e-05
6.02892e-05
6.02865e-05
6.02839e-05
6.02812e-05
6.02785e-05
6.02759e-05
6.02732e-05
6.02705e-05
6.02679e-05
6.02652e-05
6.02626e-05
6.02599e-05
6.02573e-05
6.02546e-05
6.02519e-05
6.02493e-05
6.02466e-05
6.0244e-05
6.02413e-05
6.02387e-05
6.0236e-05
6.02334e-05
6.02307e-05
6.02281e-05
6.02254e-05
6.02228e-05
6.02202e-05
6.02175e-05
6.02149e-05
6.02122e-05
6.02096e-05
6.02069e-05
6.02043e-05
6.02017e-05
6.0199e-05
6.01964e-05
6.01937e-05
6.01911e-05
6.01885e-05
6.01858e-05
6.01832e-05
6.01806e-05
6.01779e-05
6.01753e-05
6.01727e-05
6.017e-05
6.01674e-05
6.01648e-05
6.01622e-05
6.01595e-05
6.01569e-05
6.01543e-05
6.01516e-05
6.0149e-05
6.01464e-05
6.01438e-05
6.01412e-05
6.01385e-05
6.01359e-05
6.01333e-05
6.01307e-05
6.01281e-05
6.01254e-05
6.01228e-05
6.01202e-05
6.01176e-05
6.0115e-05
6.01124e-05
6.01097e-05
6.01071e-05
6.01045e-05
6.01019e-05
6.00993e-05
6.00967e-05
6.00941e-05
6.00915e-05
6.00889e-05
6.00863e-05
6.00837e-05
6.00811e-05
6.00785e-05
6.00758e-05
6.00732e-05
6.00706e-05
6.0068e-05
6.00654e-05
6.00628e-05
6.00602e-05
6.00576e-05
6.0055e-05
6.00525e-05
6.00499e-05
6.00473e-05
6.00447e-05
6.00421e-05
6.00395e-05
6.00369e-05
6.00343e-05
6.00317e-05
6.00291e-05
6.00265e-05
6.00239e-05
6.00214e-05
6.00188e-05
6.00162e-05
6.00136e-05
6.0011e-05
6.00084e-05
6.00058e-05
6.00033e-05
6.00007e-05
5.99981e-05
5.99955e-05
5.99929e-05
5.99904e-05
5.99878e-05
5.99852e-05
5.99826e-05
5.99801e-05
5.99775e-05
5.99749e-05
5.99723e-05
5.99698e-05
5.99672e-05
5.99646e-05
5.9962e-05
5.99595e-05
5.99569e-05
5.99543e-05
5.99518e-05
5.99492e-05
5.99466e-05
5.99441e-05
5.99415e-05
5.99389e-05
5.99364e-05
5.99338e-05
5.99313e-05
5.99287e-05
5.99261e-05
5.99236e-05
5.9921e-05
5.99185e-05
5.99159e-05
5.99134e-05
5.99108e-05
5.99082e-05
5.99057e-05
5.99031e-05
5.99006e-05
5.9898e-05
5.98955e-05
5.98929e-05
5.98904e-05
5.98878e-05
5.98853e-05
5.98827e-05
5.98802e-05
5.98776e-05
5.98751e-05
5.98726e-05
5.987e-05
5.98675e-05
5.98649e-05
5.98624e-05
5.98598e-05
5.98573e-05
5.98548e-05
5.98522e-05
5.98497e-05
5.98472e-05
5.98446e-05
5.98421e-05
5.98395e-05
5.9837e-05
5.98345e-05
5.98319e-05
5.98294e-05
5.98269e-05
5.98244e-05
5.98218e-05
5.98193e-05
5.98168e-05
5.98142e-05
5.98117e-05
5.98092e-05
5.98067e-05
5.98041e-05
5.98016e-05
5.97991e-05
5.97966e-05
5.9794e-05
5.97915e-05
5.9789e-05
5.97865e-05
5.9784e-05
5.97814e-05
5.97789e-05
5.97764e-05
5.97739e-05
5.97714e-05
5.97689e-05
5.97664e-05
5.97638e-05
5.97613e-05
5.97588e-05
5.97563e-05
5.97538e-05
5.97513e-05
5.97488e-05
5.97463e-05
5.97438e-05
5.97413e-05
5.97387e-05
5.97362e-05
5.97337e-05
5.97312e-05
5.97287e-05
5.97262e-05
5.97237e-05
5.97212e-05
5.97187e-05
5.97162e-05
5.97137e-05
5.97112e-05
5.97087e-05
5.97062e-05
5.97037e-05
5.97012e-05
5.96988e-05
5.96963e-05
5.96938e-05
5.96913e-05
5.96888e-05
5.96863e-05
5.96838e-05
5.96813e-05
5.96788e-05
5.96763e-05
5.96739e-05
5.96714e-05
5.96689e-05
5.96664e-05
5.96639e-05
5.96614e-05
5.96589e-05
5.96565e-05
5.9654e-05
5.96515e-05
5.9649e-05
5.96465e-05
5.96441e-05
5.96416e-05
5.96391e-05
5.96366e-05
5.96342e-05
5.96317e-05
5.96292e-05
5.96267e-05
5.96243e-05
5.96218e-05
5.96193e-05
5.96168e-05
5.96144e-05
5.96119e-05
5.96094e-05
5.9607e-05
5.96045e-05
5.9602e-05
5.95996e-05
5.95971e-05
5.95946e-05
5.95922e-05
5.95897e-05
5.95873e-05
5.95848e-05
5.95823e-05
5.95799e-05
5.95774e-05
5.9575e-05
5.95725e-05
5.957e-05
5.95676e-05
5.95651e-05
5.95627e-05
5.95602e-05
5.95578e-05
5.95553e-05
5.95529e-05
5.95504e-05
5.9548e-05
5.95455e-05
5.95431e-05
5.95406e-05
5.95382e-05
5.95357e-05
5.95333e-05
5.95308e-05
5.95284e-05
5.95259e-05
5.95235e-05
5.9521e-05
5.95186e-05
5.95162e-05
5.95137e-05
5.95113e-05
5.95088e-05
5.95064e-05
5.9504e-05
5.95015e-05
5.94991e-05
5.94966e-05
5.94942e-05
5.94918e-05
5.94893e-05
5.94869e-05
5.94845e-05
5.9482e-05
5.94796e-05
5.94772e-05
5.94747e-05
5.94723e-05
5.94699e-05
5.94675e-05
5.9465e-05
5.94626e-05
5.94602e-05
5.94578e-05
5.94553e-05
5.94529e-05
5.94505e-05
5.94481e-05
5.94456e-05
5.94432e-05
5.94408e-05
5.94384e-05
5.9436e-05
5.94335e-05
5.94311e-05
5.94287e-05
5.94263e-05
5.94239e-05
5.94215e-05
5.9419e-05
5.94166e-05
5.94142e-05
5.94118e-05
5.94094e-05
5.9407e-05
5.94046e-05
5.94022e-05
5.93998e-05
5.93974e-05
5.93949e-05
5.93925e-05
5.93901e-05
5.93877e-05
5.93853e-05
5.93829e-05
5.93805e-05
5.93781e-05
5.93757e-05
5.93733e-05
5.93709e-05
5.93685e-05
5.93661e-05
5.93637e-05
5.93613e-05
5.93589e-05
5.93565e-05
5.93541e-05
5.93517e-05
5.93493e-05
5.93469e-05
5.93446e-05
5.93422e-05
5.93398e-05
5.93374e-05
5.9335e-05
5.93326e-05
5.93302e-05
5.93278e-05
5.93254e-05
5.9323e-05
5.93207e-05
5.93183e-05
5.93159e-05
5.93135e-05
5.93111e-05
5.93087e-05
5.93064e-05
5.9304e-05
5.93016e-05
5.92992e-05
5.92968e-05
5.92945e-05
5.92921e-05
5.92897e-05
5.92873e-05
5.9285e-05
5.92826e-05
5.92802e-05
5.92778e-05
5.92755e-05
5.92731e-05
5.92707e-05
5.92683e-05
5.9266e-05
5.92636e-05
5.92612e-05
5.92589e-05
5.92565e-05
5.92541e-05
5.92518e-05
5.92494e-05
5.9247e-05
5.92447e-05
5.92423e-05
5.92399e-05
5.92376e-05
5.92352e-05
5.92329e-05
5.92305e-05
5.92281e-05
5.92258e-05
5.92234e-05
5.92211e-05
5.92187e-05
5.92163e-05
5.9214e-05
5.92116e-05
5.92093e-05
5.92069e-05
5.92046e-05
5.92022e-05
5.91999e-05
5.91975e-05
5.91952e-05
5.91928e-05
5.91905e-05
5.91881e-05
5.91858e-05
5.91834e-05
5.91811e-05
5.91787e-05
5.91764e-05
5.9174e-05
5.91717e-05
5.91694e-05
5.9167e-05
5.91647e-05
5.91623e-05
5.916e-05
5.91577e-05
5.91553e-05
5.9153e-05
5.91506e-05
5.91483e-05
5.9146e-05
5.91436e-05
5.91413e-05
5.9139e-05
5.91366e-05
5.91343e-05
5.9132e-05
5.91296e-05
5.91273e-05
5.9125e-05
5.91226e-05
5.91203e-05
5.9118e-05
5.91157e-05
5.91133e-05
5.9111e-05
5.91087e-05
5.91064e-05
5.9104e-05
5.91017e-05
5.90994e-05
5.90971e-05
5.90947e-05
5.90924e-05
5.90901e-05
5.90878e-05
5.90855e-05
5.90831e-05
5.90808e-05
5.90785e-05
5.90762e-05
5.90739e-05
5.90716e-05
5.90692e-05
5.90669e-05
5.90646e-05
5.90623e-05
5.906e-05
5.90577e-05
5.90554e-05
5.90531e-05
5.90507e-05
5.90484e-05
5.90461e-05
5.90438e-05
5.90415e-05
5.90392e-05
5.90369e-05
5.90346e-05
5.90323e-05
5.903e-05
5.90277e-05
5.90254e-05
5.90231e-05
5.90208e-05
5.90185e-05
5.90162e-05
5.90139e-05
5.90116e-05
5.90093e-05
5.9007e-05
5.90047e-05
5.90024e-05
5.90001e-05
5.89978e-05
5.89955e-05
5.89932e-05
5.89909e-05
5.89886e-05
5.89863e-05
5.89841e-05
5.89818e-05
5.89795e-05
5.89772e-05
5.89749e-05
5.89726e-05
5.89703e-05
5.8968e-05
5.89658e-05
5.89635e-05
5.89612e-05
5.89589e-05
5.89566e-05
5.89543e-05
5.89521e-05
5.89498e-05
5.89475e-05
5.89452e-05
5.89429e-05
5.89407e-05
5.89384e-05
5.89361e-05
5.89338e-05
5.89316e-05
5.89293e-05
5.8927e-05
5.89247e-05
5.89225e-05
5.89202e-05
5.89179e-05
5.89156e-05
5.89134e-05
5.89111e-05
5.89088e-05
5.89066e-05
5.89043e-05
5.8902e-05
5.88998e-05
5.88975e-05
5.88952e-05
5.8893e-05
5.88907e-05
5.88884e-05
5.88862e-05
5.88839e-05
5.88816e-05
5.88794e-05
5.88771e-05
5.88749e-05
5.88726e-05
5.88703e-05
5.88681e-05
5.88658e-05
5.88636e-05
5.88613e-05
5.88591e-05
5.88568e-05
5.88546e-05
5.88523e-05
5.88501e-05
5.88478e-05
5.88455e-05
5.88433e-05
5.8841e-05
5.88388e-05
5.88365e-05
5.88343e-05
5.88321e-05
5.88298e-05
5.88276e-05
5.88253e-05
5.88231e-05
5.88208e-05
5.88186e-05
5.88163e-05
5.88141e-05
5.88119e-05
5.88096e-05
5.88074e-05
5.88051e-05
5.88029e-05
5.88007e-05
5.87984e-05
5.87962e-05
5.87939e-05
5.87917e-05
5.87895e-05
5.87872e-05
5.8785e-05
5.87828e-05
5.87805e-05
5.87783e-05
5.87761e-05
5.87738e-05
5.87716e-05
5.87694e-05
5.87671e-05
5.87649e-05
5.87627e-05
5.87605e-05
5.87582e-05
5.8756e-05
5.87538e-05
5.87516e-05
5.87493e-05
5.87471e-05
5.87449e-05
5.87427e-05
5.87404e-05
5.87382e-05
5.8736e-05
5.87338e-05
5.87316e-05
5.87293e-05
5.87271e-05
5.87249e-05
5.87227e-05
5.87205e-05
5.87183e-05
5.8716e-05
5.87138e-05
5.87116e-05
5.87094e-05
5.87072e-05
5.8705e-05
5.87028e-05
5.87005e-05
5.86983e-05
5.86961e-05
5.86939e-05
5.86917e-05
5.86895e-05
5.86873e-05
5.86851e-05
5.86829e-05
5.86807e-05
5.86785e-05
5.86763e-05
5.86741e-05
5.86719e-05
5.86697e-05
5.86675e-05
5.86653e-05
5.86631e-05
5.86609e-05
5.86587e-05
5.86565e-05
5.86543e-05
5.86521e-05
5.86499e-05
5.86477e-05
5.86455e-05
5.86433e-05
5.86411e-05
5.86389e-05
5.86367e-05
5.86345e-05
5.86323e-05
5.86301e-05
5.86279e-05
5.86257e-05
5.86236e-05
5.86214e-05
5.86192e-05
5.8617e-05
5.86148e-05
5.86126e-05
5.86104e-05
5.86082e-05
5.86061e-05
5.86039e-05
5.86017e-05
5.85995e-05
5.85973e-05
5.85952e-05
5.8593e-05
5.85908e-05
5.85886e-05
5.85864e-05
5.85843e-05
5.85821e-05
5.85799e-05
5.85777e-05
5.85755e-05
5.85734e-05
5.85712e-05
5.8569e-05
5.85668e-05
5.85647e-05
5.85625e-05
5.85603e-05
5.85582e-05
5.8556e-05
5.85538e-05
5.85517e-05
5.85495e-05
5.85473e-05
5.85451e-05
5.8543e-05
5.85408e-05
5.85387e-05
5.85365e-05
5.85343e-05
5.85322e-05
5.853e-05
5.85278e-05
5.85257e-05
5.85235e-05
5.85213e-05
5.85192e-05
5.8517e-05
5.85149e-05
5.85127e-05
5.85106e-05
5.85084e-05
5.85062e-05
5.85041e-05
5.85019e-05
5.84998e-05
5.84976e-05
5.84955e-05
5.84933e-05
5.84912e-05
5.8489e-05
5.84869e-05
5.84847e-05
5.84826e-05
5.84804e-05
5.84783e-05
5.84761e-05
5.8474e-05
5.84718e-05
5.84697e-05
5.84675e-05
5.84654e-05
5.84632e-05
5.84611e-05
5.84589e-05
5.84568e-05
5.84547e-05
5.84525e-05
5.84504e-05
5.84482e-05
5.84461e-05
5.8444e-05
5.84418e-05
5.84397e-05
5.84375e-05
5.84354e-05
5.84333e-05
5.84311e-05
5.8429e-05
5.84269e-05
5.84247e-05
5.84226e-05
5.84205e-05
5.84183e-05
5.84162e-05
5.84141e-05
5.84119e-05
5.84098e-05
5.84077e-05
5.84056e-05
5.84034e-05
5.84013e-05
5.83992e-05
5.8397e-05
5.83949e-05
5.83928e-05
5.83907e-05
5.83885e-05
5.83864e-05
5.83843e-05
5.83822e-05
5.83801e-05
5.83779e-05
5.83758e-05
5.83737e-05
5.83716e-05
5.83695e-05
5.83673e-05
5.83652e-05
5.83631e-05
5.8361e-05
5.83589e-05
5.83568e-05
5.83546e-05
5.83525e-05
5.83504e-05
5.83483e-05
5.83462e-05
5.83441e-05
5.8342e-05
5.83399e-05
5.83378e-05
5.83356e-05
5.83335e-05
5.83314e-05
5.83293e-05
5.83272e-05
5.83251e-05
5.8323e-05
5.83209e-05
5.83188e-05
5.83167e-05
5.83146e-05
5.83125e-05
5.83104e-05
5.83083e-05
5.83062e-05
5.83041e-05
5.8302e-05
5.82999e-05
5.82978e-05
5.82957e-05
5.82936e-05
5.82915e-05
5.82894e-05
5.82873e-05
5.82852e-05
5.82831e-05
5.8281e-05
5.82789e-05
5.82768e-05
5.82747e-05
5.82726e-05
5.82705e-05
5.82685e-05
5.82664e-05
5.82643e-05
5.82622e-05
5.82601e-05
5.8258e-05
5.82559e-05
5.82538e-05
5.82518e-05
5.82497e-05
5.82476e-05
5.82455e-05
5.82434e-05
5.82413e-05
5.82392e-05
5.82372e-05
5.82351e-05
5.8233e-05
5.82309e-05
5.82288e-05
5.82268e-05
5.82247e-05
5.82226e-05
5.82205e-05
5.82185e-05
5.82164e-05
5.82143e-05
5.82122e-05
5.82102e-05
5.82081e-05
5.8206e-05
5.82039e-05
5.82019e-05
5.81998e-05
5.81977e-05
5.81957e-05
5.81936e-05
5.81915e-05
5.81894e-05
5.81874e-05
5.81853e-05
5.81832e-05
5.81812e-05
5.81791e-05
5.8177e-05
5.8175e-05
5.81729e-05
5.81708e-05
5.81688e-05
5.81667e-05
5.81647e-05
5.81626e-05
5.81605e-05
5.81585e-05
5.81564e-05
5.81544e-05
5.81523e-05
5.81502e-05
5.81482e-05
5.81461e-05
5.81441e-05
5.8142e-05
5.814e-05
5.81379e-05
5.81359e-05
5.81338e-05
5.81317e-05
5.81297e-05
5.81276e-05
5.81256e-05
5.81235e-05
5.81215e-05
5.81194e-05
5.81174e-05
5.81153e-05
5.81133e-05
5.81113e-05
5.81092e-05
5.81072e-05
5.81051e-05
5.81031e-05
5.8101e-05
5.8099e-05
5.80969e-05
5.80949e-05
5.80929e-05
5.80908e-05
5.80888e-05
5.80867e-05
5.80847e-05
5.80827e-05
5.80806e-05
5.80786e-05
5.80765e-05
5.80745e-05
5.80725e-05
5.80704e-05
5.80684e-05
5.80664e-05
5.80643e-05
5.80623e-05
5.80603e-05
5.80582e-05
5.80562e-05
5.80542e-05
5.80521e-05
5.80501e-05
5.80481e-05
5.8046e-05
5.8044e-05
5.8042e-05
5.804e-05
5.80379e-05
5.80359e-05
5.80339e-05
5.80318e-05
5.80298e-05
5.80278e-05
5.80258e-05
5.80238e-05
5.80217e-05
5.80197e-05
5.80177e-05
5.80157e-05
5.80136e-05
5.80116e-05
5.80096e-05
5.80076e-05
5.80056e-05
5.80036e-05
5.80015e-05
5.79995e-05
5.79975e-05
5.79955e-05
5.79935e-05
5.79915e-05
5.79894e-05
5.79874e-05
5.79854e-05
5.79834e-05
5.79814e-05
5.79794e-05
5.79774e-05
5.79754e-05
5.79734e-05
5.79713e-05
5.79693e-05
5.79673e-05
5.79653e-05
5.79633e-05
5.79613e-05
5.79593e-05
5.79573e-05
5.79553e-05
5.79533e-05
5.79513e-05
5.79493e-05
5.79473e-05
5.79453e-05
5.79433e-05
5.79413e-05
5.79393e-05
5.79373e-05
5.79353e-05
5.79333e-05
5.79313e-05
5.79293e-05
5.79273e-05
5.79253e-05
5.79233e-05
5.79213e-05
5.79193e-05
5.79173e-05
5.79153e-05
5.79133e-05
5.79113e-05
5.79093e-05
5.79074e-05
5.79054e-05
5.79034e-05
5.79014e-05
5.78994e-05
5.78974e-05
5.78954e-05
5.78934e-05
5.78914e-05
5.78895e-05
5.78875e-05
5.78855e-05
5.78835e-05
5.78815e-05
5.78795e-05
5.78776e-05
5.78756e-05
5.78736e-05
5.78716e-05
5.78696e-05
5.78676e-05
5.78657e-05
5.78637e-05
5.78617e-05
5.78597e-05
5.78578e-05
5.78558e-05
5.78538e-05
5.78518e-05
5.78498e-05
5.78479e-05
5.78459e-05
5.78439e-05
5.7842e-05
5.784e-05
5.7838e-05
5.7836e-05
5.78341e-05
5.78321e-05
5.78301e-05
5.78282e-05
5.78262e-05
5.78242e-05
5.78222e-05
5.78203e-05
5.78183e-05
5.78163e-05
5.78144e-05
5.78124e-05
5.78105e-05
5.78085e-05
5.78065e-05
5.78046e-05
5.78026e-05
5.78006e-05
5.77987e-05
5.77967e-05
5.77948e-05
5.77928e-05
5.77908e-05
5.77889e-05
5.77869e-05
5.7785e-05
5.7783e-05
5.7781e-05
5.77791e-05
5.77771e-05
5.77752e-05
5.77732e-05
5.77713e-05
5.77693e-05
5.77674e-05
5.77654e-05
5.77635e-05
5.77615e-05
5.77596e-05
5.77576e-05
5.77557e-05
5.77537e-05
5.77518e-05
5.77498e-05
5.77479e-05
5.77459e-05
5.7744e-05
5.7742e-05
5.77401e-05
5.77381e-05
5.77362e-05
5.77342e-05
5.77323e-05
5.77304e-05
5.77284e-05
5.77265e-05
5.77245e-05
5.77226e-05
5.77207e-05
5.77187e-05
5.77168e-05
5.77148e-05
5.77129e-05
5.7711e-05
5.7709e-05
5.77071e-05
5.77051e-05
5.77032e-05
5.77013e-05
5.76993e-05
5.76974e-05
5.76955e-05
5.76935e-05
5.76916e-05
5.76897e-05
5.76877e-05
5.76858e-05
5.76839e-05
5.7682e-05
5.768e-05
5.76781e-05
5.76762e-05
5.76742e-05
5.76723e-05
5.76704e-05
5.76685e-05
5.76665e-05
5.76646e-05
5.76627e-05
5.76608e-05
5.76588e-05
5.76569e-05
5.7655e-05
5.76531e-05
5.76512e-05
5.76492e-05
5.76473e-05
5.76454e-05
5.76435e-05
5.76416e-05
5.76396e-05
5.76377e-05
5.76358e-05
5.76339e-05
5.7632e-05
5.76301e-05
5.76281e-05
5.76262e-05
5.76243e-05
5.76224e-05
5.76205e-05
5.76186e-05
5.76167e-05
5.76147e-05
5.76128e-05
5.76109e-05
5.7609e-05
5.76071e-05
5.76052e-05
5.76033e-05
5.76014e-05
5.75995e-05
5.75976e-05
5.75957e-05
5.75938e-05
5.75918e-05
5.75899e-05
5.7588e-05
5.75861e-05
5.75842e-05
5.75823e-05
5.75804e-05
5.75785e-05
5.75766e-05
5.75747e-05
5.75728e-05
5.75709e-05
5.7569e-05
5.75671e-05
5.75652e-05
5.75633e-05
5.75614e-05
5.75595e-05
5.75576e-05
5.75557e-05
5.75539e-05
5.7552e-05
5.75501e-05
5.75482e-05
5.75463e-05
5.75444e-05
5.75425e-05
5.75406e-05
5.75387e-05
5.75368e-05
5.75349e-05
5.7533e-05
5.75312e-05
5.75293e-05
5.75274e-05
5.75255e-05
5.75236e-05
5.75217e-05
5.75198e-05
5.75179e-05
5.75161e-05
5.75142e-05
5.75123e-05
5.75104e-05
5.75085e-05
5.75066e-05
5.75048e-05
5.75029e-05
5.7501e-05
5.74991e-05
5.74972e-05
5.74954e-05
5.74935e-05
5.74916e-05
5.74897e-05
5.74879e-05
5.7486e-05
5.74841e-05
5.74822e-05
5.74803e-05
5.74785e-05
5.74766e-05
5.74747e-05
5.74729e-05
5.7471e-05
5.74691e-05
5.74672e-05
5.74654e-05
5.74635e-05
5.74616e-05
5.74598e-05
5.74579e-05
5.7456e-05
5.74541e-05
5.74523e-05
5.74504e-05
5.74485e-05
5.74467e-05
5.74448e-05
5.7443e-05
5.74411e-05
5.74392e-05
5.74374e-05
5.74355e-05
5.74336e-05
5.74318e-05
5.74299e-05
5.74281e-05
5.74262e-05
5.74243e-05
5.74225e-05
5.74206e-05
5.74188e-05
5.74169e-05
5.7415e-05
5.74132e-05
5.74113e-05
5.74095e-05
5.74076e-05
5.74058e-05
5.74039e-05
5.74021e-05
5.74002e-05
5.73983e-05
5.73965e-05
5.73946e-05
5.73928e-05
5.73909e-05
5.73891e-05
5.73872e-05
5.73854e-05
5.73835e-05
5.73817e-05
5.73798e-05
5.7378e-05
5.73761e-05
5.73743e-05
5.73725e-05
5.73706e-05
5.73688e-05
5.73669e-05
5.73651e-05
5.73632e-05
5.73614e-05
5.73595e-05
5.73577e-05
5.73559e-05
5.7354e-05
5.73522e-05
5.73503e-05
5.73485e-05
5.73467e-05
5.73448e-05
5.7343e-05
5.73412e-05
5.73393e-05
5.73375e-05
5.73356e-05
5.73338e-05
5.7332e-05
5.73301e-05
5.73283e-05
5.73265e-05
5.73246e-05
5.73228e-05
5.7321e-05
5.73191e-05
5.73173e-05
5.73155e-05
5.73136e-05
5.73118e-05
5.731e-05
5.73082e-05
5.73063e-05
5.73045e-05
5.73027e-05
5.73008e-05
5.7299e-05
5.72972e-05
5.72954e-05
5.72935e-05
5.72917e-05
5.72899e-05
5.72881e-05
5.72863e-05
5.72844e-05
5.72826e-05
5.72808e-05
5.7279e-05
5.72771e-05
5.72753e-05
5.72735e-05
5.72717e-05
5.72699e-05
5.72681e-05
5.72662e-05
5.72644e-05
5.72626e-05
5.72608e-05
5.7259e-05
5.72572e-05
5.72553e-05
5.72535e-05
5.72517e-05
5.72499e-05
5.72481e-05
5.72463e-05
5.72445e-05
5.72427e-05
5.72408e-05
5.7239e-05
5.72372e-05
5.72354e-05
5.72336e-05
5.72318e-05
5.723e-05
5.72282e-05
5.72264e-05
5.72246e-05
5.72228e-05
5.7221e-05
5.72192e-05
5.72174e-05
5.72155e-05
5.72137e-05
5.72119e-05
5.72101e-05
5.72083e-05
5.72065e-05
5.72047e-05
5.72029e-05
5.72011e-05
5.71993e-05
5.71975e-05
5.71957e-05
5.71939e-05
5.71921e-05
5.71903e-05
5.71885e-05
5.71868e-05
5.7185e-05
5.71832e-05
5.71814e-05
5.71796e-05
5.71778e-05
5.7176e-05
5.71742e-05
5.71724e-05
5.71706e-05
5.71688e-05
5.7167e-05
5.71652e-05
5.71634e-05
5.71617e-05
5.71599e-05
5.71581e-05
5.71563e-05
5.71545e-05
5.71527e-05
5.71509e-05
5.71491e-05
5.71474e-05
5.71456e-05
5.71438e-05
5.7142e-05
5.71402e-05
5.71384e-05
5.71367e-05
5.71349e-05
5.71331e-05
5.71313e-05
5.71295e-05
5.71278e-05
5.7126e-05
5.71242e-05
5.71224e-05
5.71206e-05
5.71189e-05
5.71171e-05
5.71153e-05
5.71135e-05
5.71118e-05
5.711e-05
5.71082e-05
5.71064e-05
5.71047e-05
5.71029e-05
5.71011e-05
5.70993e-05
5.70976e-05
5.70958e-05
5.7094e-05
5.70922e-05
5.70905e-05
5.70887e-05
5.70869e-05
5.70852e-05
5.70834e-05
5.70816e-05
5.70799e-05
5.70781e-05
5.70763e-05
5.70746e-05
5.70728e-05
5.7071e-05
5.70693e-05
5.70675e-05
5.70657e-05
5.7064e-05
5.70622e-05
5.70605e-05
5.70587e-05
5.70569e-05
5.70552e-05
5.70534e-05
5.70517e-05
5.70499e-05
5.70481e-05
5.70464e-05
5.70446e-05
5.70429e-05
5.70411e-05
5.70393e-05
5.70376e-05
5.70358e-05
5.70341e-05
5.70323e-05
5.70306e-05
5.70288e-05
5.70271e-05
5.70253e-05
5.70236e-05
5.70218e-05
5.70201e-05
5.70183e-05
5.70166e-05
5.70148e-05
5.70131e-05
5.70113e-05
5.70096e-05
5.70078e-05
5.70061e-05
5.70043e-05
5.70026e-05
5.70008e-05
5.69991e-05
5.69973e-05
5.69956e-05
5.69938e-05
5.69921e-05
5.69903e-05
5.69886e-05
5.69869e-05
5.69851e-05
5.69834e-05
5.69816e-05
5.69799e-05
5.69782e-05
5.69764e-05
5.69747e-05
5.69729e-05
5.69712e-05
5.69695e-05
5.69677e-05
5.6966e-05
5.69643e-05
5.69625e-05
5.69608e-05
5.6959e-05
5.69573e-05
5.69556e-05
5.69538e-05
5.69521e-05
5.69504e-05
5.69486e-05
5.69469e-05
5.69452e-05
5.69434e-05
5.69417e-05
5.694e-05
5.69383e-05
5.69365e-05
5.69348e-05
5.69331e-05
5.69313e-05
5.69296e-05
5.69279e-05
5.69262e-05
5.69244e-05
5.69227e-05
5.6921e-05
5.69193e-05
5.69175e-05
5.69158e-05
5.69141e-05
5.69124e-05
5.69106e-05
5.69089e-05
5.69072e-05
5.69055e-05
5.69038e-05
5.6902e-05
5.69003e-05
5.68986e-05
5.68969e-05
5.68952e-05
5.68934e-05
5.68917e-05
5.689e-05
5.68883e-05
5.68866e-05
5.68849e-05
5.68832e-05
5.68814e-05
5.68797e-05
5.6878e-05
5.68763e-05
5.68746e-05
5.68729e-05
5.68712e-05
5.68694e-05
5.68677e-05
5.6866e-05
5.68643e-05
5.68626e-05
5.68609e-05
5.68592e-05
5.68575e-05
5.68558e-05
5.68541e-05
5.68524e-05
5.68507e-05
5.68489e-05
5.68472e-05
5.68455e-05
5.68438e-05
5.68421e-05
5.68404e-05
5.68387e-05
5.6837e-05
5.68353e-05
5.68336e-05
5.68319e-05
5.68302e-05
5.68285e-05
5.68268e-05
5.68251e-05
5.68234e-05
5.68217e-05
5.682e-05
5.68183e-05
5.68166e-05
5.68149e-05
5.68132e-05
5.68115e-05
5.68098e-05
5.68081e-05
5.68064e-05
5.68047e-05
5.68031e-05
5.68014e-05
5.67997e-05
5.6798e-05
5.67963e-05
5.67946e-05
5.67929e-05
5.67912e-05
5.67895e-05
5.67878e-05
5.67861e-05
5.67845e-05
5.67828e-05
5.67811e-05
5.67794e-05
5.67777e-05
5.6776e-05
5.67743e-05
5.67726e-05
5.6771e-05
5.67693e-05
5.67676e-05
5.67659e-05
5.67642e-05
5.67625e-05
5.67609e-05
5.67592e-05
5.67575e-05
5.67558e-05
5.67541e-05
5.67525e-05
5.67508e-05
5.67491e-05
5.67474e-05
5.67457e-05
5.67441e-05
5.67424e-05
5.67407e-05
5.6739e-05
5.67373e-05
5.67357e-05
5.6734e-05
5.67323e-05
5.67306e-05
5.6729e-05
5.67273e-05
5.67256e-05
5.6724e-05
5.67223e-05
5.67206e-05
5.67189e-05
5.67173e-05
5.67156e-05
5.67139e-05
5.67123e-05
5.67106e-05
5.67089e-05
5.67073e-05
5.67056e-05
5.67039e-05
5.67022e-05
5.67006e-05
5.66989e-05
5.66972e-05
5.66956e-05
5.66939e-05
5.66923e-05
5.66906e-05
5.66889e-05
5.66873e-05
5.66856e-05
5.66839e-05
5.66823e-05
5.66806e-05
5.6679e-05
5.66773e-05
5.66756e-05
5.6674e-05
5.66723e-05
5.66707e-05
5.6669e-05
5.66673e-05
5.66657e-05
5.6664e-05
5.66624e-05
5.66607e-05
5.66591e-05
5.66574e-05
5.66557e-05
5.66541e-05
5.66524e-05
5.66508e-05
5.66491e-05
5.66475e-05
5.66458e-05
5.66442e-05
5.66425e-05
5.66409e-05
5.66392e-05
5.66376e-05
5.66359e-05
5.66343e-05
5.66326e-05
5.6631e-05
5.66293e-05
5.66277e-05
5.6626e-05
5.66244e-05
5.66227e-05
5.66211e-05
5.66195e-05
5.66178e-05
5.66162e-05
5.66145e-05
5.66129e-05
5.66112e-05
5.66096e-05
5.66079e-05
5.66063e-05
5.66047e-05
5.6603e-05
5.66014e-05
5.65997e-05
5.65981e-05
5.65965e-05
5.65948e-05
5.65932e-05
5.65916e-05
5.65899e-05
5.65883e-05
5.65866e-05
5.6585e-05
5.65834e-05
5.65817e-05
5.65801e-05
5.65785e-05
5.65768e-05
5.65752e-05
5.65736e-05
5.65719e-05
5.65703e-05
5.65687e-05
5.6567e-05
5.65654e-05
5.65638e-05
5.65621e-05
5.65605e-05
5.65589e-05
5.65573e-05
5.65556e-05
5.6554e-05
5.65524e-05
5.65507e-05
5.65491e-05
5.65475e-05
5.65459e-05
5.65442e-05
5.65426e-05
5.6541e-05
5.65394e-05
5.65377e-05
5.65361e-05
5.65345e-05
5.65329e-05
5.65313e-05
5.65296e-05
5.6528e-05
5.65264e-05
5.65248e-05
5.65232e-05
5.65215e-05
5.65199e-05
5.65183e-05
5.65167e-05
5.65151e-05
5.65134e-05
5.65118e-05
5.65102e-05
5.65086e-05
5.6507e-05
5.65054e-05
5.65037e-05
5.65021e-05
5.65005e-05
5.64989e-05
5.64973e-05
5.64957e-05
5.64941e-05
5.64925e-05
5.64908e-05
5.64892e-05
5.64876e-05
5.6486e-05
5.64844e-05
5.64828e-05
5.64812e-05
5.64796e-05
5.6478e-05
5.64764e-05
5.64748e-05
5.64731e-05
5.64715e-05
5.64699e-05
5.64683e-05
5.64667e-05
5.64651e-05
5.64635e-05
5.64619e-05
5.64603e-05
5.64587e-05
5.64571e-05
5.64555e-05
5.64539e-05
5.64523e-05
5.64507e-05
5.64491e-05
5.64475e-05
5.64459e-05
5.64443e-05
5.64427e-05
5.64411e-05
5.64395e-05
5.64379e-05
5.64363e-05
5.64347e-05
5.64331e-05
5.64315e-05
5.64299e-05
5.64283e-05
5.64267e-05
5.64251e-05
5.64235e-05
5.6422e-05
5.64204e-05
5.64188e-05
5.64172e-05
5.64156e-05
5.6414e-05
5.64124e-05
5.64108e-05
5.64092e-05
5.64076e-05
5.6406e-05
5.64045e-05
5.64029e-05
5.64013e-05
5.63997e-05
5.63981e-05
5.63965e-05
5.63949e-05
5.63933e-05
5.63918e-05
5.63902e-05
5.63886e-05
5.6387e-05
5.63854e-05
5.63838e-05
5.63823e-05
5.63807e-05
5.63791e-05
5.63775e-05
5.63759e-05
5.63744e-05
5.63728e-05
5.63712e-05
5.63696e-05
5.6368e-05
5.63665e-05
5.63649e-05
5.63633e-05
5.63617e-05
5.63601e-05
5.63586e-05
5.6357e-05
5.63554e-05
5.63538e-05
5.63523e-05
5.63507e-05
5.63491e-05
5.63475e-05
5.6346e-05
5.63444e-05
5.63428e-05
5.63413e-05
5.63397e-05
5.63381e-05
5.63365e-05
5.6335e-05
5.63334e-05
5.63318e-05
5.63303e-05
5.63287e-05
5.63271e-05
5.63256e-05
5.6324e-05
5.63224e-05
5.63209e-05
5.63193e-05
5.63177e-05
5.63162e-05
5.63146e-05
5.6313e-05
5.63115e-05
5.63099e-05
5.63083e-05
5.63068e-05
5.63052e-05
5.63036e-05
5.63021e-05
5.63005e-05
5.6299e-05
5.62974e-05
5.62958e-05
5.62943e-05
5.62927e-05
5.62912e-05
5.62896e-05
5.6288e-05
5.62865e-05
5.62849e-05
5.62834e-05
5.62818e-05
5.62803e-05
5.62787e-05
5.62772e-05
5.62756e-05
5.6274e-05
5.62725e-05
5.62709e-05
5.62694e-05
5.62678e-05
5.62663e-05
5.62647e-05
5.62632e-05
5.62616e-05
5.62601e-05
5.62585e-05
5.6257e-05
5.62554e-05
5.62539e-05
5.62523e-05
5.62508e-05
5.62492e-05
5.62477e-05
5.62461e-05
5.62446e-05
5.6243e-05
5.62415e-05
5.62399e-05
5.62384e-05
5.62369e-05
5.62353e-05
5.62338e-05
5.62322e-05
5.62307e-05
5.62291e-05
5.62276e-05
5.62261e-05
5.62245e-05
5.6223e-05
5.62214e-05
5.62199e-05
5.62183e-05
5.62168e-05
5.62153e-05
5.62137e-05
5.62122e-05
5.62107e-05
5.62091e-05
5.62076e-05
5.6206e-05
5.62045e-05
5.6203e-05
5.62014e-05
5.61999e-05
5.61984e-05
5.61968e-05
5.61953e-05
5.61938e-05
5.61922e-05
5.61907e-05
5.61892e-05
5.61876e-05
5.61861e-05
5.61846e-05
5.6183e-05
5.61815e-05
5.618e-05
5.61785e-05
5.61769e-05
5.61754e-05
5.61739e-05
5.61723e-05
5.61708e-05
5.61693e-05
5.61678e-05
5.61662e-05
5.61647e-05
5.61632e-05
5.61617e-05
5.61601e-05
5.61586e-05
5.61571e-05
5.61556e-05
5.6154e-05
5.61525e-05
5.6151e-05
5.61495e-05
5.61479e-05
5.61464e-05
5.61449e-05
5.61434e-05
5.61419e-05
5.61403e-05
5.61388e-05
5.61373e-05
5.61358e-05
5.61343e-05
5.61328e-05
5.61312e-05
5.61297e-05
5.61282e-05
5.61267e-05
5.61252e-05
5.61237e-05
5.61221e-05
5.61206e-05
5.61191e-05
5.61176e-05
5.61161e-05
5.61146e-05
5.61131e-05
5.61115e-05
5.611e-05
5.61085e-05
5.6107e-05
5.61055e-05
5.6104e-05
5.61025e-05
5.6101e-05
5.60995e-05
5.6098e-05
5.60964e-05
5.60949e-05
5.60934e-05
5.60919e-05
5.60904e-05
5.60889e-05
5.60874e-05
5.60859e-05
5.60844e-05
5.60829e-05
5.60814e-05
5.60799e-05
5.60784e-05
5.60769e-05
5.60754e-05
5.60739e-05
5.60724e-05
5.60709e-05
5.60694e-05
5.60679e-05
5.60664e-05
5.60649e-05
5.60634e-05
5.60619e-05
5.60604e-05
5.60589e-05
5.60574e-05
5.60559e-05
5.60544e-05
5.60529e-05
5.60514e-05
5.60499e-05
5.60484e-05
5.60469e-05
5.60454e-05
5.60439e-05
5.60424e-05
5.60409e-05
5.60394e-05
5.60379e-05
5.60364e-05
5.60349e-05
5.60335e-05
5.6032e-05
5.60305e-05
5.6029e-05
5.60275e-05
5.6026e-05
5.60245e-05
5.6023e-05
5.60215e-05
5.602e-05
5.60186e-05
5.60171e-05
5.60156e-05
5.60141e-05
5.60126e-05
5.60111e-05
5.60096e-05
5.60082e-05
5.60067e-05
5.60052e-05
5.60037e-05
5.60022e-05
5.60007e-05
5.59993e-05
5.59978e-05
5.59963e-05
5.59948e-05
5.59933e-05
5.59918e-05
5.59904e-05
5.59889e-05
5.59874e-05
5.59859e-05
5.59844e-05
5.5983e-05
5.59815e-05
5.598e-05
5.59785e-05
5.59771e-05
5.59756e-05
5.59741e-05
5.59726e-05
5.59711e-05
5.59697e-05
5.59682e-05
5.59667e-05
5.59653e-05
5.59638e-05
5.59623e-05
5.59608e-05
5.59594e-05
5.59579e-05
5.59564e-05
5.59549e-05
5.59535e-05
5.5952e-05
5.59505e-05
5.59491e-05
5.59476e-05
5.59461e-05
5.59447e-05
5.59432e-05
5.59417e-05
5.59402e-05
5.59388e-05
5.59373e-05
5.59358e-05
5.59344e-05
5.59329e-05
5.59315e-05
5.593e-05
5.59285e-05
5.59271e-05
5.59256e-05
5.59241e-05
5.59227e-05
5.59212e-05
5.59197e-05
5.59183e-05
5.59168e-05
5.59154e-05
5.59139e-05
5.59124e-05
5.5911e-05
5.59095e-05
5.59081e-05
5.59066e-05
5.59051e-05
5.59037e-05
5.59022e-05
5.59008e-05
5.58993e-05
5.58979e-05
5.58964e-05
5.58949e-05
5.58935e-05
5.5892e-05
5.58906e-05
5.58891e-05
5.58877e-05
5.58862e-05
5.58848e-05
5.58833e-05
5.58819e-05
5.58804e-05
5.5879e-05
5.58775e-05
5.5876e-05
5.58746e-05
5.58731e-05
5.58717e-05
5.58702e-05
5.58688e-05
5.58674e-05
5.58659e-05
5.58645e-05
5.5863e-05
5.58616e-05
5.58601e-05
5.58587e-05
5.58572e-05
5.58558e-05
5.58543e-05
5.58529e-05
5.58514e-05
5.585e-05
5.58486e-05
5.58471e-05
5.58457e-05
5.58442e-05
5.58428e-05
5.58413e-05
5.58399e-05
5.58385e-05
5.5837e-05
5.58356e-05
5.58341e-05
5.58327e-05
5.58313e-05
5.58298e-05
5.58284e-05
5.58269e-05
5.58255e-05
5.58241e-05
5.58226e-05
5.58212e-05
5.58198e-05
5.58183e-05
5.58169e-05
5.58154e-05
5.5814e-05
5.58126e-05
5.58111e-05
5.58097e-05
5.58083e-05
5.58068e-05
5.58054e-05
5.5804e-05
5.58025e-05
5.58011e-05
5.57997e-05
5.57983e-05
5.57968e-05
5.57954e-05
5.5794e-05
5.57925e-05
5.57911e-05
5.57897e-05
5.57882e-05
5.57868e-05
5.57854e-05
5.5784e-05
5.57825e-05
5.57811e-05
5.57797e-05
5.57783e-05
5.57768e-05
5.57754e-05
5.5774e-05
5.57726e-05
5.57711e-05
5.57697e-05
5.57683e-05
5.57669e-05
5.57654e-05
5.5764e-05
5.57626e-05
5.57612e-05
5.57598e-05
5.57583e-05
5.57569e-05
5.57555e-05
5.57541e-05
5.57527e-05
5.57512e-05
5.57498e-05
5.57484e-05
5.5747e-05
5.57456e-05
5.57442e-05
5.57427e-05
5.57413e-05
5.57399e-05
5.57385e-05
5.57371e-05
5.57357e-05
5.57342e-05
5.57328e-05
5.57314e-05
5.573e-05
5.57286e-05
5.57272e-05
5.57258e-05
5.57244e-05
5.57229e-05
5.57215e-05
5.57201e-05
5.57187e-05
5.57173e-05
5.57159e-05
5.57145e-05
5.57131e-05
5.57117e-05
5.57103e-05
5.57088e-05
5.57074e-05
5.5706e-05
5.57046e-05
5.57032e-05
5.57018e-05
5.57004e-05
5.5699e-05
5.56976e-05
5.56962e-05
5.56948e-05
5.56934e-05
5.5692e-05
5.56906e-05
5.56892e-05
5.56878e-05
5.56864e-05
5.5685e-05
5.56836e-05
5.56822e-05
5.56808e-05
5.56794e-05
5.5678e-05
5.56766e-05
5.56752e-05
5.56738e-05
5.56724e-05
5.5671e-05
5.56696e-05
5.56682e-05
5.56668e-05
5.56654e-05
5.5664e-05
5.56626e-05
5.56612e-05
5.56598e-05
5.56584e-05
5.5657e-05
5.56556e-05
5.56542e-05
5.56528e-05
5.56514e-05
5.565e-05
5.56487e-05
5.56473e-05
5.56459e-05
5.56445e-05
5.56431e-05
5.56417e-05
5.56403e-05
5.56389e-05
5.56375e-05
5.56361e-05
5.56348e-05
5.56334e-05
5.5632e-05
5.56306e-05
5.56292e-05
5.56278e-05
5.56264e-05
5.5625e-05
5.56237e-05
5.56223e-05
5.56209e-05
5.56195e-05
5.56181e-05
5.56167e-05
5.56153e-05
5.5614e-05
5.56126e-05
5.56112e-05
5.56098e-05
5.56084e-05
5.56071e-05
5.56057e-05
5.56043e-05
5.56029e-05
5.56015e-05
5.56001e-05
5.55988e-05
5.55974e-05
5.5596e-05
5.55946e-05
5.55933e-05
5.55919e-05
5.55905e-05
5.55891e-05
5.55877e-05
5.55864e-05
5.5585e-05
5.55836e-05
5.55822e-05
5.55809e-05
5.55795e-05
5.55781e-05
5.55767e-05
5.55754e-05
5.5574e-05
5.55726e-05
5.55713e-05
5.55699e-05
5.55685e-05
5.55671e-05
5.55658e-05
5.55644e-05
5.5563e-05
5.55617e-05
5.55603e-05
5.55589e-05
5.55575e-05
5.55562e-05
5.55548e-05
5.55534e-05
5.55521e-05
5.55507e-05
5.55493e-05
5.5548e-05
5.55466e-05
5.55452e-05
5.55439e-05
5.55425e-05
5.55412e-05
5.55398e-05
5.55384e-05
5.55371e-05
5.55357e-05
5.55343e-05
5.5533e-05
5.55316e-05
5.55302e-05
5.55289e-05
5.55275e-05
5.55262e-05
5.55248e-05
5.55234e-05
5.55221e-05
5.55207e-05
5.55194e-05
5.5518e-05
5.55166e-05
5.55153e-05
5.55139e-05
5.55126e-05
5.55112e-05
5.55099e-05
5.55085e-05
5.55071e-05
5.55058e-05
5.55044e-05
5.55031e-05
5.55017e-05
5.55004e-05
5.5499e-05
5.54977e-05
5.54963e-05
5.5495e-05
5.54936e-05
5.54923e-05
5.54909e-05
5.54896e-05
5.54882e-05
5.54869e-05
5.54855e-05
5.54841e-05
5.54828e-05
5.54815e-05
5.54801e-05
5.54788e-05
5.54774e-05
5.54761e-05
5.54747e-05
5.54734e-05
5.5472e-05
5.54707e-05
5.54693e-05
5.5468e-05
5.54666e-05
5.54653e-05
5.54639e-05
5.54626e-05
5.54613e-05
5.54599e-05
5.54586e-05
5.54572e-05
5.54559e-05
5.54545e-05
5.54532e-05
5.54519e-05
5.54505e-05
5.54492e-05
5.54478e-05
5.54465e-05
5.54451e-05
5.54438e-05
5.54425e-05
5.54411e-05
5.54398e-05
5.54385e-05
5.54371e-05
5.54358e-05
5.54344e-05
5.54331e-05
5.54318e-05
5.54304e-05
5.54291e-05
5.54278e-05
5.54264e-05
5.54251e-05
5.54238e-05
5.54224e-05
5.54211e-05
5.54198e-05
5.54184e-05
5.54171e-05
5.54158e-05
5.54144e-05
5.54131e-05
5.54118e-05
5.54104e-05
5.54091e-05
5.54078e-05
5.54064e-05
5.54051e-05
5.54038e-05
5.54024e-05
5.54011e-05
5.53998e-05
5.53985e-05
5.53971e-05
5.53958e-05
5.53945e-05
5.53932e-05
5.53918e-05
5.53905e-05
5.53892e-05
5.53879e-05
5.53865e-05
5.53852e-05
5.53839e-05
5.53826e-05
5.53812e-05
5.53799e-05
5.53786e-05
5.53773e-05
5.53759e-05
5.53746e-05
5.53733e-05
5.5372e-05
5.53707e-05
5.53693e-05
5.5368e-05
5.53667e-05
5.53654e-05
5.53641e-05
5.53627e-05
5.53614e-05
5.53601e-05
5.53588e-05
5.53575e-05
5.53561e-05
5.53548e-05
5.53535e-05
5.53522e-05
5.53509e-05
5.53496e-05
5.53482e-05
5.53469e-05
5.53456e-05
5.53443e-05
5.5343e-05
5.53417e-05
5.53404e-05
5.5339e-05
5.53377e-05
5.53364e-05
5.53351e-05
5.53338e-05
5.53325e-05
5.53312e-05
5.53299e-05
5.53286e-05
5.53272e-05
5.53259e-05
5.53246e-05
5.53233e-05
5.5322e-05
5.53207e-05
5.53194e-05
5.53181e-05
5.53168e-05
5.53155e-05
5.53142e-05
5.53129e-05
5.53116e-05
5.53102e-05
5.53089e-05
5.53076e-05
5.53063e-05
5.5305e-05
5.53037e-05
5.53024e-05
5.53011e-05
5.52998e-05
5.52985e-05
5.52972e-05
5.52959e-05
5.52946e-05
5.52933e-05
5.5292e-05
5.52907e-05
5.52894e-05
5.52881e-05
5.52868e-05
5.52855e-05
5.52842e-05
5.52829e-05
5.52816e-05
5.52803e-05
5.5279e-05
5.52777e-05
5.52764e-05
5.52751e-05
5.52738e-05
5.52725e-05
5.52712e-05
5.52699e-05
5.52686e-05
5.52674e-05
5.52661e-05
5.52648e-05
5.52635e-05
5.52622e-05
5.52609e-05
5.52596e-05
5.52583e-05
5.5257e-05
5.52557e-05
5.52544e-05
5.52531e-05
5.52518e-05
5.52506e-05
5.52493e-05
5.5248e-05
5.52467e-05
5.52454e-05
5.52441e-05
5.52428e-05
5.52415e-05
5.52402e-05
5.5239e-05
5.52377e-05
5.52364e-05
5.52351e-05
5.52338e-05
5.52325e-05
5.52312e-05
5.523e-05
5.52287e-05
5.52274e-05
5.52261e-05
5.52248e-05
5.52235e-05
5.52222e-05
5.5221e-05
5.52197e-05
5.52184e-05
5.52171e-05
5.52158e-05
5.52146e-05
5.52133e-05
5.5212e-05
5.52107e-05
5.52094e-05
5.52082e-05
5.52069e-05
5.52056e-05
5.52043e-05
5.5203e-05
5.52018e-05
5.52005e-05
5.51992e-05
5.51979e-05
5.51967e-05
5.51954e-05
5.51941e-05
5.51928e-05
5.51916e-05
5.51903e-05
5.5189e-05
5.51877e-05
5.51865e-05
5.51852e-05
5.51839e-05
5.51826e-05
5.51814e-05
5.51801e-05
5.51788e-05
5.51775e-05
5.51763e-05
5.5175e-05
5.51737e-05
5.51725e-05
5.51712e-05
5.51699e-05
5.51687e-05
5.51674e-05
5.51661e-05
5.51648e-05
5.51636e-05
5.51623e-05
5.5161e-05
5.51598e-05
5.51585e-05
5.51572e-05
5.5156e-05
5.51547e-05
5.51534e-05
5.51522e-05
5.51509e-05
5.51496e-05
5.51484e-05
5.51471e-05
5.51459e-05
5.51446e-05
5.51433e-05
5.51421e-05
5.51408e-05
5.51395e-05
5.51383e-05
5.5137e-05
5.51358e-05
5.51345e-05
5.51332e-05
5.5132e-05
5.51307e-05
5.51295e-05
5.51282e-05
5.51269e-05
5.51257e-05
5.51244e-05
5.51232e-05
5.51219e-05
5.51207e-05
5.51194e-05
5.51181e-05
5.51169e-05
5.51156e-05
5.51144e-05
5.51131e-05
5.51119e-05
5.51106e-05
5.51094e-05
5.51081e-05
5.51068e-05
5.51056e-05
5.51043e-05
5.51031e-05
5.51018e-05
5.51006e-05
5.50993e-05
5.50981e-05
5.50968e-05
5.50956e-05
5.50943e-05
5.50931e-05
5.50918e-05
5.50906e-05
5.50893e-05
5.50881e-05
5.50868e-05
5.50856e-05
5.50843e-05
5.50831e-05
5.50818e-05
5.50806e-05
5.50793e-05
5.50781e-05
5.50768e-05
5.50756e-05
5.50744e-05
5.50731e-05
5.50719e-05
5.50706e-05
5.50694e-05
5.50681e-05
5.50669e-05
5.50656e-05
5.50644e-05
5.50632e-05
5.50619e-05
5.50607e-05
5.50594e-05
5.50582e-05
5.5057e-05
5.50557e-05
5.50545e-05
5.50532e-05
5.5052e-05
5.50508e-05
5.50495e-05
5.50483e-05
5.5047e-05
5.50458e-05
5.50446e-05
5.50433e-05
5.50421e-05
5.50408e-05
5.50396e-05
5.50384e-05
5.50371e-05
5.50359e-05
5.50347e-05
5.50334e-05
5.50322e-05
5.5031e-05
5.50297e-05
5.50285e-05
5.50273e-05
5.5026e-05
5.50248e-05
5.50236e-05
5.50223e-05
5.50211e-05
5.50199e-05
5.50186e-05
5.50174e-05
5.50162e-05
5.50149e-05
5.50137e-05
5.50125e-05
5.50113e-05
5.501e-05
5.50088e-05
5.50076e-05
5.50063e-05
5.50051e-05
5.50039e-05
5.50027e-05
5.50014e-05
5.50002e-05
5.4999e-05
5.49978e-05
5.49965e-05
5.49953e-05
5.49941e-05
5.49929e-05
5.49916e-05
5.49904e-05
5.49892e-05
5.4988e-05
5.49867e-05
5.49855e-05
5.49843e-05
5.49831e-05
5.49818e-05
5.49806e-05
5.49794e-05
5.49782e-05
5.4977e-05
5.49757e-05
5.49745e-05
5.49733e-05
5.49721e-05
5.49709e-05
5.49696e-05
5.49684e-05
5.49672e-05
5.4966e-05
5.49648e-05
5.49635e-05
5.49623e-05
5.49611e-05
5.49599e-05
5.49587e-05
5.49575e-05
5.49563e-05
5.4955e-05
5.49538e-05
5.49526e-05
5.49514e-05
5.49502e-05
5.4949e-05
5.49478e-05
5.49465e-05
5.49453e-05
5.49441e-05
5.49429e-05
5.49417e-05
5.49405e-05
5.49393e-05
5.49381e-05
5.49368e-05
5.49356e-05
5.49344e-05
5.49332e-05
5.4932e-05
5.49308e-05
5.49296e-05
5.49284e-05
5.49272e-05
5.4926e-05
5.49248e-05
5.49235e-05
5.49223e-05
5.49211e-05
5.49199e-05
5.49187e-05
5.49175e-05
5.49163e-05
5.49151e-05
5.49139e-05
5.49127e-05
5.49115e-05
5.49103e-05
5.49091e-05
5.49079e-05
5.49067e-05
5.49055e-05
5.49043e-05
5.49031e-05
5.49019e-05
5.49007e-05
5.48995e-05
5.48983e-05
5.48971e-05
5.48959e-05
5.48947e-05
5.48935e-05
5.48923e-05
5.48911e-05
5.48899e-05
5.48887e-05
5.48875e-05
5.48863e-05
5.48851e-05
5.48839e-05
5.48827e-05
5.48815e-05
5.48803e-05
5.48791e-05
5.48779e-05
5.48767e-05
5.48755e-05
5.48743e-05
5.48731e-05
5.48719e-05
5.48707e-05
5.48695e-05
5.48683e-05
5.48672e-05
5.4866e-05
5.48648e-05
5.48636e-05
5.48624e-05
5.48612e-05
5.486e-05
5.48588e-05
5.48576e-05
5.48564e-05
5.48552e-05
5.48541e-05
5.48529e-05
5.48517e-05
5.48505e-05
5.48493e-05
5.48481e-05
5.48469e-05
5.48457e-05
5.48445e-05
5.48434e-05
5.48422e-05
5.4841e-05
5.48398e-05
5.48386e-05
5.48374e-05
5.48362e-05
5.48351e-05
5.48339e-05
5.48327e-05
5.48315e-05
5.48303e-05
5.48291e-05
5.4828e-05
5.48268e-05
5.48256e-05
5.48244e-05
5.48232e-05
5.4822e-05
5.48209e-05
5.48197e-05
5.48185e-05
5.48173e-05
5.48161e-05
5.4815e-05
5.48138e-05
5.48126e-05
5.48114e-05
5.48102e-05
5.48091e-05
5.48079e-05
5.48067e-05
5.48055e-05
5.48044e-05
5.48032e-05
5.4802e-05
5.48008e-05
5.47997e-05
5.47985e-05
5.47973e-05
5.47961e-05
5.47949e-05
5.47938e-05
5.47926e-05
5.47914e-05
5.47903e-05
5.47891e-05
5.47879e-05
5.47867e-05
5.47856e-05
5.47844e-05
5.47832e-05
5.4782e-05
5.47809e-05
5.47797e-05
5.47785e-05
5.47774e-05
5.47762e-05
5.4775e-05
5.47739e-05
5.47727e-05
5.47715e-05
5.47703e-05
5.47692e-05
5.4768e-05
5.47668e-05
5.47657e-05
5.47645e-05
5.47633e-05
5.47622e-05
5.4761e-05
5.47598e-05
5.47587e-05
5.47575e-05
5.47564e-05
5.47552e-05
5.4754e-05
5.47529e-05
5.47517e-05
5.47505e-05
5.47494e-05
5.47482e-05
5.4747e-05
5.47459e-05
5.47447e-05
5.47436e-05
5.47424e-05
5.47412e-05
5.47401e-05
5.47389e-05
5.47378e-05
5.47366e-05
5.47354e-05
5.47343e-05
5.47331e-05
5.4732e-05
5.47308e-05
5.47296e-05
5.47285e-05
5.47273e-05
5.47262e-05
5.4725e-05
5.47239e-05
5.47227e-05
5.47215e-05
5.47204e-05
5.47192e-05
5.47181e-05
5.47169e-05
5.47158e-05
5.47146e-05
5.47135e-05
5.47123e-05
5.47111e-05
5.471e-05
5.47088e-05
5.47077e-05
5.47065e-05
5.47054e-05
5.47042e-05
5.47031e-05
5.47019e-05
5.47008e-05
5.46996e-05
5.46985e-05
5.46973e-05
5.46962e-05
5.4695e-05
5.46939e-05
5.46927e-05
5.46916e-05
5.46904e-05
5.46893e-05
5.46881e-05
5.4687e-05
5.46858e-05
5.46847e-05
5.46835e-05
5.46824e-05
5.46813e-05
5.46801e-05
5.4679e-05
5.46778e-05
5.46767e-05
5.46755e-05
5.46744e-05
5.46732e-05
5.46721e-05
5.4671e-05
5.46698e-05
5.46687e-05
5.46675e-05
5.46664e-05
5.46652e-05
5.46641e-05
5.4663e-05
5.46618e-05
5.46607e-05
5.46595e-05
5.46584e-05
5.46573e-05
5.46561e-05
5.4655e-05
5.46538e-05
5.46527e-05
5.46516e-05
5.46504e-05
5.46493e-05
5.46481e-05
5.4647e-05
5.46459e-05
5.46447e-05
5.46436e-05
5.46425e-05
5.46413e-05
5.46402e-05
5.46391e-05
5.46379e-05
5.46368e-05
5.46356e-05
5.46345e-05
5.46334e-05
5.46322e-05
5.46311e-05
5.463e-05
5.46288e-05
5.46277e-05
5.46266e-05
5.46255e-05
5.46243e-05
5.46232e-05
5.46221e-05
5.46209e-05
5.46198e-05
5.46187e-05

