5e-05
5e-05
5e-05
5e-05
5e-05
5e-05
5e-05
5e-05
5e-05
5e-05
5e-05
5e-05
5e-05
5e-05
5e-05
5e-05
5e-05
5e-05
5e-05
5e-05
5e-05
5e-05
5e-05
5e-05
5e-05
5e-05
5e-05
5e-05
5e-05
5e-05
5e-05
5e-05
5e-05
5e-05
5e-05
5e-05
5e-05
5e-05
5e-05
5e-05
5e-05
5e-05
5e-05
5e-05
5e-05
5e-05
5e-05
5e-05
5e-05
5e-05
5e-05
5e-05
5e-05
5e-05
5e-05
5e-05
5e-05
5e-05
5e-05
5e-05
5e-05
5e-05
5e-05
5e-05
5e-05
5e-05
5e-05
5e-05
5e-05
5e-05
5e-05
5e-05
5e-05
5e-05
5e-05
5e-05
5e-05
5e-05
5e-05
5e-05
5e-05
5e-05
5e-05
5e-05
5e-05
5e-05
5e-05
5e-05
5e-05
5e-05
5e-05
5e-05
5e-05
5e-05
5e-05
5e-05
5e-05
5e-05
5e-05
5e-05
5e-05
5e-05
5e-05
5e-05
5e-05
5e-05
5e-05
5e-05
5e-05
5e-05
5e-05
5e-05
5e-05
5e-05
5e-05
5e-05
5e-05
5e-05
5e-05
5e-05
5e-05
5e-05
5e-05
5e-05
5e-05
5e-05
5e-05
5e-05
5e-05
5e-05
5e-05
5e-05
5e-05
5e-05
5e-05
5e-05
5e-05
5e-05
5e-05
5e-05
5e-05
5e-05
5e-05
5e-05
5e-05
5e-05
5e-05
5e-05
5e-05
5e-05
5e-05
5e-05
5e-05
5e-05
5e-05
5e-05
5e-05
5e-05
5e-05
5e-05
5e-05
5e-05
5e-05
5e-05
5e-05
5e-05
5e-05
5e-05
5e-05
5e-05
5e-05
5e-05
5e-05
5e-05
5e-05
5e-05
5e-05
5e-05
5e-05
5e-05
5e-05
5e-05
5e-05
5e-05
5e-05
5e-05
5e-05
5e-05
5e-05
5e-05
5e-05
5e-05
5e-05
5e-05
5e-05
5e-05
5e-05
5e-05
5e-05
5e-05
5e-05
5e-05
5e-05
5e-05
5e-05
5e-05
5e-05
5e-05
5e-05
5e-05
5e-05
5e-05
5e-05
5e-05
5e-05
5e-05
5e-05
5e-05
5e-05
5e-05
5e-05
5e-05
5e-05
5e-05
5e-05
5e-05
5e-05
5e-05
5e-05
5e-05
5e-05
5e-05
5e-05
5e-05
5e-05
5e-05
5e-05
5e-05
5e-05
5e-05
5e-05
5e-05
5e-05
5e-05
5e-05
5e-05
5e-05
5e-05
5e-05
5e-05
5e-05
5e-05
5e-05
5e-05
5e-05
5e-05
5e-05
5e-05
5e-05
5e-05
5e-05
5e-05
5e-05
5e-05
5e-05
5e-05
5e-05
5e-05
5e-05
5e-05
5e-05
5e-05
5e-05
5e-05
5e-05
5e-05
5e-05
5e-05
5e-05
5e-05
5e-05
5e-05
5e-05
5e-05
5e-05
5e-05
5e-05
5e-05
5e-05
5e-05
5e-05
5e-05
5e-05
5e-05
5e-05
5e-05
5e-05
5e-05
5e-05
5e-05
5e-05
5e-05
5e-05
5e-05
5e-05
5e-05
5e-05
5e-05
5e-05
5e-05
5e-05
5e-05
5e-05
5e-05
5e-05
5e-05
5e-05
5e-05
5e-05
5e-05
5e-05
5e-05
5e-05
5e-05
5e-05
5e-05
5e-05
5e-05
5e-05
5e-05
5e-05
5e-05
5e-05
5e-05
5e-05
5e-05
5e-05
5e-05
5e-05
5e-05
5e-05
5e-05
5e-05
5e-05
5e-05
5e-05
5e-05
5e-05
5e-05
5e-05
5e-05
5e-05
5e-05
5e-05
5e-05
5e-05
5e-05
5e-05
5e-05
5e-05
5e-05
5e-05
5e-05
5e-05
5e-05
5e-05
5e-05
5e-05
5e-05
5e-05
5e-05
5e-05
5e-05
5e-05
5e-05
5e-05
5e-05
5e-05
5e-05
5e-05
5e-05
5e-05
5e-05
5e-05
5e-05
5e-05
5e-05
5e-05
5e-05
5e-05
5e-05
5e-05
5e-05
5e-05
5e-05
5e-05
5e-05
5e-05
5e-05
5e-05
5e-05
5e-05
5e-05
5e-05
5e-05
5e-05
5e-05
5e-05
5e-05
5e-05
5e-05
5e-05
5e-05
5e-05
5e-05
5e-05
5e-05
5e-05
5e-05
5e-05
5e-05
5e-05
5e-05
5e-05
5e-05
5e-05
5e-05
5e-05
5e-05
5e-05
5e-05
5e-05
5e-05
5e-05
5e-05
5e-05
5e-05
5e-05
5e-05
5e-05
5e-05
5e-05
5e-05
5e-05
5e-05
5e-05
5e-05
5e-05
5e-05
5e-05
5e-05
5e-05
5e-05
5e-05
5e-05
5e-05
5e-05
5e-05
5e-05
5e-05
5e-05
5e-05
5e-05
5e-05
5e-05
5e-05
5e-05
5e-05
5e-05
5e-05
5e-05
5e-05
5e-05
5e-05
5e-05
5e-05
5e-05
5e-05
5e-05
5e-05
5e-05
5e-05
5e-05
5e-05
5e-05
5e-05
5e-05
5e-05
5e-05
5e-05
5e-05
5e-05
5e-05
5e-05
5e-05
5e-05
5e-05
5e-05
5e-05
5e-05
5e-05
5e-05
5e-05
5e-05
5e-05
5e-05
5e-05
5e-05
5e-05
5e-05
5e-05
5e-05
5e-05
5e-05
5e-05
5e-05
5e-05
5e-05
5e-05
5e-05
5e-05
5e-05
5e-05
5e-05
5e-05
5e-05
5e-05
5e-05
5e-05
5e-05
5e-05
5e-05
5e-05
5e-05
5e-05
5e-05
5e-05
5e-05
5e-05
5e-05
5e-05
5e-05
5e-05
5e-05
5e-05
5e-05
5e-05
5e-05
5e-05
5e-05
5e-05
5e-05
5e-05
5e-05
5e-05
5e-05
5e-05
5e-05
5e-05
5e-05
5e-05
5e-05
5e-05
5e-05
5e-05
5e-05
5e-05
5e-05
5e-05
5e-05
5e-05
5e-05
5e-05
5e-05
5e-05
5e-05
5e-05
5e-05
5e-05
5e-05
5e-05
5e-05
5e-05
5e-05
5e-05
5e-05
5e-05
5e-05
5e-05
5e-05
5e-05
5e-05
5e-05
5e-05
5e-05
5e-05
5e-05
5e-05
5e-05
5e-05
5e-05
5e-05
5e-05
5e-05
5e-05
5e-05
5e-05
5e-05
5e-05
5e-05
5e-05
5e-05
5e-05
5e-05
5e-05
5e-05
5e-05
5e-05
5e-05
5e-05
5e-05
5e-05
5e-05
5e-05
5e-05
5e-05
5e-05
5e-05
5e-05
5e-05
5e-05
5e-05
5e-05
5e-05
5e-05
5e-05
5e-05
5e-05
5e-05
5e-05
5e-05
5e-05
5e-05
5e-05
5e-05
5e-05
5e-05
5e-05
5e-05
5e-05
5e-05
5e-05
5e-05
5e-05
5e-05
5e-05
5e-05
5e-05
5e-05
5e-05
5e-05
5e-05
5e-05
5e-05
5e-05
5e-05
5e-05
5e-05
5e-05
5e-05
5e-05
5e-05
5e-05
5e-05
5e-05
5e-05
5e-05
5e-05
5e-05
5e-05
5e-05
5e-05
5e-05
5e-05
5e-05
5e-05
5e-05
5e-05
5e-05
5e-05
5e-05
5e-05
5e-05
5e-05
5e-05
5e-05
5e-05
5e-05
5e-05
5e-05
5e-05
5e-05
5e-05
5e-05
5e-05
5e-05
5e-05
5e-05
5e-05
5e-05
5e-05
5e-05
5e-05
5e-05
5e-05
5e-05
5e-05
5e-05
5e-05
5e-05
5e-05
5e-05
5e-05
5e-05
5e-05
5e-05
5e-05
5e-05
5e-05
5e-05
5e-05
5e-05
5e-05
5e-05
5e-05
5e-05
5e-05
5e-05
5e-05
5e-05
5e-05
5e-05
5e-05
5e-05
5e-05
5e-05
5e-05
5e-05
5e-05
5e-05
5e-05
5e-05
5e-05
5e-05
5e-05
5e-05
5e-05
5e-05
5e-05
5e-05
5e-05
5e-05
5e-05
5e-05
5e-05
5e-05
5e-05
5e-05
5e-05
5e-05
5e-05
5e-05
5e-05
5e-05
5e-05
5e-05
5e-05
5e-05
5e-05
5e-05
5e-05
5e-05
5e-05
5e-05
5e-05
5e-05
5e-05
5e-05
5e-05
5e-05
5e-05
5e-05
5e-05
5e-05
5e-05
5e-05
5e-05
5e-05
5e-05
5e-05
5e-05
7.91984e-05
0.000103595
0.000124675
0.000143414
0.000160469
0.000176288
0.000191184
0.000205378
0.000219029
0.000232254
0.000245138
0.000257747
0.000270128
0.000282317
0.000294344
0.000306229
0.000317989
0.000329638
0.000341185
0.000352638
0.000364005
0.000375288
0.000386494
0.000397625
0.000408683
0.000419671
0.000430592
0.000441445
0.000452234
0.000462959
0.000473621
0.000484221
0.00049476
0.000505239
0.000515659
0.00052602
0.000536323
0.000546569
0.000556758
0.000566892
0.00057697
0.000586994
0.000596963
0.000606879
0.000616741
0.000626552
0.00063631
0.000646017
0.000655673
0.000665279
0.000674834
0.000684341
0.000693799
0.000703208
0.000712569
0.000721883
0.00073115
0.000740371
0.000749545
0.000758674
0.000767758
0.000776797
0.000785791
0.000794742
0.00080365
0.000812514
0.000821336
0.000830115
0.000838853
0.000847549
0.000856204
0.000864818
0.000873393
0.000881927
0.000890421
0.000898877
0.000907294
0.000915672
0.000924012
0.000932314
0.00091138
0.000895201
0.000882296
0.000871691
0.000862731
0.000854969
0.000848094
0.000841883
0.000836179
0.000830865
0.000825857
0.000821089
0.000816515
0.000812097
0.000807809
0.000803628
0.000799538
0.000795527
0.000791584
0.000787703
0.000783876
0.0007801
0.00077637
0.000772684
0.000769039
0.000765433
0.000761864
0.000758332
0.000754834
0.000751371
0.000747941
0.000744543
0.000741177
0.000737842
0.000734538
0.000731265
0.000728021
0.000724806
0.00072162
0.000718463
0.000715333
0.000712232
0.000709157
0.00070611
0.00070309
0.000700095
0.000697127
0.000694185
0.000691267
0.000688375
0.000685508
0.000682665
0.000679846
0.000677051
0.000674279
0.000671531
0.000668806
0.000666103
0.000663423
0.000660765
0.000658129
0.000655515
0.000652922
0.00065035
0.000647799
0.000645269
0.000642759
0.00064027
0.0006378
0.00063535
0.000632919
0.000630508
0.000628116
0.000625742
0.000623387
0.000621051
0.000618732
0.000616432
0.000614149
0.000611884
0.000609637
0.000607406
0.000605192
0.000602996
0.000600815
0.000598652
0.000596504
0.000594372
0.000592257
0.000590157
0.000588072
0.000586003
0.000583949
0.00058191
0.000579886
0.000577877
0.000575882
0.000573902
0.000571936
0.000569983
0.000568045
0.000566121
0.00056421
0.000562312
0.000560428
0.000558557
0.0005567
0.000554855
0.000553023
0.000551203
0.000549396
0.000547602
0.000545819
0.000544049
0.000542291
0.000540545
0.00053881
0.000537087
0.000535376
0.000533676
0.000531987
0.000530309
0.000528643
0.000526987
0.000525343
0.000523709
0.000522085
0.000520473
0.00051887
0.000517278
0.000515696
0.000514124
0.000512562
0.00051101
0.000509468
0.000507936
0.000506413
0.0005049
0.000503396
0.000501902
0.000500416
0.00049894
0.000497473
0.000496015
0.000494566
0.000493126
0.000491694
0.000490271
0.000488857
0.000487451
0.000486054
0.000484665
0.000483284
0.000481911
0.000480547
0.00047919
0.000477842
0.000476501
0.000475168
0.000473843
0.000472525
0.000471216
0.000469913
0.000468618
0.000467331
0.000466051
0.000464778
0.000463512
0.000462254
0.000461002
0.000459758
0.00045852
0.000457289
0.000456065
0.000454848
0.000453638
0.000452434
0.000451237
0.000450047
0.000448862
0.000447685
0.000446513
0.000445348
0.00044419
0.000443037
0.000441891
0.00044075
0.000439616
0.000438488
0.000437365
0.000436249
0.000435138
0.000434033
0.000432934
0.000431841
0.000430753
0.000429671
0.000428595
0.000427524
0.000426458
0.000425398
0.000424343
0.000423294
0.00042225
0.000421211
0.000420177
0.000419149
0.000418125
0.000417107
0.000416094
0.000415086
0.000414082
0.000413084
0.000412091
0.000411102
0.000410118
0.000409139
0.000408165
0.000407195
0.00040623
0.00040527
0.000404315
0.000403363
0.000402417
0.000401475
0.000400537
0.000399604
0.000398675
0.00039775
0.00039683
0.000395914
0.000395003
0.000394095
0.000393192
0.000392293
0.000391398
0.000390507
0.000389621
0.000388738
0.000387859
0.000386985
0.000386114
0.000385247
0.000384384
0.000383525
0.00038267
0.000381818
0.000380971
0.000380127
0.000379287
0.00037845
0.000377617
0.000376788
0.000375963
0.000375141
0.000374323
0.000373508
0.000372697
0.000371889
0.000371085
0.000370284
0.000369486
0.000368692
0.000367902
0.000367115
0.000366331
0.00036555
0.000364773
0.000363999
0.000363228
0.00036246
0.000361696
0.000360935
0.000360177
0.000359422
0.00035867
0.000357921
0.000357176
0.000356433
0.000355694
0.000354957
0.000354224
0.000353493
0.000352766
0.000352041
0.000351319
0.000350601
0.000349885
0.000349172
0.000348461
0.000347754
0.000347049
0.000346347
0.000345648
0.000344952
0.000344259
0.000343568
0.00034288
0.000342194
0.000341511
0.000340831
0.000340154
0.000339479
0.000338807
0.000338137
0.00033747
0.000336805
0.000336143
0.000335484
0.000334827
0.000334172
0.00033352
0.000332871
0.000332224
0.000331579
0.000330937
0.000330297
0.00032966
0.000329025
0.000328392
0.000327761
0.000327133
0.000326508
0.000325884
0.000325263
0.000324644
0.000324028
0.000323413
0.000322801
0.000322191
0.000321584
0.000320978
0.000320375
0.000319774
0.000319175
0.000318578
0.000317983
0.000317391
0.000316801
0.000316212
0.000315626
0.000315042
0.00031446
0.00031388
0.000313302
0.000312726
0.000312152
0.00031158
0.00031101
0.000310442
0.000309876
0.000309312
0.00030875
0.00030819
0.000307632
0.000307075
0.000306521
0.000305968
0.000305418
0.000304869
0.000304322
0.000303777
0.000303234
0.000302693
0.000302154
0.000301616
0.00030108
0.000300546
0.000300014
0.000299483
0.000298955
0.000298428
0.000297903
0.000297379
0.000296858
0.000296338
0.000295819
0.000295303
0.000294788
0.000294275
0.000293763
0.000293254
0.000292745
0.000292239
0.000291734
0.000291231
0.000290729
0.000290229
0.000289731
0.000289234
0.000288739
0.000288246
0.000287754
0.000287263
0.000286774
0.000286287
0.000285801
0.000285317
0.000284835
0.000284353
0.000283874
0.000283396
0.000282919
0.000282444
0.00028197
0.000281498
0.000281028
0.000280558
0.000280091
0.000279624
0.00027916
0.000278696
0.000278234
0.000277774
0.000277315
0.000276857
0.000276401
0.000275946
0.000275492
0.00027504
0.000274589
0.00027414
0.000273692
0.000273245
0.0002728
0.000272356
0.000271913
0.000271472
0.000271032
0.000270593
0.000270156
0.00026972
0.000269285
0.000268852
0.00026842
0.000267989
0.000267559
0.000267131
0.000266704
0.000266278
0.000265854
0.00026543
0.000265008
0.000264587
0.000264168
0.000263749
0.000263332
0.000262916
0.000262502
0.000262088
0.000261676
0.000261265
0.000260855
0.000260446
0.000260039
0.000259632
0.000259227
0.000258823
0.00025842
0.000258018
0.000257618
0.000257218
0.00025682
0.000256423
0.000256027
0.000255632
0.000255238
0.000254845
0.000254453
0.000254063
0.000253674
0.000253285
0.000252898
0.000252512
0.000252127
0.000251743
0.00025136
0.000250978
0.000250597
0.000250217
0.000249839
0.000249461
0.000249084
0.000248709
0.000248334
0.000247961
0.000247588
0.000247217
0.000246846
0.000246477
0.000246109
0.000245741
0.000245375
0.000245009
0.000244645
0.000244281
0.000243919
0.000243557
0.000243197
0.000242837
0.000242479
0.000242121
0.000241765
0.000241409
0.000241054
0.0002407
0.000240347
0.000239996
0.000239645
0.000239295
0.000238945
0.000238597
0.00023825
0.000237904
0.000237558
0.000237214
0.00023687
0.000236527
0.000236186
0.000235845
0.000235505
0.000235165
0.000234827
0.00023449
0.000234153
0.000233818
0.000233483
0.000233149
0.000232816
0.000232484
0.000232153
0.000231822
0.000231492
0.000231164
0.000230836
0.000230509
0.000230183
0.000229857
0.000229533
0.000229209
0.000228886
0.000228564
0.000228243
0.000227922
0.000227603
0.000227284
0.000226966
0.000226649
0.000226332
0.000226016
0.000225702
0.000225388
0.000225074
0.000224762
0.00022445
0.000224139
0.000223829
0.00022352
0.000223211
0.000222904
0.000222597
0.00022229
0.000221985
0.00022168
0.000221376
0.000221073
0.00022077
0.000220468
0.000220167
0.000219867
0.000219568
0.000219269
0.000218971
0.000218673
0.000218377
0.000218081
0.000217786
0.000217491
0.000217198
0.000216905
0.000216612
0.000216321
0.00021603
0.00021574
0.00021545
0.000215161
0.000214873
0.000214586
0.000214299
0.000214013
0.000213728
0.000213443
0.000213159
0.000212876
0.000212593
0.000212311
0.00021203
0.00021175
0.00021147
0.00021119
0.000210912
0.000210634
0.000210357
0.00021008
0.000209804
0.000209529
0.000209254
0.00020898
0.000208707
0.000208434
0.000208162
0.00020789
0.00020762
0.000207349
0.00020708
0.000206811
0.000206543
0.000206275
0.000206008
0.000205742
0.000205476
0.000205211
0.000204946
0.000204682
0.000204419
0.000204156
0.000203894
0.000203632
0.000203371
0.000203111
0.000202851
0.000202592
0.000202334
0.000202076
0.000201818
0.000201561
0.000201305
0.00020105
0.000200795
0.00020054
0.000200286
0.000200033
0.00019978
0.000199528
0.000199277
0.000199026
0.000198775
0.000198525
0.000198276
0.000198027
0.000197779
0.000197532
0.000197285
0.000197038
0.000196792
0.000196547
0.000196302
0.000196058
0.000195814
0.000195571
0.000195328
0.000195086
0.000194844
0.000194603
0.000194363
0.000194123
0.000193883
0.000193644
0.000193406
0.000193168
0.000192931
0.000192694
0.000192458
0.000192222
0.000191987
0.000191752
0.000191518
0.000191284
0.000191051
0.000190818
0.000190586
0.000190354
0.000190123
0.000189892
0.000189662
0.000189433
0.000189203
0.000188975
0.000188747
0.000188519
0.000188292
0.000188065
0.000187839
0.000187613
0.000187388
0.000187163
0.000186939
0.000186715
0.000186492
0.000186269
0.000186047
0.000185825
0.000185604
0.000185383
0.000185162
0.000184942
0.000184723
0.000184504
0.000184285
0.000184067
0.00018385
0.000183632
0.000183416
0.0001832
0.000182984
0.000182768
0.000182554
0.000182339
0.000182125
0.000181912
0.000181699
0.000181486
0.000181274
0.000181062
0.000180851
0.00018064
0.00018043
0.00018022
0.00018001
0.000179801
0.000179593
0.000179385
0.000179177
0.00017897
0.000178763
0.000178556
0.00017835
0.000178145
0.000177939
0.000177735
0.00017753
0.000177326
0.000177123
0.00017692
0.000176717
0.000176515
0.000176313
0.000176112
0.000175911
0.00017571
0.00017551
0.000175311
0.000175111
0.000174912
0.000174714
0.000174516
0.000174318
0.000174121
0.000173924
0.000173728
0.000173532
0.000173336
0.000173141
0.000172946
0.000172751
0.000172557
0.000172363
0.00017217
0.000171977
0.000171785
0.000171593
0.000171401
0.00017121
0.000171019
0.000170828
0.000170638
0.000170448
0.000170259
0.00017007
0.000169881
0.000169693
0.000169505
0.000169317
0.00016913
0.000168943
0.000168757
0.000168571
0.000168385
0.0001682
0.000168015
0.000167831
0.000167646
0.000167463
0.000167279
0.000167096
0.000166913
0.000166731
0.000166549
0.000166367
0.000166186
0.000166005
0.000165825
0.000165644
0.000165465
0.000165285
0.000165106
0.000164927
0.000164749
0.000164571
0.000164393
0.000164216
0.000164039
0.000163862
0.000163686
0.00016351
0.000163334
0.000163159
0.000162984
0.000162809
0.000162635
0.000162461
0.000162287
0.000162114
0.000161941
0.000161769
0.000161596
0.000161424
0.000161253
0.000161082
0.000160911
0.00016074
0.00016057
0.0001604
0.00016023
0.000160061
0.000159892
0.000159724
0.000159555
0.000159387
0.00015922
0.000159052
0.000158885
0.000158719
0.000158552
0.000158386
0.000158221
0.000158055
0.00015789
0.000157725
0.000157561
0.000157397
0.000157233
0.000157069
0.000156906
0.000156743
0.000156581
0.000156419
0.000156257
0.000156095
0.000155934
0.000155773
0.000155612
0.000155451
0.000155291
0.000155132
0.000154972
0.000154813
0.000154654
0.000154495
0.000154337
0.000154179
0.000154021
0.000153864
0.000153707
0.00015355
0.000153393
0.000153237
0.000153081
0.000152925
0.00015277
0.000152615
0.00015246
0.000152306
0.000152152
0.000151998
0.000151844
0.000151691
0.000151538
0.000151385
0.000151232
0.00015108
0.000150928
0.000150777
0.000150625
0.000150474
0.000150323
0.000150173
0.000150023
0.000149873
0.000149723
0.000149574
0.000149425
0.000149276
0.000149127
0.000148979
0.000148831
0.000148683
0.000148536
0.000148388
0.000148242
0.000148095
0.000147949
0.000147802
0.000147657
0.000147511
0.000147366
0.000147221
0.000147076
0.000146931
0.000146787
0.000146643
0.000146499
0.000146356
0.000146213
0.00014607
0.000145927
0.000145785
0.000145642
0.0001455
0.000145359
0.000145217
0.000145076
0.000144935
0.000144795
0.000144654
0.000144514
0.000144374
0.000144235
0.000144096
0.000143956
0.000143818
0.000143679
0.000143541
0.000143403
0.000143265
0.000143127
0.00014299
0.000142853
0.000142716
0.000142579
0.000142443
0.000142307
0.000142171
0.000142035
0.0001419
0.000141765
0.00014163
0.000141495
0.000141361
0.000141226
0.000141093
0.000140959
0.000140825
0.000140692
0.000140559
0.000140426
0.000140294
0.000140162
0.00014003
0.000139898
0.000139766
0.000139635
0.000139504
0.000139373
0.000139242
0.000139112
0.000138982
0.000138852
0.000138722
0.000138592
0.000138463
0.000138334
0.000138205
0.000138077
0.000137948
0.00013782
0.000137692
0.000137565
0.000137437
0.00013731
0.000137183
0.000137056
0.00013693
0.000136803
0.000136677
0.000136551
0.000136426
0.0001363
0.000136175
0.00013605
0.000135925
0.000135801
0.000135676
0.000135552
0.000135428
0.000135305
0.000135181
0.000135058
0.000134935
0.000134812
0.000134689
0.000134567
0.000134445
0.000134323
0.000134201
0.000134079
0.000133958
0.000133837
0.000133716
0.000133595
0.000133475
0.000133354
0.000133234
0.000133114
0.000132995
0.000132875
0.000132756
0.000132637
0.000132518
0.000132399
0.000132281
0.000132163
0.000132044
0.000131927
0.000131809
0.000131692
0.000131574
0.000131457
0.00013134
0.000131224
0.000131107
0.000130991
0.000130875
0.000130759
0.000130644
0.000130528
0.000130413
0.000130298
0.000130183
0.000130068
0.000129954
0.00012984
0.000129726
0.000129612
0.000129498
0.000129385
0.000129271
0.000129158
0.000129045
0.000128933
0.00012882
0.000128708
0.000128596
0.000128484
0.000128372
0.00012826
0.000128149
0.000128038
0.000127927
0.000127816
0.000127705
0.000127595
0.000127485
0.000127374
0.000127265
0.000127155
0.000127045
0.000126936
0.000126827
0.000126718
0.000126609
0.000126501
0.000126392
0.000126284
0.000126176
0.000126068
0.00012596
0.000125853
0.000125745
0.000125638
0.000125531
0.000125425
0.000125318
0.000125211
0.000125105
0.000124999
0.000124893
0.000124788
0.000124682
0.000124577
0.000124471
0.000124366
0.000124262
0.000124157
0.000124052
0.000123948
0.000123844
0.00012374
0.000123636
0.000123532
0.000123429
0.000123326
0.000123223
0.00012312
0.000123017
0.000122914
0.000122812
0.00012271
0.000122608
0.000122506
0.000122404
0.000122302
0.000122201
0.0001221
0.000121998
0.000121898
0.000121797
0.000121696
0.000121596
0.000121496
0.000121395
0.000121296
0.000121196
0.000121096
0.000120997
0.000120897
0.000120798
0.000120699
0.000120601
0.000120502
0.000120404
0.000120305
0.000120207
0.000120109
0.000120011
0.000119914
0.000119816
0.000119719
0.000119622
0.000119525
0.000119428
0.000119331
0.000119235
0.000119138
0.000119042
0.000118946
0.00011885
0.000118754
0.000118659
0.000118563
0.000118468
0.000118373
0.000118278
0.000118183
0.000118088
0.000117994
0.000117899
0.000117805
0.000117711
0.000117617
0.000117523
0.00011743
0.000117336
0.000117243
0.00011715
0.000117057
0.000116964
0.000116871
0.000116779
0.000116686
0.000116594
0.000116502
0.00011641
0.000116318
0.000116226
0.000116135
0.000116044
0.000115952
0.000115861
0.00011577
0.00011568
0.000115589
0.000115498
0.000115408
0.000115318
0.000115228
0.000115138
0.000115048
0.000114959
0.000114869
0.00011478
0.000114691
0.000114602
0.000114513
0.000114424
0.000114335
0.000114247
0.000114158
0.00011407
0.000113982
0.000113894
0.000113806
0.000113719
0.000113631
0.000113544
0.000113457
0.00011337
0.000113283
0.000113196
0.000113109
0.000113023
0.000112936
0.00011285
0.000112764
0.000112678
0.000112592
0.000112506
0.000112421
0.000112335
0.00011225
0.000112165
0.00011208
0.000111995
0.00011191
0.000111826
0.000111741
0.000111657
0.000111572
0.000111488
0.000111404
0.000111321
0.000111237
0.000111153
0.00011107
0.000110987
0.000110903
0.00011082
0.000110737
0.000110655
0.000110572
0.00011049
0.000110407
0.000110325
0.000110243
0.000110161
0.000110079
0.000109997
0.000109915
0.000109834
0.000109753
0.000109671
0.00010959
0.000109509
0.000109428
0.000109348
0.000109267
0.000109187
0.000109106
0.000109026
0.000108946
0.000108866
0.000108786
0.000108706
0.000108627
0.000108547
0.000108468
0.000108389
0.00010831
0.000108231
0.000108152
0.000108073
0.000107994
0.000107916
0.000107838
0.000107759
0.000107681
0.000107603
0.000107525
0.000107448
0.00010737
0.000107292
0.000107215
0.000107138
0.000107061
0.000106983
0.000106907
0.00010683
0.000106753
0.000106676
0.0001066
0.000106524
0.000106447
0.000106371
0.000106295
0.00010622
0.000106144
0.000106068
0.000105993
0.000105917
0.000105842
0.000105767
0.000105692
0.000105617
0.000105542
0.000105467
0.000105393
0.000105318
0.000105244
0.00010517
0.000105096
0.000105021
0.000104948
0.000104874
0.0001048
0.000104727
0.000104653
0.00010458
0.000104507
0.000104433
0.00010436
0.000104288
0.000104215
0.000104142
0.00010407
0.000103997
0.000103925
0.000103853
0.00010378
0.000103708
0.000103637
0.000103565
0.000103493
0.000103421
0.00010335
0.000103279
0.000103207
0.000103136
0.000103065
0.000102994
0.000102924
0.000102853
0.000102782
0.000102712
0.000102641
0.000102571
0.000102501
0.000102431
0.000102361
0.000102291
0.000102221
0.000102152
0.000102082
0.000102013
0.000101943
0.000101874
0.000101805
0.000101736
0.000101667
0.000101598
0.00010153
0.000101461
0.000101393
0.000101324
0.000101256
0.000101188
0.00010112
0.000101052
0.000100984
0.000100916
0.000100849
0.000100781
0.000100714
0.000100646
0.000100579
0.000100512
0.000100445
0.000100378
0.000100311
0.000100244
0.000100178
0.000100111
0.000100045
9.99782e-05
9.99119e-05
9.98458e-05
9.97797e-05
9.97138e-05
9.96479e-05
9.95822e-05
9.95165e-05
9.9451e-05
9.93855e-05
9.93201e-05
9.92549e-05
9.91897e-05
9.91246e-05
9.90597e-05
9.89948e-05
9.893e-05
9.88653e-05
9.88007e-05
9.87363e-05
9.86719e-05
9.86076e-05
9.85434e-05
9.84793e-05
9.84153e-05
9.83513e-05
9.82875e-05
9.82238e-05
9.81602e-05
9.80966e-05
9.80332e-05
9.79699e-05
9.79066e-05
9.78435e-05
9.77804e-05
9.77174e-05
9.76546e-05
9.75918e-05
9.75291e-05
9.74665e-05
9.7404e-05
9.73416e-05
9.72793e-05
9.7217e-05
9.71549e-05
9.70929e-05
9.70309e-05
9.69691e-05
9.69073e-05
9.68456e-05
9.67841e-05
9.67226e-05
9.66612e-05
9.65999e-05
9.65386e-05
9.64775e-05
9.64165e-05
9.63555e-05
9.62947e-05
9.62339e-05
9.61732e-05
9.61126e-05
9.60521e-05
9.59917e-05
9.59314e-05
9.58712e-05
9.5811e-05
9.5751e-05
9.5691e-05
9.56311e-05
9.55714e-05
9.55117e-05
9.5452e-05
9.53925e-05
9.53331e-05
9.52737e-05
9.52145e-05
9.51553e-05
9.50962e-05
9.50372e-05
9.49783e-05
9.49195e-05
9.48607e-05
9.48021e-05
9.47435e-05
9.4685e-05
9.46266e-05
9.45683e-05
9.45101e-05
9.44519e-05
9.43939e-05
9.43359e-05
9.4278e-05
9.42202e-05
9.41625e-05
9.41049e-05
9.40473e-05
9.39899e-05
9.39325e-05
9.38752e-05
9.3818e-05
9.37608e-05
9.37038e-05
9.36468e-05
9.35899e-05
9.35331e-05
9.34764e-05
9.34198e-05
9.33633e-05
9.33068e-05
9.32504e-05
9.31941e-05
9.31379e-05
9.30817e-05
9.30257e-05
9.29697e-05
9.29138e-05
9.2858e-05
9.28023e-05
9.27466e-05
9.26911e-05
9.26356e-05
9.25802e-05
9.25248e-05
9.24696e-05
9.24144e-05
9.23593e-05
9.23043e-05
9.22494e-05
9.21946e-05
9.21398e-05
9.20851e-05
9.20305e-05
9.1976e-05
9.19215e-05
9.18671e-05
9.18128e-05
9.17586e-05
9.17045e-05
9.16504e-05
9.15965e-05
9.15426e-05
9.14887e-05
9.1435e-05
9.13813e-05
9.13277e-05
9.12742e-05
9.12208e-05
9.11674e-05
9.11141e-05
9.10609e-05
9.10078e-05
9.09548e-05
9.09018e-05
9.08489e-05
9.07961e-05
9.07433e-05
9.06906e-05
9.0638e-05
9.05855e-05
9.05331e-05
9.04807e-05
9.04284e-05
9.03762e-05
9.03241e-05
9.0272e-05
9.022e-05
9.01681e-05
9.01162e-05
9.00645e-05
9.00128e-05
8.99612e-05
8.99096e-05
8.98581e-05
8.98068e-05
8.97554e-05
8.97042e-05
8.9653e-05
8.96019e-05
8.95509e-05
8.94999e-05
8.9449e-05
8.93982e-05
8.93475e-05
8.92968e-05
8.92462e-05
8.91957e-05
8.91452e-05
8.90949e-05
8.90446e-05
8.89943e-05
8.89442e-05
8.88941e-05
8.88441e-05
8.87941e-05
8.87442e-05
8.86944e-05
8.86447e-05
8.8595e-05
8.85454e-05
8.84959e-05
8.84465e-05
8.83971e-05
8.83478e-05
8.82985e-05
8.82494e-05
8.82003e-05
8.81512e-05
8.81023e-05
8.80534e-05
8.80046e-05
8.79558e-05
8.79072e-05
8.78585e-05
8.781e-05
8.77615e-05
8.77131e-05
8.76648e-05
8.76165e-05
8.75683e-05
8.75202e-05
8.74721e-05
8.74241e-05
8.73762e-05
8.73283e-05
8.72806e-05
8.72328e-05
8.71852e-05
8.71376e-05
8.70901e-05
8.70426e-05
8.69952e-05
8.69479e-05
8.69007e-05
8.68535e-05
8.68064e-05
8.67593e-05
8.67123e-05
8.66654e-05
8.66186e-05
8.65718e-05
8.65251e-05
8.64784e-05
8.64318e-05
8.63853e-05
8.63388e-05
8.62925e-05
8.62461e-05
8.61999e-05
8.61537e-05
8.61075e-05
8.60615e-05
8.60155e-05
8.59695e-05
8.59237e-05
8.58779e-05
8.58321e-05
8.57865e-05
8.57408e-05
8.56953e-05
8.56498e-05
8.56044e-05
8.5559e-05
8.55138e-05
8.54685e-05
8.54234e-05
8.53783e-05
8.53332e-05
8.52882e-05
8.52433e-05
8.51985e-05
8.51537e-05
8.5109e-05
8.50643e-05
8.50197e-05
8.49752e-05
8.49307e-05
8.48863e-05
8.4842e-05
8.47977e-05
8.47535e-05
8.47093e-05
8.46652e-05
8.46212e-05
8.45772e-05
8.45333e-05
8.44894e-05
8.44456e-05
8.44019e-05
8.43582e-05
8.43146e-05
8.42711e-05
8.42276e-05
8.41842e-05
8.41408e-05
8.40975e-05
8.40543e-05
8.40111e-05
8.3968e-05
8.39249e-05
8.38819e-05
8.3839e-05
8.37961e-05
8.37532e-05
8.37105e-05
8.36678e-05
8.36251e-05
8.35826e-05
8.354e-05
8.34976e-05
8.34552e-05
8.34128e-05
8.33705e-05
8.33283e-05
8.32861e-05
8.3244e-05
8.3202e-05
8.316e-05
8.3118e-05
8.30762e-05
8.30343e-05
8.29926e-05
8.29509e-05
8.29092e-05
8.28676e-05
8.28261e-05
8.27846e-05
8.27432e-05
8.27019e-05
8.26606e-05
8.26193e-05
8.25781e-05
8.2537e-05
8.24959e-05
8.24549e-05
8.2414e-05
8.23731e-05
8.23322e-05
8.22914e-05
8.22507e-05
8.221e-05
8.21694e-05
8.21288e-05
8.20883e-05
8.20479e-05
8.20075e-05
8.19672e-05
8.19269e-05
8.18867e-05
8.18465e-05
8.18064e-05
8.17663e-05
8.17263e-05
8.16864e-05
8.16465e-05
8.16066e-05
8.15668e-05
8.15271e-05
8.14874e-05
8.14478e-05
8.14083e-05
8.13687e-05
8.13293e-05
8.12899e-05
8.12505e-05
8.12112e-05
8.1172e-05
8.11328e-05
8.10937e-05
8.10546e-05
8.10156e-05
8.09766e-05
8.09377e-05
8.08988e-05
8.086e-05
8.08213e-05
8.07826e-05
8.07439e-05
8.07053e-05
8.06668e-05
8.06283e-05
8.05899e-05
8.05515e-05
8.05132e-05
8.04749e-05
8.04367e-05
8.03985e-05
8.03604e-05
8.03223e-05
8.02843e-05
8.02463e-05
8.02084e-05
8.01705e-05
8.01327e-05
8.0095e-05
8.00573e-05
8.00196e-05
7.9982e-05
7.99445e-05
7.9907e-05
7.98695e-05
7.98321e-05
7.97948e-05
7.97575e-05
7.97202e-05
7.96831e-05
7.96459e-05
7.96088e-05
7.95718e-05
7.95348e-05
7.94979e-05
7.9461e-05
7.94241e-05
7.93873e-05
7.93506e-05
7.93139e-05
7.92773e-05
7.92407e-05
7.92042e-05
7.91677e-05
7.91312e-05
7.90949e-05
7.90585e-05
7.90222e-05
7.8986e-05
7.89498e-05
7.89137e-05
7.88776e-05
7.88415e-05
7.88055e-05
7.87696e-05
7.87337e-05
7.86979e-05
7.86621e-05
7.86263e-05
7.85906e-05
7.8555e-05
7.85194e-05
7.84838e-05
7.84483e-05
7.84129e-05
7.83774e-05
7.83421e-05
7.83068e-05
7.82715e-05
7.82363e-05
7.82011e-05
7.8166e-05
7.81309e-05
7.80959e-05
7.80609e-05
7.8026e-05
7.79911e-05
7.79563e-05
7.79215e-05
7.78867e-05
7.7852e-05
7.78174e-05
7.77828e-05
7.77482e-05
7.77137e-05
7.76793e-05
7.76449e-05
7.76105e-05
7.75762e-05
7.75419e-05
7.75077e-05
7.74735e-05
7.74394e-05
7.74053e-05
7.73712e-05
7.73372e-05
7.73033e-05
7.72694e-05
7.72355e-05
7.72017e-05
7.71679e-05
7.71342e-05
7.71006e-05
7.70669e-05
7.70333e-05
7.69998e-05
7.69663e-05
7.69329e-05
7.68994e-05
7.68661e-05
7.68328e-05
7.67995e-05
7.67663e-05
7.67331e-05
7.67e-05
7.66669e-05
7.66338e-05
7.66008e-05
7.65679e-05
7.6535e-05
7.65021e-05
7.64693e-05
7.64365e-05
7.64038e-05
7.63711e-05
7.63384e-05
7.63058e-05
7.62733e-05
7.62407e-05
7.62083e-05
7.61758e-05
7.61435e-05
7.61111e-05
7.60788e-05
7.60466e-05
7.60144e-05
7.59822e-05
7.59501e-05
7.5918e-05
7.5886e-05
7.5854e-05
7.5822e-05
7.57901e-05
7.57582e-05
7.57264e-05
7.56946e-05
7.56629e-05
7.56312e-05
7.55995e-05
7.55679e-05
7.55364e-05
7.55048e-05
7.54733e-05
7.54419e-05
7.54105e-05
7.53792e-05
7.53478e-05
7.53166e-05
7.52853e-05
7.52541e-05
7.5223e-05
7.51919e-05
7.51608e-05
7.51298e-05
7.50988e-05
7.50679e-05
7.5037e-05
7.50061e-05
7.49753e-05
7.49445e-05
7.49138e-05
7.48831e-05
7.48525e-05
7.48218e-05
7.47913e-05
7.47607e-05
7.47303e-05
7.46998e-05
7.46694e-05
7.4639e-05
7.46087e-05
7.45784e-05
7.45482e-05
7.4518e-05
7.44878e-05
7.44577e-05
7.44276e-05
7.43976e-05
7.43675e-05
7.43376e-05
7.43077e-05
7.42778e-05
7.42479e-05
7.42181e-05
7.41884e-05
7.41586e-05
7.41289e-05
7.40993e-05
7.40697e-05
7.40401e-05
7.40106e-05
7.39811e-05
7.39517e-05
7.39222e-05
7.38929e-05
7.38635e-05
7.38343e-05
7.3805e-05
7.37758e-05
7.37466e-05
7.37175e-05
7.36884e-05
7.36593e-05
7.36303e-05
7.36013e-05
7.35724e-05
7.35434e-05
7.35146e-05
7.34857e-05
7.3457e-05
7.34282e-05
7.33995e-05
7.33708e-05
7.33422e-05
7.33136e-05
7.3285e-05
7.32565e-05
7.3228e-05
7.31995e-05
7.31711e-05
7.31428e-05
7.31144e-05
7.30861e-05
7.30579e-05
7.30296e-05
7.30014e-05
7.29733e-05
7.29452e-05
7.29171e-05
7.28891e-05
7.28611e-05
7.28331e-05
7.28052e-05
7.27773e-05
7.27494e-05
7.27216e-05
7.26938e-05
7.26661e-05
7.26384e-05
7.26107e-05
7.25831e-05
7.25555e-05
7.25279e-05
7.25004e-05
7.24729e-05
7.24454e-05
7.2418e-05
7.23906e-05
7.23633e-05
7.2336e-05
7.23087e-05
7.22815e-05
7.22543e-05
7.22271e-05
7.22e-05
7.21729e-05
7.21458e-05
7.21188e-05
7.20918e-05
7.20649e-05
7.2038e-05
7.20111e-05
7.19842e-05
7.19574e-05
7.19307e-05
7.19039e-05
7.18772e-05
7.18506e-05
7.18239e-05
7.17973e-05
7.17708e-05
7.17442e-05
7.17177e-05
7.16913e-05
7.16649e-05
7.16385e-05
7.16121e-05
7.15858e-05
7.15595e-05
7.15333e-05
7.15071e-05
7.14809e-05
7.14547e-05
7.14286e-05
7.14025e-05
7.13765e-05
7.13505e-05
7.13245e-05
7.12986e-05
7.12727e-05
7.12468e-05
7.12209e-05
7.11951e-05
7.11694e-05
7.11436e-05
7.11179e-05
7.10922e-05
7.10666e-05
7.1041e-05
7.10154e-05
7.09899e-05
7.09644e-05
7.09389e-05
7.09135e-05
7.08881e-05
7.08627e-05
7.08374e-05
7.08121e-05
7.07868e-05
7.07616e-05
7.07364e-05
7.07112e-05
7.0686e-05
7.06609e-05
7.06359e-05
7.06108e-05
7.05858e-05
7.05608e-05
7.05359e-05
7.0511e-05
7.04861e-05
7.04613e-05
7.04365e-05
7.04117e-05
7.03869e-05
7.03622e-05
7.03375e-05
7.03129e-05
7.02883e-05
7.02637e-05
7.02391e-05
7.02146e-05
7.01901e-05
7.01656e-05
7.01412e-05
7.01168e-05
7.00925e-05
7.00681e-05
7.00438e-05
7.00196e-05
6.99953e-05
6.99711e-05
6.99469e-05
6.99228e-05
6.98987e-05
6.98746e-05
6.98506e-05
6.98265e-05
6.98026e-05
6.97786e-05
6.97547e-05
6.97308e-05
6.97069e-05
6.96831e-05
6.96593e-05
6.96355e-05
6.96118e-05
6.95881e-05
6.95644e-05
6.95408e-05
6.95172e-05
6.94936e-05
6.947e-05
6.94465e-05
6.9423e-05
6.93995e-05
6.93761e-05
6.93527e-05
6.93293e-05
6.9306e-05
6.92827e-05
6.92594e-05
6.92362e-05
6.9213e-05
6.91898e-05
6.91666e-05
6.91435e-05
6.91204e-05
6.90973e-05
6.90743e-05
6.90513e-05
6.90283e-05
6.90053e-05
6.89824e-05
6.89595e-05
6.89367e-05
6.89138e-05
6.8891e-05
6.88683e-05
6.88455e-05
6.88228e-05
6.88001e-05
6.87775e-05
6.87548e-05
6.87322e-05
6.87097e-05
6.86871e-05
6.86646e-05
6.86422e-05
6.86197e-05
6.85973e-05
6.85749e-05
6.85525e-05
6.85302e-05
6.85079e-05
6.84856e-05
6.84634e-05
6.84412e-05
6.8419e-05
6.83968e-05
6.83747e-05
6.83526e-05
6.83305e-05
6.83084e-05
6.82864e-05
6.82644e-05
6.82425e-05
6.82205e-05
6.81986e-05
6.81767e-05
6.81549e-05
6.81331e-05
6.81113e-05
6.80895e-05
6.80678e-05
6.80461e-05
6.80244e-05
6.80027e-05
6.79811e-05
6.79595e-05
6.7938e-05
6.79164e-05
6.78949e-05
6.78734e-05
6.7852e-05
6.78305e-05
6.78091e-05
6.77877e-05
6.77664e-05
6.77451e-05
6.77238e-05
6.77025e-05
6.76813e-05
6.76601e-05
6.76389e-05
6.76177e-05
6.75966e-05
6.75755e-05
6.75544e-05
6.75334e-05
6.75123e-05
6.74914e-05
6.74704e-05
6.74494e-05
6.74285e-05
6.74076e-05
6.73868e-05
6.73659e-05
6.73451e-05
6.73244e-05
6.73036e-05
6.72829e-05
6.72622e-05
6.72415e-05
6.72209e-05
6.72002e-05
6.71796e-05
6.71591e-05
6.71385e-05
6.7118e-05
6.70975e-05
6.70771e-05
6.70566e-05
6.70362e-05
6.70158e-05
6.69955e-05
6.69752e-05
6.69549e-05
6.69346e-05
6.69143e-05
6.68941e-05
6.68739e-05
6.68537e-05
6.68336e-05
6.68134e-05
6.67933e-05
6.67733e-05
6.67532e-05
6.67332e-05
6.67132e-05
6.66932e-05
6.66733e-05
6.66534e-05
6.66335e-05
6.66136e-05
6.65938e-05
6.65739e-05
6.65542e-05
6.65344e-05
6.65146e-05
6.64949e-05
6.64752e-05
6.64556e-05
6.64359e-05
6.64163e-05
6.63967e-05
6.63772e-05
6.63576e-05
6.63381e-05
6.63186e-05
6.62991e-05
6.62797e-05
6.62603e-05
6.62409e-05
6.62215e-05
6.62022e-05
6.61829e-05
6.61636e-05
6.61443e-05
6.6125e-05
6.61058e-05
6.60866e-05
6.60675e-05
6.60483e-05
6.60292e-05
6.60101e-05
6.5991e-05
6.5972e-05
6.59529e-05
6.59339e-05
6.5915e-05
6.5896e-05
6.58771e-05
6.58582e-05
6.58393e-05
6.58204e-05
6.58016e-05
6.57828e-05
6.5764e-05
6.57453e-05
6.57265e-05
6.57078e-05
6.56891e-05
6.56705e-05
6.56518e-05
6.56332e-05
6.56146e-05
6.5596e-05
6.55775e-05
6.5559e-05
6.55405e-05
6.5522e-05
6.55035e-05
6.54851e-05
6.54667e-05
6.54483e-05
6.543e-05
6.54116e-05
6.53933e-05
6.5375e-05
6.53567e-05
6.53385e-05
6.53203e-05
6.53021e-05
6.52839e-05
6.52658e-05
6.52476e-05
6.52295e-05
6.52114e-05
6.51934e-05
6.51753e-05
6.51573e-05
6.51393e-05
6.51214e-05
6.51034e-05
6.50855e-05
6.50676e-05
6.50497e-05
6.50319e-05
6.5014e-05
6.49962e-05
6.49784e-05
6.49607e-05
6.49429e-05
6.49252e-05
6.49075e-05
6.48899e-05
6.48722e-05
6.48546e-05
6.4837e-05
6.48194e-05
6.48018e-05
6.47843e-05
6.47668e-05
6.47493e-05
6.47318e-05
6.47143e-05
6.46969e-05
6.46795e-05
6.46621e-05
6.46447e-05
6.46274e-05
6.46101e-05
6.45928e-05
6.45755e-05
6.45582e-05
6.4541e-05
6.45238e-05
6.45066e-05
6.44894e-05
6.44723e-05
6.44552e-05
6.44381e-05
6.4421e-05
6.44039e-05
6.43869e-05
6.43699e-05
6.43529e-05
6.43359e-05
6.43189e-05
6.4302e-05
6.42851e-05
6.42682e-05
6.42513e-05
6.42345e-05
6.42177e-05
6.42009e-05
6.41841e-05
6.41673e-05
6.41506e-05
6.41339e-05
6.41172e-05
6.41005e-05
6.40838e-05
6.40672e-05
6.40506e-05
6.4034e-05
6.40174e-05
6.40009e-05
6.39843e-05
6.39678e-05
6.39513e-05
6.39349e-05
6.39184e-05
6.3902e-05
6.38856e-05
6.38692e-05
6.38528e-05
6.38365e-05
6.38202e-05
6.38038e-05
6.37876e-05
6.37713e-05
6.37551e-05
6.37388e-05
6.37226e-05
6.37065e-05
6.36903e-05
6.36742e-05
6.3658e-05
6.36419e-05
6.36258e-05
6.36098e-05
6.35937e-05
6.35777e-05
6.35617e-05
6.35457e-05
6.35298e-05
6.35138e-05
6.34979e-05
6.3482e-05
6.34661e-05
6.34503e-05
6.34344e-05
6.34186e-05
6.34028e-05
6.3387e-05
6.33713e-05
6.33555e-05
6.33398e-05
6.33241e-05
6.33084e-05
6.32928e-05
6.32771e-05
6.32615e-05
6.32459e-05
6.32303e-05
6.32148e-05
6.31992e-05
6.31837e-05
6.31682e-05
6.31527e-05
6.31372e-05
6.31218e-05
6.31063e-05
6.30909e-05
6.30755e-05
6.30602e-05
6.30448e-05
6.30295e-05
6.30142e-05
6.29989e-05
6.29836e-05
6.29684e-05
6.29531e-05
6.29379e-05
6.29227e-05
6.29075e-05
6.28924e-05
6.28772e-05
6.28621e-05
6.2847e-05
6.28319e-05
6.28168e-05
6.28018e-05
6.27868e-05
6.27717e-05
6.27568e-05
6.27418e-05
6.27268e-05
6.27119e-05
6.2697e-05
6.26821e-05
6.26672e-05
6.26523e-05
6.26375e-05
6.26227e-05
6.26079e-05
6.25931e-05
6.25783e-05
6.25636e-05
6.25488e-05
6.25341e-05
6.25194e-05
6.25047e-05
6.24901e-05
6.24754e-05
6.24608e-05
6.24462e-05
6.24316e-05
6.24171e-05
6.24025e-05
6.2388e-05
6.23735e-05
6.2359e-05
6.23445e-05
6.233e-05
6.23156e-05
6.23012e-05
6.22868e-05
6.22724e-05
6.2258e-05
6.22436e-05
6.22293e-05
6.2215e-05
6.22007e-05
6.21864e-05
6.21722e-05
6.21579e-05
6.21437e-05
6.21295e-05
6.21153e-05
6.21011e-05
6.20869e-05
6.20728e-05
6.20587e-05
6.20446e-05
6.20305e-05
6.20164e-05
6.20024e-05
6.19883e-05
6.19743e-05
6.19603e-05
6.19463e-05
6.19324e-05
6.19184e-05
6.19045e-05
6.18906e-05
6.18767e-05
6.18628e-05
6.18489e-05
6.18351e-05
6.18213e-05
6.18075e-05
6.17937e-05
6.17799e-05
6.17661e-05
6.17524e-05
6.17387e-05
6.1725e-05
6.17113e-05
6.16976e-05
6.16839e-05
6.16703e-05
6.16567e-05
6.16431e-05
6.16295e-05
6.16159e-05
6.16024e-05
6.15888e-05
6.15753e-05
6.15618e-05
6.15483e-05
6.15348e-05
6.15214e-05
6.15079e-05
6.14945e-05
6.14811e-05
6.14677e-05
6.14544e-05
6.1441e-05
6.14277e-05
6.14143e-05
6.1401e-05
6.13877e-05
6.13745e-05
6.13612e-05
6.1348e-05
6.13347e-05
6.13215e-05
6.13083e-05
6.12952e-05
6.1282e-05
6.12689e-05
6.12557e-05
6.12426e-05
6.12295e-05
6.12165e-05
6.12034e-05
6.11904e-05
6.11773e-05
6.11643e-05
6.11513e-05
6.11383e-05
6.11254e-05
6.11124e-05
6.10995e-05
6.10866e-05
6.10737e-05
6.10608e-05
6.10479e-05
6.10351e-05
6.10222e-05
6.10094e-05
6.09966e-05
6.09838e-05
6.0971e-05
6.09583e-05
6.09455e-05
6.09328e-05
6.09201e-05
6.09074e-05
6.08947e-05
6.0882e-05
6.08694e-05
6.08568e-05
6.08441e-05
6.08315e-05
6.0819e-05
6.08064e-05
6.07938e-05
6.07813e-05
6.07688e-05
6.07563e-05
6.07438e-05
6.07313e-05
6.07188e-05
6.07064e-05
6.06939e-05
6.06815e-05
6.06691e-05
6.06567e-05
6.06444e-05
6.0632e-05
6.06197e-05
6.06073e-05
6.0595e-05
6.05827e-05
6.05704e-05
6.05582e-05
6.05459e-05
6.05337e-05
6.05215e-05
6.05093e-05
6.04971e-05
6.04849e-05
6.04727e-05
6.04606e-05
6.04485e-05
6.04363e-05
6.04242e-05
6.04122e-05
6.04001e-05
6.0388e-05
6.0376e-05
6.0364e-05
6.03519e-05
6.03399e-05
6.0328e-05
6.0316e-05
6.0304e-05
6.02921e-05
6.02802e-05
6.02683e-05
6.02564e-05
6.02445e-05
6.02326e-05
6.02208e-05
6.02089e-05
6.01971e-05
6.01853e-05
6.01735e-05
6.01617e-05
6.015e-05
6.01382e-05
6.01265e-05
6.01148e-05
6.01031e-05
6.00914e-05
6.00797e-05
6.0068e-05
6.00564e-05
6.00447e-05
6.00331e-05
6.00215e-05
6.00099e-05
5.99983e-05
5.99868e-05
5.99752e-05
5.99637e-05
5.99522e-05
5.99407e-05
5.99292e-05
5.99177e-05
5.99062e-05
5.98948e-05
5.98833e-05
5.98719e-05
5.98605e-05
5.98491e-05
5.98377e-05
5.98264e-05
5.9815e-05
5.98037e-05
5.97923e-05
5.9781e-05
5.97697e-05
5.97584e-05
5.97472e-05
5.97359e-05
5.97247e-05
5.97134e-05
5.97022e-05
5.9691e-05
5.96798e-05
5.96687e-05
5.96575e-05
5.96463e-05
5.96352e-05
5.96241e-05
5.9613e-05
5.96019e-05
5.95908e-05
5.95797e-05
5.95687e-05
5.95576e-05
5.95466e-05
5.95356e-05
5.95246e-05
5.95136e-05
5.95027e-05
5.94917e-05
5.94807e-05
5.94698e-05
5.94589e-05
5.9448e-05
5.94371e-05
5.94262e-05
5.94154e-05
5.94045e-05
5.93937e-05
5.93828e-05
5.9372e-05
5.93612e-05
5.93504e-05
5.93397e-05
5.93289e-05
5.93182e-05
5.93074e-05
5.92967e-05
5.9286e-05
5.92753e-05
5.92646e-05
5.92539e-05
5.92433e-05
5.92326e-05
5.9222e-05
5.92114e-05
5.92008e-05
5.91902e-05
5.91796e-05
5.91691e-05
5.91585e-05
5.9148e-05
5.91374e-05
5.91269e-05
5.91164e-05
5.91059e-05
5.90955e-05
5.9085e-05
5.90745e-05
5.90641e-05
5.90537e-05
5.90433e-05
5.90329e-05
5.90225e-05
5.90121e-05
5.90017e-05
5.89914e-05
5.89811e-05
5.89707e-05
5.89604e-05
5.89501e-05
5.89398e-05
5.89296e-05
5.89193e-05
5.8909e-05
5.88988e-05
5.88886e-05
5.88784e-05
5.88682e-05
5.8858e-05
5.88478e-05
5.88376e-05
5.88275e-05
5.88174e-05
5.88072e-05
5.87971e-05
5.8787e-05
5.87769e-05
5.87668e-05
5.87568e-05
5.87467e-05
5.87367e-05
5.87267e-05
5.87166e-05
5.87066e-05
5.86966e-05
5.86867e-05
5.86767e-05
5.86667e-05
5.86568e-05
5.86469e-05
5.8637e-05
5.8627e-05
5.86171e-05
5.86073e-05
5.85974e-05
5.85875e-05
5.85777e-05
5.85679e-05
5.8558e-05
5.85482e-05
5.85384e-05
5.85286e-05
5.85189e-05
5.85091e-05
5.84993e-05
5.84896e-05
5.84799e-05
5.84701e-05
5.84604e-05
5.84507e-05
5.84411e-05
5.84314e-05
5.84217e-05
5.84121e-05
5.84025e-05
5.83928e-05
5.83832e-05
5.83736e-05
5.8364e-05
5.83544e-05
5.83449e-05
5.83353e-05
5.83258e-05
5.83163e-05
5.83067e-05
5.82972e-05
5.82877e-05
5.82782e-05
5.82688e-05
5.82593e-05
5.82499e-05
5.82404e-05
5.8231e-05
5.82216e-05
5.82122e-05
5.82028e-05
5.81934e-05
5.8184e-05
5.81747e-05
5.81653e-05
5.8156e-05
5.81466e-05
5.81373e-05
5.8128e-05
5.81187e-05
5.81095e-05
5.81002e-05
5.80909e-05
5.80817e-05
5.80724e-05
5.80632e-05
5.8054e-05
5.80448e-05
5.80356e-05
5.80264e-05
5.80173e-05
5.80081e-05
5.79989e-05
5.79898e-05
5.79807e-05
5.79716e-05
5.79625e-05
5.79534e-05
5.79443e-05
5.79352e-05
5.79262e-05
5.79171e-05
5.79081e-05
5.7899e-05
5.789e-05
5.7881e-05
5.7872e-05
5.7863e-05
5.78541e-05
5.78451e-05
5.78362e-05
5.78272e-05
5.78183e-05
5.78094e-05
5.78004e-05
5.77916e-05
5.77827e-05
5.77738e-05
5.77649e-05
5.77561e-05
5.77472e-05
5.77384e-05
5.77296e-05
5.77207e-05
5.77119e-05
5.77032e-05
5.76944e-05
5.76856e-05
5.76768e-05
5.76681e-05
5.76594e-05
5.76506e-05
5.76419e-05
5.76332e-05
5.76245e-05
5.76158e-05
5.76071e-05
5.75985e-05
5.75898e-05
5.75812e-05
5.75725e-05
5.75639e-05
5.75553e-05
5.75467e-05
5.75381e-05
5.75295e-05
5.75209e-05
5.75124e-05
5.75038e-05
5.74953e-05
5.74868e-05
5.74782e-05
5.74697e-05
5.74612e-05
5.74527e-05
5.74442e-05
5.74358e-05
5.74273e-05
5.74189e-05
5.74104e-05
5.7402e-05
5.73936e-05
5.73852e-05
5.73768e-05
5.73684e-05
5.736e-05
5.73516e-05
5.73433e-05
5.73349e-05
5.73266e-05
5.73182e-05
5.73099e-05
5.73016e-05
5.72933e-05
5.7285e-05
5.72767e-05
5.72685e-05
5.72602e-05
5.7252e-05
5.72437e-05
5.72355e-05
5.72273e-05
5.72191e-05
5.72109e-05
5.72027e-05
5.71945e-05
5.71863e-05
5.71782e-05
5.717e-05
5.71619e-05
5.71537e-05
5.71456e-05
5.71375e-05
5.71294e-05
5.71213e-05
5.71132e-05
5.71051e-05
5.70971e-05
5.7089e-05
5.7081e-05
5.70729e-05
5.70649e-05
5.70569e-05
5.70489e-05
5.70409e-05
5.70329e-05
5.70249e-05
5.70169e-05
5.7009e-05
5.7001e-05
5.69931e-05
5.69852e-05
5.69772e-05
5.69693e-05
5.69614e-05
5.69535e-05
5.69456e-05
5.69378e-05
5.69299e-05
5.6922e-05
5.69142e-05
5.69064e-05
5.68985e-05
5.68907e-05
5.68829e-05
5.68751e-05
5.68673e-05
5.68595e-05
5.68518e-05
5.6844e-05
5.68362e-05
5.68285e-05
5.68208e-05
5.6813e-05
5.68053e-05
5.67976e-05
5.67899e-05
5.67822e-05
5.67746e-05
5.67669e-05
5.67592e-05
5.67516e-05
5.67439e-05
5.67363e-05
5.67287e-05
5.6721e-05
5.67134e-05
5.67058e-05
5.66983e-05
5.66907e-05
5.66831e-05
5.66755e-05
5.6668e-05
5.66604e-05
5.66529e-05
5.66454e-05
5.66379e-05
5.66304e-05
5.66229e-05
5.66154e-05
5.66079e-05
5.66004e-05
5.65929e-05
5.65855e-05
5.6578e-05
5.65706e-05
5.65632e-05
5.65558e-05
5.65484e-05
5.65409e-05
5.65336e-05
5.65262e-05
5.65188e-05
5.65114e-05
5.65041e-05
5.64967e-05
5.64894e-05
5.64821e-05
5.64747e-05
5.64674e-05
5.64601e-05
5.64528e-05
5.64455e-05
5.64382e-05
5.6431e-05
5.64237e-05
5.64165e-05
5.64092e-05
5.6402e-05
5.63947e-05
5.63875e-05
5.63803e-05
5.63731e-05
5.63659e-05
5.63587e-05
5.63516e-05
5.63444e-05
5.63372e-05
5.63301e-05
5.63229e-05
5.63158e-05
5.63087e-05
5.63016e-05
5.62944e-05
5.62873e-05
5.62803e-05
5.62732e-05
5.62661e-05
5.6259e-05
5.6252e-05
5.62449e-05
5.62379e-05
5.62308e-05
5.62238e-05
5.62168e-05
5.62098e-05
5.62028e-05
5.61958e-05
5.61888e-05
5.61818e-05
5.61749e-05
5.61679e-05
5.6161e-05
5.6154e-05
5.61471e-05
5.61402e-05
5.61332e-05
5.61263e-05
5.61194e-05
5.61125e-05
5.61057e-05
5.60988e-05
5.60919e-05
5.60851e-05
5.60782e-05
5.60714e-05
5.60645e-05
5.60577e-05
5.60509e-05
5.60441e-05
5.60373e-05
5.60305e-05
5.60237e-05
5.60169e-05
5.60101e-05
5.60034e-05
5.59966e-05
5.59898e-05
5.59831e-05
5.59764e-05
5.59697e-05
5.59629e-05
5.59562e-05
5.59495e-05
5.59428e-05
5.59362e-05
5.59295e-05
5.59228e-05
5.59161e-05
5.59095e-05
5.59028e-05
5.58962e-05
5.58896e-05
5.5883e-05
5.58763e-05
5.58697e-05
5.58631e-05
5.58565e-05
5.585e-05
5.58434e-05
5.58368e-05
5.58303e-05
5.58237e-05
5.58172e-05
5.58106e-05
5.58041e-05
5.57976e-05
5.57911e-05
5.57846e-05
5.57781e-05
5.57716e-05
5.57651e-05
5.57586e-05
5.57522e-05
5.57457e-05
5.57392e-05
5.57328e-05
5.57264e-05
5.57199e-05
5.57135e-05
5.57071e-05
5.57007e-05
5.56943e-05
5.56879e-05
5.56815e-05
5.56751e-05
5.56688e-05
5.56624e-05
5.56561e-05
5.56497e-05
5.56434e-05
5.5637e-05
5.56307e-05
5.56244e-05
5.56181e-05
5.56118e-05
5.56055e-05
5.55992e-05
5.55929e-05
5.55867e-05
5.55804e-05
5.55741e-05
5.55679e-05
5.55616e-05
5.55554e-05
5.55492e-05
5.5543e-05
5.55367e-05
5.55305e-05
5.55243e-05
5.55181e-05
5.5512e-05
5.55058e-05
5.54996e-05
5.54934e-05
5.54873e-05
5.54811e-05
5.5475e-05
5.54689e-05
5.54627e-05
5.54566e-05
5.54505e-05
5.54444e-05
5.54383e-05
5.54322e-05
5.54261e-05
5.54201e-05
5.5414e-05
5.54079e-05
5.54019e-05
5.53958e-05
5.53898e-05
5.53838e-05
5.53777e-05
5.53717e-05
5.53657e-05
5.53597e-05
5.53537e-05
5.53477e-05
5.53417e-05
5.53357e-05
5.53298e-05
5.53238e-05
5.53179e-05
5.53119e-05
5.5306e-05
5.53e-05
5.52941e-05
5.52882e-05
5.52823e-05
5.52764e-05
5.52705e-05
5.52646e-05
5.52587e-05
5.52528e-05
5.52469e-05
5.52411e-05
5.52352e-05
5.52293e-05
5.52235e-05
5.52177e-05
5.52118e-05
5.5206e-05
5.52002e-05
5.51944e-05
5.51886e-05
5.51828e-05
5.5177e-05
5.51712e-05
5.51654e-05
5.51597e-05
5.51539e-05
5.51481e-05
5.51424e-05
5.51366e-05
5.51309e-05
5.51252e-05
5.51194e-05
5.51137e-05
5.5108e-05
5.51023e-05
5.50966e-05
5.50909e-05
5.50852e-05
5.50796e-05
5.50739e-05
5.50682e-05
5.50626e-05
5.50569e-05
5.50513e-05
5.50456e-05
5.504e-05
5.50344e-05
5.50288e-05
5.50232e-05
5.50176e-05
5.5012e-05
5.50064e-05
5.50008e-05
5.49952e-05
5.49896e-05
5.49841e-05
5.49785e-05
5.4973e-05
5.49674e-05
5.49619e-05
5.49563e-05
5.49508e-05
5.49453e-05
5.49398e-05
5.49343e-05
5.49288e-05
5.49233e-05
5.49178e-05
5.49123e-05
5.49068e-05
5.49014e-05
5.48959e-05
5.48905e-05
5.4885e-05
5.48796e-05
5.48741e-05
5.48687e-05
5.48633e-05
5.48579e-05
5.48525e-05
5.4847e-05
5.48416e-05
5.48363e-05
5.48309e-05
5.48255e-05
5.48201e-05
5.48148e-05
5.48094e-05
5.4804e-05
5.47987e-05
5.47933e-05
5.4788e-05
5.47827e-05
5.47774e-05
5.4772e-05
5.47667e-05
5.47614e-05
5.47561e-05
5.47508e-05
5.47455e-05
5.47403e-05
5.4735e-05
5.47297e-05
5.47245e-05
5.47192e-05
5.4714e-05
5.47087e-05
5.47035e-05
5.46982e-05
5.4693e-05
5.46878e-05
5.46826e-05
5.46774e-05
5.46722e-05
5.4667e-05
5.46618e-05
5.46566e-05
5.46514e-05
5.46463e-05
5.46411e-05
5.46359e-05
5.46308e-05
5.46256e-05
5.46205e-05
5.46154e-05
5.46102e-05
5.46051e-05
5.46e-05
5.45949e-05
5.45898e-05
5.45847e-05
5.45796e-05
5.45745e-05
5.45694e-05
5.45644e-05
5.45593e-05
5.45542e-05
5.45492e-05
5.45441e-05
5.45391e-05
5.4534e-05
5.4529e-05
5.4524e-05
5.45189e-05
5.45139e-05
5.45089e-05
5.45039e-05
5.44989e-05
5.44939e-05
5.44889e-05
5.44839e-05
5.4479e-05
5.4474e-05
5.4469e-05
5.44641e-05
5.44591e-05
5.44542e-05
5.44492e-05
5.44443e-05
5.44394e-05
5.44344e-05
5.44295e-05
5.44246e-05
5.44197e-05
5.44148e-05
5.44099e-05
5.4405e-05
5.44001e-05
5.43953e-05
5.43904e-05
5.43855e-05
5.43807e-05
5.43758e-05
5.43709e-05
5.43661e-05
5.43613e-05
5.43564e-05
5.43516e-05
5.43468e-05
5.4342e-05
5.43372e-05
5.43323e-05
5.43275e-05
5.43228e-05
5.4318e-05
5.43132e-05
5.43084e-05
5.43036e-05
5.42989e-05
5.42941e-05
5.42893e-05
5.42846e-05
5.42798e-05
5.42751e-05
5.42704e-05
5.42656e-05
5.42609e-05
5.42562e-05
5.42515e-05
5.42468e-05
5.42421e-05
5.42374e-05
5.42327e-05
5.4228e-05
5.42233e-05
5.42187e-05
5.4214e-05
5.42093e-05
5.42047e-05
5.42e-05
5.41954e-05
5.41907e-05
5.41861e-05
5.41815e-05
5.41768e-05
5.41722e-05
5.41676e-05
5.4163e-05
5.41584e-05
5.41538e-05
5.41492e-05
5.41446e-05
5.414e-05
5.41355e-05
5.41309e-05
5.41263e-05
5.41218e-05
5.41172e-05
5.41126e-05
5.41081e-05
5.41036e-05
5.4099e-05
5.40945e-05
5.409e-05
5.40854e-05
5.40809e-05
5.40764e-05
5.40719e-05
5.40674e-05
5.40629e-05
5.40584e-05
5.4054e-05
5.40495e-05
5.4045e-05
5.40405e-05
5.40361e-05
5.40316e-05
5.40272e-05
5.40227e-05
5.40183e-05
5.40138e-05
5.40094e-05
5.4005e-05
5.40006e-05
5.39961e-05
5.39917e-05
5.39873e-05
5.39829e-05
5.39785e-05
5.39741e-05
5.39697e-05
5.39654e-05
5.3961e-05
5.39566e-05
5.39523e-05
5.39479e-05
5.39435e-05
5.39392e-05
5.39348e-05
5.39305e-05
5.39262e-05
5.39218e-05
5.39175e-05
5.39132e-05
5.39089e-05
5.39046e-05
5.39003e-05
5.3896e-05
5.38917e-05
5.38874e-05
5.38831e-05
5.38788e-05
5.38745e-05
5.38702e-05
5.3866e-05
5.38617e-05
5.38575e-05
5.38532e-05
5.3849e-05
5.38447e-05
5.38405e-05
5.38363e-05
5.3832e-05
5.38278e-05
5.38236e-05
5.38194e-05
5.38152e-05
5.3811e-05
5.38068e-05
5.38026e-05
5.37984e-05
5.37942e-05
5.379e-05
5.37858e-05
5.37817e-05
5.37775e-05
5.37734e-05
5.37692e-05
5.3765e-05
5.37609e-05
5.37568e-05
5.37526e-05
5.37485e-05
5.37444e-05
5.37402e-05
5.37361e-05
5.3732e-05
5.37279e-05
5.37238e-05
5.37197e-05
5.37156e-05
5.37115e-05
5.37074e-05
5.37034e-05
5.36993e-05
5.36952e-05
5.36912e-05
5.36871e-05
5.3683e-05
5.3679e-05
5.36749e-05
5.36709e-05
5.36669e-05
5.36628e-05
5.36588e-05
5.36548e-05
5.36508e-05
5.36467e-05
5.36427e-05
5.36387e-05
5.36347e-05
5.36307e-05
5.36267e-05
5.36228e-05
5.36188e-05
5.36148e-05
5.36108e-05
5.36069e-05
5.36029e-05
5.35989e-05
5.3595e-05
5.3591e-05
5.35871e-05
5.35831e-05
5.35792e-05
5.35753e-05
5.35713e-05
5.35674e-05
5.35635e-05
5.35596e-05
5.35557e-05
5.35518e-05
5.35479e-05
5.3544e-05
5.35401e-05
5.35362e-05
5.35323e-05
5.35284e-05
5.35246e-05
5.35207e-05
5.35168e-05
5.3513e-05
5.35091e-05
5.35053e-05
5.35014e-05
5.34976e-05
5.34937e-05
5.34899e-05
5.34861e-05
5.34822e-05
5.34784e-05
5.34746e-05
5.34708e-05
5.3467e-05
5.34632e-05
5.34594e-05
5.34556e-05
5.34518e-05
5.3448e-05
5.34442e-05
5.34405e-05
5.34367e-05
5.34329e-05
5.34291e-05
5.34254e-05
5.34216e-05
5.34179e-05
5.34141e-05
5.34104e-05
5.34066e-05
5.34029e-05
5.33992e-05
5.33955e-05
5.33917e-05
5.3388e-05
5.33843e-05
5.33806e-05
5.33769e-05
5.33732e-05
5.33695e-05
5.33658e-05
5.33621e-05
5.33584e-05
5.33548e-05
5.33511e-05
5.33474e-05
5.33437e-05
5.33401e-05
5.33364e-05
5.33328e-05
5.33291e-05
5.33255e-05
5.33218e-05
5.33182e-05
5.33146e-05
5.33109e-05
5.33073e-05
5.33037e-05
5.33001e-05
5.32965e-05
5.32928e-05
5.32892e-05
5.32856e-05
5.3282e-05
5.32784e-05
5.32749e-05
5.32713e-05
5.32677e-05
5.32641e-05
5.32605e-05
5.3257e-05
5.32534e-05
5.32499e-05
5.32463e-05
5.32428e-05
5.32392e-05
5.32357e-05
5.32321e-05
5.32286e-05
5.32251e-05
5.32215e-05
5.3218e-05
5.32145e-05
5.3211e-05
5.32075e-05
5.3204e-05
5.32004e-05
5.31969e-05
5.31935e-05
5.319e-05
5.31865e-05
5.3183e-05
5.31795e-05
5.3176e-05
5.31726e-05
5.31691e-05
5.31656e-05
5.31622e-05
5.31587e-05
5.31553e-05
5.31518e-05
5.31484e-05
5.31449e-05
5.31415e-05
5.31381e-05
5.31346e-05
5.31312e-05
5.31278e-05
5.31244e-05
5.3121e-05
5.31176e-05
5.31142e-05
5.31108e-05
5.31074e-05
5.3104e-05
5.31006e-05
5.30972e-05
5.30938e-05
5.30904e-05
5.30871e-05
5.30837e-05
5.30803e-05
5.3077e-05
5.30736e-05
5.30702e-05
5.30669e-05
5.30635e-05
5.30602e-05
5.30569e-05
5.30535e-05
5.30502e-05
5.30469e-05
5.30435e-05
5.30402e-05
5.30369e-05
5.30336e-05
5.30303e-05
5.3027e-05
5.30237e-05
5.30204e-05
5.30171e-05
5.30138e-05
5.30105e-05
5.30072e-05
5.30039e-05
5.30007e-05
5.29974e-05
5.29941e-05
5.29909e-05
5.29876e-05
5.29843e-05
5.29811e-05
5.29778e-05
5.29746e-05
5.29713e-05
5.29681e-05
5.29649e-05
5.29616e-05
5.29584e-05
5.29552e-05
5.2952e-05
5.29488e-05
5.29455e-05
5.29423e-05
5.29391e-05
5.29359e-05
5.29327e-05
5.29295e-05
5.29263e-05
5.29232e-05
5.292e-05
5.29168e-05
5.29136e-05
5.29104e-05
5.29073e-05
5.29041e-05
5.29009e-05
5.28978e-05
5.28946e-05
5.28915e-05
5.28883e-05
5.28852e-05
5.2882e-05
5.28789e-05
5.28758e-05
5.28726e-05
5.28695e-05
5.28664e-05
5.28633e-05
5.28602e-05
5.2857e-05
5.28539e-05
5.28508e-05
5.28477e-05
5.28446e-05
5.28415e-05
5.28384e-05
5.28354e-05
5.28323e-05
5.28292e-05
5.28261e-05
5.2823e-05
5.282e-05
5.28169e-05
5.28138e-05
5.28108e-05
5.28077e-05
5.28047e-05
5.28016e-05
5.27986e-05
5.27955e-05
5.27925e-05
5.27894e-05
5.27864e-05
5.27834e-05
5.27804e-05
5.27773e-05
5.27743e-05
5.27713e-05
5.27683e-05
5.27653e-05
5.27623e-05
5.27593e-05
5.27563e-05
5.27533e-05
5.27503e-05
5.27473e-05
5.27443e-05
5.27413e-05
5.27384e-05
5.27354e-05
5.27324e-05
5.27294e-05
5.27265e-05
5.27235e-05
5.27206e-05
5.27176e-05
5.27147e-05
5.27117e-05
5.27088e-05
5.27058e-05
5.27029e-05
5.26999e-05
5.2697e-05
5.26941e-05
5.26912e-05
5.26882e-05
5.26853e-05
5.26824e-05
5.26795e-05
5.26766e-05
5.26737e-05
5.26708e-05
5.26679e-05
5.2665e-05
5.26621e-05
5.26592e-05
5.26563e-05
5.26534e-05
5.26506e-05
5.26477e-05
5.26448e-05
5.26419e-05
5.26391e-05
5.26362e-05
5.26334e-05
5.26305e-05
5.26276e-05
5.26248e-05
5.26219e-05
5.26191e-05
5.26163e-05
5.26134e-05
5.26106e-05
5.26078e-05
5.26049e-05
5.26021e-05
5.25993e-05
5.25965e-05
5.25937e-05
5.25908e-05
5.2588e-05
5.25852e-05
5.25824e-05
5.25796e-05
5.25768e-05
5.2574e-05
5.25713e-05
5.25685e-05
5.25657e-05
5.25629e-05
5.25601e-05
5.25574e-05
5.25546e-05
5.25518e-05
5.25491e-05
5.25463e-05
5.25435e-05
5.25408e-05
5.2538e-05
5.25353e-05
5.25325e-05
5.25298e-05
5.2527e-05
5.25243e-05
5.25216e-05
5.25188e-05
5.25161e-05
5.25134e-05
5.25107e-05
5.2508e-05
5.25052e-05
5.25025e-05
5.24998e-05
5.24971e-05
5.24944e-05
5.24917e-05
5.2489e-05
5.24863e-05
5.24836e-05
5.24809e-05
5.24783e-05
5.24756e-05
5.24729e-05
5.24702e-05
5.24675e-05
5.24649e-05
5.24622e-05
5.24596e-05
5.24569e-05
5.24542e-05
5.24516e-05
5.24489e-05
5.24463e-05
5.24436e-05
5.2441e-05
5.24383e-05
5.24357e-05
5.24331e-05
5.24304e-05
5.24278e-05
5.24252e-05
5.24226e-05
5.242e-05
5.24173e-05
5.24147e-05
5.24121e-05
5.24095e-05
5.24069e-05
5.24043e-05
5.24017e-05
5.23991e-05
5.23965e-05
5.23939e-05
5.23913e-05
5.23888e-05
5.23862e-05
5.23836e-05
5.2381e-05
5.23784e-05
5.23759e-05
5.23733e-05
5.23707e-05
5.23682e-05
5.23656e-05
5.23631e-05
5.23605e-05
5.2358e-05
5.23554e-05
5.23529e-05
5.23503e-05
5.23478e-05
5.23453e-05
5.23427e-05
5.23402e-05
5.23377e-05
5.23352e-05
5.23326e-05
5.23301e-05
5.23276e-05
5.23251e-05
5.23226e-05
5.23201e-05
5.23176e-05
5.23151e-05
5.23126e-05
5.23101e-05
5.23076e-05
5.23051e-05
5.23026e-05
5.23001e-05
5.22976e-05
5.22952e-05
5.22927e-05
5.22902e-05
5.22877e-05
5.22853e-05
5.22828e-05
5.22803e-05
5.22779e-05
5.22754e-05
5.2273e-05
5.22705e-05
5.22681e-05
5.22656e-05
5.22632e-05
5.22607e-05
5.22583e-05
5.22559e-05
5.22534e-05
5.2251e-05
5.22486e-05
5.22462e-05
5.22437e-05
5.22413e-05
5.22389e-05
5.22365e-05
5.22341e-05
5.22317e-05
5.22293e-05
5.22269e-05
5.22245e-05
5.22221e-05
5.22197e-05
5.22173e-05
5.22149e-05
5.22125e-05
5.22101e-05
5.22077e-05
5.22054e-05
5.2203e-05
5.22006e-05
5.21982e-05
5.21959e-05
5.21935e-05
5.21911e-05
5.21888e-05
5.21864e-05
5.21841e-05
5.21817e-05
5.21794e-05
5.2177e-05
5.21747e-05
5.21723e-05
5.217e-05
5.21677e-05
5.21653e-05
5.2163e-05
5.21607e-05
5.21583e-05
5.2156e-05
5.21537e-05
5.21514e-05
5.21491e-05
5.21468e-05
5.21444e-05
5.21421e-05
5.21398e-05
5.21375e-05
5.21352e-05
5.21329e-05
5.21306e-05
5.21283e-05
5.21261e-05
5.21238e-05
5.21215e-05
5.21192e-05
5.21169e-05
5.21146e-05
5.21124e-05
5.21101e-05
5.21078e-05
5.21056e-05
5.21033e-05
5.2101e-05
5.20988e-05
5.20965e-05
5.20943e-05
5.2092e-05
5.20898e-05
5.20875e-05
5.20853e-05
5.2083e-05
5.20808e-05
5.20786e-05
5.20763e-05
5.20741e-05
5.20719e-05
5.20696e-05
5.20674e-05
5.20652e-05
5.2063e-05
5.20608e-05
5.20585e-05
5.20563e-05
5.20541e-05
5.20519e-05
5.20497e-05
5.20475e-05
5.20453e-05
5.20431e-05
5.20409e-05
5.20387e-05
5.20365e-05
5.20343e-05
5.20322e-05
5.203e-05
5.20278e-05
5.20256e-05
5.20234e-05
5.20213e-05
5.20191e-05
5.20169e-05
5.20148e-05
5.20126e-05
5.20104e-05
5.20083e-05
5.20061e-05
5.2004e-05
5.20018e-05
5.19997e-05
5.19975e-05
5.19954e-05
5.19933e-05
5.19911e-05
5.1989e-05
5.19868e-05
5.19847e-05
5.19826e-05
5.19805e-05
5.19783e-05
5.19762e-05
5.19741e-05
5.1972e-05
5.19699e-05
5.19677e-05
5.19656e-05
5.19635e-05
5.19614e-05
5.19593e-05
5.19572e-05
5.19551e-05
5.1953e-05
5.19509e-05
5.19488e-05
5.19467e-05
5.19446e-05
5.19426e-05
5.19405e-05
5.19384e-05
5.19363e-05
5.19342e-05
5.19322e-05
5.19301e-05
5.1928e-05
5.1926e-05
5.19239e-05
5.19218e-05
5.19198e-05
5.19177e-05
5.19157e-05
5.19136e-05
5.19116e-05
5.19095e-05
5.19075e-05
5.19054e-05
5.19034e-05
5.19013e-05
5.18993e-05
5.18973e-05
5.18952e-05
5.18932e-05
5.18912e-05
5.18892e-05
5.18871e-05
5.18851e-05
5.18831e-05
5.18811e-05
5.18791e-05
5.1877e-05
5.1875e-05
5.1873e-05
5.1871e-05
5.1869e-05
5.1867e-05
5.1865e-05
5.1863e-05
5.1861e-05
5.1859e-05
5.1857e-05
5.18551e-05
5.18531e-05
5.18511e-05
5.18491e-05
5.18471e-05
5.18452e-05
5.18432e-05
5.18412e-05
5.18392e-05
5.18373e-05
5.18353e-05
5.18333e-05
5.18314e-05
5.18294e-05
5.18275e-05
5.18255e-05
5.18236e-05
5.18216e-05
5.18197e-05
5.18177e-05
5.18158e-05
5.18138e-05
5.18119e-05
5.18099e-05
5.1808e-05
5.18061e-05
5.18041e-05
5.18022e-05
5.18003e-05
5.17984e-05
5.17964e-05
5.17945e-05
5.17926e-05
5.17907e-05
5.17888e-05
5.17869e-05
5.17849e-05
5.1783e-05
5.17811e-05
5.17792e-05
5.17773e-05
5.17754e-05
5.17735e-05
5.17716e-05
5.17697e-05
5.17678e-05
5.1766e-05
5.17641e-05
5.17622e-05
5.17603e-05
5.17584e-05
5.17565e-05
5.17547e-05
5.17528e-05
5.17509e-05
5.17491e-05
5.17472e-05
5.17453e-05
5.17435e-05
5.17416e-05
5.17397e-05
5.17379e-05
5.1736e-05
5.17342e-05
5.17323e-05
5.17305e-05
5.17286e-05
5.17268e-05
5.17249e-05
5.17231e-05
5.17212e-05
5.17194e-05
5.17176e-05
5.17157e-05
5.17139e-05
5.17121e-05
5.17102e-05
5.17084e-05
5.17066e-05
5.17048e-05
5.1703e-05
5.17011e-05
5.16993e-05
5.16975e-05
5.16957e-05
5.16939e-05
5.16921e-05
5.16903e-05
5.16885e-05
5.16867e-05
5.16849e-05
5.16831e-05
5.16813e-05
5.16795e-05
5.16777e-05
5.16759e-05
5.16741e-05
5.16723e-05
5.16706e-05
5.16688e-05
5.1667e-05
5.16652e-05
5.16634e-05
5.16617e-05
5.16599e-05
5.16581e-05
5.16564e-05
5.16546e-05
5.16528e-05
5.16511e-05
5.16493e-05
5.16475e-05
5.16458e-05
5.1644e-05
5.16423e-05
5.16405e-05
5.16388e-05
5.1637e-05
5.16353e-05
5.16335e-05
5.16318e-05
5.16301e-05
5.16283e-05
5.16266e-05
5.16249e-05
5.16231e-05
5.16214e-05
5.16197e-05
5.1618e-05
5.16162e-05
5.16145e-05
5.16128e-05
5.16111e-05
5.16094e-05
5.16076e-05
5.16059e-05
5.16042e-05
5.16025e-05
5.16008e-05
5.15991e-05
5.15974e-05
5.15957e-05
5.1594e-05
5.15923e-05
5.15906e-05
5.15889e-05
5.15872e-05
5.15855e-05
5.15838e-05
5.15822e-05
5.15805e-05
5.15788e-05
5.15771e-05
5.15754e-05
5.15738e-05
5.15721e-05
5.15704e-05
5.15687e-05
5.15671e-05
5.15654e-05
5.15637e-05
5.15621e-05
5.15604e-05
5.15587e-05
5.15571e-05
5.15554e-05
5.15538e-05
5.15521e-05
5.15505e-05
5.15488e-05
5.15472e-05
5.15455e-05
5.15439e-05
5.15422e-05
5.15406e-05
5.1539e-05
5.15373e-05
5.15357e-05
5.15341e-05
5.15324e-05
5.15308e-05
5.15292e-05
5.15275e-05
5.15259e-05
5.15243e-05
5.15227e-05
5.15211e-05
5.15194e-05
5.15178e-05
5.15162e-05
5.15146e-05
5.1513e-05
5.15114e-05
5.15098e-05
5.15082e-05
5.15066e-05
5.1505e-05
5.15034e-05
5.15018e-05
5.15002e-05
5.14986e-05
5.1497e-05
5.14954e-05
5.14938e-05
5.14922e-05
5.14906e-05
5.14891e-05
5.14875e-05
5.14859e-05
5.14843e-05
5.14827e-05
5.14812e-05
5.14796e-05
5.1478e-05
5.14764e-05
5.14749e-05
5.14733e-05
5.14717e-05
5.14702e-05
5.14686e-05
5.14671e-05
5.14655e-05
5.1464e-05
5.14624e-05
5.14608e-05
5.14593e-05
5.14577e-05
5.14562e-05
5.14547e-05
5.14531e-05
5.14516e-05
5.145e-05
5.14485e-05
5.14469e-05
5.14454e-05
5.14439e-05
5.14423e-05
5.14408e-05
5.14393e-05
5.14378e-05
5.14362e-05
5.14347e-05
5.14332e-05
5.14317e-05
5.14301e-05
5.14286e-05
5.14271e-05
5.14256e-05
5.14241e-05
5.14226e-05
5.14211e-05
5.14196e-05
5.14181e-05
5.14166e-05
5.1415e-05
5.14135e-05
5.14121e-05
5.14106e-05
5.14091e-05
5.14076e-05
5.14061e-05
5.14046e-05
5.14031e-05
5.14016e-05
5.14001e-05
5.13986e-05
5.13971e-05
5.13957e-05
5.13942e-05
5.13927e-05
5.13912e-05
5.13898e-05
5.13883e-05
5.13868e-05
5.13853e-05
5.13839e-05
5.13824e-05
5.13809e-05
5.13795e-05
5.1378e-05
5.13766e-05
5.13751e-05
5.13736e-05
5.13722e-05
5.13707e-05
5.13693e-05
5.13678e-05
5.13664e-05
5.13649e-05
5.13635e-05
5.1362e-05
5.13606e-05
5.13592e-05
5.13577e-05
5.13563e-05
5.13548e-05
5.13534e-05
5.1352e-05
5.13506e-05
5.13491e-05
5.13477e-05
5.13463e-05
5.13448e-05
5.13434e-05
5.1342e-05
5.13406e-05
5.13392e-05
5.13377e-05
5.13363e-05
5.13349e-05
5.13335e-05
5.13321e-05
5.13307e-05
5.13293e-05
5.13279e-05
5.13264e-05
5.1325e-05
5.13236e-05
5.13222e-05
5.13208e-05
5.13194e-05
5.13181e-05
5.13167e-05
5.13153e-05
5.13139e-05
5.13125e-05
5.13111e-05
5.13097e-05
5.13083e-05
5.13069e-05
5.13056e-05
5.13042e-05
5.13028e-05
5.13014e-05
5.13e-05
5.12987e-05
5.12973e-05
5.12959e-05
5.12945e-05
5.12932e-05
5.12918e-05
5.12904e-05
5.12891e-05
5.12877e-05
5.12864e-05
5.1285e-05
5.12836e-05
5.12823e-05
5.12809e-05
5.12796e-05
5.12782e-05
5.12769e-05
5.12755e-05
5.12742e-05
5.12728e-05
5.12715e-05
5.12701e-05
5.12688e-05
5.12675e-05
5.12661e-05
5.12648e-05
5.12634e-05
5.12621e-05
5.12608e-05
5.12594e-05
5.12581e-05
5.12568e-05
5.12554e-05
5.12541e-05
5.12528e-05
5.12515e-05
5.12502e-05
5.12488e-05
5.12475e-05
5.12462e-05
5.12449e-05
5.12436e-05
5.12423e-05
5.12409e-05
5.12396e-05
5.12383e-05
5.1237e-05
5.12357e-05
5.12344e-05
5.12331e-05
5.12318e-05
5.12305e-05
5.12292e-05
5.12279e-05
5.12266e-05
5.12253e-05
5.1224e-05
5.12227e-05
5.12214e-05
5.12201e-05
5.12189e-05
5.12176e-05
5.12163e-05
5.1215e-05
5.12137e-05
5.12124e-05
5.12112e-05
5.12099e-05
5.12086e-05
5.12073e-05
5.12061e-05
5.12048e-05
5.12035e-05
5.12022e-05
5.1201e-05
5.11997e-05
5.11984e-05
5.11972e-05
5.11959e-05
5.11946e-05
5.11934e-05
5.11921e-05
5.11909e-05
5.11896e-05
5.11884e-05
5.11871e-05
5.11859e-05
5.11846e-05
5.11834e-05
5.11821e-05
5.11809e-05
5.11796e-05
5.11784e-05
5.11771e-05
5.11759e-05
5.11746e-05
5.11734e-05
5.11722e-05
5.11709e-05
5.11697e-05
5.11685e-05
5.11672e-05
5.1166e-05
5.11648e-05
5.11636e-05
5.11623e-05
5.11611e-05
5.11599e-05
5.11587e-05
5.11574e-05
5.11562e-05
5.1155e-05
5.11538e-05
5.11526e-05
5.11513e-05
5.11501e-05
5.11489e-05
5.11477e-05
5.11465e-05
5.11453e-05
5.11441e-05
5.11429e-05
5.11417e-05
5.11405e-05
5.11393e-05
5.11381e-05
5.11369e-05
5.11357e-05
5.11345e-05
5.11333e-05
5.11321e-05
5.11309e-05
5.11297e-05
5.11285e-05
5.11273e-05
5.11261e-05
5.1125e-05
5.11238e-05
5.11226e-05
5.11214e-05
5.11202e-05
5.11191e-05
5.11179e-05
5.11167e-05
5.11155e-05
5.11143e-05
5.11132e-05
5.1112e-05
5.11108e-05
5.11097e-05
5.11085e-05
5.11073e-05
5.11062e-05
5.1105e-05
5.11038e-05
5.11027e-05
5.11015e-05
5.11004e-05
5.10992e-05
5.1098e-05
5.10969e-05
5.10957e-05
5.10946e-05
5.10934e-05
5.10923e-05
5.10911e-05
5.109e-05
5.10888e-05
5.10877e-05
5.10865e-05
5.10854e-05
5.10843e-05
5.10831e-05
5.1082e-05
5.10808e-05
5.10797e-05
5.10786e-05
5.10774e-05
5.10763e-05
5.10752e-05
5.1074e-05
5.10729e-05
5.10718e-05
5.10707e-05
5.10695e-05
5.10684e-05
5.10673e-05
5.10662e-05
5.1065e-05
5.10639e-05
5.10628e-05
5.10617e-05
5.10606e-05
5.10595e-05
5.10583e-05
5.10572e-05
5.10561e-05
5.1055e-05
5.10539e-05
5.10528e-05
5.10517e-05
5.10506e-05
5.10495e-05
5.10484e-05
5.10473e-05
5.10462e-05
5.10451e-05
5.1044e-05
5.10429e-05
5.10418e-05
5.10407e-05
5.10396e-05
5.10385e-05
5.10374e-05
5.10363e-05
5.10352e-05
5.10342e-05
5.10331e-05
5.1032e-05
5.10309e-05
5.10298e-05
5.10287e-05
5.10277e-05
5.10266e-05
5.10255e-05
5.10244e-05
5.10233e-05
5.10223e-05
5.10212e-05
5.10201e-05
5.10191e-05
5.1018e-05
5.10169e-05
5.10158e-05
5.10148e-05
5.10137e-05
5.10127e-05
5.10116e-05
5.10105e-05
5.10095e-05
5.10084e-05
5.10073e-05
5.10063e-05
5.10052e-05
5.10042e-05
5.10031e-05
5.10021e-05
5.1001e-05
5.1e-05
5.09989e-05
5.09979e-05
5.09968e-05
5.09958e-05
5.09947e-05
5.09937e-05
5.09927e-05
5.09916e-05
5.09906e-05
5.09895e-05
5.09885e-05
5.09875e-05
5.09864e-05
5.09854e-05
5.09844e-05
5.09833e-05
5.09823e-05
5.09813e-05
5.09802e-05
5.09792e-05
5.09782e-05
5.09771e-05
5.09761e-05
5.09751e-05
5.09741e-05
5.09731e-05
5.0972e-05
5.0971e-05
5.097e-05
5.0969e-05
5.0968e-05
5.0967e-05
5.09659e-05
5.09649e-05
5.09639e-05
5.09629e-05
5.09619e-05
5.09609e-05
5.09599e-05
5.09589e-05
5.09579e-05
5.09569e-05
5.09559e-05
5.09549e-05
5.09539e-05
5.09529e-05
5.09519e-05
5.09509e-05
5.09499e-05
5.09489e-05
5.09479e-05
5.09469e-05
5.09459e-05
5.09449e-05
5.09439e-05
5.09429e-05
5.09419e-05
5.0941e-05
5.094e-05
5.0939e-05
5.0938e-05
5.0937e-05
5.0936e-05
5.09351e-05
5.09341e-05
5.09331e-05
5.09321e-05
5.09311e-05
5.09302e-05
5.09292e-05
5.09282e-05
5.09273e-05
5.09263e-05
5.09253e-05
5.09243e-05
5.09234e-05
5.09224e-05
5.09214e-05
5.09205e-05
5.09195e-05
5.09186e-05
5.09176e-05
5.09166e-05
5.09157e-05
5.09147e-05
5.09138e-05
5.09128e-05
5.09118e-05
5.09109e-05
5.09099e-05
5.0909e-05
5.0908e-05
5.09071e-05
5.09061e-05
5.09052e-05
5.09042e-05
5.09033e-05
5.09023e-05
5.09014e-05
5.09005e-05
5.08995e-05
5.08986e-05
5.08976e-05
5.08967e-05
5.08958e-05
5.08948e-05
5.08939e-05
5.0893e-05
5.0892e-05
5.08911e-05
5.08902e-05
5.08892e-05
5.08883e-05
5.08874e-05
5.08864e-05
5.08855e-05
5.08846e-05
5.08837e-05
5.08827e-05
5.08818e-05
5.08809e-05
5.088e-05
5.08791e-05
5.08781e-05
5.08772e-05
5.08763e-05
5.08754e-05
5.08745e-05
5.08736e-05
5.08726e-05
5.08717e-05
5.08708e-05
5.08699e-05
5.0869e-05
5.08681e-05
5.08672e-05
5.08663e-05
5.08654e-05
5.08645e-05
5.08636e-05
5.08627e-05
5.08618e-05
5.08609e-05
5.086e-05
5.08591e-05
5.08582e-05
5.08573e-05
5.08564e-05
5.08555e-05
5.08546e-05
5.08537e-05
5.08528e-05
5.08519e-05
5.0851e-05
5.08501e-05
5.08492e-05
5.08484e-05
5.08475e-05
5.08466e-05
5.08457e-05
5.08448e-05
5.08439e-05
5.08431e-05
5.08422e-05
5.08413e-05
5.08404e-05
5.08395e-05
5.08387e-05
5.08378e-05
5.08369e-05
5.0836e-05
5.08352e-05
5.08343e-05
5.08334e-05
5.08326e-05
5.08317e-05
5.08308e-05
5.08299e-05
5.08291e-05
5.08282e-05
5.08274e-05
5.08265e-05
5.08256e-05
5.08248e-05
5.08239e-05
5.0823e-05
5.08222e-05
5.08213e-05
5.08205e-05
5.08196e-05
5.08188e-05
5.08179e-05
5.0817e-05
5.08162e-05
5.08153e-05
5.08145e-05
5.08136e-05
5.08128e-05
5.08119e-05
5.08111e-05
5.08103e-05
5.08094e-05
5.08086e-05
5.08077e-05
5.08069e-05
5.0806e-05
5.08052e-05
5.08044e-05
5.08035e-05
5.08027e-05
5.08018e-05
5.0801e-05
5.08002e-05
5.07993e-05
5.07985e-05
5.07977e-05
5.07968e-05
5.0796e-05
5.07952e-05
5.07944e-05
5.07935e-05
5.07927e-05
5.07919e-05
5.0791e-05
5.07902e-05
5.07894e-05
5.07886e-05
5.07878e-05
5.07869e-05
5.07861e-05
5.07853e-05
5.07845e-05
5.07837e-05
5.07828e-05
5.0782e-05
5.07812e-05
5.07804e-05
5.07796e-05
5.07788e-05
5.0778e-05
5.07771e-05
5.07763e-05
5.07755e-05
5.07747e-05
5.07739e-05
5.07731e-05
5.07723e-05
5.07715e-05
5.07707e-05
5.07699e-05
5.07691e-05
5.07683e-05
5.07675e-05
5.07667e-05
5.07659e-05
5.07651e-05
5.07643e-05
5.07635e-05
5.07627e-05
5.07619e-05
5.07611e-05
5.07603e-05
5.07595e-05
5.07587e-05
5.0758e-05
5.07572e-05
5.07564e-05
5.07556e-05
5.07548e-05
5.0754e-05
5.07532e-05
5.07524e-05
5.07517e-05
5.07509e-05
5.07501e-05
5.07493e-05
5.07485e-05
5.07478e-05
5.0747e-05
5.07462e-05
5.07454e-05
5.07446e-05
5.07439e-05
5.07431e-05
5.07423e-05
5.07416e-05
5.07408e-05
5.074e-05
5.07392e-05
5.07385e-05
5.07377e-05
5.07369e-05
5.07362e-05
5.07354e-05
5.07346e-05
5.07339e-05
5.07331e-05
5.07323e-05
5.07316e-05
5.07308e-05
5.07301e-05
5.07293e-05
5.07285e-05
5.07278e-05
5.0727e-05
5.07263e-05
5.07255e-05
5.07248e-05
5.0724e-05
5.07233e-05
5.07225e-05
5.07218e-05
5.0721e-05
5.07203e-05
5.07195e-05
5.07188e-05
5.0718e-05
5.07173e-05
5.07165e-05
5.07158e-05
5.0715e-05
5.07143e-05
5.07135e-05
5.07128e-05
5.07121e-05
5.07113e-05
5.07106e-05
5.07098e-05
5.07091e-05
5.07084e-05
5.07076e-05
5.07069e-05
5.07062e-05
5.07054e-05
5.07047e-05
5.0704e-05
5.07032e-05
5.07025e-05
5.07018e-05
5.0701e-05
5.07003e-05
5.06996e-05
5.06989e-05
5.06981e-05
5.06974e-05
5.06967e-05
5.0696e-05
5.06952e-05
5.06945e-05
5.06938e-05
5.06931e-05
5.06923e-05
5.06916e-05
5.06909e-05
5.06902e-05
5.06895e-05
5.06888e-05
5.0688e-05
5.06873e-05
5.06866e-05
5.06859e-05
5.06852e-05
5.06845e-05
5.06838e-05
5.06831e-05
5.06823e-05
5.06816e-05
5.06809e-05
5.06802e-05
5.06795e-05
5.06788e-05
5.06781e-05
5.06774e-05
5.06767e-05
5.0676e-05
5.06753e-05
5.06746e-05
5.06739e-05
5.06732e-05
5.06725e-05
5.06718e-05
5.06711e-05
5.06704e-05
5.06697e-05
5.0669e-05
5.06683e-05
5.06676e-05
5.06669e-05
5.06662e-05
5.06655e-05
5.06649e-05
5.06642e-05
5.06635e-05
5.06628e-05
5.06621e-05
5.06614e-05
5.06607e-05
5.066e-05
5.06594e-05
5.06587e-05
5.0658e-05
5.06573e-05
5.06566e-05
5.06559e-05
5.06553e-05
5.06546e-05
5.06539e-05
5.06532e-05
5.06526e-05
5.06519e-05
5.06512e-05
5.06505e-05
5.06498e-05
5.06492e-05
5.06485e-05
5.06478e-05
5.06472e-05
5.06465e-05
5.06458e-05
5.06451e-05
5.06445e-05
5.06438e-05
5.06431e-05
5.06425e-05
5.06418e-05
5.06411e-05
5.06405e-05
5.06398e-05
5.06391e-05
5.06385e-05
5.06378e-05
5.06372e-05
5.06365e-05
5.06358e-05
5.06352e-05
5.06345e-05
5.06339e-05
5.06332e-05
5.06326e-05
5.06319e-05
5.06312e-05
5.06306e-05
5.06299e-05
5.06293e-05
5.06286e-05
5.0628e-05
5.06273e-05
5.06267e-05
5.0626e-05
5.06254e-05
5.06247e-05
5.06241e-05
5.06234e-05
5.06228e-05
5.06221e-05
5.06215e-05
5.06209e-05
5.06202e-05
5.06196e-05
5.06189e-05
5.06183e-05
5.06177e-05
5.0617e-05
5.06164e-05
5.06157e-05
5.06151e-05
5.06145e-05
5.06138e-05
5.06132e-05
5.06126e-05
5.06119e-05
5.06113e-05
5.06106e-05
5.061e-05
5.06094e-05
5.06088e-05
5.06081e-05
5.06075e-05
5.06069e-05
5.06062e-05
5.06056e-05
5.0605e-05
5.06044e-05
5.06037e-05
5.06031e-05
5.06025e-05
5.06019e-05
5.06012e-05
5.06006e-05
5.06e-05
5.05994e-05
5.05987e-05
5.05981e-05
5.05975e-05
5.05969e-05
5.05963e-05
5.05957e-05
5.0595e-05
5.05944e-05
5.05938e-05
5.05932e-05
5.05926e-05
5.0592e-05
5.05914e-05
5.05907e-05
5.05901e-05
5.05895e-05
5.05889e-05
5.05883e-05
5.05877e-05
5.05871e-05
5.05865e-05
5.05859e-05
5.05853e-05
5.05847e-05
5.05841e-05
5.05834e-05
5.05828e-05
5.05822e-05
5.05816e-05
5.0581e-05
5.05804e-05
5.05798e-05
5.05792e-05
5.05786e-05
5.0578e-05
5.05774e-05
5.05768e-05
5.05762e-05
5.05757e-05
5.05751e-05
5.05745e-05
5.05739e-05
5.05733e-05
5.05727e-05
5.05721e-05
5.05715e-05
5.05709e-05
5.05703e-05
5.05697e-05
5.05691e-05
5.05686e-05
5.0568e-05
5.05674e-05
5.05668e-05
5.05662e-05
5.05656e-05
5.0565e-05
5.05644e-05
5.05639e-05
5.05633e-05
5.05627e-05
5.05621e-05
5.05615e-05
5.0561e-05
5.05604e-05
5.05598e-05
5.05592e-05
5.05586e-05
5.05581e-05
5.05575e-05
5.05569e-05
5.05563e-05
5.05558e-05
5.05552e-05
5.05546e-05
5.0554e-05
5.05535e-05
5.05529e-05
5.05523e-05
5.05518e-05
5.05512e-05
5.05506e-05
5.055e-05
5.05495e-05
5.05489e-05
5.05483e-05
5.05478e-05
5.05472e-05
5.05466e-05
5.05461e-05
5.05455e-05
5.0545e-05
5.05444e-05
5.05438e-05
5.05433e-05
5.05427e-05
5.05421e-05
5.05416e-05
5.0541e-05
5.05405e-05
5.05399e-05
5.05394e-05
5.05388e-05
5.05382e-05
5.05377e-05
5.05371e-05
5.05366e-05
5.0536e-05
5.05355e-05
5.05349e-05
5.05344e-05
5.05338e-05
5.05333e-05
5.05327e-05
5.05322e-05
5.05316e-05
5.05311e-05
5.05305e-05
5.053e-05
5.05294e-05
5.05289e-05
5.05283e-05
5.05278e-05
5.05272e-05
5.05267e-05
5.05261e-05
5.05256e-05
5.05251e-05
5.05245e-05
5.0524e-05
5.05234e-05
5.05229e-05
5.05224e-05
5.05218e-05
5.05213e-05
5.05207e-05
5.05202e-05
5.05197e-05
5.05191e-05
5.05186e-05
5.05181e-05
5.05175e-05
5.0517e-05
5.05165e-05
5.05159e-05
5.05154e-05
5.05149e-05
5.05143e-05
5.05138e-05
5.05133e-05
5.05127e-05
5.05122e-05
5.05117e-05
5.05112e-05
5.05106e-05
5.05101e-05
5.05096e-05
5.05091e-05
5.05085e-05
5.0508e-05
5.05075e-05
5.0507e-05
5.05064e-05
5.05059e-05
5.05054e-05
5.05049e-05
5.05043e-05
5.05038e-05
5.05033e-05
5.05028e-05
5.05023e-05
5.05018e-05
5.05012e-05
5.05007e-05
5.05002e-05
5.04997e-05
5.04992e-05
5.04987e-05
5.04981e-05
5.04976e-05
5.04971e-05
5.04966e-05
5.04961e-05
5.04956e-05
5.04951e-05
5.04946e-05
5.04941e-05
5.04935e-05
5.0493e-05
5.04925e-05
5.0492e-05
5.04915e-05
5.0491e-05
5.04905e-05
5.049e-05
5.04895e-05
5.0489e-05
5.04885e-05
5.0488e-05
5.04875e-05
5.0487e-05
5.04865e-05
5.0486e-05
5.04855e-05
5.0485e-05
5.04845e-05
5.0484e-05
5.04835e-05
5.0483e-05
5.04825e-05
5.0482e-05
5.04815e-05
5.0481e-05
5.04805e-05
5.048e-05
5.04795e-05
5.0479e-05
5.04785e-05
5.0478e-05
5.04775e-05
5.0477e-05
5.04765e-05
5.04761e-05
5.04756e-05
5.04751e-05
5.04746e-05
5.04741e-05
5.04736e-05
5.04731e-05
5.04726e-05
5.04721e-05
5.04717e-05
5.04712e-05
5.04707e-05
5.04702e-05
5.04697e-05
5.04692e-05
5.04688e-05
5.04683e-05
5.04678e-05
5.04673e-05
5.04668e-05
5.04663e-05
5.04659e-05
5.04654e-05
5.04649e-05
5.04644e-05
5.0464e-05
5.04635e-05
5.0463e-05
5.04625e-05
5.0462e-05
5.04616e-05
5.04611e-05
5.04606e-05
5.04601e-05
5.04597e-05
5.04592e-05
5.04587e-05
5.04583e-05
5.04578e-05
5.04573e-05
5.04568e-05
5.04564e-05
5.04559e-05
5.04554e-05
5.0455e-05
5.04545e-05
5.0454e-05
5.04536e-05
5.04531e-05
5.04526e-05
5.04522e-05
5.04517e-05
5.04512e-05
5.04508e-05
5.04503e-05
5.04498e-05
5.04494e-05
5.04489e-05
5.04485e-05
5.0448e-05
5.04475e-05
5.04471e-05
5.04466e-05
5.04462e-05
5.04457e-05
5.04452e-05
5.04448e-05
5.04443e-05
5.04439e-05
5.04434e-05
5.0443e-05
5.04425e-05
5.0442e-05
5.04416e-05
5.04411e-05
5.04407e-05
5.04402e-05
5.04398e-05
5.04393e-05
5.04389e-05
5.04384e-05
5.0438e-05
5.04375e-05
5.04371e-05
5.04366e-05
5.04362e-05
5.04357e-05
5.04353e-05
5.04348e-05
5.04344e-05
5.04339e-05
5.04335e-05
5.0433e-05
5.04326e-05
5.04322e-05
5.04317e-05
5.04313e-05
5.04308e-05
5.04304e-05
5.04299e-05
5.04295e-05
5.04291e-05
5.04286e-05
5.04282e-05
5.04277e-05
5.04273e-05
5.04269e-05
5.04264e-05
5.0426e-05
5.04255e-05
5.04251e-05
5.04247e-05
5.04242e-05
5.04238e-05
5.04234e-05
5.04229e-05
5.04225e-05
5.04221e-05
5.04216e-05
5.04212e-05
5.04208e-05
5.04203e-05
5.04199e-05
5.04195e-05
5.0419e-05
5.04186e-05
5.04182e-05
5.04177e-05
5.04173e-05
5.04169e-05
5.04165e-05
5.0416e-05
5.04156e-05
5.04152e-05
5.04148e-05
5.04143e-05
5.04139e-05
5.04135e-05
5.04131e-05
5.04126e-05
5.04122e-05
5.04118e-05
5.04114e-05
5.04109e-05
5.04105e-05
5.04101e-05
5.04097e-05
5.04093e-05
5.04088e-05
5.04084e-05
5.0408e-05
5.04076e-05
5.04072e-05
5.04067e-05
5.04063e-05
5.04059e-05
5.04055e-05
5.04051e-05
5.04047e-05
5.04042e-05
5.04038e-05
5.04034e-05
5.0403e-05
5.04026e-05
5.04022e-05
5.04018e-05
5.04013e-05
5.04009e-05
5.04005e-05
5.04001e-05
5.03997e-05
5.03993e-05
5.03989e-05
5.03985e-05
5.03981e-05
5.03977e-05
5.03972e-05
5.03968e-05
5.03964e-05
5.0396e-05
5.03956e-05
5.03952e-05
5.03948e-05
5.03944e-05
5.0394e-05
5.03936e-05
5.03932e-05
5.03928e-05
5.03924e-05
5.0392e-05
5.03916e-05
5.03912e-05
5.03908e-05
5.03904e-05
5.039e-05
5.03896e-05
5.03892e-05
5.03888e-05
5.03884e-05
5.0388e-05
5.03876e-05
5.03872e-05
5.03868e-05
5.03864e-05
5.0386e-05
5.03856e-05
5.03852e-05
5.03848e-05
5.03844e-05
5.0384e-05
5.03836e-05
5.03832e-05
5.03828e-05
5.03824e-05
5.03821e-05
5.03817e-05
5.03813e-05
5.03809e-05
5.03805e-05
5.03801e-05
5.03797e-05
5.03793e-05
5.03789e-05
5.03785e-05
5.03782e-05
5.03778e-05
5.03774e-05
5.0377e-05
5.03766e-05
5.03762e-05
5.03758e-05
5.03755e-05
5.03751e-05
5.03747e-05
5.03743e-05
5.03739e-05
5.03735e-05
5.03732e-05
5.03728e-05
5.03724e-05
5.0372e-05
5.03716e-05
5.03712e-05
5.03709e-05
5.03705e-05
5.03701e-05
5.03697e-05
5.03693e-05
5.0369e-05
5.03686e-05
5.03682e-05
5.03678e-05
5.03675e-05
5.03671e-05
5.03667e-05
5.03663e-05
5.0366e-05
5.03656e-05
5.03652e-05
5.03648e-05
5.03645e-05
5.03641e-05
5.03637e-05
5.03633e-05
5.0363e-05
5.03626e-05
5.03622e-05
5.03619e-05
5.03615e-05
5.03611e-05
5.03607e-05
5.03604e-05
5.036e-05
5.03596e-05
5.03593e-05
5.03589e-05
5.03585e-05
5.03582e-05
5.03578e-05
5.03574e-05
5.03571e-05
5.03567e-05
5.03563e-05
5.0356e-05
5.03556e-05
5.03552e-05
5.03549e-05
5.03545e-05
5.03542e-05
5.03538e-05
5.03534e-05
5.03531e-05
5.03527e-05
5.03523e-05
5.0352e-05
5.03516e-05
5.03513e-05
5.03509e-05
5.03505e-05
5.03502e-05
5.03498e-05
5.03495e-05
5.03491e-05
5.03488e-05
5.03484e-05
5.0348e-05
5.03477e-05
5.03473e-05
5.0347e-05
5.03466e-05
5.03463e-05
5.03459e-05
5.03456e-05
5.03452e-05
5.03449e-05
5.03445e-05
5.03441e-05
5.03438e-05
5.03434e-05
5.03431e-05
5.03427e-05
5.03424e-05
5.0342e-05
5.03417e-05
5.03413e-05
5.0341e-05
5.03406e-05
5.03403e-05
5.03399e-05
5.03396e-05
5.03393e-05
5.03389e-05
5.03386e-05
5.03382e-05
5.03379e-05
5.03375e-05
5.03372e-05
5.03368e-05
5.03365e-05
5.03361e-05
5.03358e-05
5.03355e-05
5.03351e-05
5.03348e-05
5.03344e-05
5.03341e-05
5.03337e-05
5.03334e-05
5.03331e-05
5.03327e-05
5.03324e-05
5.0332e-05
5.03317e-05
5.03314e-05
5.0331e-05
5.03307e-05
5.03303e-05
5.033e-05
5.03297e-05
5.03293e-05
5.0329e-05
5.03287e-05
5.03283e-05
5.0328e-05
5.03277e-05
5.03273e-05
5.0327e-05
5.03267e-05
5.03263e-05
5.0326e-05
5.03257e-05
5.03253e-05
5.0325e-05
5.03247e-05
5.03243e-05
5.0324e-05
5.03237e-05
5.03233e-05
5.0323e-05
5.03227e-05
5.03223e-05
5.0322e-05
5.03217e-05
5.03214e-05
5.0321e-05
5.03207e-05
5.03204e-05
5.032e-05
5.03197e-05
5.03194e-05
5.03191e-05
5.03187e-05
5.03184e-05
5.03181e-05
5.03178e-05
5.03174e-05
5.03171e-05
5.03168e-05
5.03165e-05
5.03161e-05
5.03158e-05
5.03155e-05
5.03152e-05
5.03149e-05
5.03145e-05
5.03142e-05
5.03139e-05
5.03136e-05
5.03132e-05
5.03129e-05
5.03126e-05
5.03123e-05
5.0312e-05
5.03116e-05
5.03113e-05
5.0311e-05
5.03107e-05
5.03104e-05
5.03101e-05
5.03097e-05
5.03094e-05
5.03091e-05
5.03088e-05
5.03085e-05
5.03082e-05
5.03079e-05
5.03075e-05
5.03072e-05
5.03069e-05
5.03066e-05
5.03063e-05
5.0306e-05
5.03057e-05
5.03053e-05
5.0305e-05
5.03047e-05
5.03044e-05
5.03041e-05
5.03038e-05
5.03035e-05
5.03032e-05
5.03029e-05
5.03026e-05
5.03022e-05
5.03019e-05
5.03016e-05
5.03013e-05
5.0301e-05
5.03007e-05
5.03004e-05
5.03001e-05
5.02998e-05
5.02995e-05
5.02992e-05
5.02989e-05
5.02986e-05
5.02983e-05
5.0298e-05
5.02977e-05
5.02973e-05
5.0297e-05
5.02967e-05
5.02964e-05
5.02961e-05
5.02958e-05
5.02955e-05
5.02952e-05
5.02949e-05
5.02946e-05
5.02943e-05
5.0294e-05
5.02937e-05
5.02934e-05
5.02931e-05
5.02928e-05
5.02925e-05
5.02922e-05
5.02919e-05
5.02916e-05
5.02913e-05
5.0291e-05
5.02907e-05
5.02905e-05
5.02902e-05
5.02899e-05
5.02896e-05
5.02893e-05
5.0289e-05
5.02887e-05
5.02884e-05
5.02881e-05
5.02878e-05
5.02875e-05
5.02872e-05
5.02869e-05
5.02866e-05
5.02863e-05
5.0286e-05
5.02857e-05
5.02855e-05
5.02852e-05
5.02849e-05
5.02846e-05
5.02843e-05
5.0284e-05
5.02837e-05
5.02834e-05
5.02831e-05
5.02828e-05
5.02826e-05
5.02823e-05
5.0282e-05
5.02817e-05
5.02814e-05
5.02811e-05
5.02808e-05
5.02805e-05
5.02803e-05
5.028e-05
5.02797e-05
5.02794e-05
5.02791e-05
5.02788e-05
5.02786e-05
5.02783e-05
5.0278e-05
5.02777e-05
5.02774e-05
5.02771e-05
5.02769e-05
5.02766e-05
5.02763e-05
5.0276e-05
5.02757e-05
5.02754e-05
5.02752e-05
5.02749e-05
5.02746e-05
5.02743e-05
5.0274e-05
5.02738e-05
5.02735e-05
5.02732e-05
5.02729e-05
5.02727e-05
5.02724e-05
5.02721e-05
5.02718e-05
5.02715e-05
5.02713e-05
5.0271e-05
5.02707e-05
5.02704e-05
5.02702e-05
5.02699e-05
5.02696e-05
5.02693e-05
5.02691e-05
5.02688e-05
5.02685e-05
5.02682e-05
5.0268e-05
5.02677e-05
5.02674e-05
5.02672e-05
5.02669e-05
5.02666e-05
5.02663e-05
5.02661e-05
5.02658e-05
5.02655e-05
5.02653e-05
5.0265e-05
5.02647e-05
5.02644e-05
5.02642e-05
5.02639e-05
5.02636e-05
5.02634e-05
5.02631e-05
5.02628e-05
5.02626e-05
5.02623e-05
5.0262e-05
5.02618e-05
5.02615e-05
5.02612e-05
5.0261e-05
5.02607e-05
5.02604e-05
5.02602e-05
5.02599e-05
5.02596e-05
5.02594e-05
5.02591e-05
5.02588e-05
5.02586e-05
5.02583e-05
5.02581e-05
5.02578e-05
5.02575e-05
5.02573e-05
5.0257e-05
5.02567e-05
5.02565e-05
5.02562e-05
5.0256e-05
5.02557e-05
5.02554e-05
5.02552e-05
5.02549e-05
5.02547e-05
5.02544e-05
5.02541e-05
5.02539e-05
5.02536e-05
5.02534e-05
5.02531e-05
5.02529e-05
5.02526e-05
5.02523e-05
5.02521e-05
5.02518e-05
5.02516e-05
5.02513e-05
5.02511e-05
5.02508e-05
5.02506e-05
5.02503e-05
5.025e-05
5.02498e-05
5.02495e-05
5.02493e-05
5.0249e-05
5.02488e-05
5.02485e-05
5.02483e-05
5.0248e-05
5.02478e-05
5.02475e-05
5.02473e-05
5.0247e-05
5.02468e-05
5.02465e-05
5.02463e-05
5.0246e-05
5.02458e-05
5.02455e-05
5.02453e-05
5.0245e-05
5.02448e-05
5.02445e-05
5.02443e-05
5.0244e-05
5.02438e-05
5.02435e-05
5.02433e-05
5.0243e-05
5.02428e-05
5.02425e-05
5.02423e-05
5.0242e-05
5.02418e-05
5.02415e-05
5.02413e-05
5.02411e-05
5.02408e-05
5.02406e-05
5.02403e-05
5.02401e-05
5.02398e-05
5.02396e-05
5.02393e-05
5.02391e-05
5.02389e-05
5.02386e-05
5.02384e-05
5.02381e-05
5.02379e-05
5.02376e-05
5.02374e-05
5.02372e-05
5.02369e-05
5.02367e-05
5.02364e-05
5.02362e-05
5.0236e-05
5.02357e-05
5.02355e-05
5.02352e-05
5.0235e-05
5.02348e-05
5.02345e-05
5.02343e-05
5.0234e-05
5.02338e-05
5.02336e-05
5.02333e-05
5.02331e-05
5.02329e-05
5.02326e-05
5.02324e-05
5.02321e-05
5.02319e-05
5.02317e-05
5.02314e-05
5.02312e-05
5.0231e-05
5.02307e-05
5.02305e-05
5.02303e-05
5.023e-05
5.02298e-05
5.02296e-05
5.02293e-05
5.02291e-05
5.02289e-05
5.02286e-05
5.02284e-05
5.02282e-05
5.02279e-05
5.02277e-05
5.02275e-05
5.02272e-05
5.0227e-05
5.02268e-05
5.02266e-05
5.02263e-05
5.02261e-05
5.02259e-05
5.02256e-05
5.02254e-05
5.02252e-05
5.02249e-05
5.02247e-05
5.02245e-05
5.02243e-05
5.0224e-05
5.02238e-05
5.02236e-05
5.02234e-05
5.02231e-05
5.02229e-05
5.02227e-05
5.02224e-05
5.02222e-05
5.0222e-05
5.02218e-05
5.02215e-05
5.02213e-05
5.02211e-05
5.02209e-05
5.02206e-05
5.02204e-05
5.02202e-05
5.022e-05
5.02198e-05
5.02195e-05
5.02193e-05
5.02191e-05
5.02189e-05
5.02186e-05
5.02184e-05
5.02182e-05
5.0218e-05
5.02178e-05
5.02175e-05
5.02173e-05
5.02171e-05
5.02169e-05
5.02167e-05
5.02164e-05
5.02162e-05
5.0216e-05
5.02158e-05
5.02156e-05
5.02153e-05
5.02151e-05
5.02149e-05
5.02147e-05
5.02145e-05
5.02142e-05
5.0214e-05
5.02138e-05
5.02136e-05
5.02134e-05
5.02132e-05
5.02129e-05
5.02127e-05
5.02125e-05
5.02123e-05
5.02121e-05
5.02119e-05
5.02117e-05
5.02114e-05
5.02112e-05
5.0211e-05
5.02108e-05
5.02106e-05
5.02104e-05
5.02102e-05
5.02099e-05
5.02097e-05
5.02095e-05
5.02093e-05
5.02091e-05
5.02089e-05
5.02087e-05
5.02085e-05
5.02082e-05
5.0208e-05
5.02078e-05
5.02076e-05
5.02074e-05
5.02072e-05
5.0207e-05
5.02068e-05
5.02066e-05
5.02063e-05
5.02061e-05
5.02059e-05
5.02057e-05
5.02055e-05
5.02053e-05
5.02051e-05
5.02049e-05
5.02047e-05
5.02045e-05
5.02043e-05
5.02041e-05
5.02039e-05
5.02036e-05
5.02034e-05
5.02032e-05
5.0203e-05
5.02028e-05
5.02026e-05
5.02024e-05
5.02022e-05
5.0202e-05
5.02018e-05
5.02016e-05
5.02014e-05
5.02012e-05
5.0201e-05
5.02008e-05
5.02006e-05
5.02004e-05
5.02002e-05
5.02e-05
5.01998e-05
5.01996e-05
5.01994e-05
5.01992e-05
5.01989e-05
5.01987e-05
5.01985e-05
5.01983e-05
5.01981e-05
5.01979e-05
5.01977e-05
5.01975e-05
5.01973e-05
5.01971e-05
5.01969e-05
5.01967e-05
5.01965e-05
5.01963e-05
5.01961e-05
5.01959e-05
5.01957e-05
5.01955e-05
5.01954e-05
5.01952e-05
5.0195e-05
5.01948e-05
5.01946e-05
5.01944e-05
5.01942e-05
5.0194e-05
5.01938e-05
5.01936e-05
5.01934e-05
5.01932e-05
5.0193e-05
5.01928e-05
5.01926e-05
5.01924e-05
5.01922e-05
5.0192e-05
5.01918e-05
5.01916e-05
5.01914e-05
5.01912e-05
5.0191e-05
5.01908e-05
5.01907e-05
5.01905e-05
5.01903e-05
5.01901e-05
5.01899e-05
5.01897e-05
5.01895e-05
5.01893e-05
5.01891e-05
5.01889e-05
5.01887e-05
5.01885e-05
5.01884e-05
5.01882e-05
5.0188e-05
5.01878e-05
5.01876e-05
5.01874e-05
5.01872e-05
5.0187e-05
5.01868e-05
5.01866e-05
5.01865e-05
5.01863e-05
5.01861e-05
5.01859e-05
5.01857e-05
5.01855e-05
5.01853e-05
5.01851e-05
5.01849e-05
5.01848e-05
5.01846e-05
5.01844e-05
5.01842e-05
5.0184e-05
5.01838e-05
5.01836e-05
5.01835e-05
5.01833e-05
5.01831e-05
5.01829e-05
5.01827e-05
5.01825e-05
5.01823e-05
5.01822e-05
5.0182e-05
5.01818e-05
5.01816e-05
5.01814e-05
5.01812e-05
5.01811e-05
5.01809e-05
5.01807e-05
5.01805e-05
5.01803e-05
5.01801e-05
5.018e-05
5.01798e-05
5.01796e-05
5.01794e-05
5.01792e-05
5.0179e-05
5.01789e-05
5.01787e-05
5.01785e-05
5.01783e-05
5.01781e-05
5.0178e-05
5.01778e-05
5.01776e-05
5.01774e-05
5.01772e-05
5.01771e-05
5.01769e-05
5.01767e-05
5.01765e-05
5.01763e-05
5.01762e-05
5.0176e-05
5.01758e-05
5.01756e-05
5.01755e-05
5.01753e-05
5.01751e-05
5.01749e-05
5.01748e-05
5.01746e-05
5.01744e-05
5.01742e-05
5.0174e-05
5.01739e-05
5.01737e-05
5.01735e-05
5.01733e-05
5.01732e-05
5.0173e-05
5.01728e-05
5.01726e-05
5.01725e-05
5.01723e-05
5.01721e-05
5.01719e-05
5.01718e-05
5.01716e-05
5.01714e-05
5.01712e-05
5.01711e-05
5.01709e-05
5.01707e-05
5.01706e-05
5.01704e-05
5.01702e-05
5.017e-05
5.01699e-05
5.01697e-05
5.01695e-05
5.01694e-05
5.01692e-05
5.0169e-05
5.01688e-05
5.01687e-05
5.01685e-05
5.01683e-05
5.01682e-05
5.0168e-05
5.01678e-05
5.01676e-05
5.01675e-05
5.01673e-05
5.01671e-05
5.0167e-05
5.01668e-05
5.01666e-05
5.01665e-05
5.01663e-05
5.01661e-05
5.0166e-05
5.01658e-05
5.01656e-05
5.01655e-05
5.01653e-05
5.01651e-05
5.0165e-05
5.01648e-05
5.01646e-05
5.01645e-05
5.01643e-05
5.01641e-05
5.0164e-05
5.01638e-05
5.01636e-05
5.01635e-05
5.01633e-05
5.01631e-05
5.0163e-05
5.01628e-05
5.01626e-05
5.01625e-05
5.01623e-05
5.01621e-05
5.0162e-05
5.01618e-05
5.01617e-05
5.01615e-05
5.01613e-05
5.01612e-05
5.0161e-05
5.01608e-05
5.01607e-05
5.01605e-05
5.01604e-05
5.01602e-05
5.016e-05
5.01599e-05
5.01597e-05
5.01595e-05
5.01594e-05
5.01592e-05
5.01591e-05
5.01589e-05
5.01587e-05
5.01586e-05
5.01584e-05
5.01583e-05
5.01581e-05
5.01579e-05
5.01578e-05
5.01576e-05
5.01575e-05
5.01573e-05
5.01571e-05
5.0157e-05
5.01568e-05
5.01567e-05
5.01565e-05
5.01563e-05
5.01562e-05
5.0156e-05
5.01559e-05
5.01557e-05
5.01556e-05
5.01554e-05
5.01552e-05
5.01551e-05
5.01549e-05
5.01548e-05
5.01546e-05
5.01545e-05
5.01543e-05
5.01542e-05
5.0154e-05
5.01538e-05
5.01537e-05
5.01535e-05
5.01534e-05
5.01532e-05
5.01531e-05
5.01529e-05
5.01528e-05
5.01526e-05
5.01524e-05
5.01523e-05
5.01521e-05
5.0152e-05
5.01518e-05
5.01517e-05
5.01515e-05
5.01514e-05
5.01512e-05
5.01511e-05
5.01509e-05
5.01508e-05
5.01506e-05
5.01505e-05
5.01503e-05
5.01502e-05
5.015e-05
5.01499e-05
5.01497e-05
5.01496e-05
5.01494e-05
5.01492e-05
5.01491e-05
5.01489e-05
5.01488e-05
5.01486e-05
5.01485e-05
5.01483e-05
5.01482e-05
5.0148e-05
5.01479e-05
5.01477e-05
5.01476e-05
5.01475e-05
5.01473e-05
5.01472e-05
5.0147e-05
5.01469e-05
5.01467e-05
5.01466e-05
5.01464e-05
5.01463e-05
5.01461e-05
5.0146e-05
5.01458e-05
5.01457e-05
5.01455e-05
5.01454e-05
5.01452e-05
5.01451e-05
5.01449e-05
5.01448e-05
5.01446e-05
5.01445e-05
5.01444e-05
5.01442e-05
5.01441e-05
5.01439e-05
5.01438e-05
5.01436e-05
5.01435e-05
5.01433e-05
5.01432e-05
5.01431e-05
5.01429e-05
5.01428e-05
5.01426e-05
5.01425e-05
5.01423e-05
5.01422e-05
5.0142e-05
5.01419e-05
5.01418e-05
5.01416e-05
5.01415e-05
5.01413e-05
5.01412e-05
5.0141e-05
5.01409e-05
5.01408e-05
5.01406e-05
5.01405e-05
5.01403e-05
5.01402e-05
5.014e-05
5.01399e-05
5.01398e-05
5.01396e-05
5.01395e-05
5.01393e-05
5.01392e-05
5.01391e-05
5.01389e-05
5.01388e-05
5.01386e-05
5.01385e-05
5.01384e-05
5.01382e-05
5.01381e-05
5.01379e-05
5.01378e-05
5.01377e-05
5.01375e-05
5.01374e-05
5.01373e-05
5.01371e-05
5.0137e-05
5.01368e-05
5.01367e-05
5.01366e-05
5.01364e-05
5.01363e-05
5.01361e-05
5.0136e-05
5.01359e-05
5.01357e-05
5.01356e-05
5.01355e-05
5.01353e-05
5.01352e-05
5.01351e-05
5.01349e-05
5.01348e-05
5.01346e-05
5.01345e-05
5.01344e-05
5.01342e-05
5.01341e-05
5.0134e-05
5.01338e-05
5.01337e-05
5.01336e-05
5.01334e-05
5.01333e-05
5.01332e-05
5.0133e-05
5.01329e-05
5.01328e-05
5.01326e-05
5.01325e-05
5.01324e-05
5.01322e-05
5.01321e-05
5.0132e-05
5.01318e-05
5.01317e-05
5.01316e-05
5.01314e-05
5.01313e-05
5.01312e-05
5.0131e-05
5.01309e-05
5.01308e-05
5.01306e-05
5.01305e-05
5.01304e-05
5.01302e-05
5.01301e-05
5.013e-05
5.01298e-05
5.01297e-05
5.01296e-05
5.01295e-05
5.01293e-05
5.01292e-05
5.01291e-05
5.01289e-05
5.01288e-05
5.01287e-05
5.01285e-05
5.01284e-05
5.01283e-05
5.01282e-05
5.0128e-05
5.01279e-05
5.01278e-05
5.01276e-05
5.01275e-05
5.01274e-05
5.01273e-05
5.01271e-05
5.0127e-05
5.01269e-05
5.01267e-05
5.01266e-05
5.01265e-05
5.01264e-05
5.01262e-05
5.01261e-05
5.0126e-05
5.01258e-05
5.01257e-05
5.01256e-05
5.01255e-05
5.01253e-05
5.01252e-05
5.01251e-05
5.0125e-05
5.01248e-05
5.01247e-05
5.01246e-05
5.01245e-05
5.01243e-05
5.01242e-05
5.01241e-05
5.0124e-05
5.01238e-05
5.01237e-05
5.01236e-05
5.01235e-05
5.01233e-05
5.01232e-05
5.01231e-05
5.0123e-05
5.01228e-05
5.01227e-05
5.01226e-05
5.01225e-05
5.01223e-05
5.01222e-05
5.01221e-05
5.0122e-05
5.01219e-05
5.01217e-05
5.01216e-05
5.01215e-05
5.01214e-05
5.01212e-05
5.01211e-05
5.0121e-05
5.01209e-05
5.01208e-05
5.01206e-05
5.01205e-05
5.01204e-05
5.01203e-05
5.01201e-05
5.012e-05
5.01199e-05
5.01198e-05
5.01197e-05
5.01195e-05
5.01194e-05
5.01193e-05
5.01192e-05
5.01191e-05
5.01189e-05
5.01188e-05
5.01187e-05
5.01186e-05
5.01185e-05
5.01183e-05
5.01182e-05
5.01181e-05
5.0118e-05
5.01179e-05
5.01178e-05
5.01176e-05
5.01175e-05
5.01174e-05
5.01173e-05
5.01172e-05
5.0117e-05
5.01169e-05
5.01168e-05
5.01167e-05
5.01166e-05
5.01165e-05
5.01163e-05
5.01162e-05
5.01161e-05
5.0116e-05
5.01159e-05
5.01158e-05
5.01156e-05
5.01155e-05
5.01154e-05
5.01153e-05
5.01152e-05
5.01151e-05
5.01149e-05
5.01148e-05
5.01147e-05
5.01146e-05
5.01145e-05
5.01144e-05
5.01142e-05
5.01141e-05
5.0114e-05
5.01139e-05
5.01138e-05
5.01137e-05
5.01136e-05
5.01134e-05
5.01133e-05
5.01132e-05
5.01131e-05
5.0113e-05
5.01129e-05
5.01128e-05
5.01126e-05
5.01125e-05
5.01124e-05
5.01123e-05
5.01122e-05
5.01121e-05
5.0112e-05
5.01119e-05
5.01117e-05
5.01116e-05
5.01115e-05
5.01114e-05
5.01113e-05
5.01112e-05
5.01111e-05
5.0111e-05
5.01108e-05
5.01107e-05
5.01106e-05
5.01105e-05
5.01104e-05
5.01103e-05
5.01102e-05
5.01101e-05
5.011e-05
5.01098e-05
5.01097e-05
5.01096e-05
5.01095e-05
5.01094e-05
5.01093e-05
5.01092e-05
5.01091e-05
5.0109e-05
5.01089e-05
5.01087e-05
5.01086e-05
5.01085e-05
5.01084e-05
5.01083e-05
5.01082e-05
5.01081e-05
5.0108e-05
5.01079e-05
5.01078e-05
5.01077e-05
5.01076e-05
5.01074e-05
5.01073e-05
5.01072e-05
5.01071e-05
5.0107e-05
5.01069e-05
5.01068e-05
5.01067e-05
5.01066e-05
5.01065e-05
5.01064e-05
5.01063e-05
5.01062e-05
5.0106e-05
5.01059e-05
5.01058e-05
5.01057e-05
5.01056e-05
5.01055e-05
5.01054e-05
5.01053e-05
5.01052e-05
5.01051e-05
5.0105e-05
5.01049e-05
5.01048e-05
5.01047e-05
5.01046e-05
5.01045e-05
5.01044e-05
5.01042e-05
5.01041e-05
5.0104e-05
5.01039e-05
5.01038e-05
5.01037e-05
5.01036e-05
5.01035e-05
5.01034e-05
5.01033e-05
5.01032e-05
5.01031e-05
5.0103e-05
5.01029e-05
5.01028e-05
5.01027e-05
5.01026e-05
5.01025e-05
5.01024e-05
5.01023e-05
5.01022e-05
5.01021e-05
5.0102e-05
5.01019e-05
5.01018e-05
5.01017e-05
5.01016e-05
5.01015e-05
5.01014e-05
5.01013e-05
5.01012e-05
5.0101e-05
5.01009e-05
5.01008e-05
5.01007e-05
5.01006e-05
5.01005e-05
5.01004e-05
5.01003e-05
5.01002e-05
5.01001e-05
5.01e-05
5.00999e-05
5.00998e-05
5.00997e-05
5.00996e-05
5.00995e-05
5.00994e-05
5.00993e-05
5.00992e-05
5.00991e-05
5.0099e-05
5.00989e-05
5.00988e-05
5.00987e-05
5.00986e-05
5.00985e-05
5.00984e-05
5.00983e-05
5.00982e-05
5.00981e-05
5.0098e-05
5.00979e-05
5.00978e-05
5.00978e-05
5.00977e-05
5.00976e-05
5.00975e-05
5.00974e-05
5.00973e-05
5.00972e-05
5.00971e-05
5.0097e-05
5.00969e-05
5.00968e-05
5.00967e-05
5.00966e-05
5.00965e-05
5.00964e-05
5.00963e-05
5.00962e-05
5.00961e-05
5.0096e-05
5.00959e-05
5.00958e-05
5.00957e-05
5.00956e-05
5.00955e-05
5.00954e-05
5.00953e-05
5.00952e-05
5.00951e-05
5.0095e-05
5.00949e-05
5.00948e-05
5.00948e-05
5.00947e-05
5.00946e-05
5.00945e-05
5.00944e-05
5.00943e-05
5.00942e-05
5.00941e-05
5.0094e-05
5.00939e-05
5.00938e-05

