5e-05
5e-05
5e-05
5e-05
5e-05
5e-05
5e-05
5e-05
5e-05
5e-05
5e-05
5e-05
5e-05
5e-05
5e-05
5e-05
5e-05
5e-05
5e-05
5e-05
5e-05
5e-05
5e-05
5e-05
5e-05
5e-05
5e-05
5e-05
5e-05
5e-05
5e-05
5e-05
5e-05
5e-05
5e-05
5e-05
5e-05
5e-05
5e-05
5e-05
5e-05
5e-05
5e-05
5e-05
5e-05
5e-05
5e-05
5e-05
5e-05
5e-05
5e-05
5e-05
5e-05
5e-05
5e-05
5e-05
5e-05
5e-05
5e-05
5e-05
5e-05
5e-05
5e-05
5e-05
5e-05
5e-05
5e-05
5e-05
5e-05
5e-05
5e-05
5e-05
5e-05
5e-05
5e-05
5e-05
5e-05
5e-05
5e-05
5e-05
5e-05
5e-05
5e-05
5e-05
5e-05
5e-05
5e-05
5e-05
5e-05
5e-05
5e-05
5e-05
5e-05
5e-05
5e-05
5e-05
5e-05
5e-05
5e-05
5e-05
5e-05
5e-05
5e-05
5e-05
5e-05
5e-05
5e-05
5e-05
5e-05
5e-05
5e-05
5e-05
5e-05
5e-05
5e-05
5e-05
5e-05
5e-05
5e-05
5e-05
5e-05
5e-05
5e-05
5e-05
5e-05
5e-05
5e-05
5e-05
5e-05
5e-05
5e-05
5e-05
5e-05
5e-05
5e-05
5e-05
5e-05
5e-05
5e-05
5e-05
5e-05
5e-05
5e-05
5e-05
5e-05
5e-05
5e-05
5e-05
5e-05
5e-05
5e-05
5e-05
5e-05
5e-05
5e-05
5e-05
5e-05
5e-05
5e-05
5e-05
5e-05
5e-05
5e-05
5e-05
5e-05
5e-05
5e-05
5e-05
5e-05
5e-05
5e-05
5e-05
5e-05
5e-05
5e-05
5e-05
5e-05
5e-05
5e-05
5e-05
5e-05
5e-05
5e-05
5e-05
5e-05
5e-05
5e-05
5e-05
5e-05
5e-05
5e-05
5e-05
5e-05
5e-05
5e-05
5e-05
5e-05
5e-05
5e-05
5e-05
5e-05
5e-05
5e-05
5e-05
5e-05
5e-05
5e-05
5e-05
5e-05
5e-05
5e-05
5e-05
5e-05
5e-05
5e-05
5e-05
5e-05
5e-05
5e-05
5e-05
5e-05
5e-05
5e-05
5e-05
5e-05
5e-05
5e-05
5e-05
5e-05
5e-05
5e-05
5e-05
5e-05
5e-05
5e-05
5e-05
5e-05
5e-05
5e-05
5e-05
5e-05
5e-05
5e-05
5e-05
5e-05
5e-05
5e-05
5e-05
5e-05
5e-05
5e-05
5e-05
5e-05
5e-05
5e-05
5e-05
5e-05
5e-05
5e-05
5e-05
5e-05
5e-05
5e-05
5e-05
5e-05
5e-05
5e-05
5e-05
5e-05
5e-05
5e-05
5e-05
5e-05
5e-05
5e-05
5e-05
5e-05
5e-05
5e-05
5e-05
5e-05
5e-05
5e-05
5e-05
5e-05
5e-05
5e-05
5e-05
5e-05
5e-05
5e-05
5e-05
5e-05
5e-05
5e-05
5e-05
5e-05
5e-05
5e-05
5e-05
5e-05
5e-05
5e-05
5e-05
5e-05
5e-05
5e-05
5e-05
5e-05
5e-05
5e-05
5e-05
5e-05
5e-05
5e-05
5e-05
5e-05
5e-05
5e-05
5e-05
5e-05
5e-05
5e-05
5e-05
5e-05
5e-05
5e-05
5e-05
5e-05
5e-05
5e-05
5e-05
5e-05
5e-05
5e-05
5e-05
5e-05
5e-05
5e-05
5e-05
5e-05
5e-05
5e-05
5e-05
5e-05
5e-05
5e-05
5e-05
5e-05
5e-05
5e-05
5e-05
5e-05
5e-05
5e-05
5e-05
5e-05
5e-05
5e-05
5e-05
5e-05
5e-05
5e-05
5e-05
5e-05
5e-05
5e-05
5e-05
5e-05
5e-05
5e-05
5e-05
5e-05
5e-05
5e-05
5e-05
5e-05
5e-05
5e-05
5e-05
5e-05
5e-05
5e-05
5e-05
5e-05
5e-05
5e-05
5e-05
5e-05
5e-05
5e-05
5e-05
5e-05
5e-05
5e-05
5e-05
5e-05
5e-05
5e-05
5e-05
5e-05
5e-05
5e-05
5e-05
5e-05
5e-05
5e-05
5e-05
5e-05
5e-05
5e-05
5e-05
5e-05
5e-05
5e-05
5e-05
5e-05
5e-05
5e-05
5e-05
5e-05
5e-05
5e-05
5e-05
5e-05
5e-05
5e-05
5e-05
5e-05
5e-05
5e-05
5e-05
5e-05
5e-05
5e-05
5e-05
5e-05
5e-05
5e-05
5e-05
5e-05
5e-05
5e-05
5e-05
5e-05
5e-05
5e-05
5e-05
5e-05
5e-05
5e-05
5e-05
5e-05
5e-05
5e-05
5e-05
5e-05
5e-05
5e-05
5e-05
5e-05
5e-05
5e-05
5e-05
5e-05
5e-05
5e-05
5e-05
5e-05
5e-05
5e-05
5e-05
5e-05
5e-05
5e-05
5e-05
5e-05
5e-05
5e-05
5e-05
5e-05
5e-05
5e-05
5e-05
5e-05
5e-05
5e-05
5e-05
5e-05
5e-05
5e-05
5e-05
5e-05
5e-05
5e-05
5e-05
5e-05
5e-05
5e-05
5e-05
5e-05
5e-05
5e-05
5e-05
5e-05
5e-05
5e-05
5e-05
5e-05
5e-05
5e-05
5e-05
5e-05
5e-05
5e-05
5e-05
5e-05
5e-05
5e-05
5e-05
5e-05
5e-05
5e-05
5e-05
5e-05
5e-05
5e-05
5e-05
5e-05
5e-05
5e-05
5e-05
5e-05
5e-05
5e-05
5e-05
5e-05
5e-05
5e-05
5e-05
5e-05
5e-05
5e-05
5e-05
5e-05
5e-05
5e-05
5e-05
5e-05
5e-05
5e-05
5e-05
5e-05
5e-05
5e-05
5e-05
5e-05
5e-05
5e-05
5e-05
5e-05
5e-05
5e-05
5e-05
5e-05
5e-05
5e-05
5e-05
5e-05
5e-05
5e-05
5e-05
5e-05
5e-05
5e-05
5e-05
5e-05
5e-05
5e-05
5e-05
5e-05
5e-05
5e-05
5e-05
5e-05
5e-05
5e-05
5e-05
5e-05
5e-05
5e-05
5e-05
5e-05
5e-05
5e-05
5e-05
5e-05
5e-05
5e-05
5e-05
5e-05
5e-05
5e-05
5e-05
5e-05
5e-05
5e-05
5e-05
5e-05
5e-05
5e-05
5e-05
5e-05
5e-05
5e-05
5e-05
5e-05
5e-05
5e-05
5e-05
5e-05
5e-05
5e-05
5e-05
5e-05
5e-05
5e-05
5e-05
5e-05
5e-05
5e-05
5e-05
5e-05
5e-05
5e-05
5e-05
5e-05
5e-05
5e-05
5e-05
5e-05
5e-05
5e-05
5e-05
5e-05
5e-05
5e-05
5e-05
5e-05
5e-05
5e-05
5e-05
5e-05
5e-05
5e-05
5e-05
5e-05
5e-05
5e-05
5e-05
5e-05
5e-05
5e-05
5e-05
5e-05
5e-05
5e-05
5e-05
5e-05
5e-05
5e-05
5e-05
5e-05
5e-05
5e-05
5e-05
5e-05
5e-05
5e-05
5e-05
5e-05
5e-05
5e-05
5e-05
5e-05
5e-05
5e-05
5e-05
5e-05
5e-05
5e-05
5e-05
5e-05
5e-05
5e-05
5e-05
5e-05
5e-05
5e-05
5e-05
5e-05
5e-05
5e-05
5e-05
5e-05
5e-05
5e-05
5e-05
5e-05
5e-05
5e-05
5e-05
5e-05
5e-05
5e-05
5e-05
5e-05
5e-05
5e-05
5e-05
5e-05
5e-05
5e-05
5e-05
5e-05
5e-05
5e-05
5e-05
5e-05
5e-05
5e-05
5e-05
5e-05
5e-05
5e-05
5e-05
5e-05
5e-05
5e-05
5e-05
5e-05
5e-05
5e-05
5e-05
5e-05
5e-05
5e-05
5e-05
5e-05
5e-05
5e-05
5e-05
5e-05
5e-05
5e-05
5e-05
5e-05
5e-05
5e-05
5e-05
5e-05
5e-05
5e-05
5e-05
5e-05
5e-05
5e-05
5e-05
5e-05
5e-05
5e-05
5e-05
5e-05
5e-05
5e-05
5e-05
5e-05
5e-05
5e-05
5e-05
5e-05
5e-05
5e-05
5e-05
5e-05
5e-05
5e-05
5e-05
5e-05
5e-05
5e-05
5e-05
5e-05
5e-05
5e-05
5e-05
5e-05
5e-05
5e-05
5e-05
5e-05
5.00003e-05
5.00015e-05
5.00044e-05
5.00098e-05
5.00189e-05
5.00326e-05
5.00522e-05
5.00788e-05
5.01136e-05
5.01577e-05
5.02123e-05
5.02785e-05
5.03574e-05
5.045e-05
5.05572e-05
5.06799e-05
5.08191e-05
5.09754e-05
5.11497e-05
5.13425e-05
5.15546e-05
5.17863e-05
5.20384e-05
5.23111e-05
5.2605e-05
5.29202e-05
5.32572e-05
5.36161e-05
5.39972e-05
5.44005e-05
5.48263e-05
5.52746e-05
5.57455e-05
5.62389e-05
5.67548e-05
5.72933e-05
5.78541e-05
5.84372e-05
5.90425e-05
5.96699e-05
6.03191e-05
6.09899e-05
6.16822e-05
6.23958e-05
6.31304e-05
6.38857e-05
6.46615e-05
6.54576e-05
6.62735e-05
6.71092e-05
6.79642e-05
6.88383e-05
6.97311e-05
7.06424e-05
7.15717e-05
7.25189e-05
7.34836e-05
7.44654e-05
7.5464e-05
7.64791e-05
7.75103e-05
7.85574e-05
7.962e-05
8.06978e-05
8.17904e-05
8.28976e-05
8.40189e-05
8.51541e-05
8.63028e-05
8.74648e-05
8.86397e-05
8.98272e-05
9.1027e-05
9.22388e-05
9.34622e-05
9.46971e-05
9.5943e-05
9.71998e-05
9.84671e-05
9.97446e-05
0.000101032
0.000102328
0.000103631
0.000104942
0.000106257
0.000107576
0.000108898
0.000110221
0.000111544
0.000112865
0.000114183
0.000115496
0.000116804
0.000118105
0.000119397
0.00012068
0.000121953
0.000123215
0.000124464
0.0001257
0.000126922
0.00012813
0.000129322
0.000130498
0.000131657
0.000132799
0.000133924
0.000135031
0.000136119
0.000137189
0.000138239
0.000139271
0.000140283
0.000141276
0.000142249
0.000143202
0.000144135
0.000145049
0.000145943
0.000146817
0.000147671
0.000148505
0.00014932
0.000150115
0.000150891
0.000151648
0.000152385
0.000153104
0.000153804
0.000154485
0.000155148
0.000155792
0.000156419
0.000157028
0.000157619
0.000158193
0.00015875
0.000159291
0.000159814
0.000160322
0.000160813
0.000161289
0.000161749
0.000162194
0.000162623
0.000163038
0.000163439
0.000163825
0.000164197
0.000164556
0.000164901
0.000165233
0.000165552
0.000165858
0.000166152
0.000166433
0.000166703
0.000166961
0.000167207
0.000167442
0.000167666
0.00016788
0.000168083
0.000168275
0.000168457
0.00016863
0.000168793
0.000168946
0.00016909
0.000169226
0.000169352
0.00016947
0.000169579
0.00016968
0.000169773
0.000169858
0.000169936
0.000170006
0.000170069
0.000170125
0.000170173
0.000170215
0.00017025
0.000170279
0.000170302
0.000170318
0.000170329
0.000170333
0.000170332
0.000170325
0.000170313
0.000170296
0.000170274
0.000170246
0.000170214
0.000170177
0.000170135
0.000170089
0.000170038
0.000169984
0.000169925
0.000169862
0.000169795
0.000169724
0.00016965
0.000169572
0.00016949
0.000169406
0.000169317
0.000169226
0.000169131
0.000169034
0.000168933
0.00016883
0.000168724
0.000168615
0.000168504
0.00016839
0.000168273
0.000168154
0.000168033
0.00016791
0.000167785
0.000167657
0.000167527
0.000167396
0.000167262
0.000167127
0.00016699
0.000166851
0.00016671
0.000166568
0.000166425
0.00016628
0.000166133
0.000165985
0.000165836
0.000165685
0.000165533
0.00016538
0.000165226
0.00016507
0.000164914
0.000164757
0.000164598
0.000164439
0.000164279
0.000164118
0.000163956
0.000163793
0.000163629
0.000163465
0.0001633
0.000163135
0.000162968
0.000162802
0.000162634
0.000162466
0.000162298
0.000162129
0.00016196
0.00016179
0.00016162
0.000161449
0.000161278
0.000161107
0.000160936
0.000160764
0.000160592
0.00016042
0.000160247
0.000160075
0.000159902
0.000159729
0.000159556
0.000159382
0.000159209
0.000159036
0.000158862
0.000158689
0.000158515
0.000158342
0.000158168
0.000157995
0.000157821
0.000157648
0.000157474
0.000157301
0.000157128
0.000156954
0.000156781
0.000156608
0.000156436
0.000156263
0.000156091
0.000155918
0.000155746
0.000155574
0.000155402
0.000155231
0.000155059
0.000154888
0.000154717
0.000154547
0.000154376
0.000154206
0.000154036
0.000153866
0.000153697
0.000153528
0.000153359
0.00015319
0.000153022
0.000152854
0.000152687
0.000152519
0.000152352
0.000152186
0.000152019
0.000151853
0.000151688
0.000151522
0.000151357
0.000151193
0.000151029
0.000150865
0.000150701
0.000150538
0.000150375
0.000150213
0.000150051
0.000149889
0.000149728
0.000149567
0.000149407
0.000149246
0.000149087
0.000148927
0.000148769
0.00014861
0.000148452
0.000148294
0.000148137
0.00014798
0.000147824
0.000147668
0.000147512
0.000147357
0.000147202
0.000147047
0.000146893
0.00014674
0.000146587
0.000146434
0.000146282
0.00014613
0.000145978
0.000145827
0.000145677
0.000145526
0.000145377
0.000145227
0.000145078
0.00014493
0.000144782
0.000144634
0.000144487
0.00014434
0.000144194
0.000144048
0.000143902
0.000143757
0.000143612
0.000143468
0.000143324
0.000143181
0.000143038
0.000142895
0.000142753
0.000142611
0.00014247
0.000142329
0.000142189
0.000142048
0.000141909
0.00014177
0.000141631
0.000141492
0.000141354
0.000141217
0.00014108
0.000140943
0.000140807
0.000140671
0.000140535
0.0001404
0.000140265
0.000140131
0.000139997
0.000139864
0.000139731
0.000139598
0.000139466
0.000139334
0.000139202
0.000139071
0.000138941
0.00013881
0.000138681
0.000138551
0.000138422
0.000138293
0.000138165
0.000138037
0.00013791
0.000137783
0.000137656
0.000137529
0.000137403
0.000137278
0.000137153
0.000137028
0.000136903
0.000136779
0.000136656
0.000136532
0.000136409
0.000136287
0.000136164
0.000136043
0.000135921
0.0001358
0.000135679
0.000135559
0.000135439
0.000135319
0.0001352
0.000135081
0.000134962
0.000134844
0.000134726
0.000134609
0.000134492
0.000134375
0.000134258
0.000134142
0.000134026
0.000133911
0.000133796
0.000133681
0.000133567
0.000133453
0.000133339
0.000133226
0.000133113
0.000133
0.000132888
0.000132776
0.000132664
0.000132553
0.000132442
0.000132331
0.00013222
0.00013211
0.000132001
0.000131891
0.000131782
0.000131673
0.000131565
0.000131457
0.000131349
0.000131241
0.000131134
0.000131027
0.000130921
0.000130814
0.000130708
0.000130603
0.000130497
0.000130392
0.000130288
0.000130183
0.000130079
0.000129975
0.000129872
0.000129768
0.000129665
0.000129563
0.00012946
0.000129358
0.000129257
0.000129155
0.000129054
0.000128953
0.000128852
0.000128752
0.000128652
0.000128552
0.000128452
0.000128353
0.000128254
0.000128156
0.000128057
0.000127959
0.000127861
0.000127764
0.000127666
0.000127569
0.000127473
0.000127376
0.00012728
0.000127184
0.000127088
0.000126993
0.000126898
0.000126803
0.000126708
0.000126614
0.000126519
0.000126426
0.000126332
0.000126239
0.000126145
0.000126053
0.00012596
0.000125868
0.000125775
0.000125684
0.000125592
0.000125501
0.000125409
0.000125319
0.000125228
0.000125138
0.000125047
0.000124957
0.000124868
0.000124778
0.000124689
0.0001246
0.000124511
0.000124423
0.000124335
0.000124247
0.000124159
0.000124071
0.000123984
0.000123897
0.00012381
0.000123723
0.000123637
0.000123551
0.000123465
0.000123379
0.000123293
0.000123208
0.000123123
0.000123038
0.000122953
0.000122869
0.000122785
0.000122701
0.000122617
0.000122533
0.00012245
0.000122367
0.000122284
0.000122201
0.000122118
0.000122036
0.000121954
0.000121872
0.00012179
0.000121709
0.000121628
0.000121546
0.000121466
0.000121385
0.000121304
0.000121224
0.000121144
0.000121064
0.000120984
0.000120905
0.000120826
0.000120746
0.000120668
0.000120589
0.00012051
0.000120432
0.000120354
0.000120276
0.000120198
0.00012012
0.000120043
0.000119966
0.000119889
0.000119812
0.000119735
0.000119659
0.000119583
0.000119507
0.000119431
0.000119355
0.000119279
0.000119204
0.000119129
0.000119054
0.000118979
0.000118904
0.00011883
0.000118756
0.000118681
0.000118607
0.000118534
0.00011846
0.000118387
0.000118313
0.00011824
0.000118167
0.000118095
0.000118022
0.00011795
0.000117877
0.000117805
0.000117733
0.000117662
0.00011759
0.000117519
0.000117447
0.000117376
0.000117305
0.000117235
0.000117164
0.000117094
0.000117023
0.000116953
0.000116883
0.000116813
0.000116744
0.000116674
0.000116605
0.000116536
0.000116467
0.000116398
0.000116329
0.000116261
0.000116192
0.000116124
0.000116056
0.000115988
0.00011592
0.000115852
0.000115785
0.000115718
0.00011565
0.000115583
0.000115516
0.00011545
0.000115383
0.000115317
0.00011525
0.000115184
0.000115118
0.000115052
0.000114986
0.000114921
0.000114855
0.00011479
0.000114725
0.00011466
0.000114595
0.00011453
0.000114466
0.000114401
0.000114337
0.000114272
0.000114208
0.000114144
0.000114081
0.000114017
0.000113953
0.00011389
0.000113827
0.000113764
0.000113701
0.000113638
0.000113575
0.000113513
0.00011345
0.000113388
0.000113326
0.000113264
0.000113202
0.00011314
0.000113078
0.000113017
0.000112955
0.000112894
0.000112833
0.000112772
0.000112711
0.00011265
0.000112589
0.000112529
0.000112468
0.000112408
0.000112348
0.000112288
0.000112228
0.000112168
0.000112108
0.000112049
0.000111989
0.00011193
0.000111871
0.000111812
0.000111753
0.000111694
0.000111635
0.000111576
0.000111518
0.00011146
0.000111401
0.000111343
0.000111285
0.000111227
0.000111169
0.000111112
0.000111054
0.000110997
0.000110939
0.000110882
0.000110825
0.000110768
0.000110711
0.000110654
0.000110598
0.000110541
0.000110485
0.000110428
0.000110372
0.000110316
0.00011026
0.000110204
0.000110148
0.000110093
0.000110037
0.000109982
0.000109926
0.000109871
0.000109816
0.000109761
0.000109706
0.000109651
0.000109596
0.000109542
0.000109487
0.000109433
0.000109378
0.000109324
0.00010927
0.000109216
0.000109162
0.000109108
0.000109055
0.000109001
0.000108948
0.000108894
0.000108841
0.000108788
0.000108735
0.000108682
0.000108629
0.000108576
0.000108523
0.000108471
0.000108418
0.000108366
0.000108313
0.000108261
0.000108209
0.000108157
0.000108105
0.000108053
0.000108002
0.00010795
0.000107898
0.000107847
0.000107796
0.000107744
0.000107693
0.000107642
0.000107591
0.00010754
0.000107489
0.000107439
0.000107388
0.000107338
0.000107287
0.000107237
0.000107186
0.000107136
0.000107086
0.000107036
0.000106986
0.000106937
0.000106887
0.000106837
0.000106788
0.000106738
0.000106689
0.00010664
0.00010659
0.000106541
0.000106492
0.000106443
0.000106395
0.000106346
0.000106297
0.000106249
0.0001062
0.000106152
0.000106103
0.000106055
0.000106007
0.000105959
0.000105911
0.000105863
0.000105815
0.000105767
0.00010572
0.000105672
0.000105625
0.000105577
0.00010553
0.000105483
0.000105436
0.000105388
0.000105341
0.000105295
0.000105248
0.000105201
0.000105154
0.000105108
0.000105061
0.000105015
0.000104968
0.000104922
0.000104876
0.00010483
0.000104784
0.000104738
0.000104692
0.000104646
0.0001046
0.000104555
0.000104509
0.000104463
0.000104418
0.000104373
0.000104327
0.000104282
0.000104237
0.000104192
0.000104147
0.000104102
0.000104057
0.000104013
0.000103968
0.000103923
0.000103879
0.000103834
0.00010379
0.000103746
0.000103701
0.000103657
0.000103613
0.000103569
0.000103525
0.000103481
0.000103437
0.000103394
0.00010335
0.000103306
0.000103263
0.000103219
0.000103176
0.000103133
0.000103089
0.000103046
0.000103003
0.00010296
0.000102917
0.000102874
0.000102831
0.000102789
0.000102746
0.000102703
0.000102661
0.000102618
0.000102576
0.000102534
0.000102491
0.000102449
0.000102407
0.000102365
0.000102323
0.000102281
0.000102239
0.000102197
0.000102155
0.000102114
0.000102072
0.000102031
0.000101989
0.000101948
0.000101906
0.000101865
0.000101824
0.000101783
0.000101742
0.000101701
0.00010166
0.000101619
0.000101578
0.000101537
0.000101496
0.000101456
0.000101415
0.000101375
0.000101334
0.000101294
0.000101253
0.000101213
0.000101173
0.000101133
0.000101093
0.000101053
0.000101013
0.000100973
0.000100933
0.000100893
0.000100853
0.000100814
0.000100774
0.000100735
0.000100695
0.000100656
0.000100616
0.000100577
0.000100538
0.000100499
0.000100459
0.00010042
0.000100381
0.000100342
0.000100304
0.000100265
0.000100226
0.000100187
0.000100149
0.00010011
0.000100071
0.000100033
9.99945e-05
9.99561e-05
9.99178e-05
9.98795e-05
9.98413e-05
9.98032e-05
9.97651e-05
9.97271e-05
9.96891e-05
9.96512e-05
9.96133e-05
9.95755e-05
9.95378e-05
9.95001e-05
9.94624e-05
9.94249e-05
9.93873e-05
9.93499e-05
9.93124e-05
9.92751e-05
9.92378e-05
9.92005e-05
9.91633e-05
9.91262e-05
9.90891e-05
9.9052e-05
9.9015e-05
9.89781e-05
9.89412e-05
9.89044e-05
9.88676e-05
9.88309e-05
9.87943e-05
9.87576e-05
9.87211e-05
9.86846e-05
9.86481e-05
9.86117e-05
9.85754e-05
9.85391e-05
9.85028e-05
9.84666e-05
9.84305e-05
9.83944e-05
9.83584e-05
9.83224e-05
9.82864e-05
9.82505e-05
9.82147e-05
9.81789e-05
9.81432e-05
9.81075e-05
9.80719e-05
9.80363e-05
9.80008e-05
9.79653e-05
9.79298e-05
9.78945e-05
9.78591e-05
9.78238e-05
9.77886e-05
9.77534e-05
9.77183e-05
9.76832e-05
9.76482e-05
9.76132e-05
9.75782e-05
9.75434e-05
9.75085e-05
9.74737e-05
9.7439e-05
9.74043e-05
9.73696e-05
9.7335e-05
9.73005e-05
9.7266e-05
9.72315e-05
9.71971e-05
9.71627e-05
9.71284e-05
9.70942e-05
9.70599e-05
9.70258e-05
9.69916e-05
9.69576e-05
9.69235e-05
9.68895e-05
9.68556e-05
9.68217e-05
9.67879e-05
9.67541e-05
9.67203e-05
9.66866e-05
9.66529e-05
9.66193e-05
9.65857e-05
9.65522e-05
9.65187e-05
9.64853e-05
9.64519e-05
9.64186e-05
9.63853e-05
9.6352e-05
9.63188e-05
9.62856e-05
9.62525e-05
9.62194e-05
9.61864e-05
9.61534e-05
9.61205e-05
9.60876e-05
9.60547e-05
9.60219e-05
9.59891e-05
9.59564e-05
9.59237e-05
9.58911e-05
9.58585e-05
9.58259e-05
9.57934e-05
9.5761e-05
9.57286e-05
9.56962e-05
9.56638e-05
9.56315e-05
9.55993e-05
9.55671e-05
9.55349e-05
9.55028e-05
9.54707e-05
9.54387e-05
9.54067e-05
9.53747e-05
9.53428e-05
9.5311e-05
9.52791e-05
9.52473e-05
9.52156e-05
9.51839e-05
9.51522e-05
9.51206e-05
9.5089e-05
9.50575e-05
9.5026e-05
9.49945e-05
9.49631e-05
9.49317e-05
9.49004e-05
9.48691e-05
9.48378e-05
9.48066e-05
9.47755e-05
9.47443e-05
9.47132e-05
9.46822e-05
9.46512e-05
9.46202e-05
9.45892e-05
9.45584e-05
9.45275e-05
9.44967e-05
9.44659e-05
9.44352e-05
9.44045e-05
9.43738e-05
9.43432e-05
9.43126e-05
9.42821e-05
9.42516e-05
9.42211e-05
9.41907e-05
9.41603e-05
9.41299e-05
9.40996e-05
9.40694e-05
9.40391e-05
9.40089e-05
9.39788e-05
9.39487e-05
9.39186e-05
9.38885e-05
9.38585e-05
9.38286e-05
9.37986e-05
9.37687e-05
9.37389e-05
9.37091e-05
9.36793e-05
9.36495e-05
9.36198e-05
9.35902e-05
9.35605e-05
9.35309e-05
9.35014e-05
9.34718e-05
9.34424e-05
9.34129e-05
9.33835e-05
9.33541e-05
9.33248e-05
9.32955e-05
9.32662e-05
9.3237e-05
9.32078e-05
9.31786e-05
9.31495e-05
9.31204e-05
9.30914e-05
9.30624e-05
9.30334e-05
9.30044e-05
9.29755e-05
9.29466e-05
9.29178e-05
9.2889e-05
9.28602e-05
9.28315e-05
9.28028e-05
9.27741e-05
9.27455e-05
9.27169e-05
9.26884e-05
9.26598e-05
9.26313e-05
9.26029e-05
9.25745e-05
9.25461e-05
9.25177e-05
9.24894e-05
9.24611e-05
9.24329e-05
9.24047e-05
9.23765e-05
9.23483e-05
9.23202e-05
9.22921e-05
9.22641e-05
9.22361e-05
9.22081e-05
9.21802e-05
9.21523e-05
9.21244e-05
9.20965e-05
9.20687e-05
9.20409e-05
9.20132e-05
9.19855e-05
9.19578e-05
9.19302e-05
9.19025e-05
9.1875e-05
9.18474e-05
9.18199e-05
9.17924e-05
9.1765e-05
9.17375e-05
9.17102e-05
9.16828e-05
9.16555e-05
9.16282e-05
9.16009e-05
9.15737e-05
9.15465e-05
9.15194e-05
9.14922e-05
9.14651e-05
9.14381e-05
9.1411e-05
9.1384e-05
9.13571e-05
9.13301e-05
9.13032e-05
9.12763e-05
9.12495e-05
9.12227e-05
9.11959e-05
9.11692e-05
9.11424e-05
9.11157e-05
9.10891e-05
9.10625e-05
9.10359e-05
9.10093e-05
9.09828e-05
9.09563e-05
9.09298e-05
9.09033e-05
9.08769e-05
9.08506e-05
9.08242e-05
9.07979e-05
9.07716e-05
9.07453e-05
9.07191e-05
9.06929e-05
9.06667e-05
9.06406e-05
9.06145e-05
9.05884e-05
9.05623e-05
9.05363e-05
9.05103e-05
9.04844e-05
9.04584e-05
9.04325e-05
9.04067e-05
9.03808e-05
9.0355e-05
9.03292e-05
9.03035e-05
9.02777e-05
9.0252e-05
9.02264e-05
9.02007e-05
9.01751e-05
9.01495e-05
9.0124e-05
9.00985e-05
9.0073e-05
9.00475e-05
9.00221e-05
8.99967e-05
8.99713e-05
8.99459e-05
8.99206e-05
8.98953e-05
8.987e-05
8.98448e-05
8.98196e-05
8.97944e-05
8.97692e-05
8.97441e-05
8.9719e-05
8.9694e-05
8.96689e-05
8.96439e-05
8.96189e-05
8.95939e-05
8.9569e-05
8.95441e-05
8.95192e-05
8.94944e-05
8.94696e-05
8.94448e-05
8.942e-05
8.93953e-05
8.93706e-05
8.93459e-05
8.93212e-05
8.92966e-05
8.9272e-05
8.92474e-05
8.92229e-05
8.91983e-05
8.91738e-05
8.91494e-05
8.91249e-05
8.91005e-05
8.90761e-05
8.90518e-05
8.90274e-05
8.90031e-05
8.89788e-05
8.89546e-05
8.89304e-05
8.89062e-05
8.8882e-05
8.88578e-05
8.88337e-05
8.88096e-05
8.87855e-05
8.87615e-05
8.87375e-05
8.87135e-05
8.86895e-05
8.86656e-05
8.86417e-05
8.86178e-05
8.85939e-05
8.85701e-05
8.85463e-05
8.85225e-05
8.84987e-05
8.8475e-05
8.84513e-05
8.84276e-05
8.84039e-05
8.83803e-05
8.83567e-05
8.83331e-05
8.83095e-05
8.8286e-05
8.82625e-05
8.8239e-05
8.82155e-05
8.81921e-05
8.81687e-05
8.81453e-05
8.8122e-05
8.80986e-05
8.80753e-05
8.8052e-05
8.80288e-05
8.80055e-05
8.79823e-05
8.79592e-05
8.7936e-05
8.79129e-05
8.78897e-05
8.78667e-05
8.78436e-05
8.78206e-05
8.77975e-05
8.77746e-05
8.77516e-05
8.77286e-05
8.77057e-05
8.76828e-05
8.766e-05
8.76371e-05
8.76143e-05
8.75915e-05
8.75687e-05
8.7546e-05
8.75232e-05
8.75005e-05
8.74779e-05
8.74552e-05
8.74326e-05
8.741e-05
8.73874e-05
8.73648e-05
8.73423e-05
8.73198e-05
8.72973e-05
8.72748e-05
8.72524e-05
8.72299e-05
8.72075e-05
8.71852e-05
8.71628e-05
8.71405e-05
8.71182e-05
8.70959e-05
8.70736e-05
8.70514e-05
8.70292e-05
8.7007e-05
8.69848e-05
8.69627e-05
8.69406e-05
8.69185e-05
8.68964e-05
8.68743e-05
8.68523e-05
8.68303e-05
8.68083e-05
8.67863e-05
8.67644e-05
8.67425e-05
8.67206e-05
8.66987e-05
8.66769e-05
8.6655e-05
8.66332e-05
8.66114e-05
8.65897e-05
8.65679e-05
8.65462e-05
8.65245e-05
8.65028e-05
8.64812e-05
8.64595e-05
8.64379e-05
8.64164e-05
8.63948e-05
8.63732e-05
8.63517e-05
8.63302e-05
8.63087e-05
8.62873e-05
8.62658e-05
8.62444e-05
8.6223e-05
8.62017e-05
8.61803e-05
8.6159e-05
8.61377e-05
8.61164e-05
8.60951e-05
8.60739e-05
8.60527e-05
8.60315e-05
8.60103e-05
8.59891e-05
8.5968e-05
8.59469e-05
8.59258e-05
8.59047e-05
8.58836e-05
8.58626e-05
8.58416e-05
8.58206e-05
8.57996e-05
8.57787e-05
8.57578e-05
8.57369e-05
8.5716e-05
8.56951e-05
8.56743e-05
8.56534e-05
8.56326e-05
8.56118e-05
8.55911e-05
8.55703e-05
8.55496e-05
8.55289e-05
8.55082e-05
8.54876e-05
8.54669e-05
8.54463e-05
8.54257e-05
8.54051e-05
8.53846e-05
8.5364e-05
8.53435e-05
8.5323e-05
8.53025e-05
8.52821e-05
8.52616e-05
8.52412e-05
8.52208e-05
8.52004e-05
8.51801e-05
8.51597e-05
8.51394e-05
8.51191e-05
8.50988e-05
8.50786e-05
8.50583e-05
8.50381e-05
8.50179e-05
8.49977e-05
8.49775e-05
8.49574e-05
8.49373e-05
8.49172e-05
8.48971e-05
8.4877e-05
8.4857e-05
8.48369e-05
8.48169e-05
8.47969e-05
8.4777e-05
8.4757e-05
8.47371e-05
8.47172e-05
8.46973e-05
8.46774e-05
8.46576e-05
8.46377e-05
8.46179e-05
8.45981e-05
8.45783e-05
8.45586e-05
8.45388e-05
8.45191e-05
8.44994e-05
8.44797e-05
8.446e-05
8.44404e-05
8.44208e-05
8.44012e-05
8.43816e-05
8.4362e-05
8.43424e-05
8.43229e-05
8.43034e-05
8.42839e-05
8.42644e-05
8.42449e-05
8.42255e-05
8.42061e-05
8.41867e-05
8.41673e-05
8.41479e-05
8.41286e-05
8.41092e-05
8.40899e-05
8.40706e-05
8.40513e-05
8.40321e-05
8.40128e-05
8.39936e-05
8.39744e-05
8.39552e-05
8.3936e-05
8.39169e-05
8.38978e-05
8.38786e-05
8.38595e-05
8.38405e-05
8.38214e-05
8.38024e-05
8.37833e-05
8.37643e-05
8.37453e-05
8.37264e-05
8.37074e-05
8.36885e-05
8.36695e-05
8.36506e-05
8.36318e-05
8.36129e-05
8.3594e-05
8.35752e-05
8.35564e-05
8.35376e-05
8.35188e-05
8.35e-05
8.34813e-05
8.34626e-05
8.34439e-05
8.34252e-05
8.34065e-05
8.33878e-05
8.33692e-05
8.33506e-05
8.33319e-05
8.33134e-05
8.32948e-05
8.32762e-05
8.32577e-05
8.32392e-05
8.32207e-05
8.32022e-05
8.31837e-05
8.31652e-05
8.31468e-05
8.31284e-05
8.311e-05
8.30916e-05
8.30732e-05
8.30549e-05
8.30365e-05
8.30182e-05
8.29999e-05
8.29816e-05
8.29634e-05
8.29451e-05
8.29269e-05
8.29086e-05
8.28904e-05
8.28722e-05
8.28541e-05
8.28359e-05
8.28178e-05
8.27997e-05
8.27816e-05
8.27635e-05
8.27454e-05
8.27273e-05
8.27093e-05
8.26913e-05
8.26733e-05
8.26553e-05
8.26373e-05
8.26194e-05
8.26014e-05
8.25835e-05
8.25656e-05
8.25477e-05
8.25298e-05
8.25119e-05
8.24941e-05
8.24763e-05
8.24585e-05
8.24407e-05
8.24229e-05
8.24051e-05
8.23874e-05
8.23696e-05
8.23519e-05
8.23342e-05
8.23165e-05
8.22989e-05
8.22812e-05
8.22636e-05
8.22459e-05
8.22283e-05
8.22107e-05
8.21932e-05
8.21756e-05
8.21581e-05
8.21405e-05
8.2123e-05
8.21055e-05
8.2088e-05
8.20706e-05
8.20531e-05
8.20357e-05
8.20183e-05
8.20009e-05
8.19835e-05
8.19661e-05
8.19487e-05
8.19314e-05
8.19141e-05
8.18967e-05
8.18794e-05
8.18622e-05
8.18449e-05
8.18276e-05
8.18104e-05
8.17932e-05
8.1776e-05
8.17588e-05
8.17416e-05
8.17244e-05
8.17073e-05
8.16902e-05
8.16731e-05
8.1656e-05
8.16389e-05
8.16218e-05
8.16047e-05
8.15877e-05
8.15707e-05
8.15537e-05
8.15367e-05
8.15197e-05
8.15027e-05
8.14858e-05
8.14688e-05
8.14519e-05
8.1435e-05
8.14181e-05
8.14012e-05
8.13844e-05
8.13675e-05
8.13507e-05
8.13339e-05
8.1317e-05
8.13003e-05
8.12835e-05
8.12667e-05
8.125e-05
8.12332e-05
8.12165e-05
8.11998e-05
8.11831e-05
8.11664e-05
8.11498e-05
8.11331e-05
8.11165e-05
8.10999e-05
8.10833e-05
8.10667e-05
8.10501e-05
8.10336e-05
8.1017e-05
8.10005e-05
8.0984e-05
8.09675e-05
8.0951e-05
8.09345e-05
8.0918e-05
8.09016e-05
8.08852e-05
8.08687e-05
8.08523e-05
8.08359e-05
8.08196e-05
8.08032e-05
8.07868e-05
8.07705e-05
8.07542e-05
8.07379e-05
8.07216e-05
8.07053e-05
8.0689e-05
8.06728e-05
8.06566e-05
8.06403e-05
8.06241e-05
8.06079e-05
8.05917e-05
8.05756e-05
8.05594e-05
8.05433e-05
8.05271e-05
8.0511e-05
8.04949e-05
8.04788e-05
8.04628e-05
8.04467e-05
8.04307e-05
8.04146e-05
8.03986e-05
8.03826e-05
8.03666e-05
8.03506e-05
8.03347e-05
8.03187e-05
8.03028e-05
8.02868e-05
8.02709e-05
8.0255e-05
8.02391e-05
8.02233e-05
8.02074e-05
8.01916e-05
8.01757e-05
8.01599e-05
8.01441e-05
8.01283e-05
8.01125e-05
8.00968e-05
8.0081e-05
8.00653e-05
8.00496e-05
8.00338e-05
8.00181e-05
8.00025e-05
7.99868e-05
7.99711e-05
7.99555e-05
7.99398e-05
7.99242e-05
7.99086e-05
7.9893e-05
7.98774e-05
7.98619e-05
7.98463e-05
7.98307e-05
7.98152e-05
7.97997e-05
7.97842e-05
7.97687e-05
7.97532e-05
7.97378e-05
7.97223e-05
7.97069e-05
7.96914e-05
7.9676e-05
7.96606e-05
7.96452e-05
7.96298e-05
7.96145e-05
7.95991e-05
7.95838e-05
7.95684e-05
7.95531e-05
7.95378e-05
7.95225e-05
7.95073e-05
7.9492e-05
7.94767e-05
7.94615e-05
7.94463e-05
7.94311e-05
7.94159e-05
7.94007e-05
7.93855e-05
7.93703e-05
7.93552e-05
7.934e-05
7.93249e-05
7.93098e-05
7.92947e-05
7.92796e-05
7.92645e-05
7.92494e-05
7.92344e-05
7.92194e-05
7.92043e-05
7.91893e-05
7.91743e-05
7.91593e-05
7.91443e-05
7.91294e-05
7.91144e-05
7.90995e-05
7.90845e-05
7.90696e-05
7.90547e-05
7.90398e-05
7.90249e-05
7.901e-05
7.89952e-05
7.89803e-05
7.89655e-05
7.89507e-05
7.89359e-05
7.89211e-05
7.89063e-05
7.88915e-05
7.88767e-05
7.8862e-05
7.88472e-05
7.88325e-05
7.88178e-05
7.88031e-05
7.87884e-05
7.87737e-05
7.8759e-05
7.87444e-05
7.87297e-05
7.87151e-05
7.87005e-05
7.86859e-05
7.86713e-05
7.86567e-05
7.86421e-05
7.86275e-05
7.8613e-05
7.85984e-05
7.85839e-05
7.85694e-05
7.85549e-05
7.85404e-05
7.85259e-05
7.85114e-05
7.8497e-05
7.84825e-05
7.84681e-05
7.84537e-05
7.84393e-05
7.84249e-05
7.84105e-05
7.83961e-05
7.83817e-05
7.83674e-05
7.8353e-05
7.83387e-05
7.83244e-05
7.831e-05
7.82957e-05
7.82815e-05
7.82672e-05
7.82529e-05
7.82387e-05
7.82244e-05
7.82102e-05
7.8196e-05
7.81818e-05
7.81676e-05
7.81534e-05
7.81392e-05
7.8125e-05
7.81109e-05
7.80967e-05
7.80826e-05
7.80685e-05
7.80544e-05
7.80403e-05
7.80262e-05
7.80121e-05
7.7998e-05
7.7984e-05
7.79699e-05
7.79559e-05
7.79419e-05
7.79279e-05
7.79139e-05
7.78999e-05
7.78859e-05
7.78719e-05
7.7858e-05
7.7844e-05
7.78301e-05
7.78162e-05
7.78023e-05
7.77884e-05
7.77745e-05
7.77606e-05
7.77467e-05
7.77329e-05
7.7719e-05
7.77052e-05
7.76914e-05
7.76776e-05
7.76637e-05
7.765e-05
7.76362e-05
7.76224e-05
7.76086e-05
7.75949e-05
7.75811e-05
7.75674e-05
7.75537e-05
7.754e-05
7.75263e-05
7.75126e-05
7.74989e-05
7.74853e-05
7.74716e-05
7.7458e-05
7.74443e-05
7.74307e-05
7.74171e-05
7.74035e-05
7.73899e-05
7.73763e-05
7.73627e-05
7.73492e-05
7.73356e-05
7.73221e-05
7.73086e-05
7.7295e-05
7.72815e-05
7.7268e-05
7.72546e-05
7.72411e-05
7.72276e-05
7.72141e-05
7.72007e-05
7.71873e-05
7.71738e-05
7.71604e-05
7.7147e-05
7.71336e-05
7.71202e-05
7.71069e-05
7.70935e-05
7.70801e-05
7.70668e-05
7.70535e-05
7.70401e-05
7.70268e-05
7.70135e-05
7.70002e-05
7.69869e-05
7.69737e-05
7.69604e-05
7.69472e-05
7.69339e-05
7.69207e-05
7.69075e-05
7.68942e-05
7.6881e-05
7.68679e-05
7.68547e-05
7.68415e-05
7.68283e-05
7.68152e-05
7.6802e-05
7.67889e-05
7.67758e-05
7.67627e-05
7.67496e-05
7.67365e-05
7.67234e-05
7.67103e-05
7.66973e-05
7.66842e-05
7.66712e-05
7.66581e-05
7.66451e-05
7.66321e-05
7.66191e-05
7.66061e-05
7.65931e-05
7.65801e-05
7.65672e-05
7.65542e-05
7.65413e-05
7.65283e-05
7.65154e-05
7.65025e-05
7.64896e-05
7.64767e-05
7.64638e-05
7.64509e-05
7.6438e-05
7.64252e-05
7.64123e-05
7.63995e-05
7.63867e-05
7.63738e-05
7.6361e-05
7.63482e-05
7.63354e-05
7.63226e-05
7.63099e-05
7.62971e-05
7.62844e-05
7.62716e-05
7.62589e-05
7.62462e-05
7.62334e-05
7.62207e-05
7.6208e-05
7.61953e-05
7.61827e-05
7.617e-05
7.61573e-05
7.61447e-05
7.61321e-05
7.61194e-05
7.61068e-05
7.60942e-05
7.60816e-05
7.6069e-05
7.60564e-05
7.60438e-05
7.60313e-05
7.60187e-05
7.60062e-05
7.59936e-05
7.59811e-05
7.59686e-05
7.59561e-05
7.59436e-05
7.59311e-05
7.59186e-05
7.59061e-05
7.58937e-05
7.58812e-05
7.58688e-05
7.58563e-05
7.58439e-05
7.58315e-05
7.58191e-05
7.58067e-05
7.57943e-05
7.57819e-05
7.57695e-05
7.57572e-05
7.57448e-05
7.57325e-05
7.57201e-05
7.57078e-05
7.56955e-05
7.56832e-05
7.56709e-05
7.56586e-05
7.56463e-05
7.5634e-05
7.56218e-05
7.56095e-05
7.55973e-05
7.5585e-05
7.55728e-05
7.55606e-05
7.55484e-05
7.55362e-05
7.5524e-05
7.55118e-05
7.54996e-05
7.54874e-05
7.54753e-05
7.54631e-05
7.5451e-05
7.54389e-05
7.54267e-05
7.54146e-05
7.54025e-05
7.53904e-05
7.53783e-05
7.53663e-05
7.53542e-05
7.53421e-05
7.53301e-05
7.5318e-05
7.5306e-05
7.5294e-05
7.5282e-05
7.527e-05
7.5258e-05
7.5246e-05
7.5234e-05
7.5222e-05
7.521e-05
7.51981e-05
7.51861e-05
7.51742e-05
7.51623e-05
7.51504e-05
7.51384e-05
7.51265e-05
7.51146e-05
7.51028e-05
7.50909e-05
7.5079e-05
7.50671e-05
7.50553e-05
7.50434e-05
7.50316e-05
7.50198e-05
7.5008e-05
7.49961e-05
7.49843e-05
7.49726e-05
7.49608e-05
7.4949e-05
7.49372e-05
7.49255e-05
7.49137e-05
7.4902e-05
7.48902e-05
7.48785e-05
7.48668e-05
7.48551e-05
7.48434e-05
7.48317e-05
7.482e-05
7.48083e-05
7.47967e-05
7.4785e-05
7.47733e-05
7.47617e-05
7.47501e-05
7.47384e-05
7.47268e-05
7.47152e-05
7.47036e-05
7.4692e-05
7.46804e-05
7.46689e-05
7.46573e-05
7.46457e-05
7.46342e-05
7.46226e-05
7.46111e-05
7.45996e-05
7.45881e-05
7.45765e-05
7.4565e-05
7.45535e-05
7.45421e-05
7.45306e-05
7.45191e-05
7.45076e-05
7.44962e-05
7.44847e-05
7.44733e-05
7.44619e-05
7.44505e-05
7.4439e-05
7.44276e-05
7.44162e-05
7.44048e-05
7.43935e-05
7.43821e-05
7.43707e-05
7.43594e-05
7.4348e-05
7.43367e-05
7.43253e-05
7.4314e-05
7.43027e-05
7.42914e-05
7.42801e-05
7.42688e-05
7.42575e-05
7.42462e-05
7.4235e-05
7.42237e-05
7.42124e-05
7.42012e-05
7.419e-05
7.41787e-05
7.41675e-05
7.41563e-05
7.41451e-05
7.41339e-05
7.41227e-05
7.41115e-05
7.41003e-05
7.40892e-05
7.4078e-05
7.40669e-05
7.40557e-05
7.40446e-05
7.40334e-05
7.40223e-05
7.40112e-05
7.40001e-05
7.3989e-05
7.39779e-05
7.39668e-05
7.39558e-05
7.39447e-05
7.39336e-05
7.39226e-05
7.39115e-05
7.39005e-05
7.38895e-05
7.38785e-05
7.38674e-05
7.38564e-05
7.38454e-05
7.38344e-05
7.38235e-05
7.38125e-05
7.38015e-05
7.37906e-05
7.37796e-05
7.37687e-05
7.37577e-05
7.37468e-05
7.37359e-05
7.3725e-05
7.37141e-05
7.37032e-05
7.36923e-05
7.36814e-05
7.36705e-05
7.36596e-05
7.36488e-05
7.36379e-05
7.36271e-05
7.36162e-05
7.36054e-05
7.35946e-05
7.35838e-05
7.35729e-05
7.35621e-05
7.35513e-05
7.35406e-05
7.35298e-05
7.3519e-05
7.35082e-05
7.34975e-05
7.34867e-05
7.3476e-05
7.34653e-05
7.34545e-05
7.34438e-05
7.34331e-05
7.34224e-05
7.34117e-05
7.3401e-05
7.33903e-05
7.33796e-05
7.3369e-05
7.33583e-05
7.33477e-05
7.3337e-05
7.33264e-05
7.33157e-05
7.33051e-05
7.32945e-05
7.32839e-05
7.32733e-05
7.32627e-05
7.32521e-05
7.32415e-05
7.32309e-05
7.32204e-05
7.32098e-05
7.31992e-05
7.31887e-05
7.31782e-05
7.31676e-05
7.31571e-05
7.31466e-05
7.31361e-05
7.31256e-05
7.31151e-05
7.31046e-05
7.30941e-05
7.30836e-05
7.30732e-05
7.30627e-05
7.30522e-05
7.30418e-05
7.30314e-05
7.30209e-05
7.30105e-05
7.30001e-05
7.29897e-05
7.29793e-05
7.29689e-05
7.29585e-05
7.29481e-05
7.29377e-05
7.29274e-05
7.2917e-05
7.29066e-05
7.28963e-05
7.2886e-05
7.28756e-05
7.28653e-05
7.2855e-05
7.28447e-05
7.28343e-05
7.28241e-05
7.28138e-05
7.28035e-05
7.27932e-05
7.27829e-05
7.27727e-05
7.27624e-05
7.27521e-05
7.27419e-05
7.27317e-05
7.27214e-05
7.27112e-05
7.2701e-05
7.26908e-05
7.26806e-05
7.26704e-05
7.26602e-05
7.265e-05
7.26398e-05
7.26297e-05
7.26195e-05
7.26094e-05
7.25992e-05
7.25891e-05
7.25789e-05
7.25688e-05
7.25587e-05
7.25486e-05
7.25385e-05
7.25284e-05
7.25183e-05
7.25082e-05
7.24981e-05
7.2488e-05
7.2478e-05
7.24679e-05
7.24578e-05
7.24478e-05
7.24378e-05
7.24277e-05
7.24177e-05
7.24077e-05
7.23977e-05
7.23877e-05
7.23777e-05
7.23677e-05
7.23577e-05
7.23477e-05
7.23377e-05
7.23278e-05
7.23178e-05
7.23078e-05
7.22979e-05
7.2288e-05
7.2278e-05
7.22681e-05
7.22582e-05
7.22483e-05
7.22383e-05
7.22284e-05
7.22186e-05
7.22087e-05
7.21988e-05
7.21889e-05
7.2179e-05
7.21692e-05
7.21593e-05
7.21495e-05
7.21396e-05
7.21298e-05
7.212e-05
7.21101e-05
7.21003e-05
7.20905e-05
7.20807e-05
7.20709e-05
7.20611e-05
7.20513e-05
7.20416e-05
7.20318e-05
7.2022e-05
7.20123e-05
7.20025e-05
7.19928e-05
7.1983e-05
7.19733e-05
7.19636e-05
7.19539e-05
7.19441e-05
7.19344e-05
7.19247e-05
7.1915e-05
7.19053e-05
7.18957e-05
7.1886e-05
7.18763e-05
7.18667e-05
7.1857e-05
7.18474e-05
7.18377e-05
7.18281e-05
7.18184e-05
7.18088e-05
7.17992e-05
7.17896e-05
7.178e-05
7.17704e-05
7.17608e-05
7.17512e-05
7.17416e-05
7.1732e-05
7.17225e-05
7.17129e-05
7.17034e-05
7.16938e-05
7.16843e-05
7.16747e-05
7.16652e-05
7.16557e-05
7.16461e-05
7.16366e-05
7.16271e-05
7.16176e-05
7.16081e-05
7.15986e-05
7.15892e-05
7.15797e-05
7.15702e-05
7.15608e-05
7.15513e-05
7.15419e-05
7.15324e-05
7.1523e-05
7.15135e-05
7.15041e-05
7.14947e-05
7.14853e-05
7.14759e-05
7.14665e-05
7.14571e-05
7.14477e-05
7.14383e-05
7.14289e-05
7.14195e-05
7.14102e-05
7.14008e-05
7.13915e-05
7.13821e-05
7.13728e-05
7.13634e-05
7.13541e-05
7.13448e-05
7.13355e-05
7.13262e-05
7.13169e-05
7.13076e-05
7.12983e-05
7.1289e-05
7.12797e-05
7.12704e-05
7.12612e-05
7.12519e-05
7.12426e-05
7.12334e-05
7.12241e-05
7.12149e-05
7.12057e-05
7.11964e-05
7.11872e-05
7.1178e-05
7.11688e-05
7.11596e-05
7.11504e-05
7.11412e-05
7.1132e-05
7.11228e-05
7.11137e-05
7.11045e-05
7.10953e-05
7.10862e-05
7.1077e-05
7.10679e-05
7.10587e-05
7.10496e-05
7.10405e-05
7.10313e-05
7.10222e-05
7.10131e-05
7.1004e-05
7.09949e-05
7.09858e-05
7.09767e-05
7.09677e-05
7.09586e-05
7.09495e-05
7.09404e-05
7.09314e-05
7.09223e-05
7.09133e-05
7.09042e-05
7.08952e-05
7.08862e-05
7.08772e-05
7.08681e-05
7.08591e-05
7.08501e-05
7.08411e-05
7.08321e-05
7.08231e-05
7.08142e-05
7.08052e-05
7.07962e-05
7.07872e-05
7.07783e-05
7.07693e-05
7.07604e-05
7.07514e-05
7.07425e-05
7.07336e-05
7.07246e-05
7.07157e-05
7.07068e-05
7.06979e-05
7.0689e-05
7.06801e-05
7.06712e-05
7.06623e-05
7.06534e-05
7.06446e-05
7.06357e-05
7.06268e-05
7.0618e-05
7.06091e-05
7.06003e-05
7.05914e-05
7.05826e-05
7.05738e-05
7.05649e-05
7.05561e-05
7.05473e-05
7.05385e-05
7.05297e-05
7.05209e-05
7.05121e-05
7.05033e-05
7.04945e-05
7.04858e-05
7.0477e-05
7.04682e-05
7.04595e-05
7.04507e-05
7.0442e-05
7.04332e-05
7.04245e-05
7.04157e-05
7.0407e-05
7.03983e-05
7.03896e-05
7.03809e-05
7.03722e-05
7.03635e-05
7.03548e-05
7.03461e-05
7.03374e-05
7.03287e-05
7.03201e-05
7.03114e-05
7.03027e-05
7.02941e-05
7.02854e-05
7.02768e-05
7.02681e-05
7.02595e-05
7.02509e-05
7.02423e-05
7.02336e-05
7.0225e-05
7.02164e-05
7.02078e-05
7.01992e-05
7.01906e-05
7.01821e-05
7.01735e-05
7.01649e-05
7.01563e-05
7.01478e-05
7.01392e-05
7.01307e-05
7.01221e-05
7.01136e-05
7.0105e-05
7.00965e-05
7.0088e-05
7.00795e-05
7.00709e-05
7.00624e-05
7.00539e-05
7.00454e-05
7.00369e-05
7.00284e-05
7.002e-05
7.00115e-05
7.0003e-05
6.99945e-05
6.99861e-05
6.99776e-05
6.99692e-05
6.99607e-05
6.99523e-05
6.99438e-05
6.99354e-05
6.9927e-05
6.99186e-05
6.99101e-05
6.99017e-05
6.98933e-05
6.98849e-05
6.98765e-05
6.98681e-05
6.98598e-05
6.98514e-05
6.9843e-05
6.98346e-05
6.98263e-05
6.98179e-05
6.98096e-05
6.98012e-05
6.97929e-05
6.97845e-05
6.97762e-05
6.97679e-05
6.97595e-05
6.97512e-05
6.97429e-05
6.97346e-05
6.97263e-05
6.9718e-05
6.97097e-05
6.97014e-05
6.96931e-05
6.96849e-05
6.96766e-05
6.96683e-05
6.96601e-05
6.96518e-05
6.96436e-05
6.96353e-05
6.96271e-05
6.96188e-05
6.96106e-05
6.96024e-05
6.95942e-05
6.95859e-05
6.95777e-05
6.95695e-05
6.95613e-05
6.95531e-05
6.95449e-05
6.95368e-05
6.95286e-05
6.95204e-05
6.95122e-05
6.95041e-05
6.94959e-05
6.94877e-05
6.94796e-05
6.94715e-05
6.94633e-05
6.94552e-05
6.9447e-05
6.94389e-05
6.94308e-05
6.94227e-05
6.94146e-05
6.94065e-05
6.93984e-05
6.93903e-05
6.93822e-05
6.93741e-05
6.9366e-05
6.93579e-05
6.93499e-05
6.93418e-05
6.93337e-05
6.93257e-05
6.93176e-05
6.93096e-05
6.93015e-05
6.92935e-05
6.92855e-05
6.92774e-05
6.92694e-05
6.92614e-05
6.92534e-05
6.92454e-05
6.92374e-05
6.92294e-05
6.92214e-05
6.92134e-05
6.92054e-05
6.91974e-05
6.91895e-05
6.91815e-05
6.91735e-05
6.91656e-05
6.91576e-05
6.91497e-05
6.91417e-05
6.91338e-05
6.91258e-05
6.91179e-05
6.911e-05
6.91021e-05
6.90941e-05
6.90862e-05
6.90783e-05
6.90704e-05
6.90625e-05
6.90546e-05
6.90467e-05
6.90389e-05
6.9031e-05
6.90231e-05
6.90152e-05
6.90074e-05
6.89995e-05
6.89917e-05
6.89838e-05
6.8976e-05
6.89681e-05
6.89603e-05
6.89525e-05
6.89446e-05
6.89368e-05
6.8929e-05
6.89212e-05
6.89134e-05
6.89056e-05
6.88978e-05
6.889e-05
6.88822e-05
6.88744e-05
6.88666e-05
6.88589e-05
6.88511e-05
6.88433e-05
6.88356e-05
6.88278e-05
6.88201e-05
6.88123e-05
6.88046e-05
6.87968e-05
6.87891e-05
6.87814e-05
6.87736e-05
6.87659e-05
6.87582e-05
6.87505e-05
6.87428e-05
6.87351e-05
6.87274e-05
6.87197e-05
6.8712e-05
6.87043e-05
6.86967e-05
6.8689e-05
6.86813e-05
6.86737e-05
6.8666e-05
6.86583e-05
6.86507e-05
6.86431e-05
6.86354e-05
6.86278e-05
6.86201e-05
6.86125e-05
6.86049e-05
6.85973e-05
6.85897e-05
6.85821e-05
6.85745e-05
6.85669e-05
6.85593e-05
6.85517e-05
6.85441e-05
6.85365e-05
6.85289e-05
6.85213e-05
6.85138e-05
6.85062e-05
6.84987e-05
6.84911e-05
6.84836e-05
6.8476e-05
6.84685e-05
6.84609e-05
6.84534e-05
6.84459e-05
6.84383e-05
6.84308e-05
6.84233e-05
6.84158e-05
6.84083e-05
6.84008e-05
6.83933e-05
6.83858e-05
6.83783e-05
6.83708e-05
6.83634e-05
6.83559e-05
6.83484e-05
6.83409e-05
6.83335e-05
6.8326e-05
6.83186e-05
6.83111e-05
6.83037e-05
6.82962e-05
6.82888e-05
6.82814e-05
6.8274e-05
6.82665e-05
6.82591e-05
6.82517e-05
6.82443e-05
6.82369e-05
6.82295e-05
6.82221e-05
6.82147e-05
6.82073e-05
6.81999e-05
6.81926e-05
6.81852e-05
6.81778e-05
6.81704e-05
6.81631e-05
6.81557e-05
6.81484e-05
6.8141e-05
6.81337e-05
6.81263e-05
6.8119e-05
6.81117e-05
6.81044e-05
6.8097e-05
6.80897e-05
6.80824e-05
6.80751e-05
6.80678e-05
6.80605e-05
6.80532e-05
6.80459e-05
6.80386e-05
6.80313e-05
6.8024e-05
6.80168e-05
6.80095e-05
6.80022e-05
6.7995e-05
6.79877e-05
6.79805e-05
6.79732e-05
6.7966e-05
6.79587e-05
6.79515e-05
6.79443e-05
6.7937e-05
6.79298e-05
6.79226e-05
6.79154e-05
6.79082e-05
6.79009e-05
6.78937e-05
6.78865e-05
6.78794e-05
6.78722e-05
6.7865e-05
6.78578e-05
6.78506e-05
6.78434e-05
6.78363e-05
6.78291e-05
6.78219e-05
6.78148e-05
6.78076e-05
6.78005e-05
6.77933e-05
6.77862e-05
6.77791e-05
6.77719e-05
6.77648e-05
6.77577e-05
6.77506e-05
6.77435e-05
6.77363e-05
6.77292e-05
6.77221e-05
6.7715e-05
6.77079e-05
6.77008e-05
6.76938e-05
6.76867e-05
6.76796e-05
6.76725e-05
6.76655e-05
6.76584e-05
6.76513e-05
6.76443e-05
6.76372e-05
6.76302e-05
6.76231e-05
6.76161e-05
6.7609e-05
6.7602e-05
6.7595e-05
6.7588e-05
6.75809e-05
6.75739e-05
6.75669e-05
6.75599e-05
6.75529e-05
6.75459e-05
6.75389e-05
6.75319e-05
6.75249e-05
6.75179e-05
6.75109e-05
6.7504e-05
6.7497e-05
6.749e-05
6.74831e-05
6.74761e-05
6.74691e-05
6.74622e-05
6.74552e-05
6.74483e-05
6.74414e-05
6.74344e-05
6.74275e-05
6.74206e-05
6.74136e-05
6.74067e-05
6.73998e-05
6.73929e-05
6.7386e-05
6.73791e-05
6.73722e-05
6.73653e-05
6.73584e-05
6.73515e-05
6.73446e-05
6.73377e-05
6.73308e-05
6.7324e-05
6.73171e-05
6.73102e-05
6.73034e-05
6.72965e-05
6.72897e-05
6.72828e-05
6.7276e-05
6.72691e-05
6.72623e-05
6.72555e-05
6.72486e-05
6.72418e-05
6.7235e-05
6.72282e-05
6.72213e-05
6.72145e-05
6.72077e-05
6.72009e-05
6.71941e-05
6.71873e-05
6.71805e-05
6.71738e-05
6.7167e-05
6.71602e-05
6.71534e-05
6.71466e-05
6.71399e-05
6.71331e-05
6.71264e-05
6.71196e-05
6.71128e-05
6.71061e-05
6.70994e-05
6.70926e-05
6.70859e-05
6.70791e-05
6.70724e-05
6.70657e-05
6.7059e-05
6.70522e-05
6.70455e-05
6.70388e-05
6.70321e-05
6.70254e-05
6.70187e-05
6.7012e-05
6.70053e-05
6.69986e-05
6.6992e-05
6.69853e-05
6.69786e-05
6.69719e-05
6.69653e-05
6.69586e-05
6.69519e-05
6.69453e-05
6.69386e-05
6.6932e-05
6.69253e-05
6.69187e-05
6.6912e-05
6.69054e-05
6.68988e-05
6.68922e-05
6.68855e-05
6.68789e-05
6.68723e-05
6.68657e-05
6.68591e-05
6.68525e-05
6.68459e-05
6.68393e-05
6.68327e-05
6.68261e-05
6.68195e-05
6.68129e-05
6.68063e-05
6.67998e-05
6.67932e-05
6.67866e-05
6.67801e-05
6.67735e-05
6.6767e-05
6.67604e-05
6.67539e-05
6.67473e-05
6.67408e-05
6.67342e-05
6.67277e-05
6.67212e-05
6.67146e-05
6.67081e-05
6.67016e-05
6.66951e-05
6.66886e-05
6.66821e-05
6.66756e-05
6.66691e-05
6.66626e-05
6.66561e-05
6.66496e-05
6.66431e-05
6.66366e-05
6.66301e-05
6.66236e-05
6.66172e-05
6.66107e-05
6.66042e-05
6.65978e-05
6.65913e-05
6.65849e-05
6.65784e-05
6.6572e-05
6.65655e-05
6.65591e-05
6.65527e-05
6.65462e-05
6.65398e-05
6.65334e-05
6.65269e-05
6.65205e-05
6.65141e-05
6.65077e-05
6.65013e-05
6.64949e-05
6.64885e-05
6.64821e-05
6.64757e-05
6.64693e-05
6.64629e-05
6.64565e-05
6.64502e-05
6.64438e-05
6.64374e-05
6.64311e-05
6.64247e-05
6.64183e-05
6.6412e-05
6.64056e-05
6.63993e-05
6.63929e-05
6.63866e-05
6.63802e-05
6.63739e-05
6.63676e-05
6.63612e-05
6.63549e-05
6.63486e-05
6.63423e-05
6.6336e-05
6.63297e-05
6.63233e-05
6.6317e-05
6.63107e-05
6.63044e-05
6.62981e-05
6.62919e-05
6.62856e-05
6.62793e-05
6.6273e-05
6.62667e-05
6.62605e-05
6.62542e-05
6.62479e-05
6.62417e-05
6.62354e-05
6.62291e-05
6.62229e-05
6.62166e-05
6.62104e-05
6.62042e-05
6.61979e-05
6.61917e-05
6.61855e-05
6.61792e-05
6.6173e-05
6.61668e-05
6.61606e-05
6.61544e-05
6.61481e-05
6.61419e-05
6.61357e-05
6.61295e-05
6.61233e-05
6.61171e-05
6.6111e-05
6.61048e-05
6.60986e-05
6.60924e-05
6.60862e-05
6.60801e-05
6.60739e-05
6.60677e-05
6.60616e-05
6.60554e-05
6.60492e-05
6.60431e-05
6.60369e-05
6.60308e-05
6.60246e-05
6.60185e-05
6.60124e-05
6.60062e-05
6.60001e-05
6.5994e-05
6.59879e-05
6.59817e-05
6.59756e-05
6.59695e-05
6.59634e-05
6.59573e-05
6.59512e-05
6.59451e-05
6.5939e-05
6.59329e-05
6.59268e-05
6.59207e-05
6.59147e-05
6.59086e-05
6.59025e-05
6.58964e-05
6.58904e-05
6.58843e-05
6.58782e-05
6.58722e-05
6.58661e-05
6.58601e-05
6.5854e-05
6.5848e-05
6.58419e-05
6.58359e-05
6.58299e-05
6.58238e-05
6.58178e-05
6.58118e-05
6.58058e-05
6.57997e-05
6.57937e-05
6.57877e-05
6.57817e-05
6.57757e-05
6.57697e-05
6.57637e-05
6.57577e-05
6.57517e-05
6.57457e-05
6.57397e-05
6.57337e-05
6.57278e-05
6.57218e-05
6.57158e-05
6.57099e-05
6.57039e-05
6.56979e-05
6.5692e-05
6.5686e-05
6.56801e-05
6.56741e-05
6.56682e-05
6.56622e-05
6.56563e-05
6.56503e-05
6.56444e-05
6.56385e-05
6.56325e-05
6.56266e-05
6.56207e-05
6.56148e-05
6.56089e-05
6.56029e-05
6.5597e-05
6.55911e-05
6.55852e-05
6.55793e-05
6.55734e-05
6.55675e-05
6.55617e-05
6.55558e-05
6.55499e-05
6.5544e-05
6.55381e-05
6.55323e-05
6.55264e-05
6.55205e-05
6.55147e-05
6.55088e-05
6.55029e-05
6.54971e-05
6.54912e-05
6.54854e-05
6.54795e-05
6.54737e-05
6.54679e-05
6.5462e-05
6.54562e-05
6.54504e-05
6.54445e-05
6.54387e-05
6.54329e-05
6.54271e-05
6.54213e-05
6.54155e-05
6.54097e-05
6.54039e-05
6.53981e-05
6.53923e-05
6.53865e-05
6.53807e-05
6.53749e-05
6.53691e-05
6.53633e-05
6.53575e-05
6.53518e-05
6.5346e-05
6.53402e-05
6.53345e-05
6.53287e-05
6.53229e-05
6.53172e-05
6.53114e-05
6.53057e-05
6.52999e-05
6.52942e-05
6.52884e-05
6.52827e-05
6.5277e-05
6.52712e-05
6.52655e-05
6.52598e-05
6.52541e-05
6.52483e-05
6.52426e-05
6.52369e-05
6.52312e-05
6.52255e-05
6.52198e-05
6.52141e-05
6.52084e-05
6.52027e-05
6.5197e-05
6.51913e-05
6.51856e-05
6.51799e-05
6.51743e-05
6.51686e-05
6.51629e-05
6.51572e-05
6.51516e-05
6.51459e-05
6.51402e-05
6.51346e-05
6.51289e-05
6.51233e-05
6.51176e-05
6.5112e-05
6.51063e-05
6.51007e-05
6.5095e-05
6.50894e-05
6.50838e-05
6.50782e-05
6.50725e-05
6.50669e-05
6.50613e-05
6.50557e-05
6.50501e-05
6.50444e-05
6.50388e-05
6.50332e-05
6.50276e-05
6.5022e-05
6.50164e-05
6.50108e-05
6.50053e-05
6.49997e-05
6.49941e-05
6.49885e-05
6.49829e-05
6.49773e-05
6.49718e-05
6.49662e-05
6.49606e-05
6.49551e-05
6.49495e-05
6.4944e-05
6.49384e-05
6.49329e-05
6.49273e-05
6.49218e-05
6.49162e-05
6.49107e-05
6.49051e-05
6.48996e-05
6.48941e-05
6.48886e-05
6.4883e-05
6.48775e-05
6.4872e-05
6.48665e-05
6.4861e-05
6.48554e-05
6.48499e-05
6.48444e-05
6.48389e-05
6.48334e-05
6.48279e-05
6.48224e-05
6.4817e-05
6.48115e-05
6.4806e-05
6.48005e-05
6.4795e-05
6.47896e-05
6.47841e-05
6.47786e-05
6.47731e-05
6.47677e-05
6.47622e-05
6.47568e-05
6.47513e-05
6.47459e-05
6.47404e-05
6.4735e-05
6.47295e-05
6.47241e-05
6.47186e-05
6.47132e-05
6.47078e-05
6.47023e-05
6.46969e-05
6.46915e-05
6.46861e-05
6.46807e-05
6.46752e-05
6.46698e-05
6.46644e-05
6.4659e-05
6.46536e-05
6.46482e-05
6.46428e-05
6.46374e-05
6.4632e-05
6.46266e-05
6.46212e-05
6.46159e-05
6.46105e-05
6.46051e-05
6.45997e-05
6.45944e-05
6.4589e-05
6.45836e-05
6.45783e-05
6.45729e-05
6.45675e-05
6.45622e-05
6.45568e-05
6.45515e-05
6.45461e-05
6.45408e-05
6.45354e-05
6.45301e-05
6.45248e-05
6.45194e-05
6.45141e-05
6.45088e-05
6.45035e-05
6.44981e-05
6.44928e-05
6.44875e-05
6.44822e-05
6.44769e-05
6.44716e-05
6.44663e-05
6.4461e-05
6.44557e-05
6.44504e-05
6.44451e-05
6.44398e-05
6.44345e-05
6.44292e-05
6.44239e-05
6.44186e-05
6.44134e-05
6.44081e-05
6.44028e-05
6.43975e-05
6.43923e-05
6.4387e-05
6.43818e-05
6.43765e-05
6.43712e-05
6.4366e-05
6.43607e-05
6.43555e-05
6.43502e-05
6.4345e-05
6.43398e-05
6.43345e-05
6.43293e-05
6.43241e-05
6.43188e-05
6.43136e-05
6.43084e-05
6.43032e-05
6.4298e-05
6.42927e-05
6.42875e-05
6.42823e-05
6.42771e-05
6.42719e-05
6.42667e-05
6.42615e-05
6.42563e-05
6.42511e-05
6.42459e-05
6.42407e-05
6.42356e-05
6.42304e-05
6.42252e-05
6.422e-05
6.42148e-05
6.42097e-05
6.42045e-05
6.41993e-05
6.41942e-05
6.4189e-05
6.41839e-05
6.41787e-05
6.41735e-05
6.41684e-05
6.41632e-05
6.41581e-05
6.4153e-05
6.41478e-05
6.41427e-05
6.41376e-05
6.41324e-05
6.41273e-05
6.41222e-05
6.4117e-05
6.41119e-05
6.41068e-05
6.41017e-05
6.40966e-05
6.40915e-05
6.40864e-05
6.40812e-05
6.40761e-05
6.4071e-05
6.4066e-05
6.40609e-05
6.40558e-05
6.40507e-05
6.40456e-05
6.40405e-05
6.40354e-05
6.40303e-05
6.40253e-05
6.40202e-05
6.40151e-05
6.40101e-05
6.4005e-05
6.39999e-05
6.39949e-05
6.39898e-05
6.39848e-05
6.39797e-05
6.39746e-05
6.39696e-05
6.39646e-05
6.39595e-05
6.39545e-05
6.39494e-05
6.39444e-05
6.39394e-05
6.39343e-05
6.39293e-05
6.39243e-05
6.39193e-05
6.39142e-05
6.39092e-05
6.39042e-05
6.38992e-05
6.38942e-05
6.38892e-05
6.38842e-05
6.38792e-05
6.38742e-05
6.38692e-05
6.38642e-05
6.38592e-05
6.38542e-05
6.38492e-05
6.38443e-05
6.38393e-05
6.38343e-05
6.38293e-05
6.38243e-05
6.38194e-05
6.38144e-05
6.38094e-05
6.38045e-05
6.37995e-05
6.37946e-05
6.37896e-05
6.37847e-05
6.37797e-05
6.37748e-05
6.37698e-05
6.37649e-05
6.37599e-05
6.3755e-05
6.37501e-05
6.37451e-05
6.37402e-05
6.37353e-05
6.37303e-05
6.37254e-05
6.37205e-05
6.37156e-05
6.37107e-05
6.37057e-05
6.37008e-05
6.36959e-05
6.3691e-05
6.36861e-05
6.36812e-05
6.36763e-05
6.36714e-05
6.36665e-05
6.36616e-05
6.36568e-05
6.36519e-05
6.3647e-05
6.36421e-05
6.36372e-05
6.36324e-05
6.36275e-05
6.36226e-05
6.36177e-05
6.36129e-05
6.3608e-05
6.36032e-05
6.35983e-05
6.35934e-05
6.35886e-05
6.35837e-05
6.35789e-05
6.3574e-05
6.35692e-05
6.35644e-05
6.35595e-05
6.35547e-05
6.35499e-05
6.3545e-05
6.35402e-05
6.35354e-05
6.35305e-05
6.35257e-05
6.35209e-05
6.35161e-05
6.35113e-05
6.35065e-05
6.35017e-05
6.34969e-05
6.3492e-05
6.34872e-05
6.34824e-05
6.34776e-05
6.34729e-05
6.34681e-05
6.34633e-05
6.34585e-05
6.34537e-05
6.34489e-05
6.34441e-05
6.34394e-05
6.34346e-05
6.34298e-05
6.3425e-05
6.34203e-05
6.34155e-05
6.34107e-05
6.3406e-05
6.34012e-05
6.33965e-05
6.33917e-05
6.3387e-05
6.33822e-05
6.33775e-05
6.33727e-05
6.3368e-05
6.33632e-05
6.33585e-05
6.33538e-05
6.3349e-05
6.33443e-05
6.33396e-05
6.33349e-05
6.33301e-05
6.33254e-05
6.33207e-05
6.3316e-05
6.33113e-05
6.33066e-05
6.33019e-05
6.32971e-05
6.32924e-05
6.32877e-05
6.3283e-05
6.32783e-05
6.32736e-05
6.3269e-05
6.32643e-05
6.32596e-05
6.32549e-05
6.32502e-05
6.32455e-05
6.32409e-05
6.32362e-05
6.32315e-05
6.32268e-05
6.32222e-05
6.32175e-05
6.32128e-05
6.32082e-05
6.32035e-05
6.31989e-05
6.31942e-05
6.31896e-05
6.31849e-05
6.31803e-05
6.31756e-05
6.3171e-05
6.31663e-05
6.31617e-05
6.31571e-05
6.31524e-05
6.31478e-05
6.31432e-05
6.31385e-05
6.31339e-05
6.31293e-05
6.31247e-05
6.312e-05
6.31154e-05
6.31108e-05
6.31062e-05
6.31016e-05
6.3097e-05
6.30924e-05
6.30878e-05
6.30832e-05
6.30786e-05
6.3074e-05
6.30694e-05
6.30648e-05
6.30602e-05
6.30556e-05
6.30511e-05
6.30465e-05
6.30419e-05
6.30373e-05
6.30327e-05
6.30282e-05
6.30236e-05
6.3019e-05
6.30145e-05
6.30099e-05
6.30053e-05
6.30008e-05
6.29962e-05
6.29917e-05
6.29871e-05
6.29826e-05
6.2978e-05
6.29735e-05
6.29689e-05
6.29644e-05
6.29599e-05
6.29553e-05
6.29508e-05
6.29463e-05
6.29417e-05
6.29372e-05
6.29327e-05
6.29282e-05
6.29236e-05
6.29191e-05
6.29146e-05
6.29101e-05
6.29056e-05
6.29011e-05
6.28966e-05
6.28921e-05
6.28876e-05
6.28831e-05
6.28786e-05
6.28741e-05
6.28696e-05
6.28651e-05
6.28606e-05
6.28561e-05
6.28516e-05
6.28471e-05
6.28427e-05
6.28382e-05
6.28337e-05
6.28292e-05
6.28248e-05
6.28203e-05
6.28158e-05
6.28114e-05
6.28069e-05
6.28024e-05
6.2798e-05
6.27935e-05
6.27891e-05
6.27846e-05
6.27802e-05
6.27757e-05
6.27713e-05
6.27668e-05
6.27624e-05
6.2758e-05
6.27535e-05
6.27491e-05
6.27447e-05
6.27402e-05
6.27358e-05
6.27314e-05
6.27269e-05
6.27225e-05
6.27181e-05
6.27137e-05
6.27093e-05
6.27049e-05
6.27005e-05
6.2696e-05
6.26916e-05
6.26872e-05
6.26828e-05
6.26784e-05
6.2674e-05
6.26696e-05
6.26652e-05
6.26609e-05
6.26565e-05
6.26521e-05
6.26477e-05
6.26433e-05
6.26389e-05
6.26346e-05
6.26302e-05
6.26258e-05
6.26214e-05
6.26171e-05
6.26127e-05
6.26083e-05
6.2604e-05
6.25996e-05
6.25952e-05
6.25909e-05
6.25865e-05
6.25822e-05
6.25778e-05
6.25735e-05
6.25691e-05
6.25648e-05
6.25605e-05
6.25561e-05
6.25518e-05
6.25474e-05
6.25431e-05
6.25388e-05
6.25344e-05
6.25301e-05
6.25258e-05
6.25215e-05
6.25171e-05
6.25128e-05
6.25085e-05
6.25042e-05
6.24999e-05
6.24956e-05
6.24913e-05
6.2487e-05
6.24827e-05
6.24784e-05
6.24741e-05
6.24698e-05
6.24655e-05
6.24612e-05
6.24569e-05
6.24526e-05
6.24483e-05
6.2444e-05
6.24397e-05
6.24354e-05
6.24312e-05
6.24269e-05
6.24226e-05
6.24183e-05
6.24141e-05
6.24098e-05
6.24055e-05
6.24013e-05
6.2397e-05
6.23927e-05
6.23885e-05
6.23842e-05
6.238e-05
6.23757e-05
6.23715e-05
6.23672e-05
6.2363e-05
6.23587e-05
6.23545e-05
6.23503e-05
6.2346e-05
6.23418e-05
6.23375e-05
6.23333e-05
6.23291e-05
6.23249e-05
6.23206e-05
6.23164e-05
6.23122e-05
6.2308e-05
6.23038e-05
6.22995e-05
6.22953e-05
6.22911e-05
6.22869e-05
6.22827e-05
6.22785e-05
6.22743e-05
6.22701e-05
6.22659e-05
6.22617e-05
6.22575e-05
6.22533e-05
6.22491e-05
6.22449e-05
6.22407e-05
6.22365e-05
6.22324e-05
6.22282e-05
6.2224e-05
6.22198e-05
6.22156e-05
6.22115e-05
6.22073e-05
6.22031e-05
6.2199e-05
6.21948e-05
6.21906e-05
6.21865e-05
6.21823e-05
6.21782e-05
6.2174e-05
6.21699e-05
6.21657e-05
6.21616e-05
6.21574e-05
6.21533e-05
6.21491e-05
6.2145e-05
6.21408e-05
6.21367e-05
6.21326e-05
6.21284e-05
6.21243e-05
6.21202e-05
6.2116e-05
6.21119e-05
6.21078e-05
6.21037e-05
6.20996e-05
6.20954e-05
6.20913e-05
6.20872e-05
6.20831e-05
6.2079e-05
6.20749e-05
6.20708e-05
6.20667e-05
6.20626e-05
6.20585e-05
6.20544e-05
6.20503e-05
6.20462e-05
6.20421e-05
6.2038e-05
6.20339e-05
6.20298e-05
6.20257e-05
6.20217e-05
6.20176e-05
6.20135e-05
6.20094e-05
6.20053e-05
6.20013e-05
6.19972e-05
6.19931e-05
6.19891e-05
6.1985e-05
6.19809e-05
6.19769e-05
6.19728e-05
6.19688e-05
6.19647e-05
6.19606e-05
6.19566e-05
6.19525e-05
6.19485e-05
6.19445e-05
6.19404e-05
6.19364e-05
6.19323e-05
6.19283e-05
6.19243e-05
6.19202e-05
6.19162e-05
6.19122e-05
6.19081e-05
6.19041e-05
6.19001e-05
6.18961e-05
6.1892e-05
6.1888e-05
6.1884e-05
6.188e-05
6.1876e-05
6.1872e-05
6.18679e-05
6.18639e-05
6.18599e-05
6.18559e-05
6.18519e-05
6.18479e-05
6.18439e-05
6.18399e-05
6.18359e-05
6.18319e-05
6.1828e-05
6.1824e-05
6.182e-05
6.1816e-05
6.1812e-05
6.1808e-05
6.18041e-05
6.18001e-05
6.17961e-05
6.17921e-05
6.17882e-05
6.17842e-05
6.17802e-05
6.17763e-05
6.17723e-05
6.17683e-05
6.17644e-05
6.17604e-05
6.17564e-05
6.17525e-05
6.17485e-05
6.17446e-05
6.17406e-05
6.17367e-05
6.17327e-05
6.17288e-05
6.17249e-05
6.17209e-05
6.1717e-05
6.1713e-05
6.17091e-05
6.17052e-05
6.17012e-05
6.16973e-05
6.16934e-05
6.16895e-05
6.16855e-05
6.16816e-05
6.16777e-05
6.16738e-05
6.16699e-05
6.1666e-05
6.1662e-05
6.16581e-05
6.16542e-05
6.16503e-05
6.16464e-05
6.16425e-05
6.16386e-05
6.16347e-05
6.16308e-05
6.16269e-05
6.1623e-05
6.16191e-05
6.16152e-05
6.16113e-05
6.16075e-05
6.16036e-05
6.15997e-05
6.15958e-05
6.15919e-05
6.1588e-05
6.15842e-05
6.15803e-05
6.15764e-05
6.15726e-05
6.15687e-05
6.15648e-05
6.1561e-05
6.15571e-05
6.15532e-05
6.15494e-05
6.15455e-05
6.15417e-05
6.15378e-05
6.15339e-05
6.15301e-05
6.15262e-05
6.15224e-05
6.15186e-05
6.15147e-05
6.15109e-05
6.1507e-05
6.15032e-05
6.14994e-05
6.14955e-05
6.14917e-05
6.14879e-05
6.1484e-05
6.14802e-05
6.14764e-05
6.14726e-05
6.14687e-05
6.14649e-05
6.14611e-05
6.14573e-05
6.14535e-05
6.14496e-05
6.14458e-05
6.1442e-05
6.14382e-05
6.14344e-05
6.14306e-05
6.14268e-05
6.1423e-05
6.14192e-05
6.14154e-05
6.14116e-05
6.14078e-05
6.1404e-05
6.14002e-05
6.13964e-05
6.13927e-05
6.13889e-05
6.13851e-05
6.13813e-05
6.13775e-05
6.13737e-05
6.137e-05
6.13662e-05
6.13624e-05
6.13587e-05
6.13549e-05
6.13511e-05
6.13473e-05
6.13436e-05
6.13398e-05
6.13361e-05
6.13323e-05
6.13285e-05
6.13248e-05
6.1321e-05
6.13173e-05
6.13135e-05
6.13098e-05
6.1306e-05
6.13023e-05
6.12985e-05
6.12948e-05
6.12911e-05
6.12873e-05
6.12836e-05
6.12799e-05
6.12761e-05
6.12724e-05
6.12687e-05
6.12649e-05
6.12612e-05
6.12575e-05
6.12538e-05
6.125e-05
6.12463e-05
6.12426e-05
6.12389e-05
6.12352e-05
6.12315e-05
6.12277e-05
6.1224e-05
6.12203e-05
6.12166e-05
6.12129e-05
6.12092e-05
6.12055e-05
6.12018e-05
6.11981e-05
6.11944e-05
6.11907e-05
6.1187e-05
6.11833e-05
6.11797e-05
6.1176e-05
6.11723e-05
6.11686e-05
6.11649e-05
6.11612e-05
6.11576e-05
6.11539e-05
6.11502e-05
6.11465e-05
6.11429e-05
6.11392e-05
6.11355e-05
6.11319e-05
6.11282e-05
6.11245e-05
6.11209e-05
6.11172e-05
6.11136e-05
6.11099e-05
6.11062e-05
6.11026e-05
6.10989e-05
6.10953e-05
6.10916e-05
6.1088e-05
6.10843e-05
6.10807e-05
6.10771e-05
6.10734e-05
6.10698e-05
6.10661e-05
6.10625e-05
6.10589e-05
6.10552e-05
6.10516e-05
6.1048e-05
6.10444e-05
6.10407e-05
6.10371e-05
6.10335e-05
6.10299e-05
6.10262e-05
6.10226e-05
6.1019e-05
6.10154e-05
6.10118e-05
6.10082e-05
6.10046e-05
6.1001e-05
6.09974e-05
6.09938e-05
6.09901e-05
6.09865e-05
6.09829e-05
6.09794e-05
6.09758e-05
6.09722e-05
6.09686e-05
6.0965e-05
6.09614e-05
6.09578e-05
6.09542e-05
6.09506e-05
6.0947e-05
6.09435e-05
6.09399e-05
6.09363e-05
6.09327e-05
6.09292e-05
6.09256e-05
6.0922e-05
6.09184e-05
6.09149e-05
6.09113e-05
6.09077e-05
6.09042e-05
6.09006e-05
6.08971e-05
6.08935e-05
6.08899e-05
6.08864e-05
6.08828e-05
6.08793e-05
6.08757e-05
6.08722e-05
6.08686e-05
6.08651e-05
6.08615e-05
6.0858e-05
6.08545e-05
6.08509e-05
6.08474e-05
6.08439e-05
6.08403e-05
6.08368e-05
6.08333e-05
6.08297e-05
6.08262e-05
6.08227e-05
6.08191e-05
6.08156e-05
6.08121e-05
6.08086e-05
6.08051e-05
6.08015e-05
6.0798e-05
6.07945e-05
6.0791e-05
6.07875e-05
6.0784e-05
6.07805e-05
6.0777e-05
6.07735e-05
6.077e-05
6.07665e-05
6.0763e-05
6.07595e-05
6.0756e-05
6.07525e-05
6.0749e-05
6.07455e-05
6.0742e-05
6.07385e-05
6.0735e-05
6.07315e-05
6.07281e-05
6.07246e-05
6.07211e-05
6.07176e-05
6.07141e-05
6.07107e-05
6.07072e-05
6.07037e-05
6.07002e-05
6.06968e-05
6.06933e-05
6.06898e-05
6.06864e-05
6.06829e-05
6.06794e-05
6.0676e-05
6.06725e-05
6.06691e-05
6.06656e-05
6.06622e-05
6.06587e-05
6.06553e-05
6.06518e-05
6.06484e-05
6.06449e-05
6.06415e-05
6.0638e-05
6.06346e-05
6.06311e-05
6.06277e-05
6.06243e-05
6.06208e-05
6.06174e-05
6.0614e-05
6.06105e-05
6.06071e-05
6.06037e-05
6.06002e-05
6.05968e-05
6.05934e-05
6.059e-05
6.05865e-05
6.05831e-05
6.05797e-05
6.05763e-05
6.05729e-05
6.05695e-05
6.05661e-05
6.05626e-05
6.05592e-05
6.05558e-05
6.05524e-05
6.0549e-05
6.05456e-05
6.05422e-05
6.05388e-05
6.05354e-05
6.0532e-05
6.05286e-05
6.05252e-05
6.05218e-05
6.05185e-05
6.05151e-05
6.05117e-05
6.05083e-05
6.05049e-05
6.05015e-05
6.04981e-05
6.04948e-05
6.04914e-05
6.0488e-05
6.04846e-05
6.04813e-05
6.04779e-05
6.04745e-05
6.04711e-05
6.04678e-05
6.04644e-05
6.0461e-05
6.04577e-05
6.04543e-05
6.0451e-05
6.04476e-05
6.04442e-05
6.04409e-05
6.04375e-05
6.04342e-05
6.04308e-05
6.04275e-05
6.04241e-05
6.04208e-05
6.04174e-05
6.04141e-05
6.04108e-05
6.04074e-05
6.04041e-05
6.04007e-05
6.03974e-05
6.03941e-05
6.03907e-05
6.03874e-05
6.03841e-05
6.03807e-05
6.03774e-05
6.03741e-05
6.03708e-05
6.03674e-05
6.03641e-05
6.03608e-05
6.03575e-05
6.03542e-05
6.03508e-05
6.03475e-05
6.03442e-05
6.03409e-05
6.03376e-05
6.03343e-05
6.0331e-05
6.03277e-05
6.03244e-05
6.03211e-05
6.03178e-05
6.03145e-05
6.03112e-05
6.03079e-05
6.03046e-05
6.03013e-05
6.0298e-05
6.02947e-05
6.02914e-05
6.02881e-05
6.02848e-05
6.02815e-05
6.02782e-05
6.0275e-05
6.02717e-05
6.02684e-05
6.02651e-05
6.02619e-05
6.02586e-05
6.02553e-05
6.0252e-05
6.02488e-05
6.02455e-05
6.02422e-05
6.0239e-05
6.02357e-05
6.02324e-05
6.02292e-05
6.02259e-05
6.02226e-05
6.02194e-05
6.02161e-05
6.02129e-05
6.02096e-05
6.02064e-05
6.02031e-05
6.01999e-05
6.01966e-05
6.01934e-05
6.01901e-05
6.01869e-05
6.01836e-05
6.01804e-05
6.01771e-05
6.01739e-05
6.01707e-05
6.01674e-05
6.01642e-05
6.0161e-05
6.01577e-05
6.01545e-05
6.01513e-05
6.01481e-05
6.01448e-05
6.01416e-05
6.01384e-05
6.01352e-05
6.01319e-05
6.01287e-05
6.01255e-05
6.01223e-05
6.01191e-05
6.01159e-05
6.01126e-05
6.01094e-05
6.01062e-05
6.0103e-05
6.00998e-05
6.00966e-05
6.00934e-05
6.00902e-05
6.0087e-05
6.00838e-05
6.00806e-05
6.00774e-05
6.00742e-05
6.0071e-05
6.00678e-05
6.00646e-05
6.00614e-05
6.00583e-05
6.00551e-05
6.00519e-05
6.00487e-05
6.00455e-05
6.00423e-05
6.00392e-05
6.0036e-05
6.00328e-05
6.00296e-05
6.00264e-05
6.00233e-05
6.00201e-05
6.00169e-05
6.00138e-05
6.00106e-05
6.00074e-05
6.00043e-05
6.00011e-05
5.99979e-05
5.99948e-05
5.99916e-05
5.99885e-05
5.99853e-05
5.99821e-05
5.9979e-05
5.99758e-05
5.99727e-05
5.99695e-05
5.99664e-05
5.99632e-05
5.99601e-05
5.9957e-05
5.99538e-05
5.99507e-05
5.99475e-05
5.99444e-05
5.99412e-05
5.99381e-05
5.9935e-05
5.99318e-05
5.99287e-05
5.99256e-05
5.99225e-05
5.99193e-05
5.99162e-05
5.99131e-05
5.99099e-05
5.99068e-05
5.99037e-05
5.99006e-05
5.98975e-05
5.98943e-05
5.98912e-05
5.98881e-05
5.9885e-05
5.98819e-05
5.98788e-05
5.98757e-05
5.98726e-05
5.98695e-05
5.98663e-05
5.98632e-05
5.98601e-05
5.9857e-05
5.98539e-05
5.98508e-05
5.98477e-05
5.98446e-05
5.98416e-05
5.98385e-05
5.98354e-05
5.98323e-05
5.98292e-05
5.98261e-05
5.9823e-05
5.98199e-05
5.98168e-05
5.98138e-05
5.98107e-05
5.98076e-05
5.98045e-05
5.98014e-05
5.97984e-05
5.97953e-05
5.97922e-05
5.97891e-05
5.97861e-05
5.9783e-05
5.97799e-05
5.97769e-05
5.97738e-05
5.97707e-05
5.97677e-05
5.97646e-05
5.97615e-05
5.97585e-05
5.97554e-05
5.97524e-05
5.97493e-05
5.97463e-05
5.97432e-05
5.97402e-05
5.97371e-05
5.97341e-05
5.9731e-05
5.9728e-05
5.97249e-05
5.97219e-05
5.97188e-05
5.97158e-05
5.97128e-05
5.97097e-05
5.97067e-05
5.97036e-05
5.97006e-05
5.96976e-05
5.96945e-05
5.96915e-05
5.96885e-05
5.96855e-05
5.96824e-05
5.96794e-05
5.96764e-05
5.96734e-05
5.96703e-05
5.96673e-05
5.96643e-05
5.96613e-05
5.96583e-05
5.96552e-05
5.96522e-05
5.96492e-05
5.96462e-05
5.96432e-05
5.96402e-05
5.96372e-05
5.96342e-05
5.96312e-05
5.96282e-05
5.96252e-05
5.96222e-05
5.96192e-05
5.96162e-05
5.96132e-05
5.96102e-05
5.96072e-05
5.96042e-05
5.96012e-05
5.95982e-05
5.95952e-05
5.95922e-05
5.95892e-05
5.95862e-05
5.95833e-05
5.95803e-05
5.95773e-05
5.95743e-05
5.95713e-05
5.95683e-05
5.95654e-05
5.95624e-05
5.95594e-05
5.95564e-05
5.95535e-05
5.95505e-05
5.95475e-05
5.95446e-05
5.95416e-05
5.95386e-05
5.95357e-05
5.95327e-05
5.95297e-05
5.95268e-05
5.95238e-05
5.95209e-05
5.95179e-05
5.95149e-05
5.9512e-05
5.9509e-05
5.95061e-05
5.95031e-05
5.95002e-05
5.94972e-05
5.94943e-05
5.94913e-05
5.94884e-05
5.94855e-05
5.94825e-05
5.94796e-05
5.94766e-05
5.94737e-05
5.94708e-05
5.94678e-05
5.94649e-05
5.94619e-05
5.9459e-05
5.94561e-05
5.94532e-05
5.94502e-05
5.94473e-05
5.94444e-05
5.94414e-05
5.94385e-05
5.94356e-05
5.94327e-05
5.94298e-05
5.94268e-05
5.94239e-05
5.9421e-05
5.94181e-05
5.94152e-05
5.94123e-05
5.94093e-05
5.94064e-05
5.94035e-05
5.94006e-05
5.93977e-05
5.93948e-05
5.93919e-05
5.9389e-05
5.93861e-05
5.93832e-05
5.93803e-05
5.93774e-05
5.93745e-05
5.93716e-05
5.93687e-05
5.93658e-05
5.93629e-05
5.936e-05
5.93571e-05
5.93543e-05
5.93514e-05
5.93485e-05
5.93456e-05
5.93427e-05
5.93398e-05
5.93369e-05
5.93341e-05
5.93312e-05
5.93283e-05
5.93254e-05
5.93226e-05
5.93197e-05
5.93168e-05
5.93139e-05
5.93111e-05
5.93082e-05
5.93053e-05
5.93025e-05
5.92996e-05
5.92967e-05
5.92939e-05
5.9291e-05
5.92881e-05
5.92853e-05
5.92824e-05
5.92796e-05
5.92767e-05
5.92739e-05
5.9271e-05
5.92681e-05
5.92653e-05
5.92624e-05
5.92596e-05
5.92567e-05
5.92539e-05
5.92511e-05
5.92482e-05
5.92454e-05
5.92425e-05
5.92397e-05
5.92368e-05
5.9234e-05
5.92312e-05
5.92283e-05
5.92255e-05
5.92227e-05
5.92198e-05
5.9217e-05
5.92142e-05
5.92113e-05
5.92085e-05
5.92057e-05
5.92029e-05
5.92e-05
5.91972e-05
5.91944e-05
5.91916e-05
5.91887e-05
5.91859e-05
5.91831e-05
5.91803e-05
5.91775e-05
5.91747e-05
5.91718e-05
5.9169e-05
5.91662e-05
5.91634e-05
5.91606e-05
5.91578e-05
5.9155e-05
5.91522e-05
5.91494e-05
5.91466e-05
5.91438e-05
5.9141e-05
5.91382e-05
5.91354e-05
5.91326e-05
5.91298e-05
5.9127e-05
5.91242e-05
5.91214e-05
5.91186e-05
5.91158e-05
5.9113e-05
5.91103e-05
5.91075e-05
5.91047e-05
5.91019e-05
5.90991e-05
5.90963e-05
5.90936e-05
5.90908e-05
5.9088e-05
5.90852e-05
5.90824e-05
5.90797e-05
5.90769e-05
5.90741e-05
5.90713e-05
5.90686e-05
5.90658e-05
5.9063e-05
5.90603e-05
5.90575e-05
5.90547e-05
5.9052e-05
5.90492e-05
5.90465e-05
5.90437e-05
5.90409e-05
5.90382e-05
5.90354e-05
5.90327e-05
5.90299e-05
5.90272e-05
5.90244e-05
5.90216e-05
5.90189e-05
5.90161e-05
5.90134e-05
5.90107e-05
5.90079e-05
5.90052e-05
5.90024e-05
5.89997e-05
5.89969e-05
5.89942e-05
5.89915e-05
5.89887e-05
5.8986e-05
5.89832e-05
5.89805e-05
5.89778e-05
5.8975e-05
5.89723e-05
5.89696e-05
5.89669e-05
5.89641e-05
5.89614e-05
5.89587e-05
5.8956e-05
5.89532e-05
5.89505e-05
5.89478e-05
5.89451e-05
5.89423e-05
5.89396e-05
5.89369e-05
5.89342e-05
5.89315e-05
5.89288e-05
5.89261e-05
5.89233e-05
5.89206e-05
5.89179e-05
5.89152e-05
5.89125e-05
5.89098e-05
5.89071e-05
5.89044e-05
5.89017e-05
5.8899e-05
5.88963e-05
5.88936e-05
5.88909e-05
5.88882e-05
5.88855e-05
5.88828e-05
5.88801e-05
5.88774e-05
5.88747e-05
5.8872e-05
5.88693e-05
5.88667e-05
5.8864e-05
5.88613e-05
5.88586e-05
5.88559e-05
5.88532e-05
5.88506e-05
5.88479e-05
5.88452e-05
5.88425e-05
5.88398e-05
5.88372e-05
5.88345e-05
5.88318e-05
5.88291e-05
5.88265e-05
5.88238e-05
5.88211e-05
5.88185e-05
5.88158e-05
5.88131e-05
5.88105e-05
5.88078e-05
5.88051e-05
5.88025e-05
5.87998e-05
5.87971e-05
5.87945e-05
5.87918e-05
5.87892e-05
5.87865e-05
5.87839e-05
5.87812e-05
5.87786e-05
5.87759e-05
5.87733e-05
5.87706e-05
5.8768e-05
5.87653e-05
5.87627e-05
5.876e-05
5.87574e-05
5.87547e-05
5.87521e-05
5.87494e-05
5.87468e-05
5.87442e-05
5.87415e-05
5.87389e-05
5.87363e-05
5.87336e-05
5.8731e-05
5.87284e-05
5.87257e-05
5.87231e-05
5.87205e-05
5.87178e-05
5.87152e-05
5.87126e-05
5.871e-05
5.87073e-05
5.87047e-05
5.87021e-05
5.86995e-05
5.86968e-05
5.86942e-05
5.86916e-05
5.8689e-05
5.86864e-05
5.86838e-05
5.86812e-05
5.86785e-05
5.86759e-05
5.86733e-05
5.86707e-05
5.86681e-05
5.86655e-05
5.86629e-05
5.86603e-05
5.86577e-05
5.86551e-05
5.86525e-05
5.86499e-05
5.86473e-05
5.86447e-05
5.86421e-05
5.86395e-05
5.86369e-05
5.86343e-05
5.86317e-05
5.86291e-05
5.86265e-05
5.86239e-05
5.86213e-05
5.86187e-05
5.86162e-05
5.86136e-05
5.8611e-05
5.86084e-05
5.86058e-05
5.86032e-05
5.86006e-05
5.85981e-05
5.85955e-05
5.85929e-05
5.85903e-05
5.85878e-05
5.85852e-05
5.85826e-05
5.858e-05
5.85775e-05
5.85749e-05
5.85723e-05
5.85698e-05
5.85672e-05
5.85646e-05
5.85621e-05
5.85595e-05
5.85569e-05
5.85544e-05
5.85518e-05
5.85492e-05
5.85467e-05
5.85441e-05
5.85416e-05
5.8539e-05
5.85364e-05
5.85339e-05
5.85313e-05
5.85288e-05
5.85262e-05
5.85237e-05
5.85211e-05
5.85186e-05
5.8516e-05
5.85135e-05
5.85109e-05
5.85084e-05
5.85059e-05
5.85033e-05
5.85008e-05
5.84982e-05
5.84957e-05
5.84932e-05
5.84906e-05
5.84881e-05
5.84855e-05
5.8483e-05
5.84805e-05
5.84779e-05
5.84754e-05
5.84729e-05
5.84704e-05
5.84678e-05
5.84653e-05
5.84628e-05
5.84602e-05
5.84577e-05
5.84552e-05
5.84527e-05
5.84502e-05
5.84476e-05
5.84451e-05
5.84426e-05
5.84401e-05
5.84376e-05
5.8435e-05
5.84325e-05
5.843e-05
5.84275e-05
5.8425e-05
5.84225e-05
5.842e-05
5.84175e-05
5.8415e-05
5.84124e-05
5.84099e-05
5.84074e-05
5.84049e-05
5.84024e-05
5.83999e-05
5.83974e-05
5.83949e-05
5.83924e-05
5.83899e-05
5.83874e-05
5.83849e-05
5.83824e-05
5.83799e-05
5.83775e-05
5.8375e-05
5.83725e-05
5.837e-05
5.83675e-05
5.8365e-05
5.83625e-05
5.836e-05
5.83575e-05
5.83551e-05
5.83526e-05
5.83501e-05
5.83476e-05
5.83451e-05
5.83427e-05
5.83402e-05
5.83377e-05
5.83352e-05
5.83328e-05
5.83303e-05
5.83278e-05
5.83253e-05
5.83229e-05
5.83204e-05
5.83179e-05
5.83154e-05
5.8313e-05
5.83105e-05
5.8308e-05
5.83056e-05
5.83031e-05
5.83007e-05
5.82982e-05
5.82957e-05
5.82933e-05
5.82908e-05
5.82884e-05
5.82859e-05
5.82834e-05
5.8281e-05
5.82785e-05
5.82761e-05
5.82736e-05
5.82712e-05
5.82687e-05
5.82663e-05
5.82638e-05
5.82614e-05
5.82589e-05
5.82565e-05
5.8254e-05
5.82516e-05
5.82492e-05
5.82467e-05
5.82443e-05
5.82418e-05
5.82394e-05
5.8237e-05
5.82345e-05
5.82321e-05
5.82297e-05
5.82272e-05
5.82248e-05
5.82224e-05
5.82199e-05
5.82175e-05
5.82151e-05
5.82126e-05
5.82102e-05
5.82078e-05
5.82054e-05
5.82029e-05
5.82005e-05
5.81981e-05
5.81957e-05
5.81932e-05
5.81908e-05
5.81884e-05
5.8186e-05
5.81836e-05
5.81811e-05
5.81787e-05
5.81763e-05
5.81739e-05
5.81715e-05
5.81691e-05
5.81667e-05
5.81643e-05
5.81619e-05
5.81594e-05
5.8157e-05
5.81546e-05
5.81522e-05
5.81498e-05
5.81474e-05
5.8145e-05
5.81426e-05
5.81402e-05
5.81378e-05
5.81354e-05
5.8133e-05
5.81306e-05
5.81282e-05
5.81258e-05
5.81234e-05
5.8121e-05
5.81187e-05
5.81163e-05
5.81139e-05
5.81115e-05
5.81091e-05
5.81067e-05
5.81043e-05
5.81019e-05
5.80995e-05
5.80972e-05
5.80948e-05
5.80924e-05
5.809e-05
5.80876e-05
5.80853e-05
5.80829e-05
5.80805e-05
5.80781e-05
5.80758e-05
5.80734e-05
5.8071e-05
5.80686e-05
5.80663e-05
5.80639e-05
5.80615e-05
5.80591e-05
5.80568e-05
5.80544e-05
5.8052e-05
5.80497e-05
5.80473e-05
5.8045e-05
5.80426e-05
5.80402e-05
5.80379e-05
5.80355e-05
5.80331e-05
5.80308e-05
5.80284e-05
5.80261e-05
5.80237e-05
5.80214e-05
5.8019e-05
5.80167e-05
5.80143e-05
5.8012e-05
5.80096e-05
5.80073e-05
5.80049e-05
5.80026e-05
5.80002e-05
5.79979e-05
5.79955e-05
5.79932e-05
5.79908e-05
5.79885e-05
5.79862e-05
5.79838e-05
5.79815e-05
5.79791e-05
5.79768e-05
5.79745e-05
5.79721e-05
5.79698e-05
5.79675e-05
5.79651e-05
5.79628e-05
5.79605e-05
5.79581e-05
5.79558e-05
5.79535e-05
5.79511e-05
5.79488e-05
5.79465e-05
5.79442e-05
5.79418e-05
5.79395e-05
5.79372e-05
5.79349e-05
5.79326e-05
5.79302e-05
5.79279e-05
5.79256e-05
5.79233e-05
5.7921e-05
5.79187e-05
5.79163e-05
5.7914e-05
5.79117e-05
5.79094e-05
5.79071e-05
5.79048e-05
5.79025e-05
5.79002e-05
5.78979e-05
5.78955e-05
5.78932e-05
5.78909e-05
5.78886e-05
5.78863e-05
5.7884e-05
5.78817e-05
5.78794e-05
5.78771e-05
5.78748e-05
5.78725e-05
5.78702e-05
5.78679e-05
5.78656e-05
5.78633e-05
5.78611e-05
5.78588e-05
5.78565e-05
5.78542e-05
5.78519e-05
5.78496e-05
5.78473e-05
5.7845e-05
5.78427e-05
5.78405e-05
5.78382e-05
5.78359e-05
5.78336e-05
5.78313e-05
5.7829e-05
5.78268e-05
5.78245e-05
5.78222e-05
5.78199e-05
5.78176e-05
5.78154e-05
5.78131e-05
5.78108e-05
5.78085e-05
5.78063e-05
5.7804e-05
5.78017e-05
5.77995e-05
5.77972e-05
5.77949e-05
5.77927e-05
5.77904e-05
5.77881e-05
5.77859e-05
5.77836e-05
5.77813e-05
5.77791e-05
5.77768e-05
5.77745e-05
5.77723e-05
5.777e-05
5.77678e-05
5.77655e-05
5.77633e-05
5.7761e-05
5.77587e-05
5.77565e-05
5.77542e-05
5.7752e-05
5.77497e-05
5.77475e-05
5.77452e-05
5.7743e-05
5.77407e-05
5.77385e-05
5.77362e-05
5.7734e-05
5.77318e-05
5.77295e-05
5.77273e-05
5.7725e-05
5.77228e-05
5.77205e-05
5.77183e-05
5.77161e-05
5.77138e-05
5.77116e-05
5.77094e-05
5.77071e-05
5.77049e-05
5.77027e-05
5.77004e-05
5.76982e-05
5.7696e-05
5.76937e-05
5.76915e-05
5.76893e-05
5.7687e-05
5.76848e-05
5.76826e-05
5.76804e-05
5.76781e-05
5.76759e-05
5.76737e-05
5.76715e-05
5.76693e-05
5.7667e-05
5.76648e-05
5.76626e-05
5.76604e-05
5.76582e-05
5.76559e-05
5.76537e-05
5.76515e-05
5.76493e-05
5.76471e-05
5.76449e-05
5.76427e-05
5.76405e-05
5.76382e-05
5.7636e-05
5.76338e-05
5.76316e-05
5.76294e-05
5.76272e-05
5.7625e-05
5.76228e-05
5.76206e-05
5.76184e-05
5.76162e-05
5.7614e-05
5.76118e-05
5.76096e-05
5.76074e-05
5.76052e-05
5.7603e-05
5.76008e-05
5.75986e-05
5.75964e-05
5.75942e-05
5.7592e-05
5.75899e-05
5.75877e-05
5.75855e-05
5.75833e-05
5.75811e-05
5.75789e-05
5.75767e-05
5.75745e-05
5.75723e-05
5.75702e-05
5.7568e-05
5.75658e-05
5.75636e-05
5.75614e-05
5.75593e-05
5.75571e-05
5.75549e-05
5.75527e-05
5.75505e-05
5.75484e-05
5.75462e-05
5.7544e-05
5.75418e-05
5.75397e-05
5.75375e-05
5.75353e-05
5.75332e-05
5.7531e-05
5.75288e-05
5.75267e-05
5.75245e-05
5.75223e-05
5.75202e-05
5.7518e-05
5.75158e-05
5.75137e-05
5.75115e-05
5.75093e-05
5.75072e-05
5.7505e-05
5.75029e-05
5.75007e-05
5.74985e-05
5.74964e-05
5.74942e-05
5.74921e-05
5.74899e-05
5.74878e-05
5.74856e-05
5.74835e-05
5.74813e-05
5.74792e-05
5.7477e-05
5.74749e-05
5.74727e-05
5.74706e-05
5.74684e-05
5.74663e-05
5.74641e-05
5.7462e-05
5.74599e-05
5.74577e-05
5.74556e-05
5.74534e-05
5.74513e-05
5.74491e-05
5.7447e-05
5.74449e-05
5.74427e-05
5.74406e-05
5.74385e-05
5.74363e-05
5.74342e-05
5.74321e-05
5.74299e-05
5.74278e-05
5.74257e-05
5.74235e-05
5.74214e-05
5.74193e-05
5.74172e-05
5.7415e-05
5.74129e-05
5.74108e-05
5.74087e-05
5.74065e-05
5.74044e-05
5.74023e-05
5.74002e-05
5.7398e-05
5.73959e-05
5.73938e-05
5.73917e-05
5.73896e-05
5.73875e-05
5.73853e-05
5.73832e-05
5.73811e-05
5.7379e-05
5.73769e-05
5.73748e-05
5.73727e-05
5.73706e-05
5.73684e-05
5.73663e-05
5.73642e-05
5.73621e-05
5.736e-05
5.73579e-05
5.73558e-05
5.73537e-05
5.73516e-05
5.73495e-05
5.73474e-05
5.73453e-05
5.73432e-05
5.73411e-05
5.7339e-05
5.73369e-05
5.73348e-05
5.73327e-05
5.73306e-05
5.73285e-05
5.73264e-05
5.73243e-05
5.73222e-05
5.73201e-05
5.73181e-05
5.7316e-05
5.73139e-05
5.73118e-05
5.73097e-05
5.73076e-05
5.73055e-05
5.73034e-05
5.73014e-05
5.72993e-05
5.72972e-05
5.72951e-05
5.7293e-05
5.72909e-05
5.72889e-05
5.72868e-05
5.72847e-05
5.72826e-05
5.72805e-05
5.72785e-05
5.72764e-05
5.72743e-05
5.72722e-05
5.72702e-05
5.72681e-05
5.7266e-05
5.7264e-05
5.72619e-05
5.72598e-05
5.72577e-05
5.72557e-05
5.72536e-05
5.72515e-05
5.72495e-05
5.72474e-05
5.72453e-05
5.72433e-05
5.72412e-05
5.72392e-05
5.72371e-05
5.7235e-05
5.7233e-05
5.72309e-05
5.72289e-05
5.72268e-05
5.72247e-05
5.72227e-05
5.72206e-05
5.72186e-05
5.72165e-05
5.72145e-05
5.72124e-05
5.72104e-05
5.72083e-05
5.72063e-05
5.72042e-05
5.72022e-05
5.72001e-05
5.71981e-05
5.7196e-05
5.7194e-05
5.71919e-05
5.71899e-05
5.71878e-05
5.71858e-05
5.71838e-05
5.71817e-05
5.71797e-05
5.71776e-05
5.71756e-05
5.71736e-05
5.71715e-05
5.71695e-05
5.71675e-05
5.71654e-05
5.71634e-05
5.71614e-05
5.71593e-05
5.71573e-05
5.71553e-05
5.71532e-05
5.71512e-05
5.71492e-05
5.71471e-05
5.71451e-05
5.71431e-05
5.71411e-05
5.7139e-05
5.7137e-05
5.7135e-05
5.7133e-05
5.71309e-05
5.71289e-05
5.71269e-05
5.71249e-05
5.71228e-05
5.71208e-05
5.71188e-05
5.71168e-05
5.71148e-05
5.71128e-05
5.71107e-05
5.71087e-05
5.71067e-05
5.71047e-05
5.71027e-05
5.71007e-05
5.70987e-05
5.70967e-05
5.70946e-05
5.70926e-05
5.70906e-05
5.70886e-05
5.70866e-05
5.70846e-05
5.70826e-05
5.70806e-05
5.70786e-05
5.70766e-05
5.70746e-05
5.70726e-05
5.70706e-05
5.70686e-05
5.70666e-05
5.70646e-05
5.70626e-05
5.70606e-05
5.70586e-05
5.70566e-05
5.70546e-05
5.70526e-05
5.70506e-05
5.70486e-05
5.70466e-05
5.70446e-05
5.70426e-05
5.70406e-05
5.70387e-05
5.70367e-05
5.70347e-05
5.70327e-05
5.70307e-05
5.70287e-05
5.70267e-05
5.70248e-05
5.70228e-05
5.70208e-05
5.70188e-05
5.70168e-05
5.70148e-05
5.70129e-05
5.70109e-05
5.70089e-05
5.70069e-05
5.70049e-05
5.7003e-05
5.7001e-05
5.6999e-05
5.6997e-05
5.69951e-05
5.69931e-05
5.69911e-05
5.69891e-05
5.69872e-05
5.69852e-05
5.69832e-05
5.69813e-05
5.69793e-05
5.69773e-05
5.69754e-05
5.69734e-05
5.69714e-05
5.69695e-05
5.69675e-05
5.69655e-05
5.69636e-05
5.69616e-05
5.69597e-05
5.69577e-05
5.69557e-05
5.69538e-05
5.69518e-05
5.69499e-05
5.69479e-05
5.69459e-05
5.6944e-05
5.6942e-05
5.69401e-05
5.69381e-05
5.69362e-05
5.69342e-05
5.69323e-05
5.69303e-05
5.69284e-05
5.69264e-05
5.69245e-05
5.69225e-05
5.69206e-05
5.69186e-05
5.69167e-05
5.69147e-05
5.69128e-05
5.69108e-05
5.69089e-05
5.6907e-05
5.6905e-05
5.69031e-05
5.69011e-05
5.68992e-05
5.68973e-05
5.68953e-05
5.68934e-05
5.68914e-05
5.68895e-05
5.68876e-05
5.68856e-05
5.68837e-05
5.68818e-05
5.68798e-05
5.68779e-05
5.6876e-05
5.6874e-05
5.68721e-05
5.68702e-05
5.68682e-05
5.68663e-05
5.68644e-05
5.68625e-05
5.68605e-05
5.68586e-05
5.68567e-05
5.68548e-05
5.68528e-05
5.68509e-05
5.6849e-05
5.68471e-05
5.68451e-05
5.68432e-05
5.68413e-05
5.68394e-05
5.68375e-05
5.68356e-05
5.68336e-05
5.68317e-05
5.68298e-05
5.68279e-05
5.6826e-05
5.68241e-05
5.68222e-05
5.68202e-05
5.68183e-05
5.68164e-05
5.68145e-05
5.68126e-05
5.68107e-05
5.68088e-05
5.68069e-05
5.6805e-05
5.68031e-05
5.68012e-05
5.67993e-05
5.67973e-05
5.67954e-05
5.67935e-05
5.67916e-05
5.67897e-05
5.67878e-05
5.67859e-05
5.6784e-05
5.67821e-05
5.67802e-05
5.67783e-05
5.67764e-05
5.67746e-05
5.67727e-05
5.67708e-05
5.67689e-05
5.6767e-05
5.67651e-05
5.67632e-05
5.67613e-05
5.67594e-05
5.67575e-05
5.67556e-05
5.67537e-05
5.67519e-05
5.675e-05
5.67481e-05
5.67462e-05
5.67443e-05
5.67424e-05
5.67405e-05
5.67387e-05
5.67368e-05
5.67349e-05
5.6733e-05
5.67311e-05
5.67292e-05
5.67274e-05
5.67255e-05
5.67236e-05
5.67217e-05
5.67199e-05
5.6718e-05
5.67161e-05
5.67142e-05
5.67124e-05
5.67105e-05
5.67086e-05
5.67067e-05
5.67049e-05
5.6703e-05
5.67011e-05
5.66993e-05
5.66974e-05
5.66955e-05
5.66937e-05
5.66918e-05
5.66899e-05
5.66881e-05
5.66862e-05
5.66843e-05
5.66825e-05
5.66806e-05
5.66787e-05
5.66769e-05
5.6675e-05
5.66731e-05
5.66713e-05
5.66694e-05
5.66676e-05
5.66657e-05
5.66639e-05
5.6662e-05
5.66601e-05
5.66583e-05
5.66564e-05
5.66546e-05
5.66527e-05
5.66509e-05
5.6649e-05
5.66472e-05
5.66453e-05
5.66435e-05
5.66416e-05
5.66398e-05
5.66379e-05
5.66361e-05
5.66342e-05
5.66324e-05
5.66305e-05
5.66287e-05
5.66268e-05
5.6625e-05
5.66232e-05
5.66213e-05
5.66195e-05
5.66176e-05
5.66158e-05
5.6614e-05
5.66121e-05
5.66103e-05
5.66084e-05
5.66066e-05
5.66048e-05
5.66029e-05
5.66011e-05
5.65993e-05
5.65974e-05
5.65956e-05
5.65938e-05
5.65919e-05
5.65901e-05
5.65883e-05
5.65864e-05
5.65846e-05
5.65828e-05
5.65809e-05
5.65791e-05
5.65773e-05
5.65755e-05
5.65736e-05
5.65718e-05
5.657e-05
5.65682e-05
5.65663e-05
5.65645e-05
5.65627e-05
5.65609e-05
5.65591e-05
5.65572e-05
5.65554e-05
5.65536e-05
5.65518e-05
5.655e-05
5.65481e-05
5.65463e-05
5.65445e-05
5.65427e-05
5.65409e-05
5.65391e-05
5.65373e-05
5.65354e-05
5.65336e-05
5.65318e-05
5.653e-05
5.65282e-05
5.65264e-05
5.65246e-05
5.65228e-05
5.6521e-05
5.65192e-05
5.65173e-05
5.65155e-05
5.65137e-05
5.65119e-05
5.65101e-05
5.65083e-05
5.65065e-05
5.65047e-05
5.65029e-05
5.65011e-05
5.64993e-05
5.64975e-05
5.64957e-05
5.64939e-05
5.64921e-05
5.64903e-05
5.64885e-05
5.64867e-05
5.64849e-05
5.64831e-05
5.64814e-05
5.64796e-05
5.64778e-05
5.6476e-05
5.64742e-05
5.64724e-05
5.64706e-05
5.64688e-05
5.6467e-05
5.64652e-05
5.64634e-05
5.64617e-05
5.64599e-05
5.64581e-05
5.64563e-05
5.64545e-05
5.64527e-05
5.64509e-05
5.64492e-05
5.64474e-05
5.64456e-05
5.64438e-05
5.6442e-05
5.64403e-05
5.64385e-05
5.64367e-05
5.64349e-05
5.64331e-05
5.64314e-05
5.64296e-05
5.64278e-05
5.6426e-05
5.64243e-05
5.64225e-05
5.64207e-05
5.64189e-05
5.64172e-05
5.64154e-05
5.64136e-05
5.64119e-05
5.64101e-05
5.64083e-05
5.64066e-05
5.64048e-05
5.6403e-05
5.64013e-05
5.63995e-05
5.63977e-05
5.6396e-05
5.63942e-05
5.63924e-05
5.63907e-05
5.63889e-05
5.63871e-05
5.63854e-05
5.63836e-05
5.63819e-05
5.63801e-05
5.63783e-05
5.63766e-05
5.63748e-05
5.63731e-05
5.63713e-05
5.63696e-05
5.63678e-05
5.6366e-05
5.63643e-05
5.63625e-05
5.63608e-05
5.6359e-05
5.63573e-05
5.63555e-05
5.63538e-05
5.6352e-05
5.63503e-05
5.63485e-05
5.63468e-05
5.6345e-05
5.63433e-05
5.63415e-05
5.63398e-05
5.63381e-05
5.63363e-05
5.63346e-05
5.63328e-05
5.63311e-05
5.63293e-05
5.63276e-05
5.63259e-05
5.63241e-05
5.63224e-05
5.63206e-05
5.63189e-05
5.63172e-05
5.63154e-05
5.63137e-05
5.6312e-05
5.63102e-05
5.63085e-05
5.63067e-05
5.6305e-05
5.63033e-05
5.63015e-05
5.62998e-05
5.62981e-05
5.62964e-05
5.62946e-05
5.62929e-05
5.62912e-05
5.62894e-05
5.62877e-05
5.6286e-05
5.62843e-05
5.62825e-05
5.62808e-05
5.62791e-05
5.62774e-05
5.62756e-05
5.62739e-05
5.62722e-05
5.62705e-05
5.62687e-05
5.6267e-05
5.62653e-05
5.62636e-05
5.62619e-05
5.62601e-05
5.62584e-05
5.62567e-05
5.6255e-05
5.62533e-05
5.62516e-05
5.62498e-05
5.62481e-05
5.62464e-05
5.62447e-05
5.6243e-05
5.62413e-05
5.62396e-05
5.62378e-05
5.62361e-05
5.62344e-05
5.62327e-05
5.6231e-05
5.62293e-05
5.62276e-05
5.62259e-05
5.62242e-05
5.62225e-05
5.62208e-05
5.62191e-05
5.62174e-05
5.62157e-05
5.6214e-05
5.62123e-05
5.62105e-05
5.62088e-05
5.62071e-05
5.62054e-05
5.62037e-05
5.6202e-05
5.62004e-05
5.61987e-05
5.6197e-05
5.61953e-05
5.61936e-05
5.61919e-05
5.61902e-05
5.61885e-05
5.61868e-05
5.61851e-05
5.61834e-05
5.61817e-05
5.618e-05
5.61783e-05
5.61766e-05
5.61749e-05
5.61733e-05
5.61716e-05
5.61699e-05
5.61682e-05
5.61665e-05
5.61648e-05
5.61631e-05
5.61614e-05
5.61598e-05
5.61581e-05
5.61564e-05
5.61547e-05
5.6153e-05
5.61513e-05
5.61497e-05
5.6148e-05
5.61463e-05
5.61446e-05
5.61429e-05
5.61413e-05
5.61396e-05
5.61379e-05
5.61362e-05
5.61346e-05
5.61329e-05
5.61312e-05
5.61295e-05
5.61279e-05
5.61262e-05
5.61245e-05
5.61228e-05
5.61212e-05
5.61195e-05
5.61178e-05
5.61161e-05
5.61145e-05
5.61128e-05
5.61111e-05
5.61095e-05
5.61078e-05
5.61061e-05
5.61045e-05
5.61028e-05
5.61011e-05
5.60995e-05
5.60978e-05
5.60962e-05
5.60945e-05
5.60928e-05
5.60912e-05
5.60895e-05
5.60878e-05
5.60862e-05
5.60845e-05
5.60829e-05
5.60812e-05
5.60795e-05
5.60779e-05
5.60762e-05
5.60746e-05
5.60729e-05
5.60713e-05
5.60696e-05
5.6068e-05
5.60663e-05
5.60646e-05
5.6063e-05
5.60613e-05
5.60597e-05
5.6058e-05
5.60564e-05
5.60547e-05
5.60531e-05
5.60514e-05
5.60498e-05
5.60481e-05
5.60465e-05
5.60449e-05
5.60432e-05
5.60416e-05
5.60399e-05
5.60383e-05
5.60366e-05
5.6035e-05
5.60333e-05
5.60317e-05
5.60301e-05
5.60284e-05
5.60268e-05
5.60251e-05
5.60235e-05
5.60219e-05
5.60202e-05
5.60186e-05
5.60169e-05
5.60153e-05
5.60137e-05
5.6012e-05
5.60104e-05
5.60088e-05
5.60071e-05
5.60055e-05
5.60039e-05
5.60022e-05
5.60006e-05
5.5999e-05
5.59973e-05
5.59957e-05
5.59941e-05
5.59925e-05
5.59908e-05
5.59892e-05
5.59876e-05
5.59859e-05
5.59843e-05
5.59827e-05
5.59811e-05
5.59794e-05
5.59778e-05
5.59762e-05
5.59746e-05
5.59729e-05
5.59713e-05
5.59697e-05
5.59681e-05
5.59665e-05
5.59648e-05
5.59632e-05
5.59616e-05
5.596e-05
5.59584e-05
5.59568e-05
5.59551e-05
5.59535e-05
5.59519e-05
5.59503e-05
5.59487e-05
5.59471e-05
5.59454e-05
5.59438e-05
5.59422e-05
5.59406e-05
5.5939e-05
5.59374e-05
5.59358e-05
5.59342e-05
5.59326e-05
5.59309e-05
5.59293e-05
5.59277e-05
5.59261e-05
5.59245e-05
5.59229e-05
5.59213e-05
5.59197e-05
5.59181e-05
5.59165e-05
5.59149e-05
5.59133e-05
5.59117e-05
5.59101e-05
5.59085e-05
5.59069e-05
5.59053e-05
5.59037e-05
5.59021e-05
5.59005e-05
5.58989e-05
5.58973e-05
5.58957e-05
5.58941e-05
5.58925e-05
5.58909e-05
5.58893e-05
5.58877e-05
5.58861e-05
5.58845e-05
5.58829e-05
5.58813e-05
5.58797e-05
5.58782e-05
5.58766e-05
5.5875e-05
5.58734e-05
5.58718e-05
5.58702e-05
5.58686e-05
5.5867e-05
5.58654e-05
5.58639e-05
5.58623e-05
5.58607e-05
5.58591e-05
5.58575e-05
5.58559e-05
5.58543e-05
5.58528e-05
5.58512e-05
5.58496e-05
5.5848e-05
5.58464e-05
5.58449e-05
5.58433e-05
5.58417e-05
5.58401e-05
5.58385e-05
5.5837e-05
5.58354e-05
5.58338e-05
5.58322e-05
5.58307e-05
5.58291e-05
5.58275e-05
5.58259e-05
5.58244e-05
5.58228e-05
5.58212e-05
5.58196e-05
5.58181e-05
5.58165e-05
5.58149e-05
5.58134e-05
5.58118e-05
5.58102e-05
5.58086e-05
5.58071e-05
5.58055e-05
5.58039e-05
5.58024e-05
5.58008e-05
5.57992e-05
5.57977e-05
5.57961e-05
5.57945e-05
5.5793e-05
5.57914e-05
5.57899e-05
5.57883e-05
5.57867e-05
5.57852e-05
5.57836e-05
5.57821e-05
5.57805e-05
5.57789e-05
5.57774e-05
5.57758e-05
5.57743e-05
5.57727e-05
5.57711e-05
5.57696e-05
5.5768e-05
5.57665e-05
5.57649e-05
5.57634e-05
5.57618e-05
5.57603e-05
5.57587e-05
5.57572e-05
5.57556e-05
5.57541e-05
5.57525e-05
5.5751e-05
5.57494e-05
5.57479e-05
5.57463e-05
5.57448e-05
5.57432e-05
5.57417e-05
5.57401e-05
5.57386e-05
5.5737e-05
5.57355e-05
5.57339e-05
5.57324e-05
5.57309e-05
5.57293e-05
5.57278e-05
5.57262e-05
5.57247e-05
5.57231e-05
5.57216e-05
5.57201e-05
5.57185e-05
5.5717e-05
5.57155e-05
5.57139e-05
5.57124e-05
5.57108e-05
5.57093e-05
5.57078e-05
5.57062e-05
5.57047e-05
5.57032e-05
5.57016e-05
5.57001e-05
5.56986e-05
5.5697e-05
5.56955e-05
5.5694e-05
5.56924e-05
5.56909e-05
5.56894e-05
5.56878e-05
5.56863e-05
5.56848e-05
5.56833e-05
5.56817e-05
5.56802e-05
5.56787e-05
5.56772e-05
5.56756e-05
5.56741e-05
5.56726e-05
5.56711e-05
5.56695e-05
5.5668e-05
5.56665e-05
5.5665e-05
5.56634e-05
5.56619e-05
5.56604e-05
5.56589e-05
5.56574e-05
5.56558e-05
5.56543e-05
5.56528e-05
5.56513e-05
5.56498e-05
5.56483e-05
5.56467e-05
5.56452e-05
5.56437e-05
5.56422e-05
5.56407e-05
5.56392e-05
5.56376e-05
5.56361e-05
5.56346e-05
5.56331e-05
5.56316e-05
5.56301e-05
5.56286e-05
5.56271e-05
5.56256e-05
5.56241e-05
5.56225e-05
5.5621e-05
5.56195e-05
5.5618e-05
5.56165e-05
5.5615e-05
5.56135e-05
5.5612e-05
5.56105e-05
5.5609e-05
5.56075e-05
5.5606e-05
5.56045e-05
5.5603e-05
5.56015e-05
5.56e-05
5.55985e-05
5.5597e-05
5.55955e-05
5.5594e-05
5.55925e-05
5.5591e-05
5.55895e-05
5.5588e-05
5.55865e-05
5.5585e-05
5.55835e-05
5.5582e-05
5.55805e-05
5.5579e-05
5.55775e-05
5.5576e-05
5.55745e-05
5.5573e-05
5.55715e-05
5.55701e-05
5.55686e-05
5.55671e-05
5.55656e-05
5.55641e-05
5.55626e-05
5.55611e-05
5.55596e-05
5.55581e-05
5.55566e-05
5.55552e-05
5.55537e-05
5.55522e-05
5.55507e-05
5.55492e-05
5.55477e-05
5.55463e-05
5.55448e-05
5.55433e-05
5.55418e-05
5.55403e-05
5.55388e-05
5.55374e-05
5.55359e-05
5.55344e-05
5.55329e-05
5.55314e-05
5.553e-05
5.55285e-05
5.5527e-05
5.55255e-05
5.5524e-05
5.55226e-05
5.55211e-05
5.55196e-05
5.55181e-05
5.55167e-05
5.55152e-05
5.55137e-05
5.55123e-05
5.55108e-05
5.55093e-05
5.55078e-05
5.55064e-05
5.55049e-05
5.55034e-05
5.5502e-05
5.55005e-05
5.5499e-05
5.54975e-05
5.54961e-05
5.54946e-05
5.54931e-05
5.54917e-05
5.54902e-05
5.54887e-05
5.54873e-05
5.54858e-05
5.54843e-05
5.54829e-05
5.54814e-05
5.548e-05
5.54785e-05
5.5477e-05
5.54756e-05
5.54741e-05
5.54727e-05
5.54712e-05
5.54697e-05
5.54683e-05
5.54668e-05
5.54654e-05
5.54639e-05
5.54624e-05
5.5461e-05
5.54595e-05
5.54581e-05
5.54566e-05
5.54552e-05
5.54537e-05
5.54523e-05
5.54508e-05
5.54493e-05
5.54479e-05
5.54464e-05
5.5445e-05
5.54435e-05
5.54421e-05
5.54406e-05
5.54392e-05
5.54377e-05
5.54363e-05
5.54348e-05
5.54334e-05
5.54319e-05
5.54305e-05
5.54291e-05
5.54276e-05
5.54262e-05
5.54247e-05
5.54233e-05
5.54218e-05
5.54204e-05
5.54189e-05
5.54175e-05
5.54161e-05
5.54146e-05
5.54132e-05
5.54117e-05
5.54103e-05
5.54088e-05
5.54074e-05
5.5406e-05
5.54045e-05
5.54031e-05
5.54017e-05
5.54002e-05
5.53988e-05
5.53973e-05
5.53959e-05
5.53945e-05
5.5393e-05
5.53916e-05
5.53902e-05
5.53887e-05
5.53873e-05
5.53859e-05
5.53844e-05
5.5383e-05
5.53816e-05
5.53801e-05
5.53787e-05
5.53773e-05
5.53758e-05
5.53744e-05
5.5373e-05
5.53716e-05
5.53701e-05
5.53687e-05
5.53673e-05
5.53658e-05
5.53644e-05
5.5363e-05
5.53616e-05
5.53601e-05
5.53587e-05
5.53573e-05
5.53559e-05
5.53545e-05
5.5353e-05
5.53516e-05
5.53502e-05
5.53488e-05
5.53473e-05
5.53459e-05
5.53445e-05
5.53431e-05
5.53417e-05
5.53402e-05
5.53388e-05
5.53374e-05
5.5336e-05
5.53346e-05
5.53332e-05
5.53317e-05
5.53303e-05
5.53289e-05
5.53275e-05
5.53261e-05
5.53247e-05
5.53233e-05
5.53218e-05
5.53204e-05
5.5319e-05
5.53176e-05
5.53162e-05
5.53148e-05
5.53134e-05
5.5312e-05
5.53106e-05
5.53091e-05
5.53077e-05
5.53063e-05
5.53049e-05
5.53035e-05
5.53021e-05
5.53007e-05
5.52993e-05
5.52979e-05
5.52965e-05
5.52951e-05
5.52937e-05
5.52923e-05
5.52909e-05
5.52895e-05
5.52881e-05
5.52867e-05
5.52853e-05
5.52839e-05
5.52825e-05
5.52811e-05
5.52797e-05
5.52783e-05
5.52769e-05
5.52755e-05
5.52741e-05
5.52727e-05
5.52713e-05
5.52699e-05
5.52685e-05
5.52671e-05
5.52657e-05
5.52643e-05
5.52629e-05
5.52615e-05
5.52601e-05
5.52587e-05
5.52573e-05
5.52559e-05
5.52545e-05
5.52531e-05
5.52518e-05
5.52504e-05
5.5249e-05
5.52476e-05
5.52462e-05
5.52448e-05
5.52434e-05
5.5242e-05
5.52406e-05
5.52393e-05
5.52379e-05
5.52365e-05
5.52351e-05
5.52337e-05
5.52323e-05
5.52309e-05
5.52296e-05
5.52282e-05
5.52268e-05
5.52254e-05
5.5224e-05
5.52226e-05
5.52213e-05
5.52199e-05
5.52185e-05
5.52171e-05
5.52157e-05
5.52144e-05
5.5213e-05
5.52116e-05
5.52102e-05
5.52089e-05
5.52075e-05
5.52061e-05
5.52047e-05
5.52033e-05
5.5202e-05
5.52006e-05
5.51992e-05
5.51978e-05
5.51965e-05
5.51951e-05
5.51937e-05
5.51924e-05
5.5191e-05
5.51896e-05
5.51882e-05
5.51869e-05
5.51855e-05
5.51841e-05
5.51828e-05
5.51814e-05
5.518e-05
5.51787e-05
5.51773e-05
5.51759e-05
5.51746e-05
5.51732e-05
5.51718e-05
5.51705e-05
5.51691e-05
5.51677e-05
5.51664e-05
5.5165e-05
5.51636e-05
5.51623e-05
5.51609e-05
5.51595e-05
5.51582e-05
5.51568e-05
5.51555e-05
5.51541e-05
5.51527e-05
5.51514e-05
5.515e-05
5.51487e-05
5.51473e-05
5.51459e-05
5.51446e-05
5.51432e-05
5.51419e-05
5.51405e-05
5.51392e-05
5.51378e-05
5.51364e-05
5.51351e-05
5.51337e-05
5.51324e-05
5.5131e-05
5.51297e-05
5.51283e-05
5.5127e-05
5.51256e-05
5.51243e-05
5.51229e-05
5.51216e-05
5.51202e-05
5.51189e-05
5.51175e-05
5.51162e-05
5.51148e-05
5.51135e-05
5.51121e-05
5.51108e-05
5.51094e-05
5.51081e-05
5.51067e-05
5.51054e-05
5.5104e-05
5.51027e-05
5.51014e-05
5.51e-05
5.50987e-05
5.50973e-05
5.5096e-05
5.50946e-05
5.50933e-05
5.5092e-05
5.50906e-05
5.50893e-05
5.50879e-05
5.50866e-05
5.50853e-05
5.50839e-05
5.50826e-05
5.50812e-05
5.50799e-05
5.50786e-05
5.50772e-05
5.50759e-05
5.50746e-05
5.50732e-05
5.50719e-05
5.50706e-05
5.50692e-05
5.50679e-05
5.50666e-05
5.50652e-05
5.50639e-05
5.50626e-05
5.50612e-05
5.50599e-05
5.50586e-05
5.50572e-05
5.50559e-05
5.50546e-05
5.50532e-05
5.50519e-05
5.50506e-05
5.50493e-05
5.50479e-05
5.50466e-05
5.50453e-05
5.50439e-05
5.50426e-05
5.50413e-05
5.504e-05
5.50386e-05
5.50373e-05
5.5036e-05
5.50347e-05
5.50333e-05
5.5032e-05
5.50307e-05
5.50294e-05
5.50281e-05
5.50267e-05
5.50254e-05
5.50241e-05
5.50228e-05
5.50215e-05
5.50201e-05
5.50188e-05
5.50175e-05
5.50162e-05
5.50149e-05
5.50135e-05
5.50122e-05
5.50109e-05
5.50096e-05
5.50083e-05
5.5007e-05
5.50056e-05
5.50043e-05
5.5003e-05
5.50017e-05
5.50004e-05
5.49991e-05
5.49978e-05
5.49965e-05
5.49951e-05
5.49938e-05
5.49925e-05
5.49912e-05
5.49899e-05
5.49886e-05
5.49873e-05
5.4986e-05
5.49847e-05
5.49834e-05
5.4982e-05
5.49807e-05
5.49794e-05
5.49781e-05
5.49768e-05
5.49755e-05
5.49742e-05
5.49729e-05
5.49716e-05
5.49703e-05
5.4969e-05
5.49677e-05
5.49664e-05
5.49651e-05
5.49638e-05
5.49625e-05
5.49612e-05
5.49599e-05
5.49586e-05
5.49573e-05
5.4956e-05
5.49547e-05
5.49534e-05
5.49521e-05
5.49508e-05
5.49495e-05
5.49482e-05
5.49469e-05
5.49456e-05
5.49443e-05
5.4943e-05
5.49417e-05
5.49404e-05
5.49391e-05
5.49378e-05
5.49365e-05
5.49352e-05
5.49339e-05
5.49326e-05
5.49314e-05
5.49301e-05
5.49288e-05
5.49275e-05
5.49262e-05
5.49249e-05
5.49236e-05
5.49223e-05
5.4921e-05
5.49197e-05
5.49185e-05
5.49172e-05
5.49159e-05
5.49146e-05
5.49133e-05
5.4912e-05
5.49107e-05
5.49094e-05
5.49082e-05
5.49069e-05
5.49056e-05
5.49043e-05
5.4903e-05
5.49017e-05
5.49005e-05
5.48992e-05
5.48979e-05
5.48966e-05
5.48953e-05
5.48941e-05
5.48928e-05
5.48915e-05
5.48902e-05
5.48889e-05
5.48877e-05
5.48864e-05
5.48851e-05
5.48838e-05
5.48825e-05
5.48813e-05
5.488e-05
5.48787e-05
5.48774e-05
5.48762e-05
5.48749e-05
5.48736e-05
5.48723e-05
5.48711e-05
5.48698e-05
5.48685e-05
5.48672e-05
5.4866e-05
5.48647e-05
5.48634e-05
5.48622e-05
5.48609e-05
5.48596e-05
5.48583e-05
5.48571e-05
5.48558e-05
5.48545e-05
5.48533e-05
5.4852e-05
5.48507e-05
5.48495e-05
5.48482e-05
5.48469e-05
5.48457e-05
5.48444e-05
5.48431e-05
5.48419e-05
5.48406e-05
5.48393e-05
5.48381e-05
5.48368e-05
5.48355e-05
5.48343e-05
5.4833e-05
5.48318e-05
5.48305e-05
5.48292e-05
5.4828e-05
5.48267e-05
5.48255e-05
5.48242e-05
5.48229e-05
5.48217e-05
5.48204e-05
5.48192e-05
5.48179e-05
5.48166e-05
5.48154e-05
5.48141e-05
5.48129e-05
5.48116e-05
5.48104e-05
5.48091e-05
5.48079e-05
5.48066e-05
5.48053e-05
5.48041e-05
5.48028e-05
5.48016e-05
5.48003e-05
5.47991e-05
5.47978e-05
5.47966e-05
5.47953e-05
5.47941e-05
5.47928e-05
5.47916e-05
5.47903e-05
5.47891e-05
5.47878e-05
5.47866e-05
5.47853e-05
5.47841e-05
5.47828e-05
5.47816e-05
5.47803e-05
5.47791e-05
5.47778e-05
5.47766e-05
5.47754e-05
5.47741e-05
5.47729e-05
5.47716e-05
5.47704e-05
5.47691e-05
5.47679e-05
5.47667e-05
5.47654e-05
5.47642e-05
5.47629e-05
5.47617e-05
5.47604e-05
5.47592e-05
5.4758e-05
5.47567e-05
5.47555e-05
5.47542e-05
5.4753e-05

