5e-05
5e-05
5e-05
5e-05
5e-05
5e-05
5e-05
5e-05
5e-05
5e-05
5e-05
5e-05
5e-05
5e-05
5e-05
5e-05
5e-05
5e-05
5e-05
5e-05
5e-05
5e-05
5e-05
5e-05
5e-05
5e-05
5e-05
5e-05
5e-05
5e-05
5e-05
5e-05
5e-05
5e-05
5e-05
5e-05
5e-05
5e-05
5e-05
5e-05
5e-05
5e-05
5e-05
5e-05
5e-05
5e-05
5e-05
5e-05
5e-05
5e-05
5e-05
5e-05
5e-05
5e-05
5e-05
5e-05
5e-05
5e-05
5e-05
5e-05
5e-05
5e-05
5e-05
5e-05
5e-05
5e-05
5e-05
5e-05
5e-05
5e-05
5e-05
5e-05
5e-05
5e-05
5e-05
5e-05
5e-05
5e-05
5e-05
5e-05
5e-05
5e-05
5e-05
5e-05
5e-05
5e-05
5e-05
5e-05
5e-05
5e-05
5e-05
5e-05
5e-05
5e-05
5e-05
5e-05
5e-05
5e-05
5e-05
5e-05
5e-05
5e-05
5e-05
5e-05
5e-05
5e-05
5e-05
5e-05
5e-05
5e-05
5e-05
5e-05
5e-05
5e-05
5e-05
5e-05
5e-05
5e-05
5e-05
5e-05
5e-05
5e-05
5e-05
5e-05
5e-05
5e-05
5e-05
5e-05
5e-05
5e-05
5e-05
5e-05
5e-05
5e-05
5e-05
5e-05
5e-05
5e-05
5e-05
5e-05
5e-05
5e-05
5e-05
5e-05
5e-05
5e-05
5e-05
5e-05
5e-05
5e-05
5e-05
5e-05
5e-05
5e-05
5e-05
5e-05
5e-05
5e-05
5e-05
5e-05
5e-05
5e-05
5e-05
5e-05
5e-05
5e-05
5e-05
5e-05
5e-05
5e-05
5e-05
5e-05
5e-05
5e-05
5e-05
5e-05
5e-05
5e-05
5e-05
5e-05
5e-05
5e-05
5e-05
5e-05
5e-05
5e-05
5e-05
5e-05
5e-05
5e-05
5e-05
5e-05
5e-05
5e-05
5e-05
5e-05
5e-05
5e-05
5e-05
5e-05
5e-05
5e-05
5e-05
5e-05
5e-05
5e-05
5e-05
5e-05
5e-05
5e-05
5e-05
5e-05
5e-05
5e-05
5e-05
5e-05
5e-05
5e-05
5e-05
5e-05
5e-05
5e-05
5e-05
5e-05
5e-05
5e-05
5e-05
5e-05
5e-05
5e-05
5e-05
5e-05
5e-05
5e-05
5e-05
5e-05
5e-05
5e-05
5e-05
5e-05
5e-05
5e-05
5e-05
5e-05
5e-05
5e-05
5e-05
5e-05
5e-05
5e-05
5e-05
5e-05
5e-05
5e-05
5e-05
5e-05
5e-05
5e-05
5e-05
5e-05
5e-05
5e-05
5e-05
5e-05
5e-05
5e-05
5e-05
5e-05
5e-05
5e-05
5e-05
5e-05
5e-05
5e-05
5e-05
5e-05
5e-05
5e-05
5e-05
5e-05
5e-05
5e-05
5e-05
5e-05
5e-05
5e-05
5e-05
5e-05
5e-05
5e-05
5e-05
5e-05
5e-05
5e-05
5e-05
5e-05
5e-05
5e-05
5e-05
5e-05
5e-05
5e-05
5e-05
5e-05
5e-05
5e-05
5e-05
5e-05
5e-05
5e-05
5e-05
5e-05
5e-05
5e-05
5e-05
5e-05
5e-05
5e-05
5e-05
5e-05
5e-05
5e-05
5e-05
5e-05
5e-05
5e-05
5e-05
5e-05
5e-05
5e-05
5e-05
5e-05
5e-05
5e-05
5e-05
5e-05
5e-05
5e-05
5e-05
5e-05
5e-05
5e-05
5e-05
5e-05
5e-05
5e-05
5e-05
5e-05
5e-05
5e-05
5e-05
5e-05
5e-05
5e-05
5e-05
5e-05
5e-05
5e-05
5e-05
5e-05
5e-05
5e-05
5e-05
5e-05
5e-05
5e-05
5e-05
5e-05
5e-05
5e-05
5e-05
5e-05
5e-05
5e-05
5e-05
5e-05
5e-05
5e-05
5e-05
5e-05
5e-05
5e-05
5e-05
5e-05
5e-05
5e-05
5e-05
5e-05
5e-05
5e-05
5e-05
5e-05
5e-05
5e-05
5e-05
5e-05
5e-05
5e-05
5e-05
5e-05
5e-05
5e-05
5e-05
5e-05
5e-05
5e-05
5e-05
5e-05
5e-05
5e-05
5e-05
5e-05
5e-05
5e-05
5e-05
5e-05
5e-05
5e-05
5e-05
5e-05
5e-05
5e-05
5e-05
5e-05
5e-05
5e-05
5e-05
5e-05
5e-05
5e-05
5e-05
5e-05
5e-05
5e-05
5e-05
5e-05
5e-05
5e-05
5e-05
5e-05
5e-05
5e-05
5e-05
5e-05
5e-05
5e-05
5e-05
5e-05
5e-05
5e-05
5e-05
5e-05
5e-05
5e-05
5e-05
5e-05
5e-05
5e-05
5e-05
5e-05
5e-05
5e-05
5e-05
5e-05
5e-05
5e-05
5e-05
5e-05
5e-05
5e-05
5e-05
5e-05
5e-05
5e-05
5e-05
5e-05
5e-05
5e-05
5e-05
5e-05
5e-05
5e-05
5e-05
5e-05
5e-05
5e-05
5e-05
5e-05
5e-05
5e-05
5e-05
5e-05
5e-05
5e-05
5e-05
5e-05
5e-05
5e-05
5e-05
5e-05
5e-05
5e-05
5e-05
5e-05
5e-05
5e-05
5e-05
5e-05
5e-05
5e-05
5e-05
5e-05
5e-05
5e-05
5e-05
5e-05
5e-05
5e-05
5e-05
5e-05
5e-05
5e-05
5e-05
5e-05
5e-05
5e-05
5e-05
5e-05
5e-05
5e-05
5e-05
5e-05
5e-05
5e-05
5e-05
5e-05
5e-05
5e-05
5e-05
5e-05
5e-05
5e-05
5e-05
5e-05
5e-05
5e-05
5e-05
5e-05
5e-05
5e-05
5e-05
5e-05
5e-05
5e-05
5e-05
5e-05
5e-05
5e-05
5e-05
5e-05
5e-05
5e-05
5e-05
5e-05
5e-05
5e-05
5e-05
5e-05
5e-05
5e-05
5e-05
5e-05
5e-05
5e-05
5e-05
5e-05
5e-05
5e-05
5e-05
5e-05
5e-05
5e-05
5e-05
5e-05
5e-05
5e-05
5e-05
5e-05
5e-05
5e-05
5e-05
5e-05
5e-05
5e-05
5e-05
5e-05
5e-05
5e-05
5e-05
5e-05
5e-05
5e-05
5e-05
5e-05
5e-05
5e-05
5e-05
5e-05
5e-05
5e-05
5e-05
5e-05
5e-05
5e-05
5e-05
5e-05
5e-05
5e-05
5e-05
5e-05
5e-05
5e-05
5e-05
5e-05
5e-05
5e-05
5e-05
5e-05
5e-05
5e-05
5e-05
5e-05
5e-05
5e-05
5e-05
5e-05
5e-05
5e-05
5e-05
5e-05
5e-05
5e-05
5e-05
5e-05
5e-05
5e-05
5e-05
5e-05
5e-05
5e-05
5e-05
5e-05
5e-05
5e-05
5e-05
5e-05
5e-05
5e-05
5e-05
5e-05
5e-05
5e-05
5e-05
5e-05
5e-05
5e-05
5e-05
5e-05
5e-05
5e-05
5e-05
5e-05
5e-05
5e-05
5e-05
5e-05
5e-05
5e-05
5e-05
5e-05
5e-05
5e-05
5e-05
5e-05
5e-05
5e-05
5e-05
5e-05
5e-05
5e-05
5e-05
5e-05
5e-05
5e-05
5e-05
5e-05
5e-05
5e-05
5e-05
5e-05
5e-05
5e-05
5e-05
5e-05
5e-05
5e-05
5e-05
5e-05
5e-05
5e-05
5e-05
5e-05
5e-05
5e-05
5e-05
5e-05
5e-05
5e-05
5e-05
5e-05
5e-05
5e-05
5e-05
5e-05
5e-05
5e-05
5e-05
5e-05
5e-05
5e-05
5e-05
5e-05
5e-05
5e-05
5e-05
5e-05
5e-05
5e-05
5e-05
5e-05
5e-05
5e-05
5e-05
5e-05
5e-05
5e-05
5e-05
5e-05
5e-05
5e-05
5e-05
5e-05
5e-05
5e-05
5e-05
5e-05
5e-05
5e-05
5e-05
5e-05
5e-05
5e-05
5e-05
5e-05
5e-05
5e-05
5e-05
5e-05
5e-05
5e-05
5e-05
5e-05
5e-05
5e-05
5e-05
5e-05
5e-05
5e-05
5e-05
5e-05
5e-05
5e-05
5e-05
5e-05
5e-05
5e-05
5e-05
5e-05
5e-05
5e-05
5e-05
5e-05
5e-05
5e-05
5e-05
5e-05
5e-05
5e-05
5e-05
5e-05
5e-05
5e-05
5.00008e-05
5.00028e-05
5.00065e-05
5.00119e-05
5.00195e-05
5.00295e-05
5.0042e-05
5.00576e-05
5.00763e-05
5.00985e-05
5.01244e-05
5.01544e-05
5.01887e-05
5.02276e-05
5.02714e-05
5.03202e-05
5.03745e-05
5.04343e-05
5.05e-05
5.05717e-05
5.06497e-05
5.07343e-05
5.08254e-05
5.09235e-05
5.10287e-05
5.1141e-05
5.12608e-05
5.13881e-05
5.15232e-05
5.16661e-05
5.1817e-05
5.19761e-05
5.21434e-05
5.23191e-05
5.25033e-05
5.26961e-05
5.28977e-05
5.3108e-05
5.33273e-05
5.35555e-05
5.37929e-05
5.40394e-05
5.42951e-05
5.45602e-05
5.48346e-05
5.51185e-05
5.54118e-05
5.57147e-05
5.60272e-05
5.63494e-05
5.66812e-05
5.70228e-05
5.73742e-05
5.77353e-05
5.81063e-05
5.84871e-05
5.88779e-05
5.92785e-05
5.9689e-05
6.01095e-05
6.05399e-05
6.09803e-05
6.14307e-05
6.1891e-05
6.23613e-05
6.28416e-05
6.33318e-05
6.3832e-05
6.43422e-05
6.48623e-05
6.53924e-05
6.59324e-05
6.64823e-05
6.70422e-05
6.76119e-05
6.81915e-05
6.87809e-05
6.93801e-05
6.99892e-05
7.0608e-05
7.12358e-05
7.1872e-05
7.25164e-05
7.31686e-05
7.38283e-05
7.44952e-05
7.5169e-05
7.58494e-05
7.65361e-05
7.72288e-05
7.79271e-05
7.86308e-05
7.93394e-05
8.00528e-05
8.07705e-05
8.14924e-05
8.2218e-05
8.29471e-05
8.36795e-05
8.44148e-05
8.51528e-05
8.58932e-05
8.66358e-05
8.73803e-05
8.81266e-05
8.88744e-05
8.96234e-05
9.03735e-05
9.11244e-05
9.1876e-05
9.2628e-05
9.33804e-05
9.41328e-05
9.48851e-05
9.56372e-05
9.63889e-05
9.714e-05
9.78903e-05
9.86398e-05
9.93883e-05
0.000100136
0.000100882
0.000101626
0.000102369
0.000103111
0.00010385
0.000104588
0.000105323
0.000106057
0.000106788
0.000107517
0.000108244
0.000108968
0.000109689
0.000110408
0.000111124
0.000111837
0.000112547
0.000113254
0.000113958
0.000114659
0.000115356
0.000116051
0.000116742
0.000117429
0.000118113
0.000118794
0.000119471
0.000120145
0.000120814
0.00012148
0.000122143
0.000122801
0.000123456
0.000124107
0.000124754
0.000125397
0.000126036
0.000126671
0.000127302
0.000127929
0.000128552
0.00012917
0.000129785
0.000130396
0.000131002
0.000131604
0.000132202
0.000132796
0.000133385
0.000133971
0.000134552
0.000135129
0.000135701
0.000136269
0.000136833
0.000137393
0.000137948
0.000138499
0.000139046
0.000139589
0.000140127
0.00014066
0.00014119
0.000141715
0.000142236
0.000142753
0.000143265
0.000143773
0.000144277
0.000144776
0.000145271
0.000145762
0.000146249
0.000146731
0.000147209
0.000147683
0.000148153
0.000148618
0.00014908
0.000149537
0.000149989
0.000150438
0.000150883
0.000151323
0.000151759
0.000152191
0.000152619
0.000153043
0.000153463
0.000153879
0.000154291
0.000154698
0.000155102
0.000155502
0.000155897
0.000156289
0.000156677
0.000157061
0.000157441
0.000157817
0.000158189
0.000158557
0.000158922
0.000159283
0.000159639
0.000159992
0.000160342
0.000160687
0.000161029
0.000161367
0.000161702
0.000162033
0.00016236
0.000162683
0.000163003
0.00016332
0.000163632
0.000163942
0.000164247
0.000164549
0.000164848
0.000165143
0.000165435
0.000165724
0.000166008
0.00016629
0.000166568
0.000166843
0.000167115
0.000167383
0.000167648
0.00016791
0.000168168
0.000168424
0.000168676
0.000168925
0.00016917
0.000169413
0.000169653
0.000169889
0.000170122
0.000170353
0.00017058
0.000170804
0.000171026
0.000171244
0.000171459
0.000171672
0.000171881
0.000172088
0.000172292
0.000172493
0.000172691
0.000172886
0.000173079
0.000173269
0.000173456
0.00017364
0.000173822
0.000174001
0.000174177
0.000174351
0.000174522
0.00017469
0.000174856
0.000175019
0.00017518
0.000175338
0.000175493
0.000175647
0.000175797
0.000175946
0.000176091
0.000176235
0.000176376
0.000176514
0.00017665
0.000176784
0.000176916
0.000177045
0.000177172
0.000177297
0.000177419
0.000177539
0.000177657
0.000177773
0.000177887
0.000177998
0.000178107
0.000178215
0.00017832
0.000178423
0.000178523
0.000178622
0.000178719
0.000178814
0.000178906
0.000178997
0.000179086
0.000179172
0.000179257
0.00017934
0.000179421
0.0001795
0.000179577
0.000179652
0.000179726
0.000179797
0.000179867
0.000179935
0.000180001
0.000180065
0.000180128
0.000180189
0.000180248
0.000180305
0.000180361
0.000180415
0.000180467
0.000180517
0.000180566
0.000180614
0.000180659
0.000180703
0.000180746
0.000180787
0.000180826
0.000180864
0.0001809
0.000180935
0.000180968
0.000180999
0.00018103
0.000181058
0.000181085
0.000181111
0.000181136
0.000181158
0.00018118
0.0001812
0.000181219
0.000181236
0.000181252
0.000181266
0.00018128
0.000181292
0.000181302
0.000181311
0.000181319
0.000181326
0.000181331
0.000181336
0.000181339
0.00018134
0.000181341
0.00018134
0.000181338
0.000181335
0.00018133
0.000181325
0.000181318
0.00018131
0.000181301
0.000181291
0.00018128
0.000181267
0.000181254
0.000181239
0.000181223
0.000181207
0.000181189
0.00018117
0.00018115
0.000181129
0.000181107
0.000181084
0.00018106
0.000181035
0.000181009
0.000180982
0.000180954
0.000180925
0.000180895
0.000180864
0.000180833
0.0001808
0.000180766
0.000180732
0.000180696
0.00018066
0.000180623
0.000180585
0.000180546
0.000180506
0.000180466
0.000180424
0.000180382
0.000180339
0.000180295
0.00018025
0.000180204
0.000180158
0.000180111
0.000180063
0.000180014
0.000179964
0.000179914
0.000179863
0.000179811
0.000179759
0.000179705
0.000179651
0.000179597
0.000179541
0.000179485
0.000179428
0.000179371
0.000179313
0.000179254
0.000179194
0.000179134
0.000179073
0.000179012
0.00017895
0.000178887
0.000178824
0.000178759
0.000178695
0.00017863
0.000178564
0.000178497
0.00017843
0.000178362
0.000178294
0.000178225
0.000178156
0.000178086
0.000178015
0.000177944
0.000177873
0.000177801
0.000177728
0.000177655
0.000177581
0.000177507
0.000177432
0.000177356
0.000177281
0.000177204
0.000177127
0.00017705
0.000176972
0.000176894
0.000176815
0.000176736
0.000176656
0.000176576
0.000176496
0.000176415
0.000176333
0.000176251
0.000176169
0.000176086
0.000176003
0.000175919
0.000175835
0.00017575
0.000175665
0.00017558
0.000175494
0.000175408
0.000175322
0.000175235
0.000175148
0.00017506
0.000174972
0.000174884
0.000174795
0.000174706
0.000174616
0.000174526
0.000174436
0.000174346
0.000174255
0.000174164
0.000174072
0.00017398
0.000173888
0.000173795
0.000173703
0.000173609
0.000173516
0.000173422
0.000173328
0.000173234
0.000173139
0.000173044
0.000172949
0.000172853
0.000172757
0.000172661
0.000172565
0.000172468
0.000172371
0.000172274
0.000172176
0.000172078
0.00017198
0.000171882
0.000171784
0.000171685
0.000171586
0.000171487
0.000171387
0.000171287
0.000171187
0.000171087
0.000170987
0.000170886
0.000170785
0.000170684
0.000170583
0.000170481
0.00017038
0.000170278
0.000170176
0.000170073
0.000169971
0.000169868
0.000169765
0.000169662
0.000169559
0.000169455
0.000169351
0.000169247
0.000169143
0.000169039
0.000168935
0.00016883
0.000168726
0.000168621
0.000168516
0.00016841
0.000168305
0.000168199
0.000168094
0.000167988
0.000167882
0.000167776
0.000167669
0.000167563
0.000167456
0.00016735
0.000167243
0.000167136
0.000167029
0.000166922
0.000166814
0.000166707
0.000166599
0.000166491
0.000166383
0.000166275
0.000166167
0.000166059
0.000165951
0.000165842
0.000165734
0.000165625
0.000165516
0.000165408
0.000165299
0.00016519
0.00016508
0.000164971
0.000164862
0.000164752
0.000164643
0.000164533
0.000164424
0.000164314
0.000164204
0.000164094
0.000163984
0.000163874
0.000163764
0.000163654
0.000163543
0.000163433
0.000163322
0.000163212
0.000163101
0.000162991
0.00016288
0.000162769
0.000162658
0.000162547
0.000162436
0.000162325
0.000162214
0.000162103
0.000161992
0.000161881
0.00016177
0.000161658
0.000161547
0.000161436
0.000161324
0.000161213
0.000161101
0.00016099
0.000160878
0.000160766
0.000160655
0.000160543
0.000160431
0.00016032
0.000160208
0.000160096
0.000159984
0.000159872
0.00015976
0.000159649
0.000159537
0.000159425
0.000159313
0.000159201
0.000159089
0.000158977
0.000158865
0.000158753
0.00015864
0.000158528
0.000158416
0.000158304
0.000158192
0.00015808
0.000157968
0.000157856
0.000157744
0.000157632
0.000157519
0.000157407
0.000157295
0.000157183
0.000157071
0.000156959
0.000156847
0.000156735
0.000156622
0.00015651
0.000156398
0.000156286
0.000156174
0.000156062
0.00015595
0.000155838
0.000155726
0.000155614
0.000155502
0.00015539
0.000155278
0.000155166
0.000155054
0.000154942
0.00015483
0.000154718
0.000154607
0.000154495
0.000154383
0.000154271
0.000154159
0.000154048
0.000153936
0.000153824
0.000153713
0.000153601
0.000153489
0.000153378
0.000153266
0.000153155
0.000153043
0.000152932
0.000152821
0.000152709
0.000152598
0.000152487
0.000152375
0.000152264
0.000152153
0.000152042
0.000151931
0.00015182
0.000151709
0.000151598
0.000151487
0.000151376
0.000151265
0.000151154
0.000151044
0.000150933
0.000150822
0.000150712
0.000150601
0.000150491
0.00015038
0.00015027
0.000150159
0.000150049
0.000149939
0.000149828
0.000149718
0.000149608
0.000149498
0.000149388
0.000149278
0.000149168
0.000149058
0.000148949
0.000148839
0.000148729
0.00014862
0.00014851
0.0001484
0.000148291
0.000148182
0.000148072
0.000147963
0.000147854
0.000147745
0.000147636
0.000147527
0.000147418
0.000147309
0.0001472
0.000147091
0.000146982
0.000146874
0.000146765
0.000146657
0.000146548
0.00014644
0.000146331
0.000146223
0.000146115
0.000146007
0.000145899
0.000145791
0.000145683
0.000145575
0.000145467
0.000145359
0.000145252
0.000145144
0.000145037
0.000144929
0.000144822
0.000144715
0.000144607
0.0001445
0.000144393
0.000144286
0.000144179
0.000144072
0.000143966
0.000143859
0.000143752
0.000143646
0.000143539
0.000143433
0.000143327
0.00014322
0.000143114
0.000143008
0.000142902
0.000142796
0.00014269
0.000142584
0.000142479
0.000142373
0.000142268
0.000142162
0.000142057
0.000141951
0.000141846
0.000141741
0.000141636
0.000141531
0.000141426
0.000141321
0.000141216
0.000141112
0.000141007
0.000140903
0.000140798
0.000140694
0.00014059
0.000140485
0.000140381
0.000140277
0.000140173
0.00014007
0.000139966
0.000139862
0.000139759
0.000139655
0.000139552
0.000139448
0.000139345
0.000139242
0.000139139
0.000139036
0.000138933
0.00013883
0.000138728
0.000138625
0.000138522
0.00013842
0.000138317
0.000138215
0.000138113
0.000138011
0.000137909
0.000137807
0.000137705
0.000137603
0.000137502
0.0001374
0.000137299
0.000137197
0.000137096
0.000136995
0.000136893
0.000136792
0.000136691
0.000136591
0.00013649
0.000136389
0.000136288
0.000136188
0.000136088
0.000135987
0.000135887
0.000135787
0.000135687
0.000135587
0.000135487
0.000135387
0.000135287
0.000135188
0.000135088
0.000134989
0.00013489
0.00013479
0.000134691
0.000134592
0.000134493
0.000134394
0.000134296
0.000134197
0.000134098
0.000134
0.000133902
0.000133803
0.000133705
0.000133607
0.000133509
0.000133411
0.000133313
0.000133215
0.000133118
0.00013302
0.000132923
0.000132825
0.000132728
0.000132631
0.000132534
0.000132437
0.00013234
0.000132243
0.000132146
0.00013205
0.000131953
0.000131857
0.000131761
0.000131664
0.000131568
0.000131472
0.000131376
0.00013128
0.000131185
0.000131089
0.000130993
0.000130898
0.000130802
0.000130707
0.000130612
0.000130517
0.000130422
0.000130327
0.000130232
0.000130138
0.000130043
0.000129948
0.000129854
0.00012976
0.000129665
0.000129571
0.000129477
0.000129383
0.000129289
0.000129196
0.000129102
0.000129008
0.000128915
0.000128822
0.000128728
0.000128635
0.000128542
0.000128449
0.000128356
0.000128263
0.000128171
0.000128078
0.000127986
0.000127893
0.000127801
0.000127709
0.000127617
0.000127525
0.000127433
0.000127341
0.000127249
0.000127157
0.000127066
0.000126974
0.000126883
0.000126792
0.000126701
0.00012661
0.000126519
0.000126428
0.000126337
0.000126246
0.000126156
0.000126065
0.000125975
0.000125885
0.000125794
0.000125704
0.000125614
0.000125524
0.000125435
0.000125345
0.000125255
0.000125166
0.000125076
0.000124987
0.000124898
0.000124809
0.00012472
0.000124631
0.000124542
0.000124453
0.000124364
0.000124276
0.000124187
0.000124099
0.000124011
0.000123923
0.000123835
0.000123747
0.000123659
0.000123571
0.000123483
0.000123396
0.000123308
0.000123221
0.000123133
0.000123046
0.000122959
0.000122872
0.000122785
0.000122698
0.000122612
0.000122525
0.000122438
0.000122352
0.000122266
0.000122179
0.000122093
0.000122007
0.000121921
0.000121835
0.000121749
0.000121664
0.000121578
0.000121493
0.000121407
0.000121322
0.000121237
0.000121152
0.000121067
0.000120982
0.000120897
0.000120812
0.000120727
0.000120643
0.000120558
0.000120474
0.00012039
0.000120306
0.000120222
0.000120138
0.000120054
0.00011997
0.000119886
0.000119803
0.000119719
0.000119636
0.000119552
0.000119469
0.000119386
0.000119303
0.00011922
0.000119137
0.000119054
0.000118972
0.000118889
0.000118807
0.000118724
0.000118642
0.00011856
0.000118478
0.000118396
0.000118314
0.000118232
0.00011815
0.000118069
0.000117987
0.000117906
0.000117824
0.000117743
0.000117662
0.000117581
0.0001175
0.000117419
0.000117338
0.000117258
0.000117177
0.000117096
0.000117016
0.000116936
0.000116856
0.000116775
0.000116695
0.000116615
0.000116535
0.000116456
0.000116376
0.000116296
0.000116217
0.000116138
0.000116058
0.000115979
0.0001159
0.000115821
0.000115742
0.000115663
0.000115584
0.000115506
0.000115427
0.000115348
0.00011527
0.000115192
0.000115114
0.000115035
0.000114957
0.000114879
0.000114802
0.000114724
0.000114646
0.000114569
0.000114491
0.000114414
0.000114336
0.000114259
0.000114182
0.000114105
0.000114028
0.000113951
0.000113874
0.000113798
0.000113721
0.000113645
0.000113568
0.000113492
0.000113416
0.00011334
0.000113263
0.000113188
0.000113112
0.000113036
0.00011296
0.000112885
0.000112809
0.000112734
0.000112658
0.000112583
0.000112508
0.000112433
0.000112358
0.000112283
0.000112208
0.000112133
0.000112059
0.000111984
0.00011191
0.000111835
0.000111761
0.000111687
0.000111613
0.000111539
0.000111465
0.000111391
0.000111317
0.000111244
0.00011117
0.000111097
0.000111023
0.00011095
0.000110877
0.000110803
0.00011073
0.000110657
0.000110585
0.000110512
0.000110439
0.000110366
0.000110294
0.000110221
0.000110149
0.000110077
0.000110005
0.000109932
0.00010986
0.000109789
0.000109717
0.000109645
0.000109573
0.000109502
0.00010943
0.000109359
0.000109287
0.000109216
0.000109145
0.000109074
0.000109003
0.000108932
0.000108861
0.00010879
0.00010872
0.000108649
0.000108579
0.000108508
0.000108438
0.000108368
0.000108298
0.000108228
0.000108158
0.000108088
0.000108018
0.000107948
0.000107878
0.000107809
0.000107739
0.00010767
0.000107601
0.000107531
0.000107462
0.000107393
0.000107324
0.000107255
0.000107187
0.000107118
0.000107049
0.000106981
0.000106912
0.000106844
0.000106775
0.000106707
0.000106639
0.000106571
0.000106503
0.000106435
0.000106367
0.0001063
0.000106232
0.000106164
0.000106097
0.000106029
0.000105962
0.000105895
0.000105828
0.000105761
0.000105694
0.000105627
0.00010556
0.000105493
0.000105426
0.00010536
0.000105293
0.000105227
0.00010516
0.000105094
0.000105028
0.000104962
0.000104896
0.00010483
0.000104764
0.000104698
0.000104632
0.000104567
0.000104501
0.000104436
0.00010437
0.000104305
0.00010424
0.000104175
0.000104109
0.000104044
0.00010398
0.000103915
0.00010385
0.000103785
0.000103721
0.000103656
0.000103592
0.000103527
0.000103463
0.000103399
0.000103335
0.000103271
0.000103207
0.000103143
0.000103079
0.000103015
0.000102951
0.000102888
0.000102824
0.000102761
0.000102697
0.000102634
0.000102571
0.000102508
0.000102445
0.000102382
0.000102319
0.000102256
0.000102193
0.000102131
0.000102068
0.000102005
0.000101943
0.000101881
0.000101818
0.000101756
0.000101694
0.000101632
0.00010157
0.000101508
0.000101446
0.000101384
0.000101323
0.000101261
0.0001012
0.000101138
0.000101077
0.000101015
0.000100954
0.000100893
0.000100832
0.000100771
0.00010071
0.000100649
0.000100588
0.000100528
0.000100467
0.000100406
0.000100346
0.000100286
0.000100225
0.000100165
0.000100105
0.000100045
9.99846e-05
9.99246e-05
9.98647e-05
9.98049e-05
9.97451e-05
9.96854e-05
9.96258e-05
9.95663e-05
9.95068e-05
9.94474e-05
9.93881e-05
9.93289e-05
9.92697e-05
9.92106e-05
9.91516e-05
9.90926e-05
9.90337e-05
9.89749e-05
9.89162e-05
9.88575e-05
9.87989e-05
9.87404e-05
9.8682e-05
9.86236e-05
9.85653e-05
9.8507e-05
9.84489e-05
9.83908e-05
9.83328e-05
9.82748e-05
9.8217e-05
9.81591e-05
9.81014e-05
9.80437e-05
9.79862e-05
9.79286e-05
9.78712e-05
9.78138e-05
9.77565e-05
9.76992e-05
9.76421e-05
9.7585e-05
9.75279e-05
9.7471e-05
9.74141e-05
9.73573e-05
9.73005e-05
9.72439e-05
9.71872e-05
9.71307e-05
9.70742e-05
9.70178e-05
9.69615e-05
9.69052e-05
9.6849e-05
9.67929e-05
9.67369e-05
9.66809e-05
9.6625e-05
9.65691e-05
9.65133e-05
9.64576e-05
9.6402e-05
9.63464e-05
9.62909e-05
9.62355e-05
9.61801e-05
9.61248e-05
9.60696e-05
9.60144e-05
9.59593e-05
9.59043e-05
9.58493e-05
9.57944e-05
9.57396e-05
9.56848e-05
9.56301e-05
9.55755e-05
9.5521e-05
9.54665e-05
9.54121e-05
9.53577e-05
9.53034e-05
9.52492e-05
9.5195e-05
9.51409e-05
9.50869e-05
9.5033e-05
9.49791e-05
9.49253e-05
9.48715e-05
9.48178e-05
9.47642e-05
9.47106e-05
9.46572e-05
9.46037e-05
9.45504e-05
9.44971e-05
9.44439e-05
9.43907e-05
9.43376e-05
9.42846e-05
9.42316e-05
9.41787e-05
9.41259e-05
9.40731e-05
9.40204e-05
9.39678e-05
9.39152e-05
9.38627e-05
9.38102e-05
9.37579e-05
9.37055e-05
9.36533e-05
9.36011e-05
9.3549e-05
9.34969e-05
9.34449e-05
9.3393e-05
9.33411e-05
9.32893e-05
9.32376e-05
9.31859e-05
9.31343e-05
9.30828e-05
9.30313e-05
9.29799e-05
9.29285e-05
9.28772e-05
9.2826e-05
9.27748e-05
9.27237e-05
9.26727e-05
9.26217e-05
9.25708e-05
9.252e-05
9.24692e-05
9.24185e-05
9.23678e-05
9.23172e-05
9.22667e-05
9.22162e-05
9.21658e-05
9.21154e-05
9.20652e-05
9.20149e-05
9.19648e-05
9.19147e-05
9.18646e-05
9.18146e-05
9.17647e-05
9.17149e-05
9.16651e-05
9.16154e-05
9.15657e-05
9.15161e-05
9.14665e-05
9.14171e-05
9.13676e-05
9.13183e-05
9.1269e-05
9.12197e-05
9.11705e-05
9.11214e-05
9.10724e-05
9.10234e-05
9.09744e-05
9.09256e-05
9.08767e-05
9.0828e-05
9.07793e-05
9.07306e-05
9.06821e-05
9.06336e-05
9.05851e-05
9.05367e-05
9.04884e-05
9.04401e-05
9.03919e-05
9.03437e-05
9.02956e-05
9.02476e-05
9.01996e-05
9.01517e-05
9.01038e-05
9.0056e-05
9.00083e-05
8.99606e-05
8.9913e-05
8.98654e-05
8.98179e-05
8.97705e-05
8.97231e-05
8.96757e-05
8.96285e-05
8.95813e-05
8.95341e-05
8.9487e-05
8.944e-05
8.9393e-05
8.93461e-05
8.92992e-05
8.92524e-05
8.92056e-05
8.9159e-05
8.91123e-05
8.90657e-05
8.90192e-05
8.89728e-05
8.89264e-05
8.888e-05
8.88337e-05
8.87875e-05
8.87413e-05
8.86952e-05
8.86492e-05
8.86031e-05
8.85572e-05
8.85113e-05
8.84655e-05
8.84197e-05
8.8374e-05
8.83283e-05
8.82827e-05
8.82372e-05
8.81917e-05
8.81462e-05
8.81009e-05
8.80555e-05
8.80103e-05
8.79651e-05
8.79199e-05
8.78748e-05
8.78297e-05
8.77848e-05
8.77398e-05
8.76949e-05
8.76501e-05
8.76054e-05
8.75606e-05
8.7516e-05
8.74714e-05
8.74268e-05
8.73823e-05
8.73379e-05
8.72935e-05
8.72492e-05
8.72049e-05
8.71607e-05
8.71166e-05
8.70724e-05
8.70284e-05
8.69844e-05
8.69404e-05
8.68966e-05
8.68527e-05
8.68089e-05
8.67652e-05
8.67215e-05
8.66779e-05
8.66343e-05
8.65908e-05
8.65474e-05
8.6504e-05
8.64606e-05
8.64173e-05
8.63741e-05
8.63309e-05
8.62878e-05
8.62447e-05
8.62016e-05
8.61587e-05
8.61157e-05
8.60729e-05
8.60301e-05
8.59873e-05
8.59446e-05
8.59019e-05
8.58593e-05
8.58168e-05
8.57743e-05
8.57318e-05
8.56894e-05
8.56471e-05
8.56048e-05
8.55625e-05
8.55203e-05
8.54782e-05
8.54361e-05
8.53941e-05
8.53521e-05
8.53102e-05
8.52683e-05
8.52265e-05
8.51847e-05
8.5143e-05
8.51013e-05
8.50597e-05
8.50181e-05
8.49766e-05
8.49352e-05
8.48937e-05
8.48524e-05
8.48111e-05
8.47698e-05
8.47286e-05
8.46875e-05
8.46463e-05
8.46053e-05
8.45643e-05
8.45233e-05
8.44824e-05
8.44416e-05
8.44008e-05
8.436e-05
8.43193e-05
8.42787e-05
8.42381e-05
8.41975e-05
8.4157e-05
8.41166e-05
8.40762e-05
8.40358e-05
8.39955e-05
8.39552e-05
8.3915e-05
8.38749e-05
8.38348e-05
8.37947e-05
8.37547e-05
8.37148e-05
8.36749e-05
8.3635e-05
8.35952e-05
8.35555e-05
8.35157e-05
8.34761e-05
8.34365e-05
8.33969e-05
8.33574e-05
8.33179e-05
8.32785e-05
8.32392e-05
8.31998e-05
8.31606e-05
8.31213e-05
8.30822e-05
8.3043e-05
8.3004e-05
8.29649e-05
8.2926e-05
8.2887e-05
8.28481e-05
8.28093e-05
8.27705e-05
8.27318e-05
8.26931e-05
8.26544e-05
8.26158e-05
8.25773e-05
8.25388e-05
8.25003e-05
8.24619e-05
8.24236e-05
8.23853e-05
8.2347e-05
8.23088e-05
8.22706e-05
8.22325e-05
8.21944e-05
8.21564e-05
8.21184e-05
8.20805e-05
8.20426e-05
8.20047e-05
8.19669e-05
8.19292e-05
8.18915e-05
8.18538e-05
8.18162e-05
8.17786e-05
8.17411e-05
8.17037e-05
8.16662e-05
8.16289e-05
8.15915e-05
8.15542e-05
8.1517e-05
8.14798e-05
8.14427e-05
8.14056e-05
8.13685e-05
8.13315e-05
8.12945e-05
8.12576e-05
8.12207e-05
8.11839e-05
8.11471e-05
8.11104e-05
8.10737e-05
8.1037e-05
8.10004e-05
8.09639e-05
8.09274e-05
8.08909e-05
8.08545e-05
8.08181e-05
8.07818e-05
8.07455e-05
8.07092e-05
8.0673e-05
8.06369e-05
8.06008e-05
8.05647e-05
8.05287e-05
8.04927e-05
8.04568e-05
8.04209e-05
8.0385e-05
8.03492e-05
8.03135e-05
8.02778e-05
8.02421e-05
8.02065e-05
8.01709e-05
8.01353e-05
8.00999e-05
8.00644e-05
8.0029e-05
7.99936e-05
7.99583e-05
7.9923e-05
7.98878e-05
7.98526e-05
7.98175e-05
7.97824e-05
7.97473e-05
7.97123e-05
7.96773e-05
7.96424e-05
7.96075e-05
7.95727e-05
7.95379e-05
7.95031e-05
7.94684e-05
7.94337e-05
7.93991e-05
7.93645e-05
7.933e-05
7.92955e-05
7.9261e-05
7.92266e-05
7.91922e-05
7.91579e-05
7.91236e-05
7.90893e-05
7.90551e-05
7.9021e-05
7.89869e-05
7.89528e-05
7.89187e-05
7.88847e-05
7.88508e-05
7.88169e-05
7.8783e-05
7.87492e-05
7.87154e-05
7.86816e-05
7.86479e-05
7.86143e-05
7.85807e-05
7.85471e-05
7.85135e-05
7.848e-05
7.84466e-05
7.84132e-05
7.83798e-05
7.83465e-05
7.83132e-05
7.82799e-05
7.82467e-05
7.82135e-05
7.81804e-05
7.81473e-05
7.81143e-05
7.80813e-05
7.80483e-05
7.80154e-05
7.79825e-05
7.79496e-05
7.79168e-05
7.78841e-05
7.78513e-05
7.78186e-05
7.7786e-05
7.77534e-05
7.77208e-05
7.76883e-05
7.76558e-05
7.76234e-05
7.7591e-05
7.75586e-05
7.75263e-05
7.7494e-05
7.74617e-05
7.74295e-05
7.73974e-05
7.73652e-05
7.73332e-05
7.73011e-05
7.72691e-05
7.72371e-05
7.72052e-05
7.71733e-05
7.71415e-05
7.71096e-05
7.70779e-05
7.70461e-05
7.70144e-05
7.69828e-05
7.69512e-05
7.69196e-05
7.6888e-05
7.68565e-05
7.68251e-05
7.67936e-05
7.67623e-05
7.67309e-05
7.66996e-05
7.66683e-05
7.66371e-05
7.66059e-05
7.65747e-05
7.65436e-05
7.65125e-05
7.64815e-05
7.64505e-05
7.64195e-05
7.63886e-05
7.63577e-05
7.63268e-05
7.6296e-05
7.62653e-05
7.62345e-05
7.62038e-05
7.61731e-05
7.61425e-05
7.61119e-05
7.60814e-05
7.60509e-05
7.60204e-05
7.59899e-05
7.59595e-05
7.59292e-05
7.58989e-05
7.58686e-05
7.58383e-05
7.58081e-05
7.57779e-05
7.57478e-05
7.57177e-05
7.56876e-05
7.56576e-05
7.56276e-05
7.55976e-05
7.55677e-05
7.55378e-05
7.55079e-05
7.54781e-05
7.54484e-05
7.54186e-05
7.53889e-05
7.53592e-05
7.53296e-05
7.53e-05
7.52705e-05
7.52409e-05
7.52115e-05
7.5182e-05
7.51526e-05
7.51232e-05
7.50939e-05
7.50646e-05
7.50353e-05
7.50061e-05
7.49769e-05
7.49477e-05
7.49186e-05
7.48895e-05
7.48604e-05
7.48314e-05
7.48024e-05
7.47735e-05
7.47446e-05
7.47157e-05
7.46868e-05
7.4658e-05
7.46293e-05
7.46005e-05
7.45718e-05
7.45431e-05
7.45145e-05
7.44859e-05
7.44573e-05
7.44288e-05
7.44003e-05
7.43719e-05
7.43434e-05
7.43151e-05
7.42867e-05
7.42584e-05
7.42301e-05
7.42018e-05
7.41736e-05
7.41454e-05
7.41173e-05
7.40892e-05
7.40611e-05
7.40331e-05
7.40051e-05
7.39771e-05
7.39491e-05
7.39212e-05
7.38934e-05
7.38655e-05
7.38377e-05
7.38099e-05
7.37822e-05
7.37545e-05
7.37268e-05
7.36992e-05
7.36716e-05
7.3644e-05
7.36165e-05
7.3589e-05
7.35615e-05
7.35341e-05
7.35067e-05
7.34793e-05
7.3452e-05
7.34247e-05
7.33974e-05
7.33702e-05
7.3343e-05
7.33158e-05
7.32887e-05
7.32616e-05
7.32345e-05
7.32075e-05
7.31804e-05
7.31535e-05
7.31265e-05
7.30996e-05
7.30728e-05
7.30459e-05
7.30191e-05
7.29923e-05
7.29656e-05
7.29389e-05
7.29122e-05
7.28856e-05
7.2859e-05
7.28324e-05
7.28058e-05
7.27793e-05
7.27528e-05
7.27264e-05
7.27e-05
7.26736e-05
7.26472e-05
7.26209e-05
7.25946e-05
7.25684e-05
7.25421e-05
7.2516e-05
7.24898e-05
7.24637e-05
7.24376e-05
7.24115e-05
7.23855e-05
7.23595e-05
7.23335e-05
7.23076e-05
7.22816e-05
7.22558e-05
7.22299e-05
7.22041e-05
7.21783e-05
7.21526e-05
7.21269e-05
7.21012e-05
7.20755e-05
7.20499e-05
7.20243e-05
7.19987e-05
7.19732e-05
7.19477e-05
7.19222e-05
7.18968e-05
7.18714e-05
7.1846e-05
7.18207e-05
7.17954e-05
7.17701e-05
7.17448e-05
7.17196e-05
7.16944e-05
7.16692e-05
7.16441e-05
7.1619e-05
7.15939e-05
7.15689e-05
7.15439e-05
7.15189e-05
7.1494e-05
7.1469e-05
7.14441e-05
7.14193e-05
7.13945e-05
7.13697e-05
7.13449e-05
7.13202e-05
7.12955e-05
7.12708e-05
7.12461e-05
7.12215e-05
7.11969e-05
7.11724e-05
7.11478e-05
7.11233e-05
7.10989e-05
7.10744e-05
7.105e-05
7.10256e-05
7.10013e-05
7.0977e-05
7.09527e-05
7.09284e-05
7.09042e-05
7.088e-05
7.08558e-05
7.08317e-05
7.08076e-05
7.07835e-05
7.07594e-05
7.07354e-05
7.07114e-05
7.06874e-05
7.06635e-05
7.06396e-05
7.06157e-05
7.05918e-05
7.0568e-05
7.05442e-05
7.05204e-05
7.04967e-05
7.0473e-05
7.04493e-05
7.04257e-05
7.0402e-05
7.03785e-05
7.03549e-05
7.03313e-05
7.03078e-05
7.02844e-05
7.02609e-05
7.02375e-05
7.02141e-05
7.01907e-05
7.01674e-05
7.01441e-05
7.01208e-05
7.00975e-05
7.00743e-05
7.00511e-05
7.0028e-05
7.00048e-05
6.99817e-05
6.99586e-05
6.99356e-05
6.99125e-05
6.98895e-05
6.98666e-05
6.98436e-05
6.98207e-05
6.97978e-05
6.97749e-05
6.97521e-05
6.97293e-05
6.97065e-05
6.96838e-05
6.9661e-05
6.96383e-05
6.96157e-05
6.9593e-05
6.95704e-05
6.95478e-05
6.95253e-05
6.95027e-05
6.94802e-05
6.94578e-05
6.94353e-05
6.94129e-05
6.93905e-05
6.93681e-05
6.93458e-05
6.93235e-05
6.93012e-05
6.92789e-05
6.92567e-05
6.92345e-05
6.92123e-05
6.91901e-05
6.9168e-05
6.91459e-05
6.91238e-05
6.91018e-05
6.90798e-05
6.90578e-05
6.90358e-05
6.90139e-05
6.89919e-05
6.897e-05
6.89482e-05
6.89264e-05
6.89045e-05
6.88828e-05
6.8861e-05
6.88393e-05
6.88176e-05
6.87959e-05
6.87742e-05
6.87526e-05
6.8731e-05
6.87094e-05
6.86879e-05
6.86664e-05
6.86449e-05
6.86234e-05
6.8602e-05
6.85805e-05
6.85592e-05
6.85378e-05
6.85164e-05
6.84951e-05
6.84738e-05
6.84526e-05
6.84313e-05
6.84101e-05
6.83889e-05
6.83678e-05
6.83466e-05
6.83255e-05
6.83045e-05
6.82834e-05
6.82624e-05
6.82414e-05
6.82204e-05
6.81994e-05
6.81785e-05
6.81576e-05
6.81367e-05
6.81158e-05
6.8095e-05
6.80742e-05
6.80534e-05
6.80327e-05
6.80119e-05
6.79912e-05
6.79705e-05
6.79499e-05
6.79293e-05
6.79086e-05
6.78881e-05
6.78675e-05
6.7847e-05
6.78265e-05
6.7806e-05
6.77855e-05
6.77651e-05
6.77447e-05
6.77243e-05
6.77039e-05
6.76836e-05
6.76633e-05
6.7643e-05
6.76227e-05
6.76025e-05
6.75823e-05
6.75621e-05
6.75419e-05
6.75218e-05
6.75017e-05
6.74816e-05
6.74615e-05
6.74415e-05
6.74215e-05
6.74015e-05
6.73815e-05
6.73615e-05
6.73416e-05
6.73217e-05
6.73018e-05
6.7282e-05
6.72622e-05
6.72424e-05
6.72226e-05
6.72028e-05
6.71831e-05
6.71634e-05
6.71437e-05
6.7124e-05
6.71044e-05
6.70848e-05
6.70652e-05
6.70456e-05
6.70261e-05
6.70065e-05
6.69871e-05
6.69676e-05
6.69481e-05
6.69287e-05
6.69093e-05
6.68899e-05
6.68706e-05
6.68512e-05
6.68319e-05
6.68126e-05
6.67934e-05
6.67741e-05
6.67549e-05
6.67357e-05
6.67165e-05
6.66974e-05
6.66783e-05
6.66592e-05
6.66401e-05
6.6621e-05
6.6602e-05
6.6583e-05
6.6564e-05
6.6545e-05
6.65261e-05
6.65072e-05
6.64883e-05
6.64694e-05
6.64505e-05
6.64317e-05
6.64129e-05
6.63941e-05
6.63753e-05
6.63566e-05
6.63379e-05
6.63192e-05
6.63005e-05
6.62819e-05
6.62632e-05
6.62446e-05
6.6226e-05
6.62075e-05
6.61889e-05
6.61704e-05
6.61519e-05
6.61335e-05
6.6115e-05
6.60966e-05
6.60782e-05
6.60598e-05
6.60414e-05
6.60231e-05
6.60048e-05
6.59865e-05
6.59682e-05
6.595e-05
6.59317e-05
6.59135e-05
6.58953e-05
6.58772e-05
6.5859e-05
6.58409e-05
6.58228e-05
6.58047e-05
6.57867e-05
6.57686e-05
6.57506e-05
6.57326e-05
6.57147e-05
6.56967e-05
6.56788e-05
6.56609e-05
6.5643e-05
6.56251e-05
6.56073e-05
6.55895e-05
6.55717e-05
6.55539e-05
6.55361e-05
6.55184e-05
6.55007e-05
6.5483e-05
6.54653e-05
6.54477e-05
6.543e-05
6.54124e-05
6.53948e-05
6.53773e-05
6.53597e-05
6.53422e-05
6.53247e-05
6.53072e-05
6.52898e-05
6.52723e-05
6.52549e-05
6.52375e-05
6.52201e-05
6.52028e-05
6.51854e-05
6.51681e-05
6.51508e-05
6.51335e-05
6.51163e-05
6.5099e-05
6.50818e-05
6.50646e-05
6.50475e-05
6.50303e-05
6.50132e-05
6.49961e-05
6.4979e-05
6.49619e-05
6.49449e-05
6.49278e-05
6.49108e-05
6.48938e-05
6.48769e-05
6.48599e-05
6.4843e-05
6.48261e-05
6.48092e-05
6.47923e-05
6.47755e-05
6.47587e-05
6.47419e-05
6.47251e-05
6.47083e-05
6.46916e-05
6.46748e-05
6.46581e-05
6.46414e-05
6.46248e-05
6.46081e-05
6.45915e-05
6.45749e-05
6.45583e-05
6.45417e-05
6.45252e-05
6.45086e-05
6.44921e-05
6.44756e-05
6.44592e-05
6.44427e-05
6.44263e-05
6.44099e-05
6.43935e-05
6.43771e-05
6.43608e-05
6.43444e-05
6.43281e-05
6.43118e-05
6.42956e-05
6.42793e-05
6.42631e-05
6.42468e-05
6.42307e-05
6.42145e-05
6.41983e-05
6.41822e-05
6.41661e-05
6.415e-05
6.41339e-05
6.41178e-05
6.41018e-05
6.40857e-05
6.40697e-05
6.40537e-05
6.40378e-05
6.40218e-05
6.40059e-05
6.399e-05
6.39741e-05
6.39582e-05
6.39424e-05
6.39265e-05
6.39107e-05
6.38949e-05
6.38791e-05
6.38634e-05
6.38476e-05
6.38319e-05
6.38162e-05
6.38005e-05
6.37849e-05
6.37692e-05
6.37536e-05
6.3738e-05
6.37224e-05
6.37068e-05
6.36913e-05
6.36757e-05
6.36602e-05
6.36447e-05
6.36292e-05
6.36138e-05
6.35983e-05
6.35829e-05
6.35675e-05
6.35521e-05
6.35367e-05
6.35214e-05
6.3506e-05
6.34907e-05
6.34754e-05
6.34601e-05
6.34449e-05
6.34296e-05
6.34144e-05
6.33992e-05
6.3384e-05
6.33688e-05
6.33537e-05
6.33385e-05
6.33234e-05
6.33083e-05
6.32932e-05
6.32782e-05
6.32631e-05
6.32481e-05
6.32331e-05
6.32181e-05
6.32031e-05
6.31882e-05
6.31732e-05
6.31583e-05
6.31434e-05
6.31285e-05
6.31137e-05
6.30988e-05
6.3084e-05
6.30692e-05
6.30544e-05
6.30396e-05
6.30248e-05
6.30101e-05
6.29953e-05
6.29806e-05
6.29659e-05
6.29513e-05
6.29366e-05
6.2922e-05
6.29073e-05
6.28927e-05
6.28781e-05
6.28636e-05
6.2849e-05
6.28345e-05
6.28199e-05
6.28054e-05
6.2791e-05
6.27765e-05
6.2762e-05
6.27476e-05
6.27332e-05
6.27188e-05
6.27044e-05
6.269e-05
6.26757e-05
6.26614e-05
6.2647e-05
6.26327e-05
6.26185e-05
6.26042e-05
6.25899e-05
6.25757e-05
6.25615e-05
6.25473e-05
6.25331e-05
6.2519e-05
6.25048e-05
6.24907e-05
6.24766e-05
6.24625e-05
6.24484e-05
6.24343e-05
6.24203e-05
6.24062e-05
6.23922e-05
6.23782e-05
6.23643e-05
6.23503e-05
6.23363e-05
6.23224e-05
6.23085e-05
6.22946e-05
6.22807e-05
6.22668e-05
6.2253e-05
6.22392e-05
6.22253e-05
6.22115e-05
6.21978e-05
6.2184e-05
6.21702e-05
6.21565e-05
6.21428e-05
6.21291e-05
6.21154e-05
6.21017e-05
6.20881e-05
6.20744e-05
6.20608e-05
6.20472e-05
6.20336e-05
6.202e-05
6.20065e-05
6.19929e-05
6.19794e-05
6.19659e-05
6.19524e-05
6.19389e-05
6.19255e-05
6.1912e-05
6.18986e-05
6.18852e-05
6.18718e-05
6.18584e-05
6.1845e-05
6.18317e-05
6.18183e-05
6.1805e-05
6.17917e-05
6.17784e-05
6.17652e-05
6.17519e-05
6.17387e-05
6.17254e-05
6.17122e-05
6.1699e-05
6.16859e-05
6.16727e-05
6.16595e-05
6.16464e-05
6.16333e-05
6.16202e-05
6.16071e-05
6.1594e-05
6.1581e-05
6.15679e-05
6.15549e-05
6.15419e-05
6.15289e-05
6.15159e-05
6.1503e-05
6.149e-05
6.14771e-05
6.14642e-05
6.14513e-05
6.14384e-05
6.14255e-05
6.14126e-05
6.13998e-05
6.1387e-05
6.13742e-05
6.13614e-05
6.13486e-05
6.13358e-05
6.13231e-05
6.13103e-05
6.12976e-05
6.12849e-05
6.12722e-05
6.12595e-05
6.12469e-05
6.12342e-05
6.12216e-05
6.1209e-05
6.11964e-05
6.11838e-05
6.11712e-05
6.11587e-05
6.11461e-05
6.11336e-05
6.11211e-05
6.11086e-05
6.10961e-05
6.10836e-05
6.10712e-05
6.10587e-05
6.10463e-05
6.10339e-05
6.10215e-05
6.10091e-05
6.09967e-05
6.09844e-05
6.0972e-05
6.09597e-05
6.09474e-05
6.09351e-05
6.09228e-05
6.09106e-05
6.08983e-05
6.08861e-05
6.08739e-05
6.08616e-05
6.08494e-05
6.08373e-05
6.08251e-05
6.0813e-05
6.08008e-05
6.07887e-05
6.07766e-05
6.07645e-05
6.07524e-05
6.07403e-05
6.07283e-05
6.07163e-05
6.07042e-05
6.06922e-05
6.06802e-05
6.06682e-05
6.06563e-05
6.06443e-05
6.06324e-05
6.06205e-05
6.06085e-05
6.05966e-05
6.05848e-05
6.05729e-05
6.0561e-05
6.05492e-05
6.05374e-05
6.05256e-05
6.05138e-05
6.0502e-05
6.04902e-05
6.04784e-05
6.04667e-05
6.0455e-05
6.04432e-05
6.04315e-05
6.04198e-05
6.04082e-05
6.03965e-05
6.03849e-05
6.03732e-05
6.03616e-05
6.035e-05
6.03384e-05
6.03268e-05
6.03152e-05
6.03037e-05
6.02922e-05
6.02806e-05
6.02691e-05
6.02576e-05
6.02461e-05
6.02347e-05
6.02232e-05
6.02117e-05
6.02003e-05
6.01889e-05
6.01775e-05
6.01661e-05
6.01547e-05
6.01434e-05
6.0132e-05
6.01207e-05
6.01093e-05
6.0098e-05
6.00867e-05
6.00754e-05
6.00642e-05
6.00529e-05
6.00417e-05
6.00304e-05
6.00192e-05
6.0008e-05
5.99968e-05
5.99856e-05
5.99744e-05
5.99633e-05
5.99521e-05
5.9941e-05
5.99299e-05
5.99188e-05
5.99077e-05
5.98966e-05
5.98856e-05
5.98745e-05
5.98635e-05
5.98525e-05
5.98414e-05
5.98304e-05
5.98195e-05
5.98085e-05
5.97975e-05
5.97866e-05
5.97756e-05
5.97647e-05
5.97538e-05
5.97429e-05
5.9732e-05
5.97211e-05
5.97103e-05
5.96994e-05
5.96886e-05
5.96778e-05
5.9667e-05
5.96562e-05
5.96454e-05
5.96346e-05
5.96239e-05
5.96131e-05
5.96024e-05
5.95917e-05
5.9581e-05
5.95703e-05
5.95596e-05
5.95489e-05
5.95382e-05
5.95276e-05
5.9517e-05
5.95063e-05
5.94957e-05
5.94851e-05
5.94746e-05
5.9464e-05
5.94534e-05
5.94429e-05
5.94323e-05
5.94218e-05
5.94113e-05
5.94008e-05
5.93903e-05
5.93798e-05
5.93694e-05
5.93589e-05
5.93485e-05
5.93381e-05
5.93277e-05
5.93173e-05
5.93069e-05
5.92965e-05
5.92861e-05
5.92758e-05
5.92654e-05
5.92551e-05
5.92448e-05
5.92345e-05
5.92242e-05
5.92139e-05
5.92036e-05
5.91934e-05
5.91831e-05
5.91729e-05
5.91627e-05
5.91525e-05
5.91423e-05
5.91321e-05
5.91219e-05
5.91118e-05
5.91016e-05
5.90915e-05
5.90814e-05
5.90712e-05
5.90611e-05
5.90511e-05
5.9041e-05
5.90309e-05
5.90208e-05
5.90108e-05
5.90008e-05
5.89908e-05
5.89807e-05
5.89707e-05
5.89608e-05
5.89508e-05
5.89408e-05
5.89309e-05
5.89209e-05
5.8911e-05
5.89011e-05
5.88912e-05
5.88813e-05
5.88714e-05
5.88615e-05
5.88517e-05
5.88418e-05
5.8832e-05
5.88222e-05
5.88124e-05
5.88026e-05
5.87928e-05
5.8783e-05
5.87732e-05
5.87635e-05
5.87537e-05
5.8744e-05
5.87343e-05
5.87246e-05
5.87149e-05
5.87052e-05
5.86955e-05
5.86858e-05
5.86762e-05
5.86665e-05
5.86569e-05
5.86473e-05
5.86377e-05
5.86281e-05
5.86185e-05
5.86089e-05
5.85993e-05
5.85898e-05
5.85802e-05
5.85707e-05
5.85612e-05
5.85517e-05
5.85422e-05
5.85327e-05
5.85232e-05
5.85137e-05
5.85043e-05
5.84948e-05
5.84854e-05
5.8476e-05
5.84666e-05
5.84572e-05
5.84478e-05
5.84384e-05
5.8429e-05
5.84197e-05
5.84103e-05
5.8401e-05
5.83917e-05
5.83824e-05
5.83731e-05
5.83638e-05
5.83545e-05
5.83452e-05
5.8336e-05
5.83267e-05
5.83175e-05
5.83082e-05
5.8299e-05
5.82898e-05
5.82806e-05
5.82714e-05
5.82623e-05
5.82531e-05
5.8244e-05
5.82348e-05
5.82257e-05
5.82166e-05
5.82074e-05
5.81983e-05
5.81893e-05
5.81802e-05
5.81711e-05
5.81621e-05
5.8153e-05
5.8144e-05
5.81349e-05
5.81259e-05
5.81169e-05
5.81079e-05
5.80989e-05
5.809e-05
5.8081e-05
5.8072e-05
5.80631e-05
5.80542e-05
5.80452e-05
5.80363e-05
5.80274e-05
5.80185e-05
5.80097e-05
5.80008e-05
5.79919e-05
5.79831e-05
5.79742e-05
5.79654e-05
5.79566e-05
5.79478e-05
5.7939e-05
5.79302e-05
5.79214e-05
5.79126e-05
5.79039e-05
5.78951e-05
5.78864e-05
5.78777e-05
5.78689e-05
5.78602e-05
5.78515e-05
5.78428e-05
5.78342e-05
5.78255e-05
5.78168e-05
5.78082e-05
5.77995e-05
5.77909e-05
5.77823e-05
5.77737e-05
5.77651e-05
5.77565e-05
5.77479e-05
5.77393e-05
5.77308e-05
5.77222e-05
5.77137e-05
5.77052e-05
5.76966e-05
5.76881e-05
5.76796e-05
5.76711e-05
5.76627e-05
5.76542e-05
5.76457e-05
5.76373e-05
5.76288e-05
5.76204e-05
5.7612e-05
5.76036e-05
5.75952e-05
5.75868e-05
5.75784e-05
5.757e-05
5.75617e-05
5.75533e-05
5.7545e-05
5.75366e-05
5.75283e-05
5.752e-05
5.75117e-05
5.75034e-05
5.74951e-05
5.74868e-05
5.74785e-05
5.74703e-05
5.7462e-05
5.74538e-05
5.74456e-05
5.74373e-05
5.74291e-05
5.74209e-05
5.74127e-05
5.74046e-05
5.73964e-05
5.73882e-05
5.73801e-05
5.73719e-05
5.73638e-05
5.73557e-05
5.73475e-05
5.73394e-05
5.73313e-05
5.73232e-05
5.73152e-05
5.73071e-05
5.7299e-05
5.7291e-05
5.72829e-05
5.72749e-05
5.72669e-05
5.72589e-05
5.72509e-05
5.72429e-05
5.72349e-05
5.72269e-05
5.72189e-05
5.7211e-05
5.7203e-05
5.71951e-05
5.71871e-05
5.71792e-05
5.71713e-05
5.71634e-05
5.71555e-05
5.71476e-05
5.71397e-05
5.71319e-05
5.7124e-05
5.71161e-05
5.71083e-05
5.71005e-05
5.70926e-05
5.70848e-05
5.7077e-05
5.70692e-05
5.70614e-05
5.70537e-05
5.70459e-05
5.70381e-05
5.70304e-05
5.70226e-05
5.70149e-05
5.70072e-05
5.69995e-05
5.69917e-05
5.6984e-05
5.69764e-05
5.69687e-05
5.6961e-05
5.69533e-05
5.69457e-05
5.6938e-05
5.69304e-05
5.69228e-05
5.69152e-05
5.69075e-05
5.68999e-05
5.68923e-05
5.68848e-05
5.68772e-05
5.68696e-05
5.68621e-05
5.68545e-05
5.6847e-05
5.68394e-05
5.68319e-05
5.68244e-05
5.68169e-05
5.68094e-05
5.68019e-05
5.67944e-05
5.67869e-05
5.67795e-05
5.6772e-05
5.67646e-05
5.67571e-05
5.67497e-05
5.67423e-05
5.67349e-05
5.67275e-05
5.67201e-05
5.67127e-05
5.67053e-05
5.66979e-05
5.66906e-05
5.66832e-05
5.66759e-05
5.66685e-05
5.66612e-05
5.66539e-05
5.66466e-05
5.66393e-05
5.6632e-05
5.66247e-05
5.66174e-05
5.66101e-05
5.66029e-05
5.65956e-05
5.65884e-05
5.65811e-05
5.65739e-05
5.65667e-05
5.65595e-05
5.65523e-05
5.65451e-05
5.65379e-05
5.65307e-05
5.65235e-05
5.65164e-05
5.65092e-05
5.65021e-05
5.64949e-05
5.64878e-05
5.64807e-05
5.64736e-05
5.64665e-05
5.64594e-05
5.64523e-05
5.64452e-05
5.64381e-05
5.64311e-05
5.6424e-05
5.6417e-05
5.64099e-05
5.64029e-05
5.63959e-05
5.63888e-05
5.63818e-05
5.63748e-05
5.63678e-05
5.63609e-05
5.63539e-05
5.63469e-05
5.63399e-05
5.6333e-05
5.6326e-05
5.63191e-05
5.63122e-05
5.63053e-05
5.62983e-05
5.62914e-05
5.62845e-05
5.62777e-05
5.62708e-05
5.62639e-05
5.6257e-05
5.62502e-05
5.62433e-05
5.62365e-05
5.62296e-05
5.62228e-05
5.6216e-05
5.62092e-05
5.62024e-05
5.61956e-05
5.61888e-05
5.6182e-05
5.61752e-05
5.61685e-05
5.61617e-05
5.6155e-05
5.61482e-05
5.61415e-05
5.61348e-05
5.61281e-05
5.61213e-05
5.61146e-05
5.61079e-05
5.61013e-05
5.60946e-05
5.60879e-05
5.60812e-05
5.60746e-05
5.60679e-05
5.60613e-05
5.60546e-05
5.6048e-05
5.60414e-05
5.60348e-05
5.60282e-05
5.60216e-05
5.6015e-05
5.60084e-05
5.60018e-05
5.59953e-05
5.59887e-05
5.59822e-05
5.59756e-05
5.59691e-05
5.59625e-05
5.5956e-05
5.59495e-05
5.5943e-05
5.59365e-05
5.593e-05
5.59235e-05
5.5917e-05
5.59106e-05
5.59041e-05
5.58977e-05
5.58912e-05
5.58848e-05
5.58783e-05
5.58719e-05
5.58655e-05
5.58591e-05
5.58527e-05
5.58463e-05
5.58399e-05
5.58335e-05
5.58271e-05
5.58208e-05
5.58144e-05
5.5808e-05
5.58017e-05
5.57953e-05
5.5789e-05
5.57827e-05
5.57764e-05
5.57701e-05
5.57638e-05
5.57575e-05
5.57512e-05
5.57449e-05
5.57386e-05
5.57323e-05
5.57261e-05
5.57198e-05
5.57136e-05
5.57073e-05
5.57011e-05
5.56949e-05
5.56887e-05
5.56825e-05
5.56763e-05
5.56701e-05
5.56639e-05
5.56577e-05
5.56515e-05
5.56453e-05
5.56392e-05
5.5633e-05
5.56269e-05
5.56207e-05
5.56146e-05
5.56085e-05
5.56024e-05
5.55962e-05
5.55901e-05
5.5584e-05
5.55779e-05
5.55719e-05
5.55658e-05
5.55597e-05
5.55536e-05
5.55476e-05
5.55415e-05
5.55355e-05
5.55295e-05
5.55234e-05
5.55174e-05
5.55114e-05
5.55054e-05
5.54994e-05
5.54934e-05
5.54874e-05
5.54814e-05
5.54754e-05
5.54695e-05
5.54635e-05
5.54575e-05
5.54516e-05
5.54456e-05
5.54397e-05
5.54338e-05
5.54279e-05
5.54219e-05
5.5416e-05
5.54101e-05
5.54042e-05
5.53984e-05
5.53925e-05
5.53866e-05
5.53807e-05
5.53749e-05
5.5369e-05
5.53632e-05
5.53573e-05
5.53515e-05
5.53457e-05
5.53398e-05
5.5334e-05
5.53282e-05
5.53224e-05
5.53166e-05
5.53108e-05
5.5305e-05
5.52993e-05
5.52935e-05
5.52877e-05
5.5282e-05
5.52762e-05
5.52705e-05
5.52647e-05
5.5259e-05
5.52533e-05
5.52476e-05
5.52419e-05
5.52362e-05
5.52305e-05
5.52248e-05
5.52191e-05
5.52134e-05
5.52077e-05
5.52021e-05
5.51964e-05
5.51907e-05
5.51851e-05
5.51795e-05
5.51738e-05
5.51682e-05
5.51626e-05
5.5157e-05
5.51514e-05
5.51458e-05
5.51402e-05
5.51346e-05
5.5129e-05
5.51234e-05
5.51178e-05
5.51123e-05
5.51067e-05
5.51012e-05
5.50956e-05
5.50901e-05
5.50845e-05
5.5079e-05
5.50735e-05
5.5068e-05
5.50625e-05
5.5057e-05
5.50515e-05
5.5046e-05
5.50405e-05
5.5035e-05
5.50296e-05
5.50241e-05
5.50186e-05
5.50132e-05
5.50077e-05
5.50023e-05
5.49969e-05
5.49914e-05
5.4986e-05
5.49806e-05
5.49752e-05
5.49698e-05
5.49644e-05
5.4959e-05
5.49536e-05
5.49482e-05
5.49429e-05
5.49375e-05
5.49321e-05
5.49268e-05
5.49214e-05
5.49161e-05
5.49107e-05
5.49054e-05
5.49001e-05
5.48948e-05
5.48895e-05
5.48842e-05
5.48789e-05
5.48736e-05
5.48683e-05
5.4863e-05
5.48577e-05
5.48524e-05
5.48472e-05
5.48419e-05
5.48367e-05
5.48314e-05
5.48262e-05
5.48209e-05
5.48157e-05
5.48105e-05
5.48053e-05
5.48001e-05
5.47949e-05
5.47897e-05
5.47845e-05
5.47793e-05
5.47741e-05
5.47689e-05
5.47637e-05
5.47586e-05
5.47534e-05
5.47483e-05
5.47431e-05
5.4738e-05
5.47328e-05
5.47277e-05
5.47226e-05
5.47175e-05
5.47124e-05
5.47072e-05
5.47021e-05
5.46971e-05
5.4692e-05
5.46869e-05
5.46818e-05
5.46767e-05
5.46717e-05
5.46666e-05
5.46615e-05
5.46565e-05
5.46514e-05
5.46464e-05
5.46414e-05
5.46363e-05
5.46313e-05
5.46263e-05
5.46213e-05
5.46163e-05
5.46113e-05
5.46063e-05
5.46013e-05
5.45963e-05
5.45914e-05
5.45864e-05
5.45814e-05
5.45765e-05
5.45715e-05
5.45666e-05
5.45616e-05
5.45567e-05
5.45517e-05
5.45468e-05
5.45419e-05
5.4537e-05
5.45321e-05
5.45272e-05
5.45223e-05
5.45174e-05
5.45125e-05
5.45076e-05
5.45027e-05
5.44979e-05
5.4493e-05
5.44881e-05
5.44833e-05
5.44784e-05
5.44736e-05
5.44687e-05
5.44639e-05
5.44591e-05
5.44543e-05
5.44494e-05
5.44446e-05
5.44398e-05
5.4435e-05
5.44302e-05
5.44254e-05
5.44207e-05
5.44159e-05
5.44111e-05
5.44063e-05
5.44016e-05
5.43968e-05
5.43921e-05
5.43873e-05
5.43826e-05
5.43778e-05
5.43731e-05
5.43684e-05
5.43637e-05
5.43589e-05
5.43542e-05
5.43495e-05
5.43448e-05
5.43401e-05
5.43354e-05
5.43308e-05
5.43261e-05
5.43214e-05
5.43167e-05
5.43121e-05
5.43074e-05
5.43028e-05
5.42981e-05
5.42935e-05
5.42888e-05
5.42842e-05
5.42796e-05
5.4275e-05
5.42704e-05
5.42657e-05
5.42611e-05
5.42565e-05
5.42519e-05
5.42474e-05
5.42428e-05
5.42382e-05
5.42336e-05
5.4229e-05
5.42245e-05
5.42199e-05
5.42154e-05
5.42108e-05
5.42063e-05
5.42017e-05
5.41972e-05
5.41927e-05
5.41881e-05
5.41836e-05
5.41791e-05
5.41746e-05
5.41701e-05
5.41656e-05
5.41611e-05
5.41566e-05
5.41521e-05
5.41477e-05
5.41432e-05
5.41387e-05
5.41343e-05
5.41298e-05
5.41253e-05
5.41209e-05
5.41165e-05
5.4112e-05
5.41076e-05
5.41032e-05
5.40987e-05
5.40943e-05
5.40899e-05
5.40855e-05
5.40811e-05
5.40767e-05
5.40723e-05
5.40679e-05
5.40635e-05
5.40591e-05
5.40548e-05
5.40504e-05
5.4046e-05
5.40417e-05
5.40373e-05
5.4033e-05
5.40286e-05
5.40243e-05
5.40199e-05
5.40156e-05
5.40113e-05
5.4007e-05
5.40027e-05
5.39983e-05
5.3994e-05
5.39897e-05
5.39854e-05
5.39811e-05
5.39769e-05
5.39726e-05
5.39683e-05
5.3964e-05
5.39598e-05
5.39555e-05
5.39512e-05
5.3947e-05
5.39427e-05
5.39385e-05
5.39342e-05
5.393e-05
5.39258e-05
5.39216e-05
5.39173e-05
5.39131e-05
5.39089e-05
5.39047e-05
5.39005e-05
5.38963e-05
5.38921e-05
5.38879e-05
5.38837e-05
5.38796e-05
5.38754e-05
5.38712e-05
5.38671e-05
5.38629e-05
5.38587e-05
5.38546e-05
5.38504e-05
5.38463e-05
5.38422e-05
5.3838e-05
5.38339e-05
5.38298e-05
5.38257e-05
5.38215e-05
5.38174e-05
5.38133e-05
5.38092e-05
5.38051e-05
5.3801e-05
5.3797e-05
5.37929e-05
5.37888e-05
5.37847e-05
5.37807e-05
5.37766e-05
5.37725e-05
5.37685e-05
5.37644e-05
5.37604e-05
5.37563e-05
5.37523e-05
5.37483e-05
5.37443e-05
5.37402e-05
5.37362e-05
5.37322e-05
5.37282e-05
5.37242e-05
5.37202e-05
5.37162e-05
5.37122e-05
5.37082e-05
5.37042e-05
5.37002e-05
5.36963e-05
5.36923e-05
5.36883e-05
5.36844e-05
5.36804e-05
5.36765e-05
5.36725e-05
5.36686e-05
5.36646e-05
5.36607e-05
5.36568e-05
5.36528e-05
5.36489e-05
5.3645e-05
5.36411e-05
5.36372e-05
5.36333e-05
5.36294e-05
5.36255e-05
5.36216e-05
5.36177e-05
5.36138e-05
5.361e-05
5.36061e-05
5.36022e-05
5.35983e-05
5.35945e-05
5.35906e-05
5.35868e-05
5.35829e-05
5.35791e-05
5.35752e-05
5.35714e-05
5.35676e-05
5.35638e-05
5.35599e-05
5.35561e-05
5.35523e-05
5.35485e-05
5.35447e-05
5.35409e-05
5.35371e-05
5.35333e-05
5.35295e-05
5.35257e-05
5.35219e-05
5.35182e-05
5.35144e-05
5.35106e-05
5.35069e-05
5.35031e-05
5.34993e-05
5.34956e-05
5.34918e-05
5.34881e-05
5.34844e-05
5.34806e-05
5.34769e-05
5.34732e-05
5.34695e-05
5.34657e-05
5.3462e-05
5.34583e-05
5.34546e-05
5.34509e-05
5.34472e-05
5.34435e-05
5.34398e-05
5.34361e-05
5.34325e-05
5.34288e-05
5.34251e-05
5.34214e-05
5.34178e-05
5.34141e-05
5.34105e-05
5.34068e-05
5.34032e-05
5.33995e-05
5.33959e-05
5.33922e-05
5.33886e-05
5.3385e-05
5.33814e-05
5.33777e-05
5.33741e-05
5.33705e-05
5.33669e-05
5.33633e-05
5.33597e-05
5.33561e-05
5.33525e-05
5.33489e-05
5.33453e-05
5.33418e-05
5.33382e-05
5.33346e-05
5.3331e-05
5.33275e-05
5.33239e-05
5.33204e-05
5.33168e-05
5.33133e-05
5.33097e-05
5.33062e-05
5.33026e-05
5.32991e-05
5.32956e-05
5.32921e-05
5.32885e-05
5.3285e-05
5.32815e-05
5.3278e-05
5.32745e-05
5.3271e-05
5.32675e-05
5.3264e-05
5.32605e-05
5.3257e-05
5.32535e-05
5.32501e-05
5.32466e-05
5.32431e-05
5.32397e-05
5.32362e-05
5.32327e-05
5.32293e-05
5.32258e-05
5.32224e-05
5.32189e-05
5.32155e-05
5.32121e-05
5.32086e-05
5.32052e-05
5.32018e-05
5.31983e-05
5.31949e-05
5.31915e-05
5.31881e-05
5.31847e-05
5.31813e-05
5.31779e-05
5.31745e-05
5.31711e-05
5.31677e-05
5.31643e-05
5.3161e-05
5.31576e-05
5.31542e-05
5.31508e-05
5.31475e-05
5.31441e-05
5.31408e-05
5.31374e-05
5.31341e-05
5.31307e-05
5.31274e-05
5.3124e-05
5.31207e-05
5.31174e-05
5.3114e-05
5.31107e-05
5.31074e-05
5.31041e-05
5.31008e-05
5.30975e-05
5.30941e-05
5.30908e-05
5.30875e-05
5.30843e-05
5.3081e-05
5.30777e-05
5.30744e-05
5.30711e-05
5.30678e-05
5.30646e-05
5.30613e-05
5.3058e-05
5.30548e-05
5.30515e-05
5.30482e-05
5.3045e-05
5.30417e-05
5.30385e-05
5.30353e-05
5.3032e-05
5.30288e-05
5.30256e-05
5.30223e-05
5.30191e-05
5.30159e-05
5.30127e-05
5.30095e-05
5.30063e-05
5.30031e-05
5.29999e-05
5.29967e-05
5.29935e-05
5.29903e-05
5.29871e-05
5.29839e-05
5.29807e-05
5.29775e-05
5.29744e-05
5.29712e-05
5.2968e-05
5.29649e-05
5.29617e-05
5.29585e-05
5.29554e-05
5.29522e-05
5.29491e-05
5.2946e-05
5.29428e-05
5.29397e-05
5.29366e-05
5.29334e-05
5.29303e-05
5.29272e-05
5.29241e-05
5.29209e-05
5.29178e-05
5.29147e-05
5.29116e-05
5.29085e-05
5.29054e-05
5.29023e-05
5.28992e-05
5.28962e-05
5.28931e-05
5.289e-05
5.28869e-05
5.28838e-05
5.28808e-05
5.28777e-05
5.28746e-05
5.28716e-05
5.28685e-05
5.28655e-05
5.28624e-05
5.28594e-05
5.28563e-05
5.28533e-05
5.28502e-05
5.28472e-05
5.28442e-05
5.28412e-05
5.28381e-05
5.28351e-05
5.28321e-05
5.28291e-05
5.28261e-05
5.28231e-05
5.28201e-05
5.28171e-05
5.28141e-05
5.28111e-05
5.28081e-05
5.28051e-05
5.28021e-05
5.27991e-05
5.27962e-05
5.27932e-05
5.27902e-05
5.27872e-05
5.27843e-05
5.27813e-05
5.27784e-05
5.27754e-05
5.27725e-05
5.27695e-05
5.27666e-05
5.27636e-05
5.27607e-05
5.27577e-05
5.27548e-05
5.27519e-05
5.2749e-05
5.2746e-05
5.27431e-05
5.27402e-05
5.27373e-05
5.27344e-05
5.27315e-05
5.27286e-05
5.27257e-05
5.27228e-05
5.27199e-05
5.2717e-05
5.27141e-05
5.27112e-05
5.27083e-05
5.27055e-05
5.27026e-05
5.26997e-05
5.26968e-05
5.2694e-05
5.26911e-05
5.26883e-05
5.26854e-05
5.26826e-05
5.26797e-05
5.26769e-05
5.2674e-05
5.26712e-05
5.26683e-05
5.26655e-05
5.26627e-05
5.26599e-05
5.2657e-05
5.26542e-05
5.26514e-05
5.26486e-05
5.26458e-05
5.2643e-05
5.26401e-05
5.26373e-05
5.26345e-05
5.26317e-05
5.2629e-05
5.26262e-05
5.26234e-05
5.26206e-05
5.26178e-05
5.2615e-05
5.26123e-05
5.26095e-05
5.26067e-05
5.26039e-05
5.26012e-05
5.25984e-05
5.25957e-05
5.25929e-05
5.25902e-05
5.25874e-05
5.25847e-05
5.25819e-05
5.25792e-05
5.25765e-05
5.25737e-05
5.2571e-05
5.25683e-05
5.25655e-05
5.25628e-05
5.25601e-05
5.25574e-05
5.25547e-05
5.2552e-05
5.25493e-05
5.25466e-05
5.25439e-05
5.25412e-05
5.25385e-05
5.25358e-05
5.25331e-05
5.25304e-05
5.25277e-05
5.2525e-05
5.25224e-05
5.25197e-05
5.2517e-05
5.25143e-05
5.25117e-05
5.2509e-05
5.25064e-05
5.25037e-05
5.25011e-05
5.24984e-05
5.24958e-05
5.24931e-05
5.24905e-05
5.24878e-05
5.24852e-05
5.24826e-05
5.24799e-05
5.24773e-05
5.24747e-05
5.24721e-05
5.24694e-05
5.24668e-05
5.24642e-05
5.24616e-05
5.2459e-05
5.24564e-05
5.24538e-05
5.24512e-05
5.24486e-05
5.2446e-05
5.24434e-05
5.24408e-05
5.24382e-05
5.24357e-05
5.24331e-05
5.24305e-05
5.24279e-05
5.24254e-05
5.24228e-05
5.24202e-05
5.24177e-05
5.24151e-05
5.24125e-05
5.241e-05
5.24074e-05
5.24049e-05
5.24023e-05
5.23998e-05
5.23973e-05
5.23947e-05
5.23922e-05
5.23897e-05
5.23871e-05
5.23846e-05
5.23821e-05
5.23796e-05
5.2377e-05
5.23745e-05
5.2372e-05
5.23695e-05
5.2367e-05
5.23645e-05
5.2362e-05
5.23595e-05
5.2357e-05
5.23545e-05
5.2352e-05
5.23495e-05
5.23471e-05
5.23446e-05
5.23421e-05
5.23396e-05
5.23371e-05
5.23347e-05
5.23322e-05
5.23297e-05
5.23273e-05
5.23248e-05
5.23224e-05
5.23199e-05
5.23174e-05
5.2315e-05
5.23125e-05
5.23101e-05
5.23077e-05
5.23052e-05
5.23028e-05
5.23003e-05
5.22979e-05
5.22955e-05
5.22931e-05
5.22906e-05
5.22882e-05
5.22858e-05
5.22834e-05
5.2281e-05
5.22786e-05
5.22762e-05
5.22738e-05
5.22713e-05
5.22689e-05
5.22666e-05
5.22642e-05
5.22618e-05
5.22594e-05
5.2257e-05
5.22546e-05
5.22522e-05
5.22498e-05
5.22475e-05
5.22451e-05
5.22427e-05
5.22404e-05
5.2238e-05
5.22356e-05
5.22333e-05
5.22309e-05
5.22286e-05
5.22262e-05
5.22239e-05
5.22215e-05
5.22192e-05
5.22168e-05
5.22145e-05
5.22121e-05
5.22098e-05
5.22075e-05
5.22051e-05
5.22028e-05
5.22005e-05
5.21982e-05
5.21958e-05
5.21935e-05
5.21912e-05
5.21889e-05
5.21866e-05
5.21843e-05
5.2182e-05
5.21797e-05
5.21774e-05
5.21751e-05
5.21728e-05
5.21705e-05
5.21682e-05
5.21659e-05
5.21636e-05
5.21613e-05
5.21591e-05
5.21568e-05
5.21545e-05
5.21522e-05
5.215e-05
5.21477e-05
5.21454e-05
5.21432e-05
5.21409e-05
5.21387e-05
5.21364e-05
5.21341e-05
5.21319e-05
5.21297e-05
5.21274e-05
5.21252e-05
5.21229e-05
5.21207e-05
5.21184e-05
5.21162e-05
5.2114e-05
5.21118e-05
5.21095e-05
5.21073e-05
5.21051e-05
5.21029e-05
5.21007e-05
5.20984e-05
5.20962e-05
5.2094e-05
5.20918e-05
5.20896e-05
5.20874e-05
5.20852e-05
5.2083e-05
5.20808e-05
5.20786e-05
5.20764e-05
5.20742e-05
5.20721e-05
5.20699e-05
5.20677e-05
5.20655e-05
5.20633e-05
5.20612e-05
5.2059e-05
5.20568e-05
5.20547e-05
5.20525e-05
5.20503e-05
5.20482e-05
5.2046e-05
5.20439e-05
5.20417e-05
5.20396e-05
5.20374e-05
5.20353e-05
5.20331e-05
5.2031e-05
5.20288e-05
5.20267e-05
5.20246e-05
5.20224e-05
5.20203e-05
5.20182e-05
5.20161e-05
5.20139e-05
5.20118e-05
5.20097e-05
5.20076e-05
5.20055e-05
5.20034e-05
5.20013e-05
5.19992e-05
5.1997e-05
5.19949e-05
5.19928e-05
5.19907e-05
5.19887e-05
5.19866e-05
5.19845e-05
5.19824e-05
5.19803e-05
5.19782e-05
5.19761e-05
5.19741e-05
5.1972e-05
5.19699e-05
5.19678e-05
5.19658e-05
5.19637e-05
5.19616e-05
5.19596e-05
5.19575e-05
5.19554e-05
5.19534e-05
5.19513e-05
5.19493e-05
5.19472e-05
5.19452e-05
5.19431e-05
5.19411e-05
5.19391e-05
5.1937e-05
5.1935e-05
5.19329e-05
5.19309e-05
5.19289e-05
5.19269e-05
5.19248e-05
5.19228e-05
5.19208e-05
5.19188e-05
5.19168e-05
5.19147e-05
5.19127e-05
5.19107e-05
5.19087e-05
5.19067e-05
5.19047e-05
5.19027e-05
5.19007e-05
5.18987e-05
5.18967e-05
5.18947e-05
5.18927e-05
5.18907e-05
5.18887e-05
5.18868e-05
5.18848e-05
5.18828e-05
5.18808e-05
5.18788e-05
5.18769e-05
5.18749e-05
5.18729e-05
5.1871e-05
5.1869e-05
5.1867e-05
5.18651e-05
5.18631e-05
5.18612e-05
5.18592e-05
5.18573e-05
5.18553e-05
5.18534e-05
5.18514e-05
5.18495e-05
5.18475e-05
5.18456e-05
5.18436e-05
5.18417e-05
5.18398e-05
5.18378e-05
5.18359e-05
5.1834e-05
5.18321e-05
5.18301e-05
5.18282e-05
5.18263e-05
5.18244e-05
5.18225e-05
5.18206e-05
5.18186e-05
5.18167e-05
5.18148e-05
5.18129e-05
5.1811e-05
5.18091e-05
5.18072e-05
5.18053e-05
5.18034e-05
5.18015e-05
5.17996e-05
5.17978e-05
5.17959e-05
5.1794e-05
5.17921e-05
5.17902e-05
5.17884e-05
5.17865e-05
5.17846e-05
5.17827e-05
5.17809e-05
5.1779e-05
5.17771e-05
5.17753e-05
5.17734e-05
5.17715e-05
5.17697e-05
5.17678e-05
5.1766e-05
5.17641e-05
5.17623e-05
5.17604e-05
5.17586e-05
5.17567e-05
5.17549e-05
5.17531e-05
5.17512e-05
5.17494e-05
5.17475e-05
5.17457e-05
5.17439e-05
5.17421e-05
5.17402e-05
5.17384e-05
5.17366e-05
5.17348e-05
5.17329e-05
5.17311e-05
5.17293e-05
5.17275e-05
5.17257e-05
5.17239e-05
5.17221e-05
5.17203e-05
5.17185e-05
5.17167e-05
5.17149e-05
5.17131e-05
5.17113e-05
5.17095e-05
5.17077e-05
5.17059e-05
5.17041e-05
5.17023e-05
5.17006e-05
5.16988e-05
5.1697e-05
5.16952e-05
5.16934e-05
5.16917e-05
5.16899e-05
5.16881e-05
5.16864e-05
5.16846e-05
5.16828e-05
5.16811e-05
5.16793e-05
5.16775e-05
5.16758e-05
5.1674e-05
5.16723e-05
5.16705e-05
5.16688e-05
5.1667e-05
5.16653e-05
5.16635e-05
5.16618e-05
5.16601e-05
5.16583e-05
5.16566e-05
5.16549e-05
5.16531e-05
5.16514e-05
5.16497e-05
5.16479e-05
5.16462e-05
5.16445e-05
5.16428e-05
5.16411e-05
5.16393e-05
5.16376e-05
5.16359e-05
5.16342e-05
5.16325e-05
5.16308e-05
5.16291e-05
5.16274e-05
5.16257e-05
5.1624e-05
5.16223e-05
5.16206e-05
5.16189e-05
5.16172e-05
5.16155e-05
5.16138e-05
5.16121e-05
5.16104e-05
5.16087e-05
5.16071e-05
5.16054e-05
5.16037e-05
5.1602e-05
5.16004e-05
5.15987e-05
5.1597e-05
5.15953e-05
5.15937e-05
5.1592e-05
5.15903e-05
5.15887e-05
5.1587e-05
5.15854e-05
5.15837e-05
5.1582e-05
5.15804e-05
5.15787e-05
5.15771e-05
5.15754e-05
5.15738e-05
5.15721e-05
5.15705e-05
5.15689e-05
5.15672e-05
5.15656e-05
5.15639e-05
5.15623e-05
5.15607e-05
5.15591e-05
5.15574e-05
5.15558e-05
5.15542e-05
5.15525e-05
5.15509e-05
5.15493e-05
5.15477e-05
5.15461e-05
5.15445e-05
5.15428e-05
5.15412e-05
5.15396e-05
5.1538e-05
5.15364e-05
5.15348e-05
5.15332e-05
5.15316e-05
5.153e-05
5.15284e-05
5.15268e-05
5.15252e-05
5.15236e-05
5.1522e-05
5.15204e-05
5.15188e-05
5.15173e-05
5.15157e-05
5.15141e-05
5.15125e-05
5.15109e-05
5.15094e-05
5.15078e-05
5.15062e-05
5.15046e-05
5.15031e-05
5.15015e-05
5.14999e-05
5.14984e-05
5.14968e-05
5.14952e-05
5.14937e-05
5.14921e-05
5.14906e-05
5.1489e-05
5.14874e-05
5.14859e-05
5.14843e-05
5.14828e-05
5.14812e-05
5.14797e-05
5.14782e-05
5.14766e-05
5.14751e-05
5.14735e-05
5.1472e-05
5.14705e-05
5.14689e-05
5.14674e-05
5.14659e-05
5.14643e-05
5.14628e-05
5.14613e-05
5.14598e-05
5.14582e-05
5.14567e-05
5.14552e-05
5.14537e-05
5.14522e-05
5.14506e-05
5.14491e-05
5.14476e-05
5.14461e-05
5.14446e-05
5.14431e-05
5.14416e-05
5.14401e-05
5.14386e-05
5.14371e-05
5.14356e-05
5.14341e-05
5.14326e-05
5.14311e-05
5.14296e-05
5.14281e-05
5.14266e-05
5.14251e-05
5.14237e-05
5.14222e-05
5.14207e-05
5.14192e-05
5.14177e-05
5.14163e-05
5.14148e-05
5.14133e-05
5.14118e-05
5.14104e-05
5.14089e-05
5.14074e-05
5.1406e-05
5.14045e-05
5.1403e-05
5.14016e-05
5.14001e-05
5.13987e-05
5.13972e-05
5.13957e-05
5.13943e-05
5.13928e-05
5.13914e-05
5.13899e-05
5.13885e-05
5.1387e-05
5.13856e-05
5.13841e-05
5.13827e-05
5.13813e-05
5.13798e-05
5.13784e-05
5.1377e-05
5.13755e-05
5.13741e-05
5.13727e-05
5.13712e-05
5.13698e-05
5.13684e-05
5.13669e-05
5.13655e-05
5.13641e-05
5.13627e-05
5.13613e-05
5.13598e-05
5.13584e-05
5.1357e-05
5.13556e-05
5.13542e-05
5.13528e-05
5.13514e-05
5.135e-05
5.13486e-05
5.13472e-05
5.13458e-05
5.13444e-05
5.1343e-05
5.13416e-05
5.13402e-05
5.13388e-05
5.13374e-05
5.1336e-05
5.13346e-05
5.13332e-05
5.13318e-05
5.13304e-05
5.1329e-05
5.13277e-05
5.13263e-05
5.13249e-05
5.13235e-05
5.13221e-05
5.13208e-05
5.13194e-05
5.1318e-05
5.13167e-05
5.13153e-05
5.13139e-05
5.13126e-05
5.13112e-05
5.13098e-05
5.13085e-05
5.13071e-05
5.13057e-05
5.13044e-05
5.1303e-05
5.13017e-05
5.13003e-05
5.1299e-05
5.12976e-05
5.12963e-05
5.12949e-05
5.12936e-05
5.12922e-05
5.12909e-05
5.12895e-05
5.12882e-05
5.12869e-05
5.12855e-05
5.12842e-05
5.12829e-05
5.12815e-05
5.12802e-05
5.12789e-05
5.12775e-05
5.12762e-05
5.12749e-05
5.12735e-05
5.12722e-05
5.12709e-05
5.12696e-05
5.12683e-05
5.12669e-05
5.12656e-05
5.12643e-05
5.1263e-05
5.12617e-05
5.12604e-05
5.12591e-05
5.12578e-05
5.12564e-05
5.12551e-05
5.12538e-05
5.12525e-05
5.12512e-05
5.12499e-05
5.12486e-05
5.12473e-05
5.1246e-05
5.12447e-05
5.12435e-05
5.12422e-05
5.12409e-05
5.12396e-05
5.12383e-05
5.1237e-05
5.12357e-05
5.12344e-05
5.12332e-05
5.12319e-05
5.12306e-05
5.12293e-05
5.1228e-05
5.12268e-05
5.12255e-05
5.12242e-05
5.1223e-05
5.12217e-05
5.12204e-05
5.12191e-05
5.12179e-05
5.12166e-05
5.12154e-05
5.12141e-05
5.12128e-05
5.12116e-05
5.12103e-05
5.12091e-05
5.12078e-05
5.12066e-05
5.12053e-05
5.1204e-05
5.12028e-05
5.12015e-05
5.12003e-05
5.11991e-05
5.11978e-05
5.11966e-05
5.11953e-05
5.11941e-05
5.11928e-05
5.11916e-05
5.11904e-05
5.11891e-05
5.11879e-05
5.11867e-05
5.11854e-05
5.11842e-05
5.1183e-05
5.11818e-05
5.11805e-05
5.11793e-05
5.11781e-05
5.11769e-05
5.11756e-05
5.11744e-05
5.11732e-05
5.1172e-05
5.11708e-05
5.11696e-05
5.11683e-05
5.11671e-05
5.11659e-05
5.11647e-05
5.11635e-05
5.11623e-05
5.11611e-05
5.11599e-05
5.11587e-05
5.11575e-05
5.11563e-05
5.11551e-05
5.11539e-05
5.11527e-05
5.11515e-05
5.11503e-05
5.11491e-05
5.11479e-05
5.11467e-05
5.11455e-05
5.11444e-05
5.11432e-05
5.1142e-05
5.11408e-05
5.11396e-05
5.11384e-05
5.11373e-05
5.11361e-05
5.11349e-05
5.11337e-05
5.11325e-05
5.11314e-05
5.11302e-05
5.1129e-05
5.11279e-05
5.11267e-05
5.11255e-05
5.11244e-05
5.11232e-05
5.1122e-05
5.11209e-05
5.11197e-05
5.11185e-05
5.11174e-05
5.11162e-05
5.11151e-05
5.11139e-05
5.11128e-05
5.11116e-05
5.11105e-05
5.11093e-05
5.11082e-05
5.1107e-05
5.11059e-05
5.11047e-05
5.11036e-05
5.11024e-05
5.11013e-05
5.11001e-05
5.1099e-05
5.10979e-05
5.10967e-05
5.10956e-05
5.10945e-05
5.10933e-05
5.10922e-05
5.10911e-05
5.10899e-05
5.10888e-05
5.10877e-05
5.10866e-05
5.10854e-05
5.10843e-05
5.10832e-05
5.10821e-05
5.10809e-05
5.10798e-05
5.10787e-05
5.10776e-05
5.10765e-05
5.10754e-05
5.10742e-05
5.10731e-05
5.1072e-05
5.10709e-05
5.10698e-05
5.10687e-05
5.10676e-05
5.10665e-05
5.10654e-05
5.10643e-05
5.10632e-05
5.10621e-05
5.1061e-05
5.10599e-05
5.10588e-05
5.10577e-05
5.10566e-05
5.10555e-05
5.10544e-05
5.10533e-05
5.10522e-05
5.10511e-05
5.10501e-05
5.1049e-05
5.10479e-05
5.10468e-05
5.10457e-05
5.10446e-05
5.10436e-05
5.10425e-05
5.10414e-05
5.10403e-05
5.10392e-05
5.10382e-05
5.10371e-05
5.1036e-05
5.1035e-05
5.10339e-05
5.10328e-05
5.10317e-05
5.10307e-05
5.10296e-05
5.10285e-05
5.10275e-05
5.10264e-05
5.10254e-05
5.10243e-05
5.10232e-05
5.10222e-05
5.10211e-05
5.10201e-05
5.1019e-05
5.1018e-05
5.10169e-05
5.10159e-05
5.10148e-05
5.10138e-05
5.10127e-05
5.10117e-05
5.10106e-05
5.10096e-05
5.10085e-05
5.10075e-05
5.10065e-05
5.10054e-05
5.10044e-05
5.10033e-05
5.10023e-05
5.10013e-05
5.10002e-05
5.09992e-05
5.09982e-05
5.09971e-05
5.09961e-05
5.09951e-05
5.0994e-05
5.0993e-05
5.0992e-05
5.0991e-05
5.09899e-05
5.09889e-05
5.09879e-05
5.09869e-05
5.09859e-05
5.09848e-05
5.09838e-05
5.09828e-05
5.09818e-05
5.09808e-05
5.09798e-05
5.09788e-05
5.09777e-05
5.09767e-05
5.09757e-05
5.09747e-05
5.09737e-05
5.09727e-05
5.09717e-05
5.09707e-05
5.09697e-05
5.09687e-05
5.09677e-05
5.09667e-05
5.09657e-05
5.09647e-05
5.09637e-05
5.09627e-05
5.09617e-05
5.09607e-05
5.09597e-05
5.09587e-05
5.09577e-05
5.09568e-05
5.09558e-05
5.09548e-05
5.09538e-05
5.09528e-05
5.09518e-05
5.09508e-05
5.09499e-05
5.09489e-05
5.09479e-05
5.09469e-05
5.0946e-05
5.0945e-05
5.0944e-05
5.0943e-05
5.09421e-05
5.09411e-05
5.09401e-05
5.09391e-05
5.09382e-05
5.09372e-05
5.09362e-05
5.09353e-05
5.09343e-05
5.09333e-05
5.09324e-05
5.09314e-05
5.09305e-05
5.09295e-05
5.09285e-05
5.09276e-05
5.09266e-05
5.09257e-05
5.09247e-05
5.09238e-05
5.09228e-05
5.09219e-05
5.09209e-05
5.092e-05
5.0919e-05
5.09181e-05
5.09171e-05
5.09162e-05
5.09152e-05
5.09143e-05
5.09133e-05
5.09124e-05
5.09114e-05
5.09105e-05
5.09096e-05
5.09086e-05
5.09077e-05
5.09068e-05
5.09058e-05
5.09049e-05
5.0904e-05
5.0903e-05
5.09021e-05
5.09012e-05
5.09002e-05
5.08993e-05
5.08984e-05
5.08975e-05
5.08965e-05
5.08956e-05
5.08947e-05
5.08938e-05
5.08928e-05
5.08919e-05
5.0891e-05
5.08901e-05
5.08892e-05
5.08882e-05
5.08873e-05
5.08864e-05
5.08855e-05
5.08846e-05
5.08837e-05
5.08828e-05
5.08819e-05
5.0881e-05
5.088e-05
5.08791e-05
5.08782e-05
5.08773e-05
5.08764e-05
5.08755e-05
5.08746e-05
5.08737e-05
5.08728e-05
5.08719e-05
5.0871e-05
5.08701e-05
5.08692e-05
5.08683e-05
5.08674e-05
5.08665e-05
5.08657e-05
5.08648e-05
5.08639e-05
5.0863e-05
5.08621e-05
5.08612e-05
5.08603e-05
5.08594e-05
5.08585e-05
5.08577e-05
5.08568e-05
5.08559e-05
5.0855e-05
5.08541e-05
5.08533e-05
5.08524e-05
5.08515e-05
5.08506e-05
5.08497e-05
5.08489e-05
5.0848e-05
5.08471e-05
5.08463e-05
5.08454e-05
5.08445e-05
5.08436e-05
5.08428e-05
5.08419e-05
5.0841e-05
5.08402e-05
5.08393e-05
5.08384e-05
5.08376e-05
5.08367e-05
5.08359e-05
5.0835e-05
5.08341e-05
5.08333e-05
5.08324e-05
5.08316e-05
5.08307e-05
5.08299e-05
5.0829e-05
5.08281e-05
5.08273e-05
5.08264e-05
5.08256e-05
5.08247e-05
5.08239e-05
5.0823e-05
5.08222e-05
5.08214e-05
5.08205e-05
5.08197e-05
5.08188e-05
5.0818e-05
5.08171e-05
5.08163e-05
5.08155e-05
5.08146e-05
5.08138e-05
5.08129e-05
5.08121e-05
5.08113e-05
5.08104e-05
5.08096e-05
5.08088e-05
5.08079e-05
5.08071e-05
5.08063e-05
5.08055e-05
5.08046e-05
5.08038e-05
5.0803e-05
5.08021e-05
5.08013e-05
5.08005e-05
5.07997e-05
5.07988e-05
5.0798e-05
5.07972e-05
5.07964e-05
5.07956e-05
5.07948e-05
5.07939e-05
5.07931e-05
5.07923e-05
5.07915e-05
5.07907e-05
5.07899e-05
5.0789e-05
5.07882e-05
5.07874e-05
5.07866e-05
5.07858e-05
5.0785e-05
5.07842e-05
5.07834e-05
5.07826e-05
5.07818e-05
5.0781e-05
5.07802e-05
5.07794e-05
5.07786e-05
5.07778e-05
5.0777e-05
5.07762e-05
5.07754e-05
5.07746e-05
5.07738e-05
5.0773e-05
5.07722e-05
5.07714e-05
5.07706e-05
5.07698e-05
5.0769e-05
5.07682e-05
5.07674e-05
5.07667e-05
5.07659e-05
5.07651e-05
5.07643e-05
5.07635e-05
5.07627e-05
5.07619e-05
5.07612e-05
5.07604e-05
5.07596e-05
5.07588e-05
5.0758e-05
5.07573e-05
5.07565e-05
5.07557e-05
5.07549e-05
5.07542e-05
5.07534e-05
5.07526e-05
5.07518e-05
5.07511e-05
5.07503e-05
5.07495e-05
5.07488e-05
5.0748e-05
5.07472e-05
5.07464e-05
5.07457e-05
5.07449e-05
5.07441e-05
5.07434e-05
5.07426e-05
5.07419e-05
5.07411e-05
5.07403e-05
5.07396e-05
5.07388e-05
5.07381e-05
5.07373e-05
5.07365e-05
5.07358e-05
5.0735e-05
5.07343e-05
5.07335e-05
5.07328e-05
5.0732e-05
5.07313e-05
5.07305e-05
5.07298e-05
5.0729e-05
5.07283e-05
5.07275e-05
5.07268e-05
5.0726e-05
5.07253e-05
5.07245e-05
5.07238e-05
5.07231e-05
5.07223e-05
5.07216e-05
5.07208e-05
5.07201e-05
5.07194e-05
5.07186e-05
5.07179e-05
5.07171e-05
5.07164e-05
5.07157e-05
5.07149e-05
5.07142e-05
5.07135e-05
5.07127e-05
5.0712e-05
5.07113e-05
5.07106e-05
5.07098e-05
5.07091e-05
5.07084e-05
5.07076e-05
5.07069e-05
5.07062e-05
5.07055e-05
5.07047e-05
5.0704e-05
5.07033e-05
5.07026e-05
5.07019e-05
5.07011e-05
5.07004e-05
5.06997e-05
5.0699e-05
5.06983e-05
5.06975e-05
5.06968e-05
5.06961e-05
5.06954e-05
5.06947e-05
5.0694e-05
5.06933e-05
5.06926e-05
5.06918e-05
5.06911e-05
5.06904e-05
5.06897e-05
5.0689e-05
5.06883e-05
5.06876e-05
5.06869e-05
5.06862e-05
5.06855e-05
5.06848e-05
5.06841e-05
5.06834e-05
5.06827e-05
5.0682e-05
5.06813e-05
5.06806e-05
5.06799e-05
5.06792e-05
5.06785e-05
5.06778e-05
5.06771e-05
5.06764e-05
5.06757e-05
5.0675e-05
5.06743e-05
5.06736e-05
5.0673e-05
5.06723e-05
5.06716e-05
5.06709e-05
5.06702e-05
5.06695e-05
5.06688e-05
5.06681e-05
5.06675e-05
5.06668e-05
5.06661e-05
5.06654e-05
5.06647e-05
5.0664e-05
5.06634e-05
5.06627e-05
5.0662e-05
5.06613e-05
5.06607e-05
5.066e-05
5.06593e-05
5.06586e-05
5.0658e-05
5.06573e-05
5.06566e-05
5.06559e-05
5.06553e-05
5.06546e-05
5.06539e-05
5.06532e-05
5.06526e-05
5.06519e-05
5.06512e-05
5.06506e-05
5.06499e-05
5.06492e-05
5.06486e-05
5.06479e-05
5.06473e-05
5.06466e-05
5.06459e-05
5.06453e-05
5.06446e-05
5.06439e-05
5.06433e-05
5.06426e-05
5.0642e-05
5.06413e-05
5.06407e-05
5.064e-05
5.06393e-05
5.06387e-05
5.0638e-05
5.06374e-05
5.06367e-05
5.06361e-05
5.06354e-05
5.06348e-05
5.06341e-05
5.06335e-05
5.06328e-05
5.06322e-05
5.06315e-05
5.06309e-05
5.06302e-05
5.06296e-05
5.0629e-05
5.06283e-05
5.06277e-05
5.0627e-05
5.06264e-05
5.06257e-05
5.06251e-05
5.06245e-05
5.06238e-05
5.06232e-05
5.06226e-05
5.06219e-05
5.06213e-05
5.06206e-05
5.062e-05
5.06194e-05
5.06187e-05
5.06181e-05
5.06175e-05
5.06168e-05
5.06162e-05
5.06156e-05
5.0615e-05
5.06143e-05
5.06137e-05
5.06131e-05
5.06124e-05
5.06118e-05
5.06112e-05
5.06106e-05
5.06099e-05
5.06093e-05
5.06087e-05
5.06081e-05
5.06074e-05
5.06068e-05
5.06062e-05
5.06056e-05
5.0605e-05
5.06043e-05
5.06037e-05
5.06031e-05
5.06025e-05
5.06019e-05
5.06013e-05
5.06006e-05
5.06e-05
5.05994e-05
5.05988e-05
5.05982e-05
5.05976e-05
5.0597e-05
5.05964e-05
5.05958e-05
5.05951e-05
5.05945e-05
5.05939e-05
5.05933e-05
5.05927e-05
5.05921e-05
5.05915e-05
5.05909e-05
5.05903e-05
5.05897e-05
5.05891e-05
5.05885e-05
5.05879e-05
5.05873e-05
5.05867e-05
5.05861e-05
5.05855e-05
5.05849e-05
5.05843e-05
5.05837e-05
5.05831e-05
5.05825e-05
5.05819e-05
5.05813e-05
5.05807e-05
5.05801e-05
5.05795e-05
5.05789e-05
5.05783e-05
5.05778e-05
5.05772e-05
5.05766e-05
5.0576e-05
5.05754e-05
5.05748e-05
5.05742e-05
5.05736e-05
5.05731e-05
5.05725e-05
5.05719e-05
5.05713e-05
5.05707e-05
5.05701e-05
5.05695e-05
5.0569e-05
5.05684e-05
5.05678e-05
5.05672e-05
5.05666e-05
5.05661e-05
5.05655e-05
5.05649e-05
5.05643e-05
5.05638e-05
5.05632e-05
5.05626e-05
5.0562e-05
5.05615e-05
5.05609e-05
5.05603e-05
5.05597e-05
5.05592e-05
5.05586e-05
5.0558e-05
5.05575e-05
5.05569e-05
5.05563e-05
5.05558e-05
5.05552e-05
5.05546e-05
5.05541e-05
5.05535e-05
5.05529e-05
5.05524e-05
5.05518e-05
5.05512e-05
5.05507e-05
5.05501e-05
5.05495e-05
5.0549e-05
5.05484e-05
5.05479e-05
5.05473e-05
5.05467e-05
5.05462e-05
5.05456e-05
5.05451e-05
5.05445e-05
5.0544e-05
5.05434e-05
5.05429e-05
5.05423e-05
5.05417e-05
5.05412e-05
5.05406e-05
5.05401e-05
5.05395e-05
5.0539e-05
5.05384e-05
5.05379e-05
5.05373e-05
5.05368e-05
5.05362e-05
5.05357e-05
5.05351e-05
5.05346e-05
5.05341e-05
5.05335e-05
5.0533e-05
5.05324e-05
5.05319e-05
5.05313e-05
5.05308e-05
5.05303e-05
5.05297e-05
5.05292e-05
5.05286e-05
5.05281e-05
5.05276e-05
5.0527e-05
5.05265e-05
5.05259e-05
5.05254e-05
5.05249e-05
5.05243e-05
5.05238e-05
5.05233e-05
5.05227e-05
5.05222e-05
5.05217e-05
5.05211e-05
5.05206e-05
5.05201e-05
5.05195e-05
5.0519e-05
5.05185e-05
5.0518e-05
5.05174e-05
5.05169e-05
5.05164e-05
5.05158e-05
5.05153e-05
5.05148e-05
5.05143e-05
5.05137e-05
5.05132e-05
5.05127e-05
5.05122e-05
5.05117e-05
5.05111e-05
5.05106e-05
5.05101e-05
5.05096e-05
5.0509e-05
5.05085e-05
5.0508e-05
5.05075e-05
5.0507e-05
5.05065e-05
5.05059e-05
5.05054e-05
5.05049e-05
5.05044e-05
5.05039e-05
5.05034e-05
5.05029e-05
5.05023e-05
5.05018e-05
5.05013e-05
5.05008e-05
5.05003e-05
5.04998e-05
5.04993e-05
5.04988e-05
5.04983e-05
5.04978e-05
5.04972e-05
5.04967e-05
5.04962e-05
5.04957e-05
5.04952e-05
5.04947e-05
5.04942e-05
5.04937e-05
5.04932e-05
5.04927e-05
5.04922e-05
5.04917e-05
5.04912e-05
5.04907e-05
5.04902e-05
5.04897e-05
5.04892e-05
5.04887e-05
5.04882e-05
5.04877e-05
5.04872e-05
5.04867e-05
5.04862e-05
5.04857e-05
5.04852e-05
5.04847e-05
5.04842e-05
5.04838e-05
5.04833e-05
5.04828e-05
5.04823e-05
5.04818e-05
5.04813e-05
5.04808e-05
5.04803e-05
5.04798e-05
5.04793e-05
5.04788e-05
5.04784e-05
5.04779e-05
5.04774e-05
5.04769e-05
5.04764e-05
5.04759e-05
5.04754e-05
5.0475e-05
5.04745e-05
5.0474e-05
5.04735e-05
5.0473e-05
5.04725e-05
5.04721e-05
5.04716e-05
5.04711e-05
5.04706e-05
5.04701e-05
5.04697e-05
5.04692e-05
5.04687e-05
5.04682e-05
5.04678e-05
5.04673e-05
5.04668e-05
5.04663e-05
5.04659e-05
5.04654e-05
5.04649e-05
5.04644e-05
5.0464e-05
5.04635e-05
5.0463e-05
5.04625e-05
5.04621e-05
5.04616e-05
5.04611e-05
5.04607e-05
5.04602e-05
5.04597e-05
5.04593e-05
5.04588e-05
5.04583e-05
5.04579e-05
5.04574e-05
5.04569e-05
5.04565e-05
5.0456e-05
5.04555e-05
5.04551e-05
5.04546e-05
5.04541e-05
5.04537e-05
5.04532e-05
5.04528e-05
5.04523e-05
5.04518e-05
5.04514e-05
5.04509e-05
5.04505e-05
5.045e-05
5.04496e-05
5.04491e-05
5.04486e-05
5.04482e-05
5.04477e-05
5.04473e-05
5.04468e-05
5.04464e-05
5.04459e-05
5.04455e-05
5.0445e-05
5.04445e-05
5.04441e-05
5.04436e-05
5.04432e-05
5.04427e-05
5.04423e-05
5.04418e-05
5.04414e-05
5.04409e-05
5.04405e-05
5.044e-05
5.04396e-05
5.04392e-05
5.04387e-05
5.04383e-05
5.04378e-05
5.04374e-05
5.04369e-05
5.04365e-05
5.0436e-05
5.04356e-05
5.04351e-05
5.04347e-05
5.04343e-05
5.04338e-05
5.04334e-05
5.04329e-05
5.04325e-05
5.04321e-05
5.04316e-05
5.04312e-05
5.04307e-05
5.04303e-05
5.04299e-05
5.04294e-05
5.0429e-05
5.04286e-05
5.04281e-05
5.04277e-05
5.04273e-05
5.04268e-05
5.04264e-05
5.0426e-05
5.04255e-05
5.04251e-05
5.04247e-05
5.04242e-05
5.04238e-05
5.04234e-05
5.04229e-05
5.04225e-05
5.04221e-05
5.04216e-05
5.04212e-05
5.04208e-05
5.04204e-05
5.04199e-05
5.04195e-05
5.04191e-05
5.04187e-05
5.04182e-05
5.04178e-05
5.04174e-05
5.0417e-05
5.04165e-05
5.04161e-05
5.04157e-05
5.04153e-05
5.04148e-05
5.04144e-05
5.0414e-05
5.04136e-05
5.04132e-05
5.04127e-05
5.04123e-05
5.04119e-05
5.04115e-05
5.04111e-05
5.04106e-05
5.04102e-05
5.04098e-05
5.04094e-05
5.0409e-05
5.04086e-05
5.04082e-05
5.04077e-05
5.04073e-05
5.04069e-05
5.04065e-05
5.04061e-05
5.04057e-05
5.04053e-05
5.04048e-05
5.04044e-05
5.0404e-05
5.04036e-05
5.04032e-05
5.04028e-05
5.04024e-05
5.0402e-05
5.04016e-05
5.04012e-05
5.04008e-05
5.04003e-05
5.03999e-05
5.03995e-05
5.03991e-05
5.03987e-05
5.03983e-05
5.03979e-05
5.03975e-05
5.03971e-05
5.03967e-05
5.03963e-05
5.03959e-05
5.03955e-05
5.03951e-05
5.03947e-05
5.03943e-05
5.03939e-05
5.03935e-05
5.03931e-05
5.03927e-05
5.03923e-05
5.03919e-05
5.03915e-05
5.03911e-05
5.03907e-05
5.03903e-05
5.03899e-05
5.03895e-05
5.03891e-05
5.03887e-05
5.03883e-05
5.03879e-05
5.03875e-05
5.03872e-05
5.03868e-05
5.03864e-05
5.0386e-05
5.03856e-05
5.03852e-05
5.03848e-05
5.03844e-05
5.0384e-05
5.03836e-05
5.03832e-05
5.03829e-05
5.03825e-05
5.03821e-05
5.03817e-05
5.03813e-05
5.03809e-05
5.03805e-05
5.03801e-05
5.03798e-05
5.03794e-05
5.0379e-05
5.03786e-05
5.03782e-05
5.03778e-05
5.03774e-05
5.03771e-05
5.03767e-05
5.03763e-05
5.03759e-05
5.03755e-05
5.03752e-05
5.03748e-05
5.03744e-05
5.0374e-05
5.03736e-05
5.03733e-05
5.03729e-05
5.03725e-05
5.03721e-05
5.03717e-05
5.03714e-05
5.0371e-05
5.03706e-05
5.03702e-05
5.03699e-05
5.03695e-05
5.03691e-05
5.03687e-05
5.03684e-05
5.0368e-05
5.03676e-05
5.03672e-05
5.03669e-05
5.03665e-05
5.03661e-05
5.03658e-05
5.03654e-05
5.0365e-05
5.03646e-05
5.03643e-05
5.03639e-05
5.03635e-05
5.03632e-05
5.03628e-05
5.03624e-05
5.03621e-05
5.03617e-05
5.03613e-05
5.0361e-05
5.03606e-05
5.03602e-05
5.03599e-05
5.03595e-05
5.03591e-05
5.03588e-05
5.03584e-05
5.03581e-05
5.03577e-05
5.03573e-05
5.0357e-05
5.03566e-05
5.03562e-05
5.03559e-05
5.03555e-05
5.03552e-05
5.03548e-05
5.03544e-05
5.03541e-05
5.03537e-05
5.03534e-05
5.0353e-05
5.03526e-05
5.03523e-05
5.03519e-05
5.03516e-05
5.03512e-05
5.03509e-05
5.03505e-05
5.03502e-05
5.03498e-05
5.03494e-05
5.03491e-05
5.03487e-05
5.03484e-05
5.0348e-05
5.03477e-05
5.03473e-05
5.0347e-05
5.03466e-05
5.03463e-05
5.03459e-05
5.03456e-05
5.03452e-05
5.03449e-05
5.03445e-05
5.03442e-05
5.03438e-05
5.03435e-05
5.03431e-05
5.03428e-05
5.03424e-05
5.03421e-05
5.03417e-05
5.03414e-05
5.0341e-05
5.03407e-05
5.03404e-05
5.034e-05
5.03397e-05
5.03393e-05
5.0339e-05
5.03386e-05
5.03383e-05
5.03379e-05
5.03376e-05
5.03373e-05
5.03369e-05
5.03366e-05
5.03362e-05
5.03359e-05
5.03356e-05
5.03352e-05
5.03349e-05
5.03345e-05
5.03342e-05
5.03339e-05
5.03335e-05
5.03332e-05
5.03329e-05
5.03325e-05
5.03322e-05
5.03318e-05
5.03315e-05
5.03312e-05
5.03308e-05
5.03305e-05
5.03302e-05
5.03298e-05
5.03295e-05
5.03292e-05
5.03288e-05
5.03285e-05
5.03282e-05
5.03278e-05
5.03275e-05
5.03272e-05
5.03268e-05
5.03265e-05
5.03262e-05
5.03258e-05
5.03255e-05
5.03252e-05
5.03249e-05
5.03245e-05
5.03242e-05
5.03239e-05
5.03235e-05
5.03232e-05
5.03229e-05
5.03226e-05
5.03222e-05
5.03219e-05
5.03216e-05
5.03213e-05
5.03209e-05
5.03206e-05
5.03203e-05
5.032e-05
5.03196e-05
5.03193e-05
5.0319e-05
5.03187e-05
5.03183e-05
5.0318e-05
5.03177e-05
5.03174e-05
5.03171e-05
5.03167e-05
5.03164e-05
5.03161e-05
5.03158e-05
5.03155e-05
5.03151e-05
5.03148e-05
5.03145e-05
5.03142e-05
5.03139e-05
5.03135e-05
5.03132e-05
5.03129e-05
5.03126e-05
5.03123e-05
5.0312e-05
5.03116e-05
5.03113e-05
5.0311e-05
5.03107e-05
5.03104e-05
5.03101e-05
5.03098e-05
5.03094e-05
5.03091e-05
5.03088e-05
5.03085e-05
5.03082e-05
5.03079e-05
5.03076e-05
5.03073e-05
5.0307e-05
5.03066e-05
5.03063e-05
5.0306e-05
5.03057e-05
5.03054e-05
5.03051e-05
5.03048e-05
5.03045e-05
5.03042e-05
5.03039e-05
5.03036e-05
5.03032e-05
5.03029e-05
5.03026e-05
5.03023e-05
5.0302e-05
5.03017e-05
5.03014e-05
5.03011e-05
5.03008e-05
5.03005e-05
5.03002e-05
5.02999e-05
5.02996e-05
5.02993e-05
5.0299e-05
5.02987e-05
5.02984e-05
5.02981e-05
5.02978e-05
5.02975e-05
5.02972e-05
5.02969e-05
5.02966e-05
5.02963e-05
5.0296e-05
5.02957e-05
5.02954e-05
5.02951e-05
5.02948e-05
5.02945e-05
5.02942e-05
5.02939e-05
5.02936e-05
5.02933e-05
5.0293e-05
5.02927e-05
5.02924e-05
5.02921e-05
5.02918e-05
5.02915e-05
5.02912e-05
5.02909e-05
5.02906e-05
5.02903e-05
5.029e-05
5.02898e-05
5.02895e-05
5.02892e-05
5.02889e-05
5.02886e-05
5.02883e-05
5.0288e-05
5.02877e-05
5.02874e-05
5.02871e-05
5.02868e-05
5.02865e-05
5.02863e-05
5.0286e-05
5.02857e-05
5.02854e-05
5.02851e-05
5.02848e-05
5.02845e-05
5.02842e-05
5.0284e-05
5.02837e-05
5.02834e-05
5.02831e-05
5.02828e-05
5.02825e-05
5.02822e-05
5.0282e-05
5.02817e-05
5.02814e-05
5.02811e-05
5.02808e-05
5.02805e-05
5.02802e-05
5.028e-05
5.02797e-05
5.02794e-05
5.02791e-05
5.02788e-05
5.02786e-05
5.02783e-05
5.0278e-05
5.02777e-05
5.02774e-05
5.02771e-05
5.02769e-05
5.02766e-05
5.02763e-05
5.0276e-05
5.02758e-05
5.02755e-05
5.02752e-05
5.02749e-05
5.02746e-05
5.02744e-05
5.02741e-05
5.02738e-05
5.02735e-05
5.02733e-05
5.0273e-05
5.02727e-05
5.02724e-05
5.02722e-05
5.02719e-05
5.02716e-05
5.02713e-05
5.02711e-05
5.02708e-05
5.02705e-05
5.02702e-05
5.027e-05
5.02697e-05
5.02694e-05
5.02691e-05
5.02689e-05
5.02686e-05
5.02683e-05
5.02681e-05
5.02678e-05
5.02675e-05
5.02672e-05
5.0267e-05
5.02667e-05
5.02664e-05
5.02662e-05
5.02659e-05
5.02656e-05
5.02654e-05
5.02651e-05
5.02648e-05
5.02646e-05
5.02643e-05
5.0264e-05
5.02638e-05
5.02635e-05
5.02632e-05
5.0263e-05
5.02627e-05
5.02624e-05
5.02622e-05
5.02619e-05
5.02616e-05
5.02614e-05
5.02611e-05
5.02608e-05
5.02606e-05
5.02603e-05
5.02601e-05
5.02598e-05
5.02595e-05
5.02593e-05
5.0259e-05
5.02588e-05
5.02585e-05
5.02582e-05
5.0258e-05
5.02577e-05
5.02574e-05
5.02572e-05
5.02569e-05
5.02567e-05
5.02564e-05
5.02562e-05
5.02559e-05
5.02556e-05
5.02554e-05
5.02551e-05
5.02549e-05
5.02546e-05
5.02543e-05
5.02541e-05
5.02538e-05
5.02536e-05
5.02533e-05
5.02531e-05
5.02528e-05
5.02526e-05
5.02523e-05
5.0252e-05
5.02518e-05
5.02515e-05
5.02513e-05
5.0251e-05
5.02508e-05
5.02505e-05
5.02503e-05
5.025e-05
5.02498e-05
5.02495e-05
5.02493e-05
5.0249e-05
5.02488e-05
5.02485e-05
5.02483e-05
5.0248e-05
5.02478e-05
5.02475e-05
5.02473e-05
5.0247e-05
5.02468e-05
5.02465e-05
5.02463e-05
5.0246e-05
5.02458e-05
5.02455e-05
5.02453e-05
5.0245e-05
5.02448e-05
5.02445e-05
5.02443e-05
5.0244e-05
5.02438e-05
5.02435e-05
5.02433e-05
5.02431e-05
5.02428e-05
5.02426e-05
5.02423e-05
5.02421e-05
5.02418e-05
5.02416e-05
5.02413e-05
5.02411e-05
5.02409e-05
5.02406e-05
5.02404e-05
5.02401e-05
5.02399e-05
5.02396e-05
5.02394e-05
5.02392e-05
5.02389e-05
5.02387e-05
5.02384e-05
5.02382e-05
5.0238e-05
5.02377e-05
5.02375e-05
5.02372e-05
5.0237e-05
5.02368e-05
5.02365e-05
5.02363e-05
5.0236e-05
5.02358e-05
5.02356e-05
5.02353e-05
5.02351e-05
5.02349e-05
5.02346e-05
5.02344e-05
5.02342e-05
5.02339e-05
5.02337e-05
5.02334e-05
5.02332e-05
5.0233e-05
5.02327e-05
5.02325e-05
5.02323e-05
5.0232e-05
5.02318e-05
5.02316e-05
5.02313e-05
5.02311e-05
5.02309e-05
5.02306e-05
5.02304e-05
5.02302e-05
5.02299e-05
5.02297e-05
5.02295e-05
5.02292e-05
5.0229e-05
5.02288e-05
5.02286e-05
5.02283e-05
5.02281e-05
5.02279e-05
5.02276e-05
5.02274e-05
5.02272e-05
5.02269e-05
5.02267e-05
5.02265e-05
5.02263e-05
5.0226e-05
5.02258e-05
5.02256e-05
5.02253e-05
5.02251e-05
5.02249e-05
5.02247e-05
5.02244e-05
5.02242e-05
5.0224e-05
5.02238e-05
5.02235e-05
5.02233e-05
5.02231e-05
5.02229e-05
5.02226e-05
5.02224e-05
5.02222e-05
5.0222e-05
5.02217e-05
5.02215e-05
5.02213e-05
5.02211e-05
5.02209e-05
5.02206e-05
5.02204e-05
5.02202e-05
5.022e-05
5.02197e-05
5.02195e-05
5.02193e-05
5.02191e-05
5.02189e-05
5.02186e-05
5.02184e-05
5.02182e-05
5.0218e-05
5.02178e-05
5.02175e-05
5.02173e-05
5.02171e-05
5.02169e-05
5.02167e-05
5.02164e-05
5.02162e-05
5.0216e-05
5.02158e-05
5.02156e-05
5.02154e-05
5.02151e-05
5.02149e-05
5.02147e-05
5.02145e-05
5.02143e-05
5.02141e-05
5.02138e-05
5.02136e-05
5.02134e-05
5.02132e-05
5.0213e-05
5.02128e-05
5.02126e-05
5.02123e-05
5.02121e-05
5.02119e-05
5.02117e-05
5.02115e-05
5.02113e-05
5.02111e-05
5.02109e-05
5.02106e-05
5.02104e-05
5.02102e-05
5.021e-05
5.02098e-05
5.02096e-05
5.02094e-05
5.02092e-05
5.02089e-05
5.02087e-05
5.02085e-05
5.02083e-05
5.02081e-05
5.02079e-05
5.02077e-05
5.02075e-05
5.02073e-05
5.02071e-05
5.02069e-05
5.02066e-05
5.02064e-05
5.02062e-05
5.0206e-05
5.02058e-05
5.02056e-05
5.02054e-05
5.02052e-05
5.0205e-05
5.02048e-05
5.02046e-05
5.02044e-05
5.02042e-05
5.0204e-05
5.02038e-05
5.02035e-05
5.02033e-05
5.02031e-05
5.02029e-05
5.02027e-05
5.02025e-05
5.02023e-05
5.02021e-05
5.02019e-05
5.02017e-05
5.02015e-05
5.02013e-05
5.02011e-05
5.02009e-05
5.02007e-05
5.02005e-05
5.02003e-05
5.02001e-05
5.01999e-05
5.01997e-05
5.01995e-05
5.01993e-05
5.01991e-05
5.01989e-05
5.01987e-05
5.01985e-05
5.01983e-05
5.01981e-05
5.01979e-05
5.01977e-05
5.01975e-05
5.01973e-05
5.01971e-05
5.01969e-05
5.01967e-05
5.01965e-05
5.01963e-05
5.01961e-05
5.01959e-05
5.01957e-05
5.01955e-05
5.01953e-05
5.01951e-05
5.01949e-05
5.01947e-05
5.01945e-05
5.01943e-05
5.01941e-05
5.01939e-05
5.01938e-05
5.01936e-05
5.01934e-05
5.01932e-05
5.0193e-05
5.01928e-05
5.01926e-05
5.01924e-05
5.01922e-05
5.0192e-05
5.01918e-05
5.01916e-05
5.01914e-05
5.01912e-05
5.0191e-05
5.01909e-05
5.01907e-05
5.01905e-05
5.01903e-05
5.01901e-05
5.01899e-05
5.01897e-05
5.01895e-05
5.01893e-05
5.01891e-05
5.01889e-05
5.01888e-05
5.01886e-05
5.01884e-05
5.01882e-05
5.0188e-05
5.01878e-05
5.01876e-05
5.01874e-05
5.01872e-05
5.0187e-05
5.01869e-05
5.01867e-05
5.01865e-05
5.01863e-05
5.01861e-05
5.01859e-05
5.01857e-05
5.01856e-05
5.01854e-05
5.01852e-05
5.0185e-05
5.01848e-05
5.01846e-05
5.01844e-05
5.01842e-05
5.01841e-05
5.01839e-05
5.01837e-05
5.01835e-05
5.01833e-05
5.01831e-05
5.0183e-05
5.01828e-05
5.01826e-05
5.01824e-05
5.01822e-05
5.0182e-05
5.01819e-05
5.01817e-05
5.01815e-05
5.01813e-05
5.01811e-05
5.01809e-05
5.01808e-05
5.01806e-05
5.01804e-05
5.01802e-05
5.018e-05
5.01799e-05
5.01797e-05
5.01795e-05
5.01793e-05
5.01791e-05
5.0179e-05
5.01788e-05
5.01786e-05
5.01784e-05
5.01782e-05
5.01781e-05
5.01779e-05
5.01777e-05
5.01775e-05
5.01773e-05
5.01772e-05
5.0177e-05
5.01768e-05
5.01766e-05
5.01765e-05
5.01763e-05
5.01761e-05
5.01759e-05
5.01757e-05
5.01756e-05
5.01754e-05
5.01752e-05
5.0175e-05
5.01749e-05
5.01747e-05
5.01745e-05
5.01743e-05
5.01742e-05
5.0174e-05
5.01738e-05
5.01736e-05
5.01735e-05
5.01733e-05
5.01731e-05
5.01729e-05
5.01728e-05
5.01726e-05
5.01724e-05
5.01722e-05
5.01721e-05
5.01719e-05
5.01717e-05
5.01716e-05
5.01714e-05
5.01712e-05
5.0171e-05
5.01709e-05
5.01707e-05
5.01705e-05
5.01704e-05
5.01702e-05
5.017e-05
5.01698e-05
5.01697e-05
5.01695e-05
5.01693e-05
5.01692e-05
5.0169e-05
5.01688e-05
5.01686e-05
5.01685e-05
5.01683e-05
5.01681e-05
5.0168e-05
5.01678e-05
5.01676e-05
5.01675e-05
5.01673e-05
5.01671e-05
5.0167e-05
5.01668e-05
5.01666e-05
5.01665e-05
5.01663e-05
5.01661e-05
5.0166e-05
5.01658e-05
5.01656e-05
5.01655e-05
5.01653e-05
5.01651e-05
5.0165e-05
5.01648e-05
5.01646e-05
5.01645e-05
5.01643e-05
5.01641e-05
5.0164e-05
5.01638e-05
5.01636e-05
5.01635e-05
5.01633e-05
5.01632e-05
5.0163e-05
5.01628e-05
5.01627e-05
5.01625e-05
5.01623e-05
5.01622e-05
5.0162e-05
5.01618e-05
5.01617e-05
5.01615e-05
5.01614e-05
5.01612e-05
5.0161e-05
5.01609e-05
5.01607e-05
5.01605e-05
5.01604e-05
5.01602e-05
5.01601e-05
5.01599e-05
5.01597e-05
5.01596e-05
5.01594e-05
5.01593e-05
5.01591e-05
5.01589e-05
5.01588e-05
5.01586e-05
5.01585e-05
5.01583e-05
5.01581e-05
5.0158e-05
5.01578e-05
5.01577e-05
5.01575e-05
5.01574e-05
5.01572e-05
5.0157e-05
5.01569e-05
5.01567e-05
5.01566e-05
5.01564e-05
5.01563e-05
5.01561e-05
5.01559e-05
5.01558e-05
5.01556e-05
5.01555e-05
5.01553e-05
5.01552e-05
5.0155e-05
5.01548e-05
5.01547e-05
5.01545e-05
5.01544e-05
5.01542e-05
5.01541e-05
5.01539e-05
5.01538e-05
5.01536e-05
5.01535e-05
5.01533e-05
5.01531e-05
5.0153e-05
5.01528e-05
5.01527e-05
5.01525e-05
5.01524e-05
5.01522e-05
5.01521e-05
5.01519e-05
5.01518e-05
5.01516e-05
5.01515e-05
5.01513e-05
5.01512e-05
5.0151e-05
5.01509e-05
5.01507e-05
5.01506e-05
5.01504e-05
5.01503e-05
5.01501e-05
5.015e-05
5.01498e-05
5.01497e-05
5.01495e-05
5.01494e-05
5.01492e-05
5.01491e-05
5.01489e-05
5.01488e-05
5.01486e-05
5.01485e-05
5.01483e-05
5.01482e-05
5.0148e-05
5.01479e-05
5.01477e-05
5.01476e-05
5.01474e-05
5.01473e-05
5.01471e-05
5.0147e-05
5.01468e-05
5.01467e-05
5.01465e-05
5.01464e-05
5.01462e-05
5.01461e-05
5.01459e-05
5.01458e-05
5.01457e-05
5.01455e-05
5.01454e-05
5.01452e-05
5.01451e-05
5.01449e-05
5.01448e-05
5.01446e-05
5.01445e-05
5.01443e-05
5.01442e-05
5.01441e-05
5.01439e-05
5.01438e-05
5.01436e-05
5.01435e-05
5.01433e-05
5.01432e-05
5.0143e-05
5.01429e-05
5.01428e-05
5.01426e-05
5.01425e-05
5.01423e-05
5.01422e-05
5.0142e-05
5.01419e-05
5.01418e-05
5.01416e-05
5.01415e-05
5.01413e-05
5.01412e-05
5.01411e-05
5.01409e-05
5.01408e-05
5.01406e-05
5.01405e-05
5.01403e-05
5.01402e-05
5.01401e-05
5.01399e-05
5.01398e-05
5.01396e-05
5.01395e-05
5.01394e-05
5.01392e-05
5.01391e-05
5.01389e-05
5.01388e-05
5.01387e-05
5.01385e-05
5.01384e-05
5.01383e-05
5.01381e-05
5.0138e-05
5.01378e-05
5.01377e-05
5.01376e-05
5.01374e-05
5.01373e-05
5.01371e-05
5.0137e-05
5.01369e-05
5.01367e-05
5.01366e-05
5.01365e-05
5.01363e-05
5.01362e-05
5.01361e-05
5.01359e-05
5.01358e-05
5.01356e-05
5.01355e-05
5.01354e-05
5.01352e-05
5.01351e-05
5.0135e-05
5.01348e-05
5.01347e-05
5.01346e-05
5.01344e-05
5.01343e-05
5.01342e-05
5.0134e-05
5.01339e-05
5.01338e-05
5.01336e-05
5.01335e-05
5.01333e-05
5.01332e-05
5.01331e-05
5.01329e-05
5.01328e-05
5.01327e-05
5.01325e-05
5.01324e-05
5.01323e-05
5.01322e-05
5.0132e-05
5.01319e-05
5.01318e-05
5.01316e-05
5.01315e-05
5.01314e-05
5.01312e-05
5.01311e-05
5.0131e-05
5.01308e-05
5.01307e-05
5.01306e-05
5.01304e-05
5.01303e-05
5.01302e-05
5.013e-05
5.01299e-05
5.01298e-05
5.01297e-05
5.01295e-05
5.01294e-05
5.01293e-05
5.01291e-05
5.0129e-05
5.01289e-05
5.01288e-05
5.01286e-05
5.01285e-05
5.01284e-05
5.01282e-05
5.01281e-05
5.0128e-05
5.01279e-05
5.01277e-05
5.01276e-05
5.01275e-05
5.01273e-05
5.01272e-05
5.01271e-05
5.0127e-05
5.01268e-05
5.01267e-05
5.01266e-05
5.01265e-05
5.01263e-05
5.01262e-05
5.01261e-05
5.01259e-05
5.01258e-05
5.01257e-05
5.01256e-05
5.01254e-05
5.01253e-05
5.01252e-05
5.01251e-05
5.01249e-05
5.01248e-05
5.01247e-05
5.01246e-05
5.01244e-05
5.01243e-05
5.01242e-05
5.01241e-05
5.01239e-05
5.01238e-05
5.01237e-05
5.01236e-05
5.01234e-05
5.01233e-05
5.01232e-05
5.01231e-05
5.0123e-05
5.01228e-05
5.01227e-05
5.01226e-05
5.01225e-05
5.01223e-05
5.01222e-05
5.01221e-05
5.0122e-05
5.01218e-05
5.01217e-05
5.01216e-05
5.01215e-05
5.01214e-05
5.01212e-05
5.01211e-05
5.0121e-05
5.01209e-05
5.01208e-05
5.01206e-05
5.01205e-05
5.01204e-05
5.01203e-05
5.01202e-05
5.012e-05
5.01199e-05
5.01198e-05
5.01197e-05
5.01196e-05
5.01194e-05
5.01193e-05
5.01192e-05
5.01191e-05
5.0119e-05
5.01188e-05
5.01187e-05
5.01186e-05
5.01185e-05
5.01184e-05
5.01182e-05
5.01181e-05
5.0118e-05
5.01179e-05
5.01178e-05
5.01177e-05
5.01175e-05
5.01174e-05
5.01173e-05
5.01172e-05
5.01171e-05
5.01169e-05
5.01168e-05
5.01167e-05
5.01166e-05
5.01165e-05
5.01164e-05
5.01162e-05
5.01161e-05
5.0116e-05
5.01159e-05
5.01158e-05
5.01157e-05
5.01155e-05
5.01154e-05
5.01153e-05
5.01152e-05
5.01151e-05
5.0115e-05
5.01149e-05
5.01147e-05
5.01146e-05
5.01145e-05
5.01144e-05
5.01143e-05
5.01142e-05
5.01141e-05
5.01139e-05
5.01138e-05
5.01137e-05
5.01136e-05
5.01135e-05
5.01134e-05
5.01133e-05
5.01131e-05
5.0113e-05
5.01129e-05
5.01128e-05
5.01127e-05
5.01126e-05
5.01125e-05
5.01124e-05
5.01122e-05
5.01121e-05
5.0112e-05
5.01119e-05
5.01118e-05
5.01117e-05
5.01116e-05
5.01115e-05
5.01113e-05
5.01112e-05
5.01111e-05
5.0111e-05
5.01109e-05
5.01108e-05
5.01107e-05
5.01106e-05
5.01105e-05
5.01103e-05
5.01102e-05
5.01101e-05
5.011e-05
5.01099e-05
5.01098e-05
5.01097e-05
5.01096e-05
5.01095e-05
5.01094e-05
5.01093e-05
5.01091e-05
5.0109e-05
5.01089e-05
5.01088e-05
5.01087e-05
5.01086e-05
5.01085e-05
5.01084e-05
5.01083e-05
5.01082e-05
5.01081e-05
5.01079e-05
5.01078e-05
5.01077e-05
5.01076e-05
5.01075e-05
5.01074e-05
5.01073e-05
5.01072e-05
5.01071e-05
5.0107e-05
5.01069e-05
5.01068e-05
5.01067e-05
5.01066e-05
5.01064e-05
5.01063e-05
5.01062e-05
5.01061e-05
5.0106e-05
5.01059e-05
5.01058e-05
5.01057e-05
5.01056e-05
5.01055e-05
5.01054e-05
5.01053e-05
5.01052e-05
5.01051e-05
5.0105e-05
5.01049e-05
5.01048e-05
5.01046e-05
5.01045e-05
5.01044e-05
5.01043e-05
5.01042e-05
5.01041e-05
5.0104e-05
5.01039e-05
5.01038e-05
5.01037e-05
5.01036e-05
5.01035e-05
5.01034e-05
5.01033e-05
5.01032e-05
5.01031e-05
5.0103e-05
5.01029e-05
5.01028e-05
5.01027e-05
5.01026e-05
5.01025e-05
5.01024e-05
5.01023e-05
5.01022e-05
5.01021e-05
5.0102e-05
5.01019e-05
5.01018e-05
5.01017e-05
5.01016e-05
5.01015e-05
5.01014e-05
5.01013e-05
5.01012e-05
5.0101e-05
5.01009e-05
5.01008e-05
5.01007e-05
5.01006e-05
5.01005e-05
5.01004e-05
5.01003e-05
5.01002e-05
5.01001e-05
5.01e-05
5.00999e-05
5.00998e-05
5.00997e-05
5.00996e-05
5.00995e-05
5.00994e-05
5.00993e-05
5.00992e-05
5.00991e-05
5.0099e-05
5.00989e-05
5.00988e-05
5.00988e-05
5.00987e-05
5.00986e-05
5.00985e-05
5.00984e-05
5.00983e-05
5.00982e-05
5.00981e-05
5.0098e-05
5.00979e-05
5.00978e-05
5.00977e-05
5.00976e-05
5.00975e-05
5.00974e-05
5.00973e-05
5.00972e-05
5.00971e-05
5.0097e-05
5.00969e-05
5.00968e-05
5.00967e-05
5.00966e-05
5.00965e-05
5.00964e-05
5.00963e-05
5.00962e-05
5.00961e-05
5.0096e-05
5.00959e-05
5.00958e-05
5.00957e-05
5.00956e-05
5.00955e-05
5.00955e-05
5.00954e-05
5.00953e-05
5.00952e-05
5.00951e-05
5.0095e-05
5.00949e-05
5.00948e-05
5.00947e-05
5.00946e-05
5.00945e-05
5.00944e-05
5.00943e-05
5.00942e-05
5.00941e-05
5.0094e-05
5.00939e-05
5.00938e-05
5.00937e-05
5.00937e-05
5.00936e-05
5.00935e-05
5.00934e-05
5.00933e-05
5.00932e-05
5.00931e-05
5.0093e-05
5.00929e-05

