5e-05
5e-05
5e-05
5e-05
5e-05
5e-05
5e-05
5e-05
5e-05
5e-05
5e-05
5e-05
5e-05
5e-05
5e-05
5e-05
5e-05
5e-05
5e-05
5e-05
5e-05
5e-05
5e-05
5e-05
5e-05
5e-05
5e-05
5e-05
5e-05
5e-05
5e-05
5e-05
5e-05
5e-05
5e-05
5e-05
5e-05
5e-05
5e-05
5e-05
5e-05
5e-05
5e-05
5e-05
5e-05
5e-05
5e-05
5e-05
5e-05
5e-05
5e-05
5e-05
5e-05
5e-05
5e-05
5e-05
5e-05
5e-05
5e-05
5e-05
5e-05
5e-05
5e-05
5e-05
5e-05
5e-05
5e-05
5e-05
5e-05
5e-05
5e-05
5e-05
5e-05
5e-05
5e-05
5e-05
5e-05
5e-05
5e-05
5e-05
5e-05
5e-05
5e-05
5e-05
5e-05
5e-05
5e-05
5e-05
5e-05
5e-05
5e-05
5e-05
5e-05
5e-05
5e-05
5e-05
5e-05
5e-05
5e-05
5e-05
5e-05
5e-05
5e-05
5e-05
5e-05
5e-05
5e-05
5e-05
5e-05
5e-05
5e-05
5e-05
5e-05
5e-05
5e-05
5e-05
5e-05
5e-05
5e-05
5e-05
5e-05
5e-05
5e-05
5e-05
5e-05
5e-05
5e-05
5e-05
5e-05
5e-05
5e-05
5e-05
5e-05
5e-05
5e-05
5e-05
5e-05
5e-05
5e-05
5e-05
5e-05
5e-05
5e-05
5e-05
5e-05
5e-05
5e-05
5e-05
5e-05
5e-05
5e-05
5e-05
5e-05
5e-05
5e-05
5e-05
5e-05
5e-05
5e-05
5e-05
5e-05
5e-05
5e-05
5e-05
5e-05
5e-05
5e-05
5e-05
5e-05
5e-05
5e-05
5e-05
5e-05
5e-05
5e-05
5e-05
5e-05
5e-05
5e-05
5e-05
5e-05
5e-05
5e-05
5e-05
5e-05
5e-05
5e-05
5e-05
5e-05
5e-05
5e-05
5e-05
5e-05
5e-05
5e-05
5e-05
5e-05
5e-05
5e-05
5e-05
5e-05
5e-05
5e-05
5e-05
5e-05
5e-05
5e-05
5e-05
5e-05
5e-05
5e-05
5e-05
5e-05
5e-05
5e-05
5e-05
5e-05
5e-05
5e-05
5e-05
5e-05
5e-05
5e-05
5e-05
5e-05
5e-05
5e-05
5e-05
5e-05
5e-05
5e-05
5e-05
5e-05
5e-05
5e-05
5e-05
5e-05
5e-05
5e-05
5e-05
5e-05
5e-05
5e-05
5e-05
5e-05
5e-05
5e-05
5e-05
5e-05
5e-05
5e-05
5e-05
5e-05
5e-05
5e-05
5e-05
5e-05
5e-05
5e-05
5e-05
5e-05
5e-05
5e-05
5e-05
5e-05
5e-05
5e-05
5e-05
5e-05
5e-05
5e-05
5e-05
5e-05
5e-05
5e-05
5e-05
5e-05
5e-05
5e-05
5e-05
5e-05
5e-05
5e-05
5e-05
5e-05
5e-05
5e-05
5e-05
5e-05
5e-05
5e-05
5e-05
5e-05
5e-05
5e-05
5e-05
5e-05
5e-05
5e-05
5e-05
5e-05
5e-05
5e-05
5e-05
5e-05
5e-05
5e-05
5e-05
5e-05
5e-05
5e-05
5e-05
5e-05
5e-05
5e-05
5e-05
5e-05
5e-05
5e-05
5e-05
5e-05
5e-05
5e-05
5e-05
5e-05
5e-05
5e-05
5e-05
5e-05
5e-05
5e-05
5e-05
5e-05
5e-05
5e-05
5e-05
5e-05
5e-05
5e-05
5e-05
5e-05
5e-05
5e-05
5e-05
5e-05
5e-05
5e-05
5e-05
5e-05
5e-05
5e-05
5e-05
5e-05
5e-05
5e-05
5e-05
5e-05
5e-05
5e-05
5e-05
5e-05
5e-05
5e-05
5e-05
5e-05
5e-05
5e-05
5e-05
5e-05
5e-05
5e-05
5e-05
5e-05
5e-05
5e-05
5e-05
5e-05
5e-05
5e-05
5e-05
5e-05
5e-05
5e-05
5e-05
5e-05
5e-05
5e-05
5e-05
5e-05
5e-05
5e-05
5e-05
5e-05
5e-05
5e-05
5e-05
5e-05
5e-05
5e-05
5e-05
5e-05
5e-05
5e-05
5e-05
5e-05
5e-05
5e-05
5e-05
5e-05
5e-05
5e-05
5e-05
5e-05
5e-05
5e-05
5e-05
5e-05
5e-05
5e-05
5e-05
5e-05
5e-05
5e-05
5e-05
5e-05
5e-05
5e-05
5e-05
5e-05
5e-05
5e-05
5e-05
5e-05
5e-05
5e-05
5e-05
5e-05
5e-05
5e-05
5e-05
5e-05
5e-05
5e-05
5e-05
5e-05
5e-05
5e-05
5e-05
5e-05
5e-05
5e-05
5e-05
5e-05
5e-05
5e-05
5e-05
5e-05
5e-05
5e-05
5e-05
5e-05
5e-05
5e-05
5e-05
5e-05
5e-05
5e-05
5e-05
5e-05
5e-05
5e-05
5e-05
5e-05
5e-05
5e-05
5e-05
5e-05
5e-05
5e-05
5e-05
5e-05
5e-05
5e-05
5e-05
5e-05
5e-05
5e-05
5e-05
5e-05
5e-05
5e-05
5e-05
5e-05
5e-05
5e-05
5e-05
5e-05
5e-05
5e-05
5e-05
5e-05
5e-05
5e-05
5e-05
5e-05
5e-05
5e-05
5e-05
5e-05
5e-05
5e-05
5e-05
5e-05
5e-05
5e-05
5e-05
5e-05
5e-05
5e-05
5e-05
5e-05
5e-05
5e-05
5e-05
5e-05
5e-05
5e-05
5e-05
5e-05
5e-05
5e-05
5e-05
5e-05
5e-05
5e-05
5e-05
5e-05
5e-05
5e-05
5e-05
5e-05
5e-05
5e-05
5e-05
5e-05
5e-05
5e-05
5e-05
5e-05
5e-05
5e-05
5e-05
5e-05
5e-05
5e-05
5e-05
5e-05
5e-05
5e-05
5e-05
5e-05
5e-05
5e-05
5e-05
5e-05
5e-05
5e-05
5e-05
5e-05
5e-05
5e-05
5e-05
5e-05
5e-05
5e-05
5e-05
5e-05
5e-05
5e-05
5e-05
5e-05
5e-05
5e-05
5e-05
5e-05
5e-05
5e-05
5e-05
5e-05
5e-05
5e-05
5e-05
5e-05
5e-05
5e-05
5e-05
5e-05
5e-05
5e-05
5e-05
5e-05
5e-05
5e-05
5e-05
5e-05
5e-05
5e-05
5e-05
5e-05
5e-05
5e-05
5e-05
5e-05
5e-05
5e-05
5e-05
5e-05
5e-05
5e-05
5e-05
5e-05
5e-05
5e-05
5e-05
5e-05
5e-05
5e-05
5e-05
5e-05
5e-05
5e-05
5e-05
5e-05
5e-05
5e-05
5e-05
5e-05
5e-05
5e-05
5e-05
5e-05
5e-05
5e-05
5e-05
5e-05
5e-05
5e-05
5e-05
5e-05
5e-05
5e-05
5e-05
5e-05
5e-05
5e-05
5e-05
5e-05
5e-05
5e-05
5e-05
5e-05
5e-05
5e-05
5e-05
5e-05
5e-05
5e-05
5e-05
5e-05
5e-05
5e-05
5e-05
5e-05
5e-05
5e-05
5e-05
5e-05
5e-05
5e-05
5e-05
5e-05
5e-05
5e-05
5e-05
5e-05
5e-05
5e-05
5e-05
5e-05
5e-05
5e-05
5e-05
5e-05
5e-05
5e-05
5e-05
5e-05
5e-05
5e-05
5e-05
5e-05
5e-05
5e-05
5e-05
5e-05
5e-05
5e-05
5e-05
5e-05
5e-05
5e-05
5e-05
5e-05
5e-05
5e-05
5e-05
5e-05
5e-05
5e-05
5e-05
5e-05
5e-05
5e-05
5e-05
5e-05
5e-05
5e-05
5e-05
5e-05
5e-05
5e-05
5e-05
5e-05
5e-05
5e-05
5e-05
5e-05
5e-05
5e-05
5e-05
5e-05
5e-05
5e-05
5e-05
5e-05
5e-05
5e-05
5e-05
5e-05
5e-05
5e-05
5e-05
5e-05
5e-05
5e-05
5e-05
5e-05
5e-05
5e-05
5e-05
5e-05
5e-05
5e-05
5e-05
5e-05
5e-05
5e-05
5e-05
5e-05
5e-05
5e-05
5e-05
5e-05
5e-05
5e-05
5e-05
5e-05
5e-05
5e-05
5e-05
5e-05
5e-05
5e-05
5e-05
5e-05
5e-05
5e-05
5e-05
5e-05
5e-05
5e-05
5e-05
5e-05
5e-05
5e-05
5e-05
5e-05
5e-05
5e-05
5e-05
5e-05
6.29553e-05
7.58979e-05
8.88276e-05
0.000101745
0.000114649
0.000127541
0.00014042
0.000153287
0.000166141
0.000178982
0.000191812
0.000204629
0.000217433
0.000230225
0.000243005
0.000255773
0.000268529
0.000281273
0.000294004
0.000306724
0.000319431
0.000332127
0.00034481
0.000357482
0.000370142
0.00038279
0.000395427
0.000408051
0.000420664
0.000433266
0.000445856
0.000458434
0.000471001
0.000483556
0.0004961
0.000508632
0.000521153
0.000533663
0.000546161
0.000558649
0.000571125
0.000583589
0.000596043
0.000608486
0.000620917
0.000633338
0.000645747
0.000658146
0.000670533
0.00068291
0.000695276
0.000707631
0.000719975
0.000732309
0.000744631
0.000756943
0.000769245
0.000781536
0.000793816
0.000806085
0.000818345
0.000830593
0.000842831
0.000855059
0.000867277
0.000879484
0.00089168
0.000903867
0.000916043
0.000928209
0.000940364
0.00095251
0.000964645
0.000976771
0.000988886
0.00100099
0.00101309
0.00102517
0.00103725
0.00104931
0.00104841
0.00104751
0.00104661
0.00104572
0.00104482
0.00104392
0.00104303
0.00104213
0.00104124
0.00104035
0.00103945
0.00103856
0.00103767
0.00103678
0.00103589
0.001035
0.00103411
0.00103323
0.00103234
0.00103145
0.00103057
0.00102968
0.0010288
0.00102792
0.00102703
0.00102615
0.00102527
0.00102439
0.00102351
0.00102263
0.00102176
0.00102088
0.00102
0.00101913
0.00101825
0.00101738
0.0010165
0.00101563
0.00101476
0.00101389
0.00101302
0.00101215
0.00101128
0.00101041
0.00100954
0.00100867
0.00100781
0.00100694
0.00100607
0.00100521
0.00100435
0.00100348
0.00100262
0.00100176
0.0010009
0.00100004
0.00099918
0.000998321
0.000997463
0.000996606
0.000995749
0.000994893
0.000994038
0.000993184
0.00099233
0.000991477
0.000990625
0.000989773
0.000988922
0.000988072
0.000987223
0.000986374
0.000985526
0.000984679
0.000983832
0.000982986
0.000982141
0.000981296
0.000980452
0.000979609
0.000978767
0.000977925
0.000977084
0.000976244
0.000975404
0.000974565
0.000973727
0.000972889
0.000972052
0.000971216
0.00097038
0.000969546
0.000968712
0.000967878
0.000967045
0.000966213
0.000965382
0.000964551
0.000963722
0.000962892
0.000962064
0.000961236
0.000960409
0.000959582
0.000958756
0.000957931
0.000957107
0.000956283
0.00095546
0.000954638
0.000953816
0.000952995
0.000952175
0.000951355
0.000950536
0.000949718
0.0009489
0.000948083
0.000947267
0.000946451
0.000945636
0.000944822
0.000944009
0.000943196
0.000942384
0.000941572
0.000940762
0.000939951
0.000939142
0.000938333
0.000937525
0.000936718
0.000935911
0.000935105
0.0009343
0.000933495
0.000932691
0.000931887
0.000931085
0.000930283
0.000929481
0.000928681
0.000927881
0.000927081
0.000926283
0.000925485
0.000924687
0.000923891
0.000923095
0.000922299
0.000921505
0.000920711
0.000919917
0.000919125
0.000918333
0.000917541
0.000916751
0.000915961
0.000915171
0.000914383
0.000913594
0.000912807
0.00091202
0.000911234
0.000910449
0.000909664
0.00090888
0.000908097
0.000907314
0.000906532
0.000905751
0.00090497
0.00090419
0.00090341
0.000902631
0.000901853
0.000901076
0.000900299
0.000899523
0.000898747
0.000897972
0.000897198
0.000896424
0.000895652
0.000894879
0.000894108
0.000893337
0.000892566
0.000891797
0.000891028
0.000890259
0.000889492
0.000888724
0.000887958
0.000887192
0.000886427
0.000885663
0.000884899
0.000884136
0.000883373
0.000882611
0.00088185
0.000881089
0.000880329
0.00087957
0.000878811
0.000878053
0.000877296
0.000876539
0.000875783
0.000875027
0.000874272
0.000873518
0.000872764
0.000872011
0.000871259
0.000870507
0.000869756
0.000869006
0.000868256
0.000867507
0.000866759
0.000866011
0.000865263
0.000864517
0.000863771
0.000863026
0.000862281
0.000861537
0.000860793
0.000860051
0.000859308
0.000858567
0.000857826
0.000857086
0.000856346
0.000855607
0.000854868
0.000854131
0.000853393
0.000852657
0.000851921
0.000851186
0.000850451
0.000849717
0.000848984
0.000848251
0.000847519
0.000846787
0.000846056
0.000845326
0.000844596
0.000843867
0.000843139
0.000842411
0.000841684
0.000840957
0.000840231
0.000839506
0.000838781
0.000838057
0.000837333
0.00083661
0.000835888
0.000835166
0.000834445
0.000833725
0.000833005
0.000832286
0.000831567
0.000830849
0.000830132
0.000829415
0.000828699
0.000827984
0.000827269
0.000826554
0.000825841
0.000825128
0.000824415
0.000823703
0.000822992
0.000822281
0.000821571
0.000820862
0.000820153
0.000819445
0.000818737
0.00081803
0.000817324
0.000816618
0.000815913
0.000815208
0.000814504
0.000813801
0.000813098
0.000812396
0.000811694
0.000810993
0.000810293
0.000809593
0.000808894
0.000808195
0.000807497
0.0008068
0.000806103
0.000805407
0.000804711
0.000804016
0.000803321
0.000802628
0.000801934
0.000801242
0.00080055
0.000799858
0.000799167
0.000798477
0.000797787
0.000797098
0.00079641
0.000795722
0.000795035
0.000794348
0.000793662
0.000792976
0.000792291
0.000791607
0.000790923
0.00079024
0.000789557
0.000788875
0.000788194
0.000787513
0.000786833
0.000786153
0.000785474
0.000784795
0.000784117
0.00078344
0.000782763
0.000782087
0.000781411
0.000780736
0.000780062
0.000779388
0.000778715
0.000778042
0.00077737
0.000776698
0.000776027
0.000775357
0.000774687
0.000774018
0.000773349
0.000772681
0.000772014
0.000771347
0.000770681
0.000770015
0.00076935
0.000768685
0.000768021
0.000767357
0.000766694
0.000766032
0.00076537
0.000764709
0.000764048
0.000763388
0.000762729
0.00076207
0.000761412
0.000760754
0.000760097
0.00075944
0.000758784
0.000758128
0.000757473
0.000756819
0.000756165
0.000755512
0.000754859
0.000754207
0.000753556
0.000752905
0.000752254
0.000751604
0.000750955
0.000750306
0.000749658
0.00074901
0.000748363
0.000747717
0.000747071
0.000746425
0.000745781
0.000745136
0.000744493
0.000743849
0.000743207
0.000742565
0.000741923
0.000741282
0.000740642
0.000740002
0.000739363
0.000738724
0.000738086
0.000737449
0.000736811
0.000736175
0.000735539
0.000734904
0.000734269
0.000733634
0.000733001
0.000732368
0.000731735
0.000731103
0.000730471
0.00072984
0.00072921
0.00072858
0.000727951
0.000727322
0.000726694
0.000726066
0.000725439
0.000724812
0.000724186
0.00072356
0.000722935
0.000722311
0.000721687
0.000721064
0.000720441
0.000719819
0.000719197
0.000718576
0.000717955
0.000717335
0.000716715
0.000716096
0.000715478
0.00071486
0.000714243
0.000713626
0.000713009
0.000712393
0.000711778
0.000711163
0.000710549
0.000709936
0.000709323
0.00070871
0.000708098
0.000707486
0.000706875
0.000706265
0.000705655
0.000705046
0.000704437
0.000703828
0.000703221
0.000702613
0.000702007
0.0007014
0.000700795
0.00070019
0.000699585
0.000698981
0.000698377
0.000697774
0.000697172
0.00069657
0.000695968
0.000695367
0.000694767
0.000694167
0.000693568
0.000692969
0.000692371
0.000691773
0.000691176
0.000690579
0.000689983
0.000689387
0.000688792
0.000688197
0.000687603
0.000687009
0.000686416
0.000685824
0.000685232
0.00068464
0.000684049
0.000683459
0.000682869
0.000682279
0.00068169
0.000681102
0.000680514
0.000679926
0.000679339
0.000678753
0.000678167
0.000677582
0.000676997
0.000676413
0.000675829
0.000675246
0.000674663
0.000674081
0.000673499
0.000672918
0.000672337
0.000671757
0.000671177
0.000670598
0.000670019
0.000669441
0.000668863
0.000668286
0.000667709
0.000667133
0.000666557
0.000665982
0.000665408
0.000664833
0.00066426
0.000663687
0.000663114
0.000662542
0.00066197
0.000661399
0.000660829
0.000660258
0.000659689
0.00065912
0.000658551
0.000657983
0.000657415
0.000656848
0.000656282
0.000655716
0.00065515
0.000654585
0.00065402
0.000653456
0.000652892
0.000652329
0.000651767
0.000651205
0.000650643
0.000650082
0.000649521
0.000648961
0.000648401
0.000647842
0.000647284
0.000646725
0.000646168
0.00064561
0.000645054
0.000644498
0.000643942
0.000643387
0.000642832
0.000642278
0.000641724
0.000641171
0.000640618
0.000640065
0.000639514
0.000638962
0.000638411
0.000637861
0.000637311
0.000636762
0.000636213
0.000635665
0.000635117
0.000634569
0.000634022
0.000633476
0.00063293
0.000632384
0.000631839
0.000631295
0.000630751
0.000630207
0.000629664
0.000629121
0.000628579
0.000628038
0.000627496
0.000626956
0.000626416
0.000625876
0.000625337
0.000624798
0.000624259
0.000623722
0.000623184
0.000622647
0.000622111
0.000621575
0.00062104
0.000620505
0.00061997
0.000619436
0.000618903
0.000618369
0.000617837
0.000617305
0.000616773
0.000616242
0.000615711
0.000615181
0.000614651
0.000614122
0.000613593
0.000613065
0.000612537
0.000612009
0.000611482
0.000610956
0.00061043
0.000609904
0.000609379
0.000608855
0.00060833
0.000607807
0.000607283
0.000606761
0.000606238
0.000605717
0.000605195
0.000604674
0.000604154
0.000603634
0.000603114
0.000602595
0.000602077
0.000601559
0.000601041
0.000600524
0.000600007
0.000599491
0.000598975
0.000598459
0.000597944
0.00059743
0.000596916
0.000596403
0.000595889
0.000595377
0.000594865
0.000594353
0.000593842
0.000593331
0.00059282
0.000592311
0.000591801
0.000591292
0.000590784
0.000590276
0.000589768
0.000589261
0.000588754
0.000588248
0.000587742
0.000587237
0.000586732
0.000586227
0.000585723
0.00058522
0.000584717
0.000584214
0.000583712
0.00058321
0.000582709
0.000582208
0.000581707
0.000581207
0.000580708
0.000580209
0.00057971
0.000579212
0.000578714
0.000578217
0.00057772
0.000577224
0.000576728
0.000576232
0.000575737
0.000575242
0.000574748
0.000574254
0.000573761
0.000573268
0.000572776
0.000572284
0.000571792
0.000571301
0.00057081
0.00057032
0.00056983
0.000569341
0.000568852
0.000568364
0.000567876
0.000567388
0.000566901
0.000566414
0.000565928
0.000565442
0.000564956
0.000564471
0.000563987
0.000563503
0.000563019
0.000562536
0.000562053
0.000561571
0.000561089
0.000560607
0.000560126
0.000559645
0.000559165
0.000558685
0.000558206
0.000557727
0.000557248
0.00055677
0.000556293
0.000555815
0.000555339
0.000554862
0.000554386
0.000553911
0.000553436
0.000552961
0.000552487
0.000552013
0.00055154
0.000551067
0.000550594
0.000550122
0.00054965
0.000549179
0.000548708
0.000548238
0.000547768
0.000547298
0.000546829
0.00054636
0.000545892
0.000545424
0.000544957
0.00054449
0.000544023
0.000543557
0.000543091
0.000542626
0.000542161
0.000541696
0.000541232
0.000540769
0.000540305
0.000539842
0.00053938
0.000538918
0.000538456
0.000537995
0.000537534
0.000537074
0.000536614
0.000536154
0.000535695
0.000535237
0.000534778
0.00053432
0.000533863
0.000533406
0.000532949
0.000532493
0.000532037
0.000531582
0.000531127
0.000530672
0.000530218
0.000529764
0.000529311
0.000528858
0.000528405
0.000527953
0.000527502
0.00052705
0.000526599
0.000526149
0.000525699
0.000525249
0.0005248
0.000524351
0.000523902
0.000523454
0.000523007
0.000522559
0.000522113
0.000521666
0.00052122
0.000520774
0.000520329
0.000519884
0.00051944
0.000518996
0.000518552
0.000518109
0.000517666
0.000517224
0.000516782
0.00051634
0.000515899
0.000515458
0.000515018
0.000514577
0.000514138
0.000513699
0.00051326
0.000512821
0.000512383
0.000511946
0.000511508
0.000511071
0.000510635
0.000510199
0.000509763
0.000509328
0.000508893
0.000508459
0.000508024
0.000507591
0.000507157
0.000506724
0.000506292
0.00050586
0.000505428
0.000504997
0.000504566
0.000504135
0.000503705
0.000503275
0.000502846
0.000502417
0.000501988
0.00050156
0.000501132
0.000500705
0.000500277
0.000499851
0.000499424
0.000498999
0.000498573
0.000498148
0.000497723
0.000497299
0.000496875
0.000496451
0.000496028
0.000495605
0.000495183
0.000494761
0.000494339
0.000493918
0.000493497
0.000493076
0.000492656
0.000492236
0.000491817
0.000491398
0.000490979
0.000490561
0.000490143
0.000489726
0.000489308
0.000488892
0.000488475
0.000488059
0.000487644
0.000487229
0.000486814
0.000486399
0.000485985
0.000485571
0.000485158
0.000484745
0.000484333
0.00048392
0.000483509
0.000483097
0.000482686
0.000482275
0.000481865
0.000481455
0.000481045
0.000480636
0.000480227
0.000479819
0.000479411
0.000479003
0.000478596
0.000478189
0.000477782
0.000477376
0.00047697
0.000476565
0.000476159
0.000475755
0.00047535
0.000474946
0.000474543
0.000474139
0.000473736
0.000473334
0.000472932
0.00047253
0.000472128
0.000471727
0.000471326
0.000470926
0.000470526
0.000470126
0.000469727
0.000469328
0.00046893
0.000468532
0.000468134
0.000467736
0.000467339
0.000466943
0.000466546
0.00046615
0.000465755
0.000465359
0.000464964
0.00046457
0.000464176
0.000463782
0.000463388
0.000462995
0.000462602
0.00046221
0.000461818
0.000461426
0.000461035
0.000460644
0.000460253
0.000459863
0.000459473
0.000459084
0.000458695
0.000458306
0.000457917
0.000457529
0.000457141
0.000456754
0.000456367
0.00045598
0.000455594
0.000455208
0.000454822
0.000454437
0.000454052
0.000453667
0.000453283
0.000452899
0.000452516
0.000452133
0.00045175
0.000451367
0.000450985
0.000450603
0.000450222
0.000449841
0.00044946
0.00044908
0.0004487
0.00044832
0.000447941
0.000447562
0.000447183
0.000446805
0.000446427
0.000446049
0.000445672
0.000445295
0.000444919
0.000444542
0.000444167
0.000443791
0.000443416
0.000443041
0.000442667
0.000442292
0.000441919
0.000441545
0.000441172
0.000440799
0.000440427
0.000440055
0.000439683
0.000439311
0.00043894
0.00043857
0.000438199
0.000437829
0.00043746
0.00043709
0.000436721
0.000436352
0.000435984
0.000435616
0.000435248
0.000434881
0.000434514
0.000434147
0.000433781
0.000433415
0.000433049
0.000432684
0.000432319
0.000431954
0.00043159
0.000431226
0.000430862
0.000430499
0.000430136
0.000429773
0.000429411
0.000429049
0.000428688
0.000428326
0.000427965
0.000427605
0.000427244
0.000426884
0.000426525
0.000426165
0.000425806
0.000425448
0.000425089
0.000424731
0.000424374
0.000424016
0.000423659
0.000423303
0.000422946
0.00042259
0.000422234
0.000421879
0.000421524
0.000421169
0.000420815
0.000420461
0.000420107
0.000419754
0.000419401
0.000419048
0.000418695
0.000418343
0.000417992
0.00041764
0.000417289
0.000416938
0.000416588
0.000416237
0.000415888
0.000415538
0.000415189
0.00041484
0.000414491
0.000414143
0.000413795
0.000413448
0.0004131
0.000412753
0.000412407
0.00041206
0.000411714
0.000411369
0.000411023
0.000410678
0.000410334
0.000409989
0.000409645
0.000409301
0.000408958
0.000408615
0.000408272
0.000407929
0.000407587
0.000407245
0.000406904
0.000406562
0.000406222
0.000405881
0.000405541
0.000405201
0.000404861
0.000404522
0.000404183
0.000403844
0.000403505
0.000403167
0.00040283
0.000402492
0.000402155
0.000401818
0.000401482
0.000401145
0.000400809
0.000400474
0.000400138
0.000399803
0.000399469
0.000399134
0.0003988
0.000398467
0.000398133
0.0003978
0.000397467
0.000397135
0.000396802
0.000396471
0.000396139
0.000395808
0.000395477
0.000395146
0.000394816
0.000394486
0.000394156
0.000393826
0.000393497
0.000393168
0.00039284
0.000392512
0.000392184
0.000391856
0.000391529
0.000391202
0.000390875
0.000390548
0.000390222
0.000389897
0.000389571
0.000389246
0.000388921
0.000388596
0.000388272
0.000387948
0.000387624
0.000387301
0.000386978
0.000386655
0.000386332
0.00038601
0.000385688
0.000385367
0.000385045
0.000384724
0.000384404
0.000384083
0.000383763
0.000383443
0.000383124
0.000382804
0.000382486
0.000382167
0.000381849
0.00038153
0.000381213
0.000380895
0.000380578
0.000380261
0.000379945
0.000379628
0.000379312
0.000378997
0.000378681
0.000378366
0.000378051
0.000377737
0.000377423
0.000377109
0.000376795
0.000376482
0.000376169
0.000375856
0.000375543
0.000375231
0.000374919
0.000374608
0.000374296
0.000373985
0.000373674
0.000373364
0.000373054
0.000372744
0.000372434
0.000372125
0.000371816
0.000371507
0.000371199
0.000370891
0.000370583
0.000370275
0.000369968
0.000369661
0.000369354
0.000369048
0.000368741
0.000368436
0.00036813
0.000367825
0.00036752
0.000367215
0.00036691
0.000366606
0.000366302
0.000365999
0.000365695
0.000365392
0.00036509
0.000364787
0.000364485
0.000364183
0.000363881
0.00036358
0.000363279
0.000362978
0.000362678
0.000362377
0.000362078
0.000361778
0.000361478
0.000361179
0.000360881
0.000360582
0.000360284
0.000359986
0.000359688
0.00035939
0.000359093
0.000358796
0.0003585
0.000358203
0.000357907
0.000357612
0.000357316
0.000357021
0.000356726
0.000356431
0.000356137
0.000355843
0.000355549
0.000355255
0.000354962
0.000354669
0.000354376
0.000354084
0.000353791
0.000353499
0.000353208
0.000352916
0.000352625
0.000352334
0.000352044
0.000351753
0.000351463
0.000351174
0.000350884
0.000350595
0.000350306
0.000350017
0.000349729
0.000349441
0.000349153
0.000348865
0.000348578
0.000348291
0.000348004
0.000347717
0.000347431
0.000347145
0.000346859
0.000346574
0.000346289
0.000346004
0.000345719
0.000345434
0.00034515
0.000344866
0.000344583
0.000344299
0.000344016
0.000343734
0.000343451
0.000343169
0.000342887
0.000342605
0.000342323
0.000342042
0.000341761
0.00034148
0.0003412
0.00034092
0.00034064
0.00034036
0.000340081
0.000339802
0.000339523
0.000339244
0.000338966
0.000338688
0.00033841
0.000338132
0.000337855
0.000337578
0.000337301
0.000337025
0.000336748
0.000336472
0.000336196
0.000335921
0.000335646
0.000335371
0.000335096
0.000334822
0.000334547
0.000334273
0.000334
0.000333726
0.000333453
0.00033318
0.000332907
0.000332635
0.000332363
0.000332091
0.000331819
0.000331548
0.000331277
0.000331006
0.000330735
0.000330465
0.000330194
0.000329925
0.000329655
0.000329386
0.000329116
0.000328848
0.000328579
0.000328311
0.000328042
0.000327775
0.000327507
0.00032724
0.000326972
0.000326706
0.000326439
0.000326173
0.000325906
0.000325641
0.000325375
0.00032511
0.000324845
0.00032458
0.000324315
0.000324051
0.000323787
0.000323523
0.000323259
0.000322996
0.000322732
0.00032247
0.000322207
0.000321945
0.000321682
0.00032142
0.000321159
0.000320897
0.000320636
0.000320375
0.000320115
0.000319854
0.000319594
0.000319334
0.000319074
0.000318815
0.000318556
0.000318297
0.000318038
0.00031778
0.000317521
0.000317263
0.000317006
0.000316748
0.000316491
0.000316234
0.000315977
0.00031572
0.000315464
0.000315208
0.000314952
0.000314697
0.000314441
0.000314186
0.000313931
0.000313677
0.000313422
0.000313168
0.000312914
0.000312661
0.000312407
0.000312154
0.000311901
0.000311648
0.000311396
0.000311144
0.000310892
0.00031064
0.000310388
0.000310137
0.000309886
0.000309635
0.000309384
0.000309134
0.000308884
0.000308634
0.000308384
0.000308135
0.000307886
0.000307637
0.000307388
0.00030714
0.000306892
0.000306644
0.000306396
0.000306148
0.000305901
0.000305654
0.000305407
0.00030516
0.000304914
0.000304668
0.000304422
0.000304176
0.000303931
0.000303686
0.000303441
0.000303196
0.000302951
0.000302707
0.000302463
0.000302219
0.000301976
0.000301732
0.000301489
0.000301246
0.000301004
0.000300761
0.000300519
0.000300277
0.000300035
0.000299794
0.000299552
0.000299311
0.00029907
0.00029883
0.000298589
0.000298349
0.000298109
0.000297869
0.00029763
0.000297391
0.000297152
0.000296913
0.000296674
0.000296436
0.000296198
0.00029596
0.000295722
0.000295484
0.000295247
0.00029501
0.000294773
0.000294537
0.0002943
0.000294064
0.000293828
0.000293593
0.000293357
0.000293122
0.000292887
0.000292652
0.000292418
0.000292183
0.000291949
0.000291715
0.000291481
0.000291248
0.000291015
0.000290782
0.000290549
0.000290316
0.000290084
0.000289852
0.00028962
0.000289388
0.000289157
0.000288925
0.000288694
0.000288463
0.000288233
0.000288002
0.000287772
0.000287542
0.000287312
0.000287083
0.000286854
0.000286625
0.000286396
0.000286167
0.000285939
0.00028571
0.000285482
0.000285254
0.000285027
0.000284799
0.000284572
0.000284345
0.000284119
0.000283892
0.000283666
0.00028344
0.000283214
0.000282988
0.000282763
0.000282538
0.000282312
0.000282088
0.000281863
0.000281639
0.000281415
0.000281191
0.000280967
0.000280743
0.00028052
0.000280297
0.000280074
0.000279851
0.000279629
0.000279406
0.000279184
0.000278963
0.000278741
0.00027852
0.000278298
0.000278077
0.000277856
0.000277636
0.000277415
0.000277195
0.000276975
0.000276756
0.000276536
0.000276317
0.000276098
0.000275879
0.00027566
0.000275441
0.000275223
0.000275005
0.000274787
0.000274569
0.000274352
0.000274135
0.000273918
0.000273701
0.000273484
0.000273268
0.000273051
0.000272835
0.000272619
0.000272404
0.000272188
0.000271973
0.000271758
0.000271543
0.000271329
0.000271114
0.0002709
0.000270686
0.000270472
0.000270259
0.000270045
0.000269832
0.000269619
0.000269406
0.000269194
0.000268981
0.000268769
0.000268557
0.000268345
0.000268134
0.000267922
0.000267711
0.0002675
0.00026729
0.000267079
0.000266869
0.000266658
0.000266448
0.000266239
0.000266029
0.00026582
0.00026561
0.000265401
0.000265193
0.000264984
0.000264776
0.000264568
0.00026436
0.000264152
0.000263944
0.000263737
0.00026353
0.000263322
0.000263116
0.000262909
0.000262703
0.000262496
0.00026229
0.000262085
0.000261879
0.000261673
0.000261468
0.000261263
0.000261058
0.000260854
0.000260649
0.000260445
0.000260241
0.000260037
0.000259833
0.00025963
0.000259426
0.000259223
0.00025902
0.000258818
0.000258615
0.000258413
0.000258211
0.000258009
0.000257807
0.000257605
0.000257404
0.000257203
0.000257002
0.000256801
0.0002566
0.0002564
0.0002562
0.000256
0.0002558
0.0002556
0.000255401
0.000255201
0.000255002
0.000254803
0.000254605
0.000254406
0.000254208
0.00025401
0.000253812
0.000253614
0.000253416
0.000253219
0.000253022
0.000252825
0.000252628
0.000252431
0.000252235
0.000252038
0.000251842
0.000251646
0.000251451
0.000251255
0.00025106
0.000250865
0.00025067
0.000250475
0.00025028
0.000250086
0.000249892
0.000249697
0.000249504
0.00024931
0.000249116
0.000248923
0.00024873
0.000248537
0.000248344
0.000248152
0.000247959
0.000247767
0.000247575
0.000247383
0.000247192
0.000247
0.000246809
0.000246618
0.000246427
0.000246236
0.000246045
0.000245855
0.000245665
0.000245475
0.000245285
0.000245095
0.000244906
0.000244717
0.000244527
0.000244339
0.00024415
0.000243961
0.000243773
0.000243585
0.000243397
0.000243209
0.000243021
0.000242833
0.000242646
0.000242459
0.000242272
0.000242085
0.000241899
0.000241712
0.000241526
0.00024134
0.000241154
0.000240968
0.000240783
0.000240597
0.000240412
0.000240227
0.000240042
0.000239858
0.000239673
0.000239489
0.000239305
0.000239121
0.000238937
0.000238753
0.00023857
0.000238387
0.000238204
0.000238021
0.000237838
0.000237655
0.000237473
0.000237291
0.000237109
0.000236927
0.000236745
0.000236564
0.000236382
0.000236201
0.00023602
0.000235839
0.000235659
0.000235478
0.000235298
0.000235118
0.000234938
0.000234758
0.000234578
0.000234399
0.00023422
0.00023404
0.000233862
0.000233683
0.000233504
0.000233326
0.000233147
0.000232969
0.000232791
0.000232614
0.000232436
0.000232259
0.000232082
0.000231904
0.000231728
0.000231551
0.000231374
0.000231198
0.000231022
0.000230846
0.00023067
0.000230494
0.000230318
0.000230143
0.000229968
0.000229793
0.000229618
0.000229443
0.000229269
0.000229094
0.00022892
0.000228746
0.000228572
0.000228398
0.000228225
0.000228052
0.000227878
0.000227705
0.000227532
0.00022736
0.000227187
0.000227015
0.000226842
0.00022667
0.000226499
0.000226327
0.000226155
0.000225984
0.000225813
0.000225642
0.000225471
0.0002253
0.000225129
0.000224959
0.000224789
0.000224619
0.000224449
0.000224279
0.000224109
0.00022394
0.00022377
0.000223601
0.000223432
0.000223264
0.000223095
0.000222926
0.000222758
0.00022259
0.000222422
0.000222254
0.000222087
0.000221919
0.000221752
0.000221584
0.000221417
0.000221251
0.000221084
0.000220917
0.000220751
0.000220585
0.000220419
0.000220253
0.000220087
0.000219921
0.000219756
0.000219591
0.000219426
0.000219261
0.000219096
0.000218931
0.000218767
0.000218602
0.000218438
0.000218274
0.00021811
0.000217947
0.000217783
0.00021762
0.000217456
0.000217293
0.00021713
0.000216968
0.000216805
0.000216643
0.00021648
0.000216318
0.000216156
0.000215994
0.000215833
0.000215671
0.00021551
0.000215348
0.000215187
0.000215027
0.000214866
0.000214705
0.000214545
0.000214384
0.000214224
0.000214064
0.000213905
0.000213745
0.000213585
0.000213426
0.000213267
0.000213108
0.000212949
0.00021279
0.000212631
0.000212473
0.000212315
0.000212156
0.000211998
0.000211841
0.000211683
0.000211525
0.000211368
0.000211211
0.000211054
0.000210897
0.00021074
0.000210583
0.000210427
0.00021027
0.000210114
0.000209958
0.000209802
0.000209647
0.000209491
0.000209336
0.00020918
0.000209025
0.00020887
0.000208715
0.000208561
0.000208406
0.000208252
0.000208097
0.000207943
0.000207789
0.000207636
0.000207482
0.000207328
0.000207175
0.000207022
0.000206869
0.000206716
0.000206563
0.00020641
0.000206258
0.000206106
0.000205953
0.000205801
0.000205649
0.000205498
0.000205346
0.000205195
0.000205043
0.000204892
0.000204741
0.00020459
0.000204439
0.000204289
0.000204138
0.000203988
0.000203838
0.000203688
0.000203538
0.000203388
0.000203239
0.000203089
0.00020294
0.000202791
0.000202642
0.000202493
0.000202344
0.000202196
0.000202047
0.000201899
0.000201751
0.000201603
0.000201455
0.000201307
0.00020116
0.000201012
0.000200865
0.000200718
0.000200571
0.000200424
0.000200277
0.000200131
0.000199984
0.000199838
0.000199692
0.000199546
0.0001994
0.000199254
0.000199108
0.000198963
0.000198818
0.000198672
0.000198527
0.000198382
0.000198238
0.000198093
0.000197948
0.000197804
0.00019766
0.000197516
0.000197372
0.000197228
0.000197084
0.000196941
0.000196797
0.000196654
0.000196511
0.000196368
0.000196225
0.000196083
0.00019594
0.000195798
0.000195655
0.000195513
0.000195371
0.000195229
0.000195088
0.000194946
0.000194805
0.000194663
0.000194522
0.000194381
0.00019424
0.000194099
0.000193959
0.000193818
0.000193678
0.000193537
0.000193397
0.000193257
0.000193117
0.000192978
0.000192838
0.000192699
0.000192559
0.00019242
0.000192281
0.000192142
0.000192004
0.000191865
0.000191726
0.000191588
0.00019145
0.000191312
0.000191174
0.000191036
0.000190898
0.000190761
0.000190623
0.000190486
0.000190349
0.000190212
0.000190075
0.000189938
0.000189801
0.000189665
0.000189528
0.000189392
0.000189256
0.00018912
0.000188984
0.000188849
0.000188713
0.000188577
0.000188442
0.000188307
0.000188172
0.000188037
0.000187902
0.000187767
0.000187633
0.000187498
0.000187364
0.00018723
0.000187096
0.000186962
0.000186828
0.000186695
0.000186561
0.000186428
0.000186294
0.000186161
0.000186028
0.000185895
0.000185763
0.00018563
0.000185498
0.000185365
0.000185233
0.000185101
0.000184969
0.000184837
0.000184705
0.000184574
0.000184442
0.000184311
0.00018418
0.000184048
0.000183917
0.000183787
0.000183656
0.000183525
0.000183395
0.000183265
0.000183134
0.000183004
0.000182874
0.000182744
0.000182615
0.000182485
0.000182356
0.000182226
0.000182097
0.000181968
0.000181839
0.00018171
0.000181581
0.000181453
0.000181324
0.000181196
0.000181068
0.00018094
0.000180812
0.000180684
0.000180556
0.000180429
0.000180301
0.000180174
0.000180047
0.000179919
0.000179792
0.000179666
0.000179539
0.000179412
0.000179286
0.000179159
0.000179033
0.000178907
0.000178781
0.000178655
0.000178529
0.000178404
0.000178278
0.000178153
0.000178027
0.000177902
0.000177777
0.000177652
0.000177527
0.000177403
0.000177278
0.000177154
0.000177029
0.000176905
0.000176781
0.000176657
0.000176533
0.00017641
0.000176286
0.000176163
0.000176039
0.000175916
0.000175793
0.00017567
0.000175547
0.000175424
0.000175302
0.000175179
0.000175057
0.000174934
0.000174812
0.00017469
0.000174568
0.000174446
0.000174325
0.000174203
0.000174082
0.00017396
0.000173839
0.000173718
0.000173597
0.000173476
0.000173355
0.000173235
0.000173114
0.000172994
0.000172873
0.000172753
0.000172633
0.000172513
0.000172393
0.000172274
0.000172154
0.000172034
0.000171915
0.000171796
0.000171677
0.000171558
0.000171439
0.00017132
0.000171201
0.000171083
0.000170964
0.000170846
0.000170728
0.00017061
0.000170492
0.000170374
0.000170256
0.000170138
0.000170021
0.000169903
0.000169786
0.000169669
0.000169552
0.000169435
0.000169318
0.000169201
0.000169085
0.000168968
0.000168852
0.000168735
0.000168619
0.000168503
0.000168387
0.000168271
0.000168155
0.00016804
0.000167924
0.000167809
0.000167694
0.000167578
0.000167463
0.000167348
0.000167234
0.000167119
0.000167004
0.00016689
0.000166775
0.000166661
0.000166547
0.000166433
0.000166319
0.000166205
0.000166091
0.000165978
0.000165864
0.000165751
0.000165637
0.000165524
0.000165411
0.000165298
0.000165185
0.000165073
0.00016496
0.000164847
0.000164735
0.000164623
0.00016451
0.000164398
0.000164286
0.000164175
0.000164063
0.000163951
0.00016384
0.000163728
0.000163617
0.000163506
0.000163394
0.000163283
0.000163172
0.000163062
0.000162951
0.00016284
0.00016273
0.00016262
0.000162509
0.000162399
0.000162289
0.000162179
0.000162069
0.00016196
0.00016185
0.00016174
0.000161631
0.000161522
0.000161412
0.000161303
0.000161194
0.000161085
0.000160977
0.000160868
0.000160759
0.000160651
0.000160543
0.000160434
0.000160326
0.000160218
0.00016011
0.000160002
0.000159895
0.000159787
0.00015968
0.000159572
0.000159465
0.000159358
0.00015925
0.000159143
0.000159037
0.00015893
0.000158823
0.000158716
0.00015861
0.000158504
0.000158397
0.000158291
0.000158185
0.000158079
0.000157973
0.000157867
0.000157762
0.000157656
0.000157551
0.000157445
0.00015734
0.000157235
0.00015713
0.000157025
0.00015692
0.000156815
0.000156711
0.000156606
0.000156502
0.000156397
0.000156293
0.000156189
0.000156085
0.000155981
0.000155877
0.000155774
0.00015567
0.000155566
0.000155463
0.00015536
0.000155256
0.000155153
0.00015505
0.000154947
0.000154844
0.000154742
0.000154639
0.000154537
0.000154434
0.000154332
0.00015423
0.000154127
0.000154025
0.000153923
0.000153822
0.00015372
0.000153618
0.000153517
0.000153415
0.000153314
0.000153213
0.000153112
0.00015301
0.00015291
0.000152809
0.000152708
0.000152607
0.000152507
0.000152406
0.000152306
0.000152206
0.000152105
0.000152005
0.000151905
0.000151805
0.000151706
0.000151606
0.000151506
0.000151407
0.000151308
0.000151208
0.000151109
0.00015101
0.000150911
0.000150812
0.000150713
0.000150614
0.000150516
0.000150417
0.000150319
0.000150221
0.000150122
0.000150024
0.000149926
0.000149828
0.00014973
0.000149632
0.000149535
0.000149437
0.00014934
0.000149242
0.000149145
0.000149048
0.000148951
0.000148854
0.000148757
0.00014866
0.000148563
0.000148467
0.00014837
0.000148274
0.000148177
0.000148081
0.000147985
0.000147889
0.000147793
0.000147697
0.000147601
0.000147505
0.00014741
0.000147314
0.000147219
0.000147123
0.000147028
0.000146933
0.000146838
0.000146743
0.000146648
0.000146553
0.000146459
0.000146364
0.00014627
0.000146175
0.000146081
0.000145987
0.000145893
0.000145799
0.000145705
0.000145611
0.000145517
0.000145423
0.00014533
0.000145236
0.000145143
0.000145049
0.000144956
0.000144863
0.00014477
0.000144677
0.000144584
0.000144491
0.000144399
0.000144306
0.000144214
0.000144121
0.000144029
0.000143937
0.000143845
0.000143753
0.000143661
0.000143569
0.000143477
0.000143385
0.000143294
0.000143202
0.000143111
0.000143019
0.000142928
0.000142837
0.000142746
0.000142655
0.000142564
0.000142473
0.000142382
0.000142292
0.000142201
0.000142111
0.00014202
0.00014193
0.00014184
0.00014175
0.00014166
0.00014157
0.00014148
0.00014139
0.000141301
0.000141211
0.000141122
0.000141032
0.000140943
0.000140854
0.000140764
0.000140675
0.000140586
0.000140498
0.000140409
0.00014032
0.000140231
0.000140143
0.000140054
0.000139966
0.000139878
0.00013979
0.000139701
0.000139613
0.000139525
0.000139438
0.00013935
0.000139262
0.000139175
0.000139087
0.000139
0.000138912
0.000138825
0.000138738
0.000138651
0.000138564
0.000138477
0.00013839
0.000138303
0.000138217
0.00013813
0.000138044
0.000137957
0.000137871
0.000137785
0.000137698
0.000137612
0.000137526
0.00013744
0.000137355
0.000137269
0.000137183
0.000137098
0.000137012
0.000136927
0.000136841
0.000136756
0.000136671
0.000136586
0.000136501
0.000136416
0.000136331
0.000136246
0.000136162
0.000136077
0.000135993
0.000135908
0.000135824
0.00013574
0.000135655
0.000135571
0.000135487
0.000135403
0.00013532
0.000135236
0.000135152
0.000135069
0.000134985
0.000134902
0.000134818
0.000134735
0.000134652
0.000134569
0.000134486
0.000134403
0.00013432
0.000134237
0.000134154
0.000134072
0.000133989
0.000133907
0.000133824
0.000133742
0.00013366
0.000133578
0.000133496
0.000133414
0.000133332
0.00013325
0.000133168
0.000133086
0.000133005
0.000132923
0.000132842
0.000132761
0.000132679
0.000132598
0.000132517
0.000132436
0.000132355
0.000132274
0.000132193
0.000132113
0.000132032
0.000131951
0.000131871
0.000131791
0.00013171
0.00013163
0.00013155
0.00013147
0.00013139
0.00013131
0.00013123
0.00013115
0.00013107
0.000130991
0.000130911
0.000130832
0.000130752
0.000130673
0.000130594
0.000130515
0.000130436
0.000130357
0.000130278
0.000130199
0.00013012
0.000130041
0.000129963
0.000129884
0.000129806
0.000129727
0.000129649
0.000129571
0.000129493
0.000129415
0.000129337
0.000129259
0.000129181
0.000129103
0.000129025
0.000128948
0.00012887
0.000128793
0.000128715
0.000128638
0.000128561
0.000128483
0.000128406
0.000128329
0.000128252
0.000128175
0.000128099
0.000128022
0.000127945
0.000127869
0.000127792
0.000127716
0.000127639
0.000127563
0.000127487
0.000127411
0.000127335
0.000127259
0.000127183
0.000127107
0.000127031
0.000126956
0.00012688
0.000126804
0.000126729
0.000126654
0.000126578
0.000126503
0.000126428
0.000126353
0.000126278
0.000126203
0.000126128
0.000126053
0.000125978
0.000125904
0.000125829
0.000125755
0.00012568
0.000125606
0.000125531
0.000125457
0.000125383
0.000125309
0.000125235
0.000125161
0.000125087
0.000125013
0.00012494
0.000124866
0.000124792
0.000124719
0.000124646
0.000124572
0.000124499
0.000124426
0.000124353
0.000124279
0.000124206
0.000124134
0.000124061
0.000123988
0.000123915
0.000123842
0.00012377
0.000123697
0.000123625
0.000123553
0.00012348
0.000123408
0.000123336
0.000123264
0.000123192
0.00012312
0.000123048
0.000122976
0.000122905
0.000122833
0.000122761
0.00012269
0.000122618
0.000122547
0.000122476
0.000122404
0.000122333
0.000122262
0.000122191
0.00012212
0.000122049
0.000121978
0.000121908
0.000121837
0.000121766
0.000121696
0.000121625
0.000121555
0.000121484
0.000121414
0.000121344
0.000121274
0.000121204
0.000121134
0.000121064
0.000120994
0.000120924
0.000120854
0.000120785
0.000120715
0.000120646
0.000120576
0.000120507
0.000120438
0.000120368
0.000120299
0.00012023
0.000120161
0.000120092
0.000120023
0.000119954
0.000119885
0.000119817
0.000119748
0.000119679
0.000119611
0.000119543
0.000119474
0.000119406
0.000119338
0.000119269
0.000119201
0.000119133
0.000119065
0.000118997
0.000118929
0.000118862
0.000118794
0.000118726
0.000118659
0.000118591
0.000118524
0.000118456
0.000118389
0.000118322
0.000118255
0.000118188
0.00011812
0.000118053
0.000117987
0.00011792
0.000117853
0.000117786
0.00011772
0.000117653
0.000117586
0.00011752
0.000117454
0.000117387
0.000117321
0.000117255
0.000117189
0.000117122
0.000117056
0.000116991
0.000116925
0.000116859
0.000116793
0.000116727
0.000116662
0.000116596
0.000116531
0.000116465
0.0001164
0.000116335
0.000116269
0.000116204
0.000116139
0.000116074
0.000116009
0.000115944
0.000115879
0.000115814
0.00011575
0.000115685
0.00011562
0.000115556
0.000115491
0.000115427
0.000115363
0.000115298
0.000115234
0.00011517
0.000115106
0.000115042
0.000114978
0.000114914
0.00011485
0.000114786
0.000114722
0.000114659
0.000114595
0.000114532
0.000114468
0.000114405
0.000114341
0.000114278
0.000114215
0.000114152
0.000114088
0.000114025
0.000113962
0.0001139
0.000113837
0.000113774
0.000113711
0.000113648
0.000113586
0.000113523
0.000113461
0.000113398
0.000113336
0.000113274
0.000113211
0.000113149
0.000113087
0.000113025
0.000112963
0.000112901
0.000112839
0.000112777
0.000112716
0.000112654
0.000112592
0.000112531
0.000112469
0.000112408
0.000112346
0.000112285
0.000112224
0.000112162
0.000112101
0.00011204
0.000111979
0.000111918
0.000111857
0.000111796
0.000111735
0.000111675
0.000111614
0.000111553
0.000111493
0.000111432
0.000111372
0.000111311
0.000111251
0.000111191
0.000111131
0.00011107
0.00011101
0.00011095
0.00011089
0.00011083
0.000110771
0.000110711
0.000110651
0.000110591
0.000110532
0.000110472
0.000110413
0.000110353
0.000110294
0.000110234
0.000110175
0.000110116
0.000110057
0.000109998
0.000109939
0.00010988
0.000109821
0.000109762
0.000109703
0.000109644
0.000109585
0.000109527
0.000109468
0.00010941
0.000109351
0.000109293
0.000109234
0.000109176
0.000109118
0.00010906
0.000109002
0.000108943
0.000108885
0.000108827
0.00010877
0.000108712
0.000108654
0.000108596
0.000108539
0.000108481
0.000108423
0.000108366
0.000108308
0.000108251
0.000108194
0.000108136
0.000108079
0.000108022
0.000107965
0.000107908
0.000107851
0.000107794
0.000107737
0.00010768
0.000107623
0.000107567
0.00010751
0.000107453
0.000107397
0.00010734
0.000107284
0.000107227
0.000107171
0.000107115
0.000107059
0.000107002
0.000106946
0.00010689
0.000106834
0.000106778
0.000106722
0.000106666
0.000106611
0.000106555
0.000106499
0.000106444
0.000106388
0.000106333
0.000106277
0.000106222
0.000106166
0.000106111
0.000106056
0.000106001
0.000105945
0.00010589
0.000105835
0.00010578
0.000105725
0.000105671
0.000105616
0.000105561
0.000105506
0.000105452
0.000105397
0.000105343
0.000105288
0.000105234
0.000105179
0.000105125
0.000105071
0.000105016
0.000104962
0.000104908
0.000104854
0.0001048
0.000104746
0.000104692
0.000104638
0.000104584
0.000104531
0.000104477
0.000104423
0.00010437
0.000104316
0.000104263
0.000104209
0.000104156
0.000104103
0.000104049
0.000103996
0.000103943
0.00010389
0.000103837
0.000103784
0.000103731
0.000103678
0.000103625
0.000103572
0.000103519
0.000103467
0.000103414
0.000103361
0.000103309
0.000103256
0.000103204
0.000103152
0.000103099
0.000103047
0.000102995
0.000102942
0.00010289
0.000102838
0.000102786
0.000102734
0.000102682
0.00010263
0.000102579
0.000102527
0.000102475
0.000102423
0.000102372
0.00010232
0.000102269
0.000102217
0.000102166
0.000102114
0.000102063
0.000102012
0.00010196
0.000101909
0.000101858
0.000101807
0.000101756
0.000101705
0.000101654
0.000101603
0.000101552
0.000101502
0.000101451
0.0001014
0.00010135
0.000101299
0.000101248
0.000101198
0.000101148
0.000101097
0.000101047
0.000100997
0.000100946
0.000100896
0.000100846
0.000100796
0.000100746
0.000100696
0.000100646
0.000100596
0.000100546
0.000100496
0.000100447
0.000100397
0.000100347
0.000100298
0.000100248
0.000100199
0.000100149
0.0001001
0.00010005
0.000100001
9.99519e-05
9.99026e-05
9.98535e-05
9.98044e-05
9.97553e-05
9.97063e-05
9.96573e-05
9.96084e-05
9.95595e-05
9.95107e-05
9.94619e-05
9.94132e-05
9.93645e-05
9.93159e-05
9.92673e-05
9.92187e-05
9.91702e-05
9.91218e-05
9.90734e-05
9.9025e-05
9.89767e-05
9.89285e-05
9.88803e-05
9.88321e-05
9.8784e-05
9.87359e-05
9.86879e-05
9.86399e-05
9.8592e-05
9.85441e-05
9.84963e-05
9.84485e-05
9.84008e-05
9.83531e-05
9.83054e-05
9.82579e-05
9.82103e-05
9.81628e-05
9.81153e-05
9.80679e-05
9.80206e-05
9.79732e-05
9.7926e-05
9.78788e-05
9.78316e-05
9.77844e-05
9.77374e-05
9.76903e-05
9.76433e-05
9.75964e-05
9.75495e-05
9.75026e-05
9.74558e-05
9.7409e-05
9.73623e-05
9.73156e-05
9.7269e-05
9.72224e-05
9.71759e-05
9.71294e-05
9.7083e-05
9.70366e-05
9.69902e-05
9.69439e-05
9.68977e-05
9.68514e-05
9.68053e-05
9.67591e-05
9.67131e-05
9.6667e-05
9.6621e-05
9.65751e-05
9.65292e-05
9.64833e-05
9.64375e-05
9.63918e-05
9.6346e-05
9.63004e-05
9.62547e-05
9.62091e-05
9.61636e-05
9.61181e-05
9.60727e-05
9.60273e-05
9.59819e-05
9.59366e-05
9.58913e-05
9.58461e-05
9.58009e-05
9.57557e-05
9.57106e-05
9.56656e-05
9.56206e-05
9.55756e-05
9.55307e-05
9.54858e-05
9.5441e-05
9.53962e-05
9.53515e-05
9.53068e-05
9.52621e-05
9.52175e-05
9.51729e-05
9.51284e-05
9.50839e-05
9.50395e-05
9.49951e-05
9.49507e-05
9.49064e-05
9.48622e-05
9.4818e-05
9.47738e-05
9.47296e-05
9.46856e-05
9.46415e-05
9.45975e-05
9.45535e-05
9.45096e-05
9.44658e-05
9.44219e-05
9.43781e-05
9.43344e-05
9.42907e-05
9.4247e-05
9.42034e-05
9.41598e-05
9.41163e-05
9.40728e-05
9.40294e-05
9.3986e-05
9.39426e-05
9.38993e-05
9.3856e-05
9.38128e-05
9.37696e-05
9.37265e-05
9.36834e-05
9.36403e-05
9.35973e-05
9.35543e-05
9.35114e-05
9.34685e-05
9.34256e-05
9.33828e-05
9.334e-05
9.32973e-05
9.32546e-05
9.3212e-05
9.31694e-05
9.31268e-05
9.30843e-05
9.30418e-05
9.29994e-05
9.2957e-05
9.29147e-05
9.28724e-05
9.28301e-05
9.27879e-05
9.27457e-05
9.27035e-05
9.26614e-05
9.26194e-05
9.25774e-05
9.25354e-05
9.24934e-05
9.24516e-05
9.24097e-05
9.23679e-05
9.23261e-05
9.22844e-05
9.22427e-05
9.2201e-05
9.21594e-05
9.21179e-05
9.20763e-05
9.20349e-05
9.19934e-05
9.1952e-05
9.19106e-05
9.18693e-05
9.1828e-05
9.17868e-05
9.17456e-05
9.17044e-05
9.16633e-05
9.16222e-05
9.15812e-05
9.15402e-05
9.14992e-05
9.14583e-05
9.14175e-05
9.13766e-05
9.13358e-05
9.12951e-05
9.12543e-05
9.12137e-05
9.1173e-05
9.11324e-05
9.10919e-05
9.10513e-05
9.10109e-05
9.09704e-05
9.093e-05
9.08897e-05
9.08494e-05
9.08091e-05
9.07688e-05
9.07286e-05
9.06885e-05
9.06483e-05
9.06083e-05
9.05682e-05
9.05282e-05
9.04883e-05
9.04483e-05
9.04084e-05
9.03686e-05
9.03288e-05
9.0289e-05
9.02493e-05
9.02096e-05
9.01699e-05
9.01303e-05
9.00908e-05
9.00512e-05
9.00117e-05
8.99723e-05
8.99328e-05
8.98935e-05
8.98541e-05
8.98148e-05
8.97756e-05
8.97363e-05
8.96971e-05
8.9658e-05
8.96189e-05
8.95798e-05
8.95408e-05
8.95018e-05
8.94628e-05
8.94239e-05
8.9385e-05
8.93462e-05
8.93074e-05
8.92686e-05
8.92299e-05
8.91912e-05
8.91526e-05
8.91139e-05
8.90754e-05
8.90368e-05
8.89983e-05
8.89599e-05
8.89214e-05
8.88831e-05
8.88447e-05
8.88064e-05
8.87681e-05
8.87299e-05
8.86917e-05
8.86535e-05
8.86154e-05
8.85773e-05
8.85393e-05
8.85013e-05
8.84633e-05
8.84253e-05
8.83875e-05
8.83496e-05
8.83118e-05
8.8274e-05
8.82362e-05
8.81985e-05
8.81608e-05
8.81232e-05
8.80856e-05
8.8048e-05
8.80105e-05
8.7973e-05
8.79356e-05
8.78981e-05
8.78608e-05
8.78234e-05
8.77861e-05
8.77488e-05
8.77116e-05
8.76744e-05
8.76372e-05
8.76001e-05
8.7563e-05
8.7526e-05
8.7489e-05
8.7452e-05
8.7415e-05
8.73781e-05
8.73413e-05
8.73044e-05
8.72676e-05
8.72309e-05
8.71941e-05
8.71575e-05
8.71208e-05
8.70842e-05
8.70476e-05
8.70111e-05
8.69746e-05
8.69381e-05
8.69016e-05
8.68652e-05
8.68289e-05
8.67925e-05
8.67562e-05
8.672e-05
8.66838e-05
8.66476e-05
8.66114e-05
8.65753e-05
8.65392e-05
8.65032e-05
8.64672e-05
8.64312e-05
8.63953e-05
8.63594e-05
8.63235e-05
8.62877e-05
8.62519e-05
8.62161e-05
8.61804e-05
8.61447e-05
8.6109e-05
8.60734e-05
8.60378e-05
8.60023e-05
8.59667e-05
8.59312e-05
8.58958e-05
8.58604e-05
8.5825e-05
8.57897e-05
8.57544e-05
8.57191e-05
8.56838e-05
8.56486e-05
8.56135e-05
8.55783e-05
8.55432e-05
8.55082e-05
8.54731e-05
8.54381e-05
8.54032e-05
8.53682e-05
8.53334e-05
8.52985e-05
8.52637e-05
8.52289e-05
8.51941e-05
8.51594e-05
8.51247e-05
8.509e-05
8.50554e-05
8.50208e-05
8.49863e-05
8.49518e-05
8.49173e-05
8.48828e-05
8.48484e-05
8.4814e-05
8.47797e-05
8.47454e-05
8.47111e-05
8.46768e-05
8.46426e-05
8.46084e-05
8.45743e-05
8.45402e-05
8.45061e-05
8.44721e-05
8.4438e-05
8.44041e-05
8.43701e-05
8.43362e-05
8.43023e-05
8.42685e-05
8.42347e-05
8.42009e-05
8.41671e-05
8.41334e-05
8.40997e-05
8.40661e-05
8.40325e-05
8.39989e-05
8.39654e-05
8.39318e-05
8.38984e-05
8.38649e-05
8.38315e-05
8.37981e-05
8.37648e-05
8.37314e-05
8.36982e-05
8.36649e-05
8.36317e-05
8.35985e-05
8.35653e-05
8.35322e-05
8.34991e-05
8.34661e-05
8.34331e-05
8.34001e-05
8.33671e-05
8.33342e-05
8.33013e-05
8.32684e-05
8.32356e-05
8.32028e-05
8.317e-05
8.31373e-05
8.31046e-05
8.30719e-05
8.30393e-05
8.30067e-05
8.29741e-05
8.29416e-05
8.29091e-05
8.28766e-05
8.28441e-05
8.28117e-05
8.27794e-05
8.2747e-05
8.27147e-05
8.26824e-05
8.26501e-05
8.26179e-05
8.25857e-05
8.25536e-05
8.25215e-05
8.24894e-05
8.24573e-05
8.24253e-05
8.23933e-05
8.23613e-05
8.23294e-05
8.22975e-05
8.22656e-05
8.22337e-05
8.22019e-05
8.21701e-05
8.21384e-05
8.21067e-05
8.2075e-05
8.20433e-05
8.20117e-05
8.19801e-05
8.19486e-05
8.1917e-05
8.18855e-05
8.18541e-05
8.18226e-05
8.17912e-05
8.17598e-05
8.17285e-05
8.16972e-05
8.16659e-05
8.16346e-05
8.16034e-05
8.15722e-05
8.15411e-05
8.15099e-05
8.14788e-05
8.14478e-05
8.14167e-05
8.13857e-05
8.13547e-05
8.13238e-05
8.12929e-05
8.1262e-05
8.12311e-05
8.12003e-05
8.11695e-05
8.11387e-05
8.1108e-05
8.10773e-05
8.10466e-05
8.1016e-05
8.09854e-05
8.09548e-05
8.09242e-05
8.08937e-05
8.08632e-05
8.08328e-05
8.08023e-05
8.07719e-05
8.07415e-05
8.07112e-05
8.06809e-05
8.06506e-05
8.06204e-05
8.05901e-05
8.05599e-05
8.05298e-05
8.04996e-05
8.04695e-05
8.04394e-05
8.04094e-05
8.03794e-05
8.03494e-05
8.03194e-05
8.02895e-05
8.02596e-05
8.02297e-05
8.01999e-05
8.01701e-05
8.01403e-05
8.01106e-05
8.00808e-05
8.00511e-05
8.00215e-05
7.99918e-05
7.99622e-05
7.99327e-05
7.99031e-05
7.98736e-05
7.98441e-05
7.98146e-05
7.97852e-05
7.97558e-05
7.97264e-05
7.96971e-05
7.96678e-05
7.96385e-05
7.96092e-05
7.958e-05
7.95508e-05
7.95216e-05
7.94925e-05
7.94634e-05
7.94343e-05
7.94052e-05
7.93762e-05
7.93472e-05
7.93182e-05
7.92893e-05
7.92604e-05
7.92315e-05
7.92026e-05
7.91738e-05
7.9145e-05
7.91162e-05
7.90875e-05
7.90588e-05
7.90301e-05
7.90014e-05
7.89728e-05
7.89442e-05
7.89156e-05
7.88871e-05
7.88586e-05
7.88301e-05
7.88016e-05
7.87732e-05
7.87448e-05
7.87164e-05
7.8688e-05
7.86597e-05
7.86314e-05
7.86031e-05
7.85749e-05
7.85467e-05
7.85185e-05
7.84904e-05
7.84622e-05
7.84341e-05
7.84061e-05
7.8378e-05
7.835e-05
7.8322e-05
7.8294e-05
7.82661e-05
7.82382e-05
7.82103e-05
7.81825e-05
7.81546e-05
7.81268e-05
7.80991e-05
7.80713e-05
7.80436e-05
7.80159e-05
7.79883e-05
7.79606e-05
7.7933e-05
7.79055e-05
7.78779e-05
7.78504e-05
7.78229e-05
7.77954e-05
7.7768e-05
7.77405e-05
7.77132e-05
7.76858e-05
7.76585e-05
7.76312e-05
7.76039e-05
7.75766e-05
7.75494e-05
7.75222e-05
7.7495e-05
7.74679e-05
7.74407e-05
7.74136e-05
7.73866e-05
7.73595e-05
7.73325e-05
7.73055e-05
7.72786e-05
7.72516e-05
7.72247e-05
7.71978e-05
7.7171e-05
7.71442e-05
7.71174e-05
7.70906e-05
7.70638e-05
7.70371e-05
7.70104e-05
7.69837e-05
7.69571e-05
7.69305e-05
7.69039e-05
7.68773e-05
7.68508e-05
7.68243e-05
7.67978e-05
7.67713e-05
7.67449e-05
7.67185e-05
7.66921e-05
7.66657e-05
7.66394e-05
7.66131e-05
7.65868e-05
7.65606e-05
7.65343e-05
7.65081e-05
7.6482e-05
7.64558e-05
7.64297e-05
7.64036e-05
7.63775e-05
7.63515e-05
7.63255e-05
7.62995e-05
7.62735e-05
7.62475e-05
7.62216e-05
7.61957e-05
7.61699e-05
7.6144e-05
7.61182e-05
7.60924e-05
7.60666e-05
7.60409e-05
7.60152e-05
7.59895e-05
7.59638e-05
7.59382e-05
7.59126e-05
7.5887e-05
7.58614e-05
7.58359e-05
7.58104e-05
7.57849e-05
7.57594e-05
7.5734e-05
7.57086e-05
7.56832e-05
7.56578e-05
7.56325e-05
7.56072e-05
7.55819e-05
7.55566e-05
7.55314e-05
7.55062e-05
7.5481e-05
7.54558e-05
7.54307e-05
7.54055e-05
7.53805e-05
7.53554e-05
7.53303e-05
7.53053e-05
7.52803e-05
7.52554e-05
7.52304e-05
7.52055e-05
7.51806e-05
7.51558e-05
7.51309e-05
7.51061e-05
7.50813e-05
7.50565e-05
7.50318e-05
7.50071e-05
7.49824e-05
7.49577e-05
7.4933e-05
7.49084e-05
7.48838e-05
7.48592e-05
7.48347e-05
7.48102e-05
7.47857e-05
7.47612e-05
7.47367e-05
7.47123e-05
7.46879e-05
7.46635e-05
7.46391e-05
7.46148e-05
7.45905e-05
7.45662e-05
7.45419e-05
7.45177e-05
7.44935e-05
7.44693e-05
7.44451e-05
7.4421e-05
7.43969e-05
7.43728e-05
7.43487e-05
7.43247e-05
7.43006e-05
7.42766e-05
7.42526e-05
7.42287e-05
7.42048e-05
7.41809e-05
7.4157e-05
7.41331e-05
7.41093e-05
7.40855e-05
7.40617e-05
7.40379e-05
7.40142e-05
7.39904e-05
7.39667e-05
7.39431e-05
7.39194e-05
7.38958e-05
7.38722e-05
7.38486e-05
7.38251e-05
7.38015e-05
7.3778e-05
7.37545e-05
7.37311e-05
7.37076e-05
7.36842e-05
7.36608e-05
7.36374e-05
7.36141e-05
7.35908e-05
7.35675e-05
7.35442e-05
7.35209e-05
7.34977e-05
7.34745e-05
7.34513e-05
7.34281e-05
7.3405e-05
7.33819e-05
7.33588e-05
7.33357e-05
7.33127e-05
7.32896e-05
7.32666e-05
7.32436e-05
7.32207e-05
7.31978e-05
7.31748e-05
7.31519e-05
7.31291e-05
7.31062e-05
7.30834e-05
7.30606e-05
7.30378e-05
7.30151e-05
7.29923e-05
7.29696e-05
7.29469e-05
7.29243e-05
7.29016e-05
7.2879e-05
7.28564e-05
7.28338e-05
7.28113e-05
7.27887e-05
7.27662e-05
7.27437e-05
7.27213e-05
7.26988e-05
7.26764e-05
7.2654e-05
7.26316e-05
7.26093e-05
7.25869e-05
7.25646e-05
7.25423e-05
7.252e-05
7.24978e-05
7.24756e-05
7.24534e-05
7.24312e-05
7.2409e-05
7.23869e-05
7.23648e-05
7.23427e-05
7.23206e-05
7.22986e-05
7.22765e-05
7.22545e-05
7.22325e-05
7.22106e-05
7.21886e-05
7.21667e-05
7.21448e-05
7.21229e-05
7.21011e-05
7.20793e-05
7.20574e-05
7.20357e-05
7.20139e-05
7.19921e-05
7.19704e-05
7.19487e-05
7.1927e-05
7.19054e-05
7.18837e-05
7.18621e-05
7.18405e-05
7.18189e-05
7.17974e-05
7.17758e-05
7.17543e-05
7.17328e-05
7.17114e-05
7.16899e-05
7.16685e-05
7.16471e-05
7.16257e-05
7.16043e-05
7.1583e-05
7.15617e-05
7.15404e-05
7.15191e-05
7.14978e-05
7.14766e-05
7.14554e-05
7.14342e-05
7.1413e-05
7.13918e-05
7.13707e-05
7.13496e-05
7.13285e-05
7.13074e-05
7.12864e-05
7.12653e-05
7.12443e-05
7.12233e-05
7.12024e-05
7.11814e-05
7.11605e-05
7.11396e-05
7.11187e-05
7.10978e-05
7.1077e-05
7.10562e-05
7.10354e-05
7.10146e-05
7.09938e-05
7.09731e-05
7.09524e-05
7.09316e-05
7.0911e-05
7.08903e-05
7.08697e-05
7.0849e-05
7.08284e-05
7.08079e-05
7.07873e-05
7.07668e-05
7.07463e-05
7.07258e-05
7.07053e-05
7.06848e-05
7.06644e-05
7.0644e-05
7.06236e-05
7.06032e-05
7.05828e-05
7.05625e-05
7.05422e-05
7.05219e-05
7.05016e-05
7.04814e-05
7.04611e-05
7.04409e-05
7.04207e-05
7.04005e-05
7.03804e-05
7.03602e-05
7.03401e-05
7.032e-05
7.02999e-05
7.02799e-05
7.02598e-05
7.02398e-05
7.02198e-05
7.01998e-05
7.01799e-05
7.01599e-05
7.014e-05
7.01201e-05
7.01002e-05
7.00804e-05
7.00605e-05
7.00407e-05
7.00209e-05
7.00011e-05
6.99814e-05
6.99616e-05
6.99419e-05
6.99222e-05
6.99025e-05
6.98828e-05
6.98632e-05
6.98436e-05
6.9824e-05
6.98044e-05
6.97848e-05
6.97653e-05
6.97457e-05
6.97262e-05
6.97067e-05
6.96873e-05
6.96678e-05
6.96484e-05
6.96289e-05
6.96096e-05
6.95902e-05
6.95708e-05
6.95515e-05
6.95322e-05
6.95129e-05
6.94936e-05
6.94743e-05
6.94551e-05
6.94358e-05
6.94166e-05
6.93975e-05
6.93783e-05
6.93591e-05
6.934e-05
6.93209e-05
6.93018e-05
6.92827e-05
6.92637e-05
6.92446e-05
6.92256e-05
6.92066e-05
6.91876e-05
6.91687e-05
6.91497e-05
6.91308e-05
6.91119e-05
6.9093e-05
6.90742e-05
6.90553e-05
6.90365e-05
6.90177e-05
6.89989e-05
6.89801e-05
6.89613e-05
6.89426e-05
6.89239e-05
6.89052e-05
6.88865e-05
6.88678e-05
6.88492e-05
6.88306e-05
6.8812e-05
6.87934e-05
6.87748e-05
6.87562e-05
6.87377e-05
6.87192e-05
6.87007e-05
6.86822e-05
6.86637e-05
6.86453e-05
6.86269e-05
6.86085e-05
6.85901e-05
6.85717e-05
6.85533e-05
6.8535e-05
6.85167e-05
6.84984e-05
6.84801e-05
6.84619e-05
6.84436e-05
6.84254e-05
6.84072e-05
6.8389e-05
6.83708e-05
6.83527e-05
6.83345e-05
6.83164e-05
6.82983e-05
6.82802e-05
6.82621e-05
6.82441e-05
6.82261e-05
6.82081e-05
6.81901e-05
6.81721e-05
6.81541e-05
6.81362e-05
6.81183e-05
6.81004e-05
6.80825e-05
6.80646e-05
6.80467e-05
6.80289e-05
6.80111e-05
6.79933e-05
6.79755e-05
6.79577e-05
6.794e-05
6.79223e-05
6.79045e-05
6.78868e-05
6.78692e-05
6.78515e-05
6.78339e-05
6.78162e-05
6.77986e-05
6.7781e-05
6.77635e-05
6.77459e-05
6.77284e-05
6.77109e-05
6.76933e-05
6.76759e-05
6.76584e-05
6.76409e-05
6.76235e-05
6.76061e-05
6.75887e-05
6.75713e-05
6.75539e-05
6.75366e-05
6.75193e-05
6.75019e-05
6.74846e-05
6.74674e-05
6.74501e-05
6.74328e-05
6.74156e-05
6.73984e-05
6.73812e-05
6.7364e-05
6.73469e-05
6.73297e-05
6.73126e-05
6.72955e-05
6.72784e-05
6.72613e-05
6.72443e-05
6.72272e-05
6.72102e-05
6.71932e-05
6.71762e-05
6.71592e-05
6.71422e-05
6.71253e-05
6.71084e-05
6.70915e-05
6.70746e-05
6.70577e-05
6.70408e-05
6.7024e-05
6.70072e-05
6.69904e-05
6.69736e-05
6.69568e-05
6.694e-05
6.69233e-05
6.69066e-05
6.68898e-05
6.68731e-05
6.68565e-05
6.68398e-05
6.68232e-05
6.68065e-05
6.67899e-05
6.67733e-05
6.67567e-05
6.67402e-05
6.67236e-05
6.67071e-05
6.66906e-05
6.66741e-05
6.66576e-05
6.66412e-05
6.66247e-05
6.66083e-05
6.65919e-05
6.65755e-05
6.65591e-05
6.65427e-05
6.65264e-05
6.651e-05
6.64937e-05
6.64774e-05
6.64611e-05
6.64448e-05
6.64286e-05
6.64123e-05
6.63961e-05
6.63799e-05
6.63637e-05
6.63475e-05
6.63314e-05
6.63152e-05
6.62991e-05
6.6283e-05
6.62669e-05
6.62508e-05
6.62348e-05
6.62187e-05
6.62027e-05
6.61867e-05
6.61707e-05
6.61547e-05
6.61387e-05
6.61228e-05
6.61068e-05
6.60909e-05
6.6075e-05
6.60591e-05
6.60432e-05
6.60274e-05
6.60115e-05
6.59957e-05
6.59799e-05
6.59641e-05
6.59483e-05
6.59326e-05
6.59168e-05
6.59011e-05
6.58854e-05
6.58696e-05
6.5854e-05
6.58383e-05
6.58226e-05
6.5807e-05
6.57914e-05
6.57758e-05
6.57602e-05
6.57446e-05
6.5729e-05
6.57135e-05
6.56979e-05
6.56824e-05
6.56669e-05
6.56514e-05
6.5636e-05
6.56205e-05
6.56051e-05
6.55896e-05
6.55742e-05
6.55588e-05
6.55434e-05
6.55281e-05
6.55127e-05
6.54974e-05
6.54821e-05
6.54668e-05
6.54515e-05
6.54362e-05
6.54209e-05
6.54057e-05
6.53905e-05
6.53753e-05
6.53601e-05
6.53449e-05
6.53297e-05
6.53145e-05
6.52994e-05
6.52843e-05
6.52692e-05
6.52541e-05
6.5239e-05
6.52239e-05
6.52089e-05
6.51939e-05
6.51788e-05
6.51638e-05
6.51488e-05
6.51339e-05
6.51189e-05
6.5104e-05
6.5089e-05
6.50741e-05
6.50592e-05
6.50443e-05
6.50294e-05
6.50146e-05
6.49997e-05
6.49849e-05
6.49701e-05
6.49553e-05
6.49405e-05
6.49257e-05
6.4911e-05
6.48962e-05
6.48815e-05
6.48668e-05
6.48521e-05
6.48374e-05
6.48228e-05
6.48081e-05
6.47935e-05
6.47788e-05
6.47642e-05
6.47496e-05
6.4735e-05
6.47205e-05
6.47059e-05
6.46914e-05
6.46769e-05
6.46624e-05
6.46479e-05
6.46334e-05
6.46189e-05
6.46045e-05
6.459e-05
6.45756e-05
6.45612e-05
6.45468e-05
6.45324e-05
6.4518e-05
6.45037e-05
6.44893e-05
6.4475e-05
6.44607e-05
6.44464e-05
6.44321e-05
6.44179e-05
6.44036e-05
6.43894e-05
6.43751e-05
6.43609e-05
6.43467e-05
6.43326e-05
6.43184e-05
6.43042e-05
6.42901e-05
6.4276e-05
6.42618e-05
6.42477e-05
6.42337e-05
6.42196e-05
6.42055e-05
6.41915e-05
6.41774e-05
6.41634e-05
6.41494e-05
6.41354e-05
6.41215e-05
6.41075e-05
6.40936e-05
6.40796e-05
6.40657e-05
6.40518e-05
6.40379e-05
6.4024e-05
6.40102e-05
6.39963e-05
6.39825e-05
6.39686e-05
6.39548e-05
6.3941e-05
6.39272e-05
6.39135e-05
6.38997e-05
6.3886e-05
6.38722e-05
6.38585e-05
6.38448e-05
6.38311e-05
6.38175e-05
6.38038e-05
6.37902e-05
6.37765e-05
6.37629e-05
6.37493e-05
6.37357e-05
6.37221e-05
6.37086e-05
6.3695e-05
6.36815e-05
6.36679e-05
6.36544e-05
6.36409e-05
6.36274e-05
6.3614e-05
6.36005e-05
6.3587e-05
6.35736e-05
6.35602e-05
6.35468e-05
6.35334e-05
6.352e-05
6.35066e-05
6.34933e-05
6.34799e-05
6.34666e-05
6.34533e-05
6.344e-05
6.34267e-05
6.34134e-05
6.34002e-05
6.33869e-05
6.33737e-05
6.33605e-05
6.33473e-05
6.33341e-05
6.33209e-05
6.33077e-05
6.32945e-05
6.32814e-05
6.32683e-05
6.32551e-05
6.3242e-05
6.32289e-05
6.32159e-05
6.32028e-05
6.31897e-05
6.31767e-05
6.31637e-05
6.31507e-05
6.31377e-05
6.31247e-05
6.31117e-05
6.30987e-05
6.30858e-05
6.30728e-05
6.30599e-05
6.3047e-05
6.30341e-05
6.30212e-05
6.30083e-05
6.29955e-05
6.29826e-05
6.29698e-05
6.2957e-05
6.29441e-05
6.29313e-05
6.29186e-05
6.29058e-05
6.2893e-05
6.28803e-05
6.28675e-05
6.28548e-05
6.28421e-05
6.28294e-05
6.28167e-05
6.2804e-05
6.27914e-05
6.27787e-05
6.27661e-05
6.27535e-05
6.27409e-05
6.27283e-05
6.27157e-05
6.27031e-05
6.26905e-05
6.2678e-05
6.26655e-05
6.26529e-05
6.26404e-05
6.26279e-05
6.26154e-05
6.2603e-05
6.25905e-05
6.25781e-05
6.25656e-05
6.25532e-05
6.25408e-05
6.25284e-05
6.2516e-05
6.25036e-05
6.24912e-05
6.24789e-05
6.24666e-05
6.24542e-05
6.24419e-05
6.24296e-05
6.24173e-05
6.2405e-05
6.23928e-05
6.23805e-05
6.23683e-05
6.2356e-05
6.23438e-05
6.23316e-05
6.23194e-05
6.23072e-05
6.22951e-05
6.22829e-05
6.22708e-05
6.22586e-05
6.22465e-05
6.22344e-05
6.22223e-05
6.22102e-05
6.21981e-05
6.21861e-05
6.2174e-05
6.2162e-05
6.215e-05
6.21379e-05
6.21259e-05
6.2114e-05
6.2102e-05
6.209e-05
6.20781e-05
6.20661e-05
6.20542e-05
6.20423e-05
6.20303e-05
6.20185e-05
6.20066e-05
6.19947e-05
6.19828e-05
6.1971e-05
6.19591e-05
6.19473e-05
6.19355e-05
6.19237e-05
6.19119e-05
6.19001e-05
6.18884e-05
6.18766e-05
6.18649e-05
6.18531e-05
6.18414e-05
6.18297e-05
6.1818e-05
6.18063e-05
6.17946e-05
6.1783e-05
6.17713e-05
6.17597e-05
6.1748e-05
6.17364e-05
6.17248e-05
6.17132e-05
6.17016e-05
6.16901e-05
6.16785e-05
6.1667e-05
6.16554e-05
6.16439e-05
6.16324e-05
6.16209e-05
6.16094e-05
6.15979e-05
6.15864e-05
6.1575e-05
6.15635e-05
6.15521e-05
6.15407e-05
6.15293e-05
6.15179e-05
6.15065e-05
6.14951e-05
6.14837e-05
6.14724e-05
6.1461e-05
6.14497e-05
6.14384e-05
6.1427e-05
6.14157e-05
6.14045e-05
6.13932e-05
6.13819e-05
6.13707e-05
6.13594e-05
6.13482e-05
6.1337e-05
6.13257e-05
6.13145e-05
6.13034e-05
6.12922e-05
6.1281e-05
6.12698e-05
6.12587e-05
6.12476e-05
6.12364e-05
6.12253e-05
6.12142e-05
6.12031e-05
6.11921e-05
6.1181e-05
6.11699e-05
6.11589e-05
6.11479e-05
6.11368e-05
6.11258e-05
6.11148e-05
6.11038e-05
6.10928e-05
6.10819e-05
6.10709e-05
6.106e-05
6.1049e-05
6.10381e-05
6.10272e-05
6.10163e-05
6.10054e-05
6.09945e-05
6.09836e-05
6.09728e-05
6.09619e-05
6.09511e-05
6.09402e-05
6.09294e-05
6.09186e-05
6.09078e-05
6.0897e-05
6.08862e-05
6.08755e-05
6.08647e-05
6.0854e-05
6.08432e-05
6.08325e-05
6.08218e-05
6.08111e-05
6.08004e-05
6.07897e-05
6.07791e-05
6.07684e-05
6.07577e-05
6.07471e-05
6.07365e-05
6.07259e-05
6.07152e-05
6.07046e-05
6.06941e-05
6.06835e-05
6.06729e-05
6.06624e-05
6.06518e-05
6.06413e-05
6.06308e-05
6.06202e-05
6.06097e-05
6.05992e-05
6.05888e-05
6.05783e-05
6.05678e-05
6.05574e-05
6.05469e-05
6.05365e-05
6.05261e-05
6.05157e-05
6.05053e-05
6.04949e-05
6.04845e-05
6.04741e-05
6.04638e-05
6.04534e-05
6.04431e-05
6.04328e-05
6.04224e-05
6.04121e-05
6.04018e-05
6.03915e-05
6.03813e-05
6.0371e-05
6.03607e-05
6.03505e-05
6.03403e-05
6.033e-05
6.03198e-05
6.03096e-05
6.02994e-05
6.02892e-05
6.0279e-05
6.02689e-05
6.02587e-05
6.02486e-05
6.02384e-05
6.02283e-05
6.02182e-05
6.02081e-05
6.0198e-05
6.01879e-05
6.01778e-05
6.01678e-05
6.01577e-05
6.01477e-05
6.01376e-05
6.01276e-05
6.01176e-05
6.01076e-05
6.00976e-05
6.00876e-05
6.00776e-05
6.00676e-05
6.00577e-05
6.00477e-05
6.00378e-05
6.00279e-05
6.00179e-05
6.0008e-05
5.99981e-05
5.99883e-05
5.99784e-05
5.99685e-05
5.99586e-05
5.99488e-05
5.9939e-05
5.99291e-05
5.99193e-05
5.99095e-05
5.98997e-05
5.98899e-05
5.98801e-05
5.98703e-05
5.98606e-05
5.98508e-05
5.98411e-05
5.98314e-05
5.98216e-05
5.98119e-05
5.98022e-05
5.97925e-05
5.97828e-05
5.97731e-05
5.97635e-05
5.97538e-05
5.97442e-05
5.97345e-05
5.97249e-05
5.97153e-05
5.97057e-05
5.96961e-05
5.96865e-05
5.96769e-05
5.96673e-05
5.96578e-05
5.96482e-05
5.96387e-05
5.96291e-05
5.96196e-05
5.96101e-05
5.96006e-05
5.95911e-05
5.95816e-05
5.95721e-05
5.95627e-05
5.95532e-05
5.95438e-05
5.95343e-05
5.95249e-05
5.95155e-05
5.95061e-05
5.94967e-05
5.94873e-05
5.94779e-05
5.94685e-05
5.94591e-05
5.94498e-05
5.94404e-05
5.94311e-05
5.94218e-05
5.94124e-05
5.94031e-05
5.93938e-05
5.93845e-05
5.93753e-05
5.9366e-05
5.93567e-05
5.93475e-05
5.93382e-05
5.9329e-05
5.93198e-05
5.93105e-05
5.93013e-05
5.92921e-05
5.92829e-05
5.92738e-05
5.92646e-05
5.92554e-05
5.92463e-05
5.92371e-05
5.9228e-05
5.92189e-05
5.92097e-05
5.92006e-05
5.91915e-05
5.91824e-05
5.91733e-05
5.91643e-05
5.91552e-05
5.91462e-05
5.91371e-05
5.91281e-05
5.9119e-05
5.911e-05
5.9101e-05
5.9092e-05
5.9083e-05
5.9074e-05
5.9065e-05
5.90561e-05
5.90471e-05
5.90382e-05
5.90292e-05
5.90203e-05
5.90114e-05
5.90025e-05
5.89936e-05
5.89847e-05
5.89758e-05
5.89669e-05
5.8958e-05
5.89492e-05
5.89403e-05
5.89315e-05
5.89226e-05
5.89138e-05
5.8905e-05
5.88962e-05
5.88874e-05
5.88786e-05
5.88698e-05
5.8861e-05
5.88523e-05
5.88435e-05
5.88348e-05
5.8826e-05
5.88173e-05
5.88086e-05
5.87999e-05
5.87912e-05
5.87825e-05
5.87738e-05
5.87651e-05
5.87564e-05
5.87478e-05
5.87391e-05
5.87305e-05
5.87218e-05
5.87132e-05
5.87046e-05
5.8696e-05
5.86874e-05
5.86788e-05
5.86702e-05
5.86616e-05
5.8653e-05
5.86445e-05
5.86359e-05
5.86274e-05
5.86189e-05
5.86103e-05
5.86018e-05
5.85933e-05
5.85848e-05
5.85763e-05
5.85678e-05
5.85593e-05
5.85509e-05
5.85424e-05
5.8534e-05
5.85255e-05
5.85171e-05
5.85087e-05
5.85003e-05
5.84918e-05
5.84834e-05
5.84751e-05
5.84667e-05
5.84583e-05
5.84499e-05
5.84416e-05
5.84332e-05
5.84249e-05
5.84165e-05
5.84082e-05
5.83999e-05
5.83916e-05
5.83833e-05
5.8375e-05
5.83667e-05
5.83584e-05
5.83502e-05
5.83419e-05
5.83336e-05
5.83254e-05
5.83172e-05
5.83089e-05
5.83007e-05
5.82925e-05
5.82843e-05
5.82761e-05
5.82679e-05
5.82597e-05
5.82516e-05
5.82434e-05
5.82353e-05
5.82271e-05
5.8219e-05
5.82108e-05
5.82027e-05
5.81946e-05
5.81865e-05
5.81784e-05
5.81703e-05
5.81622e-05
5.81541e-05
5.81461e-05
5.8138e-05
5.813e-05
5.81219e-05
5.81139e-05
5.81059e-05
5.80978e-05
5.80898e-05
5.80818e-05
5.80738e-05
5.80659e-05
5.80579e-05
5.80499e-05
5.80419e-05
5.8034e-05
5.8026e-05
5.80181e-05
5.80102e-05
5.80022e-05
5.79943e-05
5.79864e-05
5.79785e-05
5.79706e-05
5.79627e-05
5.79549e-05
5.7947e-05
5.79391e-05
5.79313e-05
5.79234e-05
5.79156e-05
5.79078e-05
5.78999e-05
5.78921e-05
5.78843e-05
5.78765e-05
5.78687e-05
5.78609e-05
5.78532e-05
5.78454e-05
5.78376e-05
5.78299e-05
5.78221e-05
5.78144e-05
5.78067e-05
5.77989e-05
5.77912e-05
5.77835e-05
5.77758e-05
5.77681e-05
5.77604e-05
5.77528e-05
5.77451e-05
5.77374e-05
5.77298e-05
5.77221e-05
5.77145e-05
5.77068e-05
5.76992e-05
5.76916e-05
5.7684e-05
5.76764e-05
5.76688e-05
5.76612e-05
5.76536e-05
5.76461e-05
5.76385e-05
5.76309e-05
5.76234e-05
5.76158e-05
5.76083e-05
5.76008e-05
5.75933e-05
5.75858e-05
5.75782e-05
5.75708e-05
5.75633e-05
5.75558e-05
5.75483e-05
5.75408e-05
5.75334e-05
5.75259e-05
5.75185e-05
5.7511e-05
5.75036e-05
5.74962e-05
5.74888e-05
5.74814e-05
5.7474e-05
5.74666e-05
5.74592e-05
5.74518e-05
5.74444e-05
5.74371e-05
5.74297e-05
5.74224e-05
5.7415e-05
5.74077e-05
5.74003e-05
5.7393e-05
5.73857e-05
5.73784e-05
5.73711e-05
5.73638e-05
5.73565e-05
5.73492e-05
5.7342e-05
5.73347e-05
5.73275e-05
5.73202e-05
5.7313e-05
5.73057e-05
5.72985e-05
5.72913e-05
5.72841e-05
5.72769e-05
5.72697e-05
5.72625e-05
5.72553e-05
5.72481e-05
5.72409e-05
5.72338e-05
5.72266e-05
5.72195e-05
5.72123e-05
5.72052e-05
5.71981e-05
5.71909e-05
5.71838e-05
5.71767e-05
5.71696e-05
5.71625e-05
5.71554e-05
5.71484e-05
5.71413e-05
5.71342e-05
5.71272e-05
5.71201e-05
5.71131e-05
5.7106e-05
5.7099e-05
5.7092e-05
5.7085e-05
5.70779e-05
5.70709e-05
5.70639e-05
5.7057e-05
5.705e-05
5.7043e-05
5.7036e-05
5.70291e-05
5.70221e-05
5.70152e-05
5.70082e-05
5.70013e-05
5.69944e-05
5.69874e-05
5.69805e-05
5.69736e-05
5.69667e-05
5.69598e-05
5.69529e-05
5.69461e-05
5.69392e-05
5.69323e-05
5.69255e-05

