5e-05
5e-05
5e-05
5e-05
5e-05
5e-05
5e-05
5e-05
5e-05
5e-05
5e-05
5e-05
5e-05
5e-05
5e-05
5e-05
5e-05
5e-05
5e-05
5e-05
5e-05
5e-05
5e-05
5e-05
5e-05
5e-05
5e-05
5e-05
5e-05
5e-05
5e-05
5e-05
5e-05
5e-05
5e-05
5e-05
5e-05
5e-05
5e-05
5e-05
5e-05
5e-05
5e-05
5e-05
5e-05
5e-05
5e-05
5e-05
5e-05
5e-05
5e-05
5e-05
5e-05
5e-05
5e-05
5e-05
5e-05
5e-05
5e-05
5e-05
5e-05
5e-05
5e-05
5e-05
5e-05
5e-05
5e-05
5e-05
5e-05
5e-05
5e-05
5e-05
5e-05
5e-05
5e-05
5e-05
5e-05
5e-05
5e-05
5e-05
5e-05
5e-05
5e-05
5e-05
5e-05
5e-05
5e-05
5e-05
5e-05
5e-05
5e-05
5e-05
5e-05
5e-05
5e-05
5e-05
5e-05
5e-05
5e-05
5e-05
5e-05
5e-05
5e-05
5e-05
5e-05
5e-05
5e-05
5e-05
5e-05
5e-05
5e-05
5e-05
5e-05
5e-05
5e-05
5e-05
5e-05
5e-05
5e-05
5e-05
5e-05
5e-05
5e-05
5e-05
5e-05
5e-05
5e-05
5e-05
5e-05
5e-05
5e-05
5e-05
5e-05
5e-05
5e-05
5e-05
5e-05
5e-05
5e-05
5e-05
5e-05
5e-05
5e-05
5e-05
5e-05
5e-05
5e-05
5e-05
5e-05
5e-05
5e-05
5e-05
5e-05
5e-05
5e-05
5e-05
5e-05
5e-05
5e-05
5e-05
5e-05
5e-05
5e-05
5e-05
5e-05
5e-05
5e-05
5e-05
5e-05
5e-05
5e-05
5e-05
5e-05
5e-05
5e-05
5e-05
5e-05
5e-05
5e-05
5e-05
5e-05
5e-05
5e-05
5e-05
5e-05
5e-05
5e-05
5e-05
5e-05
5e-05
5e-05
5e-05
5e-05
5e-05
5e-05
5e-05
5e-05
5e-05
5e-05
5e-05
5e-05
5e-05
5e-05
5e-05
5e-05
5e-05
5e-05
5e-05
5e-05
5e-05
5e-05
5e-05
5e-05
5e-05
5e-05
5e-05
5e-05
5e-05
5e-05
5e-05
5e-05
5e-05
5e-05
5e-05
5e-05
5e-05
5e-05
5e-05
5e-05
5e-05
5e-05
5e-05
5e-05
5e-05
5e-05
5e-05
5e-05
5e-05
5e-05
5e-05
5e-05
5e-05
5e-05
5e-05
5e-05
5e-05
5e-05
5e-05
5e-05
5e-05
5e-05
5e-05
5e-05
5e-05
5e-05
5e-05
5e-05
5e-05
5e-05
5e-05
5e-05
5e-05
5e-05
5e-05
5e-05
5e-05
5e-05
5e-05
5e-05
5e-05
5e-05
5e-05
5e-05
5e-05
5e-05
5e-05
5e-05
5e-05
5e-05
5e-05
5e-05
5e-05
5e-05
5e-05
5e-05
5e-05
5e-05
5e-05
5e-05
5e-05
5e-05
5e-05
5e-05
5e-05
5e-05
5e-05
5e-05
5e-05
5e-05
5e-05
5e-05
5e-05
5e-05
5e-05
5e-05
5e-05
5e-05
5e-05
5e-05
5e-05
5e-05
5e-05
5e-05
5e-05
5e-05
5e-05
5e-05
5e-05
5e-05
5e-05
5e-05
5e-05
5e-05
5e-05
5e-05
5e-05
5e-05
5e-05
5e-05
5e-05
5e-05
5e-05
5e-05
5e-05
5e-05
5e-05
5e-05
5e-05
5e-05
5e-05
5e-05
5e-05
5e-05
5e-05
5e-05
5e-05
5e-05
5e-05
5e-05
5e-05
5e-05
5e-05
5e-05
5e-05
5e-05
5e-05
5e-05
5e-05
5e-05
5e-05
5e-05
5e-05
5e-05
5e-05
5e-05
5e-05
5e-05
5e-05
5e-05
5e-05
5e-05
5e-05
5e-05
5e-05
5e-05
5e-05
5e-05
5e-05
5e-05
5e-05
5e-05
5e-05
5e-05
5e-05
5e-05
5e-05
5e-05
5e-05
5e-05
5e-05
5e-05
5e-05
5e-05
5e-05
5e-05
5e-05
5e-05
5e-05
5e-05
5e-05
5e-05
5e-05
5e-05
5e-05
5e-05
5e-05
5e-05
5e-05
5e-05
5e-05
5e-05
5e-05
5e-05
5e-05
5e-05
5e-05
5e-05
5e-05
5e-05
5e-05
5e-05
5e-05
5e-05
5e-05
5e-05
5e-05
5e-05
5e-05
5e-05
5e-05
5e-05
5e-05
5e-05
5e-05
5e-05
5e-05
5e-05
5e-05
5e-05
5e-05
5e-05
5e-05
5e-05
5e-05
5e-05
5e-05
5e-05
5e-05
5e-05
5e-05
5e-05
5e-05
5e-05
5e-05
5e-05
5e-05
5e-05
5e-05
5e-05
5e-05
5e-05
5e-05
5e-05
5e-05
5e-05
5e-05
5e-05
5e-05
5e-05
5e-05
5e-05
5e-05
5e-05
5e-05
5e-05
5e-05
5e-05
5e-05
5e-05
5e-05
5e-05
5e-05
5e-05
5e-05
5e-05
5e-05
5e-05
5e-05
5e-05
5e-05
5e-05
5e-05
5e-05
5e-05
5e-05
5e-05
5e-05
5e-05
5e-05
5e-05
5e-05
5e-05
5e-05
5e-05
5e-05
5e-05
5e-05
5e-05
5e-05
5e-05
5e-05
5e-05
5e-05
5e-05
5e-05
5e-05
5e-05
5e-05
5e-05
5e-05
5e-05
5e-05
5e-05
5e-05
5e-05
5e-05
5e-05
5e-05
5e-05
5e-05
5e-05
5e-05
5e-05
5e-05
5e-05
5e-05
5e-05
5e-05
5e-05
5e-05
5e-05
5e-05
5e-05
5e-05
5e-05
5e-05
5e-05
5e-05
5e-05
5e-05
5e-05
5e-05
5e-05
5e-05
5e-05
5e-05
5e-05
5e-05
5e-05
5e-05
5e-05
5e-05
5e-05
5e-05
5e-05
5e-05
5e-05
5e-05
5e-05
5e-05
5e-05
5e-05
5e-05
5e-05
5e-05
5e-05
5e-05
5e-05
5e-05
5e-05
5e-05
5e-05
5e-05
5e-05
5e-05
5e-05
5e-05
5e-05
5e-05
5e-05
5e-05
5e-05
5e-05
5e-05
5e-05
5e-05
5e-05
5e-05
5e-05
5e-05
5e-05
5e-05
5e-05
5e-05
5e-05
5e-05
5e-05
5e-05
5e-05
5e-05
5e-05
5e-05
5e-05
5e-05
5e-05
5e-05
5e-05
5e-05
5e-05
5e-05
5e-05
5e-05
5e-05
5e-05
5e-05
5e-05
5e-05
5e-05
5e-05
5e-05
5e-05
5e-05
5e-05
5e-05
5e-05
5e-05
5e-05
5e-05
5e-05
5e-05
5e-05
5e-05
5e-05
5e-05
5e-05
5e-05
5e-05
5e-05
5e-05
5e-05
5e-05
5e-05
5e-05
5e-05
5e-05
5e-05
5e-05
5e-05
5e-05
5e-05
5e-05
5e-05
5e-05
5e-05
5e-05
5e-05
5e-05
5e-05
5e-05
5e-05
5e-05
5e-05
5e-05
5e-05
5e-05
5e-05
5e-05
5e-05
5e-05
5e-05
5e-05
5e-05
5e-05
5e-05
5e-05
5e-05
5e-05
5e-05
5e-05
5e-05
5e-05
5e-05
5e-05
5e-05
5e-05
5e-05
5e-05
5e-05
5e-05
5e-05
5e-05
5e-05
5e-05
5e-05
5e-05
5e-05
5e-05
5e-05
5e-05
5e-05
5e-05
5e-05
5e-05
5e-05
5e-05
5e-05
5e-05
5e-05
5e-05
5e-05
5e-05
5e-05
5e-05
5e-05
5e-05
5e-05
5e-05
5e-05
5e-05
5e-05
5e-05
5e-05
5e-05
5e-05
5e-05
5e-05
5e-05
5e-05
5e-05
5e-05
5e-05
5e-05
5e-05
5e-05
5e-05
5e-05
5e-05
5e-05
5e-05
5e-05
5e-05
5e-05
5e-05
5e-05
5e-05
5e-05
5e-05
5e-05
5e-05
5e-05
5e-05
5e-05
5e-05
5e-05
5e-05
5e-05
5e-05
5e-05
5e-05
5e-05
5e-05
5e-05
5e-05
5e-05
5e-05
5e-05
5e-05
5e-05
5e-05
5e-05
5e-05
5e-05
5e-05
5e-05
5e-05
5e-05
5e-05
5e-05
5e-05
5e-05
5e-05
5e-05
5e-05
5e-05
5e-05
5e-05
5e-05
5e-05
5e-05
5e-05
5e-05
5e-05
5e-05
5e-05
5e-05
5e-05
5e-05
5e-05
5e-05
5e-05
5e-05
5e-05
5e-05
5e-05
5e-05
5e-05
5e-05
5e-05
5e-05
5e-05
5e-05
5e-05
5e-05
5e-05
5e-05
5e-05
5e-05
5e-05
5e-05
5e-05
5e-05
5e-05
5e-05
5e-05
5.00001e-05
5.00001e-05
5.00001e-05
5.00001e-05
5.00001e-05
5.00001e-05
5.00001e-05
5.00001e-05
5.00001e-05
5.00001e-05
5.00001e-05
5.00002e-05
5.00002e-05
5.00002e-05
5.00002e-05
5.00002e-05
5.00002e-05
5.00002e-05
5.00003e-05
5.00003e-05
5.00003e-05
5.00003e-05
5.00004e-05
5.00004e-05
5.00004e-05
5.00004e-05
5.00005e-05
5.00005e-05
5.00005e-05
5.00006e-05
5.00006e-05
5.00006e-05
5.00007e-05
5.00007e-05
5.00007e-05
5.00008e-05
5.00008e-05
5.00009e-05
5.00009e-05
5.0001e-05
5.0001e-05
5.00011e-05
5.00011e-05
5.00012e-05
5.00012e-05
5.00013e-05
5.00014e-05
5.00014e-05
5.00015e-05
5.00016e-05
5.00017e-05
5.00017e-05
5.00018e-05
5.00019e-05
5.0002e-05
5.00021e-05
5.00021e-05
5.00022e-05
5.00023e-05
5.00024e-05
5.00025e-05
5.00026e-05
5.00027e-05
5.00029e-05
5.0003e-05
5.00031e-05
5.00032e-05
5.00033e-05
5.00034e-05
5.00036e-05
5.00037e-05
5.00038e-05
5.0004e-05
5.00041e-05
5.00043e-05
5.00044e-05
5.00046e-05
5.00047e-05
5.00049e-05
5.0005e-05
5.00052e-05
5.00054e-05
5.00056e-05
5.00057e-05
5.00059e-05
5.00061e-05
5.00063e-05
5.00065e-05
5.00067e-05
5.00069e-05
5.00071e-05
5.00073e-05
5.00075e-05
5.00077e-05
5.00079e-05
5.00082e-05
5.00084e-05
5.00086e-05
5.00089e-05
5.00091e-05
5.00094e-05
5.00096e-05
5.00099e-05
5.00101e-05
5.00104e-05
5.00107e-05
5.00109e-05
5.00112e-05
5.00115e-05
5.00118e-05
5.00121e-05
5.00124e-05
5.00127e-05
5.0013e-05
5.00133e-05
5.00136e-05
5.00139e-05
5.00143e-05
5.00146e-05
5.00149e-05
5.00153e-05
5.00156e-05
5.0016e-05
5.00163e-05
5.00167e-05
5.0017e-05
5.00174e-05
5.00178e-05
5.00182e-05
5.00185e-05
5.00189e-05
5.00193e-05
5.00197e-05
5.00201e-05
5.00205e-05
5.0021e-05
5.00214e-05
5.00218e-05
5.00222e-05
5.00227e-05
5.00231e-05
5.00236e-05
5.0024e-05
5.00245e-05
5.00249e-05
5.00254e-05
5.00259e-05
5.00264e-05
5.00268e-05
5.00273e-05
5.00278e-05
5.00283e-05
5.00288e-05
5.00294e-05
5.00299e-05
5.00304e-05
5.00309e-05
5.00315e-05
5.0032e-05
5.00325e-05
5.00331e-05
5.00337e-05
5.00342e-05
5.00348e-05
5.00354e-05
5.00359e-05
5.00365e-05
5.00371e-05
5.00377e-05
5.00383e-05
5.00389e-05
5.00395e-05
5.00402e-05
5.00408e-05
5.00414e-05
5.00421e-05
5.00427e-05
5.00434e-05
5.0044e-05
5.00447e-05
5.00453e-05
5.0046e-05
5.00467e-05
5.00474e-05
5.00481e-05
5.00488e-05
5.00495e-05
5.00502e-05
5.00509e-05
5.00516e-05
5.00523e-05
5.00531e-05
5.00538e-05
5.00546e-05
5.00553e-05
5.00561e-05
5.00568e-05
5.00576e-05
5.00584e-05
5.00592e-05
5.00599e-05
5.00607e-05
5.00615e-05
5.00623e-05
5.00632e-05
5.0064e-05
5.00648e-05
5.00656e-05
5.00665e-05
5.00673e-05
5.00682e-05
5.0069e-05
5.00699e-05
5.00707e-05
5.00716e-05
5.00725e-05
5.00734e-05
5.00743e-05
5.00752e-05
5.00761e-05
5.0077e-05
5.00779e-05
5.00788e-05
5.00798e-05
5.00807e-05
5.00816e-05
5.00826e-05
5.00835e-05
5.00845e-05
5.00855e-05
5.00864e-05
5.00874e-05
5.00884e-05
5.00894e-05
5.00904e-05
5.00914e-05
5.00924e-05
5.00934e-05
5.00944e-05
5.00955e-05
5.00965e-05
5.00975e-05
5.00986e-05
5.00996e-05
5.01007e-05
5.01018e-05
5.01028e-05
5.01039e-05
5.0105e-05
5.01061e-05
5.01072e-05
5.01083e-05
5.01094e-05
5.01105e-05
5.01117e-05
5.01128e-05
5.01139e-05
5.01151e-05
5.01162e-05
5.01174e-05
5.01185e-05
5.01197e-05
5.01209e-05
5.0122e-05
5.01232e-05
5.01244e-05
5.01256e-05
5.01268e-05
5.0128e-05
5.01293e-05
5.01305e-05
5.01317e-05
5.0133e-05
5.01342e-05
5.01354e-05
5.01367e-05
5.0138e-05
5.01392e-05
5.01405e-05
5.01418e-05
5.01431e-05
5.01444e-05
5.01457e-05
5.0147e-05
5.01483e-05
5.01496e-05
5.01509e-05
5.01523e-05
5.01536e-05
5.01549e-05
5.01563e-05
5.01576e-05
5.0159e-05
5.01604e-05
5.01617e-05
5.01631e-05
5.01645e-05
5.01659e-05
5.01673e-05
5.01687e-05
5.01701e-05
5.01715e-05
5.0173e-05
5.01744e-05
5.01758e-05
5.01773e-05
5.01787e-05
5.01802e-05
5.01816e-05
5.01831e-05
5.01846e-05
5.01861e-05
5.01875e-05
5.0189e-05
5.01905e-05
5.0192e-05
5.01935e-05
5.01951e-05
5.01966e-05
5.01981e-05
5.01996e-05
5.02012e-05
5.02027e-05
5.02043e-05
5.02058e-05
5.02074e-05
5.0209e-05
5.02106e-05
5.02121e-05
5.02137e-05
5.02153e-05
5.02169e-05
5.02185e-05
5.02202e-05
5.02218e-05
5.02234e-05
5.0225e-05
5.02267e-05
5.02283e-05
5.023e-05
5.02316e-05
5.02333e-05
5.0235e-05
5.02366e-05
5.02383e-05
5.024e-05
5.02417e-05
5.02434e-05
5.02451e-05
5.02468e-05
5.02485e-05
5.02502e-05
5.0252e-05
5.02537e-05
5.02554e-05
5.02572e-05
5.02589e-05
5.02607e-05
5.02625e-05
5.02642e-05
5.0266e-05
5.02678e-05
5.02696e-05
5.02714e-05
5.02732e-05
5.0275e-05
5.02768e-05
5.02786e-05
5.02804e-05
5.02822e-05
5.02841e-05
5.02859e-05
5.02878e-05
5.02896e-05
5.02915e-05
5.02933e-05
5.02952e-05
5.02971e-05
5.0299e-05
5.03008e-05
5.03027e-05
5.03046e-05
5.03065e-05
5.03084e-05
5.03104e-05
5.03123e-05
5.03142e-05
5.03161e-05
5.03181e-05
5.032e-05
5.0322e-05
5.03239e-05
5.03259e-05
5.03278e-05
5.03298e-05
5.03318e-05
5.03338e-05
5.03358e-05
5.03377e-05
5.03397e-05
5.03417e-05
5.03438e-05
5.03458e-05
5.03478e-05
5.03498e-05
5.03519e-05
5.03539e-05
5.03559e-05
5.0358e-05
5.036e-05
5.03621e-05
5.03642e-05
5.03662e-05
5.03683e-05
5.03704e-05
5.03725e-05
5.03746e-05
5.03767e-05
5.03788e-05
5.03809e-05
5.0383e-05
5.03851e-05
5.03872e-05
5.03894e-05
5.03915e-05
5.03936e-05
5.03958e-05
5.03979e-05
5.04001e-05
5.04023e-05
5.04044e-05
5.04066e-05
5.04088e-05
5.0411e-05
5.04131e-05
5.04153e-05
5.04175e-05
5.04197e-05
5.04219e-05
5.04242e-05
5.04264e-05
5.04286e-05
5.04308e-05
5.04331e-05
5.04353e-05
5.04376e-05
5.04398e-05
5.04421e-05
5.04443e-05
5.04466e-05
5.04489e-05
5.04511e-05
5.04534e-05
5.04557e-05
5.0458e-05
5.04603e-05
5.04626e-05
5.04649e-05
5.04672e-05
5.04695e-05
5.04718e-05
5.04742e-05
5.04765e-05
5.04788e-05
5.04812e-05
5.04835e-05
5.04859e-05
5.04882e-05
5.04906e-05
5.0493e-05
5.04953e-05
5.04977e-05
5.05001e-05
5.05025e-05
5.05049e-05
5.05073e-05
5.05097e-05
5.05121e-05
5.05145e-05
5.05169e-05
5.05193e-05
5.05217e-05
5.05242e-05
5.05266e-05
5.0529e-05
5.05315e-05
5.05339e-05
5.05364e-05
5.05388e-05
5.05413e-05
5.05438e-05
5.05462e-05
5.05487e-05
5.05512e-05
5.05537e-05
5.05562e-05
5.05587e-05
5.05612e-05
5.05637e-05
5.05662e-05
5.05687e-05
5.05712e-05
5.05737e-05
5.05763e-05
5.05788e-05
5.05813e-05
5.05839e-05
5.05864e-05
5.0589e-05
5.05915e-05
5.05941e-05
5.05966e-05
5.05992e-05
5.06018e-05
5.06044e-05
5.06069e-05
5.06095e-05
5.06121e-05
5.06147e-05
5.06173e-05
5.06199e-05
5.06225e-05
5.06251e-05
5.06278e-05
5.06304e-05
5.0633e-05
5.06356e-05
5.06383e-05
5.06409e-05
5.06435e-05
5.06462e-05
5.06488e-05
5.06515e-05
5.06542e-05
5.06568e-05
5.06595e-05
5.06622e-05
5.06648e-05
5.06675e-05
5.06702e-05
5.06729e-05
5.06756e-05
5.06783e-05
5.0681e-05
5.06837e-05
5.06864e-05
5.06891e-05
5.06918e-05
5.06946e-05
5.06973e-05
5.07e-05
5.07027e-05
5.07055e-05
5.07082e-05
5.0711e-05
5.07137e-05
5.07165e-05
5.07192e-05
5.0722e-05
5.07248e-05
5.07275e-05
5.07303e-05
5.07331e-05
5.07359e-05
5.07387e-05
5.07415e-05
5.07442e-05
5.0747e-05
5.07498e-05
5.07527e-05
5.07555e-05
5.07583e-05
5.07611e-05
5.07639e-05
5.07667e-05
5.07696e-05
5.07724e-05
5.07752e-05
5.07781e-05
5.07809e-05
5.07838e-05
5.07866e-05
5.07895e-05
5.07923e-05
5.07952e-05
5.07981e-05
5.08009e-05
5.08038e-05
5.08067e-05
5.08096e-05
5.08125e-05
5.08154e-05
5.08182e-05
5.08211e-05
5.0824e-05
5.08269e-05
5.08299e-05
5.08328e-05
5.08357e-05
5.08386e-05
5.08415e-05
5.08444e-05
5.08474e-05
5.08503e-05
5.08532e-05
5.08562e-05
5.08591e-05
5.08621e-05
5.0865e-05
5.0868e-05
5.08709e-05
5.08739e-05
5.08769e-05
5.08798e-05
5.08828e-05
5.08858e-05
5.08887e-05
5.08917e-05
5.08947e-05
5.08977e-05
5.09007e-05
5.09037e-05
5.09067e-05
5.09097e-05
5.09127e-05
5.09157e-05
5.09187e-05
5.09217e-05
5.09247e-05
5.09278e-05
5.09308e-05
5.09338e-05
5.09368e-05
5.09399e-05
5.09429e-05
5.0946e-05
5.0949e-05
5.0952e-05
5.09551e-05
5.09581e-05
5.09612e-05
5.09643e-05
5.09673e-05
5.09704e-05
5.09735e-05
5.09765e-05
5.09796e-05
5.09827e-05
5.09858e-05
5.09889e-05
5.09919e-05
5.0995e-05
5.09981e-05
5.10012e-05
5.10043e-05
5.10074e-05
5.10105e-05
5.10136e-05
5.10167e-05
5.10199e-05
5.1023e-05
5.10261e-05
5.10292e-05
5.10324e-05
5.10355e-05
5.10386e-05
5.10417e-05
5.10449e-05
5.1048e-05
5.10512e-05
5.10543e-05
5.10575e-05
5.10606e-05
5.10638e-05
5.10669e-05
5.10701e-05
5.10733e-05
5.10764e-05
5.10796e-05
5.10828e-05
5.10859e-05
5.10891e-05
5.10923e-05
5.10955e-05
5.10987e-05
5.11019e-05
5.11051e-05
5.11083e-05
5.11114e-05
5.11146e-05
5.11179e-05
5.11211e-05
5.11243e-05
5.11275e-05
5.11307e-05
5.11339e-05
5.11371e-05
5.11403e-05
5.11436e-05
5.11468e-05
5.115e-05
5.11533e-05
5.11565e-05
5.11597e-05
5.1163e-05
5.11662e-05
5.11695e-05
5.11727e-05
5.11759e-05
5.11792e-05
5.11825e-05
5.11857e-05
5.1189e-05
5.11922e-05
5.11955e-05
5.11988e-05
5.1202e-05
5.12053e-05
5.12086e-05
5.12119e-05
5.12151e-05
5.12184e-05
5.12217e-05
5.1225e-05
5.12283e-05
5.12316e-05
5.12349e-05
5.12382e-05
5.12415e-05
5.12448e-05
5.12481e-05
5.12514e-05
5.12547e-05
5.1258e-05
5.12613e-05
5.12646e-05
5.12679e-05
5.12712e-05
5.12746e-05
5.12779e-05
5.12812e-05
5.12845e-05
5.12879e-05
5.12912e-05
5.12945e-05
5.12979e-05
5.13012e-05
5.13045e-05
5.13079e-05
5.13112e-05
5.13146e-05
5.13179e-05
5.13213e-05
5.13246e-05
5.1328e-05
5.13314e-05
5.13347e-05
5.13381e-05
5.13414e-05
5.13448e-05
5.13482e-05
5.13515e-05
5.13549e-05
5.13583e-05
5.13617e-05
5.1365e-05
5.13684e-05
5.13718e-05
5.13752e-05
5.13786e-05
5.1382e-05
5.13854e-05
5.13888e-05
5.13921e-05
5.13955e-05
5.13989e-05
5.14023e-05
5.14057e-05
5.14091e-05
5.14126e-05
5.1416e-05
5.14194e-05
5.14228e-05
5.14262e-05
5.14296e-05
5.1433e-05
5.14364e-05
5.14399e-05
5.14433e-05
5.14467e-05
5.14501e-05
5.14536e-05
5.1457e-05
5.14604e-05
5.14639e-05
5.14673e-05
5.14707e-05
5.14742e-05
5.14776e-05
5.14811e-05
5.14845e-05
5.14879e-05
5.14914e-05
5.14948e-05
5.14983e-05
5.15017e-05
5.15052e-05
5.15087e-05
5.15121e-05
5.15156e-05
5.1519e-05
5.15225e-05
5.1526e-05
5.15294e-05
5.15329e-05
5.15364e-05
5.15398e-05
5.15433e-05
5.15468e-05
5.15503e-05
5.15537e-05
5.15572e-05
5.15607e-05
5.15642e-05
5.15677e-05
5.15711e-05
5.15746e-05
5.15781e-05
5.15816e-05
5.15851e-05
5.15886e-05
5.15921e-05
5.15956e-05
5.15991e-05
5.16026e-05
5.16061e-05
5.16096e-05
5.16131e-05
5.16166e-05
5.16201e-05
5.16236e-05
5.16271e-05
5.16306e-05
5.16341e-05
5.16376e-05
5.16411e-05
5.16447e-05
5.16482e-05
5.16517e-05
5.16552e-05
5.16587e-05
5.16623e-05
5.16658e-05
5.16693e-05
5.16728e-05
5.16764e-05
5.16799e-05
5.16834e-05
5.1687e-05
5.16905e-05
5.1694e-05
5.16976e-05
5.17011e-05
5.17046e-05
5.17082e-05
5.17117e-05
5.17152e-05
5.17188e-05
5.17223e-05
5.17259e-05
5.17294e-05
5.1733e-05
5.17365e-05
5.17401e-05
5.17436e-05
5.17472e-05
5.17507e-05
5.17543e-05
5.17578e-05
5.17614e-05
5.17649e-05
5.17685e-05
5.17721e-05
5.17756e-05
5.17792e-05
5.17828e-05
5.17863e-05
5.17899e-05
5.17935e-05
5.1797e-05
5.18006e-05
5.18042e-05
5.18077e-05
5.18113e-05
5.18149e-05
5.18184e-05
5.1822e-05
5.18256e-05
5.18292e-05
5.18328e-05
5.18363e-05
5.18399e-05
5.18435e-05
5.18471e-05
5.18507e-05
5.18542e-05
5.18578e-05
5.18614e-05
5.1865e-05
5.18686e-05
5.18722e-05
5.18758e-05
5.18794e-05
5.18829e-05
5.18865e-05
5.18901e-05
5.18937e-05
5.18973e-05
5.19009e-05
5.19045e-05
5.19081e-05
5.19117e-05
5.19153e-05
5.19189e-05
5.19225e-05
5.19261e-05
5.19297e-05
5.19333e-05
5.19369e-05
5.19405e-05
5.19441e-05
5.19477e-05
5.19513e-05
5.19549e-05
5.19586e-05
5.19622e-05
5.19658e-05
5.19694e-05
5.1973e-05
5.19766e-05
5.19802e-05
5.19838e-05
5.19875e-05
5.19911e-05
5.19947e-05
5.19983e-05
5.20019e-05
5.20055e-05
5.20092e-05
5.20128e-05
5.20164e-05
5.202e-05
5.20236e-05
5.20273e-05
5.20309e-05
5.20345e-05
5.20381e-05
5.20418e-05
5.20454e-05
5.2049e-05
5.20526e-05
5.20563e-05
5.20599e-05
5.20635e-05
5.20672e-05
5.20708e-05
5.20744e-05
5.2078e-05
5.20817e-05
5.20853e-05
5.20889e-05
5.20926e-05
5.20962e-05
5.20998e-05
5.21035e-05
5.21071e-05
5.21107e-05
5.21144e-05
5.2118e-05
5.21217e-05
5.21253e-05
5.21289e-05
5.21326e-05
5.21362e-05
5.21398e-05
5.21435e-05
5.21471e-05
5.21508e-05
5.21544e-05
5.21581e-05
5.21617e-05
5.21653e-05
5.2169e-05
5.21726e-05
5.21763e-05
5.21799e-05
5.21836e-05
5.21872e-05
5.21908e-05
5.21945e-05
5.21981e-05
5.22018e-05
5.22054e-05
5.22091e-05
5.22127e-05
5.22164e-05
5.222e-05
5.22237e-05
5.22273e-05
5.2231e-05
5.22346e-05
5.22383e-05
5.22419e-05
5.22456e-05
5.22492e-05
5.22529e-05
5.22565e-05
5.22602e-05
5.22638e-05
5.22675e-05
5.22711e-05
5.22748e-05
5.22785e-05
5.22821e-05
5.22858e-05
5.22894e-05
5.22931e-05
5.22967e-05
5.23004e-05
5.2304e-05
5.23077e-05
5.23113e-05
5.2315e-05
5.23187e-05
5.23223e-05
5.2326e-05
5.23296e-05
5.23333e-05
5.23369e-05
5.23406e-05
5.23443e-05
5.23479e-05
5.23516e-05
5.23552e-05
5.23589e-05
5.23625e-05
5.23662e-05
5.23699e-05
5.23735e-05
5.23772e-05
5.23808e-05
5.23845e-05
5.23882e-05
5.23918e-05
5.23955e-05
5.23991e-05
5.24028e-05
5.24065e-05
5.24101e-05
5.24138e-05
5.24174e-05
5.24211e-05
5.24248e-05
5.24284e-05
5.24321e-05
5.24357e-05
5.24394e-05
5.24431e-05
5.24467e-05
5.24504e-05
5.2454e-05
5.24577e-05
5.24614e-05
5.2465e-05
5.24687e-05
5.24723e-05
5.2476e-05
5.24797e-05
5.24833e-05
5.2487e-05
5.24906e-05
5.24943e-05
5.2498e-05
5.25016e-05
5.25053e-05
5.25089e-05
5.25126e-05
5.25163e-05
5.25199e-05
5.25236e-05
5.25272e-05
5.25309e-05
5.25346e-05
5.25382e-05
5.25419e-05
5.25455e-05
5.25492e-05
5.25529e-05
5.25565e-05
5.25602e-05
5.25638e-05
5.25675e-05
5.25712e-05
5.25748e-05
5.25785e-05
5.25821e-05
5.25858e-05
5.25894e-05
5.25931e-05
5.25968e-05
5.26004e-05
5.26041e-05
5.26077e-05
5.26114e-05
5.2615e-05
5.26187e-05
5.26224e-05
5.2626e-05
5.26297e-05
5.26333e-05
5.2637e-05
5.26406e-05
5.26443e-05
5.2648e-05
5.26516e-05
5.26553e-05
5.26589e-05
5.26626e-05
5.26662e-05
5.26699e-05
5.26735e-05
5.26772e-05
5.26808e-05
5.26845e-05
5.26881e-05
5.26918e-05
5.26954e-05
5.26991e-05
5.27028e-05
5.27064e-05
5.27101e-05
5.27137e-05
5.27174e-05
5.2721e-05
5.27247e-05
5.27283e-05
5.2732e-05
5.27356e-05
5.27393e-05
5.27429e-05
5.27465e-05
5.27502e-05
5.27538e-05
5.27575e-05
5.27611e-05
5.27648e-05
5.27684e-05
5.27721e-05
5.27757e-05
5.27794e-05
5.2783e-05
5.27867e-05
5.27903e-05
5.27939e-05
5.27976e-05
5.28012e-05
5.28049e-05
5.28085e-05
5.28122e-05
5.28158e-05
5.28194e-05
5.28231e-05
5.28267e-05
5.28304e-05
5.2834e-05
5.28376e-05
5.28413e-05
5.28449e-05
5.28486e-05
5.28522e-05
5.28558e-05
5.28595e-05
5.28631e-05
5.28667e-05
5.28704e-05
5.2874e-05
5.28776e-05
5.28813e-05
5.28849e-05
5.28885e-05
5.28922e-05
5.28958e-05
5.28994e-05
5.29031e-05
5.29067e-05
5.29103e-05
5.2914e-05
5.29176e-05
5.29212e-05
5.29248e-05
5.29285e-05
5.29321e-05
5.29357e-05
5.29393e-05
5.2943e-05
5.29466e-05
5.29502e-05
5.29538e-05
5.29575e-05
5.29611e-05
5.29647e-05
5.29683e-05
5.2972e-05
5.29756e-05
5.29792e-05
5.29828e-05
5.29864e-05
5.29901e-05
5.29937e-05
5.29973e-05
5.30009e-05
5.30045e-05
5.30081e-05
5.30118e-05
5.30154e-05
5.3019e-05
5.30226e-05
5.30262e-05
5.30298e-05
5.30334e-05
5.3037e-05
5.30407e-05
5.30443e-05
5.30479e-05
5.30515e-05
5.30551e-05
5.30587e-05
5.30623e-05
5.30659e-05
5.30695e-05
5.30731e-05
5.30767e-05
5.30803e-05
5.30839e-05
5.30875e-05
5.30911e-05
5.30947e-05
5.30983e-05
5.31019e-05
5.31055e-05
5.31091e-05
5.31127e-05
5.31163e-05
5.31199e-05
5.31235e-05
5.31271e-05
5.31307e-05
5.31343e-05
5.31379e-05
5.31415e-05
5.31451e-05
5.31487e-05
5.31523e-05
5.31558e-05
5.31594e-05
5.3163e-05
5.31666e-05
5.31702e-05
5.31738e-05
5.31774e-05
5.31809e-05
5.31845e-05
5.31881e-05
5.31917e-05
5.31953e-05
5.31989e-05
5.32024e-05
5.3206e-05
5.32096e-05
5.32132e-05
5.32167e-05
5.32203e-05
5.32239e-05
5.32275e-05
5.3231e-05
5.32346e-05
5.32382e-05
5.32418e-05
5.32453e-05
5.32489e-05
5.32525e-05
5.3256e-05
5.32596e-05
5.32632e-05
5.32667e-05
5.32703e-05
5.32739e-05
5.32774e-05
5.3281e-05
5.32846e-05
5.32881e-05
5.32917e-05
5.32952e-05
5.32988e-05
5.33024e-05
5.33059e-05
5.33095e-05
5.3313e-05
5.33166e-05
5.33201e-05
5.33237e-05
5.33272e-05
5.33308e-05
5.33343e-05
5.33379e-05
5.33414e-05
5.3345e-05
5.33485e-05
5.33521e-05
5.33556e-05
5.33592e-05
5.33627e-05
5.33663e-05
5.33698e-05
5.33733e-05
5.33769e-05
5.33804e-05
5.3384e-05
5.33875e-05
5.3391e-05
5.33946e-05
5.33981e-05
5.34016e-05
5.34052e-05
5.34087e-05
5.34122e-05
5.34158e-05
5.34193e-05
5.34228e-05
5.34264e-05
5.34299e-05
5.34334e-05
5.34369e-05
5.34405e-05
5.3444e-05
5.34475e-05
5.3451e-05
5.34546e-05
5.34581e-05
5.34616e-05
5.34651e-05
5.34686e-05
5.34721e-05
5.34757e-05
5.34792e-05
5.34827e-05
5.34862e-05
5.34897e-05
5.34932e-05
5.34967e-05
5.35002e-05
5.35037e-05
5.35073e-05
5.35108e-05
5.35143e-05
5.35178e-05
5.35213e-05
5.35248e-05
5.35283e-05
5.35318e-05
5.35353e-05
5.35388e-05
5.35423e-05
5.35458e-05
5.35493e-05
5.35528e-05
5.35562e-05
5.35597e-05
5.35632e-05
5.35667e-05
5.35702e-05
5.35737e-05
5.35772e-05
5.35807e-05
5.35842e-05
5.35876e-05
5.35911e-05
5.35946e-05
5.35981e-05
5.36016e-05
5.3605e-05
5.36085e-05
5.3612e-05
5.36155e-05
5.36189e-05
5.36224e-05
5.36259e-05
5.36294e-05
5.36328e-05
5.36363e-05
5.36398e-05
5.36432e-05
5.36467e-05
5.36502e-05
5.36536e-05
5.36571e-05
5.36606e-05
5.3664e-05
5.36675e-05
5.36709e-05
5.36744e-05
5.36779e-05
5.36813e-05
5.36848e-05
5.36882e-05
5.36917e-05
5.36951e-05
5.36986e-05
5.3702e-05
5.37055e-05
5.37089e-05
5.37124e-05
5.37158e-05
5.37193e-05
5.37227e-05
5.37262e-05
5.37296e-05
5.3733e-05
5.37365e-05
5.37399e-05
5.37433e-05
5.37468e-05
5.37502e-05
5.37537e-05
5.37571e-05
5.37605e-05
5.37639e-05
5.37674e-05
5.37708e-05
5.37742e-05
5.37777e-05
5.37811e-05
5.37845e-05
5.37879e-05
5.37914e-05
5.37948e-05
5.37982e-05
5.38016e-05
5.3805e-05
5.38084e-05
5.38119e-05
5.38153e-05
5.38187e-05
5.38221e-05
5.38255e-05
5.38289e-05
5.38323e-05
5.38357e-05
5.38391e-05
5.38425e-05
5.38459e-05
5.38493e-05
5.38527e-05
5.38561e-05
5.38595e-05
5.38629e-05
5.38663e-05
5.38697e-05
5.38731e-05
5.38765e-05
5.38799e-05
5.38833e-05
5.38867e-05
5.38901e-05
5.38935e-05
5.38969e-05
5.39002e-05
5.39036e-05
5.3907e-05
5.39104e-05
5.39138e-05
5.39171e-05
5.39205e-05
5.39239e-05
5.39273e-05
5.39307e-05
5.3934e-05
5.39374e-05
5.39408e-05
5.39441e-05
5.39475e-05
5.39509e-05
5.39542e-05
5.39576e-05
5.3961e-05
5.39643e-05
5.39677e-05
5.39711e-05
5.39744e-05
5.39778e-05
5.39811e-05
5.39845e-05
5.39878e-05
5.39912e-05
5.39945e-05
5.39979e-05
5.40012e-05
5.40046e-05
5.40079e-05
5.40113e-05
5.40146e-05
5.4018e-05
5.40213e-05
5.40246e-05
5.4028e-05
5.40313e-05
5.40347e-05
5.4038e-05
5.40413e-05
5.40447e-05
5.4048e-05
5.40513e-05
5.40547e-05
5.4058e-05
5.40613e-05
5.40646e-05
5.4068e-05
5.40713e-05
5.40746e-05
5.40779e-05
5.40813e-05
5.40846e-05
5.40879e-05
5.40912e-05
5.40945e-05
5.40978e-05
5.41011e-05
5.41045e-05
5.41078e-05
5.41111e-05
5.41144e-05
5.41177e-05
5.4121e-05
5.41243e-05
5.41276e-05
5.41309e-05
5.41342e-05
5.41375e-05
5.41408e-05
5.41441e-05
5.41474e-05
5.41507e-05
5.4154e-05
5.41573e-05
5.41606e-05
5.41638e-05
5.41671e-05
5.41704e-05
5.41737e-05
5.4177e-05
5.41803e-05
5.41835e-05
5.41868e-05
5.41901e-05
5.41934e-05
5.41967e-05
5.41999e-05
5.42032e-05
5.42065e-05
5.42097e-05
5.4213e-05
5.42163e-05
5.42196e-05
5.42228e-05
5.42261e-05
5.42293e-05
5.42326e-05
5.42359e-05
5.42391e-05
5.42424e-05
5.42456e-05
5.42489e-05
5.42521e-05
5.42554e-05
5.42586e-05
5.42619e-05
5.42651e-05
5.42684e-05
5.42716e-05
5.42749e-05
5.42781e-05
5.42814e-05
5.42846e-05
5.42879e-05
5.42911e-05
5.42943e-05
5.42976e-05
5.43008e-05
5.4304e-05
5.43073e-05
5.43105e-05
5.43137e-05
5.43169e-05
5.43202e-05
5.43234e-05
5.43266e-05
5.43298e-05
5.43331e-05
5.43363e-05
5.43395e-05
5.43427e-05
5.43459e-05
5.43491e-05
5.43524e-05
5.43556e-05
5.43588e-05
5.4362e-05
5.43652e-05
5.43684e-05
5.43716e-05
5.43748e-05
5.4378e-05
5.43812e-05
5.43844e-05
5.43876e-05
5.43908e-05
5.4394e-05
5.43972e-05
5.44004e-05
5.44036e-05
5.44068e-05
5.441e-05
5.44132e-05
5.44163e-05
5.44195e-05
5.44227e-05
5.44259e-05
5.44291e-05
5.44322e-05
5.44354e-05
5.44386e-05
5.44418e-05
5.4445e-05
5.44481e-05
5.44513e-05
5.44545e-05
5.44576e-05
5.44608e-05
5.4464e-05
5.44671e-05
5.44703e-05
5.44735e-05
5.44766e-05
5.44798e-05
5.44829e-05
5.44861e-05
5.44892e-05
5.44924e-05
5.44955e-05
5.44987e-05
5.45018e-05
5.4505e-05
5.45081e-05
5.45113e-05
5.45144e-05
5.45176e-05
5.45207e-05
5.45239e-05
5.4527e-05
5.45301e-05
5.45333e-05
5.45364e-05
5.45395e-05
5.45427e-05
5.45458e-05
5.45489e-05
5.45521e-05
5.45552e-05
5.45583e-05
5.45614e-05
5.45645e-05
5.45677e-05
5.45708e-05
5.45739e-05
5.4577e-05
5.45801e-05
5.45833e-05
5.45864e-05
5.45895e-05
5.45926e-05
5.45957e-05
5.45988e-05
5.46019e-05
5.4605e-05
5.46081e-05
5.46112e-05
5.46143e-05
5.46174e-05
5.46205e-05
5.46236e-05
5.46267e-05
5.46298e-05
5.46329e-05
5.4636e-05
5.46391e-05
5.46421e-05
5.46452e-05
5.46483e-05
5.46514e-05
5.46545e-05
5.46576e-05
5.46606e-05
5.46637e-05
5.46668e-05
5.46699e-05
5.46729e-05
5.4676e-05
5.46791e-05
5.46821e-05
5.46852e-05
5.46883e-05
5.46913e-05
5.46944e-05
5.46975e-05
5.47005e-05
5.47036e-05
5.47066e-05
5.47097e-05
5.47128e-05
5.47158e-05
5.47189e-05
5.47219e-05
5.4725e-05
5.4728e-05
5.47311e-05
5.47341e-05
5.47371e-05
5.47402e-05
5.47432e-05
5.47463e-05
5.47493e-05
5.47523e-05
5.47554e-05
5.47584e-05
5.47614e-05
5.47645e-05
5.47675e-05
5.47705e-05
5.47736e-05
5.47766e-05
5.47796e-05
5.47826e-05
5.47857e-05
5.47887e-05
5.47917e-05
5.47947e-05
5.47977e-05
5.48007e-05
5.48037e-05
5.48068e-05
5.48098e-05
5.48128e-05
5.48158e-05
5.48188e-05
5.48218e-05
5.48248e-05
5.48278e-05
5.48308e-05
5.48338e-05
5.48368e-05
5.48398e-05
5.48428e-05
5.48458e-05
5.48488e-05
5.48517e-05
5.48547e-05
5.48577e-05
5.48607e-05
5.48637e-05
5.48667e-05
5.48697e-05
5.48726e-05
5.48756e-05
5.48786e-05
5.48816e-05
5.48845e-05
5.48875e-05
5.48905e-05
5.48935e-05
5.48964e-05
5.48994e-05
5.49024e-05
5.49053e-05
5.49083e-05
5.49112e-05
5.49142e-05
5.49172e-05
5.49201e-05
5.49231e-05
5.4926e-05
5.4929e-05
5.49319e-05
5.49349e-05
5.49378e-05
5.49408e-05
5.49437e-05
5.49467e-05
5.49496e-05
5.49525e-05
5.49555e-05
5.49584e-05
5.49614e-05
5.49643e-05
5.49672e-05
5.49702e-05
5.49731e-05
5.4976e-05
5.49789e-05
5.49819e-05
5.49848e-05
5.49877e-05
5.49906e-05
5.49936e-05
5.49965e-05
5.49994e-05
5.50023e-05
5.50052e-05
5.50081e-05
5.5011e-05
5.5014e-05
5.50169e-05
5.50198e-05
5.50227e-05
5.50256e-05
5.50285e-05
5.50314e-05
5.50343e-05
5.50372e-05
5.50401e-05
5.5043e-05
5.50459e-05
5.50488e-05
5.50517e-05
5.50545e-05
5.50574e-05
5.50603e-05
5.50632e-05
5.50661e-05
5.5069e-05
5.50719e-05
5.50747e-05
5.50776e-05
5.50805e-05
5.50834e-05
5.50862e-05
5.50891e-05
5.5092e-05
5.50949e-05
5.50977e-05
5.51006e-05
5.51035e-05
5.51063e-05
5.51092e-05
5.5112e-05
5.51149e-05
5.51178e-05
5.51206e-05
5.51235e-05
5.51263e-05
5.51292e-05
5.5132e-05
5.51349e-05
5.51377e-05
5.51406e-05
5.51434e-05
5.51463e-05
5.51491e-05
5.51519e-05
5.51548e-05
5.51576e-05
5.51605e-05
5.51633e-05
5.51661e-05
5.5169e-05
5.51718e-05
5.51746e-05
5.51774e-05
5.51803e-05
5.51831e-05
5.51859e-05
5.51887e-05
5.51916e-05
5.51944e-05
5.51972e-05
5.52e-05
5.52028e-05
5.52056e-05
5.52085e-05
5.52113e-05
5.52141e-05
5.52169e-05
5.52197e-05
5.52225e-05
5.52253e-05
5.52281e-05
5.52309e-05
5.52337e-05
5.52365e-05
5.52393e-05
5.52421e-05
5.52449e-05
5.52477e-05
5.52505e-05
5.52532e-05
5.5256e-05
5.52588e-05
5.52616e-05
5.52644e-05
5.52672e-05
5.52699e-05
5.52727e-05
5.52755e-05
5.52783e-05
5.5281e-05
5.52838e-05
5.52866e-05
5.52894e-05
5.52921e-05
5.52949e-05
5.52977e-05
5.53004e-05
5.53032e-05
5.53059e-05
5.53087e-05
5.53115e-05
5.53142e-05
5.5317e-05
5.53197e-05
5.53225e-05
5.53252e-05
5.5328e-05
5.53307e-05
5.53335e-05
5.53362e-05
5.5339e-05
5.53417e-05
5.53444e-05
5.53472e-05
5.53499e-05
5.53526e-05
5.53554e-05
5.53581e-05
5.53608e-05
5.53636e-05
5.53663e-05
5.5369e-05
5.53718e-05
5.53745e-05
5.53772e-05
5.53799e-05
5.53826e-05
5.53854e-05
5.53881e-05
5.53908e-05
5.53935e-05
5.53962e-05
5.53989e-05
5.54016e-05
5.54044e-05
5.54071e-05
5.54098e-05
5.54125e-05
5.54152e-05
5.54179e-05
5.54206e-05
5.54233e-05
5.5426e-05
5.54287e-05
5.54314e-05
5.5434e-05
5.54367e-05
5.54394e-05
5.54421e-05
5.54448e-05
5.54475e-05
5.54502e-05
5.54528e-05
5.54555e-05
5.54582e-05
5.54609e-05
5.54636e-05
5.54662e-05
5.54689e-05
5.54716e-05
5.54743e-05
5.54769e-05
5.54796e-05
5.54823e-05
5.54849e-05
5.54876e-05
5.54902e-05
5.54929e-05
5.54956e-05
5.54982e-05
5.55009e-05
5.55035e-05
5.55062e-05
5.55088e-05
5.55115e-05
5.55141e-05
5.55168e-05
5.55194e-05
5.55221e-05
5.55247e-05
5.55274e-05
5.553e-05
5.55326e-05
5.55353e-05
5.55379e-05
5.55405e-05
5.55432e-05
5.55458e-05
5.55484e-05
5.55511e-05
5.55537e-05
5.55563e-05
5.55589e-05
5.55616e-05
5.55642e-05
5.55668e-05
5.55694e-05
5.5572e-05
5.55746e-05
5.55773e-05
5.55799e-05
5.55825e-05
5.55851e-05
5.55877e-05
5.55903e-05
5.55929e-05
5.55955e-05
5.55981e-05
5.56007e-05
5.56033e-05
5.56059e-05
5.56085e-05
5.56111e-05
5.56137e-05
5.56163e-05
5.56189e-05
5.56215e-05
5.56241e-05
5.56266e-05
5.56292e-05
5.56318e-05
5.56344e-05
5.5637e-05
5.56396e-05
5.56421e-05
5.56447e-05
5.56473e-05
5.56499e-05
5.56524e-05
5.5655e-05
5.56576e-05
5.56601e-05
5.56627e-05
5.56653e-05
5.56678e-05
5.56704e-05
5.56729e-05
5.56755e-05
5.56781e-05
5.56806e-05
5.56832e-05
5.56857e-05
5.56883e-05
5.56908e-05
5.56934e-05
5.56959e-05
5.56985e-05
5.5701e-05
5.57036e-05
5.57061e-05
5.57086e-05
5.57112e-05
5.57137e-05
5.57163e-05
5.57188e-05
5.57213e-05
5.57238e-05
5.57264e-05
5.57289e-05
5.57314e-05
5.5734e-05
5.57365e-05
5.5739e-05
5.57415e-05
5.5744e-05
5.57466e-05
5.57491e-05
5.57516e-05
5.57541e-05
5.57566e-05
5.57591e-05
5.57616e-05
5.57642e-05
5.57667e-05
5.57692e-05
5.57717e-05
5.57742e-05
5.57767e-05
5.57792e-05
5.57817e-05
5.57842e-05
5.57867e-05
5.57892e-05
5.57917e-05
5.57941e-05
5.57966e-05
5.57991e-05
5.58016e-05
5.58041e-05
5.58066e-05
5.58091e-05
5.58115e-05
5.5814e-05
5.58165e-05
5.5819e-05
5.58215e-05
5.58239e-05
5.58264e-05
5.58289e-05
5.58313e-05
5.58338e-05
5.58363e-05
5.58387e-05
5.58412e-05
5.58437e-05
5.58461e-05
5.58486e-05
5.58511e-05
5.58535e-05
5.5856e-05
5.58584e-05
5.58609e-05
5.58633e-05
5.58658e-05
5.58682e-05
5.58707e-05
5.58731e-05
5.58756e-05
5.5878e-05
5.58804e-05
5.58829e-05
5.58853e-05
5.58878e-05
5.58902e-05
5.58926e-05
5.58951e-05
5.58975e-05
5.58999e-05
5.59023e-05
5.59048e-05
5.59072e-05
5.59096e-05
5.59121e-05
5.59145e-05
5.59169e-05
5.59193e-05
5.59217e-05
5.59241e-05
5.59266e-05
5.5929e-05
5.59314e-05
5.59338e-05
5.59362e-05
5.59386e-05
5.5941e-05
5.59434e-05
5.59458e-05
5.59482e-05
5.59506e-05
5.5953e-05
5.59554e-05
5.59578e-05
5.59602e-05
5.59626e-05
5.5965e-05
5.59674e-05
5.59698e-05
5.59722e-05
5.59746e-05
5.59769e-05
5.59793e-05
5.59817e-05
5.59841e-05
5.59865e-05
5.59888e-05
5.59912e-05
5.59936e-05
5.5996e-05
5.59983e-05
5.60007e-05
5.60031e-05
5.60054e-05
5.60078e-05
5.60102e-05
5.60125e-05
5.60149e-05
5.60173e-05
5.60196e-05
5.6022e-05
5.60243e-05
5.60267e-05
5.6029e-05
5.60314e-05
5.60338e-05
5.60361e-05
5.60385e-05
5.60408e-05
5.60431e-05
5.60455e-05
5.60478e-05
5.60502e-05
5.60525e-05
5.60549e-05
5.60572e-05
5.60595e-05
5.60619e-05
5.60642e-05
5.60665e-05
5.60689e-05
5.60712e-05
5.60735e-05
5.60758e-05
5.60782e-05
5.60805e-05
5.60828e-05
5.60851e-05
5.60874e-05
5.60898e-05
5.60921e-05
5.60944e-05
5.60967e-05
5.6099e-05
5.61013e-05
5.61036e-05
5.6106e-05
5.61083e-05
5.61106e-05
5.61129e-05
5.61152e-05
5.61175e-05
5.61198e-05
5.61221e-05
5.61244e-05
5.61267e-05
5.6129e-05
5.61312e-05
5.61335e-05
5.61358e-05
5.61381e-05
5.61404e-05
5.61427e-05
5.6145e-05
5.61473e-05
5.61495e-05
5.61518e-05
5.61541e-05
5.61564e-05
5.61587e-05
5.61609e-05
5.61632e-05
5.61655e-05
5.61677e-05
5.617e-05
5.61723e-05
5.61746e-05
5.61768e-05
5.61791e-05
5.61813e-05
5.61836e-05
5.61859e-05
5.61881e-05
5.61904e-05
5.61926e-05
5.61949e-05
5.61971e-05
5.61994e-05
5.62016e-05
5.62039e-05
5.62061e-05
5.62084e-05
5.62106e-05
5.62129e-05
5.62151e-05
5.62174e-05
5.62196e-05
5.62218e-05
5.62241e-05
5.62263e-05
5.62285e-05
5.62308e-05
5.6233e-05
5.62352e-05
5.62375e-05
5.62397e-05
5.62419e-05
5.62441e-05
5.62464e-05
5.62486e-05
5.62508e-05
5.6253e-05
5.62552e-05
5.62575e-05
5.62597e-05
5.62619e-05
5.62641e-05
5.62663e-05
5.62685e-05
5.62707e-05
5.62729e-05
5.62751e-05
5.62773e-05
5.62796e-05
5.62818e-05
5.6284e-05
5.62862e-05
5.62883e-05
5.62905e-05
5.62927e-05
5.62949e-05
5.62971e-05
5.62993e-05
5.63015e-05
5.63037e-05
5.63059e-05
5.63081e-05
5.63102e-05
5.63124e-05
5.63146e-05
5.63168e-05
5.6319e-05
5.63211e-05
5.63233e-05
5.63255e-05
5.63277e-05
5.63298e-05
5.6332e-05
5.63342e-05
5.63363e-05
5.63385e-05
5.63407e-05
5.63428e-05
5.6345e-05
5.63472e-05
5.63493e-05
5.63515e-05
5.63536e-05
5.63558e-05
5.6358e-05
5.63601e-05
5.63623e-05
5.63644e-05
5.63666e-05
5.63687e-05
5.63709e-05
5.6373e-05
5.63751e-05
5.63773e-05
5.63794e-05
5.63816e-05
5.63837e-05
5.63858e-05
5.6388e-05
5.63901e-05
5.63922e-05
5.63944e-05
5.63965e-05
5.63986e-05
5.64008e-05
5.64029e-05
5.6405e-05
5.64071e-05
5.64093e-05
5.64114e-05
5.64135e-05
5.64156e-05
5.64177e-05
5.64198e-05
5.6422e-05
5.64241e-05
5.64262e-05
5.64283e-05
5.64304e-05
5.64325e-05
5.64346e-05
5.64367e-05
5.64388e-05
5.64409e-05
5.6443e-05
5.64451e-05
5.64472e-05
5.64493e-05
5.64514e-05
5.64535e-05
5.64556e-05
5.64577e-05
5.64598e-05
5.64619e-05
5.6464e-05
5.64661e-05
5.64682e-05
5.64702e-05
5.64723e-05
5.64744e-05
5.64765e-05
5.64786e-05
5.64806e-05
5.64827e-05
5.64848e-05
5.64869e-05
5.64889e-05
5.6491e-05
5.64931e-05
5.64951e-05
5.64972e-05
5.64993e-05
5.65013e-05
5.65034e-05
5.65055e-05
5.65075e-05
5.65096e-05
5.65116e-05
5.65137e-05
5.65158e-05
5.65178e-05
5.65199e-05
5.65219e-05
5.6524e-05
5.6526e-05
5.65281e-05
5.65301e-05
5.65322e-05
5.65342e-05
5.65362e-05
5.65383e-05
5.65403e-05
5.65424e-05
5.65444e-05
5.65464e-05
5.65485e-05
5.65505e-05
5.65525e-05
5.65546e-05
5.65566e-05
5.65586e-05
5.65607e-05
5.65627e-05
5.65647e-05
5.65667e-05
5.65687e-05
5.65708e-05
5.65728e-05
5.65748e-05
5.65768e-05
5.65788e-05
5.65809e-05
5.65829e-05
5.65849e-05
5.65869e-05
5.65889e-05
5.65909e-05
5.65929e-05
5.65949e-05
5.65969e-05
5.65989e-05
5.66009e-05
5.66029e-05
5.66049e-05
5.66069e-05
5.66089e-05
5.66109e-05
5.66129e-05
5.66149e-05
5.66169e-05
5.66189e-05
5.66209e-05
5.66229e-05
5.66248e-05
5.66268e-05
5.66288e-05
5.66308e-05
5.66328e-05
5.66348e-05
5.66367e-05
5.66387e-05
5.66407e-05
5.66427e-05
5.66446e-05
5.66466e-05
5.66486e-05
5.66506e-05
5.66525e-05
5.66545e-05
5.66565e-05
5.66584e-05
5.66604e-05
5.66623e-05
5.66643e-05
5.66663e-05
5.66682e-05
5.66702e-05
5.66721e-05
5.66741e-05
5.6676e-05
5.6678e-05
5.66799e-05
5.66819e-05
5.66838e-05
5.66858e-05
5.66877e-05
5.66897e-05
5.66916e-05
5.66936e-05
5.66955e-05
5.66974e-05
5.66994e-05
5.67013e-05
5.67033e-05
5.67052e-05
5.67071e-05
5.67091e-05
5.6711e-05
5.67129e-05
5.67148e-05
5.67168e-05
5.67187e-05
5.67206e-05
5.67225e-05
5.67245e-05
5.67264e-05
5.67283e-05
5.67302e-05
5.67321e-05
5.67341e-05
5.6736e-05
5.67379e-05
5.67398e-05
5.67417e-05
5.67436e-05
5.67455e-05
5.67474e-05
5.67493e-05
5.67513e-05
5.67532e-05
5.67551e-05
5.6757e-05
5.67589e-05
5.67608e-05
5.67627e-05
5.67645e-05
5.67664e-05
5.67683e-05
5.67702e-05
5.67721e-05
5.6774e-05
5.67759e-05
5.67778e-05
5.67797e-05
5.67816e-05
5.67834e-05
5.67853e-05
5.67872e-05
5.67891e-05
5.6791e-05
5.67928e-05
5.67947e-05
5.67966e-05
5.67985e-05
5.68003e-05
5.68022e-05
5.68041e-05
5.6806e-05
5.68078e-05
5.68097e-05
5.68116e-05
5.68134e-05
5.68153e-05
5.68171e-05
5.6819e-05
5.68209e-05
5.68227e-05
5.68246e-05
5.68264e-05
5.68283e-05
5.68301e-05
5.6832e-05
5.68338e-05
5.68357e-05
5.68375e-05
5.68394e-05
5.68412e-05
5.68431e-05
5.68449e-05
5.68468e-05
5.68486e-05
5.68505e-05
5.68523e-05
5.68541e-05
5.6856e-05
5.68578e-05
5.68596e-05
5.68615e-05
5.68633e-05
5.68651e-05
5.6867e-05
5.68688e-05
5.68706e-05
5.68724e-05
5.68743e-05
5.68761e-05
5.68779e-05
5.68797e-05
5.68815e-05
5.68834e-05
5.68852e-05
5.6887e-05
5.68888e-05
5.68906e-05
5.68924e-05
5.68943e-05
5.68961e-05
5.68979e-05
5.68997e-05
5.69015e-05
5.69033e-05
5.69051e-05
5.69069e-05
5.69087e-05
5.69105e-05
5.69123e-05
5.69141e-05
5.69159e-05
5.69177e-05
5.69195e-05
5.69213e-05
5.69231e-05
5.69249e-05
5.69267e-05
5.69284e-05
5.69302e-05
5.6932e-05
5.69338e-05
5.69356e-05
5.69374e-05
5.69391e-05
5.69409e-05
5.69427e-05
5.69445e-05
5.69463e-05
5.6948e-05
5.69498e-05
5.69516e-05
5.69534e-05
5.69551e-05
5.69569e-05
5.69587e-05
5.69604e-05
5.69622e-05
5.6964e-05
5.69657e-05
5.69675e-05
5.69693e-05
5.6971e-05
5.69728e-05
5.69745e-05
5.69763e-05
5.6978e-05
5.69798e-05
5.69816e-05
5.69833e-05
5.69851e-05
5.69868e-05
5.69886e-05
5.69903e-05
5.69921e-05
5.69938e-05
5.69955e-05
5.69973e-05
5.6999e-05
5.70008e-05
5.70025e-05
5.70042e-05
5.7006e-05
5.70077e-05
5.70095e-05
5.70112e-05
5.70129e-05
5.70147e-05
5.70164e-05
5.70181e-05
5.70198e-05
5.70216e-05
5.70233e-05
5.7025e-05
5.70267e-05
5.70285e-05
5.70302e-05
5.70319e-05
5.70336e-05
5.70353e-05
5.70371e-05
5.70388e-05
5.70405e-05
5.70422e-05
5.70439e-05
5.70456e-05
5.70473e-05
5.7049e-05
5.70507e-05
5.70525e-05
5.70542e-05
5.70559e-05
5.70576e-05
5.70593e-05
5.7061e-05
5.70627e-05
5.70644e-05
5.70661e-05
5.70678e-05
5.70695e-05
5.70711e-05
5.70728e-05
5.70745e-05
5.70762e-05
5.70779e-05
5.70796e-05
5.70813e-05
5.7083e-05
5.70847e-05
5.70863e-05
5.7088e-05
5.70897e-05
5.70914e-05
5.70931e-05
5.70947e-05
5.70964e-05
5.70981e-05
5.70998e-05
5.71014e-05
5.71031e-05
5.71048e-05
5.71065e-05
5.71081e-05
5.71098e-05
5.71115e-05
5.71131e-05
5.71148e-05
5.71165e-05
5.71181e-05
5.71198e-05
5.71214e-05
5.71231e-05
5.71248e-05
5.71264e-05
5.71281e-05
5.71297e-05
5.71314e-05
5.7133e-05
5.71347e-05
5.71363e-05
5.7138e-05
5.71396e-05
5.71413e-05
5.71429e-05
5.71446e-05
5.71462e-05
5.71478e-05
5.71495e-05
5.71511e-05
5.71528e-05
5.71544e-05
5.7156e-05
5.71577e-05
5.71593e-05
5.71609e-05
5.71626e-05
5.71642e-05
5.71658e-05
5.71675e-05
5.71691e-05
5.71707e-05
5.71723e-05
5.7174e-05
5.71756e-05
5.71772e-05
5.71788e-05
5.71805e-05
5.71821e-05
5.71837e-05
5.71853e-05
5.71869e-05
5.71885e-05
5.71901e-05
5.71918e-05
5.71934e-05
5.7195e-05
5.71966e-05
5.71982e-05
5.71998e-05
5.72014e-05
5.7203e-05
5.72046e-05
5.72062e-05
5.72078e-05
5.72094e-05
5.7211e-05
5.72126e-05
5.72142e-05
5.72158e-05
5.72174e-05
5.7219e-05
5.72206e-05
5.72222e-05
5.72238e-05
5.72254e-05
5.7227e-05
5.72285e-05
5.72301e-05
5.72317e-05
5.72333e-05
5.72349e-05
5.72365e-05
5.7238e-05
5.72396e-05
5.72412e-05
5.72428e-05
5.72444e-05
5.72459e-05
5.72475e-05
5.72491e-05
5.72507e-05
5.72522e-05
5.72538e-05
5.72554e-05
5.72569e-05
5.72585e-05
5.72601e-05
5.72616e-05
5.72632e-05
5.72648e-05
5.72663e-05
5.72679e-05
5.72694e-05
5.7271e-05
5.72725e-05
5.72741e-05
5.72757e-05
5.72772e-05
5.72788e-05
5.72803e-05
5.72819e-05
5.72834e-05
5.7285e-05
5.72865e-05
5.72881e-05
5.72896e-05
5.72912e-05
5.72927e-05
5.72942e-05
5.72958e-05
5.72973e-05
5.72989e-05
5.73004e-05
5.73019e-05
5.73035e-05
5.7305e-05
5.73065e-05
5.73081e-05
5.73096e-05
5.73111e-05
5.73127e-05
5.73142e-05
5.73157e-05
5.73172e-05
5.73188e-05
5.73203e-05
5.73218e-05
5.73233e-05
5.73249e-05
5.73264e-05
5.73279e-05
5.73294e-05
5.73309e-05
5.73325e-05
5.7334e-05
5.73355e-05
5.7337e-05
5.73385e-05
5.734e-05
5.73415e-05
5.7343e-05
5.73445e-05
5.73461e-05
5.73476e-05
5.73491e-05
5.73506e-05
5.73521e-05
5.73536e-05
5.73551e-05
5.73566e-05
5.73581e-05
5.73596e-05
5.73611e-05
5.73626e-05
5.73641e-05
5.73655e-05
5.7367e-05
5.73685e-05
5.737e-05
5.73715e-05
5.7373e-05
5.73745e-05
5.7376e-05
5.73775e-05
5.73789e-05
5.73804e-05
5.73819e-05
5.73834e-05
5.73849e-05
5.73863e-05
5.73878e-05
5.73893e-05
5.73908e-05
5.73923e-05
5.73937e-05
5.73952e-05
5.73967e-05
5.73981e-05
5.73996e-05
5.74011e-05
5.74025e-05
5.7404e-05
5.74055e-05
5.74069e-05
5.74084e-05
5.74099e-05
5.74113e-05
5.74128e-05
5.74143e-05
5.74157e-05
5.74172e-05
5.74186e-05
5.74201e-05
5.74215e-05
5.7423e-05
5.74244e-05
5.74259e-05
5.74273e-05
5.74288e-05
5.74302e-05
5.74317e-05
5.74331e-05
5.74346e-05
5.7436e-05
5.74375e-05
5.74389e-05
5.74404e-05
5.74418e-05
5.74432e-05
5.74447e-05
5.74461e-05
5.74475e-05
5.7449e-05
5.74504e-05
5.74518e-05
5.74533e-05
5.74547e-05
5.74561e-05
5.74576e-05
5.7459e-05
5.74604e-05
5.74619e-05
5.74633e-05
5.74647e-05
5.74661e-05
5.74676e-05
5.7469e-05
5.74704e-05
5.74718e-05
5.74732e-05
5.74746e-05
5.74761e-05
5.74775e-05
5.74789e-05
5.74803e-05
5.74817e-05
5.74831e-05
5.74845e-05
5.7486e-05
5.74874e-05
5.74888e-05
5.74902e-05
5.74916e-05
5.7493e-05
5.74944e-05
5.74958e-05
5.74972e-05
5.74986e-05
5.75e-05
5.75014e-05
5.75028e-05
5.75042e-05
5.75056e-05
5.7507e-05
5.75084e-05
5.75098e-05
5.75112e-05
5.75126e-05
5.75139e-05
5.75153e-05
5.75167e-05
5.75181e-05
5.75195e-05
5.75209e-05
5.75223e-05
5.75236e-05
5.7525e-05
5.75264e-05
5.75278e-05
5.75292e-05
5.75305e-05
5.75319e-05
5.75333e-05
5.75347e-05
5.75361e-05
5.75374e-05
5.75388e-05
5.75402e-05
5.75415e-05
5.75429e-05
5.75443e-05
5.75456e-05
5.7547e-05
5.75484e-05
5.75497e-05
5.75511e-05
5.75525e-05
5.75538e-05
5.75552e-05
5.75566e-05
5.75579e-05
5.75593e-05
5.75606e-05
5.7562e-05
5.75633e-05
5.75647e-05
5.7566e-05
5.75674e-05
5.75688e-05
5.75701e-05
5.75715e-05
5.75728e-05
5.75741e-05
5.75755e-05
5.75768e-05
5.75782e-05
5.75795e-05
5.75809e-05
5.75822e-05
5.75836e-05
5.75849e-05
5.75862e-05
5.75876e-05
5.75889e-05
5.75902e-05
5.75916e-05
5.75929e-05
5.75943e-05
5.75956e-05
5.75969e-05
5.75982e-05
5.75996e-05
5.76009e-05
5.76022e-05
5.76036e-05
5.76049e-05
5.76062e-05
5.76075e-05
5.76089e-05
5.76102e-05
5.76115e-05
5.76128e-05
5.76141e-05
5.76155e-05
5.76168e-05
5.76181e-05
5.76194e-05
5.76207e-05
5.7622e-05
5.76234e-05
5.76247e-05
5.7626e-05
5.76273e-05
5.76286e-05
5.76299e-05
5.76312e-05
5.76325e-05
5.76338e-05
5.76351e-05
5.76364e-05
5.76377e-05
5.7639e-05
5.76403e-05
5.76416e-05
5.76429e-05
5.76442e-05
5.76455e-05
5.76468e-05
5.76481e-05
5.76494e-05
5.76507e-05
5.7652e-05
5.76533e-05
5.76546e-05
5.76559e-05
5.76572e-05
5.76585e-05
5.76597e-05
5.7661e-05
5.76623e-05
5.76636e-05
5.76649e-05
5.76662e-05
5.76674e-05
5.76687e-05
5.767e-05
5.76713e-05
5.76726e-05
5.76738e-05
5.76751e-05
5.76764e-05
5.76777e-05
5.76789e-05
5.76802e-05
5.76815e-05
5.76828e-05
5.7684e-05
5.76853e-05
5.76866e-05
5.76878e-05
5.76891e-05
5.76904e-05
5.76916e-05
5.76929e-05
5.76942e-05
5.76954e-05
5.76967e-05
5.76979e-05
5.76992e-05
5.77005e-05
5.77017e-05
5.7703e-05
5.77042e-05
5.77055e-05
5.77067e-05
5.7708e-05
5.77092e-05
5.77105e-05
5.77117e-05
5.7713e-05
5.77142e-05
5.77155e-05
5.77167e-05
5.7718e-05
5.77192e-05
5.77205e-05
5.77217e-05
5.77229e-05
5.77242e-05
5.77254e-05
5.77267e-05
5.77279e-05
5.77291e-05
5.77304e-05
5.77316e-05
5.77329e-05
5.77341e-05
5.77353e-05
5.77366e-05
5.77378e-05
5.7739e-05
5.77402e-05
5.77415e-05
5.77427e-05
5.77439e-05
5.77452e-05
5.77464e-05
5.77476e-05
5.77488e-05
5.77501e-05
5.77513e-05
5.77525e-05
5.77537e-05
5.77549e-05
5.77562e-05
5.77574e-05
5.77586e-05
5.77598e-05
5.7761e-05
5.77622e-05
5.77634e-05
5.77647e-05
5.77659e-05
5.77671e-05
5.77683e-05
5.77695e-05
5.77707e-05
5.77719e-05
5.77731e-05
5.77743e-05
5.77755e-05
5.77767e-05
5.77779e-05
5.77791e-05
5.77803e-05
5.77815e-05
5.77827e-05
5.77839e-05
5.77851e-05
5.77863e-05
5.77875e-05
5.77887e-05
5.77899e-05
5.77911e-05
5.77923e-05
5.77935e-05
5.77947e-05
5.77959e-05
5.77971e-05
5.77983e-05
5.77994e-05
5.78006e-05
5.78018e-05
5.7803e-05
5.78042e-05
5.78054e-05
5.78065e-05
5.78077e-05
5.78089e-05
5.78101e-05
5.78113e-05
5.78124e-05
5.78136e-05
5.78148e-05
5.7816e-05
5.78171e-05
5.78183e-05
5.78195e-05
5.78207e-05
5.78218e-05
5.7823e-05
5.78242e-05
5.78253e-05
5.78265e-05
5.78277e-05
5.78288e-05
5.783e-05
5.78312e-05
5.78323e-05
5.78335e-05
5.78347e-05
5.78358e-05
5.7837e-05
5.78381e-05
5.78393e-05
5.78405e-05
5.78416e-05
5.78428e-05
5.78439e-05
5.78451e-05
5.78462e-05
5.78474e-05
5.78485e-05
5.78497e-05
5.78508e-05
5.7852e-05
5.78531e-05
5.78543e-05
5.78554e-05
5.78566e-05
5.78577e-05
5.78589e-05
5.786e-05
5.78612e-05
5.78623e-05
5.78634e-05
5.78646e-05
5.78657e-05
5.78669e-05
5.7868e-05
5.78691e-05
5.78703e-05
5.78714e-05
5.78725e-05
5.78737e-05
5.78748e-05
5.78759e-05
5.78771e-05
5.78782e-05
5.78793e-05
5.78804e-05
5.78816e-05
5.78827e-05
5.78838e-05
5.7885e-05
5.78861e-05
5.78872e-05
5.78883e-05
5.78894e-05
5.78906e-05
5.78917e-05
5.78928e-05
5.78939e-05
5.7895e-05
5.78962e-05
5.78973e-05
5.78984e-05
5.78995e-05
5.79006e-05
5.79017e-05
5.79029e-05
5.7904e-05
5.79051e-05
5.79062e-05
5.79073e-05
5.79084e-05
5.79095e-05
5.79106e-05
5.79117e-05
5.79128e-05
5.79139e-05
5.7915e-05
5.79161e-05
5.79172e-05
5.79183e-05
5.79194e-05
5.79205e-05
5.79216e-05
5.79227e-05
5.79238e-05
5.79249e-05
5.7926e-05
5.79271e-05
5.79282e-05
5.79293e-05
5.79304e-05
5.79315e-05
5.79326e-05
5.79337e-05
5.79348e-05
5.79358e-05
5.79369e-05
5.7938e-05
5.79391e-05
5.79402e-05
5.79413e-05
5.79424e-05
5.79434e-05
5.79445e-05
5.79456e-05
5.79467e-05
5.79478e-05
5.79488e-05
5.79499e-05
5.7951e-05
5.79521e-05
5.79532e-05
5.79542e-05
5.79553e-05
5.79564e-05
5.79574e-05
5.79585e-05
5.79596e-05
5.79607e-05
5.79617e-05
5.79628e-05
5.79639e-05
5.79649e-05
5.7966e-05
5.79671e-05
5.79681e-05
5.79692e-05
5.79703e-05
5.79713e-05
5.79724e-05
5.79734e-05
5.79745e-05
5.79756e-05
5.79766e-05
5.79777e-05
5.79787e-05
5.79798e-05
5.79808e-05
5.79819e-05
5.79829e-05
5.7984e-05
5.79851e-05
5.79861e-05
5.79872e-05
5.79882e-05
5.79893e-05
5.79903e-05
5.79914e-05
5.79924e-05
5.79934e-05
5.79945e-05
5.79955e-05
5.79966e-05
5.79976e-05
5.79987e-05
5.79997e-05
5.80007e-05
5.80018e-05
5.80028e-05
5.80039e-05
5.80049e-05
5.80059e-05
5.8007e-05
5.8008e-05
5.8009e-05
5.80101e-05
5.80111e-05
5.80121e-05
5.80132e-05
5.80142e-05
5.80152e-05
5.80163e-05
5.80173e-05
5.80183e-05
5.80193e-05
5.80204e-05
5.80214e-05
5.80224e-05
5.80234e-05
5.80245e-05
5.80255e-05
5.80265e-05
5.80275e-05
5.80286e-05
5.80296e-05
5.80306e-05
5.80316e-05
5.80326e-05
5.80336e-05
5.80347e-05
5.80357e-05
5.80367e-05
5.80377e-05
5.80387e-05
5.80397e-05
5.80407e-05
5.80418e-05
5.80428e-05
5.80438e-05
5.80448e-05
5.80458e-05
5.80468e-05
5.80478e-05
5.80488e-05
5.80498e-05
5.80508e-05
5.80518e-05
5.80528e-05
5.80538e-05
5.80548e-05
5.80558e-05
5.80568e-05
5.80578e-05
5.80588e-05
5.80598e-05
5.80608e-05
5.80618e-05
5.80628e-05
5.80638e-05
5.80648e-05
5.80658e-05
5.80668e-05
5.80678e-05
5.80688e-05
5.80697e-05
5.80707e-05
5.80717e-05
5.80727e-05
5.80737e-05
5.80747e-05
5.80757e-05
5.80766e-05
5.80776e-05
5.80786e-05
5.80796e-05
5.80806e-05
5.80816e-05
5.80825e-05
5.80835e-05
5.80845e-05
5.80855e-05
5.80865e-05
5.80874e-05
5.80884e-05
5.80894e-05
5.80904e-05
5.80913e-05
5.80923e-05
5.80933e-05
5.80942e-05
5.80952e-05
5.80962e-05
5.80972e-05
5.80981e-05
5.80991e-05
5.81001e-05
5.8101e-05
5.8102e-05
5.8103e-05
5.81039e-05
5.81049e-05
5.81058e-05
5.81068e-05
5.81078e-05
5.81087e-05
5.81097e-05
5.81107e-05
5.81116e-05
5.81126e-05
5.81135e-05
5.81145e-05
5.81154e-05
5.81164e-05
5.81173e-05
5.81183e-05
5.81193e-05
5.81202e-05
5.81212e-05
5.81221e-05
5.81231e-05
5.8124e-05
5.8125e-05
5.81259e-05
5.81269e-05
5.81278e-05
5.81287e-05
5.81297e-05
5.81306e-05
5.81316e-05
5.81325e-05
5.81335e-05
5.81344e-05
5.81353e-05
5.81363e-05
5.81372e-05
5.81382e-05
5.81391e-05
5.814e-05
5.8141e-05
5.81419e-05
5.81428e-05
5.81438e-05
5.81447e-05
5.81456e-05
5.81466e-05
5.81475e-05
5.81484e-05
5.81494e-05
5.81503e-05
5.81512e-05
5.81522e-05
5.81531e-05
5.8154e-05
5.81549e-05
5.81559e-05
5.81568e-05
5.81577e-05
5.81586e-05
5.81596e-05
5.81605e-05
5.81614e-05
5.81623e-05
5.81632e-05
5.81642e-05
5.81651e-05
5.8166e-05
5.81669e-05
5.81678e-05
5.81688e-05
5.81697e-05
5.81706e-05
5.81715e-05
5.81724e-05
5.81733e-05
5.81742e-05
5.81751e-05
5.81761e-05
5.8177e-05
5.81779e-05
5.81788e-05
5.81797e-05
5.81806e-05
5.81815e-05
5.81824e-05
5.81833e-05
5.81842e-05
5.81851e-05
5.8186e-05
5.81869e-05
5.81878e-05
5.81887e-05
5.81896e-05
5.81905e-05
5.81914e-05
5.81923e-05
5.81932e-05
5.81941e-05
5.8195e-05
5.81959e-05
5.81968e-05
5.81977e-05
5.81986e-05
5.81995e-05
5.82004e-05
5.82013e-05
5.82022e-05
5.82031e-05
5.82039e-05
5.82048e-05
5.82057e-05
5.82066e-05
5.82075e-05
5.82084e-05
5.82093e-05
5.82101e-05
5.8211e-05
5.82119e-05
5.82128e-05
5.82137e-05
5.82146e-05
5.82154e-05
5.82163e-05
5.82172e-05
5.82181e-05
5.8219e-05
5.82198e-05
5.82207e-05
5.82216e-05
5.82225e-05
5.82233e-05
5.82242e-05
5.82251e-05
5.8226e-05
5.82268e-05
5.82277e-05
5.82286e-05
5.82294e-05
5.82303e-05
5.82312e-05
5.82321e-05
5.82329e-05
5.82338e-05
5.82347e-05
5.82355e-05
5.82364e-05
5.82372e-05
5.82381e-05
5.8239e-05
5.82398e-05
5.82407e-05
5.82416e-05
5.82424e-05
5.82433e-05
5.82441e-05
5.8245e-05
5.82459e-05
5.82467e-05
5.82476e-05
5.82484e-05
5.82493e-05
5.82501e-05
5.8251e-05
5.82518e-05
5.82527e-05
5.82535e-05
5.82544e-05
5.82552e-05
5.82561e-05
5.82569e-05
5.82578e-05
5.82586e-05
5.82595e-05
5.82603e-05
5.82612e-05
5.8262e-05
5.82629e-05
5.82637e-05
5.82646e-05
5.82654e-05
5.82662e-05
5.82671e-05
5.82679e-05
5.82688e-05
5.82696e-05
5.82705e-05
5.82713e-05
5.82721e-05
5.8273e-05
5.82738e-05
5.82746e-05
5.82755e-05
5.82763e-05
5.82771e-05
5.8278e-05
5.82788e-05
5.82796e-05
5.82805e-05
5.82813e-05
5.82821e-05
5.8283e-05
5.82838e-05
5.82846e-05
5.82854e-05
5.82863e-05
5.82871e-05
5.82879e-05
5.82888e-05
5.82896e-05
5.82904e-05
5.82912e-05
5.8292e-05
5.82929e-05
5.82937e-05
5.82945e-05
5.82953e-05
5.82961e-05
5.8297e-05
5.82978e-05
5.82986e-05
5.82994e-05
5.83002e-05
5.83011e-05
5.83019e-05
5.83027e-05
5.83035e-05
5.83043e-05
5.83051e-05
5.83059e-05
5.83067e-05
5.83076e-05
5.83084e-05
5.83092e-05
5.831e-05
5.83108e-05
5.83116e-05
5.83124e-05
5.83132e-05
5.8314e-05
5.83148e-05
5.83156e-05
5.83164e-05
5.83172e-05
5.8318e-05
5.83188e-05
5.83196e-05
5.83204e-05
5.83212e-05
5.8322e-05
5.83228e-05
5.83236e-05
5.83244e-05
5.83252e-05
5.8326e-05
5.83268e-05
5.83276e-05
5.83284e-05
5.83292e-05
5.833e-05
5.83308e-05
5.83316e-05
5.83324e-05
5.83332e-05
5.8334e-05
5.83348e-05
5.83356e-05
5.83363e-05
5.83371e-05
5.83379e-05
5.83387e-05
5.83395e-05
5.83403e-05
5.83411e-05
5.83418e-05
5.83426e-05
5.83434e-05
5.83442e-05
5.8345e-05
5.83458e-05
5.83465e-05
5.83473e-05
5.83481e-05
5.83489e-05
5.83497e-05
5.83504e-05
5.83512e-05
5.8352e-05
5.83528e-05
5.83535e-05
5.83543e-05
5.83551e-05
5.83559e-05
5.83566e-05
5.83574e-05
5.83582e-05
5.8359e-05
5.83597e-05
5.83605e-05
5.83613e-05
5.8362e-05
5.83628e-05
5.83636e-05
5.83643e-05
5.83651e-05
5.83659e-05
5.83666e-05
5.83674e-05
5.83682e-05
5.83689e-05
5.83697e-05
5.83705e-05
5.83712e-05
5.8372e-05
5.83727e-05
5.83735e-05
5.83743e-05
5.8375e-05
5.83758e-05
5.83765e-05
5.83773e-05
5.83781e-05
5.83788e-05
5.83796e-05
5.83803e-05
5.83811e-05
5.83818e-05
5.83826e-05
5.83833e-05
5.83841e-05
5.83848e-05
5.83856e-05
5.83863e-05
5.83871e-05
5.83878e-05
5.83886e-05
5.83893e-05
5.83901e-05
5.83908e-05
5.83916e-05
5.83923e-05
5.83931e-05
5.83938e-05
5.83946e-05
5.83953e-05
5.8396e-05
5.83968e-05
5.83975e-05
5.83983e-05
5.8399e-05
5.83997e-05
5.84005e-05
5.84012e-05
5.8402e-05
5.84027e-05
5.84034e-05
5.84042e-05
5.84049e-05
5.84056e-05
5.84064e-05
5.84071e-05
5.84078e-05
5.84086e-05
5.84093e-05
5.841e-05
5.84108e-05
5.84115e-05
5.84122e-05
5.8413e-05
5.84137e-05
5.84144e-05
5.84152e-05
5.84159e-05
5.84166e-05
5.84173e-05
5.84181e-05
5.84188e-05
5.84195e-05
5.84202e-05
5.8421e-05
5.84217e-05
5.84224e-05
5.84231e-05
5.84238e-05
5.84246e-05
5.84253e-05
5.8426e-05
5.84267e-05
5.84274e-05
5.84282e-05
5.84289e-05
5.84296e-05
5.84303e-05
5.8431e-05
5.84317e-05
5.84325e-05
5.84332e-05
5.84339e-05
5.84346e-05
5.84353e-05
5.8436e-05
5.84367e-05
5.84374e-05
5.84382e-05
5.84389e-05
5.84396e-05
5.84403e-05
5.8441e-05
5.84417e-05
5.84424e-05
5.84431e-05
5.84438e-05
5.84445e-05
5.84452e-05
5.84459e-05
5.84466e-05
5.84473e-05
5.8448e-05
5.84487e-05
5.84494e-05
5.84501e-05
5.84508e-05
5.84515e-05
5.84522e-05
5.84529e-05
5.84536e-05
5.84543e-05
5.8455e-05
5.84557e-05
5.84564e-05
5.84571e-05
5.84578e-05
5.84585e-05
5.84592e-05
5.84599e-05
5.84606e-05
5.84613e-05
5.8462e-05
5.84627e-05
5.84634e-05
5.84641e-05
5.84647e-05
5.84654e-05
5.84661e-05
5.84668e-05
5.84675e-05
5.84682e-05
5.84689e-05
5.84696e-05
5.84702e-05
5.84709e-05
5.84716e-05
5.84723e-05
5.8473e-05
5.84737e-05
5.84743e-05
5.8475e-05
5.84757e-05
5.84764e-05
5.84771e-05
5.84777e-05
5.84784e-05
5.84791e-05
5.84798e-05
5.84804e-05
5.84811e-05
5.84818e-05
5.84825e-05
5.84832e-05
5.84838e-05
5.84845e-05
5.84852e-05
5.84858e-05
5.84865e-05
5.84872e-05
5.84879e-05
5.84885e-05
5.84892e-05
5.84899e-05
5.84905e-05
5.84912e-05
5.84919e-05
5.84925e-05
5.84932e-05
5.84939e-05
5.84945e-05
5.84952e-05
5.84959e-05
5.84965e-05
5.84972e-05
5.84979e-05
5.84985e-05
5.84992e-05
5.84999e-05
5.85005e-05
5.85012e-05
5.85018e-05
5.85025e-05
5.85032e-05
5.85038e-05
5.85045e-05
5.85051e-05
5.85058e-05
5.85064e-05
5.85071e-05
5.85078e-05
5.85084e-05
5.85091e-05
5.85097e-05
5.85104e-05
5.8511e-05
5.85117e-05
5.85123e-05
5.8513e-05
5.85136e-05
5.85143e-05
5.85149e-05
5.85156e-05
5.85162e-05
5.85169e-05
5.85175e-05
5.85182e-05
5.85188e-05
5.85195e-05
5.85201e-05
5.85208e-05
5.85214e-05
5.85221e-05
5.85227e-05
5.85233e-05
5.8524e-05
5.85246e-05
5.85253e-05
5.85259e-05
5.85266e-05
5.85272e-05
5.85278e-05
5.85285e-05
5.85291e-05
5.85298e-05
5.85304e-05
5.8531e-05
5.85317e-05
5.85323e-05
5.85329e-05
5.85336e-05
5.85342e-05
5.85348e-05
5.85355e-05
5.85361e-05
5.85367e-05
5.85374e-05
5.8538e-05
5.85386e-05
5.85393e-05
5.85399e-05
5.85405e-05
5.85412e-05
5.85418e-05
5.85424e-05
5.8543e-05
5.85437e-05
5.85443e-05
5.85449e-05
5.85455e-05
5.85462e-05
5.85468e-05
5.85474e-05
5.8548e-05
5.85487e-05
5.85493e-05
5.85499e-05
5.85505e-05
5.85512e-05
5.85518e-05
5.85524e-05
5.8553e-05
5.85536e-05
5.85543e-05
5.85549e-05
5.85555e-05
5.85561e-05
5.85567e-05
5.85573e-05
5.8558e-05
5.85586e-05
5.85592e-05
5.85598e-05
5.85604e-05
5.8561e-05
5.85616e-05
5.85623e-05
5.85629e-05
5.85635e-05
5.85641e-05
5.85647e-05
5.85653e-05
5.85659e-05
5.85665e-05
5.85671e-05
5.85677e-05
5.85684e-05
5.8569e-05
5.85696e-05
5.85702e-05
5.85708e-05
5.85714e-05
5.8572e-05
5.85726e-05
5.85732e-05
5.85738e-05
5.85744e-05
5.8575e-05
5.85756e-05
5.85762e-05
5.85768e-05
5.85774e-05
5.8578e-05
5.85786e-05
5.85792e-05
5.85798e-05
5.85804e-05
5.8581e-05
5.85816e-05
5.85822e-05
5.85828e-05
5.85834e-05
5.8584e-05
5.85846e-05
5.85852e-05
5.85858e-05
5.85864e-05
5.8587e-05
5.85875e-05
5.85881e-05
5.85887e-05
5.85893e-05
5.85899e-05
5.85905e-05
5.85911e-05
5.85917e-05
5.85923e-05
5.85929e-05
5.85934e-05
5.8594e-05
5.85946e-05
5.85952e-05
5.85958e-05
5.85964e-05
5.8597e-05
5.85975e-05
5.85981e-05
5.85987e-05
5.85993e-05
5.85999e-05
5.86005e-05
5.8601e-05
5.86016e-05
5.86022e-05
5.86028e-05
5.86034e-05
5.86039e-05
5.86045e-05
5.86051e-05
5.86057e-05
5.86063e-05
5.86068e-05
5.86074e-05
5.8608e-05
5.86086e-05
5.86091e-05
5.86097e-05
5.86103e-05
5.86109e-05
5.86114e-05
5.8612e-05
5.86126e-05
5.86132e-05
5.86137e-05
5.86143e-05
5.86149e-05
5.86154e-05
5.8616e-05
5.86166e-05
5.86171e-05
5.86177e-05
5.86183e-05
5.86188e-05
5.86194e-05
5.862e-05
5.86205e-05
5.86211e-05
5.86217e-05
5.86222e-05
5.86228e-05
5.86234e-05
5.86239e-05
5.86245e-05
5.86251e-05
5.86256e-05
5.86262e-05
5.86267e-05
5.86273e-05
5.86279e-05
5.86284e-05
5.8629e-05
5.86295e-05
5.86301e-05
5.86307e-05
5.86312e-05
5.86318e-05
5.86323e-05
5.86329e-05
5.86334e-05
5.8634e-05
5.86345e-05
5.86351e-05
5.86357e-05
5.86362e-05
5.86368e-05
5.86373e-05
5.86379e-05
5.86384e-05
5.8639e-05
5.86395e-05
5.86401e-05
5.86406e-05
5.86412e-05
5.86417e-05
5.86423e-05
5.86428e-05
5.86434e-05
5.86439e-05
5.86444e-05
5.8645e-05
5.86455e-05
5.86461e-05
5.86466e-05
5.86472e-05
5.86477e-05
5.86483e-05
5.86488e-05
5.86493e-05
5.86499e-05
5.86504e-05
5.8651e-05
5.86515e-05
5.86521e-05
5.86526e-05
5.86531e-05
5.86537e-05
5.86542e-05
5.86547e-05
5.86553e-05
5.86558e-05
5.86564e-05
5.86569e-05
5.86574e-05
5.8658e-05
5.86585e-05
5.8659e-05
5.86596e-05
5.86601e-05
5.86606e-05
5.86612e-05
5.86617e-05
5.86622e-05
5.86628e-05
5.86633e-05
5.86638e-05
5.86644e-05
5.86649e-05
5.86654e-05
5.8666e-05
5.86665e-05
5.8667e-05
5.86675e-05
5.86681e-05
5.86686e-05
5.86691e-05
5.86696e-05
5.86702e-05
5.86707e-05
5.86712e-05
5.86717e-05
5.86723e-05
5.86728e-05
5.86733e-05
5.86738e-05
5.86744e-05
5.86749e-05
5.86754e-05
5.86759e-05
5.86764e-05
5.8677e-05
5.86775e-05
5.8678e-05
5.86785e-05
5.8679e-05
5.86796e-05
5.86801e-05
5.86806e-05
5.86811e-05
5.86816e-05
5.86821e-05
5.86827e-05
5.86832e-05
5.86837e-05
5.86842e-05
5.86847e-05
5.86852e-05
5.86857e-05
5.86863e-05
5.86868e-05
5.86873e-05
5.86878e-05
5.86883e-05
5.86888e-05
5.86893e-05
5.86898e-05
5.86903e-05
5.86908e-05
5.86914e-05
5.86919e-05
5.86924e-05
5.86929e-05
5.86934e-05
5.86939e-05
5.86944e-05
5.86949e-05
5.86954e-05
5.86959e-05
5.86964e-05
5.86969e-05
5.86974e-05
5.86979e-05
5.86984e-05
5.86989e-05
5.86994e-05
5.86999e-05
5.87004e-05
5.87009e-05
5.87014e-05
5.87019e-05
5.87024e-05
5.87029e-05
5.87034e-05
5.87039e-05
5.87044e-05
5.87049e-05
5.87054e-05
5.87059e-05
5.87064e-05
5.87069e-05
5.87074e-05
5.87079e-05
5.87084e-05
5.87089e-05
5.87094e-05
5.87099e-05
5.87104e-05
5.87109e-05
5.87114e-05
5.87118e-05
5.87123e-05
5.87128e-05
5.87133e-05
5.87138e-05
5.87143e-05
5.87148e-05
5.87153e-05
5.87158e-05
5.87162e-05
5.87167e-05
5.87172e-05
5.87177e-05
5.87182e-05
5.87187e-05
5.87192e-05
5.87197e-05
5.87201e-05
5.87206e-05
5.87211e-05
5.87216e-05
5.87221e-05
5.87226e-05
5.8723e-05
5.87235e-05
5.8724e-05
5.87245e-05
5.8725e-05
5.87254e-05
5.87259e-05
5.87264e-05
5.87269e-05
5.87274e-05
5.87278e-05
5.87283e-05
5.87288e-05
5.87293e-05
5.87297e-05
5.87302e-05
5.87307e-05
5.87312e-05
5.87316e-05
5.87321e-05
5.87326e-05
5.87331e-05
5.87335e-05
5.8734e-05
5.87345e-05
5.8735e-05
5.87354e-05
5.87359e-05
5.87364e-05
5.87368e-05
5.87373e-05
5.87378e-05
5.87383e-05
5.87387e-05
5.87392e-05
5.87397e-05
5.87401e-05
5.87406e-05
5.87411e-05
5.87415e-05
5.8742e-05
5.87425e-05
5.87429e-05
5.87434e-05
5.87439e-05
5.87443e-05
5.87448e-05
5.87453e-05
5.87457e-05
5.87462e-05
5.87466e-05
5.87471e-05
5.87476e-05
5.8748e-05
5.87485e-05
5.8749e-05
5.87494e-05
5.87499e-05
5.87503e-05
5.87508e-05
5.87512e-05
5.87517e-05
5.87522e-05
5.87526e-05
5.87531e-05
5.87535e-05
5.8754e-05
5.87544e-05
5.87549e-05
5.87554e-05
5.87558e-05
5.87563e-05
5.87567e-05
5.87572e-05
5.87576e-05
5.87581e-05
5.87585e-05
5.8759e-05
5.87594e-05
5.87599e-05
5.87603e-05
5.87608e-05
5.87612e-05
5.87617e-05
5.87621e-05
5.87626e-05
5.8763e-05
5.87635e-05
5.87639e-05
5.87644e-05
5.87648e-05
5.87653e-05
5.87657e-05
5.87662e-05
5.87666e-05
5.87671e-05
5.87675e-05
5.8768e-05
5.87684e-05
5.87688e-05
5.87693e-05
5.87697e-05
5.87702e-05
5.87706e-05
5.87711e-05
5.87715e-05
5.87719e-05
5.87724e-05
5.87728e-05
5.87733e-05
5.87737e-05
5.87741e-05
5.87746e-05
5.8775e-05
5.87755e-05
5.87759e-05
5.87763e-05
5.87768e-05
5.87772e-05
5.87776e-05
5.87781e-05
5.87785e-05
5.8779e-05
5.87794e-05
5.87798e-05
5.87803e-05
5.87807e-05
5.87811e-05
5.87816e-05
5.8782e-05
5.87824e-05
5.87829e-05
5.87833e-05
5.87837e-05
5.87842e-05
5.87846e-05
5.8785e-05
5.87854e-05
5.87859e-05
5.87863e-05
5.87867e-05
5.87872e-05
5.87876e-05
5.8788e-05
5.87884e-05
5.87889e-05
5.87893e-05
5.87897e-05
5.87902e-05
5.87906e-05
5.8791e-05
5.87914e-05
5.87919e-05
5.87923e-05
5.87927e-05
5.87931e-05
5.87935e-05
5.8794e-05
5.87944e-05
5.87948e-05
5.87952e-05
5.87957e-05
5.87961e-05
5.87965e-05
5.87969e-05
5.87973e-05
5.87978e-05
5.87982e-05
5.87986e-05
5.8799e-05
5.87994e-05
5.87999e-05
5.88003e-05
5.88007e-05
5.88011e-05
5.88015e-05
5.88019e-05
5.88024e-05
5.88028e-05
5.88032e-05
5.88036e-05
5.8804e-05
5.88044e-05
5.88048e-05
5.88053e-05
5.88057e-05
5.88061e-05
5.88065e-05
5.88069e-05
5.88073e-05
5.88077e-05
5.88081e-05
5.88085e-05
5.8809e-05
5.88094e-05
5.88098e-05
5.88102e-05
5.88106e-05
5.8811e-05
5.88114e-05
5.88118e-05
5.88122e-05
5.88126e-05
5.8813e-05
5.88134e-05
5.88139e-05
5.88143e-05
5.88147e-05
5.88151e-05
5.88155e-05
5.88159e-05
5.88163e-05
5.88167e-05
5.88171e-05
5.88175e-05
5.88179e-05
5.88183e-05
5.88187e-05
5.88191e-05
5.88195e-05
5.88199e-05
5.88203e-05
5.88207e-05
5.88211e-05
5.88215e-05
5.88219e-05
5.88223e-05
5.88227e-05
5.88231e-05
5.88235e-05
5.88239e-05
5.88243e-05
5.88247e-05
5.88251e-05
5.88255e-05
5.88259e-05
5.88263e-05
5.88267e-05
5.88271e-05
5.88274e-05
5.88278e-05
5.88282e-05
5.88286e-05
5.8829e-05
5.88294e-05
5.88298e-05
5.88302e-05
5.88306e-05
5.8831e-05
5.88314e-05
5.88318e-05
5.88322e-05
5.88325e-05
5.88329e-05
5.88333e-05
5.88337e-05
5.88341e-05
5.88345e-05
5.88349e-05
5.88353e-05
5.88357e-05
5.8836e-05
5.88364e-05
5.88368e-05
5.88372e-05
5.88376e-05
5.8838e-05
5.88384e-05
5.88387e-05
5.88391e-05
5.88395e-05
5.88399e-05
5.88403e-05
5.88407e-05
5.8841e-05
5.88414e-05
5.88418e-05
5.88422e-05
5.88426e-05
5.88429e-05
5.88433e-05
5.88437e-05
5.88441e-05
5.88445e-05
5.88448e-05
5.88452e-05
5.88456e-05
5.8846e-05
5.88464e-05
5.88467e-05
5.88471e-05
5.88475e-05
5.88479e-05
5.88482e-05
5.88486e-05
5.8849e-05
5.88494e-05
5.88497e-05
5.88501e-05
5.88505e-05
5.88509e-05
5.88512e-05
5.88516e-05
5.8852e-05
5.88524e-05
5.88527e-05
5.88531e-05
5.88535e-05
5.88539e-05
5.88542e-05
5.88546e-05
5.8855e-05
5.88553e-05
5.88557e-05
5.88561e-05
5.88564e-05
5.88568e-05
5.88572e-05
5.88576e-05
5.88579e-05
5.88583e-05
5.88587e-05
5.8859e-05
5.88594e-05
5.88598e-05
5.88601e-05
5.88605e-05
5.88609e-05
5.88612e-05
5.88616e-05
5.88619e-05
5.88623e-05
5.88627e-05
5.8863e-05
5.88634e-05
5.88638e-05
5.88641e-05
5.88645e-05
5.88648e-05
5.88652e-05
5.88656e-05
5.88659e-05
5.88663e-05
5.88667e-05
5.8867e-05
5.88674e-05
5.88677e-05
5.88681e-05
5.88685e-05
5.88688e-05
5.88692e-05
5.88695e-05
5.88699e-05
5.88702e-05
5.88706e-05
5.8871e-05
5.88713e-05
5.88717e-05
5.8872e-05
5.88724e-05
5.88727e-05
5.88731e-05
5.88734e-05
5.88738e-05
5.88741e-05
5.88745e-05
5.88749e-05
5.88752e-05
5.88756e-05
5.88759e-05
5.88763e-05
5.88766e-05
5.8877e-05
5.88773e-05
5.88777e-05
5.8878e-05
5.88784e-05
5.88787e-05
5.88791e-05
5.88794e-05
5.88798e-05
5.88801e-05
5.88805e-05
5.88808e-05
5.88812e-05
5.88815e-05
5.88819e-05
5.88822e-05
5.88825e-05
5.88829e-05
5.88832e-05
5.88836e-05
5.88839e-05
5.88843e-05
5.88846e-05
5.8885e-05
5.88853e-05
5.88857e-05
5.8886e-05
5.88863e-05
5.88867e-05
5.8887e-05
5.88874e-05
5.88877e-05
5.8888e-05
5.88884e-05
5.88887e-05
5.88891e-05
5.88894e-05
5.88898e-05
5.88901e-05
5.88904e-05
5.88908e-05
5.88911e-05
5.88914e-05
5.88918e-05
5.88921e-05
5.88925e-05
5.88928e-05
5.88931e-05
5.88935e-05
5.88938e-05
5.88941e-05
5.88945e-05
5.88948e-05
5.88952e-05
5.88955e-05
5.88958e-05
5.88962e-05
5.88965e-05
5.88968e-05
5.88972e-05
5.88975e-05
5.88978e-05
5.88982e-05
5.88985e-05
5.88988e-05
5.88992e-05
5.88995e-05
5.88998e-05
5.89001e-05
5.89005e-05
5.89008e-05
5.89011e-05
5.89015e-05
5.89018e-05
5.89021e-05
5.89025e-05
5.89028e-05
5.89031e-05
5.89034e-05
5.89038e-05
5.89041e-05
5.89044e-05
5.89047e-05
5.89051e-05
5.89054e-05
5.89057e-05
5.8906e-05
5.89064e-05
5.89067e-05
5.8907e-05
5.89073e-05
5.89077e-05
5.8908e-05
5.89083e-05
5.89086e-05
5.8909e-05
5.89093e-05
5.89096e-05
5.89099e-05
5.89103e-05
5.89106e-05
5.89109e-05
5.89112e-05
5.89115e-05
5.89119e-05
5.89122e-05
5.89125e-05
5.89128e-05
5.89131e-05
5.89135e-05
5.89138e-05
5.89141e-05
5.89144e-05
5.89147e-05
5.8915e-05
5.89154e-05
5.89157e-05
5.8916e-05
5.89163e-05
5.89166e-05
5.89169e-05
5.89173e-05
5.89176e-05
5.89179e-05
5.89182e-05
5.89185e-05
5.89188e-05
5.89191e-05
5.89195e-05
5.89198e-05
5.89201e-05
5.89204e-05
5.89207e-05
5.8921e-05
5.89213e-05
5.89216e-05
5.8922e-05
5.89223e-05
5.89226e-05
5.89229e-05
5.89232e-05
5.89235e-05
5.89238e-05
5.89241e-05
5.89244e-05
5.89247e-05
5.89251e-05
5.89254e-05
5.89257e-05
5.8926e-05
5.89263e-05
5.89266e-05
5.89269e-05
5.89272e-05
5.89275e-05
5.89278e-05
5.89281e-05
5.89284e-05
5.89287e-05
5.8929e-05
5.89293e-05
5.89297e-05
5.893e-05
5.89303e-05
5.89306e-05
5.89309e-05
5.89312e-05
5.89315e-05
5.89318e-05
5.89321e-05
5.89324e-05
5.89327e-05
5.8933e-05
5.89333e-05
5.89336e-05
5.89339e-05
5.89342e-05
5.89345e-05
5.89348e-05
5.89351e-05
5.89354e-05
5.89357e-05
5.8936e-05
5.89363e-05
5.89366e-05
5.89369e-05
5.89372e-05
5.89375e-05
5.89378e-05
5.89381e-05
5.89384e-05
5.89387e-05
5.89389e-05
5.89392e-05
5.89395e-05
5.89398e-05
5.89401e-05
5.89404e-05
5.89407e-05
5.8941e-05
5.89413e-05
5.89416e-05
5.89419e-05
5.89422e-05
5.89425e-05
5.89428e-05
5.89431e-05
5.89434e-05
5.89436e-05
5.89439e-05
5.89442e-05
5.89445e-05
5.89448e-05
5.89451e-05
5.89454e-05
5.89457e-05
5.8946e-05
5.89463e-05
5.89465e-05
5.89468e-05
5.89471e-05
5.89474e-05
5.89477e-05
5.8948e-05
5.89483e-05
5.89486e-05
5.89488e-05
5.89491e-05
5.89494e-05
5.89497e-05
5.895e-05
5.89503e-05
5.89506e-05
5.89508e-05
5.89511e-05
5.89514e-05
5.89517e-05
5.8952e-05
5.89523e-05
5.89526e-05
5.89528e-05
5.89531e-05
5.89534e-05
5.89537e-05
5.8954e-05
5.89542e-05
5.89545e-05
5.89548e-05
5.89551e-05
5.89554e-05
5.89557e-05
5.89559e-05
5.89562e-05
5.89565e-05
5.89568e-05
5.89571e-05
5.89573e-05
5.89576e-05
5.89579e-05
5.89582e-05
5.89584e-05
5.89587e-05
5.8959e-05
5.89593e-05
5.89596e-05
5.89598e-05
5.89601e-05
5.89604e-05
5.89607e-05
5.89609e-05
5.89612e-05
5.89615e-05
5.89618e-05
5.8962e-05
5.89623e-05
5.89626e-05
5.89629e-05
5.89631e-05
5.89634e-05
5.89637e-05
5.89639e-05
5.89642e-05
5.89645e-05
5.89648e-05
5.8965e-05
5.89653e-05
5.89656e-05
5.89658e-05
5.89661e-05
5.89664e-05
5.89667e-05
5.89669e-05
5.89672e-05
5.89675e-05
5.89677e-05
5.8968e-05
5.89683e-05
5.89685e-05
5.89688e-05
5.89691e-05
5.89694e-05
5.89696e-05
5.89699e-05
5.89702e-05
5.89704e-05
5.89707e-05
5.8971e-05
5.89712e-05
5.89715e-05
5.89717e-05
5.8972e-05
5.89723e-05
5.89725e-05
5.89728e-05
5.89731e-05
5.89733e-05
5.89736e-05
5.89739e-05
5.89741e-05
5.89744e-05
5.89747e-05
5.89749e-05
5.89752e-05
5.89754e-05
5.89757e-05
5.8976e-05
5.89762e-05
5.89765e-05
5.89767e-05
5.8977e-05
5.89773e-05
5.89775e-05
5.89778e-05
5.8978e-05
5.89783e-05
5.89786e-05
5.89788e-05
5.89791e-05
5.89793e-05
5.89796e-05
5.89799e-05
5.89801e-05
5.89804e-05
5.89806e-05
5.89809e-05
5.89811e-05
5.89814e-05
5.89817e-05
5.89819e-05
5.89822e-05
5.89824e-05
5.89827e-05
5.89829e-05
5.89832e-05
5.89834e-05
5.89837e-05
5.8984e-05
5.89842e-05
5.89845e-05
5.89847e-05
5.8985e-05
5.89852e-05
5.89855e-05
5.89857e-05
5.8986e-05
5.89862e-05
5.89865e-05
5.89867e-05
5.8987e-05
5.89872e-05
5.89875e-05
5.89877e-05
5.8988e-05
5.89882e-05
5.89885e-05
5.89887e-05
5.8989e-05
5.89892e-05
5.89895e-05
5.89897e-05
5.899e-05
5.89902e-05

