5e-05
5e-05
5e-05
5e-05
5e-05
5e-05
5e-05
5e-05
5e-05
5e-05
5e-05
5e-05
5e-05
5e-05
5e-05
5e-05
5e-05
5e-05
5e-05
5e-05
5e-05
5e-05
5e-05
5e-05
5e-05
5e-05
5e-05
5e-05
5e-05
5e-05
5e-05
5e-05
5e-05
5e-05
5e-05
5e-05
5e-05
5e-05
5e-05
5e-05
5e-05
5e-05
5e-05
5e-05
5e-05
5e-05
5e-05
5e-05
5e-05
5e-05
5e-05
5e-05
5e-05
5e-05
5e-05
5e-05
5e-05
5e-05
5e-05
5e-05
5e-05
5e-05
5e-05
5e-05
5e-05
5e-05
5e-05
5e-05
5e-05
5e-05
5e-05
5e-05
5e-05
5e-05
5e-05
5e-05
5e-05
5e-05
5e-05
5e-05
5e-05
5e-05
5e-05
5e-05
5e-05
5e-05
5e-05
5e-05
5e-05
5e-05
5e-05
5e-05
5e-05
5e-05
5e-05
5e-05
5e-05
5e-05
5e-05
5e-05
5e-05
5e-05
5e-05
5e-05
5e-05
5e-05
5e-05
5e-05
5e-05
5e-05
5e-05
5e-05
5e-05
5e-05
5e-05
5e-05
5e-05
5e-05
5e-05
5e-05
5e-05
5e-05
5e-05
5e-05
5e-05
5e-05
5e-05
5e-05
5e-05
5e-05
5e-05
5e-05
5e-05
5e-05
5e-05
5e-05
5e-05
5e-05
5e-05
5e-05
5e-05
5e-05
5e-05
5e-05
5e-05
5e-05
5e-05
5e-05
5e-05
5e-05
5e-05
5e-05
5e-05
5e-05
5e-05
5e-05
5e-05
5e-05
5e-05
5e-05
5e-05
5e-05
5e-05
5e-05
5e-05
5e-05
5e-05
5e-05
5e-05
5e-05
5e-05
5e-05
5e-05
5e-05
5e-05
5e-05
5e-05
5e-05
5e-05
5e-05
5e-05
5e-05
5e-05
5e-05
5e-05
5e-05
5e-05
5e-05
5e-05
5e-05
5e-05
5e-05
5e-05
5e-05
5e-05
5e-05
5e-05
5e-05
5e-05
5e-05
5e-05
5e-05
5e-05
5e-05
5e-05
5e-05
5e-05
5e-05
5e-05
5e-05
5e-05
5e-05
5e-05
5e-05
5e-05
5e-05
5e-05
5e-05
5e-05
5e-05
5e-05
5e-05
5e-05
5e-05
5e-05
5e-05
5e-05
5e-05
5e-05
5e-05
5e-05
5e-05
5e-05
5e-05
5e-05
5e-05
5e-05
5e-05
5e-05
5e-05
5e-05
5e-05
5e-05
5e-05
5e-05
5e-05
5e-05
5e-05
5e-05
5e-05
5e-05
5e-05
5e-05
5e-05
5e-05
5e-05
5e-05
5e-05
5e-05
5e-05
5e-05
5e-05
5e-05
5e-05
5e-05
5e-05
5e-05
5e-05
5e-05
5e-05
5e-05
5e-05
5e-05
5e-05
5e-05
5e-05
5e-05
5e-05
5e-05
5e-05
5e-05
5e-05
5e-05
5e-05
5e-05
5e-05
5e-05
5e-05
5e-05
5e-05
5e-05
5e-05
5e-05
5e-05
5e-05
5e-05
5e-05
5e-05
5e-05
5e-05
5e-05
5e-05
5e-05
5e-05
5e-05
5e-05
5e-05
5e-05
5e-05
5e-05
5e-05
5e-05
5e-05
5e-05
5e-05
5e-05
5e-05
5e-05
5e-05
5e-05
5e-05
5e-05
5e-05
5e-05
5e-05
5e-05
5e-05
5e-05
5e-05
5e-05
5e-05
5e-05
5e-05
5e-05
5e-05
5e-05
5e-05
5e-05
5e-05
5e-05
5e-05
5e-05
5e-05
5e-05
5e-05
5e-05
5e-05
5e-05
5e-05
5e-05
5e-05
5e-05
5e-05
5e-05
5e-05
5e-05
5e-05
5e-05
5e-05
5e-05
5e-05
5e-05
5e-05
5e-05
5e-05
5e-05
5e-05
5e-05
5e-05
5e-05
5e-05
5e-05
5e-05
5e-05
5e-05
5e-05
5e-05
5e-05
5e-05
5e-05
5e-05
5e-05
5e-05
5e-05
5e-05
5e-05
5e-05
5e-05
5e-05
5e-05
5e-05
5e-05
5e-05
5e-05
5e-05
5e-05
5e-05
5e-05
5e-05
5e-05
5e-05
5e-05
5e-05
5e-05
5e-05
5e-05
5e-05
5e-05
5e-05
5e-05
5e-05
5e-05
5e-05
5e-05
5e-05
5e-05
5e-05
5e-05
5e-05
5e-05
5e-05
5e-05
5e-05
5e-05
5e-05
5e-05
5e-05
5e-05
5e-05
5e-05
5e-05
5e-05
5e-05
5e-05
5e-05
5e-05
5e-05
5e-05
5e-05
5e-05
5e-05
5e-05
5e-05
5e-05
5e-05
5e-05
5e-05
5e-05
5e-05
5e-05
5e-05
5e-05
5e-05
5e-05
5e-05
5e-05
5e-05
5e-05
5e-05
5e-05
5e-05
5e-05
5e-05
5e-05
5e-05
5e-05
5e-05
5e-05
5e-05
5e-05
5e-05
5e-05
5e-05
5e-05
5e-05
5e-05
5e-05
5e-05
5e-05
5e-05
5e-05
5e-05
5e-05
5e-05
5e-05
5e-05
5e-05
5e-05
5e-05
5e-05
5e-05
5e-05
5e-05
5e-05
5e-05
5e-05
5e-05
5e-05
5e-05
5e-05
5e-05
5e-05
5e-05
5e-05
5e-05
5e-05
5e-05
5e-05
5e-05
5e-05
5e-05
5e-05
5e-05
5e-05
5e-05
5e-05
5e-05
5e-05
5e-05
5e-05
5e-05
5e-05
5e-05
5e-05
5e-05
5e-05
5e-05
5e-05
5e-05
5e-05
5e-05
5e-05
5e-05
5e-05
5e-05
5e-05
5e-05
5e-05
5e-05
5e-05
5e-05
5e-05
5e-05
5e-05
5e-05
5e-05
5e-05
5e-05
5e-05
5e-05
5e-05
5e-05
5e-05
5e-05
5e-05
5e-05
5e-05
5e-05
5e-05
5e-05
5e-05
5e-05
5e-05
5e-05
5e-05
5e-05
5e-05
5e-05
5e-05
5e-05
5e-05
5e-05
5e-05
5e-05
5e-05
5e-05
5e-05
5e-05
5e-05
5e-05
5e-05
5e-05
5e-05
5e-05
5e-05
5e-05
5e-05
5e-05
5e-05
5e-05
5e-05
5e-05
5e-05
5e-05
5e-05
5e-05
5e-05
5e-05
5e-05
5e-05
5e-05
5e-05
5e-05
5e-05
5e-05
5e-05
5e-05
5e-05
5e-05
5e-05
5e-05
5e-05
5e-05
5e-05
5e-05
5e-05
5e-05
5e-05
5e-05
5e-05
5e-05
5e-05
5e-05
5e-05
5e-05
5e-05
5e-05
5e-05
5e-05
5e-05
5e-05
5e-05
5e-05
5e-05
5e-05
5e-05
5e-05
5e-05
5e-05
5e-05
5e-05
5e-05
5e-05
5e-05
5e-05
5e-05
5e-05
5e-05
5e-05
5e-05
5e-05
5e-05
5e-05
5e-05
5e-05
5e-05
5e-05
5e-05
5e-05
5e-05
5e-05
5e-05
5e-05
5e-05
5e-05
5e-05
5e-05
5e-05
5e-05
5e-05
5e-05
5e-05
5e-05
5e-05
5e-05
5e-05
5e-05
5e-05
5e-05
5e-05
5e-05
5e-05
5e-05
5e-05
5e-05
5e-05
5e-05
5e-05
5e-05
5e-05
5e-05
5e-05
5e-05
5e-05
5e-05
5e-05
5e-05
5e-05
5e-05
5e-05
5e-05
5e-05
5e-05
5e-05
5e-05
5e-05
5e-05
5e-05
5e-05
5e-05
5e-05
5e-05
5e-05
5e-05
5e-05
5e-05
5e-05
5e-05
5e-05
5e-05
5e-05
5e-05
5e-05
5e-05
5e-05
5e-05
5e-05
5e-05
5e-05
5e-05
5e-05
5e-05
5e-05
5e-05
5e-05
5e-05
5e-05
5e-05
5e-05
5e-05
5e-05
5e-05
5e-05
5e-05
5e-05
5e-05
5e-05
5e-05
5e-05
5e-05
5e-05
5e-05
5e-05
5e-05
5e-05
5e-05
5e-05
5e-05
5e-05
5e-05
5e-05
5e-05
5e-05
5e-05
5e-05
5e-05
5e-05
5e-05
5e-05
5e-05
5e-05
5e-05
5e-05
5e-05
5e-05
5e-05
5e-05
5e-05
5e-05
5e-05
5e-05
5e-05
5e-05
5e-05
5e-05
5e-05
5e-05
5e-05
5e-05
5e-05
5e-05
5e-05
5e-05
5e-05
5e-05
5e-05
5e-05
5e-05
5e-05
5e-05
5e-05
5.16058e-05
5.45927e-05
5.87672e-05
6.39627e-05
7.00358e-05
7.68631e-05
8.43384e-05
9.23701e-05
0.00010088
0.000109799
0.00011907
0.000128642
0.000138473
0.000148524
0.000158764
0.000169166
0.000179705
0.000190361
0.000201117
0.000211957
0.000222868
0.00023384
0.000244862
0.000255926
0.000267025
0.000278153
0.000289305
0.000300475
0.000311661
0.000322859
0.000334065
0.000345278
0.000356495
0.000367714
0.000378934
0.000390153
0.000401371
0.000412586
0.000423798
0.000435005
0.000446207
0.000457404
0.000468594
0.000479779
0.000490957
0.000502127
0.000513291
0.000524447
0.000535596
0.000546737
0.00055787
0.000568995
0.000580113
0.000591222
0.000602323
0.000613415
0.0006245
0.000635576
0.000646644
0.000657704
0.000668755
0.000679798
0.000690833
0.00070186
0.000712878
0.000723888
0.00073489
0.000745883
0.000756868
0.000767845
0.000778814
0.000789774
0.000800726
0.000811671
0.000822607
0.000833534
0.000844454
0.000855366
0.000866269
0.000877165
0.000886446
0.000894338
0.000901033
0.000906698
0.000911476
0.00091549
0.000918845
0.000921635
0.000923937
0.000925819
0.000927339
0.000928549
0.00092949
0.000930201
0.000930714
0.000931055
0.00093125
0.000931317
0.000931276
0.000931142
0.000930926
0.000930642
0.000930297
0.000929902
0.000929462
0.000928984
0.000928474
0.000927936
0.000927374
0.000926791
0.000926191
0.000925575
0.000924947
0.000924307
0.000923658
0.000923001
0.000922337
0.000921667
0.000920993
0.000920314
0.000919631
0.000918945
0.000918257
0.000917567
0.000916875
0.000916182
0.000915488
0.000914793
0.000914097
0.0009134
0.000912703
0.000912006
0.000911309
0.000910611
0.000909914
0.000909217
0.00090852
0.000907823
0.000907126
0.00090643
0.000905734
0.000905038
0.000904343
0.000903648
0.000902953
0.000902259
0.000901566
0.000900872
0.00090018
0.000899487
0.000898796
0.000898104
0.000897413
0.000896723
0.000896033
0.000895344
0.000894655
0.000893967
0.000893279
0.000892591
0.000891905
0.000891218
0.000890533
0.000889847
0.000889162
0.000888478
0.000887794
0.000887111
0.000886428
0.000885746
0.000885064
0.000884383
0.000883703
0.000883022
0.000882343
0.000881664
0.000880985
0.000880307
0.000879629
0.000878952
0.000878275
0.000877599
0.000876924
0.000876249
0.000875574
0.0008749
0.000874227
0.000873554
0.000872881
0.000872209
0.000871537
0.000870866
0.000870196
0.000869526
0.000868856
0.000868188
0.000867519
0.000866851
0.000866184
0.000865517
0.00086485
0.000864184
0.000863519
0.000862854
0.000862189
0.000861526
0.000860862
0.000860199
0.000859537
0.000858875
0.000858213
0.000857553
0.000856892
0.000856232
0.000855573
0.000854914
0.000854255
0.000853598
0.00085294
0.000852283
0.000851627
0.000850971
0.000850315
0.000849661
0.000849006
0.000848352
0.000847699
0.000847046
0.000846393
0.000845741
0.00084509
0.000844439
0.000843789
0.000843139
0.000842489
0.00084184
0.000841192
0.000840544
0.000839896
0.000839249
0.000838603
0.000837957
0.000837311
0.000836666
0.000836021
0.000835377
0.000834734
0.000834091
0.000833448
0.000832806
0.000832164
0.000831523
0.000830883
0.000830242
0.000829603
0.000828964
0.000828325
0.000827687
0.000827049
0.000826412
0.000825775
0.000825139
0.000824503
0.000823868
0.000823233
0.000822599
0.000821965
0.000821331
0.000820699
0.000820066
0.000819434
0.000818803
0.000818172
0.000817541
0.000816912
0.000816282
0.000815653
0.000815024
0.000814396
0.000813769
0.000813142
0.000812515
0.000811889
0.000811263
0.000810638
0.000810013
0.000809389
0.000808765
0.000808142
0.000807519
0.000806897
0.000806275
0.000805654
0.000805033
0.000804413
0.000803793
0.000803173
0.000802554
0.000801936
0.000801318
0.0008007
0.000800083
0.000799466
0.00079885
0.000798235
0.000797619
0.000797005
0.00079639
0.000795776
0.000795163
0.00079455
0.000793938
0.000793326
0.000792715
0.000792104
0.000791493
0.000790883
0.000790273
0.000789664
0.000789056
0.000788448
0.00078784
0.000787233
0.000786626
0.00078602
0.000785414
0.000784808
0.000784203
0.000783599
0.000782995
0.000782391
0.000781788
0.000781186
0.000780584
0.000779982
0.000779381
0.00077878
0.00077818
0.00077758
0.000776981
0.000776382
0.000775783
0.000775185
0.000774588
0.000773991
0.000773394
0.000772798
0.000772202
0.000771607
0.000771012
0.000770418
0.000769824
0.000769231
0.000768638
0.000768046
0.000767454
0.000766862
0.000766271
0.00076568
0.00076509
0.0007645
0.000763911
0.000763322
0.000762734
0.000762146
0.000761558
0.000760971
0.000760385
0.000759799
0.000759213
0.000758628
0.000758043
0.000757459
0.000756875
0.000756292
0.000755709
0.000755126
0.000754544
0.000753962
0.000753381
0.000752801
0.00075222
0.000751641
0.000751061
0.000750482
0.000749904
0.000749326
0.000748748
0.000748171
0.000747594
0.000747018
0.000746442
0.000745867
0.000745292
0.000744718
0.000744144
0.00074357
0.000742997
0.000742424
0.000741852
0.00074128
0.000740709
0.000740138
0.000739568
0.000738998
0.000738428
0.000737859
0.00073729
0.000736722
0.000736154
0.000735587
0.00073502
0.000734453
0.000733887
0.000733322
0.000732757
0.000732192
0.000731628
0.000731064
0.0007305
0.000729937
0.000729375
0.000728813
0.000728251
0.00072769
0.000727129
0.000726569
0.000726009
0.000725449
0.00072489
0.000724331
0.000723773
0.000723215
0.000722658
0.000722101
0.000721545
0.000720989
0.000720433
0.000719878
0.000719323
0.000718769
0.000718215
0.000717662
0.000717109
0.000716556
0.000716004
0.000715452
0.000714901
0.00071435
0.0007138
0.000713249
0.0007127
0.000712151
0.000711602
0.000711054
0.000710506
0.000709958
0.000709411
0.000708865
0.000708319
0.000707773
0.000707228
0.000706683
0.000706138
0.000705594
0.000705051
0.000704507
0.000703965
0.000703422
0.00070288
0.000702339
0.000701798
0.000701257
0.000700717
0.000700177
0.000699638
0.000699099
0.00069856
0.000698022
0.000697484
0.000696947
0.00069641
0.000695874
0.000695337
0.000694802
0.000694267
0.000693732
0.000693198
0.000692664
0.00069213
0.000691597
0.000691064
0.000690532
0.00069
0.000689469
0.000688938
0.000688407
0.000687877
0.000687347
0.000686818
0.000686289
0.00068576
0.000685232
0.000684704
0.000684177
0.00068365
0.000683124
0.000682597
0.000682072
0.000681547
0.000681022
0.000680497
0.000679973
0.00067945
0.000678926
0.000678404
0.000677881
0.000677359
0.000676838
0.000676317
0.000675796
0.000675275
0.000674756
0.000674236
0.000673717
0.000673198
0.00067268
0.000672162
0.000671645
0.000671127
0.000670611
0.000670095
0.000669579
0.000669063
0.000668548
0.000668033
0.000667519
0.000667005
0.000666492
0.000665979
0.000665466
0.000664954
0.000664442
0.000663931
0.00066342
0.000662909
0.000662399
0.000661889
0.00066138
0.000660871
0.000660362
0.000659854
0.000659346
0.000658839
0.000658331
0.000657825
0.000657319
0.000656813
0.000656307
0.000655802
0.000655298
0.000654793
0.00065429
0.000653786
0.000653283
0.00065278
0.000652278
0.000651776
0.000651275
0.000650774
0.000650273
0.000649773
0.000649273
0.000648773
0.000648274
0.000647776
0.000647277
0.000646779
0.000646282
0.000645785
0.000645288
0.000644791
0.000644296
0.0006438
0.000643305
0.00064281
0.000642316
0.000641822
0.000641328
0.000640835
0.000640342
0.000639849
0.000639357
0.000638866
0.000638374
0.000637883
0.000637393
0.000636903
0.000636413
0.000635924
0.000635435
0.000634946
0.000634458
0.00063397
0.000633483
0.000632996
0.000632509
0.000632023
0.000631537
0.000631051
0.000630566
0.000630081
0.000629597
0.000629113
0.000628629
0.000628146
0.000627663
0.000627181
0.000626699
0.000626217
0.000625736
0.000625255
0.000624774
0.000624294
0.000623814
0.000623335
0.000622856
0.000622377
0.000621899
0.000621421
0.000620944
0.000620466
0.00061999
0.000619513
0.000619037
0.000618562
0.000618086
0.000617612
0.000617137
0.000616663
0.000616189
0.000615716
0.000615243
0.00061477
0.000614298
0.000613826
0.000613355
0.000612883
0.000612413
0.000611942
0.000611472
0.000611003
0.000610533
0.000610065
0.000609596
0.000609128
0.00060866
0.000608193
0.000607726
0.000607259
0.000606793
0.000606327
0.000605861
0.000605396
0.000604931
0.000604467
0.000604003
0.000603539
0.000603076
0.000602613
0.00060215
0.000601688
0.000601226
0.000600765
0.000600303
0.000599843
0.000599382
0.000598922
0.000598463
0.000598003
0.000597544
0.000597086
0.000596627
0.00059617
0.000595712
0.000595255
0.000594798
0.000594342
0.000593886
0.00059343
0.000592975
0.00059252
0.000592065
0.000591611
0.000591157
0.000590704
0.000590251
0.000589798
0.000589346
0.000588893
0.000588442
0.00058799
0.000587539
0.000587089
0.000586639
0.000586189
0.000585739
0.00058529
0.000584841
0.000584393
0.000583945
0.000583497
0.000583049
0.000582602
0.000582156
0.000581709
0.000581263
0.000580818
0.000580373
0.000579928
0.000579483
0.000579039
0.000578595
0.000578152
0.000577709
0.000577266
0.000576823
0.000576381
0.00057594
0.000575498
0.000575057
0.000574617
0.000574176
0.000573736
0.000573297
0.000572857
0.000572418
0.00057198
0.000571542
0.000571104
0.000570666
0.000570229
0.000569792
0.000569356
0.00056892
0.000568484
0.000568049
0.000567614
0.000567179
0.000566745
0.000566311
0.000565877
0.000565444
0.000565011
0.000564578
0.000564146
0.000563714
0.000563282
0.000562851
0.00056242
0.000561989
0.000561559
0.000561129
0.0005607
0.000560271
0.000559842
0.000559413
0.000558985
0.000558557
0.00055813
0.000557703
0.000557276
0.00055685
0.000556423
0.000555998
0.000555572
0.000555147
0.000554722
0.000554298
0.000553874
0.00055345
0.000553027
0.000552604
0.000552181
0.000551759
0.000551337
0.000550915
0.000550494
0.000550073
0.000549652
0.000549232
0.000548812
0.000548392
0.000547973
0.000547554
0.000547135
0.000546717
0.000546299
0.000545881
0.000545464
0.000545047
0.00054463
0.000544214
0.000543798
0.000543382
0.000542967
0.000542552
0.000542138
0.000541723
0.000541309
0.000540896
0.000540482
0.000540069
0.000539657
0.000539244
0.000538832
0.000538421
0.00053801
0.000537599
0.000537188
0.000536778
0.000536368
0.000535958
0.000535549
0.00053514
0.000534731
0.000534323
0.000533915
0.000533507
0.0005331
0.000532693
0.000532286
0.000531879
0.000531473
0.000531068
0.000530662
0.000530257
0.000529852
0.000529448
0.000529044
0.00052864
0.000528237
0.000527834
0.000527431
0.000527028
0.000526626
0.000526224
0.000525823
0.000525422
0.000525021
0.00052462
0.00052422
0.00052382
0.000523421
0.000523021
0.000522623
0.000522224
0.000521826
0.000521428
0.00052103
0.000520633
0.000520236
0.000519839
0.000519443
0.000519047
0.000518651
0.000518256
0.000517861
0.000517466
0.000517071
0.000516677
0.000516283
0.00051589
0.000515497
0.000515104
0.000514711
0.000514319
0.000513927
0.000513536
0.000513145
0.000512754
0.000512363
0.000511973
0.000511583
0.000511193
0.000510804
0.000510415
0.000510026
0.000509637
0.000509249
0.000508861
0.000508474
0.000508087
0.0005077
0.000507313
0.000506927
0.000506541
0.000506156
0.00050577
0.000505385
0.000505001
0.000504616
0.000504232
0.000503848
0.000503465
0.000503082
0.000502699
0.000502317
0.000501934
0.000501553
0.000501171
0.00050079
0.000500409
0.000500028
0.000499648
0.000499268
0.000498888
0.000498509
0.000498129
0.000497751
0.000497372
0.000496994
0.000496616
0.000496239
0.000495861
0.000495484
0.000495108
0.000494731
0.000494355
0.000493979
0.000493604
0.000493229
0.000492854
0.00049248
0.000492105
0.000491731
0.000491358
0.000490984
0.000490611
0.000490239
0.000489866
0.000489494
0.000489122
0.000488751
0.00048838
0.000488009
0.000487638
0.000487268
0.000486898
0.000486528
0.000486159
0.00048579
0.000485421
0.000485052
0.000484684
0.000484316
0.000483949
0.000483581
0.000483214
0.000482848
0.000482481
0.000482115
0.000481749
0.000481384
0.000481019
0.000480654
0.000480289
0.000479925
0.000479561
0.000479197
0.000478834
0.00047847
0.000478108
0.000477745
0.000477383
0.000477021
0.000476659
0.000476298
0.000475937
0.000475576
0.000475215
0.000474855
0.000474495
0.000474136
0.000473776
0.000473417
0.000473058
0.0004727
0.000472342
0.000471984
0.000471626
0.000471269
0.000470912
0.000470555
0.000470199
0.000469843
0.000469487
0.000469132
0.000468776
0.000468421
0.000468067
0.000467712
0.000467358
0.000467004
0.000466651
0.000466298
0.000465945
0.000465592
0.00046524
0.000464888
0.000464536
0.000464184
0.000463833
0.000463482
0.000463131
0.000462781
0.000462431
0.000462081
0.000461732
0.000461382
0.000461034
0.000460685
0.000460336
0.000459988
0.000459641
0.000459293
0.000458946
0.000458599
0.000458252
0.000457906
0.00045756
0.000457214
0.000456868
0.000456523
0.000456178
0.000455833
0.000455489
0.000455145
0.000454801
0.000454457
0.000454114
0.000453771
0.000453428
0.000453086
0.000452744
0.000452402
0.00045206
0.000451719
0.000451378
0.000451037
0.000450697
0.000450356
0.000450017
0.000449677
0.000449337
0.000448998
0.00044866
0.000448321
0.000447983
0.000447645
0.000447307
0.00044697
0.000446632
0.000446295
0.000445959
0.000445623
0.000445286
0.000444951
0.000444615
0.00044428
0.000443945
0.00044361
0.000443276
0.000442942
0.000442608
0.000442274
0.000441941
0.000441608
0.000441275
0.000440942
0.00044061
0.000440278
0.000439947
0.000439615
0.000439284
0.000438953
0.000438623
0.000438292
0.000437962
0.000437632
0.000437303
0.000436974
0.000436645
0.000436316
0.000435987
0.000435659
0.000435331
0.000435004
0.000434676
0.000434349
0.000434022
0.000433696
0.000433369
0.000433043
0.000432718
0.000432392
0.000432067
0.000431742
0.000431417
0.000431093
0.000430769
0.000430445
0.000430121
0.000429798
0.000429475
0.000429152
0.000428829
0.000428507
0.000428185
0.000427863
0.000427542
0.00042722
0.000426899
0.000426579
0.000426258
0.000425938
0.000425618
0.000425298
0.000424979
0.00042466
0.000424341
0.000424022
0.000423704
0.000423386
0.000423068
0.00042275
0.000422433
0.000422116
0.000421799
0.000421483
0.000421166
0.00042085
0.000420534
0.000420219
0.000419904
0.000419589
0.000419274
0.00041896
0.000418645
0.000418331
0.000418018
0.000417704
0.000417391
0.000417078
0.000416766
0.000416453
0.000416141
0.000415829
0.000415517
0.000415206
0.000414895
0.000414584
0.000414273
0.000413963
0.000413653
0.000413343
0.000413034
0.000412724
0.000412415
0.000412106
0.000411798
0.000411489
0.000411181
0.000410874
0.000410566
0.000410259
0.000409952
0.000409645
0.000409338
0.000409032
0.000408726
0.00040842
0.000408115
0.000407809
0.000407504
0.0004072
0.000406895
0.000406591
0.000406287
0.000405983
0.000405679
0.000405376
0.000405073
0.00040477
0.000404468
0.000404166
0.000403864
0.000403562
0.00040326
0.000402959
0.000402658
0.000402357
0.000402057
0.000401756
0.000401456
0.000401156
0.000400857
0.000400558
0.000400259
0.00039996
0.000399661
0.000399363
0.000399065
0.000398767
0.000398469
0.000398172
0.000397875
0.000397578
0.000397282
0.000396985
0.000396689
0.000396393
0.000396098
0.000395802
0.000395507
0.000395212
0.000394918
0.000394623
0.000394329
0.000394035
0.000393741
0.000393448
0.000393155
0.000392862
0.000392569
0.000392277
0.000391985
0.000391693
0.000391401
0.000391109
0.000390818
0.000390527
0.000390236
0.000389946
0.000389655
0.000389365
0.000389076
0.000388786
0.000388497
0.000388208
0.000387919
0.00038763
0.000387342
0.000387054
0.000386766
0.000386478
0.000386191
0.000385903
0.000385616
0.00038533
0.000385043
0.000384757
0.000384471
0.000384185
0.0003839
0.000383614
0.000383329
0.000383045
0.00038276
0.000382476
0.000382192
0.000381908
0.000381624
0.000381341
0.000381057
0.000380774
0.000380492
0.000380209
0.000379927
0.000379645
0.000379363
0.000379082
0.0003788
0.000378519
0.000378239
0.000377958
0.000377678
0.000377397
0.000377118
0.000376838
0.000376558
0.000376279
0.000376
0.000375721
0.000375443
0.000375165
0.000374887
0.000374609
0.000374331
0.000374054
0.000373777
0.0003735
0.000373223
0.000372947
0.00037267
0.000372394
0.000372119
0.000371843
0.000371568
0.000371293
0.000371018
0.000370743
0.000370469
0.000370195
0.000369921
0.000369647
0.000369374
0.0003691
0.000368827
0.000368554
0.000368282
0.00036801
0.000367737
0.000367466
0.000367194
0.000366922
0.000366651
0.00036638
0.000366109
0.000365839
0.000365569
0.000365298
0.000365029
0.000364759
0.00036449
0.00036422
0.000363951
0.000363683
0.000363414
0.000363146
0.000362878
0.00036261
0.000362342
0.000362075
0.000361808
0.000361541
0.000361274
0.000361007
0.000360741
0.000360475
0.000360209
0.000359943
0.000359678
0.000359413
0.000359148
0.000358883
0.000358618
0.000358354
0.00035809
0.000357826
0.000357562
0.000357299
0.000357036
0.000356773
0.00035651
0.000356247
0.000355985
0.000355723
0.000355461
0.000355199
0.000354938
0.000354677
0.000354416
0.000354155
0.000353894
0.000353634
0.000353374
0.000353114
0.000352854
0.000352594
0.000352335
0.000352076
0.000351817
0.000351558
0.0003513
0.000351042
0.000350784
0.000350526
0.000350268
0.000350011
0.000349754
0.000349497
0.00034924
0.000348984
0.000348727
0.000348471
0.000348215
0.00034796
0.000347704
0.000347449
0.000347194
0.000346939
0.000346684
0.00034643
0.000346176
0.000345922
0.000345668
0.000345415
0.000345161
0.000344908
0.000344655
0.000344403
0.00034415
0.000343898
0.000343646
0.000343394
0.000343142
0.000342891
0.00034264
0.000342389
0.000342138
0.000341887
0.000341637
0.000341387
0.000341137
0.000340887
0.000340637
0.000340388
0.000340139
0.00033989
0.000339641
0.000339393
0.000339144
0.000338896
0.000338648
0.000338401
0.000338153
0.000337906
0.000337659
0.000337412
0.000337165
0.000336919
0.000336673
0.000336427
0.000336181
0.000335935
0.00033569
0.000335444
0.000335199
0.000334955
0.00033471
0.000334466
0.000334221
0.000333977
0.000333734
0.00033349
0.000333247
0.000333004
0.000332761
0.000332518
0.000332275
0.000332033
0.000331791
0.000331549
0.000331307
0.000331065
0.000330824
0.000330583
0.000330342
0.000330101
0.000329861
0.00032962
0.00032938
0.00032914
0.0003289
0.000328661
0.000328422
0.000328182
0.000327943
0.000327705
0.000327466
0.000327228
0.00032699
0.000326752
0.000326514
0.000326276
0.000326039
0.000325802
0.000325565
0.000325328
0.000325092
0.000324855
0.000324619
0.000324383
0.000324147
0.000323912
0.000323677
0.000323441
0.000323206
0.000322972
0.000322737
0.000322503
0.000322268
0.000322034
0.000321801
0.000321567
0.000321334
0.0003211
0.000320867
0.000320635
0.000320402
0.000320169
0.000319937
0.000319705
0.000319473
0.000319242
0.00031901
0.000318779
0.000318548
0.000318317
0.000318086
0.000317856
0.000317626
0.000317395
0.000317166
0.000316936
0.000316706
0.000316477
0.000316248
0.000316019
0.00031579
0.000315561
0.000315333
0.000315105
0.000314877
0.000314649
0.000314422
0.000314194
0.000313967
0.00031374
0.000313513
0.000313286
0.00031306
0.000312834
0.000312607
0.000312382
0.000312156
0.00031193
0.000311705
0.00031148
0.000311255
0.00031103
0.000310806
0.000310581
0.000310357
0.000310133
0.000309909
0.000309686
0.000309462
0.000309239
0.000309016
0.000308793
0.00030857
0.000308348
0.000308125
0.000307903
0.000307681
0.000307459
0.000307238
0.000307016
0.000306795
0.000306574
0.000306353
0.000306133
0.000305912
0.000305692
0.000305472
0.000305252
0.000305032
0.000304813
0.000304593
0.000304374
0.000304155
0.000303936
0.000303718
0.000303499
0.000303281
0.000303063
0.000302845
0.000302627
0.00030241
0.000302193
0.000301975
0.000301758
0.000301542
0.000301325
0.000301109
0.000300892
0.000300676
0.00030046
0.000300245
0.000300029
0.000299814
0.000299599
0.000299384
0.000299169
0.000298954
0.00029874
0.000298526
0.000298312
0.000298098
0.000297884
0.00029767
0.000297457
0.000297244
0.000297031
0.000296818
0.000296605
0.000296393
0.000296181
0.000295969
0.000295757
0.000295545
0.000295333
0.000295122
0.000294911
0.0002947
0.000294489
0.000294278
0.000294068
0.000293857
0.000293647
0.000293437
0.000293227
0.000293018
0.000292808
0.000292599
0.00029239
0.000292181
0.000291972
0.000291764
0.000291555
0.000291347
0.000291139
0.000290931
0.000290724
0.000290516
0.000290309
0.000290102
0.000289895
0.000289688
0.000289481
0.000289275
0.000289068
0.000288862
0.000288656
0.000288451
0.000288245
0.00028804
0.000287834
0.000287629
0.000287424
0.00028722
0.000287015
0.000286811
0.000286607
0.000286403
0.000286199
0.000285995
0.000285791
0.000285588
0.000285385
0.000285182
0.000284979
0.000284776
0.000284574
0.000284372
0.000284169
0.000283967
0.000283766
0.000283564
0.000283362
0.000283161
0.00028296
0.000282759
0.000282558
0.000282358
0.000282157
0.000281957
0.000281757
0.000281557
0.000281357
0.000281157
0.000280958
0.000280759
0.00028056
0.000280361
0.000280162
0.000279963
0.000279765
0.000279567
0.000279369
0.000279171
0.000278973
0.000278775
0.000278578
0.000278381
0.000278183
0.000277987
0.00027779
0.000277593
0.000277397
0.0002772
0.000277004
0.000276808
0.000276613
0.000276417
0.000276222
0.000276026
0.000275831
0.000275636
0.000275441
0.000275247
0.000275052
0.000274858
0.000274664
0.00027447
0.000274276
0.000274083
0.000273889
0.000273696
0.000273503
0.00027331
0.000273117
0.000272924
0.000272732
0.000272539
0.000272347
0.000272155
0.000271963
0.000271772
0.00027158
0.000271389
0.000271198
0.000271007
0.000270816
0.000270625
0.000270434
0.000270244
0.000270054
0.000269864
0.000269674
0.000269484
0.000269295
0.000269105
0.000268916
0.000268727
0.000268538
0.000268349
0.00026816
0.000267972
0.000267784
0.000267596
0.000267408
0.00026722
0.000267032
0.000266845
0.000266657
0.00026647
0.000266283
0.000266096
0.000265909
0.000265723
0.000265536
0.00026535
0.000265164
0.000264978
0.000264792
0.000264607
0.000264421
0.000264236
0.000264051
0.000263866
0.000263681
0.000263496
0.000263312
0.000263128
0.000262943
0.000262759
0.000262575
0.000262392
0.000262208
0.000262025
0.000261841
0.000261658
0.000261475
0.000261292
0.00026111
0.000260927
0.000260745
0.000260563
0.000260381
0.000260199
0.000260017
0.000259836
0.000259654
0.000259473
0.000259292
0.000259111
0.00025893
0.000258749
0.000258569
0.000258389
0.000258208
0.000258028
0.000257848
0.000257669
0.000257489
0.00025731
0.00025713
0.000256951
0.000256772
0.000256594
0.000256415
0.000256236
0.000256058
0.00025588
0.000255702
0.000255524
0.000255346
0.000255168
0.000254991
0.000254814
0.000254636
0.000254459
0.000254283
0.000254106
0.000253929
0.000253753
0.000253577
0.000253401
0.000253225
0.000253049
0.000252873
0.000252698
0.000252522
0.000252347
0.000252172
0.000251997
0.000251822
0.000251648
0.000251473
0.000251299
0.000251125
0.000250951
0.000250777
0.000250603
0.000250429
0.000250256
0.000250083
0.00024991
0.000249737
0.000249564
0.000249391
0.000249218
0.000249046
0.000248874
0.000248702
0.00024853
0.000248358
0.000248186
0.000248015
0.000247843
0.000247672
0.000247501
0.00024733
0.000247159
0.000246988
0.000246818
0.000246648
0.000246477
0.000246307
0.000246137
0.000245968
0.000245798
0.000245628
0.000245459
0.00024529
0.000245121
0.000244952
0.000244783
0.000244614
0.000244446
0.000244278
0.000244109
0.000243941
0.000243773
0.000243606
0.000243438
0.00024327
0.000243103
0.000242936
0.000242769
0.000242602
0.000242435
0.000242268
0.000242102
0.000241935
0.000241769
0.000241603
0.000241437
0.000241271
0.000241106
0.00024094
0.000240775
0.00024061
0.000240445
0.00024028
0.000240115
0.00023995
0.000239786
0.000239621
0.000239457
0.000239293
0.000239129
0.000238965
0.000238801
0.000238638
0.000238474
0.000238311
0.000238148
0.000237985
0.000237822
0.000237659
0.000237497
0.000237334
0.000237172
0.00023701
0.000236848
0.000236686
0.000236524
0.000236362
0.000236201
0.00023604
0.000235878
0.000235717
0.000235556
0.000235396
0.000235235
0.000235074
0.000234914
0.000234754
0.000234594
0.000234434
0.000234274
0.000234114
0.000233955
0.000233795
0.000233636
0.000233477
0.000233318
0.000233159
0.000233
0.000232841
0.000232683
0.000232524
0.000232366
0.000232208
0.00023205
0.000231892
0.000231735
0.000231577
0.00023142
0.000231263
0.000231105
0.000230948
0.000230792
0.000230635
0.000230478
0.000230322
0.000230165
0.000230009
0.000229853
0.000229697
0.000229541
0.000229386
0.00022923
0.000229075
0.000228919
0.000228764
0.000228609
0.000228454
0.0002283
0.000228145
0.000227991
0.000227836
0.000227682
0.000227528
0.000227374
0.00022722
0.000227066
0.000226913
0.000226759
0.000226606
0.000226453
0.0002263
0.000226147
0.000225994
0.000225841
0.000225689
0.000225537
0.000225384
0.000225232
0.00022508
0.000224928
0.000224777
0.000224625
0.000224473
0.000224322
0.000224171
0.00022402
0.000223869
0.000223718
0.000223567
0.000223417
0.000223266
0.000223116
0.000222966
0.000222816
0.000222666
0.000222516
0.000222366
0.000222217
0.000222067
0.000221918
0.000221769
0.00022162
0.000221471
0.000221322
0.000221173
0.000221025
0.000220876
0.000220728
0.00022058
0.000220432
0.000220284
0.000220136
0.000219989
0.000219841
0.000219694
0.000219546
0.000219399
0.000219252
0.000219105
0.000218958
0.000218812
0.000218665
0.000218519
0.000218373
0.000218227
0.00021808
0.000217935
0.000217789
0.000217643
0.000217498
0.000217352
0.000217207
0.000217062
0.000216917
0.000216772
0.000216627
0.000216482
0.000216338
0.000216193
0.000216049
0.000215905
0.000215761
0.000215617
0.000215473
0.00021533
0.000215186
0.000215043
0.000214899
0.000214756
0.000214613
0.00021447
0.000214327
0.000214185
0.000214042
0.0002139
0.000213757
0.000213615
0.000213473
0.000213331
0.000213189
0.000213048
0.000212906
0.000212764
0.000212623
0.000212482
0.000212341
0.0002122
0.000212059
0.000211918
0.000211777
0.000211637
0.000211497
0.000211356
0.000211216
0.000211076
0.000210936
0.000210796
0.000210657
0.000210517
0.000210378
0.000210238
0.000210099
0.00020996
0.000209821
0.000209682
0.000209544
0.000209405
0.000209267
0.000209128
0.00020899
0.000208852
0.000208714
0.000208576
0.000208438
0.0002083
0.000208163
0.000208026
0.000207888
0.000207751
0.000207614
0.000207477
0.00020734
0.000207203
0.000207067
0.00020693
0.000206794
0.000206658
0.000206522
0.000206386
0.00020625
0.000206114
0.000205978
0.000205843
0.000205707
0.000205572
0.000205437
0.000205302
0.000205167
0.000205032
0.000204897
0.000204762
0.000204628
0.000204494
0.000204359
0.000204225
0.000204091
0.000203957
0.000203823
0.00020369
0.000203556
0.000203423
0.000203289
0.000203156
0.000203023
0.00020289
0.000202757
0.000202624
0.000202491
0.000202359
0.000202226
0.000202094
0.000201962
0.00020183
0.000201698
0.000201566
0.000201434
0.000201302
0.000201171
0.000201039
0.000200908
0.000200777
0.000200646
0.000200515
0.000200384
0.000200253
0.000200123
0.000199992
0.000199862
0.000199731
0.000199601
0.000199471
0.000199341
0.000199211
0.000199081
0.000198952
0.000198822
0.000198693
0.000198563
0.000198434
0.000198305
0.000198176
0.000198047
0.000197919
0.00019779
0.000197661
0.000197533
0.000197405
0.000197276
0.000197148
0.00019702
0.000196892
0.000196765
0.000196637
0.00019651
0.000196382
0.000196255
0.000196128
0.000196
0.000195873
0.000195747
0.00019562
0.000195493
0.000195366
0.00019524
0.000195114
0.000194987
0.000194861
0.000194735
0.000194609
0.000194484
0.000194358
0.000194232
0.000194107
0.000193981
0.000193856
0.000193731
0.000193606
0.000193481
0.000193356
0.000193231
0.000193107
0.000192982
0.000192858
0.000192734
0.000192609
0.000192485
0.000192361
0.000192237
0.000192114
0.00019199
0.000191866
0.000191743
0.00019162
0.000191496
0.000191373
0.00019125
0.000191127
0.000191004
0.000190882
0.000190759
0.000190637
0.000190514
0.000190392
0.00019027
0.000190148
0.000190026
0.000189904
0.000189782
0.00018966
0.000189539
0.000189417
0.000189296
0.000189175
0.000189054
0.000188933
0.000188812
0.000188691
0.00018857
0.000188449
0.000188329
0.000188208
0.000188088
0.000187968
0.000187848
0.000187728
0.000187608
0.000187488
0.000187368
0.000187249
0.000187129
0.00018701
0.000186891
0.000186772
0.000186652
0.000186533
0.000186415
0.000186296
0.000186177
0.000186059
0.00018594
0.000185822
0.000185703
0.000185585
0.000185467
0.000185349
0.000185231
0.000185114
0.000184996
0.000184878
0.000184761
0.000184644
0.000184526
0.000184409
0.000184292
0.000184175
0.000184058
0.000183942
0.000183825
0.000183708
0.000183592
0.000183476
0.000183359
0.000183243
0.000183127
0.000183011
0.000182895
0.00018278
0.000182664
0.000182549
0.000182433
0.000182318
0.000182202
0.000182087
0.000181972
0.000181857
0.000181742
0.000181628
0.000181513
0.000181398
0.000181284
0.00018117
0.000181055
0.000180941
0.000180827
0.000180713
0.000180599
0.000180486
0.000180372
0.000180258
0.000180145
0.000180031
0.000179918
0.000179805
0.000179692
0.000179579
0.000179466
0.000179353
0.00017924
0.000179128
0.000179015
0.000178903
0.000178791
0.000178678
0.000178566
0.000178454
0.000178342
0.000178231
0.000178119
0.000178007
0.000177896
0.000177784
0.000177673
0.000177562
0.00017745
0.000177339
0.000177228
0.000177117
0.000177007
0.000176896
0.000176785
0.000176675
0.000176565
0.000176454
0.000176344
0.000176234
0.000176124
0.000176014
0.000175904
0.000175794
0.000175685
0.000175575
0.000175466
0.000175356
0.000175247
0.000175138
0.000175029
0.00017492
0.000174811
0.000174702
0.000174594
0.000174485
0.000174376
0.000174268
0.00017416
0.000174052
0.000173943
0.000173835
0.000173727
0.00017362
0.000173512
0.000173404
0.000173297
0.000173189
0.000173082
0.000172974
0.000172867
0.00017276
0.000172653
0.000172546
0.000172439
0.000172332
0.000172226
0.000172119
0.000172013
0.000171906
0.0001718
0.000171694
0.000171588
0.000171482
0.000171376
0.00017127
0.000171164
0.000171059
0.000170953
0.000170848
0.000170742
0.000170637
0.000170532
0.000170427
0.000170322
0.000170217
0.000170112
0.000170007
0.000169902
0.000169798
0.000169693
0.000169589
0.000169485
0.000169381
0.000169276
0.000169172
0.000169068
0.000168965
0.000168861
0.000168757
0.000168654
0.00016855
0.000168447
0.000168343
0.00016824
0.000168137
0.000168034
0.000167931
0.000167828
0.000167725
0.000167623
0.00016752
0.000167418
0.000167315
0.000167213
0.000167111
0.000167009
0.000166906
0.000166805
0.000166703
0.000166601
0.000166499
0.000166397
0.000166296
0.000166194
0.000166093
0.000165992
0.000165891
0.00016579
0.000165689
0.000165588
0.000165487
0.000165386
0.000165285
0.000165185
0.000165084
0.000164984
0.000164884
0.000164783
0.000164683
0.000164583
0.000164483
0.000164383
0.000164283
0.000164184
0.000164084
0.000163985
0.000163885
0.000163786
0.000163686
0.000163587
0.000163488
0.000163389
0.00016329
0.000163191
0.000163092
0.000162994
0.000162895
0.000162797
0.000162698
0.0001626
0.000162502
0.000162403
0.000162305
0.000162207
0.000162109
0.000162012
0.000161914
0.000161816
0.000161719
0.000161621
0.000161524
0.000161426
0.000161329
0.000161232
0.000161135
0.000161038
0.000160941
0.000160844
0.000160747
0.000160651
0.000160554
0.000160458
0.000160361
0.000160265
0.000160169
0.000160072
0.000159976
0.00015988
0.000159784
0.000159689
0.000159593
0.000159497
0.000159402
0.000159306
0.000159211
0.000159115
0.00015902
0.000158925
0.00015883
0.000158735
0.00015864
0.000158545
0.00015845
0.000158356
0.000158261
0.000158167
0.000158072
0.000157978
0.000157883
0.000157789
0.000157695
0.000157601
0.000157507
0.000157413
0.00015732
0.000157226
0.000157132
0.000157039
0.000156945
0.000156852
0.000156759
0.000156665
0.000156572
0.000156479
0.000156386
0.000156293
0.0001562
0.000156108
0.000156015
0.000155922
0.00015583
0.000155738
0.000155645
0.000155553
0.000155461
0.000155369
0.000155277
0.000155185
0.000155093
0.000155001
0.000154909
0.000154818
0.000154726
0.000154635
0.000154543
0.000154452
0.000154361
0.00015427
0.000154179
0.000154088
0.000153997
0.000153906
0.000153815
0.000153724
0.000153634
0.000153543
0.000153453
0.000153363
0.000153272
0.000153182
0.000153092
0.000153002
0.000152912
0.000152822
0.000152732
0.000152643
0.000152553
0.000152463
0.000152374
0.000152284
0.000152195
0.000152106
0.000152017
0.000151927
0.000151838
0.000151749
0.000151661
0.000151572
0.000151483
0.000151394
0.000151306
0.000151217
0.000151129
0.00015104
0.000150952
0.000150864
0.000150776
0.000150688
0.0001506
0.000150512
0.000150424
0.000150336
0.000150249
0.000150161
0.000150074
0.000149986
0.000149899
0.000149812
0.000149724
0.000149637
0.00014955
0.000149463
0.000149376
0.000149289
0.000149203
0.000149116
0.000149029
0.000148943
0.000148856
0.00014877
0.000148684
0.000148597
0.000148511
0.000148425
0.000148339
0.000148253
0.000148167
0.000148082
0.000147996
0.00014791
0.000147825
0.000147739
0.000147654
0.000147568
0.000147483
0.000147398
0.000147313
0.000147228
0.000147143
0.000147058
0.000146973
0.000146888
0.000146804
0.000146719
0.000146635
0.00014655
0.000146466
0.000146381
0.000146297
0.000146213
0.000146129
0.000146045
0.000145961
0.000145877
0.000145793
0.000145709
0.000145626
0.000145542
0.000145459
0.000145375
0.000145292
0.000145209
0.000145125
0.000145042
0.000144959
0.000144876
0.000144793
0.00014471
0.000144628
0.000144545
0.000144462
0.00014438
0.000144297
0.000144215
0.000144132
0.00014405
0.000143968
0.000143886
0.000143804
0.000143721
0.00014364
0.000143558
0.000143476
0.000143394
0.000143313
0.000143231
0.000143149
0.000143068
0.000142987
0.000142905
0.000142824
0.000142743
0.000142662
0.000142581
0.0001425
0.000142419
0.000142338
0.000142257
0.000142177
0.000142096
0.000142016
0.000141935
0.000141855
0.000141774
0.000141694
0.000141614
0.000141534
0.000141454
0.000141374
0.000141294
0.000141214
0.000141134
0.000141055
0.000140975
0.000140896
0.000140816
0.000140737
0.000140657
0.000140578
0.000140499
0.00014042
0.000140341
0.000140262
0.000140183
0.000140104
0.000140025
0.000139946
0.000139868
0.000139789
0.00013971
0.000139632
0.000139554
0.000139475
0.000139397
0.000139319
0.000139241
0.000139163
0.000139085
0.000139007
0.000138929
0.000138851
0.000138773
0.000138696
0.000138618
0.000138541
0.000138463
0.000138386
0.000138308
0.000138231
0.000138154
0.000138077
0.000138
0.000137923
0.000137846
0.000137769
0.000137692
0.000137616
0.000137539
0.000137462
0.000137386
0.000137309
0.000137233
0.000137157
0.000137081
0.000137004
0.000136928
0.000136852
0.000136776
0.0001367
0.000136624
0.000136549
0.000136473
0.000136397
0.000136322
0.000136246
0.000136171
0.000136095
0.00013602
0.000135945
0.00013587
0.000135794
0.000135719
0.000135644
0.000135569
0.000135495
0.00013542
0.000135345
0.00013527
0.000135196
0.000135121
0.000135047
0.000134972
0.000134898
0.000134824
0.000134749
0.000134675
0.000134601
0.000134527
0.000134453
0.000134379
0.000134305
0.000134232
0.000134158
0.000134084
0.000134011
0.000133937
0.000133864
0.00013379
0.000133717
0.000133644
0.000133571
0.000133497
0.000133424
0.000133351
0.000133278
0.000133206
0.000133133
0.00013306
0.000132987
0.000132915
0.000132842
0.00013277
0.000132697
0.000132625
0.000132552
0.00013248
0.000132408
0.000132336
0.000132264
0.000132192
0.00013212
0.000132048
0.000131976
0.000131904
0.000131833
0.000131761
0.00013169
0.000131618
0.000131547
0.000131475
0.000131404
0.000131333
0.000131261
0.00013119
0.000131119
0.000131048
0.000130977
0.000130906
0.000130836
0.000130765
0.000130694
0.000130624
0.000130553
0.000130482
0.000130412
0.000130342
0.000130271
0.000130201
0.000130131
0.000130061
0.000129991
0.000129921
0.000129851
0.000129781
0.000129711
0.000129641
0.000129571
0.000129502
0.000129432
0.000129362
0.000129293
0.000129224
0.000129154
0.000129085
0.000129016
0.000128947
0.000128877
0.000128808
0.000128739
0.00012867
0.000128602
0.000128533
0.000128464
0.000128395
0.000128327
0.000128258
0.00012819
0.000128121
0.000128053
0.000127984
0.000127916
0.000127848
0.00012778
0.000127712
0.000127643
0.000127575
0.000127508
0.00012744
0.000127372
0.000127304
0.000127236
0.000127169
0.000127101
0.000127034
0.000126966
0.000126899
0.000126832
0.000126764
0.000126697
0.00012663
0.000126563
0.000126496
0.000126429
0.000126362
0.000126295
0.000126228
0.000126161
0.000126095
0.000126028
0.000125961
0.000125895
0.000125828
0.000125762
0.000125696
0.000125629
0.000125563
0.000125497
0.000125431
0.000125365
0.000125299
0.000125233
0.000125167
0.000125101
0.000125035
0.00012497
0.000124904
0.000124838
0.000124773
0.000124707
0.000124642
0.000124576
0.000124511
0.000124446
0.000124381
0.000124316
0.00012425
0.000124185
0.00012412
0.000124055
0.000123991
0.000123926
0.000123861
0.000123796
0.000123732
0.000123667
0.000123603
0.000123538
0.000123474
0.000123409
0.000123345
0.000123281
0.000123217
0.000123152
0.000123088
0.000123024
0.00012296
0.000122896
0.000122833
0.000122769
0.000122705
0.000122641
0.000122578
0.000122514
0.000122451
0.000122387
0.000122324
0.00012226
0.000122197
0.000122134
0.000122071
0.000122007
0.000121944
0.000121881
0.000121818
0.000121755
0.000121693
0.00012163
0.000121567
0.000121504
0.000121442
0.000121379
0.000121317
0.000121254
0.000121192
0.000121129
0.000121067
0.000121005
0.000120942
0.00012088
0.000120818
0.000120756
0.000120694
0.000120632
0.00012057
0.000120508
0.000120447
0.000120385
0.000120323
0.000120262
0.0001202
0.000120139
0.000120077
0.000120016
0.000119954
0.000119893
0.000119832
0.000119771
0.000119709
0.000119648
0.000119587
0.000119526
0.000119465
0.000119405
0.000119344
0.000119283
0.000119222
0.000119162
0.000119101
0.00011904
0.00011898
0.000118919
0.000118859
0.000118799
0.000118738
0.000118678
0.000118618
0.000118558
0.000118498
0.000118438
0.000118378
0.000118318
0.000118258
0.000118198
0.000118138
0.000118079
0.000118019
0.000117959
0.0001179
0.00011784
0.000117781
0.000117721
0.000117662
0.000117603
0.000117544
0.000117484
0.000117425
0.000117366
0.000117307
0.000117248
0.000117189
0.00011713
0.000117071
0.000117013
0.000116954
0.000116895
0.000116837
0.000116778
0.000116719
0.000116661
0.000116602
0.000116544
0.000116486
0.000116427
0.000116369
0.000116311
0.000116253
0.000116195
0.000116137
0.000116079
0.000116021
0.000115963
0.000115905
0.000115847
0.00011579
0.000115732
0.000115674
0.000115617
0.000115559
0.000115502
0.000115444
0.000115387
0.00011533
0.000115272
0.000115215
0.000115158
0.000115101
0.000115044
0.000114987
0.00011493
0.000114873
0.000114816
0.000114759
0.000114702
0.000114646
0.000114589
0.000114532
0.000114476
0.000114419
0.000114363
0.000114306
0.00011425
0.000114194
0.000114137
0.000114081
0.000114025
0.000113969
0.000113913
0.000113857
0.000113801
0.000113745
0.000113689
0.000113633
0.000113577
0.000113522
0.000113466
0.00011341
0.000113355
0.000113299
0.000113244
0.000113188
0.000113133
0.000113077
0.000113022
0.000112967
0.000112912
0.000112856
0.000112801
0.000112746
0.000112691
0.000112636
0.000112581
0.000112526
0.000112472
0.000112417
0.000112362
0.000112307
0.000112253
0.000112198
0.000112144
0.000112089
0.000112035
0.00011198
0.000111926
0.000111872
0.000111817
0.000111763
0.000111709
0.000111655
0.000111601
0.000111547
0.000111493
0.000111439
0.000111385
0.000111331
0.000111277
0.000111224
0.00011117
0.000111116
0.000111063
0.000111009
0.000110956
0.000110902
0.000110849
0.000110795
0.000110742
0.000110689
0.000110636
0.000110582
0.000110529
0.000110476
0.000110423
0.00011037
0.000110317
0.000110264
0.000110211
0.000110159
0.000110106
0.000110053
0.00011
0.000109948
0.000109895
0.000109843
0.00010979
0.000109738
0.000109685
0.000109633
0.000109581
0.000109528
0.000109476
0.000109424
0.000109372
0.00010932
0.000109268
0.000109216
0.000109164
0.000109112
0.00010906
0.000109008
0.000108956
0.000108905
0.000108853
0.000108801
0.00010875
0.000108698
0.000108647
0.000108595
0.000108544
0.000108493
0.000108441
0.00010839
0.000108339
0.000108288
0.000108237
0.000108185
0.000108134
0.000108083
0.000108032
0.000107982
0.000107931
0.00010788
0.000107829
0.000107778
0.000107728
0.000107677
0.000107626
0.000107576
0.000107525
0.000107475
0.000107424
0.000107374
0.000107324
0.000107273
0.000107223
0.000107173
0.000107123
0.000107073
0.000107023
0.000106973
0.000106923
0.000106873
0.000106823
0.000106773
0.000106723
0.000106673
0.000106624
0.000106574
0.000106524
0.000106475
0.000106425
0.000106376
0.000106326
0.000106277
0.000106227
0.000106178
0.000106129
0.000106079
0.00010603
0.000105981
0.000105932
0.000105883
0.000105834
0.000105785
0.000105736
0.000105687
0.000105638
0.000105589
0.000105541
0.000105492
0.000105443
0.000105394
0.000105346
0.000105297
0.000105249
0.0001052
0.000105152
0.000105103
0.000105055
0.000105007
0.000104958
0.00010491
0.000104862
0.000104814
0.000104766
0.000104718
0.00010467
0.000104622
0.000104574
0.000104526
0.000104478
0.00010443
0.000104383
0.000104335
0.000104287
0.000104239
0.000104192
0.000104144
0.000104097
0.000104049
0.000104002
0.000103954
0.000103907
0.00010386
0.000103813
0.000103765
0.000103718
0.000103671
0.000103624
0.000103577
0.00010353
0.000103483
0.000103436
0.000103389
0.000103342
0.000103295
0.000103249
0.000103202
0.000103155
0.000103108
0.000103062
0.000103015
0.000102969
0.000102922
0.000102876
0.000102829
0.000102783
0.000102737
0.00010269
0.000102644
0.000102598
0.000102552
0.000102506
0.00010246
0.000102413
0.000102367
0.000102321
0.000102276
0.00010223
0.000102184
0.000102138
0.000102092
0.000102047
0.000102001
0.000101955
0.00010191
0.000101864
0.000101818
0.000101773
0.000101728
0.000101682
0.000101637
0.000101591
0.000101546
0.000101501
0.000101456
0.000101411
0.000101365
0.00010132
0.000101275
0.00010123
0.000101185
0.00010114
0.000101095
0.000101051
0.000101006
0.000100961
0.000100916
0.000100872
0.000100827
0.000100782
0.000100738
0.000100693
0.000100649
0.000100604
0.00010056
0.000100515
0.000100471
0.000100427
0.000100382
0.000100338
0.000100294
0.00010025
0.000100206
0.000100162
0.000100118
0.000100074
0.00010003
9.99857e-05
9.99418e-05
9.9898e-05
9.98542e-05
9.98104e-05
9.97667e-05
9.9723e-05
9.96793e-05
9.96357e-05
9.95921e-05
9.95486e-05
9.95051e-05
9.94616e-05
9.94182e-05
9.93748e-05
9.93314e-05
9.92881e-05
9.92448e-05
9.92016e-05
9.91584e-05
9.91152e-05
9.90721e-05
9.9029e-05
9.8986e-05
9.8943e-05
9.89e-05
9.88571e-05
9.88142e-05
9.87713e-05
9.87285e-05
9.86857e-05
9.86429e-05
9.86002e-05
9.85575e-05
9.85149e-05
9.84723e-05
9.84297e-05
9.83872e-05
9.83447e-05
9.83023e-05
9.82599e-05
9.82175e-05
9.81751e-05
9.81328e-05
9.80906e-05
9.80483e-05
9.80061e-05
9.7964e-05
9.79219e-05
9.78798e-05
9.78377e-05
9.77957e-05
9.77538e-05
9.77118e-05
9.76699e-05
9.76281e-05
9.75862e-05
9.75444e-05
9.75027e-05
9.7461e-05
9.74193e-05
9.73776e-05
9.7336e-05
9.72945e-05
9.72529e-05
9.72114e-05
9.717e-05
9.71285e-05
9.70872e-05
9.70458e-05
9.70045e-05
9.69632e-05
9.6922e-05
9.68808e-05
9.68396e-05
9.67984e-05
9.67573e-05
9.67163e-05
9.66752e-05
9.66343e-05
9.65933e-05
9.65524e-05
9.65115e-05
9.64706e-05
9.64298e-05
9.6389e-05
9.63483e-05
9.63076e-05
9.62669e-05
9.62263e-05
9.61857e-05
9.61451e-05
9.61046e-05
9.60641e-05
9.60236e-05
9.59832e-05
9.59428e-05
9.59025e-05
9.58622e-05
9.58219e-05
9.57816e-05
9.57414e-05
9.57012e-05
9.56611e-05
9.5621e-05
9.55809e-05
9.55409e-05
9.55009e-05
9.54609e-05
9.5421e-05
9.53811e-05
9.53412e-05
9.53014e-05
9.52616e-05
9.52219e-05
9.51821e-05
9.51424e-05
9.51028e-05
9.50632e-05
9.50236e-05
9.4984e-05
9.49445e-05
9.4905e-05
9.48656e-05
9.48262e-05
9.47868e-05
9.47475e-05
9.47082e-05
9.46689e-05
9.46297e-05
9.45905e-05
9.45513e-05
9.45121e-05
9.4473e-05
9.4434e-05
9.43949e-05
9.43559e-05
9.4317e-05
9.4278e-05
9.42392e-05
9.42003e-05
9.41615e-05
9.41227e-05
9.40839e-05
9.40452e-05
9.40065e-05
9.39678e-05
9.39292e-05
9.38906e-05
9.38521e-05
9.38135e-05
9.3775e-05
9.37366e-05
9.36982e-05
9.36598e-05
9.36214e-05
9.35831e-05
9.35448e-05
9.35065e-05
9.34683e-05
9.34301e-05
9.3392e-05
9.33539e-05
9.33158e-05
9.32777e-05
9.32397e-05
9.32017e-05
9.31637e-05
9.31258e-05
9.30879e-05
9.30501e-05
9.30123e-05
9.29745e-05
9.29367e-05
9.2899e-05
9.28613e-05
9.28236e-05
9.2786e-05
9.27484e-05
9.27109e-05
9.26733e-05
9.26358e-05
9.25984e-05
9.2561e-05
9.25236e-05
9.24862e-05
9.24489e-05
9.24116e-05
9.23743e-05
9.23371e-05
9.22999e-05
9.22627e-05
9.22256e-05
9.21885e-05
9.21514e-05
9.21144e-05
9.20774e-05
9.20404e-05
9.20035e-05
9.19666e-05
9.19297e-05
9.18928e-05
9.1856e-05
9.18193e-05
9.17825e-05
9.17458e-05
9.17091e-05
9.16725e-05
9.16358e-05
9.15993e-05
9.15627e-05
9.15262e-05
9.14897e-05
9.14532e-05
9.14168e-05
9.13804e-05
9.13441e-05
9.13077e-05
9.12714e-05
9.12352e-05
9.11989e-05
9.11627e-05
9.11266e-05
9.10904e-05
9.10543e-05
9.10182e-05
9.09822e-05
9.09462e-05
9.09102e-05
9.08742e-05
9.08383e-05
9.08024e-05
9.07666e-05
9.07308e-05
9.0695e-05
9.06592e-05
9.06235e-05
9.05878e-05
9.05521e-05
9.05165e-05
9.04809e-05
9.04453e-05
9.04098e-05
9.03742e-05
9.03388e-05
9.03033e-05
9.02679e-05
9.02325e-05
9.01971e-05
9.01618e-05
9.01265e-05
9.00913e-05
9.0056e-05
9.00208e-05
8.99857e-05
8.99505e-05
8.99154e-05
8.98803e-05
8.98453e-05
8.98103e-05
8.97753e-05
8.97403e-05
8.97054e-05
8.96705e-05
8.96356e-05
8.96008e-05
8.9566e-05
8.95312e-05
8.94965e-05
8.94618e-05
8.94271e-05
8.93924e-05
8.93578e-05
8.93232e-05
8.92887e-05
8.92541e-05
8.92196e-05
8.91852e-05
8.91507e-05
8.91163e-05
8.90819e-05
8.90476e-05
8.90133e-05
8.8979e-05
8.89447e-05
8.89105e-05
8.88763e-05
8.88421e-05
8.8808e-05
8.87739e-05
8.87398e-05
8.87057e-05
8.86717e-05
8.86377e-05
8.86038e-05
8.85698e-05
8.85359e-05
8.85021e-05
8.84682e-05
8.84344e-05
8.84006e-05
8.83669e-05
8.83331e-05
8.82994e-05
8.82658e-05
8.82321e-05
8.81985e-05
8.8165e-05
8.81314e-05
8.80979e-05
8.80644e-05
8.8031e-05
8.79975e-05
8.79641e-05
8.79308e-05
8.78974e-05
8.78641e-05
8.78308e-05
8.77976e-05
8.77643e-05
8.77311e-05
8.7698e-05
8.76648e-05
8.76317e-05
8.75987e-05
8.75656e-05
8.75326e-05
8.74996e-05
8.74666e-05
8.74337e-05
8.74008e-05
8.73679e-05
8.73351e-05
8.73022e-05
8.72694e-05
8.72367e-05
8.7204e-05
8.71712e-05
8.71386e-05
8.71059e-05
8.70733e-05
8.70407e-05
8.70082e-05
8.69756e-05
8.69431e-05
8.69106e-05
8.68782e-05
8.68458e-05
8.68134e-05
8.6781e-05
8.67487e-05
8.67164e-05
8.66841e-05
8.66518e-05
8.66196e-05
8.65874e-05
8.65553e-05
8.65231e-05
8.6491e-05
8.64589e-05
8.64269e-05
8.63949e-05
8.63629e-05
8.63309e-05
8.6299e-05
8.62671e-05
8.62352e-05
8.62033e-05
8.61715e-05
8.61397e-05
8.61079e-05
8.60762e-05
8.60444e-05
8.60128e-05
8.59811e-05
8.59495e-05
8.59179e-05
8.58863e-05
8.58547e-05
8.58232e-05
8.57917e-05
8.57602e-05
8.57288e-05
8.56974e-05
8.5666e-05
8.56346e-05
8.56033e-05
8.5572e-05
8.55407e-05
8.55095e-05
8.54783e-05
8.54471e-05
8.54159e-05
8.53848e-05
8.53537e-05
8.53226e-05
8.52915e-05
8.52605e-05
8.52295e-05
8.51985e-05
8.51676e-05
8.51366e-05
8.51058e-05
8.50749e-05
8.5044e-05
8.50132e-05
8.49824e-05
8.49517e-05
8.4921e-05
8.48903e-05
8.48596e-05
8.48289e-05
8.47983e-05
8.47677e-05
8.47371e-05
8.47066e-05
8.46761e-05
8.46456e-05
8.46151e-05
8.45847e-05
8.45543e-05
8.45239e-05
8.44935e-05
8.44632e-05
8.44329e-05
8.44026e-05
8.43724e-05
8.43421e-05
8.43119e-05
8.42818e-05
8.42516e-05
8.42215e-05
8.41914e-05
8.41614e-05
8.41313e-05
8.41013e-05
8.40713e-05
8.40414e-05
8.40114e-05
8.39815e-05
8.39516e-05
8.39218e-05
8.38919e-05
8.38621e-05
8.38324e-05
8.38026e-05
8.37729e-05
8.37432e-05
8.37135e-05
8.36839e-05
8.36543e-05
8.36247e-05
8.35951e-05
8.35655e-05
8.3536e-05
8.35065e-05
8.34771e-05
8.34476e-05
8.34182e-05
8.33888e-05
8.33595e-05
8.33301e-05
8.33008e-05
8.32715e-05
8.32423e-05
8.3213e-05
8.31838e-05
8.31547e-05
8.31255e-05
8.30964e-05
8.30673e-05
8.30382e-05
8.30091e-05
8.29801e-05
8.29511e-05
8.29221e-05
8.28932e-05
8.28642e-05
8.28353e-05
8.28065e-05
8.27776e-05
8.27488e-05
8.272e-05
8.26912e-05
8.26625e-05
8.26337e-05
8.2605e-05
8.25764e-05
8.25477e-05
8.25191e-05
8.24905e-05
8.24619e-05
8.24334e-05
8.24048e-05
8.23763e-05
8.23479e-05
8.23194e-05
8.2291e-05
8.22626e-05
8.22342e-05
8.22059e-05
8.21775e-05
8.21492e-05
8.2121e-05
8.20927e-05
8.20645e-05
8.20363e-05
8.20081e-05
8.198e-05
8.19518e-05
8.19237e-05
8.18956e-05
8.18676e-05
8.18396e-05
8.18116e-05
8.17836e-05
8.17556e-05
8.17277e-05
8.16998e-05
8.16719e-05
8.16441e-05
8.16162e-05
8.15884e-05
8.15606e-05
8.15329e-05
8.15051e-05
8.14774e-05
8.14497e-05
8.14221e-05
8.13944e-05
8.13668e-05
8.13392e-05
8.13117e-05
8.12841e-05
8.12566e-05
8.12291e-05
8.12017e-05
8.11742e-05
8.11468e-05
8.11194e-05
8.1092e-05
8.10647e-05
8.10373e-05
8.101e-05
8.09828e-05
8.09555e-05
8.09283e-05
8.09011e-05
8.08739e-05
8.08467e-05
8.08196e-05
8.07925e-05
8.07654e-05
8.07384e-05
8.07113e-05
8.06843e-05
8.06573e-05
8.06303e-05
8.06034e-05
8.05765e-05
8.05496e-05
8.05227e-05
8.04959e-05
8.0469e-05
8.04422e-05
8.04155e-05
8.03887e-05
8.0362e-05
8.03353e-05
8.03086e-05
8.02819e-05
8.02553e-05
8.02287e-05
8.02021e-05
8.01755e-05
8.0149e-05
8.01224e-05
8.00959e-05
8.00695e-05
8.0043e-05
8.00166e-05
7.99902e-05
7.99638e-05
7.99374e-05
7.99111e-05
7.98848e-05
7.98585e-05
7.98322e-05
7.9806e-05
7.97798e-05
7.97536e-05
7.97274e-05
7.97012e-05
7.96751e-05
7.9649e-05
7.96229e-05
7.95969e-05
7.95708e-05
7.95448e-05
7.95188e-05
7.94929e-05
7.94669e-05
7.9441e-05
7.94151e-05
7.93892e-05
7.93634e-05
7.93375e-05
7.93117e-05
7.92859e-05
7.92602e-05
7.92344e-05
7.92087e-05
7.9183e-05
7.91573e-05
7.91317e-05
7.91061e-05
7.90804e-05
7.90549e-05
7.90293e-05
7.90038e-05
7.89782e-05
7.89528e-05
7.89273e-05
7.89018e-05
7.88764e-05
7.8851e-05
7.88256e-05
7.88003e-05
7.87749e-05
7.87496e-05
7.87243e-05
7.8699e-05
7.86738e-05
7.86486e-05
7.86234e-05
7.85982e-05
7.8573e-05
7.85479e-05
7.85228e-05
7.84977e-05
7.84726e-05
7.84475e-05
7.84225e-05
7.83975e-05
7.83725e-05
7.83476e-05
7.83226e-05
7.82977e-05
7.82728e-05
7.82479e-05
7.82231e-05
7.81982e-05
7.81734e-05
7.81486e-05
7.81239e-05
7.80991e-05
7.80744e-05
7.80497e-05
7.8025e-05
7.80004e-05
7.79757e-05
7.79511e-05
7.79265e-05
7.7902e-05
7.78774e-05
7.78529e-05
7.78284e-05
7.78039e-05
7.77794e-05
7.7755e-05
7.77306e-05
7.77062e-05
7.76818e-05
7.76574e-05
7.76331e-05
7.76088e-05
7.75845e-05
7.75602e-05
7.7536e-05
7.75117e-05
7.74875e-05
7.74633e-05
7.74392e-05
7.7415e-05
7.73909e-05
7.73668e-05
7.73427e-05
7.73187e-05
7.72946e-05
7.72706e-05
7.72466e-05
7.72226e-05
7.71987e-05
7.71747e-05
7.71508e-05
7.71269e-05
7.71031e-05
7.70792e-05
7.70554e-05
7.70316e-05
7.70078e-05
7.6984e-05
7.69603e-05
7.69366e-05
7.69129e-05
7.68892e-05
7.68655e-05
7.68419e-05
7.68183e-05
7.67947e-05
7.67711e-05
7.67475e-05
7.6724e-05
7.67005e-05
7.6677e-05
7.66535e-05
7.66301e-05
7.66066e-05
7.65832e-05
7.65598e-05
7.65364e-05
7.65131e-05
7.64898e-05
7.64664e-05
7.64432e-05
7.64199e-05
7.63966e-05
7.63734e-05
7.63502e-05
7.6327e-05
7.63038e-05
7.62807e-05
7.62576e-05
7.62345e-05
7.62114e-05
7.61883e-05
7.61653e-05
7.61422e-05
7.61192e-05
7.60962e-05
7.60733e-05
7.60503e-05
7.60274e-05
7.60045e-05
7.59816e-05
7.59588e-05
7.59359e-05
7.59131e-05
7.58903e-05
7.58675e-05
7.58447e-05
7.5822e-05
7.57993e-05
7.57766e-05
7.57539e-05
7.57312e-05
7.57086e-05
7.56859e-05
7.56633e-05
7.56408e-05
7.56182e-05
7.55956e-05
7.55731e-05
7.55506e-05
7.55281e-05
7.55057e-05
7.54832e-05
7.54608e-05
7.54384e-05
7.5416e-05
7.53936e-05
7.53713e-05
7.53489e-05
7.53266e-05
7.53043e-05
7.52821e-05
7.52598e-05
7.52376e-05
7.52154e-05
7.51932e-05
7.5171e-05
7.51489e-05
7.51267e-05
7.51046e-05
7.50825e-05
7.50604e-05
7.50384e-05
7.50164e-05
7.49943e-05
7.49723e-05
7.49504e-05
7.49284e-05
7.49065e-05
7.48845e-05
7.48626e-05
7.48408e-05
7.48189e-05
7.4797e-05
7.47752e-05
7.47534e-05
7.47316e-05
7.47099e-05
7.46881e-05
7.46664e-05
7.46447e-05
7.4623e-05
7.46013e-05
7.45797e-05
7.4558e-05
7.45364e-05
7.45148e-05
7.44932e-05
7.44717e-05
7.44501e-05
7.44286e-05
7.44071e-05
7.43856e-05
7.43642e-05
7.43427e-05
7.43213e-05
7.42999e-05
7.42785e-05
7.42571e-05
7.42358e-05
7.42145e-05
7.41931e-05
7.41719e-05
7.41506e-05
7.41293e-05
7.41081e-05
7.40869e-05
7.40657e-05
7.40445e-05
7.40233e-05
7.40022e-05
7.3981e-05
7.39599e-05
7.39388e-05
7.39178e-05
7.38967e-05
7.38757e-05
7.38547e-05
7.38337e-05
7.38127e-05
7.37917e-05
7.37708e-05
7.37499e-05
7.3729e-05
7.37081e-05
7.36872e-05
7.36664e-05
7.36455e-05
7.36247e-05
7.36039e-05
7.35831e-05
7.35624e-05
7.35416e-05
7.35209e-05
7.35002e-05
7.34795e-05
7.34589e-05
7.34382e-05
7.34176e-05
7.3397e-05
7.33764e-05
7.33558e-05
7.33352e-05
7.33147e-05
7.32942e-05
7.32737e-05
7.32532e-05
7.32327e-05
7.32123e-05
7.31918e-05
7.31714e-05
7.3151e-05
7.31306e-05
7.31103e-05
7.30899e-05
7.30696e-05
7.30493e-05
7.3029e-05
7.30087e-05
7.29885e-05
7.29682e-05
7.2948e-05
7.29278e-05
7.29076e-05
7.28875e-05
7.28673e-05
7.28472e-05
7.28271e-05
7.2807e-05
7.27869e-05
7.27669e-05
7.27468e-05
7.27268e-05
7.27068e-05
7.26868e-05
7.26668e-05
7.26469e-05
7.26269e-05
7.2607e-05
7.25871e-05
7.25672e-05
7.25474e-05
7.25275e-05
7.25077e-05
7.24879e-05
7.24681e-05
7.24483e-05
7.24285e-05
7.24088e-05
7.23891e-05
7.23693e-05
7.23497e-05
7.233e-05
7.23103e-05
7.22907e-05
7.22711e-05
7.22515e-05
7.22319e-05
7.22123e-05
7.21927e-05
7.21732e-05
7.21537e-05
7.21342e-05
7.21147e-05
7.20952e-05
7.20758e-05
7.20563e-05
7.20369e-05
7.20175e-05
7.19981e-05
7.19788e-05
7.19594e-05
7.19401e-05
7.19208e-05
7.19015e-05
7.18822e-05
7.18629e-05
7.18437e-05
7.18244e-05
7.18052e-05
7.1786e-05
7.17669e-05
7.17477e-05
7.17285e-05
7.17094e-05
7.16903e-05
7.16712e-05
7.16521e-05
7.16331e-05
7.1614e-05
7.1595e-05
7.1576e-05
7.1557e-05
7.1538e-05
7.1519e-05
7.15001e-05
7.14812e-05
7.14623e-05
7.14434e-05
7.14245e-05
7.14056e-05
7.13868e-05
7.13679e-05
7.13491e-05
7.13303e-05
7.13115e-05
7.12928e-05
7.1274e-05
7.12553e-05
7.12366e-05
7.12179e-05
7.11992e-05
7.11806e-05
7.11619e-05
7.11433e-05
7.11247e-05
7.11061e-05
7.10875e-05
7.10689e-05
7.10504e-05
7.10318e-05
7.10133e-05
7.09948e-05
7.09763e-05
7.09579e-05
7.09394e-05
7.0921e-05
7.09025e-05
7.08841e-05
7.08658e-05
7.08474e-05
7.0829e-05
7.08107e-05
7.07924e-05
7.07741e-05
7.07558e-05
7.07375e-05
7.07192e-05
7.0701e-05
7.06828e-05
7.06645e-05
7.06464e-05
7.06282e-05
7.061e-05
7.05919e-05
7.05737e-05
7.05556e-05
7.05375e-05
7.05194e-05
7.05014e-05
7.04833e-05
7.04653e-05
7.04473e-05
7.04293e-05
7.04113e-05
7.03933e-05
7.03753e-05
7.03574e-05
7.03395e-05
7.03216e-05
7.03037e-05
7.02858e-05
7.02679e-05
7.02501e-05
7.02323e-05
7.02144e-05
7.01966e-05
7.01789e-05
7.01611e-05
7.01433e-05
7.01256e-05
7.01079e-05
7.00902e-05
7.00725e-05
7.00548e-05
7.00372e-05
7.00195e-05
7.00019e-05
6.99843e-05
6.99667e-05
6.99491e-05
6.99315e-05
6.9914e-05
6.98964e-05
6.98789e-05
6.98614e-05
6.98439e-05
6.98264e-05
6.9809e-05
6.97915e-05
6.97741e-05
6.97567e-05
6.97393e-05
6.97219e-05
6.97046e-05
6.96872e-05
6.96699e-05
6.96526e-05
6.96352e-05
6.9618e-05
6.96007e-05
6.95834e-05
6.95662e-05
6.95489e-05
6.95317e-05
6.95145e-05
6.94974e-05
6.94802e-05
6.9463e-05
6.94459e-05
6.94288e-05
6.94117e-05
6.93946e-05
6.93775e-05
6.93604e-05
6.93434e-05
6.93263e-05
6.93093e-05
6.92923e-05
6.92753e-05
6.92584e-05
6.92414e-05
6.92244e-05
6.92075e-05
6.91906e-05
6.91737e-05
6.91568e-05
6.914e-05
6.91231e-05
6.91063e-05
6.90894e-05
6.90726e-05
6.90558e-05
6.9039e-05
6.90223e-05
6.90055e-05
6.89888e-05
6.89721e-05
6.89554e-05
6.89387e-05
6.8922e-05
6.89053e-05
6.88887e-05
6.8872e-05
6.88554e-05
6.88388e-05
6.88222e-05
6.88057e-05
6.87891e-05
6.87725e-05
6.8756e-05
6.87395e-05
6.8723e-05
6.87065e-05
6.869e-05
6.86736e-05
6.86571e-05
6.86407e-05
6.86243e-05
6.86079e-05
6.85915e-05
6.85751e-05
6.85588e-05
6.85424e-05
6.85261e-05
6.85098e-05
6.84935e-05
6.84772e-05
6.84609e-05
6.84447e-05
6.84284e-05
6.84122e-05
6.8396e-05
6.83798e-05
6.83636e-05
6.83474e-05
6.83312e-05
6.83151e-05
6.8299e-05
6.82829e-05
6.82668e-05
6.82507e-05
6.82346e-05
6.82185e-05
6.82025e-05
6.81865e-05
6.81704e-05
6.81544e-05
6.81385e-05
6.81225e-05
6.81065e-05
6.80906e-05
6.80746e-05
6.80587e-05
6.80428e-05
6.80269e-05
6.8011e-05
6.79952e-05
6.79793e-05
6.79635e-05
6.79477e-05
6.79319e-05
6.79161e-05
6.79003e-05
6.78845e-05
6.78688e-05
6.7853e-05
6.78373e-05
6.78216e-05
6.78059e-05
6.77902e-05
6.77746e-05
6.77589e-05
6.77433e-05
6.77276e-05
6.7712e-05
6.76964e-05
6.76808e-05
6.76653e-05
6.76497e-05
6.76342e-05
6.76186e-05
6.76031e-05
6.75876e-05
6.75721e-05
6.75566e-05
6.75412e-05
6.75257e-05
6.75103e-05
6.74949e-05
6.74795e-05
6.74641e-05
6.74487e-05
6.74333e-05
6.7418e-05
6.74026e-05
6.73873e-05
6.7372e-05
6.73567e-05
6.73414e-05
6.73261e-05
6.73109e-05
6.72956e-05
6.72804e-05
6.72652e-05
6.725e-05
6.72348e-05
6.72196e-05
6.72044e-05
6.71893e-05
6.71741e-05
6.7159e-05
6.71439e-05
6.71288e-05
6.71137e-05
6.70986e-05
6.70836e-05
6.70685e-05
6.70535e-05
6.70385e-05
6.70235e-05
6.70085e-05
6.69935e-05
6.69785e-05
6.69636e-05
6.69486e-05
6.69337e-05
6.69188e-05
6.69039e-05
6.6889e-05
6.68741e-05
6.68592e-05
6.68444e-05
6.68296e-05
6.68147e-05
6.67999e-05
6.67851e-05
6.67703e-05
6.67556e-05
6.67408e-05
6.67261e-05
6.67113e-05
6.66966e-05
6.66819e-05
6.66672e-05
6.66525e-05
6.66379e-05
6.66232e-05
6.66086e-05
6.65939e-05
6.65793e-05
6.65647e-05
6.65501e-05
6.65355e-05
6.6521e-05
6.65064e-05
6.64919e-05
6.64774e-05
6.64628e-05
6.64483e-05
6.64339e-05
6.64194e-05
6.64049e-05
6.63905e-05
6.6376e-05
6.63616e-05
6.63472e-05
6.63328e-05
6.63184e-05
6.6304e-05
6.62897e-05
6.62753e-05
6.6261e-05
6.62467e-05
6.62324e-05
6.62181e-05
6.62038e-05
6.61895e-05
6.61752e-05
6.6161e-05
6.61467e-05
6.61325e-05
6.61183e-05
6.61041e-05
6.60899e-05
6.60758e-05
6.60616e-05
6.60474e-05
6.60333e-05
6.60192e-05
6.60051e-05
6.5991e-05
6.59769e-05
6.59628e-05
6.59488e-05
6.59347e-05
6.59207e-05
6.59066e-05
6.58926e-05
6.58786e-05
6.58646e-05
6.58507e-05
6.58367e-05
6.58228e-05
6.58088e-05
6.57949e-05
6.5781e-05
6.57671e-05
6.57532e-05
6.57393e-05
6.57254e-05
6.57116e-05
6.56978e-05
6.56839e-05
6.56701e-05
6.56563e-05
6.56425e-05
6.56287e-05
6.5615e-05
6.56012e-05
6.55875e-05
6.55737e-05
6.556e-05
6.55463e-05
6.55326e-05
6.55189e-05
6.55053e-05
6.54916e-05
6.5478e-05
6.54643e-05
6.54507e-05
6.54371e-05
6.54235e-05
6.54099e-05
6.53963e-05
6.53828e-05
6.53692e-05
6.53557e-05
6.53421e-05
6.53286e-05
6.53151e-05
6.53016e-05
6.52882e-05
6.52747e-05
6.52612e-05
6.52478e-05
6.52344e-05
6.52209e-05
6.52075e-05
6.51941e-05
6.51807e-05
6.51674e-05
6.5154e-05
6.51407e-05
6.51273e-05
6.5114e-05
6.51007e-05
6.50874e-05
6.50741e-05
6.50608e-05
6.50475e-05
6.50343e-05
6.5021e-05
6.50078e-05
6.49946e-05
6.49814e-05
6.49682e-05
6.4955e-05
6.49418e-05
6.49286e-05
6.49155e-05
6.49024e-05
6.48892e-05
6.48761e-05
6.4863e-05
6.48499e-05
6.48368e-05
6.48238e-05
6.48107e-05
6.47976e-05
6.47846e-05
6.47716e-05
6.47586e-05
6.47456e-05
6.47326e-05
6.47196e-05
6.47066e-05
6.46937e-05
6.46807e-05
6.46678e-05
6.46549e-05
6.4642e-05
6.46291e-05
6.46162e-05
6.46033e-05
6.45904e-05
6.45776e-05
6.45647e-05
6.45519e-05
6.45391e-05
6.45263e-05
6.45135e-05
6.45007e-05
6.44879e-05
6.44751e-05
6.44624e-05
6.44497e-05
6.44369e-05
6.44242e-05
6.44115e-05
6.43988e-05
6.43861e-05
6.43734e-05
6.43608e-05
6.43481e-05
6.43355e-05
6.43229e-05
6.43102e-05
6.42976e-05
6.4285e-05
6.42724e-05
6.42599e-05
6.42473e-05
6.42348e-05
6.42222e-05
6.42097e-05
6.41972e-05
6.41847e-05
6.41722e-05
6.41597e-05
6.41472e-05
6.41347e-05
6.41223e-05
6.41098e-05
6.40974e-05
6.4085e-05
6.40726e-05
6.40602e-05
6.40478e-05
6.40354e-05
6.4023e-05
6.40107e-05
6.39983e-05
6.3986e-05
6.39737e-05
6.39614e-05
6.39491e-05
6.39368e-05
6.39245e-05
6.39122e-05
6.39e-05
6.38877e-05
6.38755e-05
6.38633e-05
6.38511e-05
6.38389e-05
6.38267e-05
6.38145e-05
6.38023e-05
6.37901e-05
6.3778e-05
6.37659e-05
6.37537e-05
6.37416e-05
6.37295e-05
6.37174e-05
6.37053e-05
6.36932e-05
6.36812e-05
6.36691e-05
6.36571e-05
6.3645e-05
6.3633e-05
6.3621e-05
6.3609e-05
6.3597e-05
6.3585e-05
6.35731e-05
6.35611e-05
6.35492e-05
6.35372e-05
6.35253e-05
6.35134e-05
6.35015e-05
6.34896e-05
6.34777e-05
6.34658e-05
6.3454e-05
6.34421e-05
6.34303e-05
6.34184e-05
6.34066e-05
6.33948e-05
6.3383e-05
6.33712e-05
6.33594e-05
6.33476e-05
6.33359e-05
6.33241e-05
6.33124e-05
6.33007e-05
6.32889e-05
6.32772e-05
6.32655e-05
6.32538e-05
6.32422e-05
6.32305e-05
6.32188e-05
6.32072e-05
6.31956e-05
6.31839e-05
6.31723e-05
6.31607e-05
6.31491e-05
6.31375e-05
6.31259e-05
6.31144e-05
6.31028e-05
6.30913e-05
6.30797e-05
6.30682e-05
6.30567e-05
6.30452e-05
6.30337e-05
6.30222e-05
6.30107e-05
6.29993e-05
6.29878e-05
6.29764e-05
6.29649e-05
6.29535e-05
6.29421e-05
6.29307e-05
6.29193e-05
6.29079e-05
6.28966e-05
6.28852e-05
6.28738e-05
6.28625e-05
6.28512e-05
6.28398e-05
6.28285e-05
6.28172e-05
6.28059e-05
6.27946e-05
6.27834e-05
6.27721e-05
6.27608e-05
6.27496e-05
6.27384e-05
6.27271e-05
6.27159e-05
6.27047e-05
6.26935e-05
6.26823e-05
6.26712e-05
6.266e-05
6.26488e-05
6.26377e-05
6.26266e-05
6.26154e-05
6.26043e-05
6.25932e-05
6.25821e-05
6.2571e-05
6.256e-05
6.25489e-05
6.25378e-05
6.25268e-05
6.25157e-05
6.25047e-05
6.24937e-05
6.24827e-05
6.24717e-05
6.24607e-05
6.24497e-05
6.24387e-05
6.24278e-05
6.24168e-05
6.24059e-05
6.2395e-05
6.2384e-05
6.23731e-05
6.23622e-05
6.23513e-05
6.23404e-05
6.23296e-05
6.23187e-05
6.23079e-05
6.2297e-05
6.22862e-05
6.22753e-05
6.22645e-05
6.22537e-05
6.22429e-05
6.22321e-05
6.22214e-05
6.22106e-05
6.21998e-05
6.21891e-05
6.21783e-05
6.21676e-05
6.21569e-05
6.21462e-05
6.21355e-05
6.21248e-05
6.21141e-05
6.21034e-05
6.20927e-05
6.20821e-05
6.20714e-05
6.20608e-05
6.20502e-05
6.20396e-05
6.20289e-05
6.20183e-05
6.20078e-05
6.19972e-05
6.19866e-05
6.1976e-05
6.19655e-05
6.19549e-05
6.19444e-05
6.19339e-05
6.19234e-05
6.19129e-05
6.19024e-05
6.18919e-05
6.18814e-05
6.18709e-05
6.18605e-05
6.185e-05
6.18396e-05
6.18291e-05
6.18187e-05
6.18083e-05
6.17979e-05
6.17875e-05
6.17771e-05
6.17667e-05
6.17563e-05
6.1746e-05
6.17356e-05
6.17253e-05
6.1715e-05
6.17046e-05
6.16943e-05
6.1684e-05
6.16737e-05
6.16634e-05
6.16532e-05
6.16429e-05
6.16326e-05
6.16224e-05
6.16121e-05
6.16019e-05
6.15917e-05
6.15815e-05
6.15713e-05
6.15611e-05
6.15509e-05
6.15407e-05
6.15305e-05
6.15204e-05
6.15102e-05
6.15001e-05
6.14899e-05
6.14798e-05
6.14697e-05
6.14596e-05
6.14495e-05
6.14394e-05
6.14293e-05
6.14192e-05
6.14092e-05
6.13991e-05
6.13891e-05
6.1379e-05
6.1369e-05
6.1359e-05
6.1349e-05
6.1339e-05
6.1329e-05
6.1319e-05
6.1309e-05
6.12991e-05
6.12891e-05
6.12791e-05
6.12692e-05
6.12593e-05
6.12493e-05
6.12394e-05
6.12295e-05
6.12196e-05
6.12097e-05
6.11999e-05
6.119e-05
6.11801e-05
6.11703e-05
6.11604e-05
6.11506e-05
6.11408e-05
6.1131e-05
6.11211e-05
6.11113e-05
6.11016e-05
6.10918e-05
6.1082e-05
6.10722e-05
6.10625e-05
6.10527e-05
6.1043e-05
6.10332e-05
6.10235e-05
6.10138e-05
6.10041e-05
6.09944e-05
6.09847e-05
6.0975e-05
6.09654e-05
6.09557e-05
6.0946e-05
6.09364e-05
6.09268e-05
6.09171e-05
6.09075e-05
6.08979e-05
6.08883e-05
6.08787e-05
6.08691e-05
6.08595e-05
6.085e-05
6.08404e-05
6.08308e-05
6.08213e-05
6.08118e-05
6.08022e-05
6.07927e-05
6.07832e-05
6.07737e-05
6.07642e-05
6.07547e-05
6.07452e-05
6.07358e-05
6.07263e-05
6.07168e-05
6.07074e-05
6.0698e-05

