5e-05
5e-05
5e-05
5e-05
5e-05
5e-05
5e-05
5e-05
5e-05
5e-05
5e-05
5e-05
5e-05
5e-05
5e-05
5e-05
5e-05
5e-05
5e-05
5e-05
5e-05
5e-05
5e-05
5e-05
5e-05
5e-05
5e-05
5e-05
5e-05
5e-05
5e-05
5e-05
5e-05
5e-05
5e-05
5e-05
5e-05
5e-05
5e-05
5e-05
5e-05
5e-05
5e-05
5e-05
5e-05
5e-05
5e-05
5e-05
5e-05
5e-05
5e-05
5e-05
5e-05
5e-05
5e-05
5e-05
5e-05
5e-05
5e-05
5e-05
5e-05
5e-05
5e-05
5e-05
5e-05
5e-05
5e-05
5e-05
5e-05
5e-05
5e-05
5e-05
5e-05
5e-05
5e-05
5e-05
5e-05
5e-05
5e-05
5e-05
5e-05
5e-05
5e-05
5e-05
5e-05
5e-05
5e-05
5e-05
5e-05
5e-05
5e-05
5e-05
5e-05
5e-05
5e-05
5e-05
5e-05
5e-05
5e-05
5e-05
5e-05
5e-05
5e-05
5e-05
5e-05
5e-05
5e-05
5e-05
5e-05
5e-05
5e-05
5e-05
5e-05
5e-05
5e-05
5e-05
5e-05
5e-05
5e-05
5e-05
5e-05
5e-05
5e-05
5e-05
5e-05
5e-05
5e-05
5e-05
5e-05
5e-05
5e-05
5e-05
5e-05
5e-05
5e-05
5e-05
5e-05
5e-05
5e-05
5e-05
5e-05
5e-05
5e-05
5e-05
5e-05
5e-05
5e-05
5e-05
5e-05
5e-05
5e-05
5e-05
5e-05
5e-05
5e-05
5e-05
5e-05
5e-05
5e-05
5e-05
5e-05
5e-05
5e-05
5e-05
5e-05
5e-05
5e-05
5e-05
5e-05
5e-05
5e-05
5e-05
5e-05
5e-05
5e-05
5e-05
5e-05
5e-05
5e-05
5e-05
5e-05
5e-05
5e-05
5e-05
5e-05
5e-05
5e-05
5e-05
5e-05
5e-05
5e-05
5e-05
5e-05
5e-05
5e-05
5e-05
5e-05
5e-05
5e-05
5e-05
5e-05
5e-05
5e-05
5e-05
5e-05
5e-05
5e-05
5e-05
5e-05
5e-05
5e-05
5e-05
5e-05
5e-05
5e-05
5e-05
5e-05
5e-05
5e-05
5e-05
5e-05
5e-05
5e-05
5e-05
5e-05
5e-05
5e-05
5e-05
5e-05
5e-05
5e-05
5e-05
5e-05
5e-05
5e-05
5e-05
5e-05
5e-05
5e-05
5e-05
5e-05
5e-05
5e-05
5e-05
5e-05
5e-05
5e-05
5e-05
5e-05
5e-05
5e-05
5e-05
5e-05
5e-05
5e-05
5e-05
5e-05
5e-05
5e-05
5e-05
5e-05
5e-05
5e-05
5e-05
5e-05
5e-05
5e-05
5e-05
5e-05
5e-05
5e-05
5e-05
5e-05
5e-05
5e-05
5e-05
5e-05
5e-05
5e-05
5e-05
5e-05
5e-05
5e-05
5e-05
5e-05
5e-05
5e-05
5e-05
5e-05
5e-05
5e-05
5e-05
5e-05
5e-05
5e-05
5e-05
5e-05
5e-05
5e-05
5e-05
5e-05
5e-05
5e-05
5e-05
5e-05
5e-05
5e-05
5e-05
5e-05
5e-05
5e-05
5e-05
5e-05
5e-05
5e-05
5e-05
5e-05
5e-05
5e-05
5e-05
5e-05
5e-05
5e-05
5e-05
5e-05
5e-05
5e-05
5e-05
5e-05
5e-05
5e-05
5e-05
5e-05
5e-05
5e-05
5e-05
5e-05
5e-05
5e-05
5e-05
5e-05
5e-05
5e-05
5e-05
5e-05
5e-05
5e-05
5e-05
5e-05
5e-05
5e-05
5e-05
5e-05
5e-05
5e-05
5e-05
5e-05
5e-05
5e-05
5e-05
5e-05
5e-05
5e-05
5e-05
5e-05
5e-05
5e-05
5e-05
5e-05
5e-05
5e-05
5e-05
5e-05
5e-05
5e-05
5e-05
5e-05
5e-05
5e-05
5e-05
5e-05
5e-05
5e-05
5e-05
5e-05
5e-05
5e-05
5e-05
5e-05
5e-05
5e-05
5e-05
5e-05
5e-05
5e-05
5e-05
5e-05
5e-05
5e-05
5e-05
5e-05
5e-05
5e-05
5e-05
5e-05
5e-05
5e-05
5e-05
5e-05
5e-05
5e-05
5e-05
5e-05
5e-05
5e-05
5e-05
5e-05
5e-05
5e-05
5e-05
5e-05
5e-05
5e-05
5e-05
5e-05
5e-05
5e-05
5e-05
5e-05
5e-05
5e-05
5e-05
5e-05
5e-05
5e-05
5e-05
5e-05
5e-05
5e-05
5e-05
5e-05
5e-05
5e-05
5e-05
5e-05
5e-05
5e-05
5e-05
5e-05
5e-05
5e-05
5e-05
5e-05
5e-05
5e-05
5e-05
5e-05
5e-05
5e-05
5e-05
5e-05
5e-05
5e-05
5e-05
5e-05
5e-05
5e-05
5e-05
5e-05
5e-05
5e-05
5e-05
5e-05
5e-05
5e-05
5e-05
5e-05
5e-05
5e-05
5e-05
5e-05
5e-05
5e-05
5e-05
5e-05
5e-05
5e-05
5e-05
5e-05
5e-05
5e-05
5e-05
5e-05
5e-05
5e-05
5e-05
5e-05
5e-05
5e-05
5e-05
5e-05
5e-05
5e-05
5e-05
5e-05
5e-05
5e-05
5e-05
5e-05
5e-05
5e-05
5e-05
5e-05
5e-05
5e-05
5e-05
5e-05
5e-05
5e-05
5e-05
5e-05
5e-05
5e-05
5e-05
5e-05
5e-05
5e-05
5e-05
5e-05
5e-05
5e-05
5e-05
5e-05
5e-05
5e-05
5e-05
5e-05
5e-05
5e-05
5e-05
5e-05
5e-05
5e-05
5e-05
5e-05
5e-05
5e-05
5e-05
5e-05
5e-05
5e-05
5e-05
5e-05
5e-05
5e-05
5e-05
5e-05
5e-05
5e-05
5e-05
5e-05
5e-05
5e-05
5e-05
5e-05
5e-05
5e-05
5e-05
5e-05
5e-05
5e-05
5e-05
5e-05
5e-05
5e-05
5e-05
5e-05
5e-05
5e-05
5e-05
5e-05
5e-05
5e-05
5e-05
5e-05
5e-05
5e-05
5e-05
5e-05
5e-05
5e-05
5e-05
5e-05
5e-05
5e-05
5e-05
5e-05
5e-05
5e-05
5e-05
5e-05
5e-05
5e-05
5e-05
5e-05
5e-05
5e-05
5e-05
5e-05
5e-05
5e-05
5e-05
5e-05
5e-05
5e-05
5e-05
5e-05
5e-05
5e-05
5e-05
5e-05
5e-05
5e-05
5e-05
5e-05
5e-05
5e-05
5e-05
5e-05
5e-05
5e-05
5e-05
5e-05
5e-05
5e-05
5e-05
5e-05
5e-05
5e-05
5e-05
5e-05
5e-05
5e-05
5e-05
5e-05
5e-05
5e-05
5e-05
5e-05
5e-05
5e-05
5e-05
5e-05
5e-05
5e-05
5e-05
5e-05
5e-05
5e-05
5e-05
5e-05
5e-05
5e-05
5e-05
5e-05
5e-05
5e-05
5e-05
5e-05
5e-05
5e-05
5e-05
5e-05
5e-05
5e-05
5e-05
5e-05
5e-05
5e-05
5e-05
5e-05
5e-05
5e-05
5e-05
5e-05
5e-05
5e-05
5e-05
5e-05
5e-05
5e-05
5e-05
5e-05
5e-05
5e-05
5e-05
5e-05
5e-05
5e-05
5e-05
5e-05
5e-05
5e-05
5e-05
5e-05
5e-05
5e-05
5e-05
5e-05
5e-05
5e-05
5e-05
5e-05
5e-05
5e-05
5e-05
5e-05
5e-05
5e-05
5e-05
5e-05
5e-05
5e-05
5e-05
5e-05
5e-05
5e-05
5e-05
5e-05
5e-05
5e-05
5e-05
5e-05
5e-05
5e-05
5e-05
5e-05
5e-05
5e-05
5e-05
5e-05
5e-05
5e-05
5e-05
5e-05
5e-05
5e-05
5e-05
5e-05
5e-05
5e-05
5e-05
5e-05
5e-05
5e-05
5e-05
5e-05
5e-05
5e-05
5e-05
5e-05
5e-05
5e-05
5e-05
5e-05
5e-05
5e-05
5e-05
5e-05
5e-05
5e-05
5e-05
5e-05
5e-05
5e-05
5e-05
5e-05
5e-05
5e-05
5e-05
5e-05
5e-05
5e-05
5e-05
5e-05
5e-05
5e-05
5e-05
5e-05
5e-05
5e-05
5e-05
5e-05
5e-05
5e-05
5e-05
5e-05
5e-05
5e-05
5e-05
5e-05
5.00003e-05
5.00015e-05
5.00044e-05
5.00099e-05
5.00191e-05
5.00331e-05
5.00532e-05
5.00806e-05
5.01165e-05
5.01623e-05
5.02192e-05
5.02885e-05
5.03713e-05
5.04689e-05
5.05823e-05
5.07126e-05
5.0861e-05
5.10282e-05
5.12154e-05
5.14232e-05
5.16526e-05
5.19043e-05
5.21789e-05
5.24772e-05
5.27996e-05
5.31467e-05
5.35191e-05
5.3917e-05
5.4341e-05
5.47913e-05
5.52683e-05
5.57721e-05
5.6303e-05
5.68611e-05
5.74467e-05
5.80597e-05
5.87003e-05
5.93685e-05
6.00642e-05
6.07876e-05
6.15384e-05
6.23166e-05
6.31222e-05
6.39551e-05
6.4815e-05
6.57018e-05
6.66153e-05
6.75555e-05
6.85219e-05
6.95145e-05
7.05329e-05
7.1577e-05
7.26464e-05
7.3741e-05
7.48604e-05
7.60043e-05
7.71725e-05
7.83646e-05
7.95804e-05
8.08195e-05
8.20816e-05
8.33664e-05
8.46735e-05
8.60027e-05
8.73536e-05
8.87258e-05
9.01191e-05
9.15331e-05
9.29674e-05
9.44218e-05
9.58958e-05
9.73892e-05
9.89016e-05
0.000100433
0.000101982
0.000103549
0.000105135
0.000106737
0.000108356
0.000109993
0.000111645
0.000113312
0.000114993
0.000116687
0.000118393
0.000120108
0.000121832
0.000123563
0.000125299
0.000127039
0.00012878
0.000130523
0.000132264
0.000134004
0.000135739
0.000137469
0.000139193
0.00014091
0.000142617
0.000144314
0.000146001
0.000147675
0.000149336
0.000150984
0.000152616
0.000154233
0.000155834
0.000157419
0.000158985
0.000160534
0.000162064
0.000163575
0.000165066
0.000166538
0.000167989
0.00016942
0.000170831
0.00017222
0.000173588
0.000174935
0.00017626
0.000177564
0.000178846
0.000180106
0.000181344
0.000182561
0.000183755
0.000184928
0.00018608
0.000187209
0.000188317
0.000189404
0.000190469
0.000191513
0.000192536
0.000193537
0.000194518
0.000195478
0.000196418
0.000197337
0.000198237
0.000199116
0.000199975
0.000200815
0.000201636
0.000202437
0.00020322
0.000203983
0.000204729
0.000205456
0.000206165
0.000206856
0.00020753
0.000208186
0.000208826
0.000209448
0.000210054
0.000210644
0.000211217
0.000211775
0.000212316
0.000212843
0.000213354
0.00021385
0.000214332
0.000214799
0.000215252
0.000215691
0.000216116
0.000216527
0.000216925
0.00021731
0.000217682
0.000218042
0.000218388
0.000218723
0.000219046
0.000219356
0.000219655
0.000219943
0.000220219
0.000220485
0.000220739
0.000220983
0.000221216
0.00022144
0.000221653
0.000221856
0.000222049
0.000222233
0.000222408
0.000222573
0.00022273
0.000222877
0.000223016
0.000223147
0.000223269
0.000223383
0.000223489
0.000223587
0.000223677
0.00022376
0.000223835
0.000223903
0.000223964
0.000224018
0.000224065
0.000224105
0.000224139
0.000224166
0.000224187
0.000224202
0.000224211
0.000224214
0.00022421
0.000224202
0.000224187
0.000224167
0.000224142
0.000224112
0.000224076
0.000224035
0.00022399
0.000223939
0.000223884
0.000223824
0.00022376
0.000223691
0.000223618
0.00022354
0.000223458
0.000223373
0.000223283
0.000223189
0.000223092
0.000222991
0.000222886
0.000222778
0.000222666
0.00022255
0.000222432
0.00022231
0.000222185
0.000222056
0.000221925
0.000221791
0.000221653
0.000221513
0.00022137
0.000221224
0.000221076
0.000220925
0.000220772
0.000220616
0.000220457
0.000220296
0.000220133
0.000219968
0.0002198
0.00021963
0.000219459
0.000219285
0.000219109
0.000218931
0.000218751
0.000218569
0.000218385
0.0002182
0.000218013
0.000217824
0.000217634
0.000217442
0.000217248
0.000217053
0.000216856
0.000216658
0.000216459
0.000216258
0.000216056
0.000215852
0.000215647
0.000215441
0.000215234
0.000215026
0.000214816
0.000214605
0.000214394
0.000214181
0.000213967
0.000213752
0.000213536
0.00021332
0.000213102
0.000212884
0.000212664
0.000212444
0.000212223
0.000212001
0.000211779
0.000211555
0.000211331
0.000211107
0.000210881
0.000210655
0.000210429
0.000210202
0.000209974
0.000209746
0.000209517
0.000209287
0.000209057
0.000208827
0.000208596
0.000208365
0.000208133
0.000207901
0.000207668
0.000207435
0.000207202
0.000206969
0.000206735
0.0002065
0.000206266
0.000206031
0.000205796
0.00020556
0.000205325
0.000205089
0.000204853
0.000204616
0.00020438
0.000204143
0.000203906
0.000203669
0.000203432
0.000203194
0.000202957
0.000202719
0.000202482
0.000202244
0.000202006
0.000201768
0.00020153
0.000201292
0.000201054
0.000200816
0.000200578
0.00020034
0.000200101
0.000199863
0.000199625
0.000199387
0.000199149
0.00019891
0.000198672
0.000198434
0.000198196
0.000197958
0.00019772
0.000197483
0.000197245
0.000197007
0.00019677
0.000196532
0.000196295
0.000196058
0.000195821
0.000195584
0.000195347
0.00019511
0.000194873
0.000194637
0.0001944
0.000194164
0.000193928
0.000193692
0.000193457
0.000193221
0.000192986
0.000192751
0.000192516
0.000192281
0.000192046
0.000191812
0.000191578
0.000191344
0.00019111
0.000190876
0.000190643
0.00019041
0.000190177
0.000189944
0.000189712
0.000189479
0.000189247
0.000189016
0.000188784
0.000188553
0.000188322
0.000188091
0.00018786
0.00018763
0.0001874
0.00018717
0.00018694
0.000186711
0.000186482
0.000186253
0.000186025
0.000185797
0.000185569
0.000185341
0.000185114
0.000184887
0.00018466
0.000184433
0.000184207
0.000183981
0.000183755
0.00018353
0.000183305
0.00018308
0.000182855
0.000182631
0.000182407
0.000182183
0.00018196
0.000181737
0.000181514
0.000181292
0.00018107
0.000180848
0.000180626
0.000180405
0.000180184
0.000179964
0.000179743
0.000179523
0.000179304
0.000179084
0.000178865
0.000178646
0.000178428
0.00017821
0.000177992
0.000177775
0.000177557
0.000177341
0.000177124
0.000176908
0.000176692
0.000176476
0.000176261
0.000176046
0.000175832
0.000175617
0.000175403
0.00017519
0.000174976
0.000174763
0.000174551
0.000174338
0.000174126
0.000173915
0.000173703
0.000173492
0.000173281
0.000173071
0.000172861
0.000172651
0.000172442
0.000172233
0.000172024
0.000171816
0.000171608
0.0001714
0.000171192
0.000170985
0.000170778
0.000170572
0.000170366
0.00017016
0.000169955
0.000169749
0.000169545
0.00016934
0.000169136
0.000168932
0.000168729
0.000168525
0.000168323
0.00016812
0.000167918
0.000167716
0.000167514
0.000167313
0.000167112
0.000166912
0.000166712
0.000166512
0.000166312
0.000166113
0.000165914
0.000165715
0.000165517
0.000165319
0.000165121
0.000164924
0.000164727
0.000164531
0.000164334
0.000164138
0.000163943
0.000163747
0.000163552
0.000163358
0.000163163
0.000162969
0.000162775
0.000162582
0.000162389
0.000162196
0.000162004
0.000161812
0.00016162
0.000161428
0.000161237
0.000161046
0.000160856
0.000160666
0.000160476
0.000160286
0.000160097
0.000159908
0.000159719
0.000159531
0.000159343
0.000159156
0.000158968
0.000158781
0.000158594
0.000158408
0.000158222
0.000158036
0.000157851
0.000157666
0.000157481
0.000157296
0.000157112
0.000156928
0.000156745
0.000156562
0.000156379
0.000156196
0.000156014
0.000155832
0.00015565
0.000155469
0.000155288
0.000155107
0.000154926
0.000154746
0.000154566
0.000154387
0.000154208
0.000154029
0.00015385
0.000153672
0.000153494
0.000153316
0.000153139
0.000152961
0.000152785
0.000152608
0.000152432
0.000152256
0.00015208
0.000151905
0.00015173
0.000151556
0.000151381
0.000151207
0.000151033
0.00015086
0.000150687
0.000150514
0.000150341
0.000150169
0.000149997
0.000149825
0.000149654
0.000149483
0.000149312
0.000149141
0.000148971
0.000148801
0.000148631
0.000148462
0.000148293
0.000148124
0.000147956
0.000147787
0.00014762
0.000147452
0.000147285
0.000147118
0.000146951
0.000146784
0.000146618
0.000146452
0.000146287
0.000146121
0.000145956
0.000145792
0.000145627
0.000145463
0.000145299
0.000145135
0.000144972
0.000144809
0.000144646
0.000144484
0.000144322
0.00014416
0.000143998
0.000143837
0.000143676
0.000143515
0.000143354
0.000143194
0.000143034
0.000142874
0.000142715
0.000142556
0.000142397
0.000142238
0.00014208
0.000141922
0.000141764
0.000141607
0.00014145
0.000141293
0.000141136
0.00014098
0.000140823
0.000140667
0.000140512
0.000140357
0.000140202
0.000140047
0.000139892
0.000139738
0.000139584
0.00013943
0.000139277
0.000139124
0.000138971
0.000138818
0.000138666
0.000138514
0.000138362
0.00013821
0.000138059
0.000137908
0.000137757
0.000137606
0.000137456
0.000137306
0.000137156
0.000137007
0.000136857
0.000136708
0.00013656
0.000136411
0.000136263
0.000136115
0.000135967
0.00013582
0.000135673
0.000135526
0.000135379
0.000135233
0.000135087
0.000134941
0.000134795
0.00013465
0.000134504
0.000134359
0.000134215
0.00013407
0.000133926
0.000133782
0.000133639
0.000133495
0.000133352
0.000133209
0.000133067
0.000132924
0.000132782
0.00013264
0.000132498
0.000132357
0.000132216
0.000132075
0.000131934
0.000131794
0.000131654
0.000131514
0.000131374
0.000131234
0.000131095
0.000130956
0.000130817
0.000130679
0.000130541
0.000130403
0.000130265
0.000130127
0.00012999
0.000129853
0.000129716
0.00012958
0.000129443
0.000129307
0.000129171
0.000129036
0.0001289
0.000128765
0.00012863
0.000128495
0.000128361
0.000128227
0.000128093
0.000127959
0.000127825
0.000127692
0.000127559
0.000127426
0.000127294
0.000127161
0.000127029
0.000126897
0.000126765
0.000126634
0.000126503
0.000126372
0.000126241
0.00012611
0.00012598
0.00012585
0.00012572
0.000125591
0.000125461
0.000125332
0.000125203
0.000125074
0.000124946
0.000124817
0.000124689
0.000124561
0.000124434
0.000124306
0.000124179
0.000124052
0.000123926
0.000123799
0.000123673
0.000123547
0.000123421
0.000123295
0.00012317
0.000123045
0.00012292
0.000122795
0.00012267
0.000122546
0.000122422
0.000122298
0.000122174
0.000122051
0.000121927
0.000121804
0.000121682
0.000121559
0.000121437
0.000121314
0.000121192
0.000121071
0.000120949
0.000120828
0.000120707
0.000120586
0.000120465
0.000120344
0.000120224
0.000120104
0.000119984
0.000119864
0.000119745
0.000119626
0.000119507
0.000119388
0.000119269
0.000119151
0.000119033
0.000118915
0.000118797
0.000118679
0.000118562
0.000118445
0.000118328
0.000118211
0.000118094
0.000117978
0.000117862
0.000117746
0.00011763
0.000117514
0.000117399
0.000117284
0.000117169
0.000117054
0.00011694
0.000116825
0.000116711
0.000116597
0.000116483
0.00011637
0.000116256
0.000116143
0.00011603
0.000115917
0.000115805
0.000115692
0.00011558
0.000115468
0.000115356
0.000115245
0.000115133
0.000115022
0.000114911
0.0001148
0.00011469
0.000114579
0.000114469
0.000114359
0.000114249
0.000114139
0.00011403
0.00011392
0.000113811
0.000113702
0.000113594
0.000113485
0.000113377
0.000113268
0.000113161
0.000113053
0.000112945
0.000112838
0.00011273
0.000112623
0.000112517
0.00011241
0.000112303
0.000112197
0.000112091
0.000111985
0.000111879
0.000111774
0.000111668
0.000111563
0.000111458
0.000111353
0.000111249
0.000111144
0.00011104
0.000110936
0.000110832
0.000110728
0.000110624
0.000110521
0.000110418
0.000110315
0.000110212
0.000110109
0.000110007
0.000109905
0.000109802
0.0001097
0.000109599
0.000109497
0.000109396
0.000109294
0.000109193
0.000109092
0.000108992
0.000108891
0.000108791
0.000108691
0.000108591
0.000108491
0.000108391
0.000108292
0.000108192
0.000108093
0.000107994
0.000107895
0.000107797
0.000107698
0.0001076
0.000107502
0.000107404
0.000107306
0.000107208
0.000107111
0.000107014
0.000106917
0.00010682
0.000106723
0.000106626
0.00010653
0.000106434
0.000106337
0.000106242
0.000106146
0.00010605
0.000105955
0.00010586
0.000105764
0.000105669
0.000105575
0.00010548
0.000105386
0.000105291
0.000105197
0.000105103
0.00010501
0.000104916
0.000104822
0.000104729
0.000104636
0.000104543
0.00010445
0.000104358
0.000104265
0.000104173
0.000104081
0.000103989
0.000103897
0.000103805
0.000103714
0.000103622
0.000103531
0.00010344
0.000103349
0.000103258
0.000103168
0.000103077
0.000102987
0.000102897
0.000102807
0.000102717
0.000102628
0.000102538
0.000102449
0.00010236
0.000102271
0.000102182
0.000102093
0.000102005
0.000101916
0.000101828
0.00010174
0.000101652
0.000101564
0.000101477
0.000101389
0.000101302
0.000101215
0.000101128
0.000101041
0.000100954
0.000100867
0.000100781
0.000100695
0.000100609
0.000100523
0.000100437
0.000100351
0.000100266
0.00010018
0.000100095
0.00010001
9.99251e-05
9.98403e-05
9.97557e-05
9.96712e-05
9.95869e-05
9.95027e-05
9.94187e-05
9.93348e-05
9.9251e-05
9.91674e-05
9.9084e-05
9.90007e-05
9.89175e-05
9.88345e-05
9.87516e-05
9.86689e-05
9.85863e-05
9.85038e-05
9.84215e-05
9.83394e-05
9.82574e-05
9.81755e-05
9.80938e-05
9.80122e-05
9.79307e-05
9.78494e-05
9.77683e-05
9.76872e-05
9.76064e-05
9.75256e-05
9.7445e-05
9.73646e-05
9.72842e-05
9.72041e-05
9.7124e-05
9.70441e-05
9.69643e-05
9.68847e-05
9.68052e-05
9.67259e-05
9.66467e-05
9.65676e-05
9.64887e-05
9.64099e-05
9.63312e-05
9.62527e-05
9.61743e-05
9.60961e-05
9.60179e-05
9.594e-05
9.58621e-05
9.57844e-05
9.57068e-05
9.56294e-05
9.55521e-05
9.54749e-05
9.53979e-05
9.5321e-05
9.52442e-05
9.51676e-05
9.50911e-05
9.50147e-05
9.49385e-05
9.48624e-05
9.47864e-05
9.47106e-05
9.46349e-05
9.45593e-05
9.44839e-05
9.44086e-05
9.43334e-05
9.42584e-05
9.41834e-05
9.41087e-05
9.4034e-05
9.39595e-05
9.38851e-05
9.38108e-05
9.37367e-05
9.36627e-05
9.35888e-05
9.3515e-05
9.34414e-05
9.33679e-05
9.32945e-05
9.32213e-05
9.31482e-05
9.30752e-05
9.30023e-05
9.29296e-05
9.2857e-05
9.27845e-05
9.27122e-05
9.26399e-05
9.25678e-05
9.24959e-05
9.2424e-05
9.23523e-05
9.22807e-05
9.22092e-05
9.21379e-05
9.20666e-05
9.19955e-05
9.19245e-05
9.18537e-05
9.17829e-05
9.17123e-05
9.16418e-05
9.15715e-05
9.15012e-05
9.14311e-05
9.13611e-05
9.12912e-05
9.12215e-05
9.11518e-05
9.10823e-05
9.10129e-05
9.09437e-05
9.08745e-05
9.08055e-05
9.07366e-05
9.06678e-05
9.05991e-05
9.05306e-05
9.04621e-05
9.03938e-05
9.03256e-05
9.02575e-05
9.01896e-05
9.01217e-05
9.0054e-05
8.99864e-05
8.99189e-05
8.98516e-05
8.97843e-05
8.97172e-05
8.96502e-05
8.95833e-05
8.95165e-05
8.94498e-05
8.93832e-05
8.93168e-05
8.92505e-05
8.91843e-05
8.91182e-05
8.90522e-05
8.89864e-05
8.89206e-05
8.8855e-05
8.87895e-05
8.87241e-05
8.86588e-05
8.85936e-05
8.85285e-05
8.84636e-05
8.83987e-05
8.8334e-05
8.82694e-05
8.82049e-05
8.81405e-05
8.80762e-05
8.80121e-05
8.7948e-05
8.78841e-05
8.78202e-05
8.77565e-05
8.76929e-05
8.76294e-05
8.7566e-05
8.75028e-05
8.74396e-05
8.73765e-05
8.73136e-05
8.72507e-05
8.7188e-05
8.71254e-05
8.70629e-05
8.70005e-05
8.69382e-05
8.6876e-05
8.68139e-05
8.6752e-05
8.66901e-05
8.66284e-05
8.65667e-05
8.65052e-05
8.64437e-05
8.63824e-05
8.63212e-05
8.62601e-05
8.61991e-05
8.61382e-05
8.60774e-05
8.60167e-05
8.59561e-05
8.58956e-05
8.58353e-05
8.5775e-05
8.57148e-05
8.56548e-05
8.55948e-05
8.5535e-05
8.54752e-05
8.54156e-05
8.53561e-05
8.52966e-05
8.52373e-05
8.51781e-05
8.5119e-05
8.50599e-05
8.5001e-05
8.49422e-05
8.48835e-05
8.48249e-05
8.47664e-05
8.4708e-05
8.46497e-05
8.45915e-05
8.45333e-05
8.44753e-05
8.44174e-05
8.43596e-05
8.43019e-05
8.42443e-05
8.41868e-05
8.41294e-05
8.40722e-05
8.4015e-05
8.39579e-05
8.39009e-05
8.38439e-05
8.37871e-05
8.37304e-05
8.36738e-05
8.36173e-05
8.35609e-05
8.35046e-05
8.34484e-05
8.33923e-05
8.33363e-05
8.32803e-05
8.32245e-05
8.31688e-05
8.31132e-05
8.30576e-05
8.30022e-05
8.29469e-05
8.28916e-05
8.28365e-05
8.27814e-05
8.27265e-05
8.26716e-05
8.26168e-05
8.25622e-05
8.25076e-05
8.24531e-05
8.23987e-05
8.23445e-05
8.22903e-05
8.22362e-05
8.21822e-05
8.21282e-05
8.20744e-05
8.20207e-05
8.19671e-05
8.19135e-05
8.18601e-05
8.18067e-05
8.17535e-05
8.17003e-05
8.16472e-05
8.15942e-05
8.15414e-05
8.14886e-05
8.14359e-05
8.13832e-05
8.13307e-05
8.12783e-05
8.12259e-05
8.11737e-05
8.11215e-05
8.10695e-05
8.10175e-05
8.09656e-05
8.09138e-05
8.08621e-05
8.08105e-05
8.0759e-05
8.07075e-05
8.06562e-05
8.06049e-05
8.05538e-05
8.05027e-05
8.04517e-05
8.04008e-05
8.035e-05
8.02992e-05
8.02486e-05
8.0198e-05
8.01476e-05
8.00972e-05
8.00469e-05
7.99967e-05
7.99466e-05
7.98966e-05
7.98467e-05
7.97968e-05
7.9747e-05
7.96974e-05
7.96478e-05
7.95983e-05
7.95489e-05
7.94995e-05
7.94503e-05
7.94011e-05
7.9352e-05
7.9303e-05
7.92541e-05
7.92053e-05
7.91566e-05
7.91079e-05
7.90594e-05
7.90109e-05
7.89625e-05
7.89142e-05
7.8866e-05
7.88178e-05
7.87697e-05
7.87218e-05
7.86739e-05
7.86261e-05
7.85783e-05
7.85307e-05
7.84831e-05
7.84357e-05
7.83883e-05
7.83409e-05
7.82937e-05
7.82466e-05
7.81995e-05
7.81525e-05
7.81056e-05
7.80588e-05
7.8012e-05
7.79654e-05
7.79188e-05
7.78723e-05
7.78259e-05
7.77796e-05
7.77333e-05
7.76871e-05
7.7641e-05
7.7595e-05
7.75491e-05
7.75032e-05
7.74575e-05
7.74118e-05
7.73661e-05
7.73206e-05
7.72752e-05
7.72298e-05
7.71845e-05
7.71393e-05
7.70941e-05
7.7049e-05
7.70041e-05
7.69592e-05
7.69143e-05
7.68696e-05
7.68249e-05
7.67803e-05
7.67358e-05
7.66914e-05
7.6647e-05
7.66027e-05
7.65585e-05
7.65144e-05
7.64703e-05
7.64263e-05
7.63824e-05
7.63386e-05
7.62949e-05
7.62512e-05
7.62076e-05
7.61641e-05
7.61206e-05
7.60773e-05
7.6034e-05
7.59907e-05
7.59476e-05
7.59045e-05
7.58615e-05
7.58186e-05
7.57758e-05
7.5733e-05
7.56903e-05
7.56477e-05
7.56051e-05
7.55627e-05
7.55203e-05
7.54779e-05
7.54357e-05
7.53935e-05
7.53514e-05
7.53094e-05
7.52674e-05
7.52255e-05
7.51837e-05
7.5142e-05
7.51003e-05
7.50587e-05
7.50172e-05
7.49757e-05
7.49344e-05
7.4893e-05
7.48518e-05
7.48106e-05
7.47696e-05
7.47285e-05
7.46876e-05
7.46467e-05
7.46059e-05
7.45652e-05
7.45245e-05
7.44839e-05
7.44434e-05
7.44029e-05
7.43625e-05
7.43222e-05
7.4282e-05
7.42418e-05
7.42017e-05
7.41617e-05
7.41217e-05
7.40818e-05
7.4042e-05
7.40023e-05
7.39626e-05
7.3923e-05
7.38834e-05
7.38439e-05
7.38045e-05
7.37652e-05
7.37259e-05
7.36867e-05
7.36476e-05
7.36085e-05
7.35695e-05
7.35306e-05
7.34917e-05
7.34529e-05
7.34142e-05
7.33755e-05
7.33369e-05
7.32984e-05
7.32599e-05
7.32215e-05
7.31832e-05
7.31449e-05
7.31067e-05
7.30686e-05
7.30305e-05
7.29925e-05
7.29546e-05
7.29168e-05
7.2879e-05
7.28412e-05
7.28036e-05
7.2766e-05
7.27284e-05
7.2691e-05
7.26535e-05
7.26162e-05
7.25789e-05
7.25417e-05
7.25046e-05
7.24675e-05
7.24305e-05
7.23935e-05
7.23566e-05
7.23198e-05
7.22831e-05
7.22464e-05
7.22097e-05
7.21732e-05
7.21367e-05
7.21002e-05
7.20638e-05
7.20275e-05
7.19913e-05
7.19551e-05
7.1919e-05
7.18829e-05
7.18469e-05
7.1811e-05
7.17751e-05
7.17393e-05
7.17035e-05
7.16678e-05
7.16322e-05
7.15966e-05
7.15611e-05
7.15257e-05
7.14903e-05
7.1455e-05
7.14197e-05
7.13846e-05
7.13494e-05
7.13143e-05
7.12793e-05
7.12444e-05
7.12095e-05
7.11747e-05
7.11399e-05
7.11052e-05
7.10705e-05
7.1036e-05
7.10014e-05
7.0967e-05
7.09326e-05
7.08982e-05
7.08639e-05
7.08297e-05
7.07955e-05
7.07614e-05
7.07274e-05
7.06934e-05
7.06594e-05
7.06256e-05
7.05918e-05
7.0558e-05
7.05243e-05
7.04907e-05
7.04571e-05
7.04236e-05
7.03901e-05
7.03567e-05
7.03234e-05
7.02901e-05
7.02569e-05
7.02237e-05
7.01906e-05
7.01575e-05
7.01245e-05
7.00916e-05
7.00587e-05
7.00259e-05
6.99931e-05
6.99604e-05
6.99277e-05
6.98951e-05
6.98626e-05
6.98301e-05
6.97977e-05
6.97653e-05
6.9733e-05
6.97007e-05
6.96685e-05
6.96364e-05
6.96043e-05
6.95722e-05
6.95402e-05
6.95083e-05
6.94764e-05
6.94446e-05
6.94129e-05
6.93812e-05
6.93495e-05
6.93179e-05
6.92864e-05
6.92549e-05
6.92235e-05
6.91921e-05
6.91608e-05
6.91295e-05
6.90983e-05
6.90671e-05
6.9036e-05
6.9005e-05
6.8974e-05
6.89431e-05
6.89122e-05
6.88813e-05
6.88506e-05
6.88198e-05
6.87892e-05
6.87585e-05
6.8728e-05
6.86975e-05
6.8667e-05
6.86366e-05
6.86062e-05
6.85759e-05
6.85457e-05
6.85155e-05
6.84853e-05
6.84553e-05
6.84252e-05
6.83952e-05
6.83653e-05
6.83354e-05
6.83056e-05
6.82758e-05
6.82461e-05
6.82164e-05
6.81868e-05
6.81572e-05
6.81277e-05
6.80982e-05
6.80688e-05
6.80394e-05
6.80101e-05
6.79809e-05
6.79516e-05
6.79225e-05
6.78934e-05
6.78643e-05
6.78353e-05
6.78063e-05
6.77774e-05
6.77486e-05
6.77198e-05
6.7691e-05
6.76623e-05
6.76336e-05
6.7605e-05
6.75765e-05
6.75479e-05
6.75195e-05
6.74911e-05
6.74627e-05
6.74344e-05
6.74061e-05
6.73779e-05
6.73498e-05
6.73216e-05
6.72936e-05
6.72656e-05
6.72376e-05
6.72097e-05
6.71818e-05
6.7154e-05
6.71262e-05
6.70985e-05
6.70708e-05
6.70432e-05
6.70156e-05
6.6988e-05
6.69605e-05
6.69331e-05
6.69057e-05
6.68784e-05
6.68511e-05
6.68238e-05
6.67966e-05
6.67695e-05
6.67424e-05
6.67153e-05
6.66883e-05
6.66613e-05
6.66344e-05
6.66075e-05
6.65807e-05
6.65539e-05
6.65272e-05
6.65005e-05
6.64739e-05
6.64473e-05
6.64207e-05
6.63942e-05
6.63678e-05
6.63414e-05
6.6315e-05
6.62887e-05
6.62624e-05
6.62362e-05
6.621e-05
6.61839e-05
6.61578e-05
6.61317e-05
6.61058e-05
6.60798e-05
6.60539e-05
6.6028e-05
6.60022e-05
6.59764e-05
6.59507e-05
6.5925e-05
6.58994e-05
6.58738e-05
6.58482e-05
6.58227e-05
6.57973e-05
6.57719e-05
6.57465e-05
6.57212e-05
6.56959e-05
6.56706e-05
6.56454e-05
6.56203e-05
6.55952e-05
6.55701e-05
6.55451e-05
6.55201e-05
6.54952e-05
6.54703e-05
6.54454e-05
6.54206e-05
6.53959e-05
6.53712e-05
6.53465e-05
6.53219e-05
6.52973e-05
6.52727e-05
6.52482e-05
6.52238e-05
6.51993e-05
6.5175e-05
6.51506e-05
6.51263e-05
6.51021e-05
6.50779e-05
6.50537e-05
6.50296e-05
6.50055e-05
6.49815e-05
6.49575e-05
6.49335e-05
6.49096e-05
6.48857e-05
6.48619e-05
6.48381e-05
6.48144e-05
6.47906e-05
6.4767e-05
6.47434e-05
6.47198e-05
6.46962e-05
6.46727e-05
6.46493e-05
6.46258e-05
6.46025e-05
6.45791e-05
6.45558e-05
6.45326e-05
6.45094e-05
6.44862e-05
6.4463e-05
6.44399e-05
6.44169e-05
6.43939e-05
6.43709e-05
6.4348e-05
6.43251e-05
6.43022e-05
6.42794e-05
6.42566e-05
6.42339e-05
6.42112e-05
6.41885e-05
6.41659e-05
6.41433e-05
6.41208e-05
6.40983e-05
6.40758e-05
6.40534e-05
6.4031e-05
6.40087e-05
6.39864e-05
6.39641e-05
6.39419e-05
6.39197e-05
6.38975e-05
6.38754e-05
6.38533e-05
6.38313e-05
6.38093e-05
6.37874e-05
6.37654e-05
6.37436e-05
6.37217e-05
6.36999e-05
6.36781e-05
6.36564e-05
6.36347e-05
6.36131e-05
6.35914e-05
6.35699e-05
6.35483e-05
6.35268e-05
6.35053e-05
6.34839e-05
6.34625e-05
6.34412e-05
6.34198e-05
6.33986e-05
6.33773e-05
6.33561e-05
6.33349e-05
6.33138e-05
6.32927e-05
6.32716e-05
6.32506e-05
6.32296e-05
6.32087e-05
6.31878e-05
6.31669e-05
6.3146e-05
6.31252e-05
6.31045e-05
6.30837e-05
6.3063e-05
6.30424e-05
6.30217e-05
6.30012e-05
6.29806e-05
6.29601e-05
6.29396e-05
6.29192e-05
6.28987e-05
6.28784e-05
6.2858e-05
6.28377e-05
6.28175e-05
6.27972e-05
6.2777e-05
6.27569e-05
6.27367e-05
6.27166e-05
6.26966e-05
6.26766e-05
6.26566e-05
6.26366e-05
6.26167e-05
6.25968e-05
6.2577e-05
6.25571e-05
6.25374e-05
6.25176e-05
6.24979e-05
6.24782e-05
6.24586e-05
6.2439e-05
6.24194e-05
6.23998e-05
6.23803e-05
6.23609e-05
6.23414e-05
6.2322e-05
6.23026e-05
6.22833e-05
6.2264e-05
6.22447e-05
6.22255e-05
6.22063e-05
6.21871e-05
6.2168e-05
6.21489e-05
6.21298e-05
6.21108e-05
6.20917e-05
6.20728e-05
6.20538e-05
6.20349e-05
6.20161e-05
6.19972e-05
6.19784e-05
6.19596e-05
6.19409e-05
6.19222e-05
6.19035e-05
6.18849e-05
6.18662e-05
6.18477e-05
6.18291e-05
6.18106e-05
6.17921e-05
6.17737e-05
6.17552e-05
6.17369e-05
6.17185e-05
6.17002e-05
6.16819e-05
6.16636e-05
6.16454e-05
6.16272e-05
6.1609e-05
6.15909e-05
6.15728e-05
6.15547e-05
6.15367e-05
6.15187e-05
6.15007e-05
6.14828e-05
6.14649e-05
6.1447e-05
6.14291e-05
6.14113e-05
6.13935e-05
6.13758e-05
6.1358e-05
6.13403e-05
6.13227e-05
6.1305e-05
6.12874e-05
6.12699e-05
6.12523e-05
6.12348e-05
6.12173e-05
6.11999e-05
6.11824e-05
6.11651e-05
6.11477e-05
6.11304e-05
6.11131e-05
6.10958e-05
6.10785e-05
6.10613e-05
6.10442e-05
6.1027e-05
6.10099e-05
6.09928e-05
6.09757e-05
6.09587e-05
6.09417e-05
6.09247e-05
6.09078e-05
6.08909e-05
6.0874e-05
6.08571e-05
6.08403e-05
6.08235e-05
6.08067e-05
6.079e-05
6.07733e-05
6.07566e-05
6.074e-05
6.07233e-05
6.07068e-05
6.06902e-05
6.06737e-05
6.06571e-05
6.06407e-05
6.06242e-05
6.06078e-05
6.05914e-05
6.0575e-05
6.05587e-05
6.05424e-05
6.05261e-05
6.05099e-05
6.04937e-05
6.04775e-05
6.04613e-05
6.04452e-05
6.0429e-05
6.0413e-05
6.03969e-05
6.03809e-05
6.03649e-05
6.03489e-05
6.0333e-05
6.03171e-05
6.03012e-05
6.02853e-05
6.02695e-05
6.02537e-05
6.02379e-05
6.02222e-05
6.02064e-05
6.01907e-05
6.01751e-05
6.01594e-05
6.01438e-05
6.01282e-05
6.01127e-05
6.00972e-05
6.00817e-05
6.00662e-05
6.00507e-05
6.00353e-05
6.00199e-05
6.00045e-05
5.99892e-05
5.99739e-05
5.99586e-05
5.99433e-05
5.99281e-05
5.99129e-05
5.98977e-05
5.98825e-05
5.98674e-05
5.98523e-05
5.98372e-05
5.98222e-05
5.98071e-05
5.97921e-05
5.97772e-05
5.97622e-05
5.97473e-05
5.97324e-05
5.97175e-05
5.97027e-05
5.96879e-05
5.96731e-05
5.96583e-05
5.96436e-05
5.96289e-05
5.96142e-05
5.95995e-05
5.95849e-05
5.95703e-05
5.95557e-05
5.95411e-05
5.95266e-05
5.95121e-05
5.94976e-05
5.94831e-05
5.94687e-05
5.94543e-05
5.94399e-05
5.94255e-05
5.94112e-05
5.93969e-05
5.93826e-05
5.93683e-05
5.93541e-05
5.93399e-05
5.93257e-05
5.93115e-05
5.92974e-05
5.92833e-05
5.92692e-05
5.92551e-05
5.92411e-05
5.92271e-05
5.92131e-05
5.91991e-05
5.91852e-05
5.91712e-05
5.91574e-05
5.91435e-05
5.91296e-05
5.91158e-05
5.9102e-05
5.90882e-05
5.90745e-05
5.90608e-05
5.90471e-05
5.90334e-05
5.90197e-05
5.90061e-05
5.89925e-05
5.89789e-05
5.89654e-05
5.89518e-05
5.89383e-05
5.89248e-05
5.89114e-05
5.88979e-05
5.88845e-05
5.88711e-05
5.88577e-05
5.88444e-05
5.88311e-05
5.88178e-05
5.88045e-05
5.87912e-05
5.8778e-05
5.87648e-05
5.87516e-05
5.87384e-05
5.87253e-05
5.87122e-05
5.86991e-05
5.8686e-05
5.86729e-05
5.86599e-05
5.86469e-05
5.86339e-05
5.8621e-05
5.8608e-05
5.85951e-05
5.85822e-05
5.85694e-05
5.85565e-05
5.85437e-05
5.85309e-05
5.85181e-05
5.85053e-05
5.84926e-05
5.84799e-05
5.84672e-05
5.84545e-05
5.84419e-05
5.84293e-05
5.84167e-05
5.84041e-05
5.83915e-05
5.8379e-05
5.83665e-05
5.8354e-05
5.83415e-05
5.8329e-05
5.83166e-05
5.83042e-05
5.82918e-05
5.82795e-05
5.82671e-05
5.82548e-05
5.82425e-05
5.82302e-05
5.8218e-05
5.82057e-05
5.81935e-05
5.81813e-05
5.81691e-05
5.8157e-05
5.81449e-05
5.81327e-05
5.81207e-05
5.81086e-05
5.80965e-05
5.80845e-05
5.80725e-05
5.80605e-05
5.80486e-05
5.80366e-05
5.80247e-05
5.80128e-05
5.80009e-05
5.79891e-05
5.79772e-05
5.79654e-05
5.79536e-05
5.79418e-05
5.79301e-05
5.79184e-05
5.79066e-05
5.78949e-05
5.78833e-05
5.78716e-05
5.786e-05
5.78484e-05
5.78368e-05
5.78252e-05
5.78136e-05
5.78021e-05
5.77906e-05
5.77791e-05
5.77676e-05
5.77562e-05
5.77447e-05
5.77333e-05
5.77219e-05
5.77106e-05
5.76992e-05
5.76879e-05
5.76766e-05
5.76653e-05
5.7654e-05
5.76427e-05
5.76315e-05
5.76203e-05
5.76091e-05
5.75979e-05
5.75868e-05
5.75756e-05
5.75645e-05
5.75534e-05
5.75423e-05
5.75313e-05
5.75202e-05
5.75092e-05
5.74982e-05
5.74872e-05
5.74762e-05
5.74653e-05
5.74544e-05
5.74435e-05
5.74326e-05
5.74217e-05
5.74108e-05
5.74e-05
5.73892e-05
5.73784e-05
5.73676e-05
5.73569e-05
5.73461e-05
5.73354e-05
5.73247e-05
5.7314e-05
5.73034e-05
5.72927e-05
5.72821e-05
5.72715e-05
5.72609e-05
5.72503e-05
5.72398e-05
5.72292e-05
5.72187e-05
5.72082e-05
5.71977e-05
5.71873e-05
5.71768e-05
5.71664e-05
5.7156e-05
5.71456e-05
5.71352e-05
5.71249e-05
5.71145e-05
5.71042e-05
5.70939e-05
5.70836e-05
5.70734e-05
5.70631e-05
5.70529e-05
5.70427e-05
5.70325e-05
5.70223e-05
5.70122e-05
5.7002e-05
5.69919e-05
5.69818e-05
5.69717e-05
5.69616e-05
5.69516e-05
5.69416e-05
5.69315e-05
5.69215e-05
5.69116e-05
5.69016e-05
5.68916e-05
5.68817e-05
5.68718e-05
5.68619e-05
5.6852e-05
5.68422e-05
5.68323e-05
5.68225e-05
5.68127e-05
5.68029e-05
5.67931e-05
5.67834e-05
5.67736e-05
5.67639e-05
5.67542e-05
5.67445e-05
5.67348e-05
5.67252e-05
5.67155e-05
5.67059e-05
5.66963e-05
5.66867e-05
5.66771e-05
5.66676e-05
5.6658e-05
5.66485e-05
5.6639e-05
5.66295e-05
5.662e-05
5.66106e-05
5.66011e-05
5.65917e-05
5.65823e-05
5.65729e-05
5.65635e-05
5.65542e-05
5.65448e-05
5.65355e-05
5.65262e-05
5.65169e-05
5.65076e-05
5.64984e-05
5.64891e-05
5.64799e-05
5.64707e-05
5.64615e-05
5.64523e-05
5.64431e-05
5.6434e-05
5.64248e-05
5.64157e-05
5.64066e-05
5.63975e-05
5.63885e-05
5.63794e-05
5.63704e-05
5.63613e-05
5.63523e-05
5.63433e-05
5.63344e-05
5.63254e-05
5.63165e-05
5.63075e-05
5.62986e-05
5.62897e-05
5.62808e-05
5.6272e-05
5.62631e-05
5.62543e-05
5.62455e-05
5.62367e-05
5.62279e-05
5.62191e-05
5.62103e-05
5.62016e-05
5.61929e-05
5.61841e-05
5.61754e-05
5.61668e-05
5.61581e-05
5.61494e-05
5.61408e-05
5.61322e-05
5.61236e-05
5.6115e-05
5.61064e-05
5.60978e-05
5.60893e-05
5.60807e-05
5.60722e-05
5.60637e-05
5.60552e-05
5.60467e-05
5.60383e-05
5.60298e-05
5.60214e-05
5.6013e-05
5.60046e-05
5.59962e-05
5.59878e-05
5.59795e-05
5.59711e-05
5.59628e-05
5.59545e-05
5.59462e-05
5.59379e-05
5.59296e-05
5.59214e-05
5.59131e-05
5.59049e-05
5.58967e-05
5.58885e-05
5.58803e-05
5.58721e-05
5.5864e-05
5.58558e-05
5.58477e-05
5.58396e-05
5.58315e-05
5.58234e-05
5.58153e-05
5.58073e-05
5.57992e-05
5.57912e-05
5.57832e-05
5.57752e-05
5.57672e-05
5.57592e-05
5.57512e-05
5.57433e-05
5.57354e-05
5.57274e-05
5.57195e-05
5.57116e-05
5.57038e-05
5.56959e-05
5.5688e-05
5.56802e-05
5.56724e-05
5.56646e-05
5.56568e-05
5.5649e-05
5.56412e-05
5.56335e-05
5.56257e-05
5.5618e-05
5.56103e-05
5.56026e-05
5.55949e-05
5.55872e-05
5.55796e-05
5.55719e-05
5.55643e-05
5.55567e-05
5.5549e-05
5.55414e-05
5.55339e-05
5.55263e-05
5.55187e-05
5.55112e-05
5.55037e-05
5.54962e-05
5.54886e-05
5.54812e-05
5.54737e-05
5.54662e-05
5.54588e-05
5.54513e-05
5.54439e-05
5.54365e-05
5.54291e-05
5.54217e-05
5.54143e-05
5.5407e-05
5.53996e-05
5.53923e-05
5.5385e-05
5.53776e-05
5.53704e-05
5.53631e-05
5.53558e-05
5.53485e-05
5.53413e-05
5.53341e-05
5.53268e-05
5.53196e-05
5.53124e-05
5.53052e-05
5.52981e-05
5.52909e-05
5.52838e-05
5.52766e-05
5.52695e-05
5.52624e-05
5.52553e-05
5.52482e-05
5.52411e-05
5.52341e-05
5.5227e-05
5.522e-05
5.5213e-05
5.5206e-05
5.5199e-05
5.5192e-05
5.5185e-05
5.5178e-05
5.51711e-05
5.51642e-05
5.51572e-05
5.51503e-05
5.51434e-05
5.51365e-05
5.51296e-05
5.51228e-05
5.51159e-05
5.51091e-05
5.51023e-05
5.50954e-05
5.50886e-05
5.50818e-05
5.5075e-05
5.50683e-05
5.50615e-05
5.50548e-05
5.5048e-05
5.50413e-05
5.50346e-05
5.50279e-05
5.50212e-05
5.50145e-05
5.50079e-05
5.50012e-05
5.49946e-05
5.49879e-05
5.49813e-05
5.49747e-05
5.49681e-05
5.49615e-05
5.49549e-05
5.49484e-05
5.49418e-05
5.49353e-05
5.49288e-05
5.49222e-05
5.49157e-05
5.49092e-05
5.49028e-05
5.48963e-05
5.48898e-05
5.48834e-05
5.48769e-05
5.48705e-05
5.48641e-05
5.48577e-05
5.48513e-05
5.48449e-05
5.48386e-05
5.48322e-05
5.48258e-05
5.48195e-05
5.48132e-05
5.48069e-05
5.48006e-05
5.47943e-05
5.4788e-05
5.47817e-05
5.47754e-05
5.47692e-05
5.4763e-05
5.47567e-05
5.47505e-05
5.47443e-05
5.47381e-05
5.47319e-05
5.47257e-05
5.47196e-05
5.47134e-05
5.47073e-05
5.47012e-05
5.4695e-05
5.46889e-05
5.46828e-05
5.46767e-05
5.46707e-05
5.46646e-05
5.46585e-05
5.46525e-05
5.46464e-05
5.46404e-05
5.46344e-05
5.46284e-05
5.46224e-05
5.46164e-05
5.46104e-05
5.46045e-05
5.45985e-05
5.45926e-05
5.45867e-05
5.45807e-05
5.45748e-05
5.45689e-05
5.4563e-05
5.45571e-05
5.45513e-05
5.45454e-05
5.45396e-05
5.45337e-05
5.45279e-05
5.45221e-05
5.45163e-05
5.45105e-05
5.45047e-05
5.44989e-05
5.44931e-05
5.44874e-05
5.44816e-05
5.44759e-05
5.44701e-05
5.44644e-05
5.44587e-05
5.4453e-05
5.44473e-05
5.44416e-05
5.4436e-05
5.44303e-05
5.44247e-05
5.4419e-05
5.44134e-05
5.44078e-05
5.44022e-05
5.43966e-05
5.4391e-05
5.43854e-05
5.43798e-05
5.43742e-05
5.43687e-05
5.43632e-05
5.43576e-05
5.43521e-05
5.43466e-05
5.43411e-05
5.43356e-05
5.43301e-05
5.43246e-05
5.43192e-05
5.43137e-05
5.43082e-05
5.43028e-05
5.42974e-05
5.4292e-05
5.42866e-05
5.42812e-05
5.42758e-05
5.42704e-05
5.4265e-05
5.42596e-05
5.42543e-05
5.42489e-05
5.42436e-05
5.42383e-05
5.4233e-05
5.42277e-05
5.42224e-05
5.42171e-05
5.42118e-05
5.42065e-05
5.42013e-05
5.4196e-05
5.41908e-05
5.41855e-05
5.41803e-05
5.41751e-05
5.41699e-05
5.41647e-05
5.41595e-05
5.41543e-05
5.41491e-05
5.4144e-05
5.41388e-05
5.41337e-05
5.41286e-05
5.41234e-05
5.41183e-05
5.41132e-05
5.41081e-05
5.4103e-05
5.40979e-05
5.40929e-05
5.40878e-05
5.40827e-05
5.40777e-05
5.40727e-05
5.40676e-05
5.40626e-05
5.40576e-05
5.40526e-05
5.40476e-05
5.40426e-05
5.40376e-05
5.40327e-05
5.40277e-05
5.40228e-05
5.40178e-05
5.40129e-05
5.4008e-05
5.40031e-05
5.39981e-05
5.39932e-05
5.39884e-05
5.39835e-05
5.39786e-05
5.39737e-05
5.39689e-05
5.3964e-05
5.39592e-05
5.39544e-05
5.39495e-05
5.39447e-05
5.39399e-05
5.39351e-05
5.39303e-05
5.39255e-05
5.39208e-05
5.3916e-05
5.39113e-05
5.39065e-05
5.39018e-05
5.3897e-05
5.38923e-05
5.38876e-05
5.38829e-05
5.38782e-05
5.38735e-05
5.38688e-05
5.38641e-05
5.38595e-05
5.38548e-05
5.38502e-05
5.38455e-05
5.38409e-05
5.38363e-05
5.38316e-05
5.3827e-05
5.38224e-05
5.38178e-05
5.38133e-05
5.38087e-05
5.38041e-05
5.37995e-05
5.3795e-05
5.37904e-05
5.37859e-05
5.37814e-05
5.37769e-05
5.37723e-05
5.37678e-05
5.37633e-05
5.37588e-05
5.37544e-05
5.37499e-05
5.37454e-05
5.3741e-05
5.37365e-05
5.37321e-05
5.37276e-05
5.37232e-05
5.37188e-05
5.37144e-05
5.371e-05
5.37056e-05
5.37012e-05
5.36968e-05
5.36924e-05
5.3688e-05
5.36837e-05
5.36793e-05
5.3675e-05
5.36707e-05
5.36663e-05
5.3662e-05
5.36577e-05
5.36534e-05
5.36491e-05
5.36448e-05
5.36405e-05
5.36362e-05
5.3632e-05
5.36277e-05
5.36234e-05
5.36192e-05
5.3615e-05
5.36107e-05
5.36065e-05
5.36023e-05
5.35981e-05
5.35939e-05
5.35897e-05
5.35855e-05
5.35813e-05
5.35771e-05
5.3573e-05
5.35688e-05
5.35646e-05
5.35605e-05
5.35564e-05
5.35522e-05
5.35481e-05
5.3544e-05
5.35399e-05
5.35358e-05
5.35317e-05
5.35276e-05
5.35235e-05
5.35194e-05
5.35154e-05
5.35113e-05
5.35073e-05
5.35032e-05
5.34992e-05
5.34951e-05
5.34911e-05
5.34871e-05
5.34831e-05
5.34791e-05
5.34751e-05
5.34711e-05
5.34671e-05
5.34631e-05
5.34592e-05
5.34552e-05
5.34513e-05
5.34473e-05
5.34434e-05
5.34394e-05
5.34355e-05
5.34316e-05
5.34277e-05
5.34238e-05
5.34199e-05
5.3416e-05
5.34121e-05
5.34082e-05
5.34043e-05
5.34005e-05
5.33966e-05
5.33927e-05
5.33889e-05
5.33851e-05
5.33812e-05
5.33774e-05
5.33736e-05
5.33698e-05
5.3366e-05
5.33622e-05
5.33584e-05
5.33546e-05
5.33508e-05
5.3347e-05
5.33433e-05
5.33395e-05
5.33357e-05
5.3332e-05
5.33283e-05
5.33245e-05
5.33208e-05
5.33171e-05
5.33134e-05
5.33096e-05
5.33059e-05
5.33022e-05
5.32986e-05
5.32949e-05
5.32912e-05
5.32875e-05
5.32839e-05
5.32802e-05
5.32766e-05
5.32729e-05
5.32693e-05
5.32656e-05
5.3262e-05
5.32584e-05
5.32548e-05
5.32512e-05
5.32476e-05
5.3244e-05
5.32404e-05
5.32368e-05
5.32332e-05
5.32297e-05
5.32261e-05
5.32225e-05
5.3219e-05
5.32155e-05
5.32119e-05
5.32084e-05
5.32049e-05
5.32013e-05
5.31978e-05
5.31943e-05
5.31908e-05
5.31873e-05
5.31838e-05
5.31803e-05
5.31769e-05
5.31734e-05
5.31699e-05
5.31665e-05
5.3163e-05
5.31596e-05
5.31561e-05
5.31527e-05
5.31493e-05
5.31458e-05
5.31424e-05
5.3139e-05
5.31356e-05
5.31322e-05
5.31288e-05
5.31254e-05
5.3122e-05
5.31187e-05
5.31153e-05
5.31119e-05
5.31086e-05
5.31052e-05
5.31019e-05
5.30985e-05
5.30952e-05
5.30919e-05
5.30885e-05
5.30852e-05
5.30819e-05
5.30786e-05
5.30753e-05
5.3072e-05
5.30687e-05
5.30654e-05
5.30622e-05
5.30589e-05
5.30556e-05
5.30524e-05
5.30491e-05
5.30459e-05
5.30426e-05
5.30394e-05
5.30361e-05
5.30329e-05
5.30297e-05
5.30265e-05
5.30233e-05
5.30201e-05
5.30169e-05
5.30137e-05
5.30105e-05
5.30073e-05
5.30041e-05
5.3001e-05
5.29978e-05
5.29946e-05
5.29915e-05
5.29883e-05
5.29852e-05
5.2982e-05
5.29789e-05
5.29758e-05
5.29727e-05
5.29696e-05
5.29664e-05
5.29633e-05
5.29602e-05
5.29571e-05
5.2954e-05
5.2951e-05
5.29479e-05
5.29448e-05
5.29417e-05
5.29387e-05
5.29356e-05
5.29326e-05
5.29295e-05
5.29265e-05
5.29234e-05
5.29204e-05
5.29174e-05
5.29144e-05
5.29114e-05
5.29083e-05
5.29053e-05
5.29023e-05
5.28994e-05
5.28964e-05
5.28934e-05
5.28904e-05
5.28874e-05
5.28845e-05
5.28815e-05
5.28785e-05
5.28756e-05
5.28726e-05
5.28697e-05
5.28668e-05
5.28638e-05
5.28609e-05
5.2858e-05
5.28551e-05
5.28521e-05
5.28492e-05
5.28463e-05
5.28434e-05
5.28405e-05
5.28377e-05
5.28348e-05
5.28319e-05
5.2829e-05
5.28262e-05
5.28233e-05
5.28204e-05
5.28176e-05
5.28147e-05
5.28119e-05
5.28091e-05
5.28062e-05
5.28034e-05
5.28006e-05
5.27978e-05
5.2795e-05
5.27922e-05
5.27893e-05
5.27866e-05
5.27838e-05
5.2781e-05
5.27782e-05
5.27754e-05
5.27726e-05
5.27699e-05
5.27671e-05
5.27643e-05
5.27616e-05
5.27588e-05
5.27561e-05
5.27534e-05
5.27506e-05
5.27479e-05
5.27452e-05
5.27424e-05
5.27397e-05
5.2737e-05
5.27343e-05
5.27316e-05
5.27289e-05
5.27262e-05
5.27235e-05
5.27208e-05
5.27182e-05
5.27155e-05
5.27128e-05
5.27102e-05
5.27075e-05
5.27048e-05
5.27022e-05
5.26995e-05
5.26969e-05
5.26943e-05
5.26916e-05
5.2689e-05
5.26864e-05
5.26838e-05
5.26811e-05
5.26785e-05
5.26759e-05
5.26733e-05
5.26707e-05
5.26681e-05
5.26656e-05
5.2663e-05
5.26604e-05
5.26578e-05
5.26553e-05
5.26527e-05
5.26501e-05
5.26476e-05
5.2645e-05
5.26425e-05
5.26399e-05
5.26374e-05
5.26349e-05
5.26323e-05
5.26298e-05
5.26273e-05
5.26248e-05
5.26223e-05
5.26198e-05
5.26173e-05
5.26148e-05
5.26123e-05
5.26098e-05
5.26073e-05
5.26048e-05
5.26023e-05
5.25999e-05
5.25974e-05
5.25949e-05
5.25925e-05
5.259e-05
5.25876e-05
5.25851e-05
5.25827e-05
5.25802e-05
5.25778e-05
5.25754e-05
5.25729e-05
5.25705e-05
5.25681e-05
5.25657e-05
5.25633e-05
5.25609e-05
5.25585e-05
5.25561e-05
5.25537e-05
5.25513e-05
5.25489e-05
5.25465e-05
5.25442e-05
5.25418e-05
5.25394e-05
5.2537e-05
5.25347e-05
5.25323e-05
5.253e-05
5.25276e-05
5.25253e-05
5.2523e-05
5.25206e-05
5.25183e-05
5.2516e-05
5.25136e-05
5.25113e-05
5.2509e-05
5.25067e-05
5.25044e-05
5.25021e-05
5.24998e-05
5.24975e-05
5.24952e-05
5.24929e-05
5.24906e-05
5.24884e-05
5.24861e-05
5.24838e-05
5.24815e-05
5.24793e-05
5.2477e-05
5.24748e-05
5.24725e-05
5.24703e-05
5.2468e-05
5.24658e-05
5.24636e-05
5.24613e-05
5.24591e-05
5.24569e-05
5.24546e-05
5.24524e-05
5.24502e-05
5.2448e-05
5.24458e-05
5.24436e-05
5.24414e-05
5.24392e-05
5.2437e-05
5.24348e-05
5.24327e-05
5.24305e-05
5.24283e-05
5.24261e-05
5.2424e-05
5.24218e-05
5.24197e-05
5.24175e-05
5.24153e-05
5.24132e-05
5.24111e-05
5.24089e-05
5.24068e-05
5.24046e-05
5.24025e-05
5.24004e-05
5.23983e-05
5.23961e-05
5.2394e-05
5.23919e-05
5.23898e-05
5.23877e-05
5.23856e-05
5.23835e-05
5.23814e-05
5.23793e-05
5.23773e-05
5.23752e-05
5.23731e-05
5.2371e-05
5.23689e-05
5.23669e-05
5.23648e-05
5.23628e-05
5.23607e-05
5.23586e-05
5.23566e-05
5.23546e-05
5.23525e-05
5.23505e-05
5.23484e-05
5.23464e-05
5.23444e-05
5.23424e-05
5.23403e-05
5.23383e-05
5.23363e-05
5.23343e-05
5.23323e-05
5.23303e-05
5.23283e-05
5.23263e-05
5.23243e-05
5.23223e-05
5.23203e-05
5.23183e-05
5.23164e-05
5.23144e-05
5.23124e-05
5.23104e-05
5.23085e-05
5.23065e-05
5.23046e-05
5.23026e-05
5.23006e-05
5.22987e-05
5.22968e-05
5.22948e-05
5.22929e-05
5.22909e-05
5.2289e-05
5.22871e-05
5.22852e-05
5.22832e-05
5.22813e-05
5.22794e-05
5.22775e-05
5.22756e-05
5.22737e-05
5.22718e-05
5.22699e-05
5.2268e-05
5.22661e-05
5.22642e-05
5.22623e-05
5.22604e-05
5.22586e-05
5.22567e-05
5.22548e-05
5.22529e-05
5.22511e-05
5.22492e-05
5.22474e-05
5.22455e-05
5.22436e-05
5.22418e-05
5.22399e-05
5.22381e-05
5.22363e-05
5.22344e-05
5.22326e-05
5.22308e-05
5.22289e-05
5.22271e-05
5.22253e-05
5.22235e-05
5.22217e-05
5.22198e-05
5.2218e-05
5.22162e-05
5.22144e-05
5.22126e-05
5.22108e-05
5.2209e-05
5.22073e-05
5.22055e-05
5.22037e-05
5.22019e-05
5.22001e-05
5.21984e-05
5.21966e-05
5.21948e-05
5.21931e-05
5.21913e-05
5.21895e-05
5.21878e-05
5.2186e-05
5.21843e-05
5.21825e-05
5.21808e-05
5.21791e-05
5.21773e-05
5.21756e-05
5.21738e-05
5.21721e-05
5.21704e-05
5.21687e-05
5.2167e-05
5.21652e-05
5.21635e-05
5.21618e-05
5.21601e-05
5.21584e-05
5.21567e-05
5.2155e-05
5.21533e-05
5.21516e-05
5.21499e-05
5.21482e-05
5.21466e-05
5.21449e-05
5.21432e-05
5.21415e-05
5.21399e-05
5.21382e-05
5.21365e-05
5.21349e-05
5.21332e-05
5.21315e-05
5.21299e-05
5.21282e-05
5.21266e-05
5.21249e-05
5.21233e-05
5.21217e-05
5.212e-05
5.21184e-05
5.21167e-05
5.21151e-05
5.21135e-05
5.21119e-05
5.21102e-05
5.21086e-05
5.2107e-05
5.21054e-05
5.21038e-05
5.21022e-05
5.21006e-05
5.2099e-05
5.20974e-05
5.20958e-05
5.20942e-05
5.20926e-05
5.2091e-05
5.20894e-05
5.20879e-05
5.20863e-05
5.20847e-05
5.20831e-05
5.20816e-05
5.208e-05
5.20784e-05
5.20769e-05
5.20753e-05
5.20737e-05
5.20722e-05
5.20706e-05
5.20691e-05
5.20675e-05
5.2066e-05
5.20645e-05
5.20629e-05
5.20614e-05
5.20599e-05
5.20583e-05
5.20568e-05
5.20553e-05
5.20538e-05
5.20522e-05
5.20507e-05
5.20492e-05
5.20477e-05
5.20462e-05
5.20447e-05
5.20432e-05
5.20417e-05
5.20402e-05
5.20387e-05
5.20372e-05
5.20357e-05
5.20342e-05
5.20327e-05
5.20312e-05
5.20298e-05
5.20283e-05
5.20268e-05
5.20253e-05
5.20239e-05
5.20224e-05
5.20209e-05
5.20195e-05
5.2018e-05
5.20166e-05
5.20151e-05
5.20136e-05
5.20122e-05
5.20107e-05
5.20093e-05
5.20079e-05
5.20064e-05
5.2005e-05
5.20035e-05
5.20021e-05
5.20007e-05
5.19993e-05
5.19978e-05
5.19964e-05
5.1995e-05
5.19936e-05
5.19922e-05
5.19907e-05
5.19893e-05
5.19879e-05
5.19865e-05
5.19851e-05
5.19837e-05
5.19823e-05
5.19809e-05
5.19795e-05
5.19781e-05
5.19768e-05
5.19754e-05
5.1974e-05
5.19726e-05
5.19712e-05
5.19699e-05
5.19685e-05
5.19671e-05
5.19657e-05
5.19644e-05
5.1963e-05
5.19616e-05
5.19603e-05
5.19589e-05
5.19576e-05
5.19562e-05
5.19549e-05
5.19535e-05
5.19522e-05
5.19508e-05
5.19495e-05
5.19482e-05
5.19468e-05
5.19455e-05
5.19442e-05
5.19428e-05
5.19415e-05
5.19402e-05
5.19389e-05
5.19375e-05
5.19362e-05
5.19349e-05
5.19336e-05
5.19323e-05
5.1931e-05
5.19297e-05
5.19284e-05
5.19271e-05
5.19258e-05
5.19245e-05
5.19232e-05
5.19219e-05
5.19206e-05
5.19193e-05
5.1918e-05
5.19167e-05
5.19154e-05
5.19142e-05
5.19129e-05
5.19116e-05
5.19103e-05
5.19091e-05
5.19078e-05
5.19065e-05
5.19053e-05
5.1904e-05
5.19028e-05
5.19015e-05
5.19002e-05
5.1899e-05
5.18977e-05
5.18965e-05
5.18952e-05
5.1894e-05
5.18928e-05
5.18915e-05
5.18903e-05
5.1889e-05
5.18878e-05
5.18866e-05
5.18854e-05
5.18841e-05
5.18829e-05
5.18817e-05
5.18805e-05
5.18792e-05
5.1878e-05
5.18768e-05
5.18756e-05
5.18744e-05
5.18732e-05
5.1872e-05
5.18708e-05
5.18696e-05
5.18684e-05
5.18672e-05
5.1866e-05
5.18648e-05
5.18636e-05
5.18624e-05
5.18612e-05
5.186e-05
5.18588e-05
5.18577e-05
5.18565e-05
5.18553e-05
5.18541e-05
5.1853e-05
5.18518e-05
5.18506e-05
5.18495e-05
5.18483e-05
5.18471e-05
5.1846e-05
5.18448e-05
5.18437e-05
5.18425e-05
5.18414e-05
5.18402e-05
5.18391e-05
5.18379e-05
5.18368e-05
5.18356e-05
5.18345e-05
5.18333e-05
5.18322e-05
5.18311e-05
5.18299e-05
5.18288e-05
5.18277e-05
5.18266e-05
5.18254e-05
5.18243e-05
5.18232e-05
5.18221e-05
5.18209e-05
5.18198e-05
5.18187e-05
5.18176e-05
5.18165e-05
5.18154e-05
5.18143e-05
5.18132e-05
5.18121e-05
5.1811e-05
5.18099e-05
5.18088e-05
5.18077e-05
5.18066e-05
5.18055e-05
5.18044e-05
5.18033e-05
5.18023e-05
5.18012e-05
5.18001e-05
5.1799e-05
5.17979e-05
5.17969e-05
5.17958e-05
5.17947e-05
5.17936e-05
5.17926e-05
5.17915e-05
5.17904e-05
5.17894e-05
5.17883e-05
5.17873e-05
5.17862e-05
5.17852e-05
5.17841e-05
5.17831e-05
5.1782e-05
5.1781e-05
5.17799e-05
5.17789e-05
5.17778e-05
5.17768e-05
5.17757e-05
5.17747e-05
5.17737e-05
5.17726e-05
5.17716e-05
5.17706e-05
5.17696e-05
5.17685e-05
5.17675e-05
5.17665e-05
5.17655e-05
5.17644e-05
5.17634e-05
5.17624e-05
5.17614e-05
5.17604e-05
5.17594e-05
5.17584e-05
5.17574e-05
5.17564e-05
5.17554e-05
5.17544e-05
5.17534e-05
5.17524e-05
5.17514e-05
5.17504e-05
5.17494e-05
5.17484e-05
5.17474e-05
5.17464e-05
5.17454e-05
5.17444e-05
5.17435e-05
5.17425e-05
5.17415e-05
5.17405e-05
5.17395e-05
5.17386e-05
5.17376e-05
5.17366e-05
5.17357e-05
5.17347e-05
5.17337e-05
5.17328e-05
5.17318e-05
5.17308e-05
5.17299e-05
5.17289e-05
5.1728e-05
5.1727e-05
5.17261e-05
5.17251e-05
5.17242e-05
5.17232e-05
5.17223e-05
5.17213e-05
5.17204e-05
5.17194e-05
5.17185e-05
5.17176e-05
5.17166e-05
5.17157e-05
5.17148e-05
5.17138e-05
5.17129e-05
5.1712e-05
5.17111e-05
5.17101e-05
5.17092e-05
5.17083e-05
5.17074e-05
5.17065e-05
5.17055e-05
5.17046e-05
5.17037e-05
5.17028e-05
5.17019e-05
5.1701e-05
5.17001e-05
5.16992e-05
5.16983e-05
5.16974e-05
5.16965e-05
5.16956e-05
5.16947e-05
5.16938e-05
5.16929e-05
5.1692e-05
5.16911e-05
5.16902e-05
5.16893e-05
5.16884e-05
5.16875e-05
5.16867e-05
5.16858e-05
5.16849e-05
5.1684e-05
5.16831e-05
5.16823e-05
5.16814e-05
5.16805e-05
5.16797e-05
5.16788e-05
5.16779e-05
5.1677e-05
5.16762e-05
5.16753e-05
5.16745e-05
5.16736e-05
5.16727e-05
5.16719e-05
5.1671e-05
5.16702e-05
5.16693e-05
5.16685e-05
5.16676e-05
5.16668e-05
5.16659e-05
5.16651e-05
5.16642e-05
5.16634e-05
5.16625e-05
5.16617e-05
5.16609e-05
5.166e-05
5.16592e-05
5.16584e-05
5.16575e-05
5.16567e-05
5.16559e-05
5.1655e-05
5.16542e-05
5.16534e-05
5.16526e-05
5.16517e-05
5.16509e-05
5.16501e-05
5.16493e-05
5.16485e-05
5.16476e-05
5.16468e-05
5.1646e-05
5.16452e-05
5.16444e-05
5.16436e-05
5.16428e-05
5.1642e-05
5.16412e-05
5.16404e-05
5.16396e-05
5.16388e-05
5.1638e-05
5.16372e-05
5.16364e-05
5.16356e-05
5.16348e-05
5.1634e-05
5.16332e-05
5.16324e-05
5.16316e-05
5.16308e-05
5.16301e-05
5.16293e-05
5.16285e-05
5.16277e-05
5.16269e-05
5.16262e-05
5.16254e-05
5.16246e-05
5.16238e-05
5.16231e-05
5.16223e-05
5.16215e-05
5.16207e-05
5.162e-05
5.16192e-05
5.16184e-05
5.16177e-05
5.16169e-05
5.16162e-05
5.16154e-05
5.16146e-05
5.16139e-05
5.16131e-05
5.16124e-05
5.16116e-05
5.16109e-05
5.16101e-05
5.16094e-05
5.16086e-05
5.16079e-05
5.16071e-05
5.16064e-05
5.16056e-05
5.16049e-05
5.16042e-05
5.16034e-05
5.16027e-05
5.1602e-05
5.16012e-05
5.16005e-05
5.15998e-05
5.1599e-05
5.15983e-05
5.15976e-05
5.15968e-05
5.15961e-05
5.15954e-05
5.15947e-05
5.15939e-05
5.15932e-05
5.15925e-05
5.15918e-05
5.15911e-05
5.15903e-05
5.15896e-05
5.15889e-05
5.15882e-05
5.15875e-05
5.15868e-05
5.15861e-05
5.15854e-05
5.15847e-05
5.1584e-05
5.15833e-05
5.15826e-05
5.15819e-05
5.15812e-05
5.15805e-05
5.15798e-05
5.15791e-05
5.15784e-05
5.15777e-05
5.1577e-05
5.15763e-05
5.15756e-05
5.15749e-05
5.15742e-05
5.15735e-05
5.15729e-05
5.15722e-05
5.15715e-05
5.15708e-05
5.15701e-05
5.15694e-05
5.15688e-05
5.15681e-05
5.15674e-05
5.15667e-05
5.15661e-05
5.15654e-05
5.15647e-05
5.1564e-05
5.15634e-05
5.15627e-05
5.1562e-05
5.15614e-05
5.15607e-05
5.15601e-05
5.15594e-05
5.15587e-05
5.15581e-05
5.15574e-05
5.15568e-05
5.15561e-05
5.15554e-05
5.15548e-05
5.15541e-05
5.15535e-05
5.15528e-05
5.15522e-05
5.15515e-05
5.15509e-05
5.15502e-05
5.15496e-05
5.1549e-05
5.15483e-05
5.15477e-05
5.1547e-05
5.15464e-05
5.15457e-05
5.15451e-05
5.15445e-05
5.15438e-05
5.15432e-05
5.15426e-05
5.15419e-05
5.15413e-05
5.15407e-05
5.15401e-05
5.15394e-05
5.15388e-05
5.15382e-05
5.15376e-05
5.15369e-05
5.15363e-05
5.15357e-05
5.15351e-05
5.15344e-05
5.15338e-05
5.15332e-05
5.15326e-05
5.1532e-05
5.15314e-05
5.15308e-05
5.15301e-05
5.15295e-05
5.15289e-05
5.15283e-05
5.15277e-05
5.15271e-05
5.15265e-05
5.15259e-05
5.15253e-05
5.15247e-05
5.15241e-05
5.15235e-05
5.15229e-05
5.15223e-05
5.15217e-05
5.15211e-05
5.15205e-05
5.15199e-05
5.15193e-05
5.15187e-05
5.15181e-05
5.15176e-05
5.1517e-05
5.15164e-05
5.15158e-05
5.15152e-05
5.15146e-05
5.1514e-05
5.15135e-05
5.15129e-05
5.15123e-05
5.15117e-05
5.15111e-05
5.15106e-05
5.151e-05
5.15094e-05
5.15088e-05
5.15083e-05
5.15077e-05
5.15071e-05
5.15065e-05
5.1506e-05
5.15054e-05
5.15048e-05
5.15043e-05
5.15037e-05
5.15031e-05
5.15026e-05
5.1502e-05
5.15015e-05
5.15009e-05
5.15003e-05
5.14998e-05
5.14992e-05
5.14987e-05
5.14981e-05
5.14976e-05
5.1497e-05
5.14965e-05
5.14959e-05
5.14953e-05
5.14948e-05
5.14943e-05
5.14937e-05
5.14932e-05
5.14926e-05
5.14921e-05
5.14915e-05
5.1491e-05
5.14904e-05
5.14899e-05
5.14894e-05
5.14888e-05
5.14883e-05
5.14877e-05
5.14872e-05
5.14867e-05
5.14861e-05
5.14856e-05
5.14851e-05
5.14845e-05
5.1484e-05
5.14835e-05
5.14829e-05
5.14824e-05
5.14819e-05
5.14814e-05
5.14808e-05
5.14803e-05
5.14798e-05
5.14793e-05
5.14787e-05
5.14782e-05
5.14777e-05
5.14772e-05
5.14767e-05
5.14761e-05
5.14756e-05
5.14751e-05
5.14746e-05
5.14741e-05
5.14736e-05
5.14731e-05
5.14725e-05
5.1472e-05
5.14715e-05
5.1471e-05
5.14705e-05
5.147e-05
5.14695e-05
5.1469e-05
5.14685e-05
5.1468e-05
5.14675e-05
5.1467e-05
5.14665e-05
5.1466e-05
5.14655e-05
5.1465e-05
5.14645e-05
5.1464e-05
5.14635e-05
5.1463e-05
5.14625e-05
5.1462e-05
5.14615e-05
5.1461e-05
5.14605e-05
5.14601e-05
5.14596e-05
5.14591e-05
5.14586e-05
5.14581e-05
5.14576e-05
5.14571e-05
5.14567e-05
5.14562e-05
5.14557e-05
5.14552e-05
5.14547e-05
5.14542e-05
5.14538e-05
5.14533e-05
5.14528e-05
5.14523e-05
5.14519e-05
5.14514e-05
5.14509e-05
5.14504e-05
5.145e-05
5.14495e-05
5.1449e-05
5.14486e-05
5.14481e-05
5.14476e-05
5.14472e-05
5.14467e-05
5.14462e-05
5.14458e-05
5.14453e-05
5.14448e-05
5.14444e-05
5.14439e-05
5.14434e-05
5.1443e-05
5.14425e-05
5.14421e-05
5.14416e-05
5.14412e-05
5.14407e-05
5.14402e-05
5.14398e-05
5.14393e-05
5.14389e-05
5.14384e-05
5.1438e-05
5.14375e-05
5.14371e-05
5.14366e-05
5.14362e-05
5.14357e-05
5.14353e-05
5.14348e-05
5.14344e-05
5.1434e-05
5.14335e-05
5.14331e-05
5.14326e-05
5.14322e-05
5.14318e-05
5.14313e-05
5.14309e-05
5.14304e-05
5.143e-05
5.14296e-05
5.14291e-05
5.14287e-05
5.14283e-05
5.14278e-05
5.14274e-05
5.1427e-05
5.14265e-05
5.14261e-05
5.14257e-05
5.14252e-05
5.14248e-05
5.14244e-05
5.1424e-05
5.14235e-05
5.14231e-05
5.14227e-05
5.14223e-05
5.14218e-05
5.14214e-05
5.1421e-05
5.14206e-05
5.14201e-05
5.14197e-05
5.14193e-05
5.14189e-05
5.14185e-05
5.14181e-05
5.14176e-05
5.14172e-05
5.14168e-05
5.14164e-05
5.1416e-05
5.14156e-05
5.14152e-05
5.14148e-05
5.14143e-05
5.14139e-05
5.14135e-05
5.14131e-05
5.14127e-05
5.14123e-05
5.14119e-05
5.14115e-05
5.14111e-05
5.14107e-05
5.14103e-05
5.14099e-05
5.14095e-05
5.14091e-05
5.14087e-05
5.14083e-05
5.14079e-05
5.14075e-05
5.14071e-05
5.14067e-05
5.14063e-05
5.14059e-05
5.14055e-05
5.14051e-05
5.14047e-05
5.14043e-05
5.14039e-05
5.14035e-05
5.14031e-05
5.14028e-05
5.14024e-05
5.1402e-05
5.14016e-05
5.14012e-05
5.14008e-05
5.14004e-05
5.14e-05
5.13997e-05
5.13993e-05
5.13989e-05
5.13985e-05
5.13981e-05
5.13977e-05
5.13974e-05
5.1397e-05
5.13966e-05
5.13962e-05
5.13959e-05
5.13955e-05
5.13951e-05
5.13947e-05
5.13943e-05
5.1394e-05
5.13936e-05
5.13932e-05
5.13929e-05
5.13925e-05
5.13921e-05
5.13917e-05
5.13914e-05
5.1391e-05
5.13906e-05
5.13903e-05
5.13899e-05
5.13895e-05
5.13892e-05
5.13888e-05
5.13884e-05
5.13881e-05
5.13877e-05
5.13873e-05
5.1387e-05
5.13866e-05
5.13862e-05
5.13859e-05
5.13855e-05
5.13852e-05
5.13848e-05
5.13845e-05
5.13841e-05
5.13837e-05
5.13834e-05
5.1383e-05
5.13827e-05
5.13823e-05
5.1382e-05
5.13816e-05
5.13813e-05
5.13809e-05
5.13806e-05
5.13802e-05
5.13799e-05
5.13795e-05
5.13792e-05
5.13788e-05
5.13785e-05
5.13781e-05
5.13778e-05
5.13774e-05
5.13771e-05
5.13767e-05
5.13764e-05
5.1376e-05
5.13757e-05
5.13754e-05
5.1375e-05
5.13747e-05
5.13743e-05
5.1374e-05
5.13737e-05
5.13733e-05
5.1373e-05
5.13726e-05
5.13723e-05
5.1372e-05
5.13716e-05
5.13713e-05
5.1371e-05
5.13706e-05
5.13703e-05
5.137e-05
5.13696e-05
5.13693e-05
5.1369e-05
5.13686e-05
5.13683e-05
5.1368e-05
5.13676e-05
5.13673e-05
5.1367e-05
5.13667e-05
5.13663e-05
5.1366e-05
5.13657e-05
5.13654e-05
5.1365e-05
5.13647e-05
5.13644e-05
5.13641e-05
5.13637e-05
5.13634e-05
5.13631e-05
5.13628e-05
5.13625e-05
5.13621e-05
5.13618e-05
5.13615e-05
5.13612e-05
5.13609e-05
5.13605e-05
5.13602e-05
5.13599e-05
5.13596e-05
5.13593e-05
5.1359e-05
5.13587e-05
5.13583e-05
5.1358e-05
5.13577e-05
5.13574e-05
5.13571e-05
5.13568e-05
5.13565e-05
5.13562e-05
5.13559e-05
5.13556e-05
5.13552e-05
5.13549e-05
5.13546e-05
5.13543e-05
5.1354e-05
5.13537e-05
5.13534e-05
5.13531e-05
5.13528e-05
5.13525e-05
5.13522e-05
5.13519e-05
5.13516e-05
5.13513e-05
5.1351e-05
5.13507e-05
5.13504e-05
5.13501e-05
5.13498e-05
5.13495e-05
5.13492e-05
5.13489e-05
5.13486e-05
5.13483e-05
5.1348e-05
5.13477e-05
5.13474e-05
5.13471e-05
5.13468e-05
5.13466e-05
5.13463e-05
5.1346e-05
5.13457e-05
5.13454e-05
5.13451e-05
5.13448e-05
5.13445e-05
5.13442e-05
5.13439e-05
5.13437e-05
5.13434e-05
5.13431e-05
5.13428e-05
5.13425e-05
5.13422e-05
5.13419e-05
5.13417e-05
5.13414e-05
5.13411e-05
5.13408e-05
5.13405e-05
5.13402e-05
5.134e-05
5.13397e-05
5.13394e-05
5.13391e-05
5.13388e-05
5.13386e-05
5.13383e-05
5.1338e-05
5.13377e-05
5.13375e-05
5.13372e-05
5.13369e-05
5.13366e-05
5.13364e-05
5.13361e-05
5.13358e-05
5.13355e-05
5.13353e-05
5.1335e-05
5.13347e-05
5.13344e-05
5.13342e-05
5.13339e-05
5.13336e-05
5.13334e-05
5.13331e-05
5.13328e-05
5.13326e-05
5.13323e-05
5.1332e-05
5.13318e-05
5.13315e-05
5.13312e-05
5.1331e-05
5.13307e-05
5.13304e-05
5.13302e-05
5.13299e-05
5.13296e-05
5.13294e-05
5.13291e-05
5.13289e-05
5.13286e-05
5.13283e-05
5.13281e-05
5.13278e-05
5.13276e-05
5.13273e-05
5.1327e-05
5.13268e-05
5.13265e-05
5.13263e-05
5.1326e-05
5.13257e-05
5.13255e-05
5.13252e-05
5.1325e-05
5.13247e-05
5.13245e-05
5.13242e-05
5.1324e-05
5.13237e-05
5.13235e-05
5.13232e-05
5.1323e-05
5.13227e-05
5.13225e-05
5.13222e-05
5.1322e-05
5.13217e-05
5.13215e-05
5.13212e-05
5.1321e-05
5.13207e-05
5.13205e-05
5.13202e-05
5.132e-05
5.13197e-05
5.13195e-05
5.13192e-05
5.1319e-05
5.13187e-05
5.13185e-05
5.13183e-05
5.1318e-05
5.13178e-05
5.13175e-05
5.13173e-05
5.1317e-05
5.13168e-05
5.13166e-05
5.13163e-05
5.13161e-05
5.13158e-05
5.13156e-05
5.13154e-05
5.13151e-05
5.13149e-05
5.13147e-05
5.13144e-05
5.13142e-05
5.13139e-05
5.13137e-05
5.13135e-05
5.13132e-05
5.1313e-05
5.13128e-05
5.13125e-05
5.13123e-05
5.13121e-05
5.13118e-05
5.13116e-05
5.13114e-05
5.13111e-05
5.13109e-05
5.13107e-05
5.13105e-05
5.13102e-05
5.131e-05
5.13098e-05
5.13095e-05
5.13093e-05
5.13091e-05
5.13089e-05
5.13086e-05
5.13084e-05
5.13082e-05
5.1308e-05
5.13077e-05
5.13075e-05
5.13073e-05
5.13071e-05
5.13068e-05
5.13066e-05
5.13064e-05
5.13062e-05
5.13059e-05
5.13057e-05
5.13055e-05
5.13053e-05
5.13051e-05
5.13048e-05
5.13046e-05
5.13044e-05
5.13042e-05
5.1304e-05
5.13037e-05
5.13035e-05
5.13033e-05
5.13031e-05
5.13029e-05
5.13027e-05
5.13024e-05
5.13022e-05
5.1302e-05
5.13018e-05
5.13016e-05
5.13014e-05
5.13012e-05
5.13009e-05
5.13007e-05
5.13005e-05
5.13003e-05
5.13001e-05
5.12999e-05
5.12997e-05
5.12995e-05
5.12992e-05
5.1299e-05
5.12988e-05
5.12986e-05
5.12984e-05
5.12982e-05
5.1298e-05
5.12978e-05
5.12976e-05
5.12974e-05
5.12972e-05
5.1297e-05
5.12967e-05
5.12965e-05
5.12963e-05
5.12961e-05
5.12959e-05
5.12957e-05
5.12955e-05
5.12953e-05
5.12951e-05
5.12949e-05
5.12947e-05
5.12945e-05
5.12943e-05
5.12941e-05
5.12939e-05
5.12937e-05
5.12935e-05
5.12933e-05
5.12931e-05
5.12929e-05
5.12927e-05
5.12925e-05
5.12923e-05
5.12921e-05
5.12919e-05
5.12917e-05
5.12915e-05
5.12913e-05
5.12911e-05
5.12909e-05
5.12907e-05
5.12905e-05
5.12903e-05
5.12901e-05
5.12899e-05
5.12898e-05
5.12896e-05
5.12894e-05
5.12892e-05
5.1289e-05
5.12888e-05
5.12886e-05
5.12884e-05
5.12882e-05
5.1288e-05
5.12878e-05
5.12876e-05
5.12874e-05
5.12873e-05
5.12871e-05
5.12869e-05
5.12867e-05
5.12865e-05
5.12863e-05
5.12861e-05
5.12859e-05
5.12858e-05
5.12856e-05
5.12854e-05
5.12852e-05
5.1285e-05
5.12848e-05
5.12846e-05
5.12844e-05
5.12843e-05
5.12841e-05
5.12839e-05
5.12837e-05
5.12835e-05
5.12833e-05
5.12832e-05
5.1283e-05
5.12828e-05
5.12826e-05
5.12824e-05
5.12823e-05
5.12821e-05
5.12819e-05
5.12817e-05
5.12815e-05
5.12814e-05
5.12812e-05
5.1281e-05
5.12808e-05
5.12806e-05
5.12805e-05
5.12803e-05
5.12801e-05
5.12799e-05
5.12798e-05
5.12796e-05
5.12794e-05
5.12792e-05
5.1279e-05
5.12789e-05
5.12787e-05
5.12785e-05
5.12783e-05
5.12782e-05
5.1278e-05
5.12778e-05
5.12777e-05
5.12775e-05
5.12773e-05
5.12771e-05
5.1277e-05
5.12768e-05
5.12766e-05
5.12765e-05
5.12763e-05
5.12761e-05
5.12759e-05
5.12758e-05
5.12756e-05
5.12754e-05
5.12753e-05
5.12751e-05
5.12749e-05
5.12748e-05
5.12746e-05
5.12744e-05
5.12743e-05
5.12741e-05
5.12739e-05
5.12738e-05
5.12736e-05
5.12734e-05
5.12733e-05
5.12731e-05
5.12729e-05
5.12728e-05
5.12726e-05
5.12724e-05
5.12723e-05
5.12721e-05
5.12719e-05
5.12718e-05
5.12716e-05
5.12715e-05
5.12713e-05
5.12711e-05
5.1271e-05
5.12708e-05
5.12706e-05
5.12705e-05
5.12703e-05
5.12702e-05
5.127e-05
5.12698e-05
5.12697e-05
5.12695e-05
5.12694e-05
5.12692e-05
5.1269e-05
5.12689e-05
5.12687e-05
5.12686e-05
5.12684e-05
5.12683e-05
5.12681e-05
5.12679e-05
5.12678e-05
5.12676e-05
5.12675e-05
5.12673e-05
5.12672e-05
5.1267e-05
5.12669e-05
5.12667e-05
5.12666e-05
5.12664e-05
5.12662e-05
5.12661e-05
5.12659e-05
5.12658e-05
5.12656e-05
5.12655e-05
5.12653e-05
5.12652e-05
5.1265e-05
5.12649e-05
5.12647e-05
5.12646e-05
5.12644e-05
5.12643e-05
5.12641e-05
5.1264e-05
5.12638e-05
5.12637e-05
5.12635e-05
5.12634e-05
5.12632e-05
5.12631e-05
5.12629e-05
5.12628e-05
5.12626e-05
5.12625e-05
5.12623e-05
5.12622e-05
5.12621e-05
5.12619e-05
5.12618e-05
5.12616e-05
5.12615e-05
5.12613e-05
5.12612e-05
5.1261e-05
5.12609e-05
5.12607e-05
5.12606e-05
5.12605e-05
5.12603e-05
5.12602e-05
5.126e-05
5.12599e-05
5.12597e-05
5.12596e-05
5.12595e-05
5.12593e-05
5.12592e-05
5.1259e-05
5.12589e-05
5.12588e-05
5.12586e-05
5.12585e-05
5.12583e-05
5.12582e-05
5.12581e-05
5.12579e-05
5.12578e-05
5.12576e-05
5.12575e-05
5.12574e-05
5.12572e-05
5.12571e-05
5.1257e-05
5.12568e-05
5.12567e-05
5.12565e-05
5.12564e-05
5.12563e-05
5.12561e-05
5.1256e-05
5.12559e-05
5.12557e-05
5.12556e-05
5.12555e-05
5.12553e-05
5.12552e-05
5.12551e-05
5.12549e-05
5.12548e-05
5.12547e-05
5.12545e-05
5.12544e-05
5.12543e-05
5.12541e-05
5.1254e-05
5.12539e-05
5.12537e-05
5.12536e-05
5.12535e-05
5.12533e-05
5.12532e-05
5.12531e-05
5.12529e-05
5.12528e-05
5.12527e-05
5.12525e-05
5.12524e-05
5.12523e-05
5.12522e-05
5.1252e-05
5.12519e-05
5.12518e-05
5.12516e-05
5.12515e-05
5.12514e-05
5.12513e-05
5.12511e-05
5.1251e-05
5.12509e-05
5.12508e-05
5.12506e-05
5.12505e-05
5.12504e-05
5.12502e-05
5.12501e-05
5.125e-05
5.12499e-05
5.12497e-05
5.12496e-05
5.12495e-05
5.12494e-05
5.12492e-05
5.12491e-05
5.1249e-05
5.12489e-05
5.12488e-05
5.12486e-05
5.12485e-05
5.12484e-05
5.12483e-05
5.12481e-05
5.1248e-05
5.12479e-05
5.12478e-05
5.12477e-05
5.12475e-05
5.12474e-05
5.12473e-05
5.12472e-05
5.12471e-05
5.12469e-05
5.12468e-05
5.12467e-05
5.12466e-05
5.12465e-05
5.12463e-05
5.12462e-05
5.12461e-05
5.1246e-05
5.12459e-05
5.12457e-05
5.12456e-05
5.12455e-05
5.12454e-05
5.12453e-05
5.12452e-05
5.1245e-05
5.12449e-05
5.12448e-05
5.12447e-05
5.12446e-05
5.12445e-05
5.12443e-05
5.12442e-05
5.12441e-05
5.1244e-05
5.12439e-05
5.12438e-05
5.12436e-05
5.12435e-05
5.12434e-05
5.12433e-05
5.12432e-05
5.12431e-05
5.1243e-05
5.12429e-05
5.12427e-05
5.12426e-05
5.12425e-05
5.12424e-05
5.12423e-05
5.12422e-05
5.12421e-05
5.1242e-05
5.12418e-05
5.12417e-05
5.12416e-05
5.12415e-05
5.12414e-05
5.12413e-05
5.12412e-05
5.12411e-05
5.1241e-05
5.12408e-05
5.12407e-05
5.12406e-05
5.12405e-05
5.12404e-05
5.12403e-05
5.12402e-05
5.12401e-05
5.124e-05
5.12399e-05
5.12398e-05
5.12397e-05
5.12395e-05
5.12394e-05
5.12393e-05
5.12392e-05
5.12391e-05
5.1239e-05
5.12389e-05
5.12388e-05
5.12387e-05
5.12386e-05
5.12385e-05
5.12384e-05
5.12383e-05
5.12382e-05
5.12381e-05
5.1238e-05
5.12379e-05
5.12377e-05
5.12376e-05
5.12375e-05
5.12374e-05
5.12373e-05
5.12372e-05
5.12371e-05
5.1237e-05
5.12369e-05
5.12368e-05
5.12367e-05
5.12366e-05
5.12365e-05
5.12364e-05
5.12363e-05
5.12362e-05
5.12361e-05
5.1236e-05
5.12359e-05
5.12358e-05
5.12357e-05
5.12356e-05
5.12355e-05
5.12354e-05
5.12353e-05
5.12352e-05
5.12351e-05
5.1235e-05
5.12349e-05
5.12348e-05
5.12347e-05
5.12346e-05
5.12345e-05
5.12344e-05
5.12343e-05
5.12342e-05
5.12341e-05
5.1234e-05
5.12339e-05
5.12338e-05
5.12337e-05
5.12336e-05
5.12335e-05
5.12334e-05
5.12333e-05
5.12332e-05
5.12331e-05
5.1233e-05
5.12329e-05
5.12328e-05
5.12327e-05
5.12327e-05
5.12326e-05
5.12325e-05
5.12324e-05
5.12323e-05
5.12322e-05
5.12321e-05
5.1232e-05
5.12319e-05
5.12318e-05
5.12317e-05
5.12316e-05
5.12315e-05
5.12314e-05
5.12313e-05
5.12312e-05
5.12311e-05
5.12311e-05
5.1231e-05
5.12309e-05
5.12308e-05
5.12307e-05
5.12306e-05
5.12305e-05
5.12304e-05
5.12303e-05
5.12302e-05
5.12301e-05
5.123e-05
5.123e-05
5.12299e-05
5.12298e-05
5.12297e-05
5.12296e-05
5.12295e-05
5.12294e-05
5.12293e-05
5.12292e-05
5.12291e-05
5.1229e-05
5.1229e-05
5.12289e-05
5.12288e-05
5.12287e-05
5.12286e-05
5.12285e-05
5.12284e-05
5.12283e-05
5.12283e-05
5.12282e-05
5.12281e-05
5.1228e-05
5.12279e-05
5.12278e-05
5.12277e-05
5.12276e-05
5.12276e-05
5.12275e-05
5.12274e-05
5.12273e-05
5.12272e-05
5.12271e-05
5.1227e-05
5.12269e-05
5.12269e-05
5.12268e-05
5.12267e-05
5.12266e-05
5.12265e-05
5.12264e-05
5.12264e-05
5.12263e-05
5.12262e-05
5.12261e-05
5.1226e-05
5.12259e-05
5.12258e-05
5.12258e-05
5.12257e-05
5.12256e-05
5.12255e-05
5.12254e-05
5.12253e-05
5.12253e-05
5.12252e-05
5.12251e-05
5.1225e-05
5.12249e-05
5.12248e-05
5.12248e-05
5.12247e-05
5.12246e-05
5.12245e-05
5.12244e-05
5.12244e-05
5.12243e-05
5.12242e-05
5.12241e-05
5.1224e-05
5.1224e-05
5.12239e-05
5.12238e-05
5.12237e-05
5.12236e-05
5.12236e-05
5.12235e-05
5.12234e-05
5.12233e-05
5.12232e-05
5.12232e-05
5.12231e-05
5.1223e-05
5.12229e-05
5.12228e-05
5.12228e-05
5.12227e-05
5.12226e-05
5.12225e-05
5.12224e-05
5.12224e-05
5.12223e-05
5.12222e-05
5.12221e-05
5.12221e-05
5.1222e-05
5.12219e-05
5.12218e-05
5.12217e-05
5.12217e-05
5.12216e-05
5.12215e-05
5.12214e-05
5.12214e-05
5.12213e-05
5.12212e-05
5.12211e-05
5.12211e-05
5.1221e-05
5.12209e-05
5.12208e-05
5.12208e-05
5.12207e-05
5.12206e-05
5.12205e-05
5.12205e-05
5.12204e-05
5.12203e-05
5.12202e-05
5.12202e-05
5.12201e-05
5.122e-05
5.12199e-05
5.12199e-05
5.12198e-05
5.12197e-05
5.12196e-05
5.12196e-05
5.12195e-05
5.12194e-05
5.12194e-05
5.12193e-05
5.12192e-05
5.12191e-05
5.12191e-05
5.1219e-05
5.12189e-05
5.12188e-05
5.12188e-05
5.12187e-05
5.12186e-05
5.12186e-05
5.12185e-05
5.12184e-05
5.12183e-05
5.12183e-05
5.12182e-05
5.12181e-05
5.12181e-05
5.1218e-05
5.12179e-05
5.12179e-05
5.12178e-05
5.12177e-05
5.12176e-05
5.12176e-05
5.12175e-05
5.12174e-05
5.12174e-05
5.12173e-05
5.12172e-05
5.12172e-05
5.12171e-05
5.1217e-05
5.12169e-05
5.12169e-05
5.12168e-05
5.12167e-05
5.12167e-05
5.12166e-05
5.12165e-05
5.12165e-05
5.12164e-05
5.12163e-05
5.12163e-05
5.12162e-05
5.12161e-05
5.12161e-05
5.1216e-05
5.12159e-05
5.12159e-05
5.12158e-05
5.12157e-05
5.12157e-05
5.12156e-05
5.12155e-05
5.12155e-05
5.12154e-05
5.12153e-05
5.12153e-05
5.12152e-05
5.12151e-05
5.12151e-05
5.1215e-05
5.12149e-05
5.12149e-05
5.12148e-05
5.12147e-05
5.12147e-05
5.12146e-05
5.12145e-05
5.12145e-05
5.12144e-05
5.12144e-05
5.12143e-05
5.12142e-05
5.12142e-05
5.12141e-05
5.1214e-05
5.1214e-05
5.12139e-05
5.12138e-05
5.12138e-05
5.12137e-05
5.12137e-05
5.12136e-05
5.12135e-05
5.12135e-05
5.12134e-05
5.12133e-05
5.12133e-05
5.12132e-05
5.12132e-05
5.12131e-05
5.1213e-05
5.1213e-05
5.12129e-05
5.12128e-05
5.12128e-05
5.12127e-05
5.12127e-05
5.12126e-05
5.12125e-05
5.12125e-05
5.12124e-05
5.12124e-05
5.12123e-05
5.12122e-05
5.12122e-05
5.12121e-05
5.12121e-05
5.1212e-05
5.12119e-05
5.12119e-05
5.12118e-05
5.12118e-05
5.12117e-05
5.12116e-05
5.12116e-05
5.12115e-05
5.12115e-05
5.12114e-05
5.12113e-05
5.12113e-05
5.12112e-05
5.12112e-05
5.12111e-05
5.1211e-05
5.1211e-05
5.12109e-05
5.12109e-05
5.12108e-05
5.12107e-05
5.12107e-05
5.12106e-05
5.12106e-05
5.12105e-05

