5e-05
5e-05
5e-05
5e-05
5e-05
5e-05
5e-05
5e-05
5e-05
5e-05
5e-05
5e-05
5e-05
5e-05
5e-05
5e-05
5e-05
5e-05
5e-05
5e-05
5e-05
5e-05
5e-05
5e-05
5e-05
5e-05
5e-05
5e-05
5e-05
5e-05
5e-05
5e-05
5e-05
5e-05
5e-05
5e-05
5e-05
5e-05
5e-05
5e-05
5e-05
5e-05
5e-05
5e-05
5e-05
5e-05
5e-05
5e-05
5e-05
5e-05
5e-05
5e-05
5e-05
5e-05
5e-05
5e-05
5e-05
5e-05
5e-05
5e-05
5e-05
5e-05
5e-05
5e-05
5e-05
5e-05
5e-05
5e-05
5e-05
5e-05
5e-05
5e-05
5e-05
5e-05
5e-05
5e-05
5e-05
5e-05
5e-05
5e-05
5e-05
5e-05
5e-05
5e-05
5e-05
5e-05
5e-05
5e-05
5e-05
5e-05
5e-05
5e-05
5e-05
5e-05
5e-05
5e-05
5e-05
5e-05
5e-05
5e-05
5e-05
5e-05
5e-05
5e-05
5e-05
5e-05
5e-05
5e-05
5e-05
5e-05
5e-05
5e-05
5e-05
5e-05
5e-05
5e-05
5e-05
5e-05
5e-05
5e-05
5e-05
5e-05
5e-05
5e-05
5e-05
5e-05
5e-05
5e-05
5e-05
5e-05
5e-05
5e-05
5e-05
5e-05
5e-05
5e-05
5e-05
5e-05
5e-05
5e-05
5e-05
5e-05
5e-05
5e-05
5e-05
5e-05
5e-05
5e-05
5e-05
5e-05
5e-05
5e-05
5e-05
5e-05
5e-05
5e-05
5e-05
5e-05
5e-05
5e-05
5e-05
5e-05
5e-05
5e-05
5e-05
5e-05
5e-05
5e-05
5e-05
5e-05
5e-05
5e-05
5e-05
5e-05
5e-05
5e-05
5e-05
5e-05
5e-05
5e-05
5e-05
5e-05
5e-05
5e-05
5e-05
5e-05
5e-05
5e-05
5e-05
5e-05
5e-05
5e-05
5e-05
5e-05
5e-05
5e-05
5e-05
5e-05
5e-05
5e-05
5e-05
5e-05
5e-05
5e-05
5e-05
5e-05
5e-05
5e-05
5e-05
5e-05
5e-05
5e-05
5e-05
5e-05
5e-05
5e-05
5e-05
5e-05
5e-05
5e-05
5e-05
5e-05
5e-05
5e-05
5e-05
5e-05
5e-05
5e-05
5e-05
5e-05
5e-05
5e-05
5e-05
5e-05
5e-05
5e-05
5e-05
5e-05
5e-05
5e-05
5e-05
5e-05
5e-05
5e-05
5e-05
5e-05
5e-05
5e-05
5e-05
5e-05
5e-05
5e-05
5e-05
5e-05
5e-05
5e-05
5e-05
5e-05
5e-05
5e-05
5e-05
5e-05
5e-05
5e-05
5e-05
5e-05
5e-05
5e-05
5e-05
5e-05
5e-05
5e-05
5e-05
5e-05
5e-05
5e-05
5e-05
5e-05
5e-05
5e-05
5e-05
5e-05
5e-05
5e-05
5e-05
5e-05
5e-05
5e-05
5e-05
5e-05
5e-05
5e-05
5e-05
5e-05
5e-05
5e-05
5e-05
5e-05
5e-05
5e-05
5e-05
5e-05
5e-05
5e-05
5e-05
5e-05
5e-05
5e-05
5e-05
5e-05
5e-05
5e-05
5e-05
5e-05
5e-05
5e-05
5e-05
5e-05
5e-05
5e-05
5e-05
5e-05
5e-05
5e-05
5e-05
5e-05
5e-05
5e-05
5e-05
5e-05
5e-05
5e-05
5e-05
5e-05
5e-05
5e-05
5e-05
5e-05
5e-05
5e-05
5e-05
5e-05
5e-05
5e-05
5e-05
5e-05
5e-05
5e-05
5e-05
5e-05
5e-05
5e-05
5e-05
5e-05
5e-05
5e-05
5e-05
5e-05
5e-05
5e-05
5e-05
5e-05
5e-05
5e-05
5e-05
5e-05
5e-05
5e-05
5e-05
5e-05
5e-05
5e-05
5e-05
5e-05
5e-05
5e-05
5e-05
5e-05
5e-05
5e-05
5e-05
5e-05
5e-05
5e-05
5e-05
5e-05
5e-05
5e-05
5e-05
5e-05
5e-05
5e-05
5e-05
5e-05
5e-05
5e-05
5e-05
5e-05
5e-05
5e-05
5e-05
5e-05
5e-05
5e-05
5e-05
5e-05
5e-05
5e-05
5e-05
5e-05
5e-05
5e-05
5e-05
5e-05
5e-05
5e-05
5e-05
5e-05
5e-05
5e-05
5e-05
5e-05
5e-05
5e-05
5e-05
5e-05
5e-05
5e-05
5e-05
5e-05
5e-05
5e-05
5e-05
5e-05
5e-05
5e-05
5e-05
5e-05
5e-05
5e-05
5e-05
5e-05
5e-05
5e-05
5e-05
5e-05
5e-05
5e-05
5e-05
5e-05
5e-05
5e-05
5e-05
5e-05
5e-05
5e-05
5e-05
5e-05
5e-05
5e-05
5e-05
5e-05
5e-05
5e-05
5e-05
5e-05
5e-05
5e-05
5e-05
5e-05
5e-05
5e-05
5e-05
5e-05
5e-05
5e-05
5e-05
5e-05
5e-05
5e-05
5e-05
5e-05
5e-05
5e-05
5e-05
5e-05
5e-05
5e-05
5e-05
5e-05
5e-05
5e-05
5e-05
5e-05
5e-05
5e-05
5e-05
5e-05
5e-05
5e-05
5e-05
5e-05
5e-05
5e-05
5e-05
5e-05
5e-05
5e-05
5e-05
5e-05
5e-05
5e-05
5e-05
5e-05
5e-05
5e-05
5e-05
5e-05
5e-05
5e-05
5e-05
5e-05
5e-05
5e-05
5e-05
5e-05
5e-05
5e-05
5e-05
5e-05
5e-05
5e-05
5e-05
5e-05
5e-05
5e-05
5e-05
5e-05
5e-05
5e-05
5e-05
5e-05
5e-05
5e-05
5e-05
5e-05
5e-05
5e-05
5e-05
5e-05
5e-05
5e-05
5e-05
5e-05
5e-05
5e-05
5e-05
5e-05
5e-05
5e-05
5e-05
5e-05
5e-05
5e-05
5e-05
5e-05
5e-05
5e-05
5e-05
5e-05
5e-05
5e-05
5e-05
5e-05
5e-05
5e-05
5e-05
5e-05
5e-05
5e-05
5e-05
5e-05
5e-05
5e-05
5e-05
5e-05
5e-05
5e-05
5e-05
5e-05
5e-05
5e-05
5e-05
5e-05
5e-05
5e-05
5e-05
5e-05
5e-05
5e-05
5e-05
5e-05
5e-05
5e-05
5e-05
5e-05
5e-05
5e-05
5e-05
5e-05
5e-05
5e-05
5e-05
5e-05
5e-05
5e-05
5e-05
5e-05
5e-05
5e-05
5e-05
5e-05
5e-05
5e-05
5e-05
5e-05
5e-05
5e-05
5e-05
5e-05
5e-05
5e-05
5e-05
5e-05
5e-05
5e-05
5e-05
5e-05
5e-05
5e-05
5e-05
5e-05
5e-05
5e-05
5e-05
5e-05
5e-05
5e-05
5e-05
5e-05
5e-05
5e-05
5e-05
5e-05
5e-05
5e-05
5e-05
5e-05
5e-05
5e-05
5e-05
5e-05
5e-05
5e-05
5e-05
5e-05
5e-05
5e-05
5e-05
5e-05
5e-05
5e-05
5e-05
5e-05
5e-05
5e-05
5e-05
5e-05
5e-05
5e-05
5e-05
5e-05
5e-05
5e-05
5e-05
5e-05
5e-05
5e-05
5e-05
5e-05
5e-05
5e-05
5e-05
5e-05
5e-05
5e-05
5e-05
5e-05
5e-05
5e-05
5e-05
5e-05
5e-05
5e-05
5e-05
5e-05
5e-05
5e-05
5e-05
5e-05
5e-05
5e-05
5e-05
5e-05
5e-05
5e-05
5e-05
5e-05
5e-05
5e-05
5e-05
5e-05
5e-05
5e-05
5e-05
5e-05
5e-05
5e-05
5e-05
5e-05
5e-05
5e-05
5e-05
5e-05
5e-05
5e-05
5e-05
5e-05
5e-05
5e-05
5e-05
5e-05
5e-05
5e-05
5e-05
5e-05
5e-05
5e-05
5e-05
5e-05
5e-05
5e-05
5e-05
5e-05
5e-05
5e-05
5e-05
5e-05
5e-05
5e-05
5e-05
5e-05
5e-05
5e-05
5e-05
5e-05
5e-05
5e-05
5e-05
5e-05
5e-05
5e-05
5e-05
5e-05
5e-05
5e-05
5e-05
5e-05
5e-05
5e-05
5e-05
5e-05
5e-05
5e-05
5e-05
5e-05
5e-05
5e-05
5e-05
5e-05
5e-05
5e-05
5e-05
5e-05
5e-05
5e-05
5e-05
5e-05
5e-05
5e-05
5e-05
5.05255e-05
5.1969e-05
5.44827e-05
5.80337e-05
6.24836e-05
6.76507e-05
7.3349e-05
7.94093e-05
8.5688e-05
9.20691e-05
9.84624e-05
0.0001048
0.000111031
0.000117121
0.000123046
0.000128792
0.00013435
0.000139716
0.000144892
0.000149879
0.000154683
0.00015931
0.000163766
0.000168059
0.000172196
0.000176184
0.000180031
0.000183745
0.000187332
0.000190799
0.000194153
0.000197401
0.000200547
0.000203599
0.000206562
0.00020944
0.000212239
0.000214963
0.000217617
0.000220205
0.000222731
0.000225199
0.000227611
0.000229973
0.000232286
0.000234555
0.00023678
0.000238967
0.000241116
0.00024323
0.000245312
0.000247364
0.000249387
0.000251385
0.000253357
0.000255307
0.000257236
0.000259145
0.000261036
0.000262911
0.000264769
0.000266614
0.000268446
0.000270266
0.000272075
0.000273874
0.000275664
0.000277446
0.000279222
0.000280991
0.000282754
0.000284513
0.000286267
0.000288018
0.000289766
0.000291512
0.000293257
0.000295
0.000296743
0.000298485
0.000299691
0.000299947
0.000299082
0.000297114
0.000294171
0.000290427
0.000286067
0.000281263
0.000276161
0.000270883
0.000265523
0.000260158
0.000254843
0.00024962
0.000244517
0.000239556
0.000234749
0.000230105
0.000225628
0.000221319
0.000217177
0.0002132
0.000209383
0.000205722
0.000202214
0.000198851
0.00019563
0.000192545
0.00018959
0.00018676
0.00018405
0.000181455
0.00017897
0.000176591
0.000174313
0.000172132
0.000170043
0.000168043
0.000166128
0.000164294
0.000162537
0.000160855
0.000159244
0.000157701
0.000156224
0.000154808
0.000153453
0.000152154
0.00015091
0.000149719
0.000148577
0.000147484
0.000146437
0.000145433
0.000144472
0.000143551
0.000142669
0.000141823
0.000141013
0.000140238
0.000139494
0.000138782
0.000138099
0.000137445
0.000136819
0.000136218
0.000135643
0.000135092
0.000134563
0.000134057
0.000133572
0.000133107
0.000132662
0.000132235
0.000131826
0.000131434
0.000131058
0.000130698
0.000130353
0.000130023
0.000129706
0.000129402
0.000129111
0.000128832
0.000128565
0.000128309
0.000128063
0.000127828
0.000127602
0.000127386
0.000127179
0.00012698
0.00012679
0.000126607
0.000126432
0.000126265
0.000126104
0.00012595
0.000125802
0.000125661
0.000125525
0.000125395
0.00012527
0.000125151
0.000125036
0.000124926
0.000124821
0.00012472
0.000124623
0.000124531
0.000124442
0.000124356
0.000124275
0.000124196
0.000124121
0.000124049
0.00012398
0.000123913
0.00012385
0.000123789
0.00012373
0.000123674
0.00012362
0.000123569
0.000123519
0.000123471
0.000123426
0.000123382
0.00012334
0.0001233
0.000123261
0.000123224
0.000123189
0.000123154
0.000123122
0.00012309
0.00012306
0.000123031
0.000123003
0.000122976
0.00012295
0.000122926
0.000122902
0.000122879
0.000122857
0.000122836
0.000122816
0.000122796
0.000122778
0.00012276
0.000122742
0.000122726
0.00012271
0.000122694
0.000122679
0.000122665
0.000122651
0.000122638
0.000122625
0.000122613
0.000122601
0.000122589
0.000122578
0.000122568
0.000122557
0.000122547
0.000122538
0.000122528
0.000122519
0.000122511
0.000122502
0.000122494
0.000122486
0.000122479
0.000122471
0.000122464
0.000122457
0.00012245
0.000122444
0.000122438
0.000122431
0.000122425
0.00012242
0.000122414
0.000122408
0.000122403
0.000122398
0.000122393
0.000122388
0.000122383
0.000122378
0.000122373
0.000122369
0.000122364
0.00012236
0.000122356
0.000122352
0.000122347
0.000122343
0.000122339
0.000122336
0.000122332
0.000122328
0.000122324
0.000122321
0.000122317
0.000122313
0.00012231
0.000122306
0.000122303
0.0001223
0.000122296
0.000122293
0.00012229
0.000122287
0.000122283
0.00012228
0.000122277
0.000122274
0.000122271
0.000122268
0.000122265
0.000122262
0.000122259
0.000122256
0.000122253
0.00012225
0.000122247
0.000122244
0.000122241
0.000122238
0.000122235
0.000122232
0.000122229
0.000122226
0.000122223
0.00012222
0.000122217
0.000122215
0.000122212
0.000122209
0.000122206
0.000122203
0.0001222
0.000122197
0.000122194
0.000122191
0.000122189
0.000122186
0.000122183
0.00012218
0.000122177
0.000122174
0.000122171
0.000122168
0.000122165
0.000122162
0.000122159
0.000122157
0.000122154
0.000122151
0.000122148
0.000122145
0.000122142
0.000122139
0.000122136
0.000122133
0.00012213
0.000122127
0.000122124
0.000122121
0.000122118
0.000122115
0.000122112
0.000122109
0.000122106
0.000122103
0.0001221
0.000122096
0.000122093
0.00012209
0.000122087
0.000122084
0.000122081
0.000122078
0.000122075
0.000122071
0.000122068
0.000122065
0.000122062
0.000122059
0.000122056
0.000122052
0.000122049
0.000122046
0.000122043
0.000122039
0.000122036
0.000122033
0.00012203
0.000122026
0.000122023
0.00012202
0.000122016
0.000122013
0.00012201
0.000122006
0.000122003
0.000122
0.000121996
0.000121993
0.000121989
0.000121986
0.000121983
0.000121979
0.000121976
0.000121972
0.000121969
0.000121965
0.000121962
0.000121958
0.000121955
0.000121951
0.000121948
0.000121944
0.000121941
0.000121937
0.000121934
0.00012193
0.000121927
0.000121923
0.000121919
0.000121916
0.000121912
0.000121909
0.000121905
0.000121901
0.000121898
0.000121894
0.00012189
0.000121887
0.000121883
0.000121879
0.000121876
0.000121872
0.000121868
0.000121865
0.000121861
0.000121857
0.000121853
0.00012185
0.000121846
0.000121842
0.000121838
0.000121834
0.000121831
0.000121827
0.000121823
0.000121819
0.000121815
0.000121811
0.000121808
0.000121804
0.0001218
0.000121796
0.000121792
0.000121788
0.000121784
0.00012178
0.000121776
0.000121773
0.000121769
0.000121765
0.000121761
0.000121757
0.000121753
0.000121749
0.000121745
0.000121741
0.000121737
0.000121733
0.000121729
0.000121725
0.000121721
0.000121717
0.000121713
0.000121708
0.000121704
0.0001217
0.000121696
0.000121692
0.000121688
0.000121684
0.00012168
0.000121676
0.000121672
0.000121667
0.000121663
0.000121659
0.000121655
0.000121651
0.000121647
0.000121642
0.000121638
0.000121634
0.00012163
0.000121626
0.000121621
0.000121617
0.000121613
0.000121609
0.000121604
0.0001216
0.000121596
0.000121592
0.000121587
0.000121583
0.000121579
0.000121574
0.00012157
0.000121566
0.000121561
0.000121557
0.000121553
0.000121548
0.000121544
0.00012154
0.000121535
0.000121531
0.000121527
0.000121522
0.000121518
0.000121514
0.000121509
0.000121505
0.0001215
0.000121496
0.000121491
0.000121487
0.000121483
0.000121478
0.000121474
0.000121469
0.000121465
0.00012146
0.000121456
0.000121451
0.000121447
0.000121442
0.000121438
0.000121433
0.000121429
0.000121424
0.00012142
0.000121415
0.000121411
0.000121406
0.000121402
0.000121397
0.000121392
0.000121388
0.000121383
0.000121379
0.000121374
0.00012137
0.000121365
0.00012136
0.000121356
0.000121351
0.000121346
0.000121342
0.000121337
0.000121333
0.000121328
0.000121323
0.000121319
0.000121314
0.000121309
0.000121305
0.0001213
0.000121295
0.000121291
0.000121286
0.000121281
0.000121276
0.000121272
0.000121267
0.000121262
0.000121258
0.000121253
0.000121248
0.000121243
0.000121239
0.000121234
0.000121229
0.000121224
0.00012122
0.000121215
0.00012121
0.000121205
0.0001212
0.000121196
0.000121191
0.000121186
0.000121181
0.000121176
0.000121172
0.000121167
0.000121162
0.000121157
0.000121152
0.000121147
0.000121143
0.000121138
0.000121133
0.000121128
0.000121123
0.000121118
0.000121113
0.000121108
0.000121104
0.000121099
0.000121094
0.000121089
0.000121084
0.000121079
0.000121074
0.000121069
0.000121064
0.000121059
0.000121054
0.00012105
0.000121045
0.00012104
0.000121035
0.00012103
0.000121025
0.00012102
0.000121015
0.00012101
0.000121005
0.000121
0.000120995
0.00012099
0.000120985
0.00012098
0.000120975
0.00012097
0.000120965
0.00012096
0.000120955
0.00012095
0.000120945
0.00012094
0.000120935
0.00012093
0.000120925
0.00012092
0.000120915
0.00012091
0.000120905
0.000120899
0.000120894
0.000120889
0.000120884
0.000120879
0.000120874
0.000120869
0.000120864
0.000120859
0.000120854
0.000120849
0.000120844
0.000120838
0.000120833
0.000120828
0.000120823
0.000120818
0.000120813
0.000120808
0.000120803
0.000120797
0.000120792
0.000120787
0.000120782
0.000120777
0.000120772
0.000120767
0.000120761
0.000120756
0.000120751
0.000120746
0.000120741
0.000120735
0.00012073
0.000120725
0.00012072
0.000120715
0.00012071
0.000120704
0.000120699
0.000120694
0.000120689
0.000120683
0.000120678
0.000120673
0.000120668
0.000120663
0.000120657
0.000120652
0.000120647
0.000120642
0.000120636
0.000120631
0.000120626
0.000120621
0.000120615
0.00012061
0.000120605
0.0001206
0.000120594
0.000120589
0.000120584
0.000120579
0.000120573
0.000120568
0.000120563
0.000120557
0.000120552
0.000120547
0.000120542
0.000120536
0.000120531
0.000120526
0.00012052
0.000120515
0.00012051
0.000120504
0.000120499
0.000120494
0.000120488
0.000120483
0.000120478
0.000120472
0.000120467
0.000120462
0.000120456
0.000120451
0.000120446
0.00012044
0.000120435
0.00012043
0.000120424
0.000120419
0.000120414
0.000120408
0.000120403
0.000120397
0.000120392
0.000120387
0.000120381
0.000120376
0.000120371
0.000120365
0.00012036
0.000120354
0.000120349
0.000120344
0.000120338
0.000120333
0.000120327
0.000120322
0.000120317
0.000120311
0.000120306
0.0001203
0.000120295
0.000120289
0.000120284
0.000120279
0.000120273
0.000120268
0.000120262
0.000120257
0.000120251
0.000120246
0.000120241
0.000120235
0.00012023
0.000120224
0.000120219
0.000120213
0.000120208
0.000120202
0.000120197
0.000120191
0.000120186
0.000120181
0.000120175
0.00012017
0.000120164
0.000120159
0.000120153
0.000120148
0.000120142
0.000120137
0.000120131
0.000120126
0.00012012
0.000120115
0.000120109
0.000120104
0.000120098
0.000120093
0.000120087
0.000120082
0.000120076
0.000120071
0.000120065
0.00012006
0.000120054
0.000120049
0.000120043
0.000120038
0.000120032
0.000120027
0.000120021
0.000120016
0.00012001
0.000120005
0.000119999
0.000119993
0.000119988
0.000119982
0.000119977
0.000119971
0.000119966
0.00011996
0.000119955
0.000119949
0.000119944
0.000119938
0.000119932
0.000119927
0.000119921
0.000119916
0.00011991
0.000119905
0.000119899
0.000119894
0.000119888
0.000119882
0.000119877
0.000119871
0.000119866
0.00011986
0.000119855
0.000119849
0.000119843
0.000119838
0.000119832
0.000119827
0.000119821
0.000119815
0.00011981
0.000119804
0.000119799
0.000119793
0.000119787
0.000119782
0.000119776
0.000119771
0.000119765
0.000119759
0.000119754
0.000119748
0.000119743
0.000119737
0.000119731
0.000119726
0.00011972
0.000119715
0.000119709
0.000119703
0.000119698
0.000119692
0.000119686
0.000119681
0.000119675
0.00011967
0.000119664
0.000119658
0.000119653
0.000119647
0.000119641
0.000119636
0.00011963
0.000119625
0.000119619
0.000119613
0.000119608
0.000119602
0.000119596
0.000119591
0.000119585
0.000119579
0.000119574
0.000119568
0.000119562
0.000119557
0.000119551
0.000119545
0.00011954
0.000119534
0.000119529
0.000119523
0.000119517
0.000119512
0.000119506
0.0001195
0.000119495
0.000119489
0.000119483
0.000119478
0.000119472
0.000119466
0.000119461
0.000119455
0.000119449
0.000119444
0.000119438
0.000119432
0.000119426
0.000119421
0.000119415
0.000119409
0.000119404
0.000119398
0.000119392
0.000119387
0.000119381
0.000119375
0.00011937
0.000119364
0.000119358
0.000119353
0.000119347
0.000119341
0.000119335
0.00011933
0.000119324
0.000119318
0.000119313
0.000119307
0.000119301
0.000119296
0.00011929
0.000119284
0.000119278
0.000119273
0.000119267
0.000119261
0.000119256
0.00011925
0.000119244
0.000119239
0.000119233
0.000119227
0.000119221
0.000119216
0.00011921
0.000119204
0.000119199
0.000119193
0.000119187
0.000119181
0.000119176
0.00011917
0.000119164
0.000119158
0.000119153
0.000119147
0.000119141
0.000119136
0.00011913
0.000119124
0.000119118
0.000119113
0.000119107
0.000119101
0.000119096
0.00011909
0.000119084
0.000119078
0.000119073
0.000119067
0.000119061
0.000119055
0.00011905
0.000119044
0.000119038
0.000119032
0.000119027
0.000119021
0.000119015
0.000119009
0.000119004
0.000118998
0.000118992
0.000118986
0.000118981
0.000118975
0.000118969
0.000118964
0.000118958
0.000118952
0.000118946
0.000118941
0.000118935
0.000118929
0.000118923
0.000118918
0.000118912
0.000118906
0.0001189
0.000118895
0.000118889
0.000118883
0.000118877
0.000118872
0.000118866
0.00011886
0.000118854
0.000118848
0.000118843
0.000118837
0.000118831
0.000118825
0.00011882
0.000118814
0.000118808
0.000118802
0.000118797
0.000118791
0.000118785
0.000118779
0.000118774
0.000118768
0.000118762
0.000118756
0.000118751
0.000118745
0.000118739
0.000118733
0.000118727
0.000118722
0.000118716
0.00011871
0.000118704
0.000118699
0.000118693
0.000118687
0.000118681
0.000118676
0.00011867
0.000118664
0.000118658
0.000118652
0.000118647
0.000118641
0.000118635
0.000118629
0.000118624
0.000118618
0.000118612
0.000118606
0.0001186
0.000118595
0.000118589
0.000118583
0.000118577
0.000118572
0.000118566
0.00011856
0.000118554
0.000118548
0.000118543
0.000118537
0.000118531
0.000118525
0.00011852
0.000118514
0.000118508
0.000118502
0.000118496
0.000118491
0.000118485
0.000118479
0.000118473
0.000118468
0.000118462
0.000118456
0.00011845
0.000118444
0.000118439
0.000118433
0.000118427
0.000118421
0.000118415
0.00011841
0.000118404
0.000118398
0.000118392
0.000118387
0.000118381
0.000118375
0.000118369
0.000118363
0.000118358
0.000118352
0.000118346
0.00011834
0.000118334
0.000118329
0.000118323
0.000118317
0.000118311
0.000118305
0.0001183
0.000118294
0.000118288
0.000118282
0.000118277
0.000118271
0.000118265
0.000118259
0.000118253
0.000118248
0.000118242
0.000118236
0.00011823
0.000118224
0.000118219
0.000118213
0.000118207
0.000118201
0.000118195
0.00011819
0.000118184
0.000118178
0.000118172
0.000118166
0.000118161
0.000118155
0.000118149
0.000118143
0.000118138
0.000118132
0.000118126
0.00011812
0.000118114
0.000118109
0.000118103
0.000118097
0.000118091
0.000118085
0.00011808
0.000118074
0.000118068
0.000118062
0.000118056
0.000118051
0.000118045
0.000118039
0.000118033
0.000118027
0.000118022
0.000118016
0.00011801
0.000118004
0.000117998
0.000117993
0.000117987
0.000117981
0.000117975
0.000117969
0.000117964
0.000117958
0.000117952
0.000117946
0.00011794
0.000117935
0.000117929
0.000117923
0.000117917
0.000117911
0.000117906
0.0001179
0.000117894
0.000117888
0.000117883
0.000117877
0.000117871
0.000117865
0.000117859
0.000117854
0.000117848
0.000117842
0.000117836
0.00011783
0.000117825
0.000117819
0.000117813
0.000117807
0.000117801
0.000117796
0.00011779
0.000117784
0.000117778
0.000117772
0.000117767
0.000117761
0.000117755
0.000117749
0.000117743
0.000117738
0.000117732
0.000117726
0.00011772
0.000117714
0.000117709
0.000117703
0.000117697
0.000117691
0.000117685
0.00011768
0.000117674
0.000117668
0.000117662
0.000117657
0.000117651
0.000117645
0.000117639
0.000117633
0.000117628
0.000117622
0.000117616
0.00011761
0.000117604
0.000117599
0.000117593
0.000117587
0.000117581
0.000117575
0.00011757
0.000117564
0.000117558
0.000117552
0.000117546
0.000117541
0.000117535
0.000117529
0.000117523
0.000117518
0.000117512
0.000117506
0.0001175
0.000117494
0.000117489
0.000117483
0.000117477
0.000117471
0.000117465
0.00011746
0.000117454
0.000117448
0.000117442
0.000117436
0.000117431
0.000117425
0.000117419
0.000117413
0.000117408
0.000117402
0.000117396
0.00011739
0.000117384
0.000117379
0.000117373
0.000117367
0.000117361
0.000117355
0.00011735
0.000117344
0.000117338
0.000117332
0.000117327
0.000117321
0.000117315
0.000117309
0.000117303
0.000117298
0.000117292
0.000117286
0.00011728
0.000117274
0.000117269
0.000117263
0.000117257
0.000117251
0.000117246
0.00011724
0.000117234
0.000117228
0.000117222
0.000117217
0.000117211
0.000117205
0.000117199
0.000117194
0.000117188
0.000117182
0.000117176
0.00011717
0.000117165
0.000117159
0.000117153
0.000117147
0.000117142
0.000117136
0.00011713
0.000117124
0.000117118
0.000117113
0.000117107
0.000117101
0.000117095
0.00011709
0.000117084
0.000117078
0.000117072
0.000117066
0.000117061
0.000117055
0.000117049
0.000117043
0.000117038
0.000117032
0.000117026
0.00011702
0.000117015
0.000117009
0.000117003
0.000116997
0.000116991
0.000116986
0.00011698
0.000116974
0.000116968
0.000116963
0.000116957
0.000116951
0.000116945
0.00011694
0.000116934
0.000116928
0.000116922
0.000116916
0.000116911
0.000116905
0.000116899
0.000116893
0.000116888
0.000116882
0.000116876
0.00011687
0.000116865
0.000116859
0.000116853
0.000116847
0.000116842
0.000116836
0.00011683
0.000116824
0.000116819
0.000116813
0.000116807
0.000116801
0.000116795
0.00011679
0.000116784
0.000116778
0.000116772
0.000116767
0.000116761
0.000116755
0.000116749
0.000116744
0.000116738
0.000116732
0.000116726
0.000116721
0.000116715
0.000116709
0.000116703
0.000116698
0.000116692
0.000116686
0.00011668
0.000116675
0.000116669
0.000116663
0.000116657
0.000116652
0.000116646
0.00011664
0.000116634
0.000116629
0.000116623
0.000116617
0.000116611
0.000116606
0.0001166
0.000116594
0.000116588
0.000116583
0.000116577
0.000116571
0.000116565
0.00011656
0.000116554
0.000116548
0.000116542
0.000116537
0.000116531
0.000116525
0.000116519
0.000116514
0.000116508
0.000116502
0.000116497
0.000116491
0.000116485
0.000116479
0.000116474
0.000116468
0.000116462
0.000116456
0.000116451
0.000116445
0.000116439
0.000116433
0.000116428
0.000116422
0.000116416
0.00011641
0.000116405
0.000116399
0.000116393
0.000116388
0.000116382
0.000116376
0.00011637
0.000116365
0.000116359
0.000116353
0.000116347
0.000116342
0.000116336
0.00011633
0.000116325
0.000116319
0.000116313
0.000116307
0.000116302
0.000116296
0.00011629
0.000116284
0.000116279
0.000116273
0.000116267
0.000116262
0.000116256
0.00011625
0.000116244
0.000116239
0.000116233
0.000116227
0.000116221
0.000116216
0.00011621
0.000116204
0.000116199
0.000116193
0.000116187
0.000116181
0.000116176
0.00011617
0.000116164
0.000116159
0.000116153
0.000116147
0.000116141
0.000116136
0.00011613
0.000116124
0.000116119
0.000116113
0.000116107
0.000116101
0.000116096
0.00011609
0.000116084
0.000116079
0.000116073
0.000116067
0.000116062
0.000116056
0.00011605
0.000116044
0.000116039
0.000116033
0.000116027
0.000116022
0.000116016
0.00011601
0.000116004
0.000115999
0.000115993
0.000115987
0.000115982
0.000115976
0.00011597
0.000115965
0.000115959
0.000115953
0.000115947
0.000115942
0.000115936
0.00011593
0.000115925
0.000115919
0.000115913
0.000115908
0.000115902
0.000115896
0.000115891
0.000115885
0.000115879
0.000115873
0.000115868
0.000115862
0.000115856
0.000115851
0.000115845
0.000115839
0.000115834
0.000115828
0.000115822
0.000115817
0.000115811
0.000115805
0.000115799
0.000115794
0.000115788
0.000115782
0.000115777
0.000115771
0.000115765
0.00011576
0.000115754
0.000115748
0.000115743
0.000115737
0.000115731
0.000115726
0.00011572
0.000115714
0.000115709
0.000115703
0.000115697
0.000115692
0.000115686
0.00011568
0.000115675
0.000115669
0.000115663
0.000115658
0.000115652
0.000115646
0.000115641
0.000115635
0.000115629
0.000115623
0.000115618
0.000115612
0.000115606
0.000115601
0.000115595
0.000115589
0.000115584
0.000115578
0.000115572
0.000115567
0.000115561
0.000115555
0.00011555
0.000115544
0.000115538
0.000115533
0.000115527
0.000115522
0.000115516
0.00011551
0.000115505
0.000115499
0.000115493
0.000115488
0.000115482
0.000115476
0.000115471
0.000115465
0.000115459
0.000115454
0.000115448
0.000115442
0.000115437
0.000115431
0.000115425
0.00011542
0.000115414
0.000115408
0.000115403
0.000115397
0.000115391
0.000115386
0.00011538
0.000115375
0.000115369
0.000115363
0.000115358
0.000115352
0.000115346
0.000115341
0.000115335
0.000115329
0.000115324
0.000115318
0.000115312
0.000115307
0.000115301
0.000115296
0.00011529
0.000115284
0.000115279
0.000115273
0.000115267
0.000115262
0.000115256
0.00011525
0.000115245
0.000115239
0.000115233
0.000115228
0.000115222
0.000115217
0.000115211
0.000115205
0.0001152
0.000115194
0.000115188
0.000115183
0.000115177
0.000115172
0.000115166
0.00011516
0.000115155
0.000115149
0.000115143
0.000115138
0.000115132
0.000115127
0.000115121
0.000115115
0.00011511
0.000115104
0.000115098
0.000115093
0.000115087
0.000115082
0.000115076
0.00011507
0.000115065
0.000115059
0.000115053
0.000115048
0.000115042
0.000115037
0.000115031
0.000115025
0.00011502
0.000115014
0.000115009
0.000115003
0.000114997
0.000114992
0.000114986
0.000114981
0.000114975
0.000114969
0.000114964
0.000114958
0.000114952
0.000114947
0.000114941
0.000114936
0.00011493
0.000114924
0.000114919
0.000114913
0.000114908
0.000114902
0.000114896
0.000114891
0.000114885
0.00011488
0.000114874
0.000114868
0.000114863
0.000114857
0.000114852
0.000114846
0.00011484
0.000114835
0.000114829
0.000114824
0.000114818
0.000114812
0.000114807
0.000114801
0.000114796
0.00011479
0.000114785
0.000114779
0.000114773
0.000114768
0.000114762
0.000114757
0.000114751
0.000114745
0.00011474
0.000114734
0.000114729
0.000114723
0.000114717
0.000114712
0.000114706
0.000114701
0.000114695
0.00011469
0.000114684
0.000114678
0.000114673
0.000114667
0.000114662
0.000114656
0.000114651
0.000114645
0.000114639
0.000114634
0.000114628
0.000114623
0.000114617
0.000114611
0.000114606
0.0001146
0.000114595
0.000114589
0.000114584
0.000114578
0.000114572
0.000114567
0.000114561
0.000114556
0.00011455
0.000114545
0.000114539
0.000114534
0.000114528
0.000114522
0.000114517
0.000114511
0.000114506
0.0001145
0.000114495
0.000114489
0.000114483
0.000114478
0.000114472
0.000114467
0.000114461
0.000114456
0.00011445
0.000114445
0.000114439
0.000114433
0.000114428
0.000114422
0.000114417
0.000114411
0.000114406
0.0001144
0.000114395
0.000114389
0.000114383
0.000114378
0.000114372
0.000114367
0.000114361
0.000114356
0.00011435
0.000114345
0.000114339
0.000114334
0.000114328
0.000114322
0.000114317
0.000114311
0.000114306
0.0001143
0.000114295
0.000114289
0.000114284
0.000114278
0.000114273
0.000114267
0.000114262
0.000114256
0.00011425
0.000114245
0.000114239
0.000114234
0.000114228
0.000114223
0.000114217
0.000114212
0.000114206
0.000114201
0.000114195
0.00011419
0.000114184
0.000114179
0.000114173
0.000114168
0.000114162
0.000114156
0.000114151
0.000114145
0.00011414
0.000114134
0.000114129
0.000114123
0.000114118
0.000114112
0.000114107
0.000114101
0.000114096
0.00011409
0.000114085
0.000114079
0.000114074
0.000114068
0.000114063
0.000114057
0.000114052
0.000114046
0.000114041
0.000114035
0.00011403
0.000114024
0.000114018
0.000114013
0.000114007
0.000114002
0.000113996
0.000113991
0.000113985
0.00011398
0.000113974
0.000113969
0.000113963
0.000113958
0.000113952
0.000113947
0.000113941
0.000113936
0.00011393
0.000113925
0.000113919
0.000113914
0.000113908
0.000113903
0.000113897
0.000113892
0.000113886
0.000113881
0.000113875
0.00011387
0.000113864
0.000113859
0.000113853
0.000113848
0.000113842
0.000113837
0.000113831
0.000113826
0.00011382
0.000113815
0.00011381
0.000113804
0.000113799
0.000113793
0.000113788
0.000113782
0.000113777
0.000113771
0.000113766
0.00011376
0.000113755
0.000113749
0.000113744
0.000113738
0.000113733
0.000113727
0.000113722
0.000113716
0.000113711
0.000113705
0.0001137
0.000113694
0.000113689
0.000113683
0.000113678
0.000113672
0.000113667
0.000113662
0.000113656
0.000113651
0.000113645
0.00011364
0.000113634
0.000113629
0.000113623
0.000113618
0.000113612
0.000113607
0.000113601
0.000113596
0.00011359
0.000113585
0.00011358
0.000113574
0.000113569
0.000113563
0.000113558
0.000113552
0.000113547
0.000113541
0.000113536
0.00011353
0.000113525
0.000113519
0.000113514
0.000113509
0.000113503
0.000113498
0.000113492
0.000113487
0.000113481
0.000113476
0.00011347
0.000113465
0.000113459
0.000113454
0.000113449
0.000113443
0.000113438
0.000113432
0.000113427
0.000113421
0.000113416
0.00011341
0.000113405
0.0001134
0.000113394
0.000113389
0.000113383
0.000113378
0.000113372
0.000113367
0.000113361
0.000113356
0.000113351
0.000113345
0.00011334
0.000113334
0.000113329
0.000113323
0.000113318
0.000113313
0.000113307
0.000113302
0.000113296
0.000113291
0.000113285
0.00011328
0.000113274
0.000113269
0.000113264
0.000113258
0.000113253
0.000113247
0.000113242
0.000113236
0.000113231
0.000113226
0.00011322
0.000113215
0.000113209
0.000113204
0.000113199
0.000113193
0.000113188
0.000113182
0.000113177
0.000113171
0.000113166
0.000113161
0.000113155
0.00011315
0.000113144
0.000113139
0.000113133
0.000113128
0.000113123
0.000113117
0.000113112
0.000113106
0.000113101
0.000113096
0.00011309
0.000113085
0.000113079
0.000113074
0.000113069
0.000113063
0.000113058
0.000113052
0.000113047
0.000113042
0.000113036
0.000113031
0.000113025
0.00011302
0.000113014
0.000113009
0.000113004
0.000112998
0.000112993
0.000112987
0.000112982
0.000112977
0.000112971
0.000112966
0.000112961
0.000112955
0.00011295
0.000112944
0.000112939
0.000112934
0.000112928
0.000112923
0.000112917
0.000112912
0.000112907
0.000112901
0.000112896
0.00011289
0.000112885
0.00011288
0.000112874
0.000112869
0.000112863
0.000112858
0.000112853
0.000112847
0.000112842
0.000112837
0.000112831
0.000112826
0.00011282
0.000112815
0.00011281
0.000112804
0.000112799
0.000112794
0.000112788
0.000112783
0.000112777
0.000112772
0.000112767
0.000112761
0.000112756
0.000112751
0.000112745
0.00011274
0.000112734
0.000112729
0.000112724
0.000112718
0.000112713
0.000112708
0.000112702
0.000112697
0.000112691
0.000112686
0.000112681
0.000112675
0.00011267
0.000112665
0.000112659
0.000112654
0.000112649
0.000112643
0.000112638
0.000112632
0.000112627
0.000112622
0.000112616
0.000112611
0.000112606
0.0001126
0.000112595
0.00011259
0.000112584
0.000112579
0.000112574
0.000112568
0.000112563
0.000112558
0.000112552
0.000112547
0.000112541
0.000112536
0.000112531
0.000112525
0.00011252
0.000112515
0.000112509
0.000112504
0.000112499
0.000112493
0.000112488
0.000112483
0.000112477
0.000112472
0.000112467
0.000112461
0.000112456
0.000112451
0.000112445
0.00011244
0.000112435
0.000112429
0.000112424
0.000112419
0.000112413
0.000112408
0.000112403
0.000112397
0.000112392
0.000112387
0.000112381
0.000112376
0.000112371
0.000112365
0.00011236
0.000112355
0.000112349
0.000112344
0.000112339
0.000112333
0.000112328
0.000112323
0.000112317
0.000112312
0.000112307
0.000112301
0.000112296
0.000112291
0.000112285
0.00011228
0.000112275
0.000112269
0.000112264
0.000112259
0.000112253
0.000112248
0.000112243
0.000112238
0.000112232
0.000112227
0.000112222
0.000112216
0.000112211
0.000112206
0.0001122
0.000112195
0.00011219
0.000112184
0.000112179
0.000112174
0.000112168
0.000112163
0.000112158
0.000112153
0.000112147
0.000112142
0.000112137
0.000112131
0.000112126
0.000112121
0.000112115
0.00011211
0.000112105
0.0001121
0.000112094
0.000112089
0.000112084
0.000112078
0.000112073
0.000112068
0.000112062
0.000112057
0.000112052
0.000112047
0.000112041
0.000112036
0.000112031
0.000112025
0.00011202
0.000112015
0.00011201
0.000112004
0.000111999
0.000111994
0.000111988
0.000111983
0.000111978
0.000111973
0.000111967
0.000111962
0.000111957
0.000111951
0.000111946
0.000111941
0.000111936
0.00011193
0.000111925
0.00011192
0.000111914
0.000111909
0.000111904
0.000111899
0.000111893
0.000111888
0.000111883
0.000111877
0.000111872
0.000111867
0.000111862
0.000111856
0.000111851
0.000111846
0.000111841
0.000111835
0.00011183
0.000111825
0.000111819
0.000111814
0.000111809
0.000111804
0.000111798
0.000111793
0.000111788
0.000111783
0.000111777
0.000111772
0.000111767
0.000111762
0.000111756
0.000111751
0.000111746
0.000111741
0.000111735
0.00011173
0.000111725
0.000111719
0.000111714
0.000111709
0.000111704
0.000111698
0.000111693
0.000111688
0.000111683
0.000111677
0.000111672
0.000111667
0.000111662
0.000111656
0.000111651
0.000111646
0.000111641
0.000111635
0.00011163
0.000111625
0.00011162
0.000111614
0.000111609
0.000111604
0.000111599
0.000111594
0.000111588
0.000111583
0.000111578
0.000111573
0.000111567
0.000111562
0.000111557
0.000111552
0.000111546
0.000111541
0.000111536
0.000111531
0.000111525
0.00011152
0.000111515
0.00011151
0.000111504
0.000111499
0.000111494
0.000111489
0.000111484
0.000111478
0.000111473
0.000111468
0.000111463
0.000111457
0.000111452
0.000111447
0.000111442
0.000111436
0.000111431
0.000111426
0.000111421
0.000111416
0.00011141
0.000111405
0.0001114
0.000111395
0.000111389
0.000111384
0.000111379
0.000111374
0.000111369
0.000111363
0.000111358
0.000111353
0.000111348
0.000111343
0.000111337
0.000111332
0.000111327
0.000111322
0.000111316
0.000111311
0.000111306
0.000111301
0.000111296
0.00011129
0.000111285
0.00011128
0.000111275
0.00011127
0.000111264
0.000111259
0.000111254
0.000111249
0.000111244
0.000111238
0.000111233
0.000111228
0.000111223
0.000111218
0.000111212
0.000111207
0.000111202
0.000111197
0.000111192
0.000111186
0.000111181
0.000111176
0.000111171
0.000111166
0.00011116
0.000111155
0.00011115
0.000111145
0.00011114
0.000111134
0.000111129
0.000111124
0.000111119
0.000111114
0.000111108
0.000111103
0.000111098
0.000111093
0.000111088
0.000111083
0.000111077
0.000111072
0.000111067
0.000111062
0.000111057
0.000111051
0.000111046
0.000111041
0.000111036
0.000111031
0.000111026
0.00011102
0.000111015
0.00011101
0.000111005
0.000111
0.000110994
0.000110989
0.000110984
0.000110979
0.000110974
0.000110969
0.000110963
0.000110958
0.000110953
0.000110948
0.000110943
0.000110938
0.000110932
0.000110927
0.000110922
0.000110917
0.000110912
0.000110907
0.000110901
0.000110896
0.000110891
0.000110886
0.000110881
0.000110876
0.00011087
0.000110865
0.00011086
0.000110855
0.00011085
0.000110845
0.00011084
0.000110834
0.000110829
0.000110824
0.000110819
0.000110814
0.000110809
0.000110803
0.000110798
0.000110793
0.000110788
0.000110783
0.000110778
0.000110773
0.000110767
0.000110762
0.000110757
0.000110752
0.000110747
0.000110742
0.000110736
0.000110731
0.000110726
0.000110721
0.000110716
0.000110711
0.000110706
0.0001107
0.000110695
0.00011069
0.000110685
0.00011068
0.000110675
0.00011067
0.000110664
0.000110659
0.000110654
0.000110649
0.000110644
0.000110639
0.000110634
0.000110629
0.000110623
0.000110618
0.000110613
0.000110608
0.000110603
0.000110598
0.000110593
0.000110587
0.000110582
0.000110577
0.000110572
0.000110567
0.000110562
0.000110557
0.000110552
0.000110546
0.000110541
0.000110536
0.000110531
0.000110526
0.000110521
0.000110516
0.000110511
0.000110505
0.0001105
0.000110495
0.00011049
0.000110485
0.00011048
0.000110475
0.00011047
0.000110465
0.000110459
0.000110454
0.000110449
0.000110444
0.000110439
0.000110434
0.000110429
0.000110424
0.000110419
0.000110413
0.000110408
0.000110403
0.000110398
0.000110393
0.000110388
0.000110383
0.000110378
0.000110373
0.000110367
0.000110362
0.000110357
0.000110352
0.000110347
0.000110342
0.000110337
0.000110332
0.000110327
0.000110322
0.000110316
0.000110311
0.000110306
0.000110301
0.000110296
0.000110291
0.000110286
0.000110281
0.000110276
0.000110271
0.000110266
0.00011026
0.000110255
0.00011025
0.000110245
0.00011024
0.000110235
0.00011023
0.000110225
0.00011022
0.000110215
0.00011021
0.000110204
0.000110199
0.000110194
0.000110189
0.000110184
0.000110179
0.000110174
0.000110169
0.000110164
0.000110159
0.000110154
0.000110149
0.000110143
0.000110138
0.000110133
0.000110128
0.000110123
0.000110118
0.000110113
0.000110108
0.000110103
0.000110098
0.000110093
0.000110088
0.000110083
0.000110077
0.000110072
0.000110067
0.000110062
0.000110057
0.000110052
0.000110047
0.000110042
0.000110037
0.000110032
0.000110027
0.000110022
0.000110017
0.000110012
0.000110007
0.000110001
0.000109996
0.000109991
0.000109986
0.000109981
0.000109976
0.000109971
0.000109966
0.000109961
0.000109956
0.000109951
0.000109946
0.000109941
0.000109936
0.000109931
0.000109926
0.000109921
0.000109915
0.00010991
0.000109905
0.0001099
0.000109895
0.00010989
0.000109885
0.00010988
0.000109875
0.00010987
0.000109865
0.00010986
0.000109855
0.00010985
0.000109845
0.00010984
0.000109835
0.00010983
0.000109825
0.00010982
0.000109815
0.000109809
0.000109804
0.000109799
0.000109794
0.000109789
0.000109784
0.000109779
0.000109774
0.000109769
0.000109764
0.000109759
0.000109754
0.000109749
0.000109744
0.000109739
0.000109734
0.000109729
0.000109724
0.000109719
0.000109714
0.000109709
0.000109704
0.000109699
0.000109694
0.000109689
0.000109684
0.000109679
0.000109674
0.000109669
0.000109664
0.000109659
0.000109653
0.000109648
0.000109643
0.000109638
0.000109633
0.000109628
0.000109623
0.000109618
0.000109613
0.000109608
0.000109603
0.000109598
0.000109593
0.000109588
0.000109583
0.000109578
0.000109573
0.000109568
0.000109563
0.000109558
0.000109553
0.000109548
0.000109543
0.000109538
0.000109533
0.000109528
0.000109523
0.000109518
0.000109513
0.000109508
0.000109503
0.000109498
0.000109493
0.000109488
0.000109483
0.000109478
0.000109473
0.000109468
0.000109463
0.000109458
0.000109453
0.000109448
0.000109443
0.000109438
0.000109433
0.000109428
0.000109423
0.000109418
0.000109413
0.000109408
0.000109403
0.000109398
0.000109393
0.000109388
0.000109383
0.000109378
0.000109373
0.000109368
0.000109363
0.000109358
0.000109353
0.000109348
0.000109343
0.000109338
0.000109333
0.000109328
0.000109323
0.000109318
0.000109313
0.000109308
0.000109303
0.000109298
0.000109293
0.000109288
0.000109283
0.000109278
0.000109273
0.000109268
0.000109263
0.000109258
0.000109253
0.000109248
0.000109243
0.000109238
0.000109233
0.000109229
0.000109224
0.000109219
0.000109214
0.000109209
0.000109204
0.000109199
0.000109194
0.000109189
0.000109184
0.000109179
0.000109174
0.000109169
0.000109164
0.000109159
0.000109154
0.000109149
0.000109144
0.000109139
0.000109134
0.000109129
0.000109124
0.000109119
0.000109114
0.000109109
0.000109104
0.000109099
0.000109094
0.000109089
0.000109084
0.000109079
0.000109075
0.00010907
0.000109065
0.00010906
0.000109055
0.00010905
0.000109045
0.00010904
0.000109035
0.00010903
0.000109025
0.00010902
0.000109015
0.00010901
0.000109005
0.000109
0.000108995
0.00010899
0.000108985
0.00010898
0.000108975
0.000108971
0.000108966
0.000108961
0.000108956
0.000108951
0.000108946
0.000108941
0.000108936
0.000108931
0.000108926
0.000108921
0.000108916
0.000108911
0.000108906
0.000108901
0.000108896
0.000108891
0.000108887
0.000108882
0.000108877
0.000108872
0.000108867
0.000108862
0.000108857
0.000108852
0.000108847
0.000108842
0.000108837
0.000108832
0.000108827
0.000108822
0.000108817
0.000108813
0.000108808
0.000108803
0.000108798
0.000108793
0.000108788
0.000108783
0.000108778
0.000108773
0.000108768
0.000108763
0.000108758
0.000108753
0.000108748
0.000108744
0.000108739
0.000108734
0.000108729
0.000108724
0.000108719
0.000108714
0.000108709
0.000108704
0.000108699
0.000108694
0.000108689
0.000108685
0.00010868
0.000108675
0.00010867
0.000108665
0.00010866
0.000108655
0.00010865
0.000108645
0.00010864
0.000108635
0.000108631
0.000108626
0.000108621
0.000108616
0.000108611
0.000108606
0.000108601
0.000108596
0.000108591
0.000108586
0.000108581
0.000108577
0.000108572
0.000108567
0.000108562
0.000108557
0.000108552
0.000108547
0.000108542
0.000108537
0.000108532
0.000108528
0.000108523
0.000108518
0.000108513
0.000108508
0.000108503
0.000108498
0.000108493
0.000108488
0.000108484
0.000108479
0.000108474
0.000108469
0.000108464
0.000108459
0.000108454
0.000108449
0.000108444
0.000108439
0.000108435
0.00010843
0.000108425
0.00010842
0.000108415
0.00010841
0.000108405
0.0001084
0.000108396
0.000108391
0.000108386
0.000108381
0.000108376
0.000108371
0.000108366
0.000108361
0.000108356
0.000108352
0.000108347
0.000108342
0.000108337
0.000108332
0.000108327
0.000108322
0.000108317
0.000108313
0.000108308
0.000108303
0.000108298
0.000108293
0.000108288
0.000108283
0.000108279
0.000108274
0.000108269
0.000108264
0.000108259
0.000108254
0.000108249
0.000108244
0.00010824
0.000108235
0.00010823
0.000108225
0.00010822
0.000108215
0.00010821
0.000108206
0.000108201
0.000108196
0.000108191
0.000108186
0.000108181
0.000108176
0.000108172
0.000108167
0.000108162
0.000108157
0.000108152
0.000108147
0.000108142
0.000108138
0.000108133
0.000108128
0.000108123
0.000108118
0.000108113
0.000108108
0.000108104
0.000108099
0.000108094
0.000108089
0.000108084
0.000108079
0.000108074
0.00010807
0.000108065
0.00010806
0.000108055
0.00010805
0.000108045
0.000108041
0.000108036
0.000108031
0.000108026
0.000108021
0.000108016
0.000108012
0.000108007
0.000108002
0.000107997
0.000107992
0.000107987
0.000107982
0.000107978
0.000107973
0.000107968
0.000107963
0.000107958
0.000107953
0.000107949
0.000107944
0.000107939
0.000107934
0.000107929
0.000107924
0.00010792
0.000107915
0.00010791
0.000107905
0.0001079
0.000107896
0.000107891
0.000107886
0.000107881
0.000107876
0.000107871
0.000107867
0.000107862
0.000107857
0.000107852
0.000107847
0.000107842
0.000107838
0.000107833
0.000107828
0.000107823
0.000107818
0.000107814
0.000107809
0.000107804
0.000107799
0.000107794
0.000107789
0.000107785
0.00010778
0.000107775
0.00010777
0.000107765
0.000107761
0.000107756
0.000107751
0.000107746
0.000107741
0.000107737
0.000107732
0.000107727
0.000107722
0.000107717
0.000107713
0.000107708
0.000107703
0.000107698
0.000107693
0.000107688
0.000107684
0.000107679
0.000107674
0.000107669
0.000107664
0.00010766
0.000107655
0.00010765
0.000107645
0.00010764
0.000107636
0.000107631
0.000107626
0.000107621
0.000107616
0.000107612
0.000107607
0.000107602
0.000107597
0.000107593
0.000107588
0.000107583
0.000107578
0.000107573
0.000107569
0.000107564
0.000107559
0.000107554
0.000107549
0.000107545
0.00010754
0.000107535
0.00010753
0.000107525
0.000107521
0.000107516
0.000107511
0.000107506
0.000107502
0.000107497
0.000107492
0.000107487
0.000107482
0.000107478
0.000107473
0.000107468
0.000107463
0.000107459
0.000107454
0.000107449
0.000107444
0.000107439
0.000107435
0.00010743
0.000107425
0.00010742
0.000107416
0.000107411
0.000107406
0.000107401
0.000107396
0.000107392
0.000107387
0.000107382
0.000107377
0.000107373
0.000107368
0.000107363
0.000107358
0.000107354
0.000107349
0.000107344
0.000107339
0.000107334
0.00010733
0.000107325
0.00010732
0.000107315
0.000107311
0.000107306
0.000107301
0.000107296
0.000107292
0.000107287
0.000107282
0.000107277
0.000107273
0.000107268
0.000107263
0.000107258
0.000107254
0.000107249
0.000107244
0.000107239
0.000107235
0.00010723
0.000107225
0.00010722
0.000107216
0.000107211
0.000107206
0.000107201
0.000107197
0.000107192
0.000107187
0.000107182
0.000107178
0.000107173
0.000107168
0.000107163
0.000107159
0.000107154
0.000107149
0.000107144
0.00010714
0.000107135
0.00010713
0.000107125
0.000107121
0.000107116
0.000107111
0.000107106
0.000107102
0.000107097
0.000107092
0.000107087
0.000107083
0.000107078
0.000107073
0.000107069
0.000107064
0.000107059
0.000107054
0.00010705
0.000107045
0.00010704
0.000107035
0.000107031
0.000107026
0.000107021
0.000107016
0.000107012
0.000107007
0.000107002
0.000106998
0.000106993
0.000106988
0.000106983
0.000106979
0.000106974
0.000106969
0.000106964
0.00010696
0.000106955
0.00010695
0.000106946
0.000106941
0.000106936
0.000106931
0.000106927
0.000106922
0.000106917
0.000106913
0.000106908
0.000106903
0.000106898
0.000106894
0.000106889
0.000106884
0.00010688
0.000106875
0.00010687
0.000106865
0.000106861
0.000106856
0.000106851
0.000106847
0.000106842
0.000106837
0.000106832
0.000106828
0.000106823
0.000106818
0.000106814
0.000106809
0.000106804
0.000106799
0.000106795
0.00010679
0.000106785
0.000106781
0.000106776
0.000106771
0.000106767
0.000106762
0.000106757
0.000106752
0.000106748
0.000106743
0.000106738
0.000106734
0.000106729
0.000106724
0.00010672
0.000106715
0.00010671
0.000106705
0.000106701
0.000106696
0.000106691
0.000106687
0.000106682
0.000106677
0.000106673
0.000106668
0.000106663
0.000106659
0.000106654
0.000106649
0.000106644
0.00010664
0.000106635
0.00010663
0.000106626
0.000106621
0.000106616
0.000106612
0.000106607
0.000106602
0.000106598
0.000106593
0.000106588
0.000106584
0.000106579
0.000106574
0.00010657
0.000106565
0.00010656
0.000106555
0.000106551
0.000106546
0.000106541
0.000106537
0.000106532
0.000106527
0.000106523
0.000106518
0.000106513
0.000106509
0.000106504
0.000106499
0.000106495
0.00010649
0.000106485
0.000106481
0.000106476
0.000106471
0.000106467
0.000106462
0.000106457
0.000106453
0.000106448
0.000106443
0.000106439
0.000106434
0.000106429
0.000106425
0.00010642
0.000106415
0.000106411
0.000106406
0.000106401
0.000106397
0.000106392
0.000106387
0.000106383
0.000106378
0.000106373
0.000106369
0.000106364
0.000106359
0.000106355
0.00010635
0.000106346
0.000106341
0.000106336
0.000106332
0.000106327
0.000106322
0.000106318
0.000106313
0.000106308
0.000106304
0.000106299
0.000106294
0.00010629
0.000106285
0.00010628
0.000106276
0.000106271
0.000106266
0.000106262
0.000106257
0.000106253
0.000106248
0.000106243
0.000106239
0.000106234
0.000106229
0.000106225
0.00010622
0.000106215
0.000106211
0.000106206
0.000106201
0.000106197
0.000106192
0.000106188
0.000106183
0.000106178
0.000106174
0.000106169
0.000106164
0.00010616
0.000106155
0.00010615
0.000106146
0.000106141
0.000106137
0.000106132
0.000106127
0.000106123
0.000106118
0.000106113
0.000106109
0.000106104
0.000106099
0.000106095
0.00010609
0.000106086
0.000106081
0.000106076
0.000106072
0.000106067
0.000106062
0.000106058
0.000106053
0.000106049
0.000106044
0.000106039
0.000106035
0.00010603
0.000106026
0.000106021
0.000106016
0.000106012
0.000106007
0.000106002
0.000105998
0.000105993
0.000105989
0.000105984
0.000105979
0.000105975
0.00010597
0.000105965
0.000105961
0.000105956
0.000105952
0.000105947
0.000105942
0.000105938
0.000105933
0.000105929
0.000105924
0.000105919
0.000105915
0.00010591
0.000105906
0.000105901
0.000105896
0.000105892
0.000105887
0.000105883
0.000105878
0.000105873
0.000105869
0.000105864
0.00010586
0.000105855
0.00010585
0.000105846
0.000105841
0.000105837
0.000105832
0.000105827
0.000105823
0.000105818
0.000105814
0.000105809
0.000105804
0.0001058
0.000105795
0.000105791
0.000105786
0.000105781
0.000105777
0.000105772
0.000105768
0.000105763
0.000105758
0.000105754
0.000105749
0.000105745
0.00010574
0.000105735
0.000105731
0.000105726
0.000105722
0.000105717
0.000105713
0.000105708
0.000105703
0.000105699
0.000105694
0.00010569
0.000105685
0.00010568
0.000105676
0.000105671
0.000105667
0.000105662
0.000105658
0.000105653
0.000105648
0.000105644
0.000105639
0.000105635
0.00010563
0.000105625
0.000105621
0.000105616
0.000105612
0.000105607
0.000105603
0.000105598
0.000105593
0.000105589
0.000105584
0.00010558
0.000105575
0.000105571
0.000105566
0.000105561
0.000105557
0.000105552
0.000105548
0.000105543
0.000105539
0.000105534
0.000105529
0.000105525
0.00010552
0.000105516
0.000105511
0.000105507
0.000105502
0.000105498
0.000105493
0.000105488
0.000105484
0.000105479
0.000105475
0.00010547
0.000105466
0.000105461
0.000105457
0.000105452
0.000105447
0.000105443
0.000105438
0.000105434
0.000105429
0.000105425
0.00010542
0.000105416
0.000105411
0.000105406
0.000105402
0.000105397
0.000105393
0.000105388
0.000105384
0.000105379
0.000105375
0.00010537
0.000105365
0.000105361
0.000105356
0.000105352
0.000105347
0.000105343
0.000105338
0.000105334
0.000105329
0.000105325
0.00010532
0.000105315
0.000105311
0.000105306
0.000105302
0.000105297
0.000105293
0.000105288
0.000105284
0.000105279
0.000105275
0.00010527
0.000105266
0.000105261
0.000105256
0.000105252
0.000105247
0.000105243
0.000105238
0.000105234
0.000105229
0.000105225
0.00010522
0.000105216
0.000105211
0.000105207
0.000105202
0.000105198
0.000105193
0.000105188
0.000105184
0.000105179
0.000105175
0.00010517
0.000105166
0.000105161
0.000105157
0.000105152
0.000105148
0.000105143
0.000105139
0.000105134
0.00010513
0.000105125
0.000105121
0.000105116
0.000105112
0.000105107
0.000105103
0.000105098
0.000105093
0.000105089
0.000105084
0.00010508
0.000105075
0.000105071
0.000105066
0.000105062
0.000105057
0.000105053
0.000105048
0.000105044
0.000105039
0.000105035
0.00010503
0.000105026
0.000105021
0.000105017
0.000105012
0.000105008
0.000105003
0.000104999
0.000104994
0.00010499
0.000104985
0.000104981
0.000104976
0.000104972
0.000104967
0.000104963
0.000104958
0.000104954
0.000104949
0.000104945
0.00010494
0.000104936
0.000104931
0.000104927
0.000104922
0.000104918
0.000104913
0.000104909
0.000104904
0.0001049
0.000104895
0.000104891
0.000104886
0.000104882
0.000104877
0.000104873
0.000104868
0.000104864
0.000104859
0.000104855
0.00010485
0.000104846
0.000104841
0.000104837
0.000104832
0.000104828
0.000104823
0.000104819
0.000104814
0.00010481
0.000104805
0.000104801
0.000104796
0.000104792
0.000104787
0.000104783
0.000104778
0.000104774
0.000104769
0.000104765
0.00010476
0.000104756
0.000104751
0.000104747
0.000104743
0.000104738
0.000104734
0.000104729
0.000104725
0.00010472
0.000104716
0.000104711
0.000104707
0.000104702
0.000104698
0.000104693
0.000104689
0.000104684
0.00010468
0.000104675
0.000104671
0.000104666
0.000104662
0.000104657
0.000104653
0.000104649
0.000104644
0.00010464
0.000104635
0.000104631
0.000104626
0.000104622
0.000104617
0.000104613
0.000104608
0.000104604
0.000104599
0.000104595
0.00010459
0.000104586
0.000104582
0.000104577
0.000104573
0.000104568
0.000104564
0.000104559
0.000104555
0.00010455
0.000104546
0.000104541
0.000104537
0.000104532
0.000104528
0.000104524
0.000104519
0.000104515
0.00010451
0.000104506
0.000104501
0.000104497
0.000104492
0.000104488
0.000104483
0.000104479
0.000104475
0.00010447
0.000104466
0.000104461
0.000104457
0.000104452
0.000104448
0.000104443
0.000104439
0.000104435
0.00010443
0.000104426
0.000104421
0.000104417
0.000104412
0.000104408
0.000104403
0.000104399
0.000104395
0.00010439
0.000104386
0.000104381
0.000104377
0.000104372
0.000104368
0.000104363
0.000104359
0.000104355
0.00010435
0.000104346
0.000104341
0.000104337
0.000104332
0.000104328
0.000104324
0.000104319
0.000104315
0.00010431
0.000104306
0.000104301
0.000104297
0.000104292
0.000104288
0.000104284
0.000104279
0.000104275
0.00010427
0.000104266
0.000104261
0.000104257
0.000104253
0.000104248
0.000104244
0.000104239
0.000104235
0.00010423
0.000104226
0.000104222
0.000104217
0.000104213
0.000104208
0.000104204
0.0001042
0.000104195
0.000104191
0.000104186
0.000104182
0.000104177
0.000104173
0.000104169
0.000104164
0.00010416
0.000104155
0.000104151
0.000104147
0.000104142
0.000104138
0.000104133
0.000104129
0.000104124
0.00010412
0.000104116
0.000104111
0.000104107
0.000104102
0.000104098
0.000104094
0.000104089
0.000104085
0.00010408
0.000104076
0.000104072
0.000104067
0.000104063
0.000104058
0.000104054
0.000104049
0.000104045
0.000104041
0.000104036
0.000104032
0.000104027
0.000104023
0.000104019
0.000104014
0.00010401
0.000104005
0.000104001
0.000103997
0.000103992
0.000103988
0.000103983
0.000103979
0.000103975
0.00010397
0.000103966
0.000103961
0.000103957
0.000103953
0.000103948
0.000103944
0.000103939
0.000103935
0.000103931
0.000103926
0.000103922
0.000103918
0.000103913
0.000103909
0.000103904
0.0001039
0.000103896
0.000103891
0.000103887
0.000103882
0.000103878
0.000103874
0.000103869
0.000103865
0.00010386
0.000103856
0.000103852
0.000103847
0.000103843
0.000103839
0.000103834
0.00010383
0.000103825
0.000103821
0.000103817
0.000103812
0.000103808
0.000103804
0.000103799
0.000103795
0.00010379
0.000103786
0.000103782
0.000103777
0.000103773
0.000103769
0.000103764
0.00010376
0.000103755
0.000103751
0.000103747
0.000103742
0.000103738
0.000103734
0.000103729
0.000103725
0.00010372
0.000103716
0.000103712
0.000103707
0.000103703
0.000103699
0.000103694
0.00010369
0.000103685
0.000103681
0.000103677
0.000103672
0.000103668
0.000103664
0.000103659
0.000103655
0.000103651
0.000103646
0.000103642
0.000103637
0.000103633
0.000103629
0.000103624
0.00010362
0.000103616
0.000103611
0.000103607
0.000103603
0.000103598
0.000103594
0.00010359
0.000103585
0.000103581
0.000103576
0.000103572
0.000103568
0.000103563
0.000103559
0.000103555
0.00010355
0.000103546
0.000103542
0.000103537
0.000103533
0.000103529
0.000103524
0.00010352
0.000103516
0.000103511
0.000103507
0.000103502
0.000103498
0.000103494
0.000103489
0.000103485
0.000103481
0.000103476
0.000103472
0.000103468
0.000103463
0.000103459
0.000103455
0.00010345
0.000103446
0.000103442
0.000103437
0.000103433
0.000103429
0.000103424
0.00010342
0.000103416
0.000103411
0.000103407
0.000103403
0.000103398
0.000103394
0.00010339
0.000103385
0.000103381
0.000103377
0.000103372
0.000103368
0.000103364
0.000103359
0.000103355
0.000103351
0.000103346
0.000103342
0.000103338
0.000103333
0.000103329
0.000103325
0.00010332
0.000103316
0.000103312
0.000103307
0.000103303
0.000103299
0.000103294
0.00010329
0.000103286
0.000103281
0.000103277
0.000103273
0.000103268
0.000103264
0.00010326
0.000103255
0.000103251
0.000103247
0.000103243
0.000103238
0.000103234
0.00010323
0.000103225
0.000103221
0.000103217
0.000103212
0.000103208
0.000103204
0.000103199
0.000103195
0.000103191
0.000103186
0.000103182
0.000103178
0.000103173
0.000103169
0.000103165
0.000103161
0.000103156
0.000103152
0.000103148
0.000103143
0.000103139
0.000103135
0.00010313
0.000103126
0.000103122
0.000103117
0.000103113
0.000103109
0.000103105
0.0001031
0.000103096
0.000103092
0.000103087
0.000103083
0.000103079
0.000103074
0.00010307
0.000103066
0.000103062
0.000103057
0.000103053
0.000103049
0.000103044
0.00010304
0.000103036
0.000103031
0.000103027
0.000103023
0.000103019
0.000103014
0.00010301
0.000103006
0.000103001
0.000102997
0.000102993
0.000102989
0.000102984
0.00010298
0.000102976
0.000102971
0.000102967
0.000102963
0.000102958
0.000102954
0.00010295
0.000102946
0.000102941
0.000102937
0.000102933
0.000102928
0.000102924
0.00010292
0.000102916
0.000102911
0.000102907
0.000102903
0.000102898
0.000102894
0.00010289
0.000102886
0.000102881
0.000102877
0.000102873
0.000102869
0.000102864
0.00010286
0.000102856
0.000102851
0.000102847
0.000102843
0.000102839
0.000102834
0.00010283
0.000102826
0.000102821
0.000102817
0.000102813
0.000102809
0.000102804
0.0001028
0.000102796
0.000102792
0.000102787
0.000102783
0.000102779
0.000102774
0.00010277
0.000102766
0.000102762
0.000102757
0.000102753
0.000102749
0.000102745
0.00010274
0.000102736
0.000102732
0.000102728
0.000102723
0.000102719
0.000102715
0.000102711
0.000102706
0.000102702
0.000102698
0.000102693
0.000102689
0.000102685
0.000102681
0.000102676
0.000102672
0.000102668
0.000102664
0.000102659
0.000102655
0.000102651
0.000102647
0.000102642
0.000102638
0.000102634
0.00010263
0.000102625
0.000102621
0.000102617
0.000102613
0.000102608
0.000102604
0.0001026
0.000102596
0.000102591
0.000102587
0.000102583
0.000102579
0.000102574
0.00010257
0.000102566
0.000102562
0.000102557
0.000102553
0.000102549
0.000102545
0.00010254
0.000102536
0.000102532
0.000102528
0.000102523
0.000102519
0.000102515
0.000102511
0.000102506
0.000102502
0.000102498
0.000102494
0.000102489
0.000102485
0.000102481
0.000102477
0.000102473
0.000102468
0.000102464
0.00010246
0.000102456
0.000102451
0.000102447
0.000102443
0.000102439
0.000102434
0.00010243
0.000102426
0.000102422
0.000102417
0.000102413
0.000102409
0.000102405
0.000102401
0.000102396
0.000102392
0.000102388
0.000102384
0.000102379
0.000102375
0.000102371
0.000102367
0.000102363
0.000102358
0.000102354
0.00010235
0.000102346
0.000102341
0.000102337
0.000102333
0.000102329
0.000102325
0.00010232
0.000102316
0.000102312
0.000102308
0.000102303
0.000102299
0.000102295
0.000102291
0.000102287
0.000102282
0.000102278
0.000102274
0.00010227
0.000102265
0.000102261
0.000102257
0.000102253
0.000102249
0.000102244
0.00010224
0.000102236
0.000102232
0.000102228
0.000102223
0.000102219
0.000102215
0.000102211
0.000102207
0.000102202
0.000102198
0.000102194
0.00010219
0.000102185
0.000102181
0.000102177
0.000102173
0.000102169
0.000102164
0.00010216
0.000102156
0.000102152
0.000102148
0.000102143
0.000102139
0.000102135
0.000102131
0.000102127
0.000102122
0.000102118
0.000102114
0.00010211
0.000102106
0.000102101
0.000102097
0.000102093
0.000102089
0.000102085
0.00010208
0.000102076
0.000102072
0.000102068
0.000102064
0.000102059
0.000102055
0.000102051
0.000102047
0.000102043
0.000102039
0.000102034
0.00010203
0.000102026
0.000102022
0.000102018
0.000102013
0.000102009
0.000102005
0.000102001
0.000101997
0.000101992
0.000101988
0.000101984
0.00010198
0.000101976
0.000101972
0.000101967
0.000101963
0.000101959
0.000101955
0.000101951
0.000101946
0.000101942
0.000101938
0.000101934
0.00010193
0.000101926
0.000101921
0.000101917
0.000101913
0.000101909
0.000101905
0.0001019
0.000101896
0.000101892
0.000101888
0.000101884
0.00010188
0.000101875
0.000101871
0.000101867
0.000101863
0.000101859
0.000101855
0.00010185
0.000101846
0.000101842
0.000101838
0.000101834
0.00010183
0.000101825
0.000101821
0.000101817
0.000101813
0.000101809
0.000101805
0.0001018
0.000101796
0.000101792
0.000101788
0.000101784
0.00010178
0.000101775
0.000101771
0.000101767
0.000101763
0.000101759
0.000101755
0.00010175
0.000101746
0.000101742
0.000101738
0.000101734
0.00010173
0.000101725
0.000101721
0.000101717
0.000101713
0.000101709
0.000101705
0.0001017
0.000101696
0.000101692
0.000101688
0.000101684
0.00010168
0.000101676
0.000101671
0.000101667
0.000101663
0.000101659
0.000101655
0.000101651
0.000101647
0.000101642
0.000101638
0.000101634
0.00010163
0.000101626
0.000101622
0.000101617
0.000101613
0.000101609
0.000101605
0.000101601
0.000101597
0.000101593
0.000101588
0.000101584
0.00010158
0.000101576
0.000101572
0.000101568
0.000101564
0.000101559
0.000101555
0.000101551
0.000101547
0.000101543
0.000101539
0.000101535
0.00010153
0.000101526
0.000101522
0.000101518
0.000101514
0.00010151
0.000101506
0.000101502
0.000101497
0.000101493
0.000101489
0.000101485
0.000101481
0.000101477
0.000101473
0.000101468
0.000101464
0.00010146
0.000101456
0.000101452
0.000101448
0.000101444
0.00010144
0.000101435
0.000101431
0.000101427
0.000101423
0.000101419
0.000101415
0.000101411
0.000101407
0.000101402
0.000101398
0.000101394
0.00010139
0.000101386
0.000101382
0.000101378
0.000101374
0.000101369
0.000101365
0.000101361
0.000101357
0.000101353
0.000101349
0.000101345
0.000101341
0.000101337
0.000101332
0.000101328
0.000101324
0.00010132
0.000101316
0.000101312
0.000101308
0.000101304
0.000101299
0.000101295
0.000101291
0.000101287
0.000101283
0.000101279
0.000101275
0.000101271
0.000101267
0.000101262
0.000101258
0.000101254
0.00010125
0.000101246
0.000101242
0.000101238
0.000101234
0.00010123
0.000101225
0.000101221
0.000101217
0.000101213
0.000101209
0.000101205
0.000101201
0.000101197
0.000101193
0.000101189
0.000101184
0.00010118
0.000101176
0.000101172
0.000101168
0.000101164
0.00010116
0.000101156
0.000101152
0.000101148
0.000101143
0.000101139
0.000101135
0.000101131
0.000101127
0.000101123
0.000101119
0.000101115
0.000101111
0.000101107
0.000101103
0.000101098
0.000101094
0.00010109
0.000101086
0.000101082
0.000101078
0.000101074
0.00010107
0.000101066
0.000101062
0.000101058
0.000101053
0.000101049
0.000101045
0.000101041
0.000101037
0.000101033
0.000101029
0.000101025
0.000101021
0.000101017
0.000101013
0.000101009
0.000101004
0.000101
0.000100996
0.000100992
0.000100988
0.000100984
0.00010098
0.000100976
0.000100972
0.000100968
0.000100964
0.00010096
0.000100955
0.000100951
0.000100947
0.000100943
0.000100939
0.000100935
0.000100931
0.000100927
0.000100923
0.000100919
0.000100915
0.000100911
0.000100907
0.000100903
0.000100898
0.000100894
0.00010089
0.000100886
0.000100882
0.000100878
0.000100874
0.00010087
0.000100866
0.000100862
0.000100858
0.000100854
0.00010085
0.000100846
0.000100841
0.000100837
0.000100833
0.000100829
0.000100825
0.000100821
0.000100817
0.000100813
0.000100809
0.000100805
0.000100801
0.000100797
0.000100793
0.000100789
0.000100785
0.000100781
0.000100776
0.000100772
0.000100768
0.000100764
0.00010076
0.000100756
0.000100752
0.000100748
0.000100744
0.00010074
0.000100736
0.000100732
0.000100728
0.000100724
0.00010072
0.000100716
0.000100712
0.000100708
0.000100703
0.000100699
0.000100695
0.000100691
0.000100687
0.000100683
0.000100679
0.000100675
0.000100671
0.000100667
0.000100663
0.000100659
0.000100655
0.000100651
0.000100647
0.000100643
0.000100639
0.000100635
0.000100631
0.000100627
0.000100623
0.000100619
0.000100614
0.00010061
0.000100606
0.000100602
0.000100598
0.000100594
0.00010059
0.000100586
0.000100582
0.000100578
0.000100574
0.00010057
0.000100566
0.000100562
0.000100558
0.000100554
0.00010055
0.000100546
0.000100542
0.000100538
0.000100534
0.00010053
0.000100526
0.000100522
0.000100518
0.000100514
0.00010051
0.000100506
0.000100501
0.000100497
0.000100493
0.000100489
0.000100485
0.000100481
0.000100477
0.000100473
0.000100469
0.000100465
0.000100461
0.000100457
0.000100453
0.000100449
0.000100445
0.000100441
0.000100437
0.000100433
0.000100429
0.000100425
0.000100421
0.000100417
0.000100413
0.000100409
0.000100405
0.000100401
0.000100397
0.000100393
0.000100389
0.000100385
0.000100381
0.000100377
0.000100373
0.000100369
0.000100365
0.000100361
0.000100357
0.000100353
0.000100349
0.000100345
0.000100341
0.000100337
0.000100333
0.000100329
0.000100325
0.000100321
0.000100317
0.000100313
0.000100309
0.000100305
0.000100301
0.000100296
0.000100292
0.000100288
0.000100284
0.00010028
0.000100276
0.000100272
0.000100268
0.000100264
0.00010026
0.000100256
0.000100252
0.000100248
0.000100244
0.00010024
0.000100236
0.000100232
0.000100228
0.000100224
0.00010022
0.000100216
0.000100212
0.000100208
0.000100204
0.0001002
0.000100196
0.000100192
0.000100188
0.000100184
0.00010018
0.000100176
0.000100172
0.000100168
0.000100164
0.00010016
0.000100156
0.000100152
0.000100148
0.000100144
0.00010014
0.000100136
0.000100132
0.000100129
0.000100125
0.000100121
0.000100117
0.000100113
0.000100109
0.000100105
0.000100101
0.000100097
0.000100093
0.000100089
0.000100085
0.000100081
0.000100077
0.000100073
0.000100069
0.000100065
0.000100061
0.000100057
0.000100053
0.000100049
0.000100045
0.000100041
0.000100037
0.000100033
0.000100029
0.000100025
0.000100021
0.000100017
0.000100013
0.000100009
0.000100005
0.000100001
9.9997e-05
9.9993e-05
9.99891e-05
9.99851e-05
9.99811e-05
9.99771e-05
9.99732e-05
9.99692e-05
9.99652e-05
9.99612e-05
9.99573e-05
9.99533e-05
9.99493e-05
9.99453e-05
9.99414e-05
9.99374e-05
9.99334e-05
9.99295e-05
9.99255e-05
9.99215e-05
9.99175e-05
9.99136e-05
9.99096e-05
9.99056e-05
9.99017e-05
9.98977e-05
9.98937e-05
9.98898e-05
9.98858e-05
9.98818e-05
9.98779e-05
9.98739e-05
9.98699e-05
9.9866e-05
9.9862e-05
9.98581e-05
9.98541e-05
9.98501e-05
9.98462e-05
9.98422e-05
9.98382e-05
9.98343e-05
9.98303e-05
9.98264e-05
9.98224e-05
9.98184e-05
9.98145e-05
9.98105e-05
9.98066e-05
9.98026e-05
9.97987e-05
9.97947e-05
9.97907e-05
9.97868e-05
9.97828e-05
9.97789e-05
9.97749e-05
9.9771e-05
9.9767e-05
9.97631e-05
9.97591e-05
9.97552e-05
9.97512e-05
9.97472e-05
9.97433e-05
9.97393e-05
9.97354e-05
9.97314e-05
9.97275e-05
9.97235e-05
9.97196e-05
9.97156e-05
9.97117e-05
9.97078e-05
9.97038e-05
9.96999e-05
9.96959e-05
9.9692e-05
9.9688e-05
9.96841e-05
9.96801e-05
9.96762e-05
9.96722e-05
9.96683e-05
9.96644e-05
9.96604e-05
9.96565e-05
9.96525e-05
9.96486e-05
9.96446e-05
9.96407e-05
9.96368e-05
9.96328e-05
9.96289e-05
9.96249e-05
9.9621e-05
9.96171e-05
9.96131e-05
9.96092e-05
9.96052e-05
9.96013e-05
9.95974e-05
9.95934e-05
9.95895e-05
9.95856e-05
9.95816e-05
9.95777e-05
9.95738e-05
9.95698e-05
9.95659e-05
9.9562e-05
9.9558e-05
9.95541e-05
9.95502e-05
9.95462e-05
9.95423e-05
9.95384e-05
9.95344e-05
9.95305e-05
9.95266e-05
9.95227e-05
9.95187e-05
9.95148e-05
9.95109e-05
9.95069e-05
9.9503e-05
9.94991e-05
9.94952e-05
9.94912e-05
9.94873e-05
9.94834e-05
9.94795e-05
9.94755e-05
9.94716e-05
9.94677e-05
9.94638e-05
9.94599e-05
9.94559e-05
9.9452e-05
9.94481e-05
9.94442e-05
9.94403e-05
9.94363e-05
9.94324e-05
9.94285e-05
9.94246e-05
9.94207e-05
9.94167e-05
9.94128e-05
9.94089e-05
9.9405e-05
9.94011e-05
9.93972e-05
9.93932e-05
9.93893e-05
9.93854e-05
9.93815e-05
9.93776e-05
9.93737e-05
9.93698e-05
9.93658e-05
9.93619e-05
9.9358e-05
9.93541e-05
9.93502e-05
9.93463e-05
9.93424e-05
9.93385e-05
9.93346e-05
9.93306e-05
9.93267e-05
9.93228e-05
9.93189e-05
9.9315e-05
9.93111e-05
9.93072e-05
9.93033e-05
9.92994e-05
9.92955e-05
9.92916e-05
9.92877e-05
9.92838e-05
9.92799e-05
9.9276e-05
9.92721e-05
9.92682e-05
9.92643e-05
9.92604e-05
9.92565e-05
9.92526e-05
9.92487e-05
9.92448e-05
9.92409e-05
9.9237e-05
9.92331e-05
9.92292e-05
9.92253e-05
9.92214e-05
9.92175e-05
9.92136e-05
9.92097e-05
9.92058e-05
9.92019e-05
9.9198e-05
9.91941e-05
9.91902e-05
9.91863e-05
9.91824e-05
9.91785e-05
9.91746e-05
9.91707e-05
9.91668e-05
9.91629e-05
9.9159e-05
9.91552e-05
9.91513e-05
9.91474e-05
9.91435e-05
9.91396e-05
9.91357e-05
9.91318e-05
9.91279e-05
9.9124e-05
9.91202e-05
9.91163e-05
9.91124e-05
9.91085e-05
9.91046e-05
9.91007e-05
9.90968e-05
9.9093e-05
9.90891e-05
9.90852e-05
9.90813e-05
9.90774e-05
9.90735e-05
9.90697e-05
9.90658e-05
9.90619e-05
9.9058e-05
9.90541e-05
9.90503e-05
9.90464e-05
9.90425e-05
9.90386e-05
9.90347e-05
9.90309e-05
9.9027e-05
9.90231e-05
9.90192e-05
9.90153e-05
9.90115e-05
9.90076e-05
9.90037e-05
9.89998e-05
9.8996e-05
9.89921e-05
9.89882e-05
9.89844e-05
9.89805e-05
9.89766e-05
9.89727e-05
9.89689e-05
9.8965e-05
9.89611e-05
9.89572e-05
9.89534e-05
9.89495e-05
9.89456e-05
9.89418e-05
9.89379e-05
9.8934e-05
9.89302e-05
9.89263e-05
9.89224e-05
9.89186e-05
9.89147e-05
9.89108e-05
9.8907e-05
9.89031e-05
9.88992e-05
9.88954e-05
9.88915e-05
9.88876e-05
9.88838e-05
9.88799e-05
9.88761e-05
9.88722e-05
9.88683e-05
9.88645e-05
9.88606e-05
9.88567e-05
9.88529e-05
9.8849e-05
9.88452e-05
9.88413e-05
9.88375e-05
9.88336e-05
9.88297e-05
9.88259e-05
9.8822e-05
9.88182e-05
9.88143e-05
9.88105e-05
9.88066e-05
9.88027e-05
9.87989e-05
9.8795e-05
9.87912e-05
9.87873e-05
9.87835e-05
9.87796e-05
9.87758e-05
9.87719e-05
9.87681e-05
9.87642e-05
9.87604e-05
9.87565e-05
9.87527e-05
9.87488e-05
9.8745e-05
9.87411e-05
9.87373e-05
9.87334e-05
9.87296e-05
9.87257e-05
9.87219e-05
9.8718e-05
9.87142e-05
9.87103e-05
9.87065e-05
9.87027e-05
9.86988e-05
9.8695e-05
9.86911e-05
9.86873e-05
9.86834e-05
9.86796e-05
9.86758e-05
9.86719e-05
9.86681e-05
9.86642e-05
9.86604e-05
9.86566e-05
9.86527e-05
9.86489e-05
9.8645e-05
9.86412e-05
9.86374e-05
9.86335e-05
9.86297e-05

