5e-05
5e-05
5e-05
5e-05
5e-05
5e-05
5e-05
5e-05
5e-05
5e-05
5e-05
5e-05
5e-05
5e-05
5e-05
5e-05
5e-05
5e-05
5e-05
5e-05
5e-05
5e-05
5e-05
5e-05
5e-05
5e-05
5e-05
5e-05
5e-05
5e-05
5e-05
5e-05
5e-05
5e-05
5e-05
5e-05
5e-05
5e-05
5e-05
5e-05
5e-05
5e-05
5e-05
5e-05
5e-05
5e-05
5e-05
5e-05
5e-05
5e-05
5e-05
5e-05
5e-05
5e-05
5e-05
5e-05
5e-05
5e-05
5e-05
5e-05
5e-05
5e-05
5e-05
5e-05
5e-05
5e-05
5e-05
5e-05
5e-05
5e-05
5e-05
5e-05
5e-05
5e-05
5e-05
5e-05
5e-05
5e-05
5e-05
5e-05
5e-05
5e-05
5e-05
5e-05
5e-05
5e-05
5e-05
5e-05
5e-05
5e-05
5e-05
5e-05
5e-05
5e-05
5e-05
5e-05
5e-05
5e-05
5e-05
5e-05
5e-05
5e-05
5e-05
5e-05
5e-05
5e-05
5e-05
5e-05
5e-05
5e-05
5e-05
5e-05
5e-05
5e-05
5e-05
5e-05
5e-05
5e-05
5e-05
5e-05
5e-05
5e-05
5e-05
5e-05
5e-05
5e-05
5e-05
5e-05
5e-05
5e-05
5e-05
5e-05
5e-05
5e-05
5e-05
5e-05
5e-05
5e-05
5e-05
5e-05
5e-05
5e-05
5e-05
5e-05
5e-05
5e-05
5e-05
5e-05
5e-05
5e-05
5e-05
5e-05
5e-05
5e-05
5e-05
5e-05
5e-05
5e-05
5e-05
5e-05
5e-05
5e-05
5e-05
5e-05
5e-05
5e-05
5e-05
5e-05
5e-05
5e-05
5e-05
5e-05
5e-05
5e-05
5e-05
5e-05
5e-05
5e-05
5e-05
5e-05
5e-05
5e-05
5e-05
5e-05
5e-05
5e-05
5e-05
5e-05
5e-05
5e-05
5e-05
5e-05
5e-05
5e-05
5e-05
5e-05
5e-05
5e-05
5e-05
5e-05
5e-05
5e-05
5e-05
5e-05
5e-05
5e-05
5e-05
5e-05
5e-05
5e-05
5e-05
5e-05
5e-05
5e-05
5e-05
5e-05
5e-05
5e-05
5e-05
5e-05
5e-05
5e-05
5e-05
5e-05
5e-05
5e-05
5e-05
5e-05
5e-05
5e-05
5e-05
5e-05
5e-05
5e-05
5e-05
5e-05
5e-05
5e-05
5e-05
5e-05
5e-05
5e-05
5e-05
5e-05
5e-05
5e-05
5e-05
5e-05
5e-05
5e-05
5e-05
5e-05
5e-05
5e-05
5e-05
5e-05
5e-05
5e-05
5e-05
5e-05
5e-05
5e-05
5e-05
5e-05
5e-05
5e-05
5e-05
5e-05
5e-05
5e-05
5e-05
5e-05
5e-05
5e-05
5e-05
5e-05
5e-05
5e-05
5e-05
5e-05
5e-05
5e-05
5e-05
5e-05
5e-05
5e-05
5e-05
5e-05
5e-05
5e-05
5e-05
5e-05
5e-05
5e-05
5e-05
5e-05
5e-05
5e-05
5e-05
5e-05
5e-05
5e-05
5e-05
5e-05
5e-05
5e-05
5e-05
5e-05
5e-05
5e-05
5e-05
5e-05
5e-05
5e-05
5e-05
5e-05
5e-05
5e-05
5e-05
5e-05
5e-05
5e-05
5e-05
5e-05
5e-05
5e-05
5e-05
5e-05
5e-05
5e-05
5e-05
5e-05
5e-05
5e-05
5e-05
5e-05
5e-05
5e-05
5e-05
5e-05
5e-05
5e-05
5e-05
5e-05
5e-05
5e-05
5e-05
5e-05
5e-05
5e-05
5e-05
5e-05
5e-05
5e-05
5e-05
5e-05
5e-05
5e-05
5e-05
5e-05
5e-05
5e-05
5e-05
5e-05
5e-05
5e-05
5e-05
5e-05
5e-05
5e-05
5e-05
5e-05
5e-05
5e-05
5e-05
5e-05
5e-05
5e-05
5e-05
5e-05
5e-05
5e-05
5e-05
5e-05
5e-05
5e-05
5e-05
5e-05
5e-05
5e-05
5e-05
5e-05
5e-05
5e-05
5e-05
5e-05
5e-05
5e-05
5e-05
5e-05
5e-05
5e-05
5e-05
5e-05
5e-05
5e-05
5e-05
5e-05
5e-05
5e-05
5e-05
5e-05
5e-05
5e-05
5e-05
5e-05
5e-05
5e-05
5e-05
5e-05
5e-05
5e-05
5e-05
5e-05
5e-05
5e-05
5e-05
5e-05
5e-05
5e-05
5e-05
5e-05
5e-05
5e-05
5e-05
5e-05
5e-05
5e-05
5e-05
5e-05
5e-05
5e-05
5e-05
5e-05
5e-05
5e-05
5e-05
5e-05
5e-05
5e-05
5e-05
5e-05
5e-05
5e-05
5e-05
5e-05
5e-05
5e-05
5e-05
5e-05
5e-05
5e-05
5e-05
5e-05
5e-05
5e-05
5e-05
5e-05
5e-05
5e-05
5e-05
5e-05
5e-05
5e-05
5e-05
5e-05
5e-05
5e-05
5e-05
5e-05
5e-05
5e-05
5e-05
5e-05
5e-05
5e-05
5e-05
5e-05
5e-05
5e-05
5e-05
5e-05
5e-05
5e-05
5e-05
5e-05
5e-05
5e-05
5e-05
5e-05
5e-05
5e-05
5e-05
5e-05
5e-05
5e-05
5e-05
5e-05
5e-05
5e-05
5e-05
5e-05
5e-05
5e-05
5e-05
5e-05
5e-05
5e-05
5e-05
5e-05
5e-05
5e-05
5e-05
5e-05
5e-05
5e-05
5e-05
5e-05
5e-05
5e-05
5e-05
5e-05
5e-05
5e-05
5e-05
5e-05
5e-05
5e-05
5e-05
5e-05
5e-05
5e-05
5e-05
5e-05
5e-05
5e-05
5e-05
5e-05
5e-05
5e-05
5e-05
5e-05
5e-05
5e-05
5e-05
5e-05
5e-05
5e-05
5e-05
5e-05
5e-05
5e-05
5e-05
5e-05
5e-05
5e-05
5e-05
5e-05
5e-05
5e-05
5e-05
5e-05
5e-05
5e-05
5e-05
5e-05
5e-05
5e-05
5e-05
5e-05
5e-05
5e-05
5e-05
5e-05
5e-05
5e-05
5e-05
5e-05
5e-05
5e-05
5e-05
5e-05
5e-05
5e-05
5e-05
5e-05
5e-05
5e-05
5e-05
5e-05
5e-05
5e-05
5e-05
5e-05
5e-05
5e-05
5e-05
5e-05
5e-05
5e-05
5e-05
5e-05
5e-05
5e-05
5e-05
5e-05
5e-05
5e-05
5e-05
5e-05
5e-05
5e-05
5e-05
5e-05
5e-05
5e-05
5e-05
5e-05
5e-05
5e-05
5e-05
5e-05
5e-05
5e-05
5e-05
5e-05
5e-05
5e-05
5e-05
5e-05
5e-05
5e-05
5e-05
5e-05
5e-05
5e-05
5e-05
5e-05
5e-05
5e-05
5e-05
5e-05
5e-05
5e-05
5e-05
5e-05
5e-05
5e-05
5e-05
5e-05
5e-05
5e-05
5e-05
5e-05
5e-05
5e-05
5e-05
5e-05
5e-05
5e-05
5e-05
5e-05
5e-05
5e-05
5e-05
5e-05
5e-05
5e-05
5e-05
5e-05
5e-05
5e-05
5e-05
5e-05
5e-05
5e-05
5e-05
5e-05
5e-05
5e-05
5e-05
5e-05
5e-05
5e-05
5e-05
5e-05
5e-05
5e-05
5e-05
5e-05
5e-05
5e-05
5e-05
5e-05
5e-05
5e-05
5e-05
5e-05
5e-05
5e-05
5e-05
5e-05
5e-05
5e-05
5e-05
5e-05
5e-05
5e-05
5e-05
5e-05
5e-05
5e-05
5e-05
5e-05
5e-05
5e-05
5e-05
5e-05
5e-05
5e-05
5e-05
5e-05
5e-05
5e-05
5e-05
5e-05
5e-05
5e-05
5e-05
5e-05
5e-05
5e-05
5e-05
5e-05
5e-05
5e-05
5e-05
5e-05
5e-05
5e-05
5e-05
5e-05
5e-05
5e-05
5e-05
5e-05
5e-05
5e-05
5e-05
5e-05
5e-05
5e-05
5e-05
5e-05
5e-05
5e-05
5e-05
5e-05
5e-05
5e-05
5e-05
5e-05
5e-05
5e-05
5e-05
5e-05
5e-05
5e-05
5e-05
5e-05
5e-05
5e-05
5e-05
5e-05
5e-05
5e-05
5e-05
5e-05
5e-05
5e-05
5e-05
5e-05
5e-05
5e-05
5e-05
5e-05
5e-05
5e-05
5e-05
5e-05
5e-05
5.03948e-05
5.1741e-05
5.44516e-05
5.86967e-05
6.44467e-05
7.15545e-05
7.9824e-05
8.90535e-05
9.90581e-05
0.000109679
0.000120783
0.000132265
0.000144038
0.000156035
0.000168204
0.000180503
0.0001929
0.000205371
0.000217896
0.000230459
0.000243051
0.000255661
0.000268283
0.000280911
0.000293541
0.000306171
0.000318797
0.000331419
0.000344033
0.00035664
0.000369238
0.000381827
0.000394406
0.000406975
0.000419534
0.000432082
0.00044462
0.000457146
0.000469662
0.000482166
0.00049466
0.000507143
0.000519614
0.000532075
0.000544525
0.000556963
0.000569391
0.000581808
0.000594214
0.000606609
0.000618993
0.000631366
0.000643728
0.00065608
0.000668421
0.000680751
0.000693071
0.00070538
0.000717678
0.000729966
0.000742244
0.00075451
0.000766767
0.000779013
0.000791248
0.000803473
0.000815688
0.000827892
0.000840087
0.00085227
0.000864444
0.000876608
0.000888761
0.000900904
0.000913037
0.000925161
0.000937274
0.000949377
0.00096147
0.000973553
0.000985231
0.000995948
0.00100529
0.00101309
0.00101937
0.00102428
0.00102802
0.00103079
0.00103276
0.00103412
0.00103497
0.00103544
0.0010356
0.00103553
0.00103527
0.00103487
0.00103436
0.00103377
0.00103311
0.0010324
0.00103166
0.00103088
0.00103008
0.00102926
0.00102843
0.00102758
0.00102673
0.00102588
0.00102502
0.00102415
0.00102329
0.00102242
0.00102155
0.00102068
0.00101981
0.00101894
0.00101808
0.00101721
0.00101634
0.00101547
0.0010146
0.00101373
0.00101287
0.001012
0.00101113
0.00101027
0.0010094
0.00100854
0.00100768
0.00100681
0.00100595
0.00100509
0.00100423
0.00100337
0.00100251
0.00100165
0.0010008
0.00099994
0.000999084
0.000998229
0.000997374
0.00099652
0.000995667
0.000994814
0.000993963
0.000993111
0.000992261
0.000991411
0.000990562
0.000989714
0.000988866
0.000988019
0.000987173
0.000986327
0.000985482
0.000984638
0.000983795
0.000982952
0.00098211
0.000981268
0.000980428
0.000979588
0.000978748
0.00097791
0.000977072
0.000976235
0.000975398
0.000974562
0.000973727
0.000972893
0.000972059
0.000971226
0.000970393
0.000969562
0.000968731
0.0009679
0.000967071
0.000966242
0.000965414
0.000964586
0.000963759
0.000962933
0.000962107
0.000961283
0.000960458
0.000959635
0.000958812
0.00095799
0.000957169
0.000956348
0.000955528
0.000954709
0.00095389
0.000953072
0.000952255
0.000951438
0.000950622
0.000949807
0.000948992
0.000948178
0.000947365
0.000946552
0.00094574
0.000944929
0.000944119
0.000943309
0.0009425
0.000941691
0.000940883
0.000940076
0.000939269
0.000938464
0.000937658
0.000936854
0.00093605
0.000935247
0.000934445
0.000933643
0.000932842
0.000932041
0.000931241
0.000930442
0.000929644
0.000928846
0.000928049
0.000927252
0.000926456
0.000925661
0.000924867
0.000924073
0.00092328
0.000922487
0.000921695
0.000920904
0.000920114
0.000919324
0.000918535
0.000917746
0.000916958
0.000916171
0.000915384
0.000914599
0.000913813
0.000913029
0.000912245
0.000911462
0.000910679
0.000909897
0.000909116
0.000908335
0.000907555
0.000906776
0.000905997
0.000905219
0.000904442
0.000903665
0.000902889
0.000902113
0.000901339
0.000900564
0.000899791
0.000899018
0.000898246
0.000897474
0.000896704
0.000895933
0.000895164
0.000894395
0.000893626
0.000892859
0.000892092
0.000891325
0.00089056
0.000889795
0.00088903
0.000888266
0.000887503
0.000886741
0.000885979
0.000885218
0.000884457
0.000883697
0.000882938
0.000882179
0.000881421
0.000880664
0.000879907
0.000879151
0.000878395
0.00087764
0.000876886
0.000876133
0.00087538
0.000874627
0.000873876
0.000873125
0.000872374
0.000871625
0.000870875
0.000870127
0.000869379
0.000868632
0.000867885
0.000867139
0.000866394
0.000865649
0.000864905
0.000864162
0.000863419
0.000862676
0.000861935
0.000861194
0.000860454
0.000859714
0.000858975
0.000858236
0.000857499
0.000856761
0.000856025
0.000855289
0.000854553
0.000853819
0.000853085
0.000852351
0.000851618
0.000850886
0.000850154
0.000849423
0.000848693
0.000847963
0.000847234
0.000846506
0.000845778
0.00084505
0.000844324
0.000843598
0.000842872
0.000842147
0.000841423
0.0008407
0.000839977
0.000839254
0.000838533
0.000837811
0.000837091
0.000836371
0.000835652
0.000834933
0.000834215
0.000833497
0.00083278
0.000832064
0.000831349
0.000830634
0.000829919
0.000829205
0.000828492
0.000827779
0.000827067
0.000826356
0.000825645
0.000824935
0.000824225
0.000823516
0.000822808
0.0008221
0.000821393
0.000820686
0.000819981
0.000819275
0.00081857
0.000817866
0.000817163
0.00081646
0.000815757
0.000815055
0.000814354
0.000813654
0.000812954
0.000812254
0.000811556
0.000810857
0.00081016
0.000809463
0.000808766
0.000808071
0.000807375
0.000806681
0.000805987
0.000805293
0.0008046
0.000803908
0.000803216
0.000802525
0.000801835
0.000801145
0.000800456
0.000799767
0.000799079
0.000798391
0.000797704
0.000797018
0.000796332
0.000795647
0.000794962
0.000794278
0.000793595
0.000792912
0.00079223
0.000791548
0.000790867
0.000790186
0.000789506
0.000788827
0.000788148
0.00078747
0.000786792
0.000786115
0.000785439
0.000784763
0.000784088
0.000783413
0.000782739
0.000782065
0.000781392
0.00078072
0.000780048
0.000779377
0.000778706
0.000778036
0.000777367
0.000776698
0.000776029
0.000775362
0.000774694
0.000774028
0.000773362
0.000772696
0.000772031
0.000771367
0.000770703
0.00077004
0.000769377
0.000768715
0.000768053
0.000767392
0.000766732
0.000766072
0.000765413
0.000764754
0.000764096
0.000763439
0.000762782
0.000762125
0.000761469
0.000760814
0.000760159
0.000759505
0.000758852
0.000758199
0.000757546
0.000756894
0.000756243
0.000755592
0.000754942
0.000754292
0.000753643
0.000752994
0.000752346
0.000751699
0.000751052
0.000750406
0.00074976
0.000749115
0.00074847
0.000747826
0.000747183
0.00074654
0.000745897
0.000745255
0.000744614
0.000743973
0.000743333
0.000742693
0.000742054
0.000741416
0.000740778
0.00074014
0.000739503
0.000738867
0.000738231
0.000737596
0.000736961
0.000736327
0.000735694
0.000735061
0.000734428
0.000733796
0.000733165
0.000732534
0.000731903
0.000731274
0.000730644
0.000730016
0.000729388
0.00072876
0.000728133
0.000727506
0.00072688
0.000726255
0.00072563
0.000725006
0.000724382
0.000723759
0.000723136
0.000722514
0.000721892
0.000721271
0.000720651
0.000720031
0.000719411
0.000718792
0.000718174
0.000717556
0.000716938
0.000716322
0.000715705
0.00071509
0.000714474
0.00071386
0.000713246
0.000712632
0.000712019
0.000711406
0.000710794
0.000710183
0.000709572
0.000708962
0.000708352
0.000707742
0.000707133
0.000706525
0.000705917
0.00070531
0.000704703
0.000704097
0.000703492
0.000702887
0.000702282
0.000701678
0.000701074
0.000700471
0.000699869
0.000699267
0.000698665
0.000698064
0.000697464
0.000696864
0.000696265
0.000695666
0.000695068
0.00069447
0.000693873
0.000693276
0.00069268
0.000692084
0.000691489
0.000690894
0.0006903
0.000689706
0.000689113
0.000688521
0.000687928
0.000687337
0.000686746
0.000686155
0.000685565
0.000684976
0.000684387
0.000683798
0.00068321
0.000682623
0.000682036
0.00068145
0.000680864
0.000680278
0.000679693
0.000679109
0.000678525
0.000677942
0.000677359
0.000676777
0.000676195
0.000675613
0.000675033
0.000674452
0.000673872
0.000673293
0.000672714
0.000672136
0.000671558
0.000670981
0.000670404
0.000669828
0.000669252
0.000668677
0.000668102
0.000667528
0.000666954
0.000666381
0.000665808
0.000665236
0.000664664
0.000664093
0.000663522
0.000662952
0.000662383
0.000661813
0.000661245
0.000660676
0.000660109
0.000659541
0.000658975
0.000658408
0.000657843
0.000657277
0.000656713
0.000656148
0.000655585
0.000655021
0.000654459
0.000653896
0.000653335
0.000652773
0.000652212
0.000651652
0.000651092
0.000650533
0.000649974
0.000649416
0.000648858
0.000648301
0.000647744
0.000647187
0.000646632
0.000646076
0.000645521
0.000644967
0.000644413
0.000643859
0.000643306
0.000642754
0.000642202
0.00064165
0.000641099
0.000640549
0.000639999
0.000639449
0.0006389
0.000638352
0.000637803
0.000637256
0.000636709
0.000636162
0.000635616
0.00063507
0.000634525
0.00063398
0.000633436
0.000632892
0.000632349
0.000631806
0.000631264
0.000630722
0.00063018
0.000629639
0.000629099
0.000628559
0.00062802
0.000627481
0.000626942
0.000626404
0.000625866
0.000625329
0.000624793
0.000624256
0.000623721
0.000623186
0.000622651
0.000622117
0.000621583
0.000621049
0.000620517
0.000619984
0.000619452
0.000618921
0.00061839
0.000617859
0.000617329
0.0006168
0.000616271
0.000615742
0.000615214
0.000614686
0.000614159
0.000613632
0.000613106
0.00061258
0.000612055
0.00061153
0.000611005
0.000610481
0.000609958
0.000609435
0.000608912
0.00060839
0.000607868
0.000607347
0.000606826
0.000606306
0.000605786
0.000605267
0.000604748
0.00060423
0.000603712
0.000603194
0.000602677
0.00060216
0.000601644
0.000601129
0.000600613
0.000600099
0.000599584
0.00059907
0.000598557
0.000598044
0.000597532
0.00059702
0.000596508
0.000595997
0.000595486
0.000594976
0.000594466
0.000593957
0.000593448
0.00059294
0.000592432
0.000591924
0.000591417
0.00059091
0.000590404
0.000589899
0.000589393
0.000588889
0.000588384
0.00058788
0.000587377
0.000586874
0.000586371
0.000585869
0.000585367
0.000584866
0.000584365
0.000583865
0.000583365
0.000582866
0.000582367
0.000581868
0.00058137
0.000580872
0.000580375
0.000579878
0.000579382
0.000578886
0.000578391
0.000577896
0.000577401
0.000576907
0.000576413
0.00057592
0.000575427
0.000574935
0.000574443
0.000573951
0.00057346
0.00057297
0.000572479
0.00057199
0.0005715
0.000571011
0.000570523
0.000570035
0.000569547
0.00056906
0.000568573
0.000568087
0.000567601
0.000567116
0.000566631
0.000566146
0.000565662
0.000565179
0.000564695
0.000564213
0.00056373
0.000563248
0.000562767
0.000562286
0.000561805
0.000561325
0.000560845
0.000560366
0.000559887
0.000559408
0.00055893
0.000558452
0.000557975
0.000557498
0.000557022
0.000556546
0.00055607
0.000555595
0.000555121
0.000554646
0.000554173
0.000553699
0.000553226
0.000552754
0.000552281
0.00055181
0.000551338
0.000550868
0.000550397
0.000549927
0.000549457
0.000548988
0.00054852
0.000548051
0.000547583
0.000547116
0.000546649
0.000546182
0.000545716
0.00054525
0.000544784
0.000544319
0.000543855
0.000543391
0.000542927
0.000542464
0.000542001
0.000541538
0.000541076
0.000540614
0.000540153
0.000539692
0.000539232
0.000538772
0.000538312
0.000537853
0.000537394
0.000536936
0.000536478
0.00053602
0.000535563
0.000535106
0.00053465
0.000534194
0.000533739
0.000533284
0.000532829
0.000532375
0.000531921
0.000531467
0.000531014
0.000530562
0.000530109
0.000529657
0.000529206
0.000528755
0.000528304
0.000527854
0.000527404
0.000526955
0.000526506
0.000526057
0.000525609
0.000525161
0.000524714
0.000524267
0.00052382
0.000523374
0.000522928
0.000522483
0.000522038
0.000521593
0.000521149
0.000520706
0.000520262
0.000519819
0.000519377
0.000518934
0.000518493
0.000518051
0.00051761
0.00051717
0.000516729
0.00051629
0.00051585
0.000515411
0.000514973
0.000514534
0.000514097
0.000513659
0.000513222
0.000512786
0.000512349
0.000511913
0.000511478
0.000511043
0.000510608
0.000510174
0.00050974
0.000509307
0.000508873
0.000508441
0.000508008
0.000507576
0.000507145
0.000506714
0.000506283
0.000505853
0.000505423
0.000504993
0.000504564
0.000504135
0.000503707
0.000503278
0.000502851
0.000502424
0.000501997
0.00050157
0.000501144
0.000500718
0.000500293
0.000499868
0.000499443
0.000499019
0.000498595
0.000498172
0.000497749
0.000497326
0.000496904
0.000496482
0.00049606
0.000495639
0.000495219
0.000494798
0.000494378
0.000493959
0.000493539
0.00049312
0.000492702
0.000492284
0.000491866
0.000491449
0.000491032
0.000490615
0.000490199
0.000489783
0.000489368
0.000488953
0.000488538
0.000488124
0.00048771
0.000487296
0.000486883
0.00048647
0.000486057
0.000485645
0.000485234
0.000484822
0.000484411
0.000484001
0.000483591
0.000483181
0.000482771
0.000482362
0.000481953
0.000481545
0.000481137
0.000480729
0.000480322
0.000479915
0.000479509
0.000479103
0.000478697
0.000478291
0.000477886
0.000477482
0.000477077
0.000476673
0.00047627
0.000475867
0.000475464
0.000475061
0.000474659
0.000474257
0.000473856
0.000473455
0.000473054
0.000472654
0.000472254
0.000471855
0.000471455
0.000471056
0.000470658
0.00047026
0.000469862
0.000469465
0.000469068
0.000468671
0.000468275
0.000467879
0.000467483
0.000467088
0.000466693
0.000466299
0.000465904
0.000465511
0.000465117
0.000464724
0.000464331
0.000463939
0.000463547
0.000463155
0.000462764
0.000462373
0.000461983
0.000461592
0.000461202
0.000460813
0.000460424
0.000460035
0.000459646
0.000459258
0.000458871
0.000458483
0.000458096
0.00045771
0.000457323
0.000456937
0.000456552
0.000456166
0.000455781
0.000455397
0.000455013
0.000454629
0.000454245
0.000453862
0.000453479
0.000453097
0.000452715
0.000452333
0.000451951
0.00045157
0.000451189
0.000450809
0.000450429
0.000450049
0.00044967
0.000449291
0.000448912
0.000448534
0.000448156
0.000447778
0.000447401
0.000447024
0.000446648
0.000446271
0.000445895
0.00044552
0.000445145
0.00044477
0.000444395
0.000444021
0.000443647
0.000443274
0.000442901
0.000442528
0.000442155
0.000441783
0.000441411
0.00044104
0.000440669
0.000440298
0.000439927
0.000439557
0.000439188
0.000438818
0.000438449
0.00043808
0.000437712
0.000437344
0.000436976
0.000436609
0.000436242
0.000435875
0.000435508
0.000435142
0.000434777
0.000434411
0.000434046
0.000433681
0.000433317
0.000432953
0.000432589
0.000432226
0.000431863
0.0004315
0.000431138
0.000430776
0.000430414
0.000430052
0.000429691
0.000429331
0.00042897
0.00042861
0.00042825
0.000427891
0.000427532
0.000427173
0.000426815
0.000426457
0.000426099
0.000425741
0.000425384
0.000425027
0.000424671
0.000424315
0.000423959
0.000423603
0.000423248
0.000422893
0.000422539
0.000422185
0.000421831
0.000421477
0.000421124
0.000420771
0.000420419
0.000420066
0.000419714
0.000419363
0.000419012
0.000418661
0.00041831
0.00041796
0.00041761
0.00041726
0.000416911
0.000416562
0.000416213
0.000415865
0.000415517
0.000415169
0.000414821
0.000414474
0.000414127
0.000413781
0.000413435
0.000413089
0.000412743
0.000412398
0.000412053
0.000411709
0.000411365
0.000411021
0.000410677
0.000410334
0.000409991
0.000409648
0.000409306
0.000408964
0.000408622
0.000408281
0.000407939
0.000407599
0.000407258
0.000406918
0.000406578
0.000406239
0.000405899
0.000405561
0.000405222
0.000404884
0.000404546
0.000404208
0.000403871
0.000403534
0.000403197
0.00040286
0.000402524
0.000402189
0.000401853
0.000401518
0.000401183
0.000400848
0.000400514
0.00040018
0.000399847
0.000399513
0.00039918
0.000398848
0.000398515
0.000398183
0.000397851
0.00039752
0.000397189
0.000396858
0.000396527
0.000396197
0.000395867
0.000395537
0.000395208
0.000394879
0.00039455
0.000394221
0.000393893
0.000393565
0.000393238
0.000392911
0.000392584
0.000392257
0.000391931
0.000391605
0.000391279
0.000390954
0.000390628
0.000390304
0.000389979
0.000389655
0.000389331
0.000389007
0.000388684
0.000388361
0.000388038
0.000387716
0.000387394
0.000387072
0.00038675
0.000386429
0.000386108
0.000385787
0.000385467
0.000385147
0.000384827
0.000384508
0.000384188
0.000383869
0.000383551
0.000383233
0.000382915
0.000382597
0.000382279
0.000381962
0.000381645
0.000381329
0.000381013
0.000380697
0.000380381
0.000380066
0.000379751
0.000379436
0.000379121
0.000378807
0.000378493
0.00037818
0.000377866
0.000377553
0.00037724
0.000376928
0.000376616
0.000376304
0.000375992
0.000375681
0.00037537
0.000375059
0.000374749
0.000374439
0.000374129
0.000373819
0.00037351
0.000373201
0.000372892
0.000372584
0.000372275
0.000371968
0.00037166
0.000371353
0.000371046
0.000370739
0.000370432
0.000370126
0.00036982
0.000369515
0.000369209
0.000368904
0.0003686
0.000368295
0.000367991
0.000367687
0.000367383
0.00036708
0.000366777
0.000366474
0.000366172
0.00036587
0.000365568
0.000365266
0.000364965
0.000364663
0.000364363
0.000364062
0.000363762
0.000363462
0.000363162
0.000362863
0.000362564
0.000362265
0.000361966
0.000361668
0.00036137
0.000361072
0.000360774
0.000360477
0.00036018
0.000359884
0.000359587
0.000359291
0.000358995
0.0003587
0.000358404
0.000358109
0.000357815
0.00035752
0.000357226
0.000356932
0.000356639
0.000356345
0.000356052
0.000355759
0.000355467
0.000355174
0.000354882
0.000354591
0.000354299
0.000354008
0.000353717
0.000353426
0.000353136
0.000352846
0.000352556
0.000352266
0.000351977
0.000351688
0.000351399
0.000351111
0.000350823
0.000350535
0.000350247
0.000349959
0.000349672
0.000349385
0.000349099
0.000348812
0.000348526
0.00034824
0.000347955
0.00034767
0.000347384
0.0003471
0.000346815
0.000346531
0.000346247
0.000345963
0.00034568
0.000345397
0.000345114
0.000344831
0.000344549
0.000344266
0.000343985
0.000343703
0.000343422
0.000343141
0.00034286
0.000342579
0.000342299
0.000342019
0.000341739
0.00034146
0.00034118
0.000340901
0.000340623
0.000340344
0.000340066
0.000339788
0.00033951
0.000339233
0.000338956
0.000338679
0.000338402
0.000338126
0.000337849
0.000337574
0.000337298
0.000337023
0.000336747
0.000336473
0.000336198
0.000335924
0.000335649
0.000335376
0.000335102
0.000334829
0.000334556
0.000334283
0.00033401
0.000333738
0.000333466
0.000333194
0.000332922
0.000332651
0.00033238
0.000332109
0.000331839
0.000331568
0.000331298
0.000331029
0.000330759
0.00033049
0.000330221
0.000329952
0.000329684
0.000329415
0.000329147
0.000328879
0.000328612
0.000328345
0.000328078
0.000327811
0.000327544
0.000327278
0.000327012
0.000326746
0.000326481
0.000326215
0.00032595
0.000325686
0.000325421
0.000325157
0.000324893
0.000324629
0.000324365
0.000324102
0.000323839
0.000323576
0.000323314
0.000323051
0.000322789
0.000322527
0.000322266
0.000322004
0.000321743
0.000321482
0.000321222
0.000320961
0.000320701
0.000320441
0.000320182
0.000319922
0.000319663
0.000319404
0.000319146
0.000318887
0.000318629
0.000318371
0.000318113
0.000317856
0.000317599
0.000317342
0.000317085
0.000316828
0.000316572
0.000316316
0.00031606
0.000315805
0.000315549
0.000315294
0.00031504
0.000314785
0.000314531
0.000314276
0.000314023
0.000313769
0.000313516
0.000313262
0.000313009
0.000312757
0.000312504
0.000312252
0.000312
0.000311748
0.000311497
0.000311246
0.000310995
0.000310744
0.000310493
0.000310243
0.000309993
0.000309743
0.000309493
0.000309244
0.000308995
0.000308746
0.000308497
0.000308249
0.000308
0.000307752
0.000307505
0.000307257
0.00030701
0.000306763
0.000306516
0.000306269
0.000306023
0.000305777
0.000305531
0.000305285
0.00030504
0.000304795
0.00030455
0.000304305
0.00030406
0.000303816
0.000303572
0.000303328
0.000303084
0.000302841
0.000302598
0.000302355
0.000302112
0.00030187
0.000301628
0.000301386
0.000301144
0.000300902
0.000300661
0.00030042
0.000300179
0.000299938
0.000299698
0.000299458
0.000299218
0.000298978
0.000298738
0.000298499
0.00029826
0.000298021
0.000297782
0.000297544
0.000297306
0.000297068
0.00029683
0.000296593
0.000296355
0.000296118
0.000295881
0.000295645
0.000295408
0.000295172
0.000294936
0.000294701
0.000294465
0.00029423
0.000293995
0.00029376
0.000293525
0.000293291
0.000293057
0.000292823
0.000292589
0.000292355
0.000292122
0.000291889
0.000291656
0.000291423
0.000291191
0.000290959
0.000290727
0.000290495
0.000290263
0.000290032
0.000289801
0.00028957
0.000289339
0.000289109
0.000288879
0.000288649
0.000288419
0.000288189
0.00028796
0.000287731
0.000287502
0.000287273
0.000287044
0.000286816
0.000286588
0.00028636
0.000286132
0.000285905
0.000285678
0.000285451
0.000285224
0.000284997
0.000284771
0.000284545
0.000284319
0.000284093
0.000283867
0.000283642
0.000283417
0.000283192
0.000282967
0.000282743
0.000282519
0.000282295
0.000282071
0.000281847
0.000281624
0.000281401
0.000281178
0.000280955
0.000280732
0.00028051
0.000280288
0.000280066
0.000279844
0.000279622
0.000279401
0.00027918
0.000278959
0.000278738
0.000278518
0.000278298
0.000278078
0.000277858
0.000277638
0.000277419
0.000277199
0.00027698
0.000276762
0.000276543
0.000276324
0.000276106
0.000275888
0.00027567
0.000275453
0.000275235
0.000275018
0.000274801
0.000274585
0.000274368
0.000274152
0.000273935
0.000273719
0.000273504
0.000273288
0.000273073
0.000272858
0.000272643
0.000272428
0.000272213
0.000271999
0.000271785
0.000271571
0.000271357
0.000271144
0.00027093
0.000270717
0.000270504
0.000270292
0.000270079
0.000269867
0.000269655
0.000269443
0.000269231
0.00026902
0.000268808
0.000268597
0.000268386
0.000268175
0.000267965
0.000267755
0.000267545
0.000267335
0.000267125
0.000266915
0.000266706
0.000266497
0.000266288
0.000266079
0.000265871
0.000265662
0.000265454
0.000265246
0.000265038
0.000264831
0.000264624
0.000264416
0.000264209
0.000264003
0.000263796
0.00026359
0.000263383
0.000263178
0.000262972
0.000262766
0.000262561
0.000262355
0.00026215
0.000261946
0.000261741
0.000261537
0.000261332
0.000261128
0.000260924
0.000260721
0.000260517
0.000260314
0.000260111
0.000259908
0.000259705
0.000259503
0.0002593
0.000259098
0.000258896
0.000258695
0.000258493
0.000258292
0.000258091
0.00025789
0.000257689
0.000257488
0.000257288
0.000257087
0.000256887
0.000256688
0.000256488
0.000256288
0.000256089
0.00025589
0.000255691
0.000255492
0.000255294
0.000255096
0.000254897
0.0002547
0.000254502
0.000254304
0.000254107
0.00025391
0.000253713
0.000253516
0.000253319
0.000253123
0.000252926
0.00025273
0.000252534
0.000252339
0.000252143
0.000251948
0.000251752
0.000251557
0.000251363
0.000251168
0.000250974
0.000250779
0.000250585
0.000250391
0.000250198
0.000250004
0.000249811
0.000249618
0.000249425
0.000249232
0.000249039
0.000248847
0.000248655
0.000248463
0.000248271
0.000248079
0.000247888
0.000247696
0.000247505
0.000247314
0.000247124
0.000246933
0.000246743
0.000246552
0.000246362
0.000246172
0.000245983
0.000245793
0.000245604
0.000245415
0.000245226
0.000245037
0.000244848
0.00024466
0.000244472
0.000244283
0.000244096
0.000243908
0.00024372
0.000243533
0.000243346
0.000243159
0.000242972
0.000242785
0.000242599
0.000242412
0.000242226
0.00024204
0.000241855
0.000241669
0.000241484
0.000241298
0.000241113
0.000240928
0.000240744
0.000240559
0.000240375
0.000240191
0.000240007
0.000239823
0.000239639
0.000239456
0.000239272
0.000239089
0.000238906
0.000238723
0.000238541
0.000238358
0.000238176
0.000237994
0.000237812
0.00023763
0.000237449
0.000237267
0.000237086
0.000236905
0.000236724
0.000236543
0.000236363
0.000236182
0.000236002
0.000235822
0.000235642
0.000235463
0.000235283
0.000235104
0.000234925
0.000234746
0.000234567
0.000234388
0.000234209
0.000234031
0.000233853
0.000233675
0.000233497
0.00023332
0.000233142
0.000232965
0.000232788
0.000232611
0.000232434
0.000232257
0.000232081
0.000231904
0.000231728
0.000231552
0.000231376
0.000231201
0.000231025
0.00023085
0.000230675
0.0002305
0.000230325
0.00023015
0.000229976
0.000229802
0.000229628
0.000229454
0.00022928
0.000229106
0.000228933
0.000228759
0.000228586
0.000228413
0.00022824
0.000228068
0.000227895
0.000227723
0.000227551
0.000227379
0.000227207
0.000227035
0.000226864
0.000226692
0.000226521
0.00022635
0.000226179
0.000226009
0.000225838
0.000225668
0.000225498
0.000225328
0.000225158
0.000224988
0.000224818
0.000224649
0.00022448
0.000224311
0.000224142
0.000223973
0.000223804
0.000223636
0.000223468
0.0002233
0.000223132
0.000222964
0.000222796
0.000222629
0.000222462
0.000222294
0.000222127
0.000221961
0.000221794
0.000221627
0.000221461
0.000221295
0.000221129
0.000220963
0.000220797
0.000220632
0.000220466
0.000220301
0.000220136
0.000219971
0.000219806
0.000219642
0.000219477
0.000219313
0.000219149
0.000218985
0.000218821
0.000218657
0.000218494
0.00021833
0.000218167
0.000218004
0.000217841
0.000217678
0.000217516
0.000217353
0.000217191
0.000217029
0.000216867
0.000216705
0.000216543
0.000216382
0.000216221
0.000216059
0.000215898
0.000215737
0.000215577
0.000215416
0.000215256
0.000215095
0.000214935
0.000214775
0.000214616
0.000214456
0.000214296
0.000214137
0.000213978
0.000213819
0.00021366
0.000213501
0.000213342
0.000213184
0.000213026
0.000212868
0.00021271
0.000212552
0.000212394
0.000212236
0.000212079
0.000211922
0.000211765
0.000211608
0.000211451
0.000211294
0.000211138
0.000210982
0.000210825
0.000210669
0.000210513
0.000210358
0.000210202
0.000210047
0.000209891
0.000209736
0.000209581
0.000209426
0.000209272
0.000209117
0.000208963
0.000208808
0.000208654
0.0002085
0.000208346
0.000208193
0.000208039
0.000207886
0.000207733
0.000207579
0.000207426
0.000207274
0.000207121
0.000206969
0.000206816
0.000206664
0.000206512
0.00020636
0.000206208
0.000206057
0.000205905
0.000205754
0.000205602
0.000205451
0.000205301
0.00020515
0.000204999
0.000204849
0.000204698
0.000204548
0.000204398
0.000204248
0.000204098
0.000203949
0.000203799
0.00020365
0.000203501
0.000203352
0.000203203
0.000203054
0.000202905
0.000202757
0.000202609
0.00020246
0.000202312
0.000202164
0.000202017
0.000201869
0.000201722
0.000201574
0.000201427
0.00020128
0.000201133
0.000200986
0.00020084
0.000200693
0.000200547
0.000200401
0.000200255
0.000200109
0.000199963
0.000199817
0.000199672
0.000199526
0.000199381
0.000199236
0.000199091
0.000198946
0.000198801
0.000198657
0.000198512
0.000198368
0.000198224
0.00019808
0.000197936
0.000197792
0.000197649
0.000197505
0.000197362
0.000197219
0.000197076
0.000196933
0.00019679
0.000196648
0.000196505
0.000196363
0.000196221
0.000196078
0.000195937
0.000195795
0.000195653
0.000195512
0.00019537
0.000195229
0.000195088
0.000194947
0.000194806
0.000194665
0.000194525
0.000194384
0.000194244
0.000194104
0.000193964
0.000193824
0.000193684
0.000193544
0.000193405
0.000193265
0.000193126
0.000192987
0.000192848
0.000192709
0.00019257
0.000192432
0.000192293
0.000192155
0.000192017
0.000191879
0.000191741
0.000191603
0.000191465
0.000191328
0.000191191
0.000191053
0.000190916
0.000190779
0.000190642
0.000190506
0.000190369
0.000190233
0.000190096
0.00018996
0.000189824
0.000189688
0.000189552
0.000189416
0.000189281
0.000189145
0.00018901
0.000188875
0.00018874
0.000188605
0.00018847
0.000188336
0.000188201
0.000188067
0.000187932
0.000187798
0.000187664
0.00018753
0.000187397
0.000187263
0.00018713
0.000186996
0.000186863
0.00018673
0.000186597
0.000186464
0.000186331
0.000186199
0.000186066
0.000185934
0.000185802
0.00018567
0.000185538
0.000185406
0.000185274
0.000185143
0.000185011
0.00018488
0.000184749
0.000184617
0.000184487
0.000184356
0.000184225
0.000184094
0.000183964
0.000183834
0.000183703
0.000183573
0.000183443
0.000183314
0.000183184
0.000183054
0.000182925
0.000182796
0.000182666
0.000182537
0.000182408
0.000182279
0.000182151
0.000182022
0.000181894
0.000181765
0.000181637
0.000181509
0.000181381
0.000181253
0.000181126
0.000180998
0.000180871
0.000180743
0.000180616
0.000180489
0.000180362
0.000180235
0.000180108
0.000179982
0.000179855
0.000179729
0.000179602
0.000179476
0.00017935
0.000179224
0.000179099
0.000178973
0.000178847
0.000178722
0.000178597
0.000178472
0.000178347
0.000178222
0.000178097
0.000177972
0.000177848
0.000177723
0.000177599
0.000177475
0.00017735
0.000177227
0.000177103
0.000176979
0.000176855
0.000176732
0.000176608
0.000176485
0.000176362
0.000176239
0.000176116
0.000175993
0.000175871
0.000175748
0.000175626
0.000175503
0.000175381
0.000175259
0.000175137
0.000175015
0.000174894
0.000174772
0.000174651
0.000174529
0.000174408
0.000174287
0.000174166
0.000174045
0.000173924
0.000173803
0.000173683
0.000173562
0.000173442
0.000173322
0.000173202
0.000173082
0.000172962
0.000172842
0.000172722
0.000172603
0.000172484
0.000172364
0.000172245
0.000172126
0.000172007
0.000171888
0.00017177
0.000171651
0.000171532
0.000171414
0.000171296
0.000171178
0.00017106
0.000170942
0.000170824
0.000170706
0.000170589
0.000170471
0.000170354
0.000170237
0.000170119
0.000170002
0.000169886
0.000169769
0.000169652
0.000169536
0.000169419
0.000169303
0.000169187
0.00016907
0.000168954
0.000168839
0.000168723
0.000168607
0.000168492
0.000168376
0.000168261
0.000168145
0.00016803
0.000167915
0.0001678
0.000167686
0.000167571
0.000167456
0.000167342
0.000167228
0.000167113
0.000166999
0.000166885
0.000166771
0.000166658
0.000166544
0.00016643
0.000166317
0.000166204
0.00016609
0.000165977
0.000165864
0.000165751
0.000165638
0.000165526
0.000165413
0.000165301
0.000165188
0.000165076
0.000164964
0.000164852
0.00016474
0.000164628
0.000164516
0.000164405
0.000164293
0.000164182
0.000164071
0.000163959
0.000163848
0.000163737
0.000163626
0.000163516
0.000163405
0.000163294
0.000163184
0.000163074
0.000162963
0.000162853
0.000162743
0.000162633
0.000162524
0.000162414
0.000162304
0.000162195
0.000162086
0.000161976
0.000161867
0.000161758
0.000161649
0.00016154
0.000161431
0.000161323
0.000161214
0.000161106
0.000160998
0.000160889
0.000160781
0.000160673
0.000160565
0.000160457
0.00016035
0.000160242
0.000160135
0.000160027
0.00015992
0.000159813
0.000159706
0.000159599
0.000159492
0.000159385
0.000159278
0.000159172
0.000159065
0.000158959
0.000158853
0.000158747
0.000158641
0.000158535
0.000158429
0.000158323
0.000158217
0.000158112
0.000158006
0.000157901
0.000157796
0.000157691
0.000157586
0.000157481
0.000157376
0.000157271
0.000157167
0.000157062
0.000156958
0.000156853
0.000156749
0.000156645
0.000156541
0.000156437
0.000156333
0.000156229
0.000156126
0.000156022
0.000155919
0.000155816
0.000155712
0.000155609
0.000155506
0.000155403
0.0001553
0.000155198
0.000155095
0.000154993
0.00015489
0.000154788
0.000154686
0.000154583
0.000154481
0.000154379
0.000154278
0.000154176
0.000154074
0.000153973
0.000153871
0.00015377
0.000153669
0.000153567
0.000153466
0.000153365
0.000153265
0.000153164
0.000153063
0.000152963
0.000152862
0.000152762
0.000152662
0.000152561
0.000152461
0.000152361
0.000152261
0.000152162
0.000152062
0.000151962
0.000151863
0.000151763
0.000151664
0.000151565
0.000151466
0.000151367
0.000151268
0.000151169
0.00015107
0.000150972
0.000150873
0.000150775
0.000150676
0.000150578
0.00015048
0.000150382
0.000150284
0.000150186
0.000150088
0.00014999
0.000149893
0.000149795
0.000149698
0.000149601
0.000149503
0.000149406
0.000149309
0.000149212
0.000149115
0.000149019
0.000148922
0.000148825
0.000148729
0.000148633
0.000148536
0.00014844
0.000148344
0.000148248
0.000148152
0.000148056
0.000147961
0.000147865
0.000147769
0.000147674
0.000147579
0.000147483
0.000147388
0.000147293
0.000147198
0.000147103
0.000147008
0.000146914
0.000146819
0.000146725
0.00014663
0.000146536
0.000146441
0.000146347
0.000146253
0.000146159
0.000146065
0.000145972
0.000145878
0.000145784
0.000145691
0.000145597
0.000145504
0.000145411
0.000145318
0.000145224
0.000145131
0.000145039
0.000144946
0.000144853
0.00014476
0.000144668
0.000144575
0.000144483
0.000144391
0.000144299
0.000144207
0.000144115
0.000144023
0.000143931
0.000143839
0.000143747
0.000143656
0.000143564
0.000143473
0.000143382
0.00014329
0.000143199
0.000143108
0.000143017
0.000142927
0.000142836
0.000142745
0.000142655
0.000142564
0.000142474
0.000142383
0.000142293
0.000142203
0.000142113
0.000142023
0.000141933
0.000141843
0.000141753
0.000141664
0.000141574
0.000141485
0.000141395
0.000141306
0.000141217
0.000141128
0.000141039
0.00014095
0.000140861
0.000140772
0.000140684
0.000140595
0.000140506
0.000140418
0.00014033
0.000140241
0.000140153
0.000140065
0.000139977
0.000139889
0.000139802
0.000139714
0.000139626
0.000139539
0.000139451
0.000139364
0.000139276
0.000139189
0.000139102
0.000139015
0.000138928
0.000138841
0.000138754
0.000138668
0.000138581
0.000138494
0.000138408
0.000138321
0.000138235
0.000138149
0.000138063
0.000137977
0.000137891
0.000137805
0.000137719
0.000137633
0.000137548
0.000137462
0.000137377
0.000137291
0.000137206
0.000137121
0.000137036
0.000136951
0.000136866
0.000136781
0.000136696
0.000136611
0.000136527
0.000136442
0.000136357
0.000136273
0.000136189
0.000136104
0.00013602
0.000135936
0.000135852
0.000135768
0.000135685
0.000135601
0.000135517
0.000135434
0.00013535
0.000135267
0.000135183
0.0001351
0.000135017
0.000134934
0.000134851
0.000134768
0.000134685
0.000134602
0.000134519
0.000134437
0.000134354
0.000134272
0.000134189
0.000134107
0.000134025
0.000133943
0.000133861
0.000133779
0.000133697
0.000133615
0.000133533
0.000133452
0.00013337
0.000133288
0.000133207
0.000133126
0.000133044
0.000132963
0.000132882
0.000132801
0.00013272
0.000132639
0.000132558
0.000132478
0.000132397
0.000132317
0.000132236
0.000132156
0.000132075
0.000131995
0.000131915
0.000131835
0.000131755
0.000131675
0.000131595
0.000131515
0.000131435
0.000131356
0.000131276
0.000131197
0.000131117
0.000131038
0.000130959
0.00013088
0.000130801
0.000130722
0.000130643
0.000130564
0.000130485
0.000130406
0.000130328
0.000130249
0.000130171
0.000130092
0.000130014
0.000129936
0.000129857
0.000129779
0.000129701
0.000129623
0.000129546
0.000129468
0.00012939
0.000129312
0.000129235
0.000129157
0.00012908
0.000129003
0.000128925
0.000128848
0.000128771
0.000128694
0.000128617
0.00012854
0.000128463
0.000128386
0.00012831
0.000128233
0.000128157
0.00012808
0.000128004
0.000127928
0.000127851
0.000127775
0.000127699
0.000127623
0.000127547
0.000127471
0.000127396
0.00012732
0.000127244
0.000127169
0.000127093
0.000127018
0.000126942
0.000126867
0.000126792
0.000126717
0.000126642
0.000126567
0.000126492
0.000126417
0.000126342
0.000126268
0.000126193
0.000126118
0.000126044
0.00012597
0.000125895
0.000125821
0.000125747
0.000125673
0.000125599
0.000125525
0.000125451
0.000125377
0.000125303
0.00012523
0.000125156
0.000125082
0.000125009
0.000124936
0.000124862
0.000124789
0.000124716
0.000124643
0.00012457
0.000124497
0.000124424
0.000124351
0.000124278
0.000124206
0.000124133
0.00012406
0.000123988
0.000123916
0.000123843
0.000123771
0.000123699
0.000123627
0.000123555
0.000123483
0.000123411
0.000123339
0.000123267
0.000123195
0.000123124
0.000123052
0.000122981
0.000122909
0.000122838
0.000122767
0.000122695
0.000122624
0.000122553
0.000122482
0.000122411
0.00012234
0.00012227
0.000122199
0.000122128
0.000122058
0.000121987
0.000121917
0.000121846
0.000121776
0.000121706
0.000121635
0.000121565
0.000121495
0.000121425
0.000121355
0.000121286
0.000121216
0.000121146
0.000121076
0.000121007
0.000120937
0.000120868
0.000120799
0.000120729
0.00012066
0.000120591
0.000120522
0.000120453
0.000120384
0.000120315
0.000120246
0.000120177
0.000120109
0.00012004
0.000119971
0.000119903
0.000119834
0.000119766
0.000119698
0.00011963
0.000119561
0.000119493
0.000119425
0.000119357
0.000119289
0.000119222
0.000119154
0.000119086
0.000119018
0.000118951
0.000118883
0.000118816
0.000118749
0.000118681
0.000118614
0.000118547
0.00011848
0.000118413
0.000118346
0.000118279
0.000118212
0.000118145
0.000118078
0.000118012
0.000117945
0.000117879
0.000117812
0.000117746
0.000117679
0.000117613
0.000117547
0.000117481
0.000117415
0.000117349
0.000117283
0.000117217
0.000117151
0.000117085
0.00011702
0.000116954
0.000116889
0.000116823
0.000116758
0.000116692
0.000116627
0.000116562
0.000116496
0.000116431
0.000116366
0.000116301
0.000116236
0.000116172
0.000116107
0.000116042
0.000115977
0.000115913
0.000115848
0.000115784
0.000115719
0.000115655
0.000115591
0.000115526
0.000115462
0.000115398
0.000115334
0.00011527
0.000115206
0.000115142
0.000115078
0.000115015
0.000114951
0.000114887
0.000114824
0.00011476
0.000114697
0.000114634
0.00011457
0.000114507
0.000114444
0.000114381
0.000114318
0.000114255
0.000114192
0.000114129
0.000114066
0.000114003
0.000113941
0.000113878
0.000113815
0.000113753
0.00011369
0.000113628
0.000113566
0.000113503
0.000113441
0.000113379
0.000113317
0.000113255
0.000113193
0.000113131
0.000113069
0.000113008
0.000112946
0.000112884
0.000112823
0.000112761
0.0001127
0.000112638
0.000112577
0.000112515
0.000112454
0.000112393
0.000112332
0.000112271
0.00011221
0.000112149
0.000112088
0.000112027
0.000111966
0.000111906
0.000111845
0.000111784
0.000111724
0.000111663
0.000111603
0.000111543
0.000111482
0.000111422
0.000111362
0.000111302
0.000111242
0.000111182
0.000111122
0.000111062
0.000111002
0.000110942
0.000110883
0.000110823
0.000110763
0.000110704
0.000110644
0.000110585
0.000110526
0.000110466
0.000110407
0.000110348
0.000110289
0.00011023
0.000110171
0.000110112
0.000110053
0.000109994
0.000109935
0.000109876
0.000109818
0.000109759
0.000109701
0.000109642
0.000109584
0.000109525
0.000109467
0.000109409
0.00010935
0.000109292
0.000109234
0.000109176
0.000109118
0.00010906
0.000109002
0.000108944
0.000108887
0.000108829
0.000108771
0.000108714
0.000108656
0.000108599
0.000108541
0.000108484
0.000108427
0.000108369
0.000108312
0.000108255
0.000108198
0.000108141
0.000108084
0.000108027
0.00010797
0.000107913
0.000107857
0.0001078
0.000107743
0.000107687
0.00010763
0.000107574
0.000107517
0.000107461
0.000107404
0.000107348
0.000107292
0.000107236
0.00010718
0.000107124
0.000107068
0.000107012
0.000106956
0.0001069
0.000106844
0.000106789
0.000106733
0.000106677
0.000106622
0.000106566
0.000106511
0.000106455
0.0001064
0.000106345
0.000106289
0.000106234
0.000106179
0.000106124
0.000106069
0.000106014
0.000105959
0.000105904
0.00010585
0.000105795
0.00010574
0.000105685
0.000105631
0.000105576
0.000105522
0.000105467
0.000105413
0.000105359
0.000105304
0.00010525
0.000105196
0.000105142
0.000105088
0.000105034
0.00010498
0.000104926
0.000104872
0.000104818
0.000104765
0.000104711
0.000104657
0.000104604
0.00010455
0.000104497
0.000104443
0.00010439
0.000104337
0.000104283
0.00010423
0.000104177
0.000104124
0.000104071
0.000104018
0.000103965
0.000103912
0.000103859
0.000103806
0.000103753
0.000103701
0.000103648
0.000103596
0.000103543
0.00010349
0.000103438
0.000103386
0.000103333
0.000103281
0.000103229
0.000103177
0.000103124
0.000103072
0.00010302
0.000102968
0.000102916
0.000102864
0.000102813
0.000102761
0.000102709
0.000102657
0.000102606
0.000102554
0.000102503
0.000102451
0.0001024
0.000102348
0.000102297
0.000102246
0.000102195
0.000102143
0.000102092
0.000102041
0.00010199
0.000101939
0.000101888
0.000101837
0.000101786
0.000101736
0.000101685
0.000101634
0.000101584
0.000101533
0.000101482
0.000101432
0.000101382
0.000101331
0.000101281
0.000101231
0.00010118
0.00010113
0.00010108
0.00010103
0.00010098
0.00010093
0.00010088
0.00010083
0.00010078
0.00010073
0.000100681
0.000100631
0.000100581
0.000100532
0.000100482
0.000100432
0.000100383
0.000100334
0.000100284
0.000100235
0.000100186
0.000100136
0.000100087
0.000100038
9.9989e-05
9.994e-05
9.9891e-05
9.98421e-05
9.97932e-05
9.97444e-05
9.96956e-05
9.96468e-05
9.95981e-05
9.95495e-05
9.95009e-05
9.94523e-05
9.94038e-05
9.93553e-05
9.93069e-05
9.92586e-05
9.92102e-05
9.9162e-05
9.91137e-05
9.90656e-05
9.90174e-05
9.89694e-05
9.89213e-05
9.88733e-05
9.88254e-05
9.87775e-05
9.87296e-05
9.86818e-05
9.86341e-05
9.85864e-05
9.85387e-05
9.84911e-05
9.84435e-05
9.8396e-05
9.83485e-05
9.83011e-05
9.82537e-05
9.82064e-05
9.81591e-05
9.81118e-05
9.80646e-05
9.80175e-05
9.79704e-05
9.79233e-05
9.78763e-05
9.78293e-05
9.77824e-05
9.77355e-05
9.76887e-05
9.76419e-05
9.75952e-05
9.75485e-05
9.75018e-05
9.74552e-05
9.74087e-05
9.73622e-05
9.73157e-05
9.72693e-05
9.72229e-05
9.71766e-05
9.71303e-05
9.7084e-05
9.70378e-05
9.69917e-05
9.69456e-05
9.68995e-05
9.68535e-05
9.68075e-05
9.67616e-05
9.67157e-05
9.66699e-05
9.66241e-05
9.65784e-05
9.65327e-05
9.6487e-05
9.64414e-05
9.63958e-05
9.63503e-05
9.63048e-05
9.62594e-05
9.6214e-05
9.61687e-05
9.61234e-05
9.60781e-05
9.60329e-05
9.59877e-05
9.59426e-05
9.58975e-05
9.58525e-05
9.58075e-05
9.57625e-05
9.57176e-05
9.56728e-05
9.5628e-05
9.55832e-05
9.55385e-05
9.54938e-05
9.54491e-05
9.54045e-05
9.536e-05
9.53155e-05
9.5271e-05
9.52266e-05
9.51822e-05
9.51378e-05
9.50936e-05
9.50493e-05
9.50051e-05
9.49609e-05
9.49168e-05
9.48727e-05
9.48287e-05
9.47847e-05
9.47408e-05
9.46968e-05
9.4653e-05
9.46092e-05
9.45654e-05
9.45216e-05
9.4478e-05
9.44343e-05
9.43907e-05
9.43471e-05
9.43036e-05
9.42601e-05
9.42167e-05
9.41733e-05
9.413e-05
9.40866e-05
9.40434e-05
9.40001e-05
9.3957e-05
9.39138e-05
9.38707e-05
9.38277e-05
9.37847e-05
9.37417e-05
9.36988e-05
9.36559e-05
9.3613e-05
9.35702e-05
9.35275e-05
9.34847e-05
9.34421e-05
9.33994e-05
9.33568e-05
9.33143e-05
9.32718e-05
9.32293e-05
9.31869e-05
9.31445e-05
9.31021e-05
9.30598e-05
9.30175e-05
9.29753e-05
9.29331e-05
9.2891e-05
9.28489e-05
9.28068e-05
9.27648e-05
9.27229e-05
9.26809e-05
9.2639e-05
9.25972e-05
9.25554e-05
9.25136e-05
9.24719e-05
9.24302e-05
9.23885e-05
9.23469e-05
9.23054e-05
9.22638e-05
9.22223e-05
9.21809e-05
9.21395e-05
9.20981e-05
9.20568e-05
9.20155e-05
9.19743e-05
9.19331e-05
9.18919e-05
9.18508e-05
9.18097e-05
9.17687e-05
9.17277e-05
9.16867e-05
9.16458e-05
9.16049e-05
9.15641e-05
9.15233e-05
9.14825e-05
9.14418e-05
9.14011e-05
9.13604e-05
9.13198e-05
9.12793e-05
9.12388e-05
9.11983e-05
9.11578e-05
9.11174e-05
9.10771e-05
9.10367e-05
9.09964e-05
9.09562e-05
9.0916e-05
9.08758e-05
9.08357e-05
9.07956e-05
9.07556e-05
9.07155e-05
9.06756e-05
9.06356e-05
9.05957e-05
9.05559e-05
9.05161e-05
9.04763e-05
9.04366e-05
9.03969e-05
9.03572e-05
9.03176e-05
9.0278e-05
9.02385e-05
9.01989e-05
9.01595e-05
9.01201e-05
9.00807e-05
9.00413e-05
9.0002e-05
8.99627e-05
8.99235e-05
8.98843e-05
8.98451e-05
8.9806e-05
8.97669e-05
8.97279e-05
8.96889e-05
8.96499e-05
8.9611e-05
8.95721e-05
8.95332e-05
8.94944e-05
8.94556e-05
8.94169e-05
8.93782e-05
8.93395e-05
8.93009e-05
8.92623e-05
8.92238e-05
8.91853e-05
8.91468e-05
8.91083e-05
8.90699e-05
8.90316e-05
8.89933e-05
8.8955e-05
8.89167e-05
8.88785e-05
8.88403e-05
8.88022e-05
8.87641e-05
8.8726e-05
8.8688e-05
8.865e-05
8.86121e-05
8.85741e-05
8.85363e-05
8.84984e-05
8.84606e-05
8.84229e-05
8.83851e-05
8.83474e-05
8.83098e-05
8.82722e-05
8.82346e-05
8.8197e-05
8.81595e-05
8.8122e-05
8.80846e-05
8.80472e-05
8.80099e-05
8.79725e-05
8.79352e-05
8.7898e-05
8.78608e-05
8.78236e-05
8.77864e-05
8.77493e-05
8.77123e-05
8.76752e-05
8.76382e-05
8.76013e-05
8.75643e-05
8.75275e-05
8.74906e-05
8.74538e-05
8.7417e-05
8.73803e-05
8.73435e-05
8.73069e-05
8.72702e-05
8.72336e-05
8.71971e-05
8.71605e-05
8.7124e-05
8.70876e-05
8.70512e-05
8.70148e-05
8.69784e-05
8.69421e-05
8.69058e-05
8.68696e-05
8.68334e-05
8.67972e-05
8.67611e-05
8.67249e-05
8.66889e-05
8.66528e-05
8.66168e-05
8.65809e-05
8.6545e-05
8.65091e-05
8.64732e-05
8.64374e-05
8.64016e-05
8.63658e-05
8.63301e-05
8.62944e-05
8.62588e-05
8.62232e-05
8.61876e-05
8.61521e-05
8.61166e-05
8.60811e-05
8.60456e-05
8.60102e-05
8.59749e-05
8.59395e-05
8.59042e-05
8.5869e-05
8.58337e-05
8.57986e-05
8.57634e-05
8.57283e-05
8.56932e-05
8.56581e-05
8.56231e-05
8.55881e-05
8.55531e-05
8.55182e-05
8.54833e-05
8.54485e-05
8.54137e-05
8.53789e-05
8.53441e-05
8.53094e-05
8.52747e-05
8.52401e-05
8.52055e-05
8.51709e-05
8.51363e-05
8.51018e-05
8.50673e-05
8.50329e-05
8.49985e-05
8.49641e-05
8.49298e-05
8.48954e-05
8.48612e-05
8.48269e-05
8.47927e-05
8.47585e-05
8.47244e-05
8.46903e-05
8.46562e-05
8.46222e-05
8.45881e-05
8.45542e-05
8.45202e-05
8.44863e-05
8.44524e-05
8.44186e-05
8.43848e-05
8.4351e-05
8.43173e-05
8.42835e-05
8.42499e-05
8.42162e-05
8.41826e-05
8.4149e-05
8.41155e-05
8.4082e-05
8.40485e-05
8.4015e-05
8.39816e-05
8.39482e-05
8.39149e-05
8.38816e-05
8.38483e-05
8.3815e-05
8.37818e-05
8.37486e-05
8.37155e-05
8.36823e-05
8.36493e-05
8.36162e-05
8.35832e-05
8.35502e-05
8.35172e-05
8.34843e-05
8.34514e-05
8.34185e-05
8.33857e-05
8.33529e-05
8.33201e-05
8.32874e-05
8.32547e-05
8.3222e-05
8.31894e-05
8.31568e-05
8.31242e-05
8.30917e-05
8.30591e-05
8.30267e-05
8.29942e-05
8.29618e-05
8.29294e-05
8.28971e-05
8.28647e-05
8.28325e-05
8.28002e-05
8.2768e-05
8.27358e-05
8.27036e-05
8.26715e-05
8.26394e-05
8.26073e-05
8.25753e-05
8.25433e-05
8.25113e-05
8.24793e-05
8.24474e-05
8.24156e-05
8.23837e-05
8.23519e-05
8.23201e-05
8.22883e-05
8.22566e-05
8.22249e-05
8.21933e-05
8.21616e-05
8.213e-05
8.20985e-05
8.20669e-05
8.20354e-05
8.20039e-05
8.19725e-05
8.19411e-05
8.19097e-05
8.18783e-05
8.1847e-05
8.18157e-05
8.17845e-05
8.17532e-05
8.1722e-05
8.16909e-05
8.16597e-05
8.16286e-05
8.15975e-05
8.15665e-05
8.15355e-05
8.15045e-05
8.14735e-05
8.14426e-05
8.14117e-05
8.13808e-05
8.135e-05
8.13192e-05
8.12884e-05
8.12577e-05
8.12269e-05
8.11963e-05
8.11656e-05
8.1135e-05
8.11044e-05
8.10738e-05
8.10433e-05
8.10128e-05
8.09823e-05
8.09519e-05
8.09214e-05
8.08911e-05
8.08607e-05
8.08304e-05
8.08001e-05
8.07698e-05
8.07396e-05
8.07094e-05
8.06792e-05
8.0649e-05
8.06189e-05
8.05888e-05
8.05588e-05
8.05287e-05
8.04987e-05
8.04688e-05
8.04388e-05
8.04089e-05
8.0379e-05
8.03492e-05
8.03193e-05
8.02895e-05
8.02598e-05
8.023e-05
8.02003e-05
8.01707e-05
8.0141e-05
8.01114e-05
8.00818e-05
8.00522e-05
8.00227e-05
7.99932e-05
7.99637e-05
7.99343e-05
7.99048e-05
7.98755e-05
7.98461e-05
7.98168e-05
7.97875e-05
7.97582e-05
7.97289e-05
7.96997e-05
7.96705e-05
7.96414e-05
7.96122e-05
7.95831e-05
7.95541e-05
7.9525e-05
7.9496e-05
7.9467e-05
7.9438e-05
7.94091e-05
7.93802e-05
7.93513e-05
7.93225e-05
7.92937e-05
7.92649e-05
7.92361e-05
7.92074e-05
7.91787e-05
7.915e-05
7.91213e-05
7.90927e-05
7.90641e-05
7.90356e-05
7.9007e-05
7.89785e-05
7.895e-05
7.89216e-05
7.88931e-05
7.88647e-05
7.88364e-05
7.8808e-05
7.87797e-05
7.87514e-05
7.87232e-05
7.86949e-05
7.86667e-05
7.86386e-05
7.86104e-05
7.85823e-05
7.85542e-05
7.85261e-05
7.84981e-05
7.84701e-05
7.84421e-05
7.84141e-05
7.83862e-05
7.83583e-05
7.83304e-05
7.83026e-05
7.82748e-05
7.8247e-05
7.82192e-05
7.81915e-05
7.81638e-05
7.81361e-05
7.81084e-05
7.80808e-05
7.80532e-05
7.80256e-05
7.79981e-05
7.79705e-05
7.79431e-05
7.79156e-05
7.78881e-05
7.78607e-05
7.78333e-05
7.7806e-05
7.77787e-05
7.77513e-05
7.77241e-05
7.76968e-05
7.76696e-05
7.76424e-05
7.76152e-05
7.75881e-05
7.75609e-05
7.75339e-05
7.75068e-05
7.74798e-05
7.74527e-05
7.74258e-05
7.73988e-05
7.73719e-05
7.7345e-05
7.73181e-05
7.72912e-05
7.72644e-05
7.72376e-05
7.72108e-05
7.71841e-05
7.71573e-05
7.71306e-05
7.7104e-05
7.70773e-05
7.70507e-05
7.70241e-05
7.69975e-05
7.6971e-05
7.69445e-05
7.6918e-05
7.68915e-05
7.68651e-05
7.68387e-05
7.68123e-05
7.6786e-05
7.67596e-05
7.67333e-05
7.6707e-05
7.66808e-05
7.66545e-05
7.66283e-05
7.66022e-05
7.6576e-05
7.65499e-05
7.65238e-05
7.64977e-05
7.64717e-05
7.64456e-05
7.64196e-05
7.63937e-05
7.63677e-05
7.63418e-05
7.63159e-05
7.629e-05
7.62642e-05
7.62383e-05
7.62126e-05
7.61868e-05
7.6161e-05
7.61353e-05
7.61096e-05
7.6084e-05
7.60583e-05
7.60327e-05
7.60071e-05
7.59815e-05
7.5956e-05
7.59305e-05
7.5905e-05
7.58795e-05
7.58541e-05
7.58286e-05
7.58032e-05
7.57779e-05
7.57525e-05
7.57272e-05
7.57019e-05
7.56766e-05
7.56514e-05
7.56262e-05
7.5601e-05
7.55758e-05
7.55507e-05
7.55255e-05
7.55004e-05
7.54754e-05
7.54503e-05
7.54253e-05
7.54003e-05
7.53753e-05
7.53504e-05
7.53255e-05
7.53006e-05
7.52757e-05
7.52508e-05
7.5226e-05
7.52012e-05
7.51764e-05
7.51517e-05
7.51269e-05
7.51022e-05
7.50775e-05
7.50529e-05
7.50283e-05
7.50036e-05
7.49791e-05
7.49545e-05
7.493e-05
7.49055e-05
7.4881e-05
7.48565e-05
7.48321e-05
7.48076e-05
7.47832e-05
7.47589e-05
7.47345e-05
7.47102e-05
7.46859e-05
7.46616e-05
7.46374e-05
7.46132e-05
7.4589e-05
7.45648e-05
7.45406e-05
7.45165e-05
7.44924e-05
7.44683e-05
7.44443e-05
7.44202e-05
7.43962e-05
7.43722e-05
7.43482e-05
7.43243e-05
7.43004e-05
7.42765e-05
7.42526e-05
7.42288e-05
7.42049e-05
7.41811e-05
7.41574e-05
7.41336e-05
7.41099e-05
7.40862e-05
7.40625e-05
7.40388e-05
7.40152e-05
7.39916e-05
7.3968e-05
7.39444e-05
7.39209e-05
7.38973e-05
7.38738e-05
7.38504e-05
7.38269e-05
7.38035e-05
7.37801e-05
7.37567e-05
7.37333e-05
7.371e-05
7.36867e-05
7.36634e-05
7.36401e-05
7.36169e-05
7.35936e-05
7.35704e-05
7.35473e-05
7.35241e-05
7.3501e-05
7.34779e-05
7.34548e-05
7.34317e-05
7.34087e-05
7.33856e-05
7.33626e-05
7.33397e-05
7.33167e-05
7.32938e-05
7.32709e-05
7.3248e-05
7.32251e-05
7.32023e-05
7.31795e-05
7.31567e-05
7.31339e-05
7.31111e-05
7.30884e-05
7.30657e-05
7.3043e-05
7.30204e-05
7.29977e-05
7.29751e-05
7.29525e-05
7.29299e-05
7.29074e-05
7.28849e-05
7.28624e-05
7.28399e-05
7.28174e-05
7.2795e-05
7.27726e-05
7.27502e-05
7.27278e-05
7.27054e-05
7.26831e-05
7.26608e-05
7.26385e-05
7.26162e-05
7.2594e-05
7.25718e-05
7.25496e-05
7.25274e-05
7.25052e-05
7.24831e-05
7.2461e-05
7.24389e-05
7.24168e-05
7.23948e-05
7.23728e-05
7.23508e-05
7.23288e-05
7.23068e-05
7.22849e-05
7.2263e-05
7.22411e-05
7.22192e-05
7.21973e-05
7.21755e-05
7.21537e-05
7.21319e-05
7.21101e-05
7.20884e-05
7.20667e-05
7.2045e-05
7.20233e-05
7.20016e-05
7.198e-05
7.19584e-05
7.19368e-05
7.19152e-05
7.18936e-05
7.18721e-05
7.18506e-05
7.18291e-05
7.18076e-05
7.17862e-05
7.17648e-05
7.17433e-05
7.1722e-05
7.17006e-05
7.16792e-05
7.16579e-05
7.16366e-05
7.16153e-05
7.15941e-05
7.15728e-05
7.15516e-05
7.15304e-05
7.15092e-05
7.14881e-05
7.1467e-05
7.14458e-05
7.14247e-05
7.14037e-05
7.13826e-05
7.13616e-05
7.13406e-05
7.13196e-05
7.12986e-05
7.12777e-05
7.12567e-05
7.12358e-05
7.12149e-05
7.11941e-05
7.11732e-05
7.11524e-05
7.11316e-05
7.11108e-05
7.109e-05
7.10693e-05
7.10486e-05
7.10279e-05
7.10072e-05
7.09865e-05
7.09659e-05
7.09453e-05
7.09247e-05
7.09041e-05
7.08835e-05
7.0863e-05
7.08424e-05
7.08219e-05
7.08015e-05
7.0781e-05
7.07606e-05
7.07401e-05
7.07197e-05
7.06994e-05
7.0679e-05
7.06586e-05
7.06383e-05
7.0618e-05
7.05977e-05
7.05775e-05
7.05572e-05
7.0537e-05
7.05168e-05
7.04966e-05
7.04765e-05
7.04563e-05
7.04362e-05
7.04161e-05
7.0396e-05
7.0376e-05
7.03559e-05
7.03359e-05
7.03159e-05
7.02959e-05
7.02759e-05
7.0256e-05
7.02361e-05
7.02162e-05
7.01963e-05
7.01764e-05
7.01566e-05
7.01367e-05
7.01169e-05
7.00971e-05
7.00774e-05
7.00576e-05
7.00379e-05
7.00182e-05
6.99985e-05
6.99788e-05
6.99591e-05
6.99395e-05
6.99199e-05
6.99003e-05
6.98807e-05
6.98612e-05
6.98416e-05
6.98221e-05
6.98026e-05
6.97831e-05
6.97637e-05
6.97442e-05
6.97248e-05
6.97054e-05
6.9686e-05
6.96666e-05
6.96473e-05
6.9628e-05
6.96087e-05
6.95894e-05
6.95701e-05
6.95508e-05
6.95316e-05
6.95124e-05
6.94932e-05
6.9474e-05
6.94549e-05
6.94357e-05
6.94166e-05
6.93975e-05
6.93784e-05
6.93593e-05
6.93403e-05
6.93213e-05
6.93023e-05
6.92833e-05
6.92643e-05
6.92454e-05
6.92264e-05
6.92075e-05
6.91886e-05
6.91697e-05
6.91509e-05
6.9132e-05
6.91132e-05
6.90944e-05
6.90756e-05
6.90568e-05
6.90381e-05
6.90194e-05
6.90007e-05
6.8982e-05
6.89633e-05
6.89446e-05
6.8926e-05
6.89074e-05
6.88888e-05
6.88702e-05
6.88516e-05
6.88331e-05
6.88145e-05
6.8796e-05
6.87775e-05
6.87591e-05
6.87406e-05
6.87222e-05
6.87038e-05
6.86853e-05
6.8667e-05
6.86486e-05
6.86303e-05
6.86119e-05
6.85936e-05
6.85753e-05
6.8557e-05
6.85388e-05
6.85205e-05
6.85023e-05
6.84841e-05
6.84659e-05
6.84478e-05
6.84296e-05
6.84115e-05
6.83934e-05
6.83753e-05
6.83572e-05
6.83391e-05
6.83211e-05
6.83031e-05
6.8285e-05
6.82671e-05
6.82491e-05
6.82311e-05
6.82132e-05
6.81953e-05
6.81774e-05
6.81595e-05
6.81416e-05
6.81238e-05
6.81059e-05
6.80881e-05
6.80703e-05
6.80525e-05
6.80348e-05
6.8017e-05
6.79993e-05
6.79816e-05
6.79639e-05
6.79462e-05
6.79286e-05
6.79109e-05
6.78933e-05
6.78757e-05
6.78581e-05
6.78405e-05
6.7823e-05
6.78054e-05
6.77879e-05
6.77704e-05
6.77529e-05
6.77355e-05
6.7718e-05
6.77006e-05
6.76832e-05
6.76658e-05
6.76484e-05
6.7631e-05
6.76137e-05
6.75963e-05
6.7579e-05
6.75617e-05
6.75444e-05
6.75272e-05
6.75099e-05
6.74927e-05
6.74755e-05
6.74583e-05
6.74411e-05
6.7424e-05
6.74068e-05
6.73897e-05
6.73726e-05
6.73555e-05
6.73384e-05
6.73213e-05
6.73043e-05
6.72873e-05
6.72703e-05
6.72533e-05
6.72363e-05
6.72193e-05
6.72024e-05
6.71855e-05
6.71685e-05
6.71517e-05
6.71348e-05
6.71179e-05
6.71011e-05
6.70842e-05
6.70674e-05
6.70506e-05
6.70339e-05
6.70171e-05
6.70003e-05
6.69836e-05
6.69669e-05
6.69502e-05
6.69335e-05
6.69169e-05
6.69002e-05
6.68836e-05
6.6867e-05
6.68504e-05
6.68338e-05
6.68172e-05
6.68007e-05
6.67842e-05
6.67676e-05
6.67511e-05
6.67347e-05
6.67182e-05
6.67017e-05
6.66853e-05
6.66689e-05
6.66525e-05
6.66361e-05
6.66197e-05
6.66034e-05
6.6587e-05
6.65707e-05
6.65544e-05
6.65381e-05
6.65218e-05
6.65056e-05
6.64893e-05
6.64731e-05
6.64569e-05
6.64407e-05
6.64245e-05
6.64083e-05
6.63922e-05
6.63761e-05
6.636e-05
6.63439e-05
6.63278e-05
6.63117e-05
6.62957e-05
6.62796e-05
6.62636e-05
6.62476e-05
6.62316e-05
6.62156e-05
6.61997e-05
6.61837e-05
6.61678e-05
6.61519e-05
6.6136e-05
6.61201e-05
6.61042e-05
6.60884e-05
6.60726e-05
6.60568e-05
6.60409e-05
6.60252e-05
6.60094e-05
6.59936e-05
6.59779e-05
6.59622e-05
6.59465e-05
6.59308e-05
6.59151e-05
6.58994e-05
6.58838e-05
6.58681e-05
6.58525e-05
6.58369e-05
6.58213e-05
6.58058e-05
6.57902e-05
6.57747e-05
6.57592e-05
6.57436e-05
6.57282e-05
6.57127e-05
6.56972e-05
6.56818e-05
6.56663e-05
6.56509e-05
6.56355e-05
6.56201e-05
6.56047e-05
6.55894e-05
6.5574e-05
6.55587e-05
6.55434e-05
6.55281e-05
6.55128e-05
6.54976e-05
6.54823e-05
6.54671e-05
6.54518e-05
6.54366e-05
6.54214e-05
6.54063e-05
6.53911e-05
6.5376e-05
6.53608e-05
6.53457e-05
6.53306e-05
6.53155e-05
6.53004e-05
6.52854e-05
6.52703e-05
6.52553e-05
6.52403e-05
6.52253e-05
6.52103e-05
6.51953e-05
6.51804e-05
6.51654e-05
6.51505e-05
6.51356e-05
6.51207e-05
6.51058e-05
6.5091e-05
6.50761e-05
6.50613e-05
6.50464e-05
6.50316e-05
6.50168e-05
6.50021e-05
6.49873e-05
6.49725e-05
6.49578e-05
6.49431e-05
6.49284e-05
6.49137e-05
6.4899e-05
6.48843e-05
6.48697e-05
6.48551e-05
6.48404e-05
6.48258e-05
6.48112e-05
6.47967e-05
6.47821e-05
6.47676e-05
6.4753e-05
6.47385e-05
6.4724e-05
6.47095e-05
6.4695e-05
6.46806e-05
6.46661e-05
6.46517e-05
6.46373e-05
6.46228e-05
6.46085e-05
6.45941e-05
6.45797e-05
6.45654e-05
6.4551e-05
6.45367e-05
6.45224e-05
6.45081e-05
6.44938e-05
6.44796e-05
6.44653e-05
6.44511e-05
6.44368e-05
6.44226e-05
6.44084e-05
6.43942e-05
6.43801e-05
6.43659e-05
6.43518e-05
6.43377e-05
6.43235e-05
6.43095e-05
6.42954e-05
6.42813e-05
6.42672e-05
6.42532e-05
6.42392e-05
6.42251e-05
6.42111e-05
6.41972e-05
6.41832e-05
6.41692e-05
6.41553e-05
6.41413e-05
6.41274e-05
6.41135e-05
6.40996e-05
6.40857e-05
6.40719e-05
6.4058e-05
6.40442e-05
6.40304e-05
6.40166e-05
6.40028e-05
6.3989e-05
6.39752e-05
6.39615e-05
6.39477e-05
6.3934e-05
6.39203e-05
6.39066e-05
6.38929e-05
6.38792e-05
6.38655e-05
6.38519e-05
6.38383e-05
6.38246e-05
6.3811e-05
6.37974e-05
6.37839e-05
6.37703e-05
6.37567e-05
6.37432e-05
6.37297e-05
6.37161e-05
6.37026e-05
6.36892e-05
6.36757e-05
6.36622e-05
6.36488e-05
6.36353e-05
6.36219e-05
6.36085e-05
6.35951e-05
6.35817e-05
6.35684e-05
6.3555e-05
6.35417e-05
6.35283e-05
6.3515e-05
6.35017e-05
6.34884e-05
6.34751e-05
6.34619e-05
6.34486e-05
6.34354e-05
6.34222e-05
6.34089e-05
6.33957e-05
6.33826e-05
6.33694e-05
6.33562e-05
6.33431e-05
6.33299e-05
6.33168e-05
6.33037e-05
6.32906e-05
6.32775e-05
6.32645e-05
6.32514e-05
6.32384e-05
6.32253e-05
6.32123e-05
6.31993e-05
6.31863e-05
6.31733e-05
6.31604e-05
6.31474e-05
6.31345e-05
6.31215e-05
6.31086e-05
6.30957e-05
6.30828e-05
6.30699e-05
6.30571e-05
6.30442e-05
6.30314e-05
6.30186e-05
6.30057e-05
6.29929e-05
6.29801e-05
6.29674e-05
6.29546e-05
6.29418e-05
6.29291e-05
6.29164e-05
6.29037e-05
6.2891e-05
6.28783e-05
6.28656e-05
6.28529e-05
6.28403e-05
6.28276e-05
6.2815e-05
6.28024e-05
6.27898e-05
6.27772e-05
6.27646e-05
6.27521e-05
6.27395e-05
6.2727e-05
6.27144e-05
6.27019e-05
6.26894e-05
6.26769e-05
6.26644e-05
6.2652e-05
6.26395e-05
6.26271e-05
6.26146e-05
6.26022e-05
6.25898e-05
6.25774e-05
6.2565e-05
6.25527e-05
6.25403e-05
6.2528e-05
6.25156e-05
6.25033e-05
6.2491e-05
6.24787e-05
6.24664e-05
6.24541e-05
6.24419e-05
6.24296e-05
6.24174e-05
6.24052e-05
6.2393e-05
6.23808e-05
6.23686e-05
6.23564e-05
6.23442e-05
6.23321e-05
6.23199e-05
6.23078e-05
6.22957e-05
6.22836e-05
6.22715e-05
6.22594e-05
6.22473e-05
6.22353e-05
6.22232e-05
6.22112e-05
6.21992e-05
6.21872e-05
6.21752e-05
6.21632e-05
6.21512e-05
6.21393e-05
6.21273e-05
6.21154e-05
6.21034e-05
6.20915e-05
6.20796e-05
6.20677e-05
6.20558e-05
6.2044e-05
6.20321e-05
6.20203e-05
6.20084e-05
6.19966e-05
6.19848e-05
6.1973e-05
6.19612e-05
6.19494e-05
6.19377e-05
6.19259e-05
6.19142e-05
6.19025e-05
6.18907e-05
6.1879e-05
6.18673e-05
6.18556e-05
6.1844e-05
6.18323e-05
6.18207e-05
6.1809e-05
6.17974e-05
6.17858e-05
6.17742e-05
6.17626e-05
6.1751e-05
6.17394e-05
6.17279e-05
6.17163e-05
6.17048e-05
6.16933e-05
6.16818e-05
6.16703e-05
6.16588e-05
6.16473e-05
6.16358e-05
6.16244e-05
6.16129e-05
6.16015e-05
6.15901e-05
6.15787e-05
6.15673e-05
6.15559e-05
6.15445e-05
6.15331e-05
6.15218e-05
6.15104e-05
6.14991e-05
6.14878e-05
6.14765e-05
6.14652e-05
6.14539e-05
6.14426e-05
6.14313e-05
6.14201e-05
6.14088e-05
6.13976e-05
6.13864e-05
6.13752e-05
6.1364e-05
6.13528e-05
6.13416e-05
6.13304e-05
6.13193e-05
6.13081e-05
6.1297e-05
6.12859e-05
6.12748e-05
6.12637e-05
6.12526e-05
6.12415e-05
6.12304e-05
6.12194e-05
6.12083e-05
6.11973e-05
6.11863e-05
6.11752e-05
6.11642e-05
6.11533e-05
6.11423e-05
6.11313e-05
6.11203e-05
6.11094e-05
6.10985e-05
6.10875e-05
6.10766e-05
6.10657e-05
6.10548e-05
6.10439e-05
6.1033e-05
6.10222e-05
6.10113e-05
6.10005e-05
6.09897e-05
6.09788e-05
6.0968e-05
6.09572e-05
6.09464e-05
6.09357e-05
6.09249e-05
6.09141e-05
6.09034e-05
6.08927e-05
6.08819e-05
6.08712e-05
6.08605e-05
6.08498e-05
6.08391e-05
6.08285e-05
6.08178e-05
6.08072e-05
6.07965e-05
6.07859e-05
6.07753e-05
6.07646e-05
6.0754e-05
6.07435e-05
6.07329e-05
6.07223e-05
6.07118e-05
6.07012e-05
6.06907e-05
6.06801e-05
6.06696e-05
6.06591e-05
6.06486e-05
6.06381e-05
6.06277e-05
6.06172e-05
6.06068e-05
6.05963e-05
6.05859e-05
6.05754e-05
6.0565e-05
6.05546e-05
6.05442e-05
6.05339e-05
6.05235e-05
6.05131e-05
6.05028e-05
6.04924e-05
6.04821e-05
6.04718e-05
6.04615e-05
6.04512e-05
6.04409e-05
6.04306e-05
6.04203e-05
6.04101e-05
6.03998e-05
6.03896e-05
6.03793e-05
6.03691e-05
6.03589e-05
6.03487e-05
6.03385e-05
6.03283e-05
6.03182e-05
6.0308e-05
6.02979e-05
6.02877e-05
6.02776e-05
6.02675e-05
6.02574e-05
6.02473e-05
6.02372e-05
6.02271e-05
6.0217e-05
6.0207e-05
6.01969e-05
6.01869e-05
6.01768e-05
6.01668e-05
6.01568e-05
6.01468e-05
6.01368e-05
6.01268e-05
6.01169e-05
6.01069e-05
6.00969e-05
6.0087e-05
6.00771e-05
6.00671e-05
6.00572e-05
6.00473e-05
6.00374e-05
6.00275e-05
6.00177e-05
6.00078e-05
5.9998e-05
5.99881e-05
5.99783e-05
5.99684e-05
5.99586e-05
5.99488e-05
5.9939e-05
5.99292e-05
5.99195e-05
5.99097e-05
5.98999e-05
5.98902e-05
5.98805e-05
5.98707e-05
5.9861e-05
5.98513e-05
5.98416e-05
5.98319e-05
5.98222e-05
5.98125e-05
5.98029e-05
5.97932e-05
5.97836e-05
5.9774e-05
5.97643e-05
5.97547e-05
5.97451e-05
5.97355e-05
5.97259e-05
5.97163e-05
5.97068e-05
5.96972e-05
5.96877e-05
5.96781e-05
5.96686e-05
5.96591e-05
5.96496e-05
5.96401e-05
5.96306e-05
5.96211e-05
5.96116e-05
5.96021e-05
5.95927e-05
5.95832e-05
5.95738e-05
5.95644e-05
5.9555e-05
5.95456e-05
5.95362e-05
5.95268e-05
5.95174e-05
5.9508e-05
5.94986e-05
5.94893e-05
5.94799e-05
5.94706e-05
5.94613e-05
5.9452e-05
5.94427e-05
5.94334e-05
5.94241e-05
5.94148e-05
5.94055e-05
5.93963e-05
5.9387e-05
5.93778e-05
5.93685e-05
5.93593e-05
5.93501e-05
5.93409e-05
5.93317e-05
5.93225e-05
5.93133e-05
5.93041e-05
5.9295e-05
5.92858e-05
5.92767e-05
5.92675e-05
5.92584e-05
5.92493e-05
5.92402e-05
5.92311e-05
5.9222e-05
5.92129e-05
5.92038e-05
5.91948e-05
5.91857e-05
5.91767e-05
5.91676e-05
5.91586e-05
5.91496e-05
5.91406e-05
5.91316e-05
5.91226e-05
5.91136e-05
5.91046e-05
5.90957e-05
5.90867e-05
5.90778e-05
5.90688e-05
5.90599e-05
5.9051e-05
5.9042e-05
5.90331e-05
5.90242e-05
5.90154e-05
5.90065e-05
5.89976e-05
5.89888e-05
5.89799e-05
5.89711e-05
5.89622e-05
5.89534e-05
5.89446e-05
5.89358e-05
5.8927e-05
5.89182e-05
5.89094e-05
5.89006e-05
5.88919e-05
5.88831e-05
5.88744e-05
5.88656e-05
5.88569e-05
5.88482e-05
5.88394e-05
5.88307e-05
5.8822e-05
5.88134e-05
5.88047e-05
5.8796e-05
5.87873e-05
5.87787e-05
5.877e-05
5.87614e-05
5.87528e-05
5.87442e-05
5.87355e-05
5.87269e-05
5.87183e-05
5.87098e-05
5.87012e-05
5.86926e-05
5.86841e-05
5.86755e-05
5.8667e-05
5.86584e-05
5.86499e-05
5.86414e-05
5.86329e-05
5.86244e-05
5.86159e-05
5.86074e-05
5.85989e-05
5.85904e-05
5.8582e-05
5.85735e-05
5.85651e-05
5.85566e-05
5.85482e-05
5.85398e-05
5.85314e-05
5.8523e-05
5.85146e-05
5.85062e-05
5.84978e-05
5.84895e-05
5.84811e-05
5.84727e-05
5.84644e-05
5.84561e-05
5.84477e-05
5.84394e-05
5.84311e-05
5.84228e-05
5.84145e-05
5.84062e-05
5.83979e-05
5.83897e-05
5.83814e-05
5.83732e-05
5.83649e-05
5.83567e-05
5.83484e-05
5.83402e-05
5.8332e-05
5.83238e-05
5.83156e-05
5.83074e-05
5.82992e-05
5.82911e-05
5.82829e-05
5.82747e-05
5.82666e-05
5.82584e-05
5.82503e-05
5.82422e-05
5.82341e-05
5.8226e-05
5.82179e-05
5.82098e-05
5.82017e-05
5.81936e-05
5.81855e-05
5.81775e-05
5.81694e-05
5.81614e-05
5.81533e-05
5.81453e-05
5.81373e-05
5.81293e-05
5.81213e-05
5.81133e-05
5.81053e-05
5.80973e-05
5.80893e-05
5.80813e-05
5.80734e-05
5.80654e-05
5.80575e-05
5.80495e-05
5.80416e-05
5.80337e-05
5.80258e-05
5.80179e-05
5.801e-05
5.80021e-05
5.79942e-05
5.79863e-05
5.79785e-05
5.79706e-05
5.79628e-05
5.79549e-05
5.79471e-05
5.79393e-05
5.79314e-05
5.79236e-05
5.79158e-05
5.7908e-05
5.79002e-05
5.78925e-05
5.78847e-05
5.78769e-05
5.78692e-05
5.78614e-05
5.78537e-05
5.78459e-05
5.78382e-05
5.78305e-05
5.78228e-05
5.78151e-05
5.78074e-05
5.77997e-05
5.7792e-05
5.77843e-05
5.77767e-05
5.7769e-05
5.77613e-05
5.77537e-05
5.77461e-05
5.77384e-05
5.77308e-05
5.77232e-05
5.77156e-05
5.7708e-05
5.77004e-05
5.76928e-05
5.76852e-05
5.76777e-05
5.76701e-05
5.76626e-05
5.7655e-05
5.76475e-05
5.76399e-05
5.76324e-05
5.76249e-05
5.76174e-05
5.76099e-05
5.76024e-05
5.75949e-05
5.75874e-05
5.75799e-05
5.75725e-05
5.7565e-05
5.75576e-05
5.75501e-05
5.75427e-05
5.75353e-05
5.75278e-05
5.75204e-05
5.7513e-05
5.75056e-05
5.74982e-05
5.74908e-05
5.74835e-05
5.74761e-05
5.74687e-05
5.74614e-05
5.7454e-05
5.74467e-05
5.74393e-05
5.7432e-05
5.74247e-05
5.74174e-05
5.74101e-05
5.74028e-05
5.73955e-05
5.73882e-05
5.73809e-05
5.73737e-05
5.73664e-05
5.73591e-05
5.73519e-05
5.73446e-05
5.73374e-05
5.73302e-05
5.7323e-05
5.73158e-05
5.73085e-05
5.73013e-05
5.72942e-05
5.7287e-05
5.72798e-05
5.72726e-05
5.72655e-05
5.72583e-05
5.72512e-05
5.7244e-05
5.72369e-05
5.72298e-05
5.72226e-05
5.72155e-05
5.72084e-05
5.72013e-05
5.71942e-05
5.71871e-05
5.718e-05
5.7173e-05
5.71659e-05
5.71589e-05
5.71518e-05
5.71448e-05
5.71377e-05
5.71307e-05
5.71237e-05
5.71166e-05
5.71096e-05
5.71026e-05
5.70956e-05
5.70887e-05

