5e-05
5e-05
5e-05
5e-05
5e-05
5e-05
5e-05
5e-05
5e-05
5e-05
5e-05
5e-05
5e-05
5e-05
5e-05
5e-05
5e-05
5e-05
5e-05
5e-05
5e-05
5e-05
5e-05
5e-05
5e-05
5e-05
5e-05
5e-05
5e-05
5e-05
5e-05
5e-05
5e-05
5e-05
5e-05
5e-05
5e-05
5e-05
5e-05
5e-05
5e-05
5e-05
5e-05
5e-05
5e-05
5e-05
5e-05
5e-05
5e-05
5e-05
5e-05
5e-05
5e-05
5e-05
5e-05
5e-05
5e-05
5e-05
5e-05
5e-05
5e-05
5e-05
5e-05
5e-05
5e-05
5e-05
5e-05
5e-05
5e-05
5e-05
5e-05
5e-05
5e-05
5e-05
5e-05
5e-05
5e-05
5e-05
5e-05
5e-05
5e-05
5e-05
5e-05
5e-05
5e-05
5e-05
5e-05
5e-05
5e-05
5e-05
5e-05
5e-05
5e-05
5e-05
5e-05
5e-05
5e-05
5e-05
5e-05
5e-05
5e-05
5e-05
5e-05
5e-05
5e-05
5e-05
5e-05
5e-05
5e-05
5e-05
5e-05
5e-05
5e-05
5e-05
5e-05
5e-05
5e-05
5e-05
5e-05
5e-05
5e-05
5e-05
5e-05
5e-05
5e-05
5e-05
5e-05
5e-05
5e-05
5e-05
5e-05
5e-05
5e-05
5e-05
5e-05
5e-05
5e-05
5e-05
5e-05
5e-05
5e-05
5e-05
5e-05
5e-05
5e-05
5e-05
5e-05
5e-05
5e-05
5e-05
5e-05
5e-05
5e-05
5e-05
5e-05
5e-05
5e-05
5e-05
5e-05
5e-05
5e-05
5e-05
5e-05
5e-05
5e-05
5e-05
5e-05
5e-05
5e-05
5e-05
5e-05
5e-05
5e-05
5e-05
5e-05
5e-05
5e-05
5e-05
5e-05
5e-05
5e-05
5e-05
5e-05
5e-05
5e-05
5e-05
5e-05
5e-05
5e-05
5e-05
5e-05
5e-05
5e-05
5e-05
5e-05
5e-05
5e-05
5e-05
5e-05
5e-05
5e-05
5e-05
5e-05
5e-05
5e-05
5e-05
5e-05
5e-05
5e-05
5e-05
5e-05
5e-05
5e-05
5e-05
5e-05
5e-05
5e-05
5e-05
5e-05
5e-05
5e-05
5e-05
5e-05
5e-05
5e-05
5e-05
5e-05
5e-05
5e-05
5e-05
5e-05
5e-05
5e-05
5e-05
5e-05
5e-05
5e-05
5e-05
5e-05
5e-05
5e-05
5e-05
5e-05
5e-05
5e-05
5e-05
5e-05
5e-05
5e-05
5e-05
5e-05
5e-05
5e-05
5e-05
5e-05
5e-05
5e-05
5e-05
5e-05
5e-05
5e-05
5e-05
5e-05
5e-05
5e-05
5e-05
5e-05
5e-05
5e-05
5e-05
5e-05
5e-05
5e-05
5e-05
5e-05
5e-05
5e-05
5e-05
5e-05
5e-05
5e-05
5e-05
5e-05
5e-05
5e-05
5e-05
5e-05
5e-05
5e-05
5e-05
5e-05
5e-05
5e-05
5e-05
5e-05
5e-05
5e-05
5e-05
5e-05
5e-05
5e-05
5e-05
5e-05
5e-05
5e-05
5e-05
5e-05
5e-05
5e-05
5e-05
5e-05
5e-05
5e-05
5e-05
5e-05
5e-05
5e-05
5e-05
5e-05
5e-05
5e-05
5e-05
5e-05
5e-05
5e-05
5e-05
5e-05
5e-05
5e-05
5e-05
5e-05
5e-05
5e-05
5e-05
5e-05
5e-05
5e-05
5e-05
5e-05
5e-05
5e-05
5e-05
5e-05
5e-05
5e-05
5e-05
5e-05
5e-05
5e-05
5e-05
5e-05
5e-05
5e-05
5e-05
5e-05
5e-05
5e-05
5e-05
5e-05
5e-05
5e-05
5e-05
5e-05
5e-05
5e-05
5e-05
5e-05
5e-05
5e-05
5e-05
5e-05
5e-05
5e-05
5e-05
5e-05
5e-05
5e-05
5e-05
5e-05
5e-05
5e-05
5e-05
5e-05
5e-05
5e-05
5e-05
5e-05
5e-05
5e-05
5e-05
5e-05
5e-05
5e-05
5e-05
5e-05
5e-05
5e-05
5e-05
5e-05
5e-05
5e-05
5e-05
5e-05
5e-05
5e-05
5e-05
5e-05
5e-05
5e-05
5e-05
5e-05
5e-05
5e-05
5e-05
5e-05
5e-05
5e-05
5e-05
5e-05
5e-05
5e-05
5e-05
5e-05
5e-05
5e-05
5e-05
5e-05
5e-05
5e-05
5e-05
5e-05
5e-05
5e-05
5e-05
5e-05
5e-05
5e-05
5e-05
5e-05
5e-05
5e-05
5e-05
5e-05
5e-05
5e-05
5e-05
5e-05
5e-05
5e-05
5e-05
5e-05
5e-05
5e-05
5e-05
5e-05
5e-05
5e-05
5e-05
5e-05
5e-05
5e-05
5e-05
5e-05
5e-05
5e-05
5e-05
5e-05
5e-05
5e-05
5e-05
5e-05
5e-05
5e-05
5e-05
5e-05
5e-05
5e-05
5e-05
5e-05
5e-05
5e-05
5e-05
5e-05
5e-05
5e-05
5e-05
5e-05
5e-05
5e-05
5e-05
5e-05
5e-05
5e-05
5e-05
5e-05
5e-05
5e-05
5e-05
5e-05
5e-05
5e-05
5e-05
5e-05
5e-05
5e-05
5e-05
5e-05
5e-05
5e-05
5e-05
5e-05
5e-05
5e-05
5e-05
5e-05
5e-05
5e-05
5e-05
5e-05
5e-05
5e-05
5e-05
5e-05
5e-05
5e-05
5e-05
5e-05
5e-05
5e-05
5e-05
5e-05
5e-05
5e-05
5e-05
5e-05
5e-05
5e-05
5e-05
5e-05
5e-05
5e-05
5e-05
5e-05
5e-05
5e-05
5e-05
5e-05
5e-05
5e-05
5e-05
5e-05
5e-05
5e-05
5e-05
5e-05
5e-05
5e-05
5e-05
5e-05
5e-05
5e-05
5e-05
5e-05
5e-05
5e-05
5e-05
5e-05
5e-05
5e-05
5e-05
5e-05
5e-05
5e-05
5e-05
5e-05
5e-05
5e-05
5e-05
5e-05
5e-05
5e-05
5e-05
5e-05
5e-05
5e-05
5e-05
5e-05
5e-05
5e-05
5e-05
5e-05
5e-05
5e-05
5e-05
5e-05
5e-05
5e-05
5e-05
5e-05
5e-05
5e-05
5e-05
5e-05
5e-05
5e-05
5e-05
5e-05
5e-05
5e-05
5e-05
5e-05
5e-05
5e-05
5e-05
5e-05
5e-05
5e-05
5e-05
5e-05
5e-05
5e-05
5e-05
5e-05
5e-05
5e-05
5e-05
5e-05
5e-05
5e-05
5e-05
5e-05
5e-05
5e-05
5e-05
5e-05
5e-05
5e-05
5e-05
5e-05
5e-05
5e-05
5e-05
5e-05
5e-05
5e-05
5e-05
5e-05
5e-05
5e-05
5e-05
5e-05
5e-05
5e-05
5e-05
5e-05
5e-05
5e-05
5e-05
5e-05
5e-05
5e-05
5e-05
5e-05
5e-05
5e-05
5e-05
5e-05
5e-05
5e-05
5e-05
5e-05
5e-05
5e-05
5e-05
5e-05
5e-05
5e-05
5e-05
5e-05
5e-05
5e-05
5e-05
5e-05
5e-05
5e-05
5e-05
5e-05
5e-05
5e-05
5e-05
5e-05
5e-05
5e-05
5e-05
5e-05
5e-05
5e-05
5e-05
5e-05
5e-05
5e-05
5e-05
5e-05
5e-05
5e-05
5e-05
5e-05
5e-05
5e-05
5e-05
5e-05
5e-05
5e-05
5e-05
5e-05
5e-05
5e-05
5e-05
5e-05
5e-05
5e-05
5e-05
5e-05
5e-05
5e-05
5e-05
5e-05
5e-05
5e-05
5e-05
5e-05
5e-05
5e-05
5e-05
5e-05
5e-05
5e-05
5e-05
5e-05
5e-05
5e-05
5e-05
5e-05
5e-05
5e-05
5e-05
5e-05
5e-05
5e-05
5e-05
5e-05
5e-05
5e-05
5e-05
5e-05
5e-05
5e-05
5e-05
5e-05
5e-05
5e-05
5e-05
5e-05
5e-05
5e-05
5e-05
5e-05
5e-05
5e-05
5e-05
5e-05
5e-05
5e-05
5e-05
5e-05
5e-05
5e-05
5e-05
5e-05
5e-05
5e-05
5e-05
5e-05
5e-05
5e-05
5e-05
5e-05
5e-05
5e-05
5e-05
5e-05
5e-05
5e-05
5e-05
5e-05
5e-05
5e-05
5e-05
5e-05
5e-05
5e-05
5.06042e-05
5.2327e-05
5.54436e-05
6.00216e-05
6.59916e-05
7.32103e-05
8.15054e-05
9.07024e-05
0.00010064
0.000111177
0.000122193
0.000133588
0.000145282
0.000157208
0.000169314
0.000181559
0.000193911
0.000206342
0.000218834
0.00023137
0.000243937
0.000256527
0.000269132
0.000281745
0.000294363
0.000306981
0.000319597
0.00033221
0.000344816
0.000357416
0.000370007
0.00038259
0.000395164
0.000407727
0.000420281
0.000432824
0.000445356
0.000457878
0.000470389
0.000482889
0.000495378
0.000507857
0.000520324
0.00053278
0.000545226
0.00055766
0.000570084
0.000582496
0.000594898
0.000607289
0.000619669
0.000632038
0.000644396
0.000656744
0.000669081
0.000681407
0.000693723
0.000706028
0.000718322
0.000730606
0.00074288
0.000755143
0.000767395
0.000779637
0.000791869
0.00080409
0.000816301
0.000828501
0.000840692
0.000852872
0.000865042
0.000877202
0.000889351
0.000901491
0.00091362
0.00092574
0.000937849
0.000949948
0.000962038
0.000974117
0.000985583
0.00099592
0.00100485
0.00101231
0.00101837
0.00102317
0.00102687
0.00102967
0.00103171
0.00103314
0.00103408
0.00103463
0.00103487
0.00103486
0.00103466
0.00103432
0.00103385
0.00103329
0.00103266
0.00103198
0.00103125
0.00103049
0.0010297
0.00102889
0.00102807
0.00102723
0.00102639
0.00102554
0.00102468
0.00102382
0.00102296
0.00102209
0.00102123
0.00102036
0.00101949
0.00101862
0.00101775
0.00101689
0.00101602
0.00101515
0.00101428
0.00101342
0.00101255
0.00101168
0.00101082
0.00100995
0.00100909
0.00100823
0.00100736
0.0010065
0.00100564
0.00100478
0.00100392
0.00100306
0.0010022
0.00100135
0.00100049
0.000999632
0.000998777
0.000997922
0.000997067
0.000996214
0.000995361
0.000994509
0.000993658
0.000992807
0.000991957
0.000991108
0.000990259
0.000989411
0.000988564
0.000987717
0.000986872
0.000986027
0.000985182
0.000984338
0.000983495
0.000982653
0.000981812
0.000980971
0.00098013
0.000979291
0.000978452
0.000977614
0.000976776
0.00097594
0.000975104
0.000974268
0.000973434
0.0009726
0.000971766
0.000970934
0.000970102
0.000969271
0.00096844
0.00096761
0.000966781
0.000965952
0.000965125
0.000964298
0.000963471
0.000962645
0.00096182
0.000960996
0.000960172
0.000959349
0.000958527
0.000957705
0.000956884
0.000956064
0.000955245
0.000954426
0.000953607
0.00095279
0.000951973
0.000951157
0.000950341
0.000949526
0.000948712
0.000947899
0.000947086
0.000946274
0.000945462
0.000944652
0.000943842
0.000943032
0.000942223
0.000941415
0.000940608
0.000939801
0.000938995
0.00093819
0.000937385
0.000936581
0.000935778
0.000934975
0.000934173
0.000933371
0.000932571
0.000931771
0.000930971
0.000930173
0.000929375
0.000928577
0.00092778
0.000926984
0.000926189
0.000925394
0.0009246
0.000923807
0.000923014
0.000922222
0.000921431
0.00092064
0.00091985
0.00091906
0.000918272
0.000917484
0.000916696
0.000915909
0.000915123
0.000914338
0.000913553
0.000912769
0.000911985
0.000911202
0.00091042
0.000909639
0.000908858
0.000908078
0.000907298
0.000906519
0.000905741
0.000904963
0.000904186
0.00090341
0.000902634
0.000901859
0.000901085
0.000900311
0.000899538
0.000898766
0.000897994
0.000897223
0.000896452
0.000895683
0.000894913
0.000894145
0.000893377
0.00089261
0.000891843
0.000891077
0.000890312
0.000889547
0.000888783
0.00088802
0.000887257
0.000886495
0.000885734
0.000884973
0.000884213
0.000883453
0.000882694
0.000881936
0.000881178
0.000880421
0.000879665
0.000878909
0.000878154
0.0008774
0.000876646
0.000875893
0.00087514
0.000874388
0.000873637
0.000872886
0.000872136
0.000871387
0.000870638
0.00086989
0.000869143
0.000868396
0.00086765
0.000866904
0.000866159
0.000865415
0.000864671
0.000863928
0.000863186
0.000862444
0.000861703
0.000860962
0.000860222
0.000859483
0.000858744
0.000858006
0.000857269
0.000856532
0.000855796
0.00085506
0.000854325
0.000853591
0.000852857
0.000852124
0.000851392
0.00085066
0.000849928
0.000849198
0.000848468
0.000847739
0.00084701
0.000846282
0.000845554
0.000844827
0.000844101
0.000843375
0.00084265
0.000841926
0.000841202
0.000840479
0.000839756
0.000839034
0.000838313
0.000837592
0.000836872
0.000836152
0.000835433
0.000834715
0.000833997
0.00083328
0.000832564
0.000831848
0.000831133
0.000830418
0.000829704
0.00082899
0.000828278
0.000827565
0.000826854
0.000826143
0.000825432
0.000824723
0.000824013
0.000823305
0.000822597
0.000821889
0.000821182
0.000820476
0.000819771
0.000819066
0.000818361
0.000817657
0.000816954
0.000816252
0.00081555
0.000814848
0.000814147
0.000813447
0.000812748
0.000812049
0.00081135
0.000810652
0.000809955
0.000809258
0.000808562
0.000807867
0.000807172
0.000806478
0.000805784
0.000805091
0.000804399
0.000803707
0.000803015
0.000802325
0.000801634
0.000800945
0.000800256
0.000799568
0.00079888
0.000798193
0.000797506
0.00079682
0.000796135
0.00079545
0.000794766
0.000794082
0.000793399
0.000792716
0.000792034
0.000791353
0.000790672
0.000789992
0.000789313
0.000788634
0.000787955
0.000787277
0.0007866
0.000785923
0.000785247
0.000784572
0.000783897
0.000783222
0.000782549
0.000781875
0.000781203
0.000780531
0.000779859
0.000779188
0.000778518
0.000777848
0.000777179
0.00077651
0.000775842
0.000775175
0.000774508
0.000773842
0.000773176
0.000772511
0.000771846
0.000771182
0.000770519
0.000769856
0.000769194
0.000768532
0.000767871
0.00076721
0.00076655
0.00076589
0.000765232
0.000764573
0.000763915
0.000763258
0.000762602
0.000761946
0.00076129
0.000760635
0.000759981
0.000759327
0.000758674
0.000758021
0.000757369
0.000756717
0.000756066
0.000755416
0.000754766
0.000754116
0.000753468
0.000752819
0.000752172
0.000751525
0.000750878
0.000750232
0.000749587
0.000748942
0.000748298
0.000747654
0.000747011
0.000746368
0.000745726
0.000745084
0.000744443
0.000743803
0.000743163
0.000742524
0.000741885
0.000741247
0.000740609
0.000739972
0.000739335
0.000738699
0.000738064
0.000737429
0.000736794
0.000736161
0.000735527
0.000734895
0.000734262
0.000733631
0.000733
0.000732369
0.000731739
0.00073111
0.000730481
0.000729852
0.000729225
0.000728597
0.000727971
0.000727344
0.000726719
0.000726094
0.000725469
0.000724845
0.000724221
0.000723599
0.000722976
0.000722354
0.000721733
0.000721112
0.000720492
0.000719872
0.000719253
0.000718634
0.000718016
0.000717399
0.000716782
0.000716165
0.000715549
0.000714934
0.000714319
0.000713704
0.000713091
0.000712477
0.000711865
0.000711252
0.000710641
0.000710029
0.000709419
0.000708809
0.000708199
0.00070759
0.000706982
0.000706374
0.000705766
0.000705159
0.000704553
0.000703947
0.000703342
0.000702737
0.000702132
0.000701529
0.000700925
0.000700323
0.000699721
0.000699119
0.000698518
0.000697917
0.000697317
0.000696717
0.000696118
0.00069552
0.000694922
0.000694324
0.000693727
0.000693131
0.000692535
0.000691939
0.000691345
0.00069075
0.000690156
0.000689563
0.00068897
0.000688378
0.000687786
0.000687195
0.000686604
0.000686014
0.000685424
0.000684835
0.000684246
0.000683658
0.00068307
0.000682483
0.000681896
0.00068131
0.000680725
0.00068014
0.000679555
0.000678971
0.000678387
0.000677804
0.000677222
0.00067664
0.000676058
0.000675477
0.000674896
0.000674316
0.000673737
0.000673158
0.000672579
0.000672001
0.000671424
0.000670847
0.000670271
0.000669695
0.000669119
0.000668544
0.00066797
0.000667396
0.000666822
0.000666249
0.000665677
0.000665105
0.000664533
0.000663962
0.000663392
0.000662822
0.000662253
0.000661684
0.000661115
0.000660547
0.00065998
0.000659413
0.000658846
0.00065828
0.000657715
0.00065715
0.000656585
0.000656021
0.000655458
0.000654895
0.000654332
0.00065377
0.000653209
0.000652648
0.000652087
0.000651527
0.000650968
0.000650409
0.00064985
0.000649292
0.000648735
0.000648177
0.000647621
0.000647065
0.000646509
0.000645954
0.000645399
0.000644845
0.000644292
0.000643738
0.000643186
0.000642633
0.000642082
0.00064153
0.00064098
0.000640429
0.00063988
0.00063933
0.000638781
0.000638233
0.000637685
0.000637138
0.000636591
0.000636045
0.000635499
0.000634953
0.000634408
0.000633864
0.00063332
0.000632776
0.000632233
0.000631691
0.000631149
0.000630607
0.000630066
0.000629525
0.000628985
0.000628445
0.000627906
0.000627367
0.000626829
0.000626291
0.000625754
0.000625217
0.000624681
0.000624145
0.000623609
0.000623074
0.00062254
0.000622006
0.000621472
0.000620939
0.000620407
0.000619874
0.000619343
0.000618812
0.000618281
0.000617751
0.000617221
0.000616691
0.000616163
0.000615634
0.000615106
0.000614579
0.000614052
0.000613525
0.000612999
0.000612474
0.000611949
0.000611424
0.0006109
0.000610376
0.000609853
0.00060933
0.000608808
0.000608286
0.000607764
0.000607243
0.000606723
0.000606203
0.000605683
0.000605164
0.000604645
0.000604127
0.000603609
0.000603092
0.000602575
0.000602059
0.000601543
0.000601028
0.000600513
0.000599998
0.000599484
0.00059897
0.000598457
0.000597945
0.000597432
0.00059692
0.000596409
0.000595898
0.000595388
0.000594878
0.000594368
0.000593859
0.000593351
0.000592842
0.000592335
0.000591827
0.000591321
0.000590814
0.000590308
0.000589803
0.000589298
0.000588793
0.000588289
0.000587785
0.000587282
0.000586779
0.000586277
0.000585775
0.000585274
0.000584773
0.000584272
0.000583772
0.000583272
0.000582773
0.000582274
0.000581776
0.000581278
0.000580781
0.000580284
0.000579787
0.000579291
0.000578795
0.0005783
0.000577805
0.000577311
0.000576817
0.000576323
0.00057583
0.000575338
0.000574846
0.000574354
0.000573863
0.000573372
0.000572881
0.000572391
0.000571902
0.000571413
0.000570924
0.000570436
0.000569948
0.000569461
0.000568974
0.000568487
0.000568001
0.000567516
0.00056703
0.000566546
0.000566061
0.000565577
0.000565094
0.000564611
0.000564128
0.000563646
0.000563164
0.000562683
0.000562202
0.000561722
0.000561242
0.000560762
0.000560283
0.000559804
0.000559326
0.000558848
0.000558371
0.000557894
0.000557417
0.000556941
0.000556465
0.00055599
0.000555515
0.00055504
0.000554566
0.000554093
0.000553619
0.000553147
0.000552674
0.000552202
0.000551731
0.00055126
0.000550789
0.000550319
0.000549849
0.00054938
0.000548911
0.000548442
0.000547974
0.000547506
0.000547039
0.000546572
0.000546106
0.00054564
0.000545174
0.000544709
0.000544244
0.000543779
0.000543316
0.000542852
0.000542389
0.000541926
0.000541464
0.000541002
0.00054054
0.000540079
0.000539619
0.000539158
0.000538699
0.000538239
0.00053778
0.000537322
0.000536863
0.000536406
0.000535948
0.000535491
0.000535035
0.000534579
0.000534123
0.000533668
0.000533213
0.000532758
0.000532304
0.00053185
0.000531397
0.000530944
0.000530492
0.00053004
0.000529588
0.000529137
0.000528686
0.000528236
0.000527786
0.000527336
0.000526887
0.000526438
0.00052599
0.000525542
0.000525094
0.000524647
0.0005242
0.000523754
0.000523308
0.000522862
0.000522417
0.000521972
0.000521528
0.000521084
0.00052064
0.000520197
0.000519754
0.000519312
0.00051887
0.000518428
0.000517987
0.000517546
0.000517106
0.000516666
0.000516226
0.000515787
0.000515348
0.00051491
0.000514472
0.000514034
0.000513597
0.00051316
0.000512723
0.000512287
0.000511852
0.000511416
0.000510982
0.000510547
0.000510113
0.000509679
0.000509246
0.000508813
0.00050838
0.000507948
0.000507517
0.000507085
0.000506654
0.000506224
0.000505793
0.000505364
0.000504934
0.000504505
0.000504076
0.000503648
0.00050322
0.000502793
0.000502366
0.000501939
0.000501513
0.000501087
0.000500661
0.000500236
0.000499811
0.000499387
0.000498963
0.000498539
0.000498116
0.000497693
0.00049727
0.000496848
0.000496427
0.000496005
0.000495584
0.000495164
0.000494744
0.000494324
0.000493904
0.000493485
0.000493066
0.000492648
0.00049223
0.000491813
0.000491395
0.000490979
0.000490562
0.000490146
0.000489731
0.000489315
0.0004889
0.000488486
0.000488072
0.000487658
0.000487244
0.000486831
0.000486419
0.000486006
0.000485594
0.000485183
0.000484772
0.000484361
0.000483951
0.00048354
0.000483131
0.000482721
0.000482313
0.000481904
0.000481496
0.000481088
0.00048068
0.000480273
0.000479867
0.00047946
0.000479054
0.000478649
0.000478243
0.000477839
0.000477434
0.00047703
0.000476626
0.000476223
0.00047582
0.000475417
0.000475015
0.000474613
0.000474211
0.00047381
0.000473409
0.000473008
0.000472608
0.000472209
0.000471809
0.00047141
0.000471011
0.000470613
0.000470215
0.000469818
0.00046942
0.000469023
0.000468627
0.000468231
0.000467835
0.00046744
0.000467044
0.00046665
0.000466255
0.000465861
0.000465468
0.000465074
0.000464682
0.000464289
0.000463897
0.000463505
0.000463113
0.000462722
0.000462331
0.000461941
0.000461551
0.000461161
0.000460772
0.000460383
0.000459994
0.000459606
0.000459218
0.00045883
0.000458443
0.000458056
0.00045767
0.000457284
0.000456898
0.000456512
0.000456127
0.000455742
0.000455358
0.000454974
0.00045459
0.000454207
0.000453824
0.000453441
0.000453059
0.000452677
0.000452295
0.000451914
0.000451533
0.000451152
0.000450772
0.000450392
0.000450012
0.000449633
0.000449254
0.000448876
0.000448498
0.00044812
0.000447742
0.000447365
0.000446989
0.000446612
0.000446236
0.00044586
0.000445485
0.00044511
0.000444735
0.000444361
0.000443987
0.000443613
0.000443239
0.000442866
0.000442494
0.000442121
0.000441749
0.000441378
0.000441006
0.000440635
0.000440265
0.000439894
0.000439524
0.000439155
0.000438786
0.000438417
0.000438048
0.00043768
0.000437312
0.000436944
0.000436577
0.00043621
0.000435843
0.000435477
0.000435111
0.000434746
0.00043438
0.000434015
0.000433651
0.000433286
0.000432923
0.000432559
0.000432196
0.000431833
0.00043147
0.000431108
0.000430746
0.000430384
0.000430023
0.000429662
0.000429302
0.000428941
0.000428581
0.000428222
0.000427862
0.000427503
0.000427145
0.000426786
0.000426429
0.000426071
0.000425714
0.000425357
0.000425
0.000424644
0.000424288
0.000423932
0.000423576
0.000423221
0.000422867
0.000422512
0.000422158
0.000421805
0.000421451
0.000421098
0.000420745
0.000420393
0.000420041
0.000419689
0.000419337
0.000418986
0.000418635
0.000418285
0.000417935
0.000417585
0.000417235
0.000416886
0.000416537
0.000416189
0.00041584
0.000415492
0.000415145
0.000414798
0.000414451
0.000414104
0.000413758
0.000413412
0.000413066
0.00041272
0.000412375
0.000412031
0.000411686
0.000411342
0.000410998
0.000410655
0.000410312
0.000409969
0.000409626
0.000409284
0.000408942
0.0004086
0.000408259
0.000407918
0.000407577
0.000407237
0.000406897
0.000406557
0.000406218
0.000405879
0.00040554
0.000405202
0.000404863
0.000404526
0.000404188
0.000403851
0.000403514
0.000403177
0.000402841
0.000402505
0.000402169
0.000401834
0.000401499
0.000401164
0.00040083
0.000400496
0.000400162
0.000399828
0.000399495
0.000399162
0.000398829
0.000398497
0.000398165
0.000397833
0.000397502
0.000397171
0.00039684
0.00039651
0.00039618
0.00039585
0.00039552
0.000395191
0.000394862
0.000394533
0.000394205
0.000393877
0.000393549
0.000393222
0.000392895
0.000392568
0.000392241
0.000391915
0.000391589
0.000391264
0.000390938
0.000390613
0.000390288
0.000389964
0.00038964
0.000389316
0.000388993
0.000388669
0.000388346
0.000388024
0.000387701
0.000387379
0.000387058
0.000386736
0.000386415
0.000386094
0.000385774
0.000385453
0.000385133
0.000384814
0.000384494
0.000384175
0.000383856
0.000383538
0.00038322
0.000382902
0.000382584
0.000382267
0.00038195
0.000381633
0.000381317
0.000381001
0.000380685
0.000380369
0.000380054
0.000379739
0.000379424
0.00037911
0.000378796
0.000378482
0.000378168
0.000377855
0.000377542
0.00037723
0.000376917
0.000376605
0.000376293
0.000375982
0.000375671
0.00037536
0.000375049
0.000374739
0.000374429
0.000374119
0.000373809
0.0003735
0.000373191
0.000372883
0.000372574
0.000372266
0.000371958
0.000371651
0.000371344
0.000371037
0.00037073
0.000370424
0.000370118
0.000369812
0.000369507
0.000369201
0.000368896
0.000368592
0.000368287
0.000367983
0.000367679
0.000367376
0.000367073
0.00036677
0.000366467
0.000366165
0.000365863
0.000365561
0.000365259
0.000364958
0.000364657
0.000364356
0.000364056
0.000363755
0.000363456
0.000363156
0.000362857
0.000362558
0.000362259
0.00036196
0.000361662
0.000361364
0.000361066
0.000360769
0.000360472
0.000360175
0.000359879
0.000359582
0.000359286
0.00035899
0.000358695
0.0003584
0.000358105
0.00035781
0.000357516
0.000357222
0.000356928
0.000356634
0.000356341
0.000356048
0.000355755
0.000355463
0.000355171
0.000354879
0.000354587
0.000354296
0.000354005
0.000353714
0.000353423
0.000353133
0.000352843
0.000352553
0.000352264
0.000351974
0.000351685
0.000351397
0.000351108
0.00035082
0.000350532
0.000350245
0.000349957
0.00034967
0.000349383
0.000349097
0.000348811
0.000348525
0.000348239
0.000347953
0.000347668
0.000347383
0.000347098
0.000346814
0.00034653
0.000346246
0.000345962
0.000345679
0.000345396
0.000345113
0.000344831
0.000344548
0.000344266
0.000343984
0.000343703
0.000343422
0.000343141
0.00034286
0.000342579
0.000342299
0.000342019
0.000341739
0.00034146
0.000341181
0.000340902
0.000340623
0.000340345
0.000340067
0.000339789
0.000339511
0.000339234
0.000338957
0.00033868
0.000338403
0.000338127
0.000337851
0.000337575
0.0003373
0.000337024
0.000336749
0.000336474
0.0003362
0.000335926
0.000335652
0.000335378
0.000335104
0.000334831
0.000334558
0.000334285
0.000334013
0.000333741
0.000333469
0.000333197
0.000332925
0.000332654
0.000332383
0.000332113
0.000331842
0.000331572
0.000331302
0.000331032
0.000330763
0.000330494
0.000330225
0.000329956
0.000329687
0.000329419
0.000329151
0.000328884
0.000328616
0.000328349
0.000328082
0.000327815
0.000327549
0.000327283
0.000327017
0.000326751
0.000326486
0.00032622
0.000325955
0.000325691
0.000325426
0.000325162
0.000324898
0.000324634
0.000324371
0.000324108
0.000323845
0.000323582
0.000323319
0.000323057
0.000322795
0.000322533
0.000322272
0.00032201
0.000321749
0.000321489
0.000321228
0.000320968
0.000320708
0.000320448
0.000320188
0.000319929
0.00031967
0.000319411
0.000319152
0.000318894
0.000318636
0.000318378
0.00031812
0.000317863
0.000317606
0.000317349
0.000317092
0.000316836
0.00031658
0.000316324
0.000316068
0.000315813
0.000315557
0.000315302
0.000315048
0.000314793
0.000314539
0.000314285
0.000314031
0.000313777
0.000313524
0.000313271
0.000313018
0.000312765
0.000312513
0.000312261
0.000312009
0.000311757
0.000311506
0.000311255
0.000311004
0.000310753
0.000310503
0.000310252
0.000310002
0.000309752
0.000309503
0.000309254
0.000309004
0.000308756
0.000308507
0.000308259
0.00030801
0.000307762
0.000307515
0.000307267
0.00030702
0.000306773
0.000306526
0.00030628
0.000306033
0.000305787
0.000305542
0.000305296
0.000305051
0.000304805
0.00030456
0.000304316
0.000304071
0.000303827
0.000303583
0.000303339
0.000303096
0.000302852
0.000302609
0.000302366
0.000302124
0.000301881
0.000301639
0.000301397
0.000301156
0.000300914
0.000300673
0.000300432
0.000300191
0.00029995
0.00029971
0.00029947
0.00029923
0.00029899
0.000298751
0.000298511
0.000298272
0.000298034
0.000297795
0.000297557
0.000297319
0.000297081
0.000296843
0.000296606
0.000296368
0.000296131
0.000295894
0.000295658
0.000295422
0.000295185
0.00029495
0.000294714
0.000294478
0.000294243
0.000294008
0.000293773
0.000293539
0.000293304
0.00029307
0.000292836
0.000292603
0.000292369
0.000292136
0.000291903
0.00029167
0.000291438
0.000291205
0.000290973
0.000290741
0.000290509
0.000290278
0.000290047
0.000289816
0.000289585
0.000289354
0.000289124
0.000288893
0.000288663
0.000288434
0.000288204
0.000287975
0.000287746
0.000287517
0.000287288
0.00028706
0.000286831
0.000286603
0.000286376
0.000286148
0.000285921
0.000285693
0.000285466
0.00028524
0.000285013
0.000284787
0.000284561
0.000284335
0.000284109
0.000283884
0.000283658
0.000283433
0.000283208
0.000282984
0.000282759
0.000282535
0.000282311
0.000282087
0.000281864
0.00028164
0.000281417
0.000281194
0.000280972
0.000280749
0.000280527
0.000280305
0.000280083
0.000279861
0.00027964
0.000279418
0.000279197
0.000278976
0.000278756
0.000278535
0.000278315
0.000278095
0.000277875
0.000277656
0.000277436
0.000277217
0.000276998
0.000276779
0.000276561
0.000276342
0.000276124
0.000275906
0.000275688
0.000275471
0.000275253
0.000275036
0.000274819
0.000274603
0.000274386
0.00027417
0.000273954
0.000273738
0.000273522
0.000273307
0.000273091
0.000272876
0.000272661
0.000272447
0.000272232
0.000272018
0.000271804
0.00027159
0.000271376
0.000271163
0.000270949
0.000270736
0.000270524
0.000270311
0.000270098
0.000269886
0.000269674
0.000269462
0.00026925
0.000269039
0.000268828
0.000268617
0.000268406
0.000268195
0.000267985
0.000267774
0.000267564
0.000267354
0.000267145
0.000266935
0.000266726
0.000266517
0.000266308
0.000266099
0.000265891
0.000265682
0.000265474
0.000265266
0.000265059
0.000264851
0.000264644
0.000264437
0.00026423
0.000264023
0.000263817
0.00026361
0.000263404
0.000263198
0.000262992
0.000262787
0.000262581
0.000262376
0.000262171
0.000261967
0.000261762
0.000261558
0.000261353
0.000261149
0.000260946
0.000260742
0.000260538
0.000260335
0.000260132
0.000259929
0.000259727
0.000259524
0.000259322
0.00025912
0.000258918
0.000258716
0.000258515
0.000258313
0.000258112
0.000257911
0.000257711
0.00025751
0.00025731
0.000257109
0.000256909
0.00025671
0.00025651
0.000256311
0.000256111
0.000255912
0.000255713
0.000255515
0.000255316
0.000255118
0.00025492
0.000254722
0.000254524
0.000254327
0.000254129
0.000253932
0.000253735
0.000253538
0.000253342
0.000253145
0.000252949
0.000252753
0.000252557
0.000252361
0.000252166
0.000251971
0.000251775
0.000251581
0.000251386
0.000251191
0.000250997
0.000250803
0.000250609
0.000250415
0.000250221
0.000250028
0.000249834
0.000249641
0.000249448
0.000249256
0.000249063
0.000248871
0.000248678
0.000248486
0.000248295
0.000248103
0.000247911
0.00024772
0.000247529
0.000247338
0.000247147
0.000246957
0.000246766
0.000246576
0.000246386
0.000246196
0.000246007
0.000245817
0.000245628
0.000245439
0.00024525
0.000245061
0.000244873
0.000244684
0.000244496
0.000244308
0.00024412
0.000243932
0.000243745
0.000243557
0.00024337
0.000243183
0.000242997
0.00024281
0.000242623
0.000242437
0.000242251
0.000242065
0.000241879
0.000241694
0.000241509
0.000241323
0.000241138
0.000240953
0.000240769
0.000240584
0.0002404
0.000240216
0.000240032
0.000239848
0.000239664
0.000239481
0.000239298
0.000239114
0.000238932
0.000238749
0.000238566
0.000238384
0.000238202
0.000238019
0.000237838
0.000237656
0.000237474
0.000237293
0.000237112
0.000236931
0.00023675
0.000236569
0.000236389
0.000236208
0.000236028
0.000235848
0.000235668
0.000235489
0.000235309
0.00023513
0.000234951
0.000234772
0.000234593
0.000234414
0.000234236
0.000234057
0.000233879
0.000233701
0.000233523
0.000233346
0.000233168
0.000232991
0.000232814
0.000232637
0.00023246
0.000232284
0.000232107
0.000231931
0.000231755
0.000231579
0.000231403
0.000231227
0.000231052
0.000230877
0.000230702
0.000230527
0.000230352
0.000230177
0.000230003
0.000229829
0.000229654
0.000229481
0.000229307
0.000229133
0.00022896
0.000228786
0.000228613
0.00022844
0.000228268
0.000228095
0.000227922
0.00022775
0.000227578
0.000227406
0.000227234
0.000227063
0.000226891
0.00022672
0.000226549
0.000226378
0.000226207
0.000226036
0.000225866
0.000225695
0.000225525
0.000225355
0.000225185
0.000225016
0.000224846
0.000224677
0.000224507
0.000224338
0.00022417
0.000224001
0.000223832
0.000223664
0.000223496
0.000223328
0.00022316
0.000222992
0.000222824
0.000222657
0.00022249
0.000222322
0.000222155
0.000221989
0.000221822
0.000221655
0.000221489
0.000221323
0.000221157
0.000220991
0.000220825
0.00022066
0.000220495
0.000220329
0.000220164
0.000219999
0.000219835
0.00021967
0.000219506
0.000219341
0.000219177
0.000219013
0.000218849
0.000218686
0.000218522
0.000218359
0.000218196
0.000218033
0.00021787
0.000217707
0.000217544
0.000217382
0.00021722
0.000217058
0.000216896
0.000216734
0.000216572
0.000216411
0.00021625
0.000216088
0.000215927
0.000215766
0.000215606
0.000215445
0.000215285
0.000215125
0.000214964
0.000214804
0.000214645
0.000214485
0.000214326
0.000214166
0.000214007
0.000213848
0.000213689
0.00021353
0.000213372
0.000213213
0.000213055
0.000212897
0.000212739
0.000212581
0.000212423
0.000212266
0.000212109
0.000211951
0.000211794
0.000211637
0.000211481
0.000211324
0.000211167
0.000211011
0.000210855
0.000210699
0.000210543
0.000210387
0.000210232
0.000210076
0.000209921
0.000209766
0.000209611
0.000209456
0.000209301
0.000209147
0.000208992
0.000208838
0.000208684
0.00020853
0.000208376
0.000208223
0.000208069
0.000207916
0.000207763
0.000207609
0.000207457
0.000207304
0.000207151
0.000206999
0.000206846
0.000206694
0.000206542
0.00020639
0.000206238
0.000206087
0.000205935
0.000205784
0.000205633
0.000205482
0.000205331
0.00020518
0.000205029
0.000204879
0.000204729
0.000204579
0.000204428
0.000204279
0.000204129
0.000203979
0.00020383
0.00020368
0.000203531
0.000203382
0.000203233
0.000203085
0.000202936
0.000202788
0.000202639
0.000202491
0.000202343
0.000202195
0.000202047
0.0002019
0.000201752
0.000201605
0.000201458
0.000201311
0.000201164
0.000201017
0.00020087
0.000200724
0.000200578
0.000200431
0.000200285
0.000200139
0.000199994
0.000199848
0.000199703
0.000199557
0.000199412
0.000199267
0.000199122
0.000198977
0.000198832
0.000198688
0.000198543
0.000198399
0.000198255
0.000198111
0.000197967
0.000197824
0.00019768
0.000197537
0.000197393
0.00019725
0.000197107
0.000196964
0.000196821
0.000196679
0.000196536
0.000196394
0.000196252
0.00019611
0.000195968
0.000195826
0.000195684
0.000195543
0.000195401
0.00019526
0.000195119
0.000194978
0.000194837
0.000194697
0.000194556
0.000194416
0.000194275
0.000194135
0.000193995
0.000193855
0.000193715
0.000193576
0.000193436
0.000193297
0.000193158
0.000193019
0.00019288
0.000192741
0.000192602
0.000192463
0.000192325
0.000192187
0.000192049
0.000191911
0.000191773
0.000191635
0.000191497
0.00019136
0.000191222
0.000191085
0.000190948
0.000190811
0.000190674
0.000190537
0.000190401
0.000190264
0.000190128
0.000189992
0.000189856
0.00018972
0.000189584
0.000189448
0.000189313
0.000189177
0.000189042
0.000188907
0.000188772
0.000188637
0.000188502
0.000188368
0.000188233
0.000188099
0.000187964
0.00018783
0.000187696
0.000187563
0.000187429
0.000187295
0.000187162
0.000187028
0.000186895
0.000186762
0.000186629
0.000186496
0.000186363
0.000186231
0.000186098
0.000185966
0.000185834
0.000185702
0.00018557
0.000185438
0.000185306
0.000185175
0.000185043
0.000184912
0.000184781
0.00018465
0.000184519
0.000184388
0.000184257
0.000184127
0.000183996
0.000183866
0.000183736
0.000183606
0.000183476
0.000183346
0.000183216
0.000183087
0.000182957
0.000182828
0.000182699
0.00018257
0.000182441
0.000182312
0.000182183
0.000182055
0.000181926
0.000181798
0.00018167
0.000181542
0.000181414
0.000181286
0.000181158
0.000181031
0.000180903
0.000180776
0.000180648
0.000180521
0.000180394
0.000180268
0.000180141
0.000180014
0.000179888
0.000179761
0.000179635
0.000179509
0.000179383
0.000179257
0.000179131
0.000179006
0.00017888
0.000178755
0.000178629
0.000178504
0.000178379
0.000178254
0.00017813
0.000178005
0.00017788
0.000177756
0.000177632
0.000177507
0.000177383
0.000177259
0.000177135
0.000177012
0.000176888
0.000176765
0.000176641
0.000176518
0.000176395
0.000176272
0.000176149
0.000176026
0.000175904
0.000175781
0.000175659
0.000175536
0.000175414
0.000175292
0.00017517
0.000175048
0.000174927
0.000174805
0.000174683
0.000174562
0.000174441
0.00017432
0.000174199
0.000174078
0.000173957
0.000173836
0.000173716
0.000173595
0.000173475
0.000173355
0.000173235
0.000173115
0.000172995
0.000172875
0.000172755
0.000172636
0.000172517
0.000172397
0.000172278
0.000172159
0.00017204
0.000171921
0.000171803
0.000171684
0.000171566
0.000171447
0.000171329
0.000171211
0.000171093
0.000170975
0.000170857
0.000170739
0.000170622
0.000170504
0.000170387
0.00017027
0.000170153
0.000170036
0.000169919
0.000169802
0.000169685
0.000169569
0.000169452
0.000169336
0.00016922
0.000169104
0.000168988
0.000168872
0.000168756
0.00016864
0.000168525
0.000168409
0.000168294
0.000168179
0.000168064
0.000167949
0.000167834
0.000167719
0.000167604
0.00016749
0.000167375
0.000167261
0.000167147
0.000167033
0.000166919
0.000166805
0.000166691
0.000166577
0.000166464
0.00016635
0.000166237
0.000166124
0.00016601
0.000165897
0.000165785
0.000165672
0.000165559
0.000165446
0.000165334
0.000165222
0.000165109
0.000164997
0.000164885
0.000164773
0.000164661
0.00016455
0.000164438
0.000164327
0.000164215
0.000164104
0.000163993
0.000163882
0.000163771
0.00016366
0.000163549
0.000163438
0.000163328
0.000163217
0.000163107
0.000162997
0.000162887
0.000162777
0.000162667
0.000162557
0.000162447
0.000162338
0.000162228
0.000162119
0.00016201
0.0001619
0.000161791
0.000161682
0.000161574
0.000161465
0.000161356
0.000161248
0.000161139
0.000161031
0.000160923
0.000160815
0.000160707
0.000160599
0.000160491
0.000160383
0.000160275
0.000160168
0.000160061
0.000159953
0.000159846
0.000159739
0.000159632
0.000159525
0.000159418
0.000159312
0.000159205
0.000159099
0.000158992
0.000158886
0.00015878
0.000158674
0.000158568
0.000158462
0.000158356
0.000158251
0.000158145
0.00015804
0.000157934
0.000157829
0.000157724
0.000157619
0.000157514
0.000157409
0.000157305
0.0001572
0.000157095
0.000156991
0.000156887
0.000156782
0.000156678
0.000156574
0.00015647
0.000156367
0.000156263
0.000156159
0.000156056
0.000155952
0.000155849
0.000155746
0.000155643
0.00015554
0.000155437
0.000155334
0.000155231
0.000155128
0.000155026
0.000154923
0.000154821
0.000154719
0.000154617
0.000154515
0.000154413
0.000154311
0.000154209
0.000154108
0.000154006
0.000153905
0.000153803
0.000153702
0.000153601
0.0001535
0.000153399
0.000153298
0.000153197
0.000153097
0.000152996
0.000152896
0.000152795
0.000152695
0.000152595
0.000152495
0.000152395
0.000152295
0.000152195
0.000152095
0.000151996
0.000151896
0.000151797
0.000151697
0.000151598
0.000151499
0.0001514
0.000151301
0.000151202
0.000151104
0.000151005
0.000150906
0.000150808
0.00015071
0.000150611
0.000150513
0.000150415
0.000150317
0.000150219
0.000150121
0.000150024
0.000149926
0.000149829
0.000149731
0.000149634
0.000149537
0.00014944
0.000149343
0.000149246
0.000149149
0.000149052
0.000148955
0.000148859
0.000148762
0.000148666
0.00014857
0.000148473
0.000148377
0.000148281
0.000148185
0.00014809
0.000147994
0.000147898
0.000147803
0.000147707
0.000147612
0.000147517
0.000147421
0.000147326
0.000147231
0.000147136
0.000147042
0.000146947
0.000146852
0.000146758
0.000146663
0.000146569
0.000146475
0.000146381
0.000146287
0.000146193
0.000146099
0.000146005
0.000145911
0.000145817
0.000145724
0.000145631
0.000145537
0.000145444
0.000145351
0.000145258
0.000145165
0.000145072
0.000144979
0.000144886
0.000144794
0.000144701
0.000144609
0.000144516
0.000144424
0.000144332
0.00014424
0.000144148
0.000144056
0.000143964
0.000143872
0.000143781
0.000143689
0.000143598
0.000143506
0.000143415
0.000143324
0.000143232
0.000143141
0.000143051
0.00014296
0.000142869
0.000142778
0.000142688
0.000142597
0.000142507
0.000142416
0.000142326
0.000142236
0.000142146
0.000142056
0.000141966
0.000141876
0.000141787
0.000141697
0.000141607
0.000141518
0.000141428
0.000141339
0.00014125
0.000141161
0.000141072
0.000140983
0.000140894
0.000140805
0.000140717
0.000140628
0.00014054
0.000140451
0.000140363
0.000140274
0.000140186
0.000140098
0.00014001
0.000139922
0.000139835
0.000139747
0.000139659
0.000139572
0.000139484
0.000139397
0.000139309
0.000139222
0.000139135
0.000139048
0.000138961
0.000138874
0.000138787
0.0001387
0.000138614
0.000138527
0.000138441
0.000138354
0.000138268
0.000138182
0.000138096
0.00013801
0.000137924
0.000137838
0.000137752
0.000137666
0.000137581
0.000137495
0.00013741
0.000137324
0.000137239
0.000137154
0.000137068
0.000136983
0.000136898
0.000136814
0.000136729
0.000136644
0.000136559
0.000136475
0.00013639
0.000136306
0.000136222
0.000136137
0.000136053
0.000135969
0.000135885
0.000135801
0.000135717
0.000135634
0.00013555
0.000135466
0.000135383
0.000135299
0.000135216
0.000135133
0.000135049
0.000134966
0.000134883
0.0001348
0.000134718
0.000134635
0.000134552
0.000134469
0.000134387
0.000134304
0.000134222
0.00013414
0.000134057
0.000133975
0.000133893
0.000133811
0.000133729
0.000133648
0.000133566
0.000133484
0.000133403
0.000133321
0.00013324
0.000133158
0.000133077
0.000132996
0.000132915
0.000132834
0.000132753
0.000132672
0.000132591
0.00013251
0.00013243
0.000132349
0.000132269
0.000132188
0.000132108
0.000132028
0.000131947
0.000131867
0.000131787
0.000131707
0.000131627
0.000131548
0.000131468
0.000131388
0.000131309
0.000131229
0.00013115
0.00013107
0.000130991
0.000130912
0.000130833
0.000130754
0.000130675
0.000130596
0.000130517
0.000130439
0.00013036
0.000130281
0.000130203
0.000130125
0.000130046
0.000129968
0.00012989
0.000129812
0.000129734
0.000129656
0.000129578
0.0001295
0.000129422
0.000129345
0.000129267
0.00012919
0.000129112
0.000129035
0.000128957
0.00012888
0.000128803
0.000128726
0.000128649
0.000128572
0.000128495
0.000128419
0.000128342
0.000128265
0.000128189
0.000128112
0.000128036
0.00012796
0.000127883
0.000127807
0.000127731
0.000127655
0.000127579
0.000127503
0.000127428
0.000127352
0.000127276
0.000127201
0.000127125
0.00012705
0.000126974
0.000126899
0.000126824
0.000126749
0.000126674
0.000126599
0.000126524
0.000126449
0.000126374
0.0001263
0.000126225
0.00012615
0.000126076
0.000126001
0.000125927
0.000125853
0.000125779
0.000125705
0.000125631
0.000125557
0.000125483
0.000125409
0.000125335
0.000125261
0.000125188
0.000125114
0.000125041
0.000124967
0.000124894
0.000124821
0.000124748
0.000124674
0.000124601
0.000124528
0.000124456
0.000124383
0.00012431
0.000124237
0.000124165
0.000124092
0.00012402
0.000123947
0.000123875
0.000123803
0.00012373
0.000123658
0.000123586
0.000123514
0.000123442
0.00012337
0.000123299
0.000123227
0.000123155
0.000123084
0.000123012
0.000122941
0.000122869
0.000122798
0.000122727
0.000122656
0.000122585
0.000122514
0.000122443
0.000122372
0.000122301
0.00012223
0.00012216
0.000122089
0.000122019
0.000121948
0.000121878
0.000121807
0.000121737
0.000121667
0.000121597
0.000121527
0.000121457
0.000121387
0.000121317
0.000121247
0.000121177
0.000121108
0.000121038
0.000120969
0.000120899
0.00012083
0.000120761
0.000120691
0.000120622
0.000120553
0.000120484
0.000120415
0.000120346
0.000120277
0.000120209
0.00012014
0.000120071
0.000120003
0.000119934
0.000119866
0.000119797
0.000119729
0.000119661
0.000119593
0.000119524
0.000119456
0.000119388
0.000119321
0.000119253
0.000119185
0.000119117
0.00011905
0.000118982
0.000118915
0.000118847
0.00011878
0.000118712
0.000118645
0.000118578
0.000118511
0.000118444
0.000118377
0.00011831
0.000118243
0.000118176
0.000118109
0.000118043
0.000117976
0.00011791
0.000117843
0.000117777
0.00011771
0.000117644
0.000117578
0.000117512
0.000117446
0.00011738
0.000117314
0.000117248
0.000117182
0.000117116
0.000117051
0.000116985
0.000116919
0.000116854
0.000116788
0.000116723
0.000116658
0.000116592
0.000116527
0.000116462
0.000116397
0.000116332
0.000116267
0.000116202
0.000116137
0.000116073
0.000116008
0.000115943
0.000115879
0.000115814
0.00011575
0.000115686
0.000115621
0.000115557
0.000115493
0.000115429
0.000115365
0.000115301
0.000115237
0.000115173
0.000115109
0.000115045
0.000114982
0.000114918
0.000114854
0.000114791
0.000114727
0.000114664
0.000114601
0.000114537
0.000114474
0.000114411
0.000114348
0.000114285
0.000114222
0.000114159
0.000114096
0.000114034
0.000113971
0.000113908
0.000113846
0.000113783
0.000113721
0.000113658
0.000113596
0.000113534
0.000113472
0.000113409
0.000113347
0.000113285
0.000113223
0.000113161
0.0001131
0.000113038
0.000112976
0.000112914
0.000112853
0.000112791
0.00011273
0.000112668
0.000112607
0.000112546
0.000112484
0.000112423
0.000112362
0.000112301
0.00011224
0.000112179
0.000112118
0.000112057
0.000111996
0.000111936
0.000111875
0.000111814
0.000111754
0.000111693
0.000111633
0.000111573
0.000111512
0.000111452
0.000111392
0.000111332
0.000111272
0.000111212
0.000111152
0.000111092
0.000111032
0.000110972
0.000110913
0.000110853
0.000110793
0.000110734
0.000110674
0.000110615
0.000110555
0.000110496
0.000110437
0.000110378
0.000110318
0.000110259
0.0001102
0.000110141
0.000110082
0.000110024
0.000109965
0.000109906
0.000109847
0.000109789
0.00010973
0.000109672
0.000109613
0.000109555
0.000109497
0.000109438
0.00010938
0.000109322
0.000109264
0.000109206
0.000109148
0.00010909
0.000109032
0.000108974
0.000108916
0.000108859
0.000108801
0.000108743
0.000108686
0.000108628
0.000108571
0.000108513
0.000108456
0.000108399
0.000108342
0.000108284
0.000108227
0.00010817
0.000108113
0.000108056
0.000107999
0.000107943
0.000107886
0.000107829
0.000107772
0.000107716
0.000107659
0.000107603
0.000107546
0.00010749
0.000107434
0.000107377
0.000107321
0.000107265
0.000107209
0.000107153
0.000107097
0.000107041
0.000106985
0.000106929
0.000106873
0.000106818
0.000106762
0.000106706
0.000106651
0.000106595
0.00010654
0.000106484
0.000106429
0.000106374
0.000106319
0.000106263
0.000106208
0.000106153
0.000106098
0.000106043
0.000105988
0.000105933
0.000105879
0.000105824
0.000105769
0.000105714
0.00010566
0.000105605
0.000105551
0.000105496
0.000105442
0.000105388
0.000105333
0.000105279
0.000105225
0.000105171
0.000105117
0.000105063
0.000105009
0.000104955
0.000104901
0.000104847
0.000104793
0.00010474
0.000104686
0.000104632
0.000104579
0.000104525
0.000104472
0.000104419
0.000104365
0.000104312
0.000104259
0.000104206
0.000104152
0.000104099
0.000104046
0.000103993
0.00010394
0.000103888
0.000103835
0.000103782
0.000103729
0.000103677
0.000103624
0.000103571
0.000103519
0.000103466
0.000103414
0.000103362
0.000103309
0.000103257
0.000103205
0.000103153
0.000103101
0.000103049
0.000102997
0.000102945
0.000102893
0.000102841
0.000102789
0.000102737
0.000102686
0.000102634
0.000102582
0.000102531
0.000102479
0.000102428
0.000102377
0.000102325
0.000102274
0.000102223
0.000102171
0.00010212
0.000102069
0.000102018
0.000101967
0.000101916
0.000101865
0.000101815
0.000101764
0.000101713
0.000101662
0.000101612
0.000101561
0.00010151
0.00010146
0.00010141
0.000101359
0.000101309
0.000101258
0.000101208
0.000101158
0.000101108
0.000101058
0.000101008
0.000100958
0.000100908
0.000100858
0.000100808
0.000100758
0.000100708
0.000100659
0.000100609
0.000100559
0.00010051
0.00010046
0.000100411
0.000100361
0.000100312
0.000100263
0.000100213
0.000100164
0.000100115
0.000100066
0.000100017
9.99677e-05
9.99187e-05
9.98697e-05
9.98208e-05
9.9772e-05
9.97232e-05
9.96744e-05
9.96257e-05
9.9577e-05
9.95284e-05
9.94798e-05
9.94313e-05
9.93829e-05
9.93344e-05
9.92861e-05
9.92377e-05
9.91894e-05
9.91412e-05
9.9093e-05
9.90449e-05
9.89968e-05
9.89487e-05
9.89007e-05
9.88528e-05
9.88049e-05
9.8757e-05
9.87092e-05
9.86614e-05
9.86137e-05
9.8566e-05
9.85184e-05
9.84708e-05
9.84233e-05
9.83758e-05
9.83284e-05
9.8281e-05
9.82336e-05
9.81863e-05
9.81391e-05
9.80918e-05
9.80447e-05
9.79976e-05
9.79505e-05
9.79035e-05
9.78565e-05
9.78095e-05
9.77627e-05
9.77158e-05
9.7669e-05
9.76223e-05
9.75756e-05
9.75289e-05
9.74823e-05
9.74357e-05
9.73892e-05
9.73427e-05
9.72963e-05
9.72499e-05
9.72035e-05
9.71572e-05
9.7111e-05
9.70648e-05
9.70186e-05
9.69725e-05
9.69264e-05
9.68804e-05
9.68344e-05
9.67885e-05
9.67426e-05
9.66968e-05
9.66509e-05
9.66052e-05
9.65595e-05
9.65138e-05
9.64682e-05
9.64226e-05
9.63771e-05
9.63316e-05
9.62861e-05
9.62407e-05
9.61954e-05
9.61501e-05
9.61048e-05
9.60596e-05
9.60144e-05
9.59692e-05
9.59242e-05
9.58791e-05
9.58341e-05
9.57891e-05
9.57442e-05
9.56994e-05
9.56545e-05
9.56097e-05
9.5565e-05
9.55203e-05
9.54756e-05
9.5431e-05
9.53865e-05
9.53419e-05
9.52975e-05
9.5253e-05
9.52086e-05
9.51643e-05
9.512e-05
9.50757e-05
9.50315e-05
9.49873e-05
9.49432e-05
9.48991e-05
9.48551e-05
9.4811e-05
9.47671e-05
9.47232e-05
9.46793e-05
9.46355e-05
9.45917e-05
9.45479e-05
9.45042e-05
9.44606e-05
9.44169e-05
9.43734e-05
9.43298e-05
9.42863e-05
9.42429e-05
9.41995e-05
9.41561e-05
9.41128e-05
9.40695e-05
9.40263e-05
9.39831e-05
9.39399e-05
9.38968e-05
9.38538e-05
9.38107e-05
9.37677e-05
9.37248e-05
9.36819e-05
9.3639e-05
9.35962e-05
9.35535e-05
9.35107e-05
9.3468e-05
9.34254e-05
9.33828e-05
9.33402e-05
9.32977e-05
9.32552e-05
9.32128e-05
9.31704e-05
9.3128e-05
9.30857e-05
9.30434e-05
9.30012e-05
9.2959e-05
9.29168e-05
9.28747e-05
9.28326e-05
9.27906e-05
9.27486e-05
9.27067e-05
9.26648e-05
9.26229e-05
9.25811e-05
9.25393e-05
9.24976e-05
9.24559e-05
9.24142e-05
9.23726e-05
9.2331e-05
9.22895e-05
9.2248e-05
9.22065e-05
9.21651e-05
9.21237e-05
9.20824e-05
9.20411e-05
9.19998e-05
9.19586e-05
9.19174e-05
9.18763e-05
9.18352e-05
9.17942e-05
9.17532e-05
9.17122e-05
9.16712e-05
9.16304e-05
9.15895e-05
9.15487e-05
9.15079e-05
9.14672e-05
9.14265e-05
9.13858e-05
9.13452e-05
9.13046e-05
9.12641e-05
9.12236e-05
9.11832e-05
9.11427e-05
9.11024e-05
9.1062e-05
9.10217e-05
9.09815e-05
9.09412e-05
9.09011e-05
9.08609e-05
9.08208e-05
9.07808e-05
9.07407e-05
9.07008e-05
9.06608e-05
9.06209e-05
9.0581e-05
9.05412e-05
9.05014e-05
9.04617e-05
9.0422e-05
9.03823e-05
9.03426e-05
9.03031e-05
9.02635e-05
9.0224e-05
9.01845e-05
9.01451e-05
9.01057e-05
9.00663e-05
9.0027e-05
8.99877e-05
8.99484e-05
8.99092e-05
8.98701e-05
8.98309e-05
8.97918e-05
8.97528e-05
8.97138e-05
8.96748e-05
8.96358e-05
8.95969e-05
8.95581e-05
8.95192e-05
8.94804e-05
8.94417e-05
8.9403e-05
8.93643e-05
8.93257e-05
8.92871e-05
8.92485e-05
8.921e-05
8.91715e-05
8.9133e-05
8.90946e-05
8.90563e-05
8.90179e-05
8.89796e-05
8.89414e-05
8.89031e-05
8.88649e-05
8.88268e-05
8.87887e-05
8.87506e-05
8.87126e-05
8.86746e-05
8.86366e-05
8.85987e-05
8.85608e-05
8.85229e-05
8.84851e-05
8.84473e-05
8.84096e-05
8.83719e-05
8.83342e-05
8.82966e-05
8.8259e-05
8.82214e-05
8.81839e-05
8.81464e-05
8.8109e-05
8.80716e-05
8.80342e-05
8.79969e-05
8.79596e-05
8.79223e-05
8.78851e-05
8.78479e-05
8.78107e-05
8.77736e-05
8.77365e-05
8.76995e-05
8.76625e-05
8.76255e-05
8.75885e-05
8.75516e-05
8.75148e-05
8.7478e-05
8.74412e-05
8.74044e-05
8.73677e-05
8.7331e-05
8.72943e-05
8.72577e-05
8.72212e-05
8.71846e-05
8.71481e-05
8.71116e-05
8.70752e-05
8.70388e-05
8.70024e-05
8.69661e-05
8.69298e-05
8.68936e-05
8.68573e-05
8.68211e-05
8.6785e-05
8.67489e-05
8.67128e-05
8.66768e-05
8.66407e-05
8.66048e-05
8.65688e-05
8.65329e-05
8.64971e-05
8.64612e-05
8.64254e-05
8.63897e-05
8.63539e-05
8.63182e-05
8.62826e-05
8.62469e-05
8.62114e-05
8.61758e-05
8.61403e-05
8.61048e-05
8.60693e-05
8.60339e-05
8.59986e-05
8.59632e-05
8.59279e-05
8.58926e-05
8.58574e-05
8.58222e-05
8.5787e-05
8.57519e-05
8.57167e-05
8.56817e-05
8.56466e-05
8.56116e-05
8.55767e-05
8.55417e-05
8.55068e-05
8.5472e-05
8.54371e-05
8.54023e-05
8.53676e-05
8.53329e-05
8.52982e-05
8.52635e-05
8.52289e-05
8.51943e-05
8.51597e-05
8.51252e-05
8.50907e-05
8.50562e-05
8.50218e-05
8.49874e-05
8.49531e-05
8.49187e-05
8.48845e-05
8.48502e-05
8.4816e-05
8.47818e-05
8.47476e-05
8.47135e-05
8.46794e-05
8.46454e-05
8.46113e-05
8.45774e-05
8.45434e-05
8.45095e-05
8.44756e-05
8.44417e-05
8.44079e-05
8.43741e-05
8.43404e-05
8.43066e-05
8.42729e-05
8.42393e-05
8.42057e-05
8.41721e-05
8.41385e-05
8.4105e-05
8.40715e-05
8.4038e-05
8.40046e-05
8.39712e-05
8.39378e-05
8.39045e-05
8.38712e-05
8.3838e-05
8.38047e-05
8.37715e-05
8.37384e-05
8.37052e-05
8.36721e-05
8.3639e-05
8.3606e-05
8.3573e-05
8.354e-05
8.35071e-05
8.34742e-05
8.34413e-05
8.34085e-05
8.33757e-05
8.33429e-05
8.33101e-05
8.32774e-05
8.32447e-05
8.32121e-05
8.31795e-05
8.31469e-05
8.31143e-05
8.30818e-05
8.30493e-05
8.30168e-05
8.29844e-05
8.2952e-05
8.29197e-05
8.28873e-05
8.2855e-05
8.28227e-05
8.27905e-05
8.27583e-05
8.27261e-05
8.2694e-05
8.26619e-05
8.26298e-05
8.25977e-05
8.25657e-05
8.25337e-05
8.25018e-05
8.24699e-05
8.2438e-05
8.24061e-05
8.23743e-05
8.23425e-05
8.23107e-05
8.2279e-05
8.22473e-05
8.22156e-05
8.21839e-05
8.21523e-05
8.21208e-05
8.20892e-05
8.20577e-05
8.20262e-05
8.19947e-05
8.19633e-05
8.19319e-05
8.19005e-05
8.18692e-05
8.18379e-05
8.18066e-05
8.17754e-05
8.17442e-05
8.1713e-05
8.16818e-05
8.16507e-05
8.16196e-05
8.15886e-05
8.15575e-05
8.15265e-05
8.14956e-05
8.14646e-05
8.14337e-05
8.14028e-05
8.1372e-05
8.13412e-05
8.13104e-05
8.12796e-05
8.12489e-05
8.12182e-05
8.11875e-05
8.11569e-05
8.11263e-05
8.10957e-05
8.10652e-05
8.10347e-05
8.10042e-05
8.09737e-05
8.09433e-05
8.09129e-05
8.08825e-05
8.08522e-05
8.08219e-05
8.07916e-05
8.07613e-05
8.07311e-05
8.07009e-05
8.06708e-05
8.06406e-05
8.06105e-05
8.05805e-05
8.05504e-05
8.05204e-05
8.04904e-05
8.04605e-05
8.04305e-05
8.04007e-05
8.03708e-05
8.0341e-05
8.03111e-05
8.02814e-05
8.02516e-05
8.02219e-05
8.01922e-05
8.01625e-05
8.01329e-05
8.01033e-05
8.00737e-05
8.00442e-05
8.00147e-05
7.99852e-05
7.99557e-05
7.99263e-05
7.98969e-05
7.98675e-05
7.98382e-05
7.98089e-05
7.97796e-05
7.97503e-05
7.97211e-05
7.96919e-05
7.96627e-05
7.96336e-05
7.96044e-05
7.95754e-05
7.95463e-05
7.95173e-05
7.94883e-05
7.94593e-05
7.94304e-05
7.94014e-05
7.93726e-05
7.93437e-05
7.93149e-05
7.92861e-05
7.92573e-05
7.92285e-05
7.91998e-05
7.91711e-05
7.91425e-05
7.91138e-05
7.90852e-05
7.90567e-05
7.90281e-05
7.89996e-05
7.89711e-05
7.89426e-05
7.89142e-05
7.88858e-05
7.88574e-05
7.8829e-05
7.88007e-05
7.87724e-05
7.87441e-05
7.87159e-05
7.86877e-05
7.86595e-05
7.86313e-05
7.86032e-05
7.85751e-05
7.8547e-05
7.8519e-05
7.84909e-05
7.84629e-05
7.8435e-05
7.8407e-05
7.83791e-05
7.83512e-05
7.83234e-05
7.82955e-05
7.82677e-05
7.824e-05
7.82122e-05
7.81845e-05
7.81568e-05
7.81291e-05
7.81015e-05
7.80739e-05
7.80463e-05
7.80187e-05
7.79912e-05
7.79637e-05
7.79362e-05
7.79088e-05
7.78813e-05
7.78539e-05
7.78266e-05
7.77992e-05
7.77719e-05
7.77446e-05
7.77174e-05
7.76901e-05
7.76629e-05
7.76357e-05
7.76086e-05
7.75814e-05
7.75543e-05
7.75272e-05
7.75002e-05
7.74732e-05
7.74462e-05
7.74192e-05
7.73923e-05
7.73653e-05
7.73384e-05
7.73116e-05
7.72847e-05
7.72579e-05
7.72311e-05
7.72044e-05
7.71776e-05
7.71509e-05
7.71243e-05
7.70976e-05
7.7071e-05
7.70444e-05
7.70178e-05
7.69912e-05
7.69647e-05
7.69382e-05
7.69117e-05
7.68853e-05
7.68589e-05
7.68325e-05
7.68061e-05
7.67798e-05
7.67534e-05
7.67271e-05
7.67009e-05
7.66746e-05
7.66484e-05
7.66222e-05
7.65961e-05
7.65699e-05
7.65438e-05
7.65177e-05
7.64917e-05
7.64656e-05
7.64396e-05
7.64136e-05
7.63877e-05
7.63617e-05
7.63358e-05
7.63099e-05
7.62841e-05
7.62583e-05
7.62325e-05
7.62067e-05
7.61809e-05
7.61552e-05
7.61295e-05
7.61038e-05
7.60781e-05
7.60525e-05
7.60269e-05
7.60013e-05
7.59758e-05
7.59502e-05
7.59247e-05
7.58993e-05
7.58738e-05
7.58484e-05
7.5823e-05
7.57976e-05
7.57722e-05
7.57469e-05
7.57216e-05
7.56963e-05
7.5671e-05
7.56458e-05
7.56206e-05
7.55954e-05
7.55703e-05
7.55451e-05
7.552e-05
7.54949e-05
7.54699e-05
7.54449e-05
7.54198e-05
7.53949e-05
7.53699e-05
7.5345e-05
7.532e-05
7.52952e-05
7.52703e-05
7.52455e-05
7.52206e-05
7.51959e-05
7.51711e-05
7.51463e-05
7.51216e-05
7.50969e-05
7.50723e-05
7.50476e-05
7.5023e-05
7.49984e-05
7.49738e-05
7.49493e-05
7.49248e-05
7.49003e-05
7.48758e-05
7.48513e-05
7.48269e-05
7.48025e-05
7.47781e-05
7.47538e-05
7.47294e-05
7.47051e-05
7.46808e-05
7.46566e-05
7.46323e-05
7.46081e-05
7.45839e-05
7.45598e-05
7.45356e-05
7.45115e-05
7.44874e-05
7.44634e-05
7.44393e-05
7.44153e-05
7.43913e-05
7.43673e-05
7.43434e-05
7.43194e-05
7.42955e-05
7.42716e-05
7.42478e-05
7.42239e-05
7.42001e-05
7.41763e-05
7.41526e-05
7.41288e-05
7.41051e-05
7.40814e-05
7.40577e-05
7.40341e-05
7.40105e-05
7.39869e-05
7.39633e-05
7.39397e-05
7.39162e-05
7.38927e-05
7.38692e-05
7.38457e-05
7.38223e-05
7.37989e-05
7.37755e-05
7.37521e-05
7.37287e-05
7.37054e-05
7.36821e-05
7.36588e-05
7.36356e-05
7.36123e-05
7.35891e-05
7.35659e-05
7.35428e-05
7.35196e-05
7.34965e-05
7.34734e-05
7.34503e-05
7.34273e-05
7.34042e-05
7.33812e-05
7.33582e-05
7.33353e-05
7.33123e-05
7.32894e-05
7.32665e-05
7.32437e-05
7.32208e-05
7.3198e-05
7.31752e-05
7.31524e-05
7.31296e-05
7.31069e-05
7.30842e-05
7.30615e-05
7.30388e-05
7.30161e-05
7.29935e-05
7.29709e-05
7.29483e-05
7.29258e-05
7.29032e-05
7.28807e-05
7.28582e-05
7.28357e-05
7.28133e-05
7.27909e-05
7.27685e-05
7.27461e-05
7.27237e-05
7.27014e-05
7.2679e-05
7.26567e-05
7.26345e-05
7.26122e-05
7.259e-05
7.25678e-05
7.25456e-05
7.25234e-05
7.25013e-05
7.24792e-05
7.24571e-05
7.2435e-05
7.24129e-05
7.23909e-05
7.23689e-05
7.23469e-05
7.23249e-05
7.2303e-05
7.2281e-05
7.22591e-05
7.22372e-05
7.22154e-05
7.21935e-05
7.21717e-05
7.21499e-05
7.21281e-05
7.21064e-05
7.20846e-05
7.20629e-05
7.20412e-05
7.20196e-05
7.19979e-05
7.19763e-05
7.19547e-05
7.19331e-05
7.19115e-05
7.189e-05
7.18684e-05
7.18469e-05
7.18255e-05
7.1804e-05
7.17826e-05
7.17611e-05
7.17398e-05
7.17184e-05
7.1697e-05
7.16757e-05
7.16544e-05
7.16331e-05
7.16118e-05
7.15906e-05
7.15693e-05
7.15481e-05
7.15269e-05
7.15058e-05
7.14846e-05
7.14635e-05
7.14424e-05
7.14213e-05
7.14002e-05
7.13792e-05
7.13582e-05
7.13372e-05
7.13162e-05
7.12952e-05
7.12743e-05
7.12534e-05
7.12325e-05
7.12116e-05
7.11907e-05
7.11699e-05
7.11491e-05
7.11283e-05
7.11075e-05
7.10868e-05
7.1066e-05
7.10453e-05
7.10246e-05
7.10039e-05
7.09833e-05
7.09627e-05
7.0942e-05
7.09214e-05
7.09009e-05
7.08803e-05
7.08598e-05
7.08393e-05
7.08188e-05
7.07983e-05
7.07779e-05
7.07574e-05
7.0737e-05
7.07166e-05
7.06963e-05
7.06759e-05
7.06556e-05
7.06353e-05
7.0615e-05
7.05947e-05
7.05744e-05
7.05542e-05
7.0534e-05
7.05138e-05
7.04936e-05
7.04735e-05
7.04533e-05
7.04332e-05
7.04131e-05
7.03931e-05
7.0373e-05
7.0353e-05
7.0333e-05
7.0313e-05
7.0293e-05
7.0273e-05
7.02531e-05
7.02332e-05
7.02133e-05
7.01934e-05
7.01735e-05
7.01537e-05
7.01339e-05
7.01141e-05
7.00943e-05
7.00745e-05
7.00548e-05
7.00351e-05
7.00154e-05
6.99957e-05
6.9976e-05
6.99564e-05
6.99368e-05
6.99172e-05
6.98976e-05
6.9878e-05
6.98584e-05
6.98389e-05
6.98194e-05
6.97999e-05
6.97804e-05
6.9761e-05
6.97416e-05
6.97221e-05
6.97027e-05
6.96834e-05
6.9664e-05
6.96447e-05
6.96254e-05
6.96061e-05
6.95868e-05
6.95675e-05
6.95483e-05
6.9529e-05
6.95098e-05
6.94906e-05
6.94715e-05
6.94523e-05
6.94332e-05
6.94141e-05
6.9395e-05
6.93759e-05
6.93569e-05
6.93378e-05
6.93188e-05
6.92998e-05
6.92808e-05
6.92619e-05
6.92429e-05
6.9224e-05
6.92051e-05
6.91862e-05
6.91673e-05
6.91485e-05
6.91296e-05
6.91108e-05
6.9092e-05
6.90733e-05
6.90545e-05
6.90358e-05
6.9017e-05
6.89983e-05
6.89796e-05
6.8961e-05
6.89423e-05
6.89237e-05
6.89051e-05
6.88865e-05
6.88679e-05
6.88494e-05
6.88308e-05
6.88123e-05
6.87938e-05
6.87753e-05
6.87568e-05
6.87384e-05
6.872e-05
6.87016e-05
6.86832e-05
6.86648e-05
6.86464e-05
6.86281e-05
6.86098e-05
6.85915e-05
6.85732e-05
6.85549e-05
6.85367e-05
6.85184e-05
6.85002e-05
6.8482e-05
6.84638e-05
6.84457e-05
6.84275e-05
6.84094e-05
6.83913e-05
6.83732e-05
6.83551e-05
6.83371e-05
6.8319e-05
6.8301e-05
6.8283e-05
6.8265e-05
6.82471e-05
6.82291e-05
6.82112e-05
6.81933e-05
6.81754e-05
6.81575e-05
6.81397e-05
6.81218e-05
6.8104e-05
6.80862e-05
6.80684e-05
6.80506e-05
6.80329e-05
6.80151e-05
6.79974e-05
6.79797e-05
6.7962e-05
6.79444e-05
6.79267e-05
6.79091e-05
6.78915e-05
6.78739e-05
6.78563e-05
6.78387e-05
6.78212e-05
6.78036e-05
6.77861e-05
6.77686e-05
6.77511e-05
6.77337e-05
6.77162e-05
6.76988e-05
6.76814e-05
6.7664e-05
6.76466e-05
6.76293e-05
6.76119e-05
6.75946e-05
6.75773e-05
6.756e-05
6.75427e-05
6.75255e-05
6.75082e-05
6.7491e-05
6.74738e-05
6.74566e-05
6.74395e-05
6.74223e-05
6.74052e-05
6.7388e-05
6.73709e-05
6.73539e-05
6.73368e-05
6.73197e-05
6.73027e-05
6.72857e-05
6.72687e-05
6.72517e-05
6.72347e-05
6.72178e-05
6.72008e-05
6.71839e-05
6.7167e-05
6.71501e-05
6.71332e-05
6.71164e-05
6.70995e-05
6.70827e-05
6.70659e-05
6.70491e-05
6.70324e-05
6.70156e-05
6.69989e-05
6.69821e-05
6.69654e-05
6.69487e-05
6.69321e-05
6.69154e-05
6.68988e-05
6.68822e-05
6.68655e-05
6.6849e-05
6.68324e-05
6.68158e-05
6.67993e-05
6.67828e-05
6.67662e-05
6.67498e-05
6.67333e-05
6.67168e-05
6.67004e-05
6.66839e-05
6.66675e-05
6.66511e-05
6.66347e-05
6.66184e-05
6.6602e-05
6.65857e-05
6.65694e-05
6.65531e-05
6.65368e-05
6.65205e-05
6.65043e-05
6.6488e-05
6.64718e-05
6.64556e-05
6.64394e-05
6.64233e-05
6.64071e-05
6.6391e-05
6.63748e-05
6.63587e-05
6.63426e-05
6.63266e-05
6.63105e-05
6.62944e-05
6.62784e-05
6.62624e-05
6.62464e-05
6.62304e-05
6.62145e-05
6.61985e-05
6.61826e-05
6.61666e-05
6.61507e-05
6.61349e-05
6.6119e-05
6.61031e-05
6.60873e-05
6.60715e-05
6.60556e-05
6.60398e-05
6.60241e-05
6.60083e-05
6.59925e-05
6.59768e-05
6.59611e-05
6.59454e-05
6.59297e-05
6.5914e-05
6.58984e-05
6.58827e-05
6.58671e-05
6.58515e-05
6.58359e-05
6.58203e-05
6.58048e-05
6.57892e-05
6.57737e-05
6.57582e-05
6.57427e-05
6.57272e-05
6.57117e-05
6.56962e-05
6.56808e-05
6.56654e-05
6.565e-05
6.56346e-05
6.56192e-05
6.56038e-05
6.55885e-05
6.55731e-05
6.55578e-05
6.55425e-05
6.55272e-05
6.55119e-05
6.54967e-05
6.54814e-05
6.54662e-05
6.5451e-05
6.54358e-05
6.54206e-05
6.54054e-05
6.53902e-05
6.53751e-05
6.536e-05
6.53449e-05
6.53298e-05
6.53147e-05
6.52996e-05
6.52846e-05
6.52695e-05
6.52545e-05
6.52395e-05
6.52245e-05
6.52095e-05
6.51946e-05
6.51796e-05
6.51647e-05
6.51498e-05
6.51348e-05
6.512e-05
6.51051e-05
6.50902e-05
6.50754e-05
6.50605e-05
6.50457e-05
6.50309e-05
6.50161e-05
6.50014e-05
6.49866e-05
6.49718e-05
6.49571e-05
6.49424e-05
6.49277e-05
6.4913e-05
6.48983e-05
6.48837e-05
6.4869e-05
6.48544e-05
6.48398e-05
6.48252e-05
6.48106e-05
6.4796e-05
6.47815e-05
6.47669e-05
6.47524e-05
6.47379e-05
6.47234e-05
6.47089e-05
6.46944e-05
6.468e-05
6.46655e-05
6.46511e-05
6.46367e-05
6.46223e-05
6.46079e-05
6.45935e-05
6.45791e-05
6.45648e-05
6.45505e-05
6.45362e-05
6.45218e-05
6.45076e-05
6.44933e-05
6.4479e-05
6.44648e-05
6.44505e-05
6.44363e-05
6.44221e-05
6.44079e-05
6.43938e-05
6.43796e-05
6.43654e-05
6.43513e-05
6.43372e-05
6.43231e-05
6.4309e-05
6.42949e-05
6.42808e-05
6.42668e-05
6.42527e-05
6.42387e-05
6.42247e-05
6.42107e-05
6.41967e-05
6.41828e-05
6.41688e-05
6.41549e-05
6.41409e-05
6.4127e-05
6.41131e-05
6.40992e-05
6.40854e-05
6.40715e-05
6.40577e-05
6.40438e-05
6.403e-05
6.40162e-05
6.40024e-05
6.39886e-05
6.39749e-05
6.39611e-05
6.39474e-05
6.39336e-05
6.39199e-05
6.39062e-05
6.38926e-05
6.38789e-05
6.38652e-05
6.38516e-05
6.3838e-05
6.38243e-05
6.38107e-05
6.37971e-05
6.37836e-05
6.377e-05
6.37565e-05
6.37429e-05
6.37294e-05
6.37159e-05
6.37024e-05
6.36889e-05
6.36754e-05
6.3662e-05
6.36485e-05
6.36351e-05
6.36217e-05
6.36083e-05
6.35949e-05
6.35815e-05
6.35681e-05
6.35548e-05
6.35415e-05
6.35281e-05
6.35148e-05
6.35015e-05
6.34882e-05
6.3475e-05
6.34617e-05
6.34484e-05
6.34352e-05
6.3422e-05
6.34088e-05
6.33956e-05
6.33824e-05
6.33692e-05
6.33561e-05
6.33429e-05
6.33298e-05
6.33167e-05
6.33036e-05
6.32905e-05
6.32774e-05
6.32643e-05
6.32513e-05
6.32383e-05
6.32252e-05
6.32122e-05
6.31992e-05
6.31862e-05
6.31732e-05
6.31603e-05
6.31473e-05
6.31344e-05
6.31215e-05
6.31086e-05
6.30957e-05
6.30828e-05
6.30699e-05
6.3057e-05
6.30442e-05
6.30313e-05
6.30185e-05
6.30057e-05
6.29929e-05
6.29801e-05
6.29673e-05
6.29546e-05
6.29418e-05
6.29291e-05
6.29164e-05
6.29037e-05
6.2891e-05
6.28783e-05
6.28656e-05
6.28529e-05
6.28403e-05
6.28277e-05
6.2815e-05
6.28024e-05
6.27898e-05
6.27772e-05
6.27647e-05
6.27521e-05
6.27396e-05
6.2727e-05
6.27145e-05
6.2702e-05
6.26895e-05
6.2677e-05
6.26645e-05
6.26521e-05
6.26396e-05
6.26272e-05
6.26147e-05
6.26023e-05
6.25899e-05
6.25775e-05
6.25651e-05
6.25528e-05
6.25404e-05
6.25281e-05
6.25158e-05
6.25034e-05
6.24911e-05
6.24788e-05
6.24666e-05
6.24543e-05
6.2442e-05
6.24298e-05
6.24176e-05
6.24053e-05
6.23931e-05
6.23809e-05
6.23687e-05
6.23566e-05
6.23444e-05
6.23323e-05
6.23201e-05
6.2308e-05
6.22959e-05
6.22838e-05
6.22717e-05
6.22596e-05
6.22476e-05
6.22355e-05
6.22235e-05
6.22114e-05
6.21994e-05
6.21874e-05
6.21754e-05
6.21634e-05
6.21515e-05
6.21395e-05
6.21275e-05
6.21156e-05
6.21037e-05
6.20918e-05
6.20799e-05
6.2068e-05
6.20561e-05
6.20442e-05
6.20324e-05
6.20205e-05
6.20087e-05
6.19969e-05
6.19851e-05
6.19733e-05
6.19615e-05
6.19497e-05
6.1938e-05
6.19262e-05
6.19145e-05
6.19028e-05
6.1891e-05
6.18793e-05
6.18676e-05
6.1856e-05
6.18443e-05
6.18326e-05
6.1821e-05
6.18094e-05
6.17977e-05
6.17861e-05
6.17745e-05
6.17629e-05
6.17514e-05
6.17398e-05
6.17282e-05
6.17167e-05
6.17052e-05
6.16936e-05
6.16821e-05
6.16706e-05
6.16592e-05
6.16477e-05
6.16362e-05
6.16248e-05
6.16133e-05
6.16019e-05
6.15905e-05
6.15791e-05
6.15677e-05
6.15563e-05
6.15449e-05
6.15335e-05
6.15222e-05
6.15108e-05
6.14995e-05
6.14882e-05
6.14769e-05
6.14656e-05
6.14543e-05
6.1443e-05
6.14318e-05
6.14205e-05
6.14093e-05
6.13981e-05
6.13868e-05
6.13756e-05
6.13644e-05
6.13532e-05
6.13421e-05
6.13309e-05
6.13198e-05
6.13086e-05
6.12975e-05
6.12864e-05
6.12753e-05
6.12642e-05
6.12531e-05
6.1242e-05
6.12309e-05
6.12199e-05
6.12088e-05
6.11978e-05
6.11868e-05
6.11758e-05
6.11648e-05
6.11538e-05
6.11428e-05
6.11318e-05
6.11209e-05
6.11099e-05
6.1099e-05
6.10881e-05
6.10771e-05
6.10662e-05
6.10554e-05
6.10445e-05
6.10336e-05
6.10227e-05
6.10119e-05
6.10011e-05
6.09902e-05
6.09794e-05
6.09686e-05
6.09578e-05
6.0947e-05
6.09362e-05
6.09255e-05
6.09147e-05
6.0904e-05
6.08932e-05
6.08825e-05
6.08718e-05
6.08611e-05
6.08504e-05
6.08397e-05
6.08291e-05
6.08184e-05
6.08078e-05
6.07971e-05
6.07865e-05
6.07759e-05
6.07653e-05
6.07547e-05
6.07441e-05
6.07335e-05
6.07229e-05
6.07124e-05
6.07018e-05
6.06913e-05
6.06808e-05
6.06703e-05
6.06598e-05
6.06493e-05
6.06388e-05
6.06283e-05
6.06179e-05
6.06074e-05
6.0597e-05
6.05865e-05
6.05761e-05
6.05657e-05
6.05553e-05
6.05449e-05
6.05345e-05
6.05242e-05
6.05138e-05
6.05035e-05
6.04931e-05
6.04828e-05
6.04725e-05
6.04622e-05
6.04519e-05
6.04416e-05
6.04313e-05
6.0421e-05
6.04108e-05
6.04005e-05
6.03903e-05
6.03801e-05
6.03698e-05
6.03596e-05
6.03494e-05
6.03393e-05
6.03291e-05
6.03189e-05
6.03087e-05
6.02986e-05
6.02885e-05
6.02783e-05
6.02682e-05
6.02581e-05
6.0248e-05
6.02379e-05
6.02278e-05
6.02178e-05
6.02077e-05
6.01977e-05
6.01876e-05
6.01776e-05
6.01676e-05
6.01576e-05
6.01476e-05
6.01376e-05
6.01276e-05
6.01176e-05
6.01077e-05
6.00977e-05
6.00878e-05
6.00779e-05
6.00679e-05
6.0058e-05
6.00481e-05
6.00382e-05
6.00284e-05
6.00185e-05
6.00086e-05
5.99988e-05
5.99889e-05
5.99791e-05
5.99693e-05
5.99595e-05
5.99497e-05
5.99399e-05
5.99301e-05
5.99203e-05
5.99105e-05
5.99008e-05
5.9891e-05
5.98813e-05
5.98716e-05
5.98618e-05
5.98521e-05
5.98424e-05
5.98328e-05
5.98231e-05
5.98134e-05
5.98037e-05
5.97941e-05
5.97844e-05
5.97748e-05
5.97652e-05
5.97556e-05
5.9746e-05
5.97364e-05
5.97268e-05
5.97172e-05
5.97077e-05
5.96981e-05
5.96886e-05
5.9679e-05
5.96695e-05
5.966e-05
5.96505e-05
5.9641e-05
5.96315e-05
5.9622e-05
5.96125e-05
5.96031e-05
5.95936e-05
5.95842e-05
5.95747e-05
5.95653e-05
5.95559e-05
5.95465e-05
5.95371e-05
5.95277e-05
5.95183e-05
5.95089e-05
5.94996e-05
5.94902e-05
5.94809e-05
5.94715e-05
5.94622e-05
5.94529e-05
5.94436e-05
5.94343e-05
5.9425e-05
5.94157e-05
5.94065e-05
5.93972e-05
5.9388e-05
5.93787e-05
5.93695e-05
5.93603e-05
5.9351e-05
5.93418e-05
5.93326e-05
5.93235e-05
5.93143e-05
5.93051e-05
5.92959e-05
5.92868e-05
5.92776e-05
5.92685e-05
5.92594e-05
5.92503e-05
5.92412e-05
5.92321e-05
5.9223e-05
5.92139e-05
5.92048e-05
5.91958e-05
5.91867e-05
5.91777e-05
5.91686e-05
5.91596e-05
5.91506e-05
5.91416e-05
5.91326e-05
5.91236e-05
5.91146e-05
5.91056e-05
5.90967e-05
5.90877e-05
5.90788e-05
5.90698e-05
5.90609e-05
5.9052e-05
5.90431e-05
5.90342e-05
5.90253e-05
5.90164e-05
5.90075e-05
5.89986e-05
5.89898e-05
5.89809e-05
5.89721e-05
5.89633e-05
5.89544e-05
5.89456e-05
5.89368e-05
5.8928e-05
5.89192e-05
5.89104e-05
5.89017e-05
5.88929e-05
5.88842e-05
5.88754e-05
5.88667e-05
5.88579e-05
5.88492e-05
5.88405e-05
5.88318e-05
5.88231e-05
5.88144e-05
5.88057e-05
5.87971e-05
5.87884e-05
5.87798e-05
5.87711e-05
5.87625e-05
5.87539e-05
5.87452e-05
5.87366e-05
5.8728e-05
5.87194e-05
5.87109e-05
5.87023e-05
5.86937e-05
5.86851e-05
5.86766e-05
5.86681e-05
5.86595e-05
5.8651e-05
5.86425e-05
5.8634e-05
5.86255e-05
5.8617e-05
5.86085e-05
5.86e-05
5.85916e-05
5.85831e-05
5.85746e-05
5.85662e-05
5.85578e-05
5.85493e-05
5.85409e-05
5.85325e-05
5.85241e-05
5.85157e-05
5.85073e-05
5.8499e-05
5.84906e-05
5.84822e-05
5.84739e-05
5.84655e-05
5.84572e-05
5.84489e-05
5.84406e-05
5.84323e-05
5.84239e-05
5.84157e-05
5.84074e-05
5.83991e-05
5.83908e-05
5.83826e-05
5.83743e-05
5.83661e-05
5.83578e-05
5.83496e-05
5.83414e-05
5.83332e-05
5.8325e-05
5.83168e-05
5.83086e-05
5.83004e-05
5.82922e-05
5.82841e-05
5.82759e-05
5.82678e-05
5.82596e-05
5.82515e-05
5.82434e-05
5.82352e-05
5.82271e-05
5.8219e-05
5.82109e-05
5.82029e-05
5.81948e-05
5.81867e-05
5.81787e-05
5.81706e-05
5.81626e-05
5.81545e-05
5.81465e-05
5.81385e-05
5.81305e-05
5.81225e-05
5.81145e-05
5.81065e-05
5.80985e-05
5.80905e-05
5.80825e-05
5.80746e-05
5.80666e-05
5.80587e-05
5.80508e-05
5.80428e-05
5.80349e-05
5.8027e-05
5.80191e-05
5.80112e-05
5.80033e-05
5.79954e-05
5.79876e-05
5.79797e-05
5.79718e-05
5.7964e-05
5.79562e-05
5.79483e-05
5.79405e-05
5.79327e-05
5.79249e-05
5.79171e-05
5.79093e-05
5.79015e-05
5.78937e-05
5.78859e-05
5.78782e-05
5.78704e-05
5.78627e-05
5.78549e-05
5.78472e-05
5.78395e-05
5.78317e-05
5.7824e-05
5.78163e-05
5.78086e-05
5.78009e-05
5.77933e-05
5.77856e-05
5.77779e-05
5.77703e-05
5.77626e-05
5.7755e-05
5.77473e-05
5.77397e-05
5.77321e-05
5.77245e-05
5.77169e-05
5.77093e-05
5.77017e-05
5.76941e-05
5.76865e-05
5.76789e-05
5.76714e-05
5.76638e-05
5.76563e-05
5.76487e-05
5.76412e-05
5.76337e-05
5.76262e-05
5.76187e-05
5.76112e-05
5.76037e-05
5.75962e-05
5.75887e-05
5.75812e-05
5.75738e-05
5.75663e-05
5.75589e-05
5.75514e-05
5.7544e-05
5.75366e-05
5.75291e-05
5.75217e-05
5.75143e-05
5.75069e-05
5.74995e-05
5.74921e-05
5.74848e-05
5.74774e-05
5.747e-05
5.74627e-05
5.74553e-05
5.7448e-05
5.74406e-05
5.74333e-05
5.7426e-05
5.74187e-05
5.74114e-05
5.74041e-05
5.73968e-05
5.73895e-05
5.73822e-05
5.7375e-05
5.73677e-05
5.73605e-05
5.73532e-05
5.7346e-05
5.73387e-05
5.73315e-05
5.73243e-05
5.73171e-05
5.73099e-05
5.73027e-05
5.72955e-05
5.72883e-05
5.72811e-05
5.7274e-05
5.72668e-05
5.72596e-05
5.72525e-05
5.72453e-05
5.72382e-05
5.72311e-05
5.7224e-05
5.72169e-05
5.72097e-05
5.72026e-05
5.71956e-05
5.71885e-05
5.71814e-05
5.71743e-05
5.71673e-05
5.71602e-05
5.71531e-05
5.71461e-05
5.71391e-05
5.7132e-05
5.7125e-05
5.7118e-05
5.7111e-05
5.7104e-05
5.7097e-05

