5e-05
5e-05
5e-05
5e-05
5e-05
5e-05
5e-05
5e-05
5e-05
5e-05
5e-05
5e-05
5e-05
5e-05
5e-05
5e-05
5e-05
5e-05
5e-05
5e-05
5e-05
5e-05
5e-05
5e-05
5e-05
5e-05
5e-05
5e-05
5e-05
5e-05
5e-05
5e-05
5e-05
5e-05
5e-05
5e-05
5e-05
5e-05
5e-05
5e-05
5e-05
5e-05
5e-05
5e-05
5e-05
5e-05
5e-05
5e-05
5e-05
5e-05
5e-05
5e-05
5e-05
5e-05
5e-05
5e-05
5e-05
5e-05
5e-05
5e-05
5e-05
5e-05
5e-05
5e-05
5e-05
5e-05
5e-05
5e-05
5e-05
5e-05
5e-05
5e-05
5e-05
5e-05
5e-05
5e-05
5e-05
5e-05
5e-05
5e-05
5e-05
5e-05
5e-05
5e-05
5e-05
5e-05
5e-05
5e-05
5e-05
5e-05
5e-05
5e-05
5e-05
5e-05
5e-05
5e-05
5e-05
5e-05
5e-05
5e-05
5e-05
5e-05
5e-05
5e-05
5e-05
5e-05
5e-05
5e-05
5e-05
5e-05
5e-05
5e-05
5e-05
5e-05
5e-05
5e-05
5e-05
5e-05
5e-05
5e-05
5e-05
5e-05
5e-05
5e-05
5e-05
5e-05
5e-05
5e-05
5e-05
5e-05
5e-05
5e-05
5e-05
5e-05
5e-05
5e-05
5e-05
5e-05
5e-05
5e-05
5e-05
5e-05
5e-05
5e-05
5e-05
5e-05
5e-05
5e-05
5e-05
5e-05
5e-05
5e-05
5e-05
5e-05
5e-05
5e-05
5e-05
5e-05
5e-05
5e-05
5e-05
5e-05
5e-05
5e-05
5e-05
5e-05
5e-05
5e-05
5e-05
5e-05
5e-05
5e-05
5e-05
5e-05
5e-05
5e-05
5e-05
5e-05
5e-05
5e-05
5e-05
5e-05
5e-05
5e-05
5e-05
5e-05
5e-05
5e-05
5e-05
5e-05
5e-05
5e-05
5e-05
5e-05
5e-05
5e-05
5e-05
5e-05
5e-05
5e-05
5e-05
5e-05
5e-05
5e-05
5e-05
5e-05
5e-05
5e-05
5e-05
5e-05
5e-05
5e-05
5e-05
5e-05
5e-05
5e-05
5e-05
5e-05
5e-05
5e-05
5e-05
5e-05
5e-05
5e-05
5e-05
5e-05
5e-05
5e-05
5e-05
5e-05
5e-05
5e-05
5e-05
5e-05
5e-05
5e-05
5e-05
5e-05
5e-05
5e-05
5e-05
5e-05
5e-05
5e-05
5e-05
5e-05
5e-05
5e-05
5e-05
5e-05
5e-05
5e-05
5e-05
5e-05
5e-05
5e-05
5e-05
5e-05
5e-05
5e-05
5e-05
5e-05
5e-05
5e-05
5e-05
5e-05
5e-05
5e-05
5e-05
5e-05
5e-05
5e-05
5e-05
5e-05
5e-05
5e-05
5e-05
5e-05
5e-05
5e-05
5e-05
5e-05
5e-05
5e-05
5e-05
5e-05
5e-05
5e-05
5e-05
5e-05
5e-05
5e-05
5e-05
5e-05
5e-05
5e-05
5e-05
5e-05
5e-05
5e-05
5e-05
5e-05
5e-05
5e-05
5e-05
5e-05
5e-05
5e-05
5e-05
5e-05
5e-05
5e-05
5e-05
5e-05
5e-05
5e-05
5e-05
5e-05
5e-05
5e-05
5e-05
5e-05
5e-05
5e-05
5e-05
5e-05
5e-05
5e-05
5e-05
5e-05
5e-05
5e-05
5e-05
5e-05
5e-05
5e-05
5e-05
5e-05
5e-05
5e-05
5e-05
5e-05
5e-05
5e-05
5e-05
5e-05
5e-05
5e-05
5e-05
5e-05
5e-05
5e-05
5e-05
5e-05
5e-05
5e-05
5e-05
5e-05
5e-05
5e-05
5e-05
5e-05
5e-05
5e-05
5e-05
5e-05
5e-05
5e-05
5e-05
5e-05
5e-05
5e-05
5e-05
5e-05
5e-05
5e-05
5e-05
5e-05
5e-05
5e-05
5e-05
5e-05
5e-05
5e-05
5e-05
5e-05
5e-05
5e-05
5e-05
5e-05
5e-05
5e-05
5e-05
5e-05
5e-05
5e-05
5e-05
5e-05
5e-05
5e-05
5e-05
5e-05
5e-05
5e-05
5e-05
5e-05
5e-05
5e-05
5e-05
5e-05
5e-05
5e-05
5e-05
5e-05
5e-05
5e-05
5e-05
5e-05
5e-05
5e-05
5e-05
5e-05
5e-05
5e-05
5e-05
5e-05
5e-05
5e-05
5e-05
5e-05
5e-05
5e-05
5e-05
5e-05
5e-05
5e-05
5e-05
5e-05
5e-05
5e-05
5e-05
5e-05
5e-05
5e-05
5e-05
5e-05
5e-05
5e-05
5e-05
5e-05
5e-05
5e-05
5e-05
5e-05
5e-05
5e-05
5e-05
5e-05
5e-05
5e-05
5e-05
5e-05
5e-05
5e-05
5e-05
5e-05
5e-05
5e-05
5e-05
5e-05
5e-05
5e-05
5e-05
5e-05
5e-05
5e-05
5e-05
5e-05
5e-05
5e-05
5e-05
5e-05
5e-05
5e-05
5e-05
5e-05
5e-05
5e-05
5e-05
5e-05
5e-05
5e-05
5e-05
5e-05
5e-05
5e-05
5e-05
5e-05
5e-05
5e-05
5e-05
5e-05
5e-05
5e-05
5e-05
5e-05
5e-05
5e-05
5e-05
5e-05
5e-05
5e-05
5e-05
5e-05
5e-05
5e-05
5e-05
5e-05
5e-05
5e-05
5e-05
5e-05
5e-05
5e-05
5e-05
5e-05
5e-05
5e-05
5e-05
5e-05
5e-05
5e-05
5e-05
5e-05
5e-05
5e-05
5e-05
5e-05
5e-05
5e-05
5e-05
5e-05
5e-05
5e-05
5e-05
5e-05
5e-05
5e-05
5e-05
5e-05
5e-05
5e-05
5e-05
5e-05
5e-05
5e-05
5e-05
5e-05
5e-05
5e-05
5e-05
5e-05
5e-05
5e-05
5e-05
5e-05
5e-05
5e-05
5e-05
5e-05
5e-05
5e-05
5e-05
5e-05
5e-05
5e-05
5e-05
5e-05
5e-05
5e-05
5e-05
5e-05
5e-05
5e-05
5e-05
5e-05
5e-05
5e-05
5e-05
5e-05
5e-05
5e-05
5e-05
5e-05
5e-05
5e-05
5e-05
5e-05
5e-05
5e-05
5e-05
5e-05
5e-05
5e-05
5e-05
5e-05
5e-05
5e-05
5e-05
5e-05
5e-05
5e-05
5e-05
5e-05
5e-05
5e-05
5e-05
5e-05
5e-05
5e-05
5e-05
5e-05
5e-05
5e-05
5e-05
5e-05
5e-05
5e-05
5e-05
5e-05
5e-05
5e-05
5e-05
5e-05
5e-05
5e-05
5e-05
5e-05
5e-05
5e-05
5e-05
5e-05
5e-05
5e-05
5e-05
5e-05
5e-05
5e-05
5e-05
5e-05
5e-05
5e-05
5e-05
5e-05
5e-05
5e-05
5e-05
5e-05
5e-05
5e-05
5e-05
5e-05
5e-05
5e-05
5e-05
5e-05
5e-05
5e-05
5e-05
5e-05
5e-05
5e-05
5e-05
5e-05
5e-05
5e-05
5e-05
5e-05
5e-05
5e-05
5e-05
5e-05
5e-05
5e-05
5e-05
5e-05
5e-05
5e-05
5e-05
5e-05
5e-05
5e-05
5e-05
5e-05
5e-05
5e-05
5e-05
5e-05
5e-05
5e-05
5e-05
5e-05
5e-05
5e-05
5e-05
5e-05
5e-05
5e-05
5e-05
5e-05
5e-05
5e-05
5e-05
5e-05
5e-05
5e-05
5e-05
5e-05
5e-05
5e-05
5e-05
5e-05
5e-05
5e-05
5e-05
5e-05
5e-05
5e-05
5e-05
5e-05
5e-05
5e-05
5e-05
5e-05
5e-05
5e-05
5e-05
5e-05
5e-05
5e-05
5e-05
5e-05
5e-05
5e-05
5e-05
5e-05
5e-05
5e-05
5e-05
5e-05
5e-05
5e-05
5e-05
5e-05
5e-05
5e-05
5e-05
5e-05
5e-05
5e-05
5e-05
5e-05
5e-05
5e-05
5e-05
5e-05
5e-05
5e-05
5e-05
5e-05
5e-05
5e-05
5e-05
5e-05
5e-05
5e-05
5e-05
5e-05
5e-05
5e-05
5e-05
5e-05
5e-05
5e-05
5e-05
5e-05
5e-05
5e-05
5e-05
5e-05
5e-05
5e-05
5e-05
5e-05
5e-05
5e-05
5e-05
5e-05
5e-05
5e-05
5e-05
5.69567e-05
6.70156e-05
7.8455e-05
9.05056e-05
0.000102823
0.000115254
0.000127729
0.000140218
0.000152706
0.000165189
0.000177662
0.000190125
0.000202578
0.00021502
0.00022745
0.00023987
0.000252279
0.000264677
0.000277064
0.00028944
0.000301806
0.00031416
0.000326504
0.000338837
0.000351159
0.000363471
0.000375772
0.000388062
0.000400342
0.000412611
0.00042487
0.000437118
0.000449356
0.000461584
0.000473801
0.000486007
0.000498204
0.00051039
0.000522566
0.000534731
0.000546887
0.000559032
0.000571167
0.000583293
0.000595408
0.000607513
0.000619608
0.000631693
0.000643768
0.000655833
0.000667888
0.000679933
0.000691969
0.000703995
0.000716011
0.000728017
0.000740013
0.000752
0.000763977
0.000775945
0.000787903
0.000799851
0.00081179
0.000823719
0.000835639
0.000847549
0.00085945
0.000871342
0.000883224
0.000895097
0.00090696
0.000918814
0.000930659
0.000942494
0.000954321
0.000966138
0.000977946
0.000989745
0.00100153
0.00101331
0.00101813
0.00101982
0.00102011
0.00101976
0.00101914
0.00101839
0.00101759
0.00101676
0.00101591
0.00101507
0.00101422
0.00101337
0.00101253
0.00101168
0.00101083
0.00100999
0.00100914
0.0010083
0.00100746
0.00100661
0.00100577
0.00100493
0.00100409
0.00100325
0.00100241
0.00100157
0.00100073
0.000999897
0.000999061
0.000998225
0.000997389
0.000996555
0.000995721
0.000994888
0.000994055
0.000993223
0.000992392
0.000991561
0.000990731
0.000989902
0.000989074
0.000988246
0.000987419
0.000986592
0.000985766
0.000984941
0.000984117
0.000983293
0.00098247
0.000981647
0.000980825
0.000980004
0.000979183
0.000978364
0.000977544
0.000976726
0.000975908
0.000975091
0.000974274
0.000973458
0.000972643
0.000971829
0.000971015
0.000970201
0.000969389
0.000968577
0.000967766
0.000966955
0.000966145
0.000965336
0.000964527
0.000963719
0.000962912
0.000962105
0.000961299
0.000960494
0.000959689
0.000958885
0.000958082
0.000957279
0.000956477
0.000955675
0.000954875
0.000954075
0.000953275
0.000952476
0.000951678
0.000950881
0.000950084
0.000949287
0.000948492
0.000947697
0.000946903
0.000946109
0.000945316
0.000944524
0.000943732
0.000942941
0.000942151
0.000941361
0.000940572
0.000939783
0.000938995
0.000938208
0.000937422
0.000936636
0.00093585
0.000935066
0.000934282
0.000933498
0.000932716
0.000931934
0.000931152
0.000930371
0.000929591
0.000928812
0.000928033
0.000927255
0.000926477
0.0009257
0.000924924
0.000924148
0.000923373
0.000922599
0.000921825
0.000921052
0.000920279
0.000919507
0.000918736
0.000917965
0.000917195
0.000916426
0.000915657
0.000914889
0.000914122
0.000913355
0.000912589
0.000911823
0.000911058
0.000910294
0.00090953
0.000908767
0.000908004
0.000907243
0.000906481
0.000905721
0.000904961
0.000904202
0.000903443
0.000902685
0.000901927
0.00090117
0.000900414
0.000899659
0.000898904
0.000898149
0.000897395
0.000896642
0.00089589
0.000895138
0.000894387
0.000893636
0.000892886
0.000892137
0.000891388
0.00089064
0.000889892
0.000889145
0.000888399
0.000887653
0.000886908
0.000886163
0.00088542
0.000884676
0.000883934
0.000883192
0.00088245
0.000881709
0.000880969
0.00088023
0.000879491
0.000878752
0.000878014
0.000877277
0.000876541
0.000875805
0.000875069
0.000874335
0.000873601
0.000872867
0.000872134
0.000871402
0.00087067
0.000869939
0.000869208
0.000868479
0.000867749
0.000867021
0.000866292
0.000865565
0.000864838
0.000864112
0.000863386
0.000862661
0.000861937
0.000861213
0.000860489
0.000859767
0.000859045
0.000858323
0.000857602
0.000856882
0.000856162
0.000855443
0.000854725
0.000854007
0.000853289
0.000852573
0.000851857
0.000851141
0.000850426
0.000849712
0.000848998
0.000848285
0.000847572
0.00084686
0.000846149
0.000845438
0.000844728
0.000844018
0.000843309
0.000842601
0.000841893
0.000841185
0.000840479
0.000839773
0.000839067
0.000838362
0.000837658
0.000836954
0.000836251
0.000835548
0.000834846
0.000834145
0.000833444
0.000832744
0.000832044
0.000831345
0.000830647
0.000829949
0.000829251
0.000828555
0.000827858
0.000827163
0.000826468
0.000825773
0.000825079
0.000824386
0.000823693
0.000823001
0.00082231
0.000821619
0.000820928
0.000820238
0.000819549
0.00081886
0.000818172
0.000817485
0.000816798
0.000816111
0.000815426
0.00081474
0.000814056
0.000813372
0.000812688
0.000812005
0.000811323
0.000810641
0.00080996
0.000809279
0.000808599
0.000807919
0.00080724
0.000806562
0.000805884
0.000805207
0.00080453
0.000803854
0.000803178
0.000802503
0.000801829
0.000801155
0.000800481
0.000799809
0.000799136
0.000798465
0.000797794
0.000797123
0.000796453
0.000795784
0.000795115
0.000794447
0.000793779
0.000793112
0.000792445
0.000791779
0.000791114
0.000790449
0.000789784
0.000789121
0.000788457
0.000787795
0.000787132
0.000786471
0.00078581
0.000785149
0.000784489
0.00078383
0.000783171
0.000782513
0.000781855
0.000781198
0.000780541
0.000779885
0.00077923
0.000778575
0.00077792
0.000777267
0.000776613
0.00077596
0.000775308
0.000774657
0.000774005
0.000773355
0.000772705
0.000772055
0.000771406
0.000770758
0.00077011
0.000769463
0.000768816
0.00076817
0.000767524
0.000766879
0.000766234
0.00076559
0.000764947
0.000764304
0.000763662
0.00076302
0.000762378
0.000761738
0.000761097
0.000760458
0.000759818
0.00075918
0.000758542
0.000757904
0.000757267
0.000756631
0.000755995
0.000755359
0.000754724
0.00075409
0.000753456
0.000752823
0.00075219
0.000751558
0.000750926
0.000750295
0.000749664
0.000749034
0.000748405
0.000747776
0.000747147
0.000746519
0.000745892
0.000745265
0.000744639
0.000744013
0.000743388
0.000742763
0.000742138
0.000741515
0.000740892
0.000740269
0.000739647
0.000739025
0.000738404
0.000737783
0.000737163
0.000736544
0.000735925
0.000735306
0.000734688
0.000734071
0.000733454
0.000732838
0.000732222
0.000731607
0.000730992
0.000730377
0.000729764
0.00072915
0.000728538
0.000727925
0.000727314
0.000726703
0.000726092
0.000725482
0.000724872
0.000724263
0.000723654
0.000723046
0.000722439
0.000721832
0.000721225
0.000720619
0.000720014
0.000719409
0.000718804
0.0007182
0.000717597
0.000716994
0.000716391
0.00071579
0.000715188
0.000714587
0.000713987
0.000713387
0.000712788
0.000712189
0.00071159
0.000710993
0.000710395
0.000709798
0.000709202
0.000708606
0.000708011
0.000707416
0.000706822
0.000706228
0.000705635
0.000705042
0.00070445
0.000703858
0.000703267
0.000702676
0.000702086
0.000701496
0.000700907
0.000700318
0.00069973
0.000699142
0.000698555
0.000697968
0.000697382
0.000696796
0.000696211
0.000695626
0.000695042
0.000694458
0.000693875
0.000693292
0.00069271
0.000692128
0.000691547
0.000690966
0.000690386
0.000689806
0.000689227
0.000688648
0.000688069
0.000687492
0.000686914
0.000686338
0.000685761
0.000685185
0.00068461
0.000684035
0.000683461
0.000682887
0.000682314
0.000681741
0.000681168
0.000680596
0.000680025
0.000679454
0.000678883
0.000678314
0.000677744
0.000677175
0.000676607
0.000676039
0.000675471
0.000674904
0.000674337
0.000673771
0.000673206
0.000672641
0.000672076
0.000671512
0.000670948
0.000670385
0.000669822
0.00066926
0.000668698
0.000668137
0.000667576
0.000667016
0.000666456
0.000665897
0.000665338
0.00066478
0.000664222
0.000663664
0.000663107
0.000662551
0.000661995
0.00066144
0.000660885
0.00066033
0.000659776
0.000659222
0.000658669
0.000658117
0.000657564
0.000657013
0.000656461
0.000655911
0.00065536
0.000654811
0.000654261
0.000653712
0.000653164
0.000652616
0.000652069
0.000651522
0.000650975
0.000650429
0.000649883
0.000649338
0.000648794
0.000648249
0.000647706
0.000647163
0.00064662
0.000646077
0.000645536
0.000644994
0.000644453
0.000643913
0.000643373
0.000642833
0.000642294
0.000641756
0.000641218
0.00064068
0.000640143
0.000639606
0.00063907
0.000638534
0.000637999
0.000637464
0.000636929
0.000636395
0.000635862
0.000635329
0.000634796
0.000634264
0.000633732
0.000633201
0.000632671
0.00063214
0.00063161
0.000631081
0.000630552
0.000630024
0.000629496
0.000628968
0.000628441
0.000627914
0.000627388
0.000626862
0.000626337
0.000625812
0.000625288
0.000624764
0.00062424
0.000623717
0.000623195
0.000622673
0.000622151
0.00062163
0.000621109
0.000620589
0.000620069
0.000619549
0.000619031
0.000618512
0.000617994
0.000617476
0.000616959
0.000616442
0.000615926
0.00061541
0.000614895
0.00061438
0.000613865
0.000613351
0.000612838
0.000612325
0.000611812
0.0006113
0.000610788
0.000610276
0.000609765
0.000609255
0.000608745
0.000608235
0.000607726
0.000607217
0.000606709
0.000606201
0.000605694
0.000605187
0.00060468
0.000604174
0.000603668
0.000603163
0.000602658
0.000602154
0.00060165
0.000601147
0.000600644
0.000600141
0.000599639
0.000599137
0.000598636
0.000598135
0.000597634
0.000597134
0.000596635
0.000596136
0.000595637
0.000595139
0.000594641
0.000594144
0.000593647
0.00059315
0.000592654
0.000592158
0.000591663
0.000591168
0.000590674
0.00059018
0.000589686
0.000589193
0.000588701
0.000588208
0.000587717
0.000587225
0.000586734
0.000586244
0.000585754
0.000585264
0.000584775
0.000584286
0.000583797
0.000583309
0.000582822
0.000582335
0.000581848
0.000581362
0.000580876
0.00058039
0.000579905
0.000579421
0.000578937
0.000578453
0.00057797
0.000577487
0.000577004
0.000576522
0.00057604
0.000575559
0.000575078
0.000574598
0.000574118
0.000573638
0.000573159
0.000572681
0.000572202
0.000571724
0.000571247
0.00057077
0.000570293
0.000569817
0.000569341
0.000568866
0.000568391
0.000567916
0.000567442
0.000566968
0.000566495
0.000566022
0.00056555
0.000565078
0.000564606
0.000564135
0.000563664
0.000563193
0.000562723
0.000562254
0.000561785
0.000561316
0.000560847
0.000560379
0.000559912
0.000559445
0.000558978
0.000558512
0.000558046
0.00055758
0.000557115
0.00055665
0.000556186
0.000555722
0.000555259
0.000554795
0.000554333
0.000553871
0.000553409
0.000552947
0.000552486
0.000552025
0.000551565
0.000551105
0.000550646
0.000550187
0.000549728
0.00054927
0.000548812
0.000548355
0.000547897
0.000547441
0.000546985
0.000546529
0.000546073
0.000545618
0.000545164
0.000544709
0.000544255
0.000543802
0.000543349
0.000542896
0.000542444
0.000541992
0.000541541
0.000541089
0.000540639
0.000540189
0.000539739
0.000539289
0.00053884
0.000538391
0.000537943
0.000537495
0.000537047
0.0005366
0.000536154
0.000535707
0.000535261
0.000534816
0.00053437
0.000533926
0.000533481
0.000533037
0.000532594
0.00053215
0.000531708
0.000531265
0.000530823
0.000530381
0.00052994
0.000529499
0.000529059
0.000528618
0.000528179
0.000527739
0.0005273
0.000526862
0.000526424
0.000525986
0.000525548
0.000525111
0.000524675
0.000524238
0.000523802
0.000523367
0.000522932
0.000522497
0.000522063
0.000521629
0.000521195
0.000520762
0.000520329
0.000519897
0.000519464
0.000519033
0.000518601
0.000518171
0.00051774
0.00051731
0.00051688
0.000516451
0.000516021
0.000515593
0.000515165
0.000514737
0.000514309
0.000513882
0.000513455
0.000513029
0.000512603
0.000512177
0.000511752
0.000511327
0.000510902
0.000510478
0.000510054
0.000509631
0.000509208
0.000508785
0.000508363
0.000507941
0.00050752
0.000507098
0.000506678
0.000506257
0.000505837
0.000505417
0.000504998
0.000504579
0.00050416
0.000503742
0.000503324
0.000502907
0.00050249
0.000502073
0.000501657
0.000501241
0.000500825
0.00050041
0.000499995
0.00049958
0.000499166
0.000498752
0.000498339
0.000497926
0.000497513
0.000497101
0.000496689
0.000496277
0.000495866
0.000495455
0.000495045
0.000494634
0.000494225
0.000493815
0.000493406
0.000492997
0.000492589
0.000492181
0.000491773
0.000491366
0.000490959
0.000490553
0.000490147
0.000489741
0.000489335
0.00048893
0.000488525
0.000488121
0.000487717
0.000487313
0.00048691
0.000486507
0.000486104
0.000485702
0.0004853
0.000484899
0.000484497
0.000484097
0.000483696
0.000483296
0.000482896
0.000482497
0.000482098
0.000481699
0.000481301
0.000480903
0.000480505
0.000480108
0.000479711
0.000479314
0.000478918
0.000478522
0.000478127
0.000477731
0.000477337
0.000476942
0.000476548
0.000476154
0.000475761
0.000475368
0.000474975
0.000474583
0.000474191
0.000473799
0.000473407
0.000473016
0.000472626
0.000472236
0.000471846
0.000471456
0.000471067
0.000470678
0.000470289
0.000469901
0.000469513
0.000469126
0.000468738
0.000468352
0.000467965
0.000467579
0.000467193
0.000466808
0.000466422
0.000466038
0.000465653
0.000465269
0.000464885
0.000464502
0.000464119
0.000463736
0.000463354
0.000462972
0.00046259
0.000462208
0.000461827
0.000461447
0.000461066
0.000460686
0.000460307
0.000459927
0.000459548
0.00045917
0.000458791
0.000458413
0.000458035
0.000457658
0.000457281
0.000456904
0.000456528
0.000456152
0.000455776
0.000455401
0.000455026
0.000454652
0.000454277
0.000453903
0.00045353
0.000453156
0.000452783
0.000452411
0.000452038
0.000451666
0.000451295
0.000450923
0.000450552
0.000450182
0.000449811
0.000449441
0.000449072
0.000448702
0.000448333
0.000447964
0.000447596
0.000447228
0.00044686
0.000446493
0.000446126
0.000445759
0.000445393
0.000445027
0.000444661
0.000444296
0.00044393
0.000443566
0.000443201
0.000442837
0.000442473
0.00044211
0.000441747
0.000441384
0.000441021
0.000440659
0.000440297
0.000439936
0.000439575
0.000439214
0.000438853
0.000438493
0.000438133
0.000437774
0.000437414
0.000437055
0.000436697
0.000436338
0.00043598
0.000435623
0.000435265
0.000434908
0.000434552
0.000434195
0.000433839
0.000433483
0.000433128
0.000432773
0.000432418
0.000432064
0.000431709
0.000431356
0.000431002
0.000430649
0.000430296
0.000429943
0.000429591
0.000429239
0.000428887
0.000428536
0.000428185
0.000427834
0.000427484
0.000427134
0.000426784
0.000426435
0.000426086
0.000425737
0.000425388
0.00042504
0.000424692
0.000424345
0.000423997
0.000423651
0.000423304
0.000422958
0.000422612
0.000422266
0.00042192
0.000421575
0.000421231
0.000420886
0.000420542
0.000420198
0.000419855
0.000419511
0.000419168
0.000418826
0.000418483
0.000418141
0.0004178
0.000417458
0.000417117
0.000416776
0.000416436
0.000416096
0.000415756
0.000415416
0.000415077
0.000414738
0.0004144
0.000414061
0.000413723
0.000413385
0.000413048
0.000412711
0.000412374
0.000412038
0.000411701
0.000411365
0.00041103
0.000410694
0.000410359
0.000410025
0.00040969
0.000409356
0.000409022
0.000408689
0.000408356
0.000408023
0.00040769
0.000407358
0.000407026
0.000406694
0.000406363
0.000406031
0.000405701
0.00040537
0.00040504
0.00040471
0.00040438
0.000404051
0.000403722
0.000403393
0.000403065
0.000402737
0.000402409
0.000402081
0.000401754
0.000401427
0.0004011
0.000400774
0.000400448
0.000400122
0.000399796
0.000399471
0.000399146
0.000398821
0.000398497
0.000398173
0.000397849
0.000397526
0.000397203
0.00039688
0.000396557
0.000396235
0.000395913
0.000395591
0.00039527
0.000394949
0.000394628
0.000394307
0.000393987
0.000393667
0.000393347
0.000393028
0.000392709
0.00039239
0.000392071
0.000391753
0.000391435
0.000391117
0.0003908
0.000390483
0.000390166
0.000389849
0.000389533
0.000389217
0.000388901
0.000388586
0.000388271
0.000387956
0.000387641
0.000387327
0.000387013
0.000386699
0.000386386
0.000386073
0.00038576
0.000385447
0.000385135
0.000384823
0.000384511
0.0003842
0.000383889
0.000383578
0.000383267
0.000382957
0.000382647
0.000382337
0.000382028
0.000381718
0.000381409
0.000381101
0.000380792
0.000380484
0.000380176
0.000379869
0.000379562
0.000379255
0.000378948
0.000378642
0.000378335
0.00037803
0.000377724
0.000377419
0.000377114
0.000376809
0.000376504
0.0003762
0.000375896
0.000375592
0.000375289
0.000374986
0.000374683
0.00037438
0.000374078
0.000373776
0.000373474
0.000373173
0.000372872
0.000372571
0.00037227
0.00037197
0.00037167
0.00037137
0.00037107
0.000370771
0.000370472
0.000370173
0.000369874
0.000369576
0.000369278
0.000368981
0.000368683
0.000368386
0.000368089
0.000367793
0.000367496
0.0003672
0.000366904
0.000366609
0.000366313
0.000366018
0.000365724
0.000365429
0.000365135
0.000364841
0.000364547
0.000364254
0.000363961
0.000363668
0.000363375
0.000363083
0.000362791
0.000362499
0.000362208
0.000361916
0.000361625
0.000361334
0.000361044
0.000360754
0.000360464
0.000360174
0.000359885
0.000359595
0.000359307
0.000359018
0.000358729
0.000358441
0.000358153
0.000357866
0.000357578
0.000357291
0.000357005
0.000356718
0.000356432
0.000356146
0.00035586
0.000355574
0.000355289
0.000355004
0.000354719
0.000354435
0.00035415
0.000353866
0.000353583
0.000353299
0.000353016
0.000352733
0.00035245
0.000352168
0.000351886
0.000351604
0.000351322
0.000351041
0.00035076
0.000350479
0.000350198
0.000349918
0.000349637
0.000349358
0.000349078
0.000348799
0.000348519
0.000348241
0.000347962
0.000347684
0.000347405
0.000347128
0.00034685
0.000346573
0.000346296
0.000346019
0.000345742
0.000345466
0.00034519
0.000344914
0.000344638
0.000344363
0.000344088
0.000343813
0.000343538
0.000343264
0.00034299
0.000342716
0.000342442
0.000342169
0.000341896
0.000341623
0.00034135
0.000341078
0.000340806
0.000340534
0.000340263
0.000339991
0.00033972
0.000339449
0.000339179
0.000338908
0.000338638
0.000338368
0.000338098
0.000337829
0.00033756
0.000337291
0.000337022
0.000336754
0.000336486
0.000336218
0.00033595
0.000335683
0.000335415
0.000335149
0.000334882
0.000334615
0.000334349
0.000334083
0.000333817
0.000333552
0.000333287
0.000333022
0.000332757
0.000332492
0.000332228
0.000331964
0.0003317
0.000331437
0.000331173
0.00033091
0.000330647
0.000330385
0.000330122
0.00032986
0.000329598
0.000329337
0.000329075
0.000328814
0.000328553
0.000328292
0.000328032
0.000327772
0.000327512
0.000327252
0.000326992
0.000326733
0.000326474
0.000326215
0.000325957
0.000325698
0.00032544
0.000325182
0.000324925
0.000324667
0.00032441
0.000324153
0.000323897
0.00032364
0.000323384
0.000323128
0.000322872
0.000322617
0.000322361
0.000322106
0.000321851
0.000321597
0.000321342
0.000321088
0.000320834
0.000320581
0.000320327
0.000320074
0.000319821
0.000319568
0.000319316
0.000319064
0.000318812
0.00031856
0.000318308
0.000318057
0.000317806
0.000317555
0.000317304
0.000317054
0.000316803
0.000316553
0.000316304
0.000316054
0.000315805
0.000315556
0.000315307
0.000315058
0.00031481
0.000314562
0.000314314
0.000314066
0.000313819
0.000313571
0.000313324
0.000313078
0.000312831
0.000312585
0.000312339
0.000312093
0.000311847
0.000311602
0.000311356
0.000311111
0.000310867
0.000310622
0.000310378
0.000310134
0.00030989
0.000309646
0.000309403
0.000309159
0.000308916
0.000308674
0.000308431
0.000308189
0.000307947
0.000307705
0.000307463
0.000307222
0.00030698
0.000306739
0.000306499
0.000306258
0.000306018
0.000305778
0.000305538
0.000305298
0.000305059
0.000304819
0.00030458
0.000304341
0.000304103
0.000303865
0.000303626
0.000303388
0.000303151
0.000302913
0.000302676
0.000302439
0.000302202
0.000301965
0.000301729
0.000301493
0.000301257
0.000301021
0.000300786
0.00030055
0.000300315
0.00030008
0.000299846
0.000299611
0.000299377
0.000299143
0.000298909
0.000298675
0.000298442
0.000298209
0.000297976
0.000297743
0.000297511
0.000297278
0.000297046
0.000296814
0.000296583
0.000296351
0.00029612
0.000295889
0.000295658
0.000295427
0.000295197
0.000294967
0.000294737
0.000294507
0.000294277
0.000294048
0.000293819
0.00029359
0.000293361
0.000293133
0.000292904
0.000292676
0.000292448
0.000292221
0.000291993
0.000291766
0.000291539
0.000291312
0.000291085
0.000290859
0.000290633
0.000290407
0.000290181
0.000289955
0.00028973
0.000289505
0.00028928
0.000289055
0.00028883
0.000288606
0.000288382
0.000288158
0.000287934
0.000287711
0.000287487
0.000287264
0.000287041
0.000286819
0.000286596
0.000286374
0.000286152
0.00028593
0.000285708
0.000285487
0.000285265
0.000285044
0.000284823
0.000284603
0.000284382
0.000284162
0.000283942
0.000283722
0.000283502
0.000283283
0.000283064
0.000282845
0.000282626
0.000282407
0.000282189
0.00028197
0.000281752
0.000281534
0.000281317
0.000281099
0.000280882
0.000280665
0.000280448
0.000280231
0.000280015
0.000279799
0.000279583
0.000279367
0.000279151
0.000278936
0.00027872
0.000278505
0.000278291
0.000278076
0.000277861
0.000277647
0.000277433
0.000277219
0.000277005
0.000276792
0.000276579
0.000276366
0.000276153
0.00027594
0.000275727
0.000275515
0.000275303
0.000275091
0.000274879
0.000274668
0.000274457
0.000274245
0.000274034
0.000273824
0.000273613
0.000273403
0.000273193
0.000272983
0.000272773
0.000272563
0.000272354
0.000272145
0.000271936
0.000271727
0.000271518
0.00027131
0.000271102
0.000270893
0.000270686
0.000270478
0.000270271
0.000270063
0.000269856
0.000269649
0.000269443
0.000269236
0.00026903
0.000268824
0.000268618
0.000268412
0.000268206
0.000268001
0.000267796
0.000267591
0.000267386
0.000267181
0.000266977
0.000266773
0.000266568
0.000266365
0.000266161
0.000265957
0.000265754
0.000265551
0.000265348
0.000265145
0.000264943
0.00026474
0.000264538
0.000264336
0.000264134
0.000263933
0.000263731
0.00026353
0.000263329
0.000263128
0.000262927
0.000262727
0.000262527
0.000262326
0.000262127
0.000261927
0.000261727
0.000261528
0.000261329
0.000261129
0.000260931
0.000260732
0.000260533
0.000260335
0.000260137
0.000259939
0.000259741
0.000259544
0.000259346
0.000259149
0.000258952
0.000258755
0.000258559
0.000258362
0.000258166
0.00025797
0.000257774
0.000257578
0.000257383
0.000257187
0.000256992
0.000256797
0.000256602
0.000256407
0.000256213
0.000256019
0.000255824
0.00025563
0.000255437
0.000255243
0.00025505
0.000254856
0.000254663
0.000254471
0.000254278
0.000254085
0.000253893
0.000253701
0.000253509
0.000253317
0.000253125
0.000252934
0.000252743
0.000252552
0.000252361
0.00025217
0.000251979
0.000251789
0.000251599
0.000251409
0.000251219
0.000251029
0.00025084
0.00025065
0.000250461
0.000250272
0.000250083
0.000249895
0.000249706
0.000249518
0.00024933
0.000249142
0.000248954
0.000248766
0.000248579
0.000248392
0.000248205
0.000248018
0.000247831
0.000247644
0.000247458
0.000247272
0.000247086
0.0002469
0.000246714
0.000246529
0.000246343
0.000246158
0.000245973
0.000245788
0.000245604
0.000245419
0.000245235
0.000245051
0.000244867
0.000244683
0.000244499
0.000244316
0.000244132
0.000243949
0.000243766
0.000243584
0.000243401
0.000243218
0.000243036
0.000242854
0.000242672
0.00024249
0.000242309
0.000242127
0.000241946
0.000241765
0.000241584
0.000241403
0.000241223
0.000241042
0.000240862
0.000240682
0.000240502
0.000240322
0.000240142
0.000239963
0.000239784
0.000239605
0.000239426
0.000239247
0.000239068
0.00023889
0.000238712
0.000238533
0.000238355
0.000238178
0.000238
0.000237823
0.000237645
0.000237468
0.000237291
0.000237114
0.000236938
0.000236761
0.000236585
0.000236409
0.000236233
0.000236057
0.000235881
0.000235706
0.000235531
0.000235355
0.00023518
0.000235006
0.000234831
0.000234656
0.000234482
0.000234308
0.000234134
0.00023396
0.000233786
0.000233613
0.000233439
0.000233266
0.000233093
0.00023292
0.000232747
0.000232575
0.000232402
0.00023223
0.000232058
0.000231886
0.000231714
0.000231543
0.000231371
0.0002312
0.000231029
0.000230858
0.000230687
0.000230516
0.000230346
0.000230176
0.000230005
0.000229835
0.000229665
0.000229496
0.000229326
0.000229157
0.000228988
0.000228818
0.000228649
0.000228481
0.000228312
0.000228144
0.000227975
0.000227807
0.000227639
0.000227471
0.000227304
0.000227136
0.000226969
0.000226802
0.000226635
0.000226468
0.000226301
0.000226134
0.000225968
0.000225802
0.000225635
0.000225469
0.000225304
0.000225138
0.000224972
0.000224807
0.000224642
0.000224477
0.000224312
0.000224147
0.000223983
0.000223818
0.000223654
0.00022349
0.000223326
0.000223162
0.000222998
0.000222835
0.000222671
0.000222508
0.000222345
0.000222182
0.000222019
0.000221857
0.000221694
0.000221532
0.00022137
0.000221208
0.000221046
0.000220884
0.000220723
0.000220561
0.0002204
0.000220239
0.000220078
0.000219917
0.000219757
0.000219596
0.000219436
0.000219275
0.000219115
0.000218955
0.000218796
0.000218636
0.000218477
0.000218317
0.000218158
0.000217999
0.00021784
0.000217682
0.000217523
0.000217365
0.000217206
0.000217048
0.00021689
0.000216732
0.000216575
0.000216417
0.00021626
0.000216102
0.000215945
0.000215788
0.000215632
0.000215475
0.000215318
0.000215162
0.000215006
0.00021485
0.000214694
0.000214538
0.000214382
0.000214227
0.000214071
0.000213916
0.000213761
0.000213606
0.000213451
0.000213297
0.000213142
0.000212988
0.000212834
0.00021268
0.000212526
0.000212372
0.000212218
0.000212065
0.000211911
0.000211758
0.000211605
0.000211452
0.0002113
0.000211147
0.000210994
0.000210842
0.00021069
0.000210538
0.000210386
0.000210234
0.000210082
0.000209931
0.00020978
0.000209628
0.000209477
0.000209326
0.000209176
0.000209025
0.000208874
0.000208724
0.000208574
0.000208424
0.000208274
0.000208124
0.000207974
0.000207825
0.000207675
0.000207526
0.000207377
0.000207228
0.000207079
0.00020693
0.000206782
0.000206633
0.000206485
0.000206337
0.000206189
0.000206041
0.000205893
0.000205746
0.000205598
0.000205451
0.000205304
0.000205157
0.00020501
0.000204863
0.000204717
0.00020457
0.000204424
0.000204277
0.000204131
0.000203985
0.00020384
0.000203694
0.000203548
0.000203403
0.000203258
0.000203113
0.000202968
0.000202823
0.000202678
0.000202533
0.000202389
0.000202245
0.0002021
0.000201956
0.000201812
0.000201669
0.000201525
0.000201382
0.000201238
0.000201095
0.000200952
0.000200809
0.000200666
0.000200523
0.000200381
0.000200238
0.000200096
0.000199954
0.000199812
0.00019967
0.000199528
0.000199386
0.000199245
0.000199103
0.000198962
0.000198821
0.00019868
0.000198539
0.000198398
0.000198258
0.000198117
0.000197977
0.000197837
0.000197697
0.000197557
0.000197417
0.000197277
0.000197138
0.000196998
0.000196859
0.00019672
0.000196581
0.000196442
0.000196303
0.000196165
0.000196026
0.000195888
0.000195749
0.000195611
0.000195473
0.000195335
0.000195198
0.00019506
0.000194923
0.000194785
0.000194648
0.000194511
0.000194374
0.000194237
0.000194101
0.000193964
0.000193827
0.000193691
0.000193555
0.000193419
0.000193283
0.000193147
0.000193011
0.000192876
0.00019274
0.000192605
0.00019247
0.000192335
0.0001922
0.000192065
0.000191931
0.000191796
0.000191662
0.000191527
0.000191393
0.000191259
0.000191125
0.000190991
0.000190858
0.000190724
0.000190591
0.000190457
0.000190324
0.000190191
0.000190058
0.000189925
0.000189793
0.00018966
0.000189528
0.000189395
0.000189263
0.000189131
0.000188999
0.000188867
0.000188736
0.000188604
0.000188473
0.000188341
0.00018821
0.000188079
0.000187948
0.000187817
0.000187687
0.000187556
0.000187426
0.000187295
0.000187165
0.000187035
0.000186905
0.000186775
0.000186646
0.000186516
0.000186386
0.000186257
0.000186128
0.000185999
0.00018587
0.000185741
0.000185612
0.000185483
0.000185355
0.000185227
0.000185098
0.00018497
0.000184842
0.000184714
0.000184586
0.000184459
0.000184331
0.000184204
0.000184076
0.000183949
0.000183822
0.000183695
0.000183568
0.000183442
0.000183315
0.000183188
0.000183062
0.000182936
0.00018281
0.000182684
0.000182558
0.000182432
0.000182306
0.000182181
0.000182055
0.00018193
0.000181805
0.00018168
0.000181555
0.00018143
0.000181305
0.000181181
0.000181056
0.000180932
0.000180808
0.000180684
0.000180559
0.000180436
0.000180312
0.000180188
0.000180065
0.000179941
0.000179818
0.000179695
0.000179572
0.000179449
0.000179326
0.000179203
0.00017908
0.000178958
0.000178835
0.000178713
0.000178591
0.000178469
0.000178347
0.000178225
0.000178103
0.000177982
0.00017786
0.000177739
0.000177618
0.000177496
0.000177375
0.000177255
0.000177134
0.000177013
0.000176892
0.000176772
0.000176652
0.000176531
0.000176411
0.000176291
0.000176171
0.000176052
0.000175932
0.000175812
0.000175693
0.000175574
0.000175454
0.000175335
0.000175216
0.000175097
0.000174979
0.00017486
0.000174741
0.000174623
0.000174505
0.000174386
0.000174268
0.00017415
0.000174032
0.000173915
0.000173797
0.000173679
0.000173562
0.000173444
0.000173327
0.00017321
0.000173093
0.000172976
0.000172859
0.000172743
0.000172626
0.00017251
0.000172393
0.000172277
0.000172161
0.000172045
0.000171929
0.000171813
0.000171698
0.000171582
0.000171466
0.000171351
0.000171236
0.000171121
0.000171006
0.000170891
0.000170776
0.000170661
0.000170547
0.000170432
0.000170318
0.000170203
0.000170089
0.000169975
0.000169861
0.000169747
0.000169633
0.00016952
0.000169406
0.000169293
0.000169179
0.000169066
0.000168953
0.00016884
0.000168727
0.000168614
0.000168502
0.000168389
0.000168277
0.000168164
0.000168052
0.00016794
0.000167828
0.000167716
0.000167604
0.000167492
0.000167381
0.000167269
0.000167158
0.000167046
0.000166935
0.000166824
0.000166713
0.000166602
0.000166491
0.000166381
0.00016627
0.000166159
0.000166049
0.000165939
0.000165829
0.000165719
0.000165609
0.000165499
0.000165389
0.000165279
0.00016517
0.00016506
0.000164951
0.000164842
0.000164732
0.000164623
0.000164514
0.000164406
0.000164297
0.000164188
0.00016408
0.000163971
0.000163863
0.000163755
0.000163647
0.000163539
0.000163431
0.000163323
0.000163215
0.000163107
0.000163
0.000162893
0.000162785
0.000162678
0.000162571
0.000162464
0.000162357
0.00016225
0.000162143
0.000162037
0.00016193
0.000161824
0.000161718
0.000161611
0.000161505
0.000161399
0.000161293
0.000161188
0.000161082
0.000160976
0.000160871
0.000160765
0.00016066
0.000160555
0.00016045
0.000160345
0.00016024
0.000160135
0.00016003
0.000159926
0.000159821
0.000159717
0.000159612
0.000159508
0.000159404
0.0001593
0.000159196
0.000159092
0.000158988
0.000158885
0.000158781
0.000158678
0.000158574
0.000158471
0.000158368
0.000158265
0.000158162
0.000158059
0.000157956
0.000157854
0.000157751
0.000157649
0.000157546
0.000157444
0.000157342
0.00015724
0.000157138
0.000157036
0.000156934
0.000156832
0.000156731
0.000156629
0.000156528
0.000156426
0.000156325
0.000156224
0.000156123
0.000156022
0.000155921
0.00015582
0.00015572
0.000155619
0.000155519
0.000155418
0.000155318
0.000155218
0.000155118
0.000155018
0.000154918
0.000154818
0.000154718
0.000154619
0.000154519
0.00015442
0.00015432
0.000154221
0.000154122
0.000154023
0.000153924
0.000153825
0.000153726
0.000153628
0.000153529
0.00015343
0.000153332
0.000153234
0.000153136
0.000153037
0.000152939
0.000152841
0.000152744
0.000152646
0.000152548
0.000152451
0.000152353
0.000152256
0.000152158
0.000152061
0.000151964
0.000151867
0.00015177
0.000151673
0.000151576
0.00015148
0.000151383
0.000151287
0.00015119
0.000151094
0.000150998
0.000150902
0.000150806
0.00015071
0.000150614
0.000150518
0.000150423
0.000150327
0.000150231
0.000150136
0.000150041
0.000149946
0.00014985
0.000149755
0.00014966
0.000149566
0.000149471
0.000149376
0.000149282
0.000149187
0.000149093
0.000148998
0.000148904
0.00014881
0.000148716
0.000148622
0.000148528
0.000148434
0.000148341
0.000148247
0.000148153
0.00014806
0.000147967
0.000147873
0.00014778
0.000147687
0.000147594
0.000147501
0.000147408
0.000147316
0.000147223
0.00014713
0.000147038
0.000146946
0.000146853
0.000146761
0.000146669
0.000146577
0.000146485
0.000146393
0.000146301
0.00014621
0.000146118
0.000146027
0.000145935
0.000145844
0.000145753
0.000145661
0.00014557
0.000145479
0.000145388
0.000145298
0.000145207
0.000145116
0.000145026
0.000144935
0.000144845
0.000144754
0.000144664
0.000144574
0.000144484
0.000144394
0.000144304
0.000144214
0.000144125
0.000144035
0.000143945
0.000143856
0.000143767
0.000143677
0.000143588
0.000143499
0.00014341
0.000143321
0.000143232
0.000143143
0.000143054
0.000142966
0.000142877
0.000142789
0.0001427
0.000142612
0.000142524
0.000142436
0.000142348
0.00014226
0.000142172
0.000142084
0.000141997
0.000141909
0.000141821
0.000141734
0.000141646
0.000141559
0.000141472
0.000141385
0.000141298
0.000141211
0.000141124
0.000141037
0.00014095
0.000140864
0.000140777
0.000140691
0.000140604
0.000140518
0.000140432
0.000140346
0.00014026
0.000140174
0.000140088
0.000140002
0.000139916
0.000139831
0.000139745
0.000139659
0.000139574
0.000139489
0.000139403
0.000139318
0.000139233
0.000139148
0.000139063
0.000138978
0.000138894
0.000138809
0.000138724
0.00013864
0.000138555
0.000138471
0.000138387
0.000138302
0.000138218
0.000138134
0.00013805
0.000137966
0.000137882
0.000137799
0.000137715
0.000137632
0.000137548
0.000137465
0.000137381
0.000137298
0.000137215
0.000137132
0.000137049
0.000136966
0.000136883
0.0001368
0.000136717
0.000136635
0.000136552
0.00013647
0.000136387
0.000136305
0.000136223
0.00013614
0.000136058
0.000135976
0.000135894
0.000135813
0.000135731
0.000135649
0.000135567
0.000135486
0.000135404
0.000135323
0.000135242
0.00013516
0.000135079
0.000134998
0.000134917
0.000134836
0.000134755
0.000134675
0.000134594
0.000134513
0.000134433
0.000134352
0.000134272
0.000134191
0.000134111
0.000134031
0.000133951
0.000133871
0.000133791
0.000133711
0.000133631
0.000133552
0.000133472
0.000133392
0.000133313
0.000133233
0.000133154
0.000133075
0.000132996
0.000132917
0.000132838
0.000132759
0.00013268
0.000132601
0.000132522
0.000132443
0.000132365
0.000132286
0.000132208
0.000132129
0.000132051
0.000131973
0.000131895
0.000131817
0.000131739
0.000131661
0.000131583
0.000131505
0.000131427
0.00013135
0.000131272
0.000131195
0.000131117
0.00013104
0.000130963
0.000130885
0.000130808
0.000130731
0.000130654
0.000130577
0.000130501
0.000130424
0.000130347
0.000130271
0.000130194
0.000130118
0.000130041
0.000129965
0.000129889
0.000129812
0.000129736
0.00012966
0.000129584
0.000129508
0.000129433
0.000129357
0.000129281
0.000129206
0.00012913
0.000129055
0.000128979
0.000128904
0.000128829
0.000128753
0.000128678
0.000128603
0.000128528
0.000128453
0.000128379
0.000128304
0.000128229
0.000128155
0.00012808
0.000128006
0.000127931
0.000127857
0.000127783
0.000127708
0.000127634
0.00012756
0.000127486
0.000127412
0.000127338
0.000127265
0.000127191
0.000127117
0.000127044
0.00012697
0.000126897
0.000126824
0.00012675
0.000126677
0.000126604
0.000126531
0.000126458
0.000126385
0.000126312
0.000126239
0.000126167
0.000126094
0.000126021
0.000125949
0.000125876
0.000125804
0.000125732
0.000125659
0.000125587
0.000125515
0.000125443
0.000125371
0.000125299
0.000125227
0.000125156
0.000125084
0.000125012
0.000124941
0.000124869
0.000124798
0.000124726
0.000124655
0.000124584
0.000124513
0.000124442
0.000124371
0.0001243
0.000124229
0.000124158
0.000124087
0.000124017
0.000123946
0.000123875
0.000123805
0.000123734
0.000123664
0.000123594
0.000123524
0.000123453
0.000123383
0.000123313
0.000123243
0.000123173
0.000123104
0.000123034
0.000122964
0.000122895
0.000122825
0.000122756
0.000122686
0.000122617
0.000122547
0.000122478
0.000122409
0.00012234
0.000122271
0.000122202
0.000122133
0.000122064
0.000121995
0.000121927
0.000121858
0.00012179
0.000121721
0.000121653
0.000121584
0.000121516
0.000121448
0.000121379
0.000121311
0.000121243
0.000121175
0.000121107
0.000121039
0.000120972
0.000120904
0.000120836
0.000120769
0.000120701
0.000120634
0.000120566
0.000120499
0.000120432
0.000120364
0.000120297
0.00012023
0.000120163
0.000120096
0.000120029
0.000119962
0.000119896
0.000119829
0.000119762
0.000119696
0.000119629
0.000119563
0.000119496
0.00011943
0.000119364
0.000119297
0.000119231
0.000119165
0.000119099
0.000119033
0.000118967
0.000118901
0.000118836
0.00011877
0.000118704
0.000118639
0.000118573
0.000118508
0.000118442
0.000118377
0.000118312
0.000118247
0.000118181
0.000118116
0.000118051
0.000117986
0.000117921
0.000117857
0.000117792
0.000117727
0.000117662
0.000117598
0.000117533
0.000117469
0.000117404
0.00011734
0.000117276
0.000117212
0.000117147
0.000117083
0.000117019
0.000116955
0.000116891
0.000116827
0.000116764
0.0001167
0.000116636
0.000116573
0.000116509
0.000116446
0.000116382
0.000116319
0.000116255
0.000116192
0.000116129
0.000116066
0.000116003
0.00011594
0.000115877
0.000115814
0.000115751
0.000115688
0.000115625
0.000115563
0.0001155
0.000115438
0.000115375
0.000115313
0.00011525
0.000115188
0.000115126
0.000115064
0.000115001
0.000114939
0.000114877
0.000114815
0.000114754
0.000114692
0.00011463
0.000114568
0.000114507
0.000114445
0.000114383
0.000114322
0.00011426
0.000114199
0.000114138
0.000114077
0.000114015
0.000113954
0.000113893
0.000113832
0.000113771
0.00011371
0.000113649
0.000113589
0.000113528
0.000113467
0.000113407
0.000113346
0.000113286
0.000113225
0.000113165
0.000113104
0.000113044
0.000112984
0.000112924
0.000112864
0.000112804
0.000112744
0.000112684
0.000112624
0.000112564
0.000112504
0.000112445
0.000112385
0.000112325
0.000112266
0.000112206
0.000112147
0.000112088
0.000112028
0.000111969
0.00011191
0.000111851
0.000111792
0.000111733
0.000111674
0.000111615
0.000111556
0.000111497
0.000111438
0.00011138
0.000111321
0.000111262
0.000111204
0.000111145
0.000111087
0.000111029
0.00011097
0.000110912
0.000110854
0.000110796
0.000110738
0.00011068
0.000110622
0.000110564
0.000110506
0.000110448
0.00011039
0.000110333
0.000110275
0.000110217
0.00011016
0.000110102
0.000110045
0.000109988
0.00010993
0.000109873
0.000109816
0.000109759
0.000109702
0.000109645
0.000109588
0.000109531
0.000109474
0.000109417
0.00010936
0.000109303
0.000109247
0.00010919
0.000109134
0.000109077
0.000109021
0.000108964
0.000108908
0.000108852
0.000108795
0.000108739
0.000108683
0.000108627
0.000108571
0.000108515
0.000108459
0.000108403
0.000108347
0.000108292
0.000108236
0.00010818
0.000108125
0.000108069
0.000108014
0.000107958
0.000107903
0.000107848
0.000107792
0.000107737
0.000107682
0.000107627
0.000107572
0.000107517
0.000107462
0.000107407
0.000107352
0.000107297
0.000107242
0.000107188
0.000107133
0.000107078
0.000107024
0.000106969
0.000106915
0.000106861
0.000106806
0.000106752
0.000106698
0.000106644
0.000106589
0.000106535
0.000106481
0.000106427
0.000106373
0.00010632
0.000106266
0.000106212
0.000106158
0.000106105
0.000106051
0.000105997
0.000105944
0.00010589
0.000105837
0.000105784
0.00010573
0.000105677
0.000105624
0.000105571
0.000105517
0.000105464
0.000105411
0.000105358
0.000105306
0.000105253
0.0001052
0.000105147
0.000105094
0.000105042
0.000104989
0.000104937
0.000104884
0.000104832
0.000104779
0.000104727
0.000104675
0.000104622
0.00010457
0.000104518
0.000104466
0.000104414
0.000104362
0.00010431
0.000104258
0.000104206
0.000104154
0.000104102
0.000104051
0.000103999
0.000103947
0.000103896
0.000103844
0.000103793
0.000103741
0.00010369
0.000103639
0.000103587
0.000103536
0.000103485
0.000103434
0.000103383
0.000103332
0.000103281
0.00010323
0.000103179
0.000103128
0.000103077
0.000103027
0.000102976
0.000102925
0.000102875
0.000102824
0.000102774
0.000102723
0.000102673
0.000102622
0.000102572
0.000102522
0.000102472
0.000102421
0.000102371
0.000102321
0.000102271
0.000102221
0.000102171
0.000102121
0.000102072
0.000102022
0.000101972
0.000101922
0.000101873
0.000101823
0.000101774
0.000101724
0.000101675
0.000101625
0.000101576
0.000101527
0.000101477
0.000101428
0.000101379
0.00010133
0.000101281
0.000101232
0.000101183
0.000101134
0.000101085
0.000101036
0.000100987
0.000100938
0.00010089
0.000100841
0.000100792
0.000100744
0.000100695
0.000100647
0.000100598
0.00010055
0.000100502
0.000100453
0.000100405
0.000100357
0.000100309
0.000100261
0.000100213
0.000100165
0.000100117
0.000100069
0.000100021
9.9973e-05
9.99252e-05
9.98774e-05
9.98297e-05
9.97821e-05
9.97345e-05
9.96869e-05
9.96394e-05
9.95919e-05
9.95445e-05
9.94971e-05
9.94498e-05
9.94025e-05
9.93553e-05
9.93081e-05
9.92609e-05
9.92138e-05
9.91667e-05
9.91197e-05
9.90727e-05
9.90258e-05
9.89789e-05
9.89321e-05
9.88853e-05
9.88385e-05
9.87918e-05
9.87451e-05
9.86985e-05
9.86519e-05
9.86054e-05
9.85589e-05
9.85125e-05
9.84661e-05
9.84197e-05
9.83734e-05
9.83271e-05
9.82809e-05
9.82347e-05
9.81886e-05
9.81425e-05
9.80965e-05
9.80505e-05
9.80045e-05
9.79586e-05
9.79127e-05
9.78669e-05
9.78211e-05
9.77754e-05
9.77297e-05
9.7684e-05
9.76384e-05
9.75928e-05
9.75473e-05
9.75018e-05
9.74564e-05
9.7411e-05
9.73657e-05
9.73204e-05
9.72751e-05
9.72299e-05
9.71847e-05
9.71396e-05
9.70945e-05
9.70494e-05
9.70044e-05
9.69594e-05
9.69145e-05
9.68696e-05
9.68248e-05
9.678e-05
9.67353e-05
9.66906e-05
9.66459e-05
9.66013e-05
9.65567e-05
9.65122e-05
9.64677e-05
9.64232e-05
9.63788e-05
9.63344e-05
9.62901e-05
9.62458e-05
9.62016e-05
9.61574e-05
9.61132e-05
9.60691e-05
9.60251e-05
9.5981e-05
9.5937e-05
9.58931e-05
9.58492e-05
9.58053e-05
9.57615e-05
9.57177e-05
9.5674e-05
9.56303e-05
9.55866e-05
9.5543e-05
9.54994e-05
9.54559e-05
9.54124e-05
9.5369e-05
9.53256e-05
9.52822e-05
9.52389e-05
9.51956e-05
9.51524e-05
9.51092e-05
9.5066e-05
9.50229e-05
9.49798e-05
9.49368e-05
9.48938e-05
9.48508e-05
9.48079e-05
9.47651e-05
9.47222e-05
9.46794e-05
9.46367e-05
9.4594e-05
9.45513e-05
9.45087e-05
9.44661e-05
9.44236e-05
9.43811e-05
9.43386e-05
9.42962e-05
9.42538e-05
9.42114e-05
9.41691e-05
9.41269e-05
9.40846e-05
9.40425e-05
9.40003e-05
9.39582e-05
9.39162e-05
9.38741e-05
9.38322e-05
9.37902e-05
9.37483e-05
9.37065e-05
9.36646e-05
9.36229e-05
9.35811e-05
9.35394e-05
9.34977e-05
9.34561e-05
9.34145e-05
9.3373e-05
9.33315e-05
9.329e-05
9.32486e-05
9.32072e-05
9.31659e-05
9.31246e-05
9.30833e-05
9.30421e-05
9.30009e-05
9.29597e-05
9.29186e-05
9.28776e-05
9.28365e-05
9.27955e-05
9.27546e-05
9.27137e-05
9.26728e-05
9.2632e-05
9.25912e-05
9.25504e-05
9.25097e-05
9.2469e-05
9.24284e-05
9.23878e-05
9.23472e-05
9.23067e-05
9.22662e-05
9.22257e-05
9.21853e-05
9.21449e-05
9.21046e-05
9.20643e-05
9.20241e-05
9.19838e-05
9.19437e-05
9.19035e-05
9.18634e-05
9.18234e-05
9.17833e-05
9.17433e-05
9.17034e-05
9.16635e-05
9.16236e-05
9.15838e-05
9.1544e-05
9.15042e-05
9.14645e-05
9.14248e-05
9.13852e-05
9.13455e-05
9.1306e-05
9.12664e-05
9.12269e-05
9.11875e-05
9.11481e-05
9.11087e-05
9.10693e-05
9.103e-05
9.09908e-05
9.09515e-05
9.09123e-05
9.08732e-05
9.0834e-05
9.0795e-05
9.07559e-05
9.07169e-05
9.06779e-05
9.0639e-05
9.06001e-05
9.05612e-05
9.05224e-05
9.04836e-05
9.04449e-05
9.04062e-05
9.03675e-05
9.03289e-05
9.02903e-05
9.02517e-05
9.02132e-05
9.01747e-05
9.01362e-05
9.00978e-05
9.00594e-05
9.00211e-05
8.99828e-05
8.99445e-05
8.99063e-05
8.98681e-05
8.98299e-05
8.97918e-05
8.97537e-05
8.97156e-05
8.96776e-05
8.96396e-05
8.96017e-05
8.95638e-05
8.95259e-05
8.94881e-05
8.94503e-05
8.94125e-05
8.93748e-05
8.93371e-05
8.92994e-05
8.92618e-05
8.92242e-05
8.91867e-05
8.91492e-05
8.91117e-05
8.90742e-05
8.90368e-05
8.89995e-05
8.89621e-05
8.89248e-05
8.88876e-05
8.88503e-05
8.88132e-05
8.8776e-05
8.87389e-05
8.87018e-05
8.86647e-05
8.86277e-05
8.85907e-05
8.85538e-05
8.85169e-05
8.848e-05
8.84432e-05
8.84064e-05
8.83696e-05
8.83329e-05
8.82962e-05
8.82595e-05
8.82229e-05
8.81863e-05
8.81497e-05
8.81132e-05
8.80767e-05
8.80403e-05
8.80038e-05
8.79675e-05
8.79311e-05
8.78948e-05
8.78585e-05
8.78223e-05
8.77861e-05
8.77499e-05
8.77137e-05
8.76776e-05
8.76416e-05
8.76055e-05
8.75695e-05
8.75335e-05
8.74976e-05
8.74617e-05
8.74258e-05
8.739e-05
8.73542e-05
8.73184e-05
8.72827e-05
8.7247e-05
8.72114e-05
8.71757e-05
8.71401e-05
8.71046e-05
8.7069e-05
8.70335e-05
8.69981e-05
8.69627e-05
8.69273e-05
8.68919e-05
8.68566e-05
8.68213e-05
8.6786e-05
8.67508e-05
8.67156e-05
8.66805e-05
8.66454e-05
8.66103e-05
8.65752e-05
8.65402e-05
8.65052e-05
8.64703e-05
8.64353e-05
8.64004e-05
8.63656e-05
8.63308e-05
8.6296e-05
8.62612e-05
8.62265e-05
8.61918e-05
8.61572e-05
8.61225e-05
8.60879e-05
8.60534e-05
8.60189e-05
8.59844e-05
8.59499e-05
8.59155e-05
8.58811e-05
8.58467e-05
8.58124e-05
8.57781e-05
8.57439e-05
8.57096e-05
8.56754e-05
8.56413e-05
8.56071e-05
8.5573e-05
8.5539e-05
8.55049e-05
8.54709e-05
8.5437e-05
8.5403e-05
8.53691e-05
8.53353e-05
8.53014e-05
8.52676e-05
8.52339e-05
8.52001e-05
8.51664e-05
8.51327e-05
8.50991e-05
8.50655e-05
8.50319e-05
8.49983e-05
8.49648e-05
8.49313e-05
8.48979e-05
8.48645e-05
8.48311e-05
8.47977e-05
8.47644e-05
8.47311e-05
8.46978e-05
8.46646e-05
8.46314e-05
8.45982e-05
8.45651e-05
8.4532e-05
8.44989e-05
8.44659e-05
8.44329e-05
8.43999e-05
8.4367e-05
8.4334e-05
8.43012e-05
8.42683e-05
8.42355e-05
8.42027e-05
8.41699e-05
8.41372e-05
8.41045e-05
8.40719e-05
8.40392e-05
8.40066e-05
8.39741e-05
8.39415e-05
8.3909e-05
8.38765e-05
8.38441e-05
8.38117e-05
8.37793e-05
8.37469e-05
8.37146e-05
8.36823e-05
8.36501e-05
8.36178e-05
8.35856e-05
8.35535e-05
8.35213e-05
8.34892e-05
8.34571e-05
8.34251e-05
8.33931e-05
8.33611e-05
8.33291e-05
8.32972e-05
8.32653e-05
8.32335e-05
8.32016e-05
8.31698e-05
8.31381e-05
8.31063e-05
8.30746e-05
8.30429e-05
8.30113e-05
8.29797e-05
8.29481e-05
8.29165e-05
8.2885e-05
8.28535e-05
8.2822e-05
8.27906e-05
8.27592e-05
8.27278e-05
8.26964e-05
8.26651e-05
8.26338e-05
8.26026e-05
8.25713e-05
8.25401e-05
8.2509e-05
8.24778e-05
8.24467e-05
8.24156e-05
8.23846e-05
8.23536e-05
8.23226e-05
8.22916e-05
8.22607e-05
8.22298e-05
8.21989e-05
8.21681e-05
8.21373e-05
8.21065e-05
8.20757e-05
8.2045e-05
8.20143e-05
8.19836e-05
8.1953e-05
8.19224e-05
8.18918e-05
8.18612e-05
8.18307e-05
8.18002e-05
8.17698e-05
8.17393e-05
8.17089e-05
8.16786e-05
8.16482e-05
8.16179e-05
8.15876e-05
8.15573e-05
8.15271e-05
8.14969e-05
8.14667e-05
8.14366e-05
8.14065e-05
8.13764e-05
8.13463e-05
8.13163e-05
8.12863e-05
8.12563e-05
8.12264e-05
8.11965e-05
8.11666e-05
8.11367e-05
8.11069e-05
8.10771e-05
8.10473e-05
8.10176e-05
8.09879e-05
8.09582e-05
8.09285e-05
8.08989e-05
8.08693e-05
8.08397e-05
8.08102e-05
8.07806e-05
8.07511e-05
8.07217e-05
8.06923e-05
8.06628e-05
8.06335e-05
8.06041e-05
8.05748e-05
8.05455e-05
8.05162e-05
8.0487e-05
8.04578e-05
8.04286e-05
8.03995e-05
8.03703e-05
8.03412e-05
8.03122e-05
8.02831e-05
8.02541e-05
8.02251e-05
8.01962e-05
8.01672e-05
8.01383e-05
8.01095e-05
8.00806e-05
8.00518e-05
8.0023e-05
7.99942e-05
7.99655e-05
7.99368e-05
7.99081e-05
7.98794e-05
7.98508e-05
7.98222e-05
7.97936e-05
7.97651e-05
7.97366e-05
7.97081e-05
7.96796e-05
7.96512e-05
7.96228e-05
7.95944e-05
7.9566e-05
7.95377e-05
7.95094e-05
7.94811e-05
7.94529e-05
7.94247e-05
7.93965e-05
7.93683e-05
7.93402e-05
7.9312e-05
7.9284e-05
7.92559e-05
7.92279e-05
7.91999e-05
7.91719e-05
7.91439e-05
7.9116e-05
7.90881e-05
7.90602e-05
7.90324e-05
7.90046e-05
7.89768e-05
7.8949e-05
7.89213e-05
7.88936e-05
7.88659e-05
7.88382e-05
7.88106e-05
7.8783e-05
7.87554e-05
7.87278e-05
7.87003e-05
7.86728e-05
7.86453e-05
7.86179e-05
7.85905e-05
7.85631e-05
7.85357e-05
7.85083e-05
7.8481e-05
7.84537e-05
7.84265e-05
7.83992e-05
7.8372e-05
7.83448e-05
7.83177e-05
7.82905e-05
7.82634e-05
7.82363e-05
7.82093e-05
7.81822e-05
7.81552e-05
7.81283e-05
7.81013e-05
7.80744e-05
7.80475e-05
7.80206e-05
7.79937e-05
7.79669e-05
7.79401e-05
7.79133e-05
7.78866e-05
7.78599e-05
7.78332e-05
7.78065e-05
7.77798e-05
7.77532e-05
7.77266e-05
7.77001e-05
7.76735e-05
7.7647e-05
7.76205e-05
7.7594e-05
7.75676e-05
7.75412e-05
7.75148e-05
7.74884e-05
7.7462e-05
7.74357e-05
7.74094e-05
7.73832e-05
7.73569e-05
7.73307e-05
7.73045e-05
7.72783e-05
7.72522e-05
7.72261e-05
7.72e-05
7.71739e-05
7.71479e-05
7.71219e-05
7.70959e-05
7.70699e-05
7.7044e-05
7.7018e-05
7.69921e-05
7.69663e-05
7.69404e-05
7.69146e-05
7.68888e-05
7.68631e-05
7.68373e-05
7.68116e-05
7.67859e-05
7.67602e-05
7.67346e-05
7.67089e-05
7.66833e-05
7.66578e-05
7.66322e-05
7.66067e-05
7.65812e-05
7.65557e-05
7.65303e-05
7.65048e-05
7.64794e-05
7.64541e-05
7.64287e-05
7.64034e-05
7.63781e-05
7.63528e-05
7.63275e-05
7.63023e-05
7.62771e-05
7.62519e-05
7.62267e-05
7.62016e-05
7.61765e-05
7.61514e-05
7.61263e-05
7.61013e-05
7.60763e-05
7.60513e-05
7.60263e-05
7.60014e-05
7.59764e-05
7.59515e-05
7.59267e-05
7.59018e-05
7.5877e-05
7.58522e-05
7.58274e-05
7.58027e-05
7.57779e-05
7.57532e-05
7.57285e-05
7.57039e-05
7.56792e-05
7.56546e-05
7.563e-05
7.56055e-05
7.55809e-05
7.55564e-05
7.55319e-05
7.55074e-05
7.5483e-05
7.54585e-05
7.54341e-05
7.54098e-05
7.53854e-05
7.53611e-05
7.53368e-05
7.53125e-05
7.52882e-05
7.5264e-05
7.52398e-05
7.52156e-05
7.51914e-05
7.51672e-05
7.51431e-05
7.5119e-05
7.50949e-05
7.50709e-05
7.50469e-05
7.50228e-05
7.49989e-05
7.49749e-05
7.4951e-05
7.4927e-05
7.49031e-05
7.48793e-05
7.48554e-05
7.48316e-05
7.48078e-05
7.4784e-05
7.47603e-05
7.47365e-05
7.47128e-05
7.46891e-05
7.46655e-05
7.46418e-05
7.46182e-05
7.45946e-05
7.4571e-05
7.45475e-05
7.45239e-05
7.45004e-05
7.44769e-05
7.44535e-05
7.443e-05
7.44066e-05
7.43832e-05
7.43598e-05
7.43365e-05
7.43131e-05
7.42898e-05
7.42666e-05
7.42433e-05
7.42201e-05
7.41968e-05
7.41736e-05
7.41505e-05
7.41273e-05
7.41042e-05
7.40811e-05
7.4058e-05
7.40349e-05
7.40119e-05
7.39889e-05
7.39659e-05
7.39429e-05
7.39199e-05
7.3897e-05
7.38741e-05
7.38512e-05
7.38283e-05
7.38055e-05
7.37827e-05
7.37599e-05
7.37371e-05
7.37143e-05
7.36916e-05
7.36689e-05
7.36462e-05
7.36235e-05
7.36009e-05
7.35783e-05
7.35557e-05
7.35331e-05
7.35105e-05
7.3488e-05
7.34655e-05
7.3443e-05
7.34205e-05
7.3398e-05
7.33756e-05
7.33532e-05
7.33308e-05
7.33084e-05
7.32861e-05
7.32638e-05
7.32415e-05
7.32192e-05
7.31969e-05
7.31747e-05
7.31524e-05
7.31303e-05
7.31081e-05
7.30859e-05
7.30638e-05
7.30417e-05
7.30196e-05
7.29975e-05
7.29755e-05
7.29534e-05
7.29314e-05
7.29094e-05
7.28875e-05
7.28655e-05
7.28436e-05
7.28217e-05
7.27998e-05
7.2778e-05
7.27561e-05
7.27343e-05
7.27125e-05
7.26907e-05
7.2669e-05
7.26472e-05
7.26255e-05
7.26038e-05
7.25822e-05
7.25605e-05
7.25389e-05
7.25173e-05
7.24957e-05
7.24741e-05
7.24526e-05
7.2431e-05
7.24095e-05
7.2388e-05
7.23666e-05
7.23451e-05
7.23237e-05
7.23023e-05
7.22809e-05
7.22596e-05
7.22382e-05
7.22169e-05
7.21956e-05
7.21743e-05
7.2153e-05
7.21318e-05
7.21106e-05
7.20894e-05
7.20682e-05
7.2047e-05
7.20259e-05
7.20048e-05
7.19837e-05
7.19626e-05
7.19415e-05
7.19205e-05
7.18995e-05
7.18785e-05
7.18575e-05
7.18366e-05
7.18156e-05
7.17947e-05
7.17738e-05
7.17529e-05
7.17321e-05
7.17112e-05
7.16904e-05
7.16696e-05
7.16488e-05
7.16281e-05
7.16073e-05
7.15866e-05
7.15659e-05
7.15452e-05
7.15246e-05
7.15039e-05
7.14833e-05
7.14627e-05
7.14421e-05
7.14216e-05
7.1401e-05
7.13805e-05
7.136e-05
7.13395e-05
7.13191e-05
7.12986e-05
7.12782e-05
7.12578e-05
7.12374e-05
7.1217e-05
7.11967e-05
7.11764e-05
7.11561e-05
7.11358e-05
7.11155e-05
7.10953e-05
7.1075e-05
7.10548e-05
7.10346e-05
7.10145e-05
7.09943e-05
7.09742e-05
7.09541e-05
7.0934e-05
7.09139e-05
7.08938e-05
7.08738e-05
7.08538e-05
7.08338e-05
7.08138e-05
7.07938e-05
7.07739e-05
7.0754e-05
7.07341e-05
7.07142e-05
7.06943e-05
7.06745e-05
7.06547e-05
7.06349e-05
7.06151e-05
7.05953e-05
7.05755e-05
7.05558e-05
7.05361e-05
7.05164e-05
7.04967e-05
7.04771e-05
7.04574e-05
7.04378e-05
7.04182e-05
7.03986e-05
7.03791e-05
7.03595e-05
7.034e-05
7.03205e-05
7.0301e-05
7.02816e-05
7.02621e-05
7.02427e-05
7.02233e-05
7.02039e-05
7.01845e-05
7.01651e-05
7.01458e-05
7.01265e-05
7.01072e-05
7.00879e-05
7.00686e-05
7.00494e-05
7.00301e-05
7.00109e-05
6.99917e-05
6.99726e-05
6.99534e-05
6.99343e-05
6.99152e-05
6.98961e-05
6.9877e-05
6.98579e-05
6.98389e-05
6.98198e-05
6.98008e-05
6.97818e-05
6.97629e-05
6.97439e-05
6.9725e-05
6.97061e-05
6.96872e-05
6.96683e-05
6.96494e-05
6.96306e-05
6.96118e-05
6.95929e-05
6.95742e-05
6.95554e-05
6.95366e-05
6.95179e-05
6.94992e-05
6.94805e-05
6.94618e-05
6.94431e-05
6.94245e-05
6.94058e-05
6.93872e-05
6.93686e-05
6.93501e-05
6.93315e-05
6.9313e-05
6.92944e-05
6.92759e-05
6.92574e-05
6.9239e-05
6.92205e-05
6.92021e-05
6.91837e-05
6.91653e-05
6.91469e-05
6.91285e-05
6.91102e-05
6.90919e-05
6.90735e-05
6.90552e-05
6.9037e-05
6.90187e-05
6.90005e-05
6.89822e-05
6.8964e-05
6.89459e-05
6.89277e-05
6.89095e-05
6.88914e-05
6.88733e-05
6.88552e-05
6.88371e-05
6.8819e-05
6.8801e-05
6.87829e-05
6.87649e-05
6.87469e-05
6.87289e-05
6.8711e-05
6.8693e-05
6.86751e-05
6.86572e-05
6.86393e-05
6.86214e-05
6.86035e-05
6.85857e-05
6.85679e-05
6.85501e-05
6.85323e-05
6.85145e-05
6.84967e-05
6.8479e-05
6.84613e-05
6.84436e-05
6.84259e-05
6.84082e-05
6.83905e-05
6.83729e-05
6.83553e-05
6.83377e-05
6.83201e-05
6.83025e-05
6.8285e-05
6.82674e-05
6.82499e-05
6.82324e-05
6.82149e-05
6.81974e-05
6.818e-05
6.81625e-05
6.81451e-05
6.81277e-05
6.81103e-05
6.8093e-05
6.80756e-05
6.80583e-05
6.80409e-05
6.80236e-05
6.80063e-05
6.79891e-05
6.79718e-05
6.79546e-05
6.79374e-05
6.79202e-05
6.7903e-05
6.78858e-05
6.78686e-05
6.78515e-05
6.78344e-05
6.78173e-05
6.78002e-05
6.77831e-05
6.7766e-05
6.7749e-05
6.7732e-05
6.7715e-05
6.7698e-05
6.7681e-05
6.7664e-05
6.76471e-05
6.76302e-05
6.76132e-05
6.75964e-05
6.75795e-05
6.75626e-05
6.75458e-05
6.75289e-05
6.75121e-05
6.74953e-05
6.74785e-05
6.74618e-05
6.7445e-05
6.74283e-05
6.74116e-05
6.73949e-05
6.73782e-05
6.73615e-05
6.73449e-05
6.73282e-05
6.73116e-05
6.7295e-05
6.72784e-05
6.72618e-05
6.72453e-05
6.72287e-05
6.72122e-05
6.71957e-05
6.71792e-05
6.71627e-05
6.71462e-05
6.71298e-05
6.71134e-05
6.70969e-05
6.70805e-05
6.70642e-05
6.70478e-05
6.70314e-05
6.70151e-05
6.69988e-05
6.69825e-05
6.69662e-05
6.69499e-05
6.69336e-05
6.69174e-05
6.69012e-05
6.68849e-05
6.68687e-05
6.68526e-05
6.68364e-05
6.68202e-05
6.68041e-05
6.6788e-05
6.67719e-05
6.67558e-05
6.67397e-05
6.67237e-05
6.67076e-05
6.66916e-05
6.66756e-05
6.66596e-05
6.66436e-05
6.66276e-05
6.66117e-05
6.65957e-05
6.65798e-05
6.65639e-05
6.6548e-05
6.65321e-05
6.65163e-05
6.65004e-05
6.64846e-05
6.64688e-05
6.6453e-05
6.64372e-05
6.64214e-05
6.64057e-05
6.639e-05
6.63742e-05
6.63585e-05
6.63428e-05
6.63271e-05
6.63115e-05
6.62958e-05
6.62802e-05
6.62646e-05
6.6249e-05
6.62334e-05
6.62178e-05
6.62023e-05
6.61867e-05
6.61712e-05
6.61557e-05
6.61402e-05
6.61247e-05
6.61092e-05
6.60938e-05
6.60783e-05
6.60629e-05
6.60475e-05
6.60321e-05
6.60167e-05
6.60013e-05
6.5986e-05
6.59707e-05
6.59553e-05
6.594e-05
6.59247e-05
6.59094e-05
6.58942e-05
6.58789e-05
6.58637e-05
6.58485e-05
6.58333e-05
6.58181e-05
6.58029e-05
6.57877e-05
6.57726e-05
6.57575e-05
6.57424e-05
6.57272e-05
6.57122e-05
6.56971e-05
6.5682e-05
6.5667e-05
6.56519e-05
6.56369e-05
6.56219e-05
6.56069e-05
6.5592e-05
6.5577e-05
6.55621e-05
6.55471e-05
6.55322e-05
6.55173e-05
6.55024e-05
6.54875e-05
6.54727e-05
6.54578e-05
6.5443e-05
6.54282e-05
6.54134e-05
6.53986e-05
6.53838e-05
6.53691e-05
6.53543e-05
6.53396e-05
6.53249e-05
6.53102e-05
6.52955e-05
6.52808e-05
6.52661e-05
6.52515e-05
6.52369e-05
6.52222e-05
6.52076e-05
6.5193e-05
6.51785e-05
6.51639e-05
6.51494e-05
6.51348e-05
6.51203e-05
6.51058e-05
6.50913e-05
6.50768e-05
6.50624e-05
6.50479e-05
6.50335e-05
6.5019e-05
6.50046e-05
6.49902e-05
6.49758e-05
6.49615e-05
6.49471e-05
6.49328e-05
6.49185e-05
6.49041e-05
6.48898e-05
6.48756e-05
6.48613e-05
6.4847e-05
6.48328e-05
6.48185e-05
6.48043e-05
6.47901e-05
6.47759e-05
6.47617e-05
6.47476e-05
6.47334e-05
6.47193e-05
6.47052e-05
6.46911e-05
6.4677e-05
6.46629e-05
6.46488e-05
6.46348e-05
6.46207e-05
6.46067e-05
6.45927e-05
6.45787e-05
6.45647e-05
6.45507e-05
6.45367e-05
6.45228e-05
6.45089e-05
6.44949e-05
6.4481e-05
6.44671e-05
6.44533e-05
6.44394e-05
6.44255e-05
6.44117e-05
6.43979e-05
6.4384e-05
6.43702e-05
6.43565e-05
6.43427e-05
6.43289e-05
6.43152e-05
6.43014e-05
6.42877e-05
6.4274e-05
6.42603e-05
6.42466e-05
6.42329e-05
6.42193e-05
6.42056e-05
6.4192e-05
6.41784e-05
6.41648e-05
6.41512e-05
6.41376e-05
6.41241e-05
6.41105e-05
6.4097e-05
6.40834e-05
6.40699e-05
6.40564e-05
6.40429e-05
6.40295e-05
6.4016e-05
6.40025e-05
6.39891e-05
6.39757e-05
6.39623e-05
6.39489e-05
6.39355e-05
6.39221e-05
6.39088e-05
6.38954e-05
6.38821e-05
6.38688e-05
6.38554e-05
6.38421e-05
6.38289e-05
6.38156e-05
6.38023e-05
6.37891e-05
6.37759e-05
6.37626e-05
6.37494e-05
6.37362e-05
6.37231e-05
6.37099e-05
6.36967e-05
6.36836e-05
6.36705e-05
6.36573e-05
6.36442e-05
6.36311e-05
6.36181e-05
6.3605e-05
6.35919e-05
6.35789e-05
6.35659e-05
6.35528e-05
6.35398e-05
6.35268e-05
6.35139e-05
6.35009e-05
6.34879e-05
6.3475e-05
6.34621e-05
6.34491e-05
6.34362e-05
6.34233e-05
6.34105e-05
6.33976e-05
6.33847e-05
6.33719e-05
6.33591e-05
6.33462e-05
6.33334e-05
6.33206e-05
6.33079e-05
6.32951e-05
6.32823e-05
6.32696e-05
6.32568e-05
6.32441e-05
6.32314e-05
6.32187e-05
6.3206e-05
6.31934e-05
6.31807e-05
6.3168e-05
6.31554e-05
6.31428e-05
6.31302e-05
6.31176e-05
6.3105e-05
6.30924e-05
6.30798e-05
6.30673e-05
6.30548e-05
6.30422e-05
6.30297e-05
6.30172e-05
6.30047e-05
6.29922e-05
6.29798e-05
6.29673e-05
6.29549e-05
6.29424e-05
6.293e-05
6.29176e-05
6.29052e-05
6.28928e-05
6.28804e-05
6.28681e-05
6.28557e-05
6.28434e-05
6.28311e-05
6.28188e-05
6.28065e-05
6.27942e-05
6.27819e-05
6.27696e-05
6.27574e-05
6.27451e-05
6.27329e-05
6.27207e-05
6.27085e-05
6.26963e-05
6.26841e-05
6.26719e-05
6.26597e-05
6.26476e-05
6.26355e-05
6.26233e-05
6.26112e-05
6.25991e-05
6.2587e-05
6.25749e-05
6.25629e-05
6.25508e-05
6.25388e-05
6.25267e-05
6.25147e-05
6.25027e-05
6.24907e-05
6.24787e-05
6.24667e-05
6.24548e-05
6.24428e-05
6.24309e-05
6.2419e-05
6.2407e-05
6.23951e-05
6.23832e-05
6.23713e-05
6.23595e-05
6.23476e-05
6.23358e-05
6.23239e-05
6.23121e-05
6.23003e-05
6.22885e-05
6.22767e-05
6.22649e-05
6.22531e-05
6.22414e-05
6.22296e-05
6.22179e-05
6.22062e-05
6.21944e-05
6.21827e-05
6.2171e-05
6.21594e-05
6.21477e-05
6.2136e-05
6.21244e-05
6.21127e-05
6.21011e-05
6.20895e-05
6.20779e-05
6.20663e-05
6.20547e-05
6.20432e-05
6.20316e-05
6.20201e-05
6.20085e-05
6.1997e-05
6.19855e-05
6.1974e-05
6.19625e-05
6.1951e-05
6.19395e-05
6.19281e-05
6.19166e-05
6.19052e-05
6.18938e-05
6.18823e-05
6.18709e-05
6.18596e-05
6.18482e-05
6.18368e-05
6.18254e-05
6.18141e-05
6.18027e-05
6.17914e-05
6.17801e-05
6.17688e-05
6.17575e-05
6.17462e-05
6.17349e-05
6.17237e-05
6.17124e-05
6.17012e-05
6.169e-05
6.16787e-05
6.16675e-05
6.16563e-05
6.16451e-05
6.1634e-05
6.16228e-05
6.16116e-05
6.16005e-05
6.15894e-05
6.15782e-05
6.15671e-05
6.1556e-05
6.15449e-05
6.15338e-05
6.15228e-05
6.15117e-05
6.15007e-05
6.14896e-05
6.14786e-05
6.14676e-05
6.14566e-05
6.14456e-05
6.14346e-05
6.14236e-05
6.14127e-05
6.14017e-05
6.13908e-05
6.13798e-05
6.13689e-05
6.1358e-05
6.13471e-05
6.13362e-05
6.13253e-05
6.13144e-05
6.13036e-05
6.12927e-05
6.12819e-05
6.12711e-05
6.12603e-05
6.12494e-05
6.12386e-05
6.12279e-05
6.12171e-05
6.12063e-05
6.11956e-05
6.11848e-05
6.11741e-05
6.11634e-05
6.11526e-05
6.11419e-05
6.11312e-05
6.11206e-05
6.11099e-05
6.10992e-05
6.10886e-05
6.10779e-05
6.10673e-05
6.10567e-05
6.1046e-05
6.10354e-05
6.10249e-05
6.10143e-05
6.10037e-05
6.09931e-05
6.09826e-05
6.0972e-05
6.09615e-05
6.0951e-05
6.09405e-05
6.093e-05
6.09195e-05
6.0909e-05
6.08985e-05
6.08881e-05
6.08776e-05
6.08672e-05
6.08568e-05
6.08463e-05
6.08359e-05
6.08255e-05
6.08151e-05
6.08047e-05
6.07944e-05
6.0784e-05
6.07737e-05
6.07633e-05
6.0753e-05
6.07427e-05
6.07324e-05
6.07221e-05
6.07118e-05
6.07015e-05
6.06912e-05
6.06809e-05
6.06707e-05
6.06604e-05
6.06502e-05
6.064e-05
6.06298e-05
6.06196e-05
6.06094e-05
6.05992e-05
6.0589e-05
6.05789e-05
6.05687e-05
6.05586e-05
6.05484e-05
6.05383e-05
6.05282e-05
6.05181e-05
6.0508e-05
6.04979e-05
6.04878e-05
6.04778e-05
6.04677e-05
6.04576e-05
6.04476e-05
6.04376e-05
6.04276e-05
6.04175e-05
6.04075e-05
6.03976e-05
6.03876e-05
6.03776e-05
6.03676e-05
6.03577e-05
6.03478e-05
6.03378e-05
6.03279e-05
6.0318e-05
6.03081e-05
6.02982e-05
6.02883e-05
6.02784e-05
6.02686e-05
6.02587e-05
6.02488e-05
6.0239e-05
6.02292e-05
6.02194e-05
6.02096e-05
6.01998e-05
6.019e-05
6.01802e-05
6.01704e-05
6.01606e-05
6.01509e-05
6.01411e-05
6.01314e-05
6.01217e-05
6.0112e-05
6.01023e-05
6.00926e-05
6.00829e-05
6.00732e-05
6.00635e-05
6.00539e-05
6.00442e-05
6.00346e-05
6.00249e-05
6.00153e-05
6.00057e-05
5.99961e-05
5.99865e-05
5.99769e-05
5.99673e-05
5.99578e-05
5.99482e-05
5.99387e-05
5.99291e-05
5.99196e-05
5.99101e-05
5.99006e-05
5.98911e-05
5.98816e-05
5.98721e-05
5.98626e-05
5.98531e-05
5.98437e-05
5.98342e-05
5.98248e-05
5.98153e-05
5.98059e-05
5.97965e-05
5.97871e-05
5.97777e-05
5.97683e-05
5.97589e-05
5.97496e-05
5.97402e-05
5.97309e-05
5.97215e-05
5.97122e-05
5.97029e-05
5.96936e-05
5.96842e-05
5.9675e-05
5.96657e-05
5.96564e-05
5.96471e-05
5.96379e-05
5.96286e-05
5.96194e-05
5.96101e-05
5.96009e-05
5.95917e-05
5.95825e-05
5.95733e-05
5.95641e-05
5.95549e-05
5.95457e-05
5.95366e-05
5.95274e-05
5.95183e-05
5.95091e-05
5.95e-05
5.94909e-05
5.94818e-05
5.94727e-05
5.94636e-05
5.94545e-05
5.94454e-05
5.94363e-05
5.94273e-05
5.94182e-05
5.94092e-05
5.94002e-05
5.93911e-05
5.93821e-05
5.93731e-05
5.93641e-05
5.93551e-05
5.93461e-05
5.93372e-05
5.93282e-05
5.93193e-05
5.93103e-05
5.93014e-05
5.92924e-05
5.92835e-05
5.92746e-05
5.92657e-05
5.92568e-05
5.92479e-05
5.9239e-05
5.92302e-05
5.92213e-05
5.92125e-05
5.92036e-05
5.91948e-05
5.9186e-05
5.91771e-05
5.91683e-05
5.91595e-05
5.91507e-05
5.91419e-05
5.91332e-05
5.91244e-05
5.91156e-05
5.91069e-05
5.90981e-05
5.90894e-05
5.90807e-05
5.9072e-05
5.90633e-05
5.90546e-05
5.90459e-05
5.90372e-05
5.90285e-05
5.90198e-05
5.90112e-05
5.90025e-05
5.89939e-05
5.89852e-05
5.89766e-05
5.8968e-05
5.89594e-05
5.89508e-05
5.89422e-05
5.89336e-05
5.8925e-05
5.89165e-05
5.89079e-05
5.88994e-05
5.88908e-05
5.88823e-05
5.88737e-05
5.88652e-05
5.88567e-05
5.88482e-05
5.88397e-05
5.88312e-05
5.88228e-05
5.88143e-05
5.88058e-05
5.87974e-05
5.87889e-05
5.87805e-05
5.87721e-05
5.87636e-05
5.87552e-05
5.87468e-05
5.87384e-05
5.873e-05
5.87216e-05
5.87133e-05
5.87049e-05
5.86965e-05
5.86882e-05
5.86799e-05
5.86715e-05
5.86632e-05
5.86549e-05
5.86466e-05
5.86383e-05
5.863e-05
5.86217e-05
5.86134e-05
5.86051e-05
5.85969e-05
5.85886e-05
5.85804e-05
5.85721e-05
5.85639e-05
5.85557e-05
5.85475e-05
5.85393e-05
5.85311e-05
5.85229e-05
5.85147e-05
5.85065e-05
5.84984e-05
5.84902e-05
5.84821e-05
5.84739e-05
5.84658e-05
5.84576e-05
5.84495e-05
5.84414e-05
5.84333e-05
5.84252e-05
5.84171e-05
5.8409e-05
5.8401e-05
5.83929e-05
5.83848e-05
5.83768e-05
5.83687e-05
5.83607e-05
5.83527e-05
5.83447e-05
5.83367e-05
5.83287e-05
5.83207e-05
5.83127e-05
5.83047e-05
5.82967e-05
5.82887e-05
5.82808e-05
5.82728e-05
5.82649e-05
5.8257e-05
5.8249e-05
5.82411e-05
5.82332e-05
5.82253e-05
5.82174e-05
5.82095e-05
5.82016e-05
5.81938e-05
5.81859e-05
5.8178e-05
5.81702e-05
5.81623e-05
5.81545e-05
5.81467e-05
5.81388e-05
5.8131e-05
5.81232e-05
5.81154e-05
5.81076e-05
5.80998e-05
5.80921e-05
5.80843e-05
5.80765e-05
5.80688e-05
5.8061e-05
5.80533e-05
5.80456e-05
5.80378e-05
5.80301e-05
5.80224e-05
5.80147e-05
5.8007e-05
5.79993e-05
5.79916e-05
5.7984e-05
5.79763e-05
5.79686e-05
5.7961e-05
5.79534e-05
5.79457e-05
5.79381e-05
5.79305e-05
5.79229e-05
5.79152e-05
5.79076e-05
5.79001e-05
5.78925e-05
5.78849e-05
5.78773e-05
5.78698e-05
5.78622e-05
5.78547e-05
5.78471e-05
5.78396e-05
5.7832e-05
5.78245e-05
5.7817e-05
5.78095e-05
5.7802e-05
5.77945e-05
5.7787e-05

