5e-05
5e-05
5e-05
5e-05
5e-05
5e-05
5e-05
5e-05
5e-05
5e-05
5e-05
5e-05
5e-05
5e-05
5e-05
5e-05
5e-05
5e-05
5e-05
5e-05
5e-05
5e-05
5e-05
5e-05
5e-05
5e-05
5e-05
5e-05
5e-05
5e-05
5e-05
5e-05
5e-05
5e-05
5e-05
5e-05
5e-05
5e-05
5e-05
5e-05
5e-05
5e-05
5e-05
5e-05
5e-05
5e-05
5e-05
5e-05
5e-05
5e-05
5e-05
5e-05
5e-05
5e-05
5e-05
5e-05
5e-05
5e-05
5e-05
5e-05
5e-05
5e-05
5e-05
5e-05
5e-05
5e-05
5e-05
5e-05
5e-05
5e-05
5e-05
5e-05
5e-05
5e-05
5e-05
5e-05
5e-05
5e-05
5e-05
5e-05
5e-05
5e-05
5e-05
5e-05
5e-05
5e-05
5e-05
5e-05
5e-05
5e-05
5e-05
5e-05
5e-05
5e-05
5e-05
5e-05
5e-05
5e-05
5e-05
5e-05
5e-05
5e-05
5e-05
5e-05
5e-05
5e-05
5e-05
5e-05
5e-05
5e-05
5e-05
5e-05
5e-05
5e-05
5e-05
5e-05
5e-05
5e-05
5e-05
5e-05
5e-05
5e-05
5e-05
5e-05
5e-05
5e-05
5e-05
5e-05
5e-05
5e-05
5e-05
5e-05
5e-05
5e-05
5e-05
5e-05
5e-05
5e-05
5e-05
5e-05
5e-05
5e-05
5e-05
5e-05
5e-05
5e-05
5e-05
5e-05
5e-05
5e-05
5e-05
5e-05
5e-05
5e-05
5e-05
5e-05
5e-05
5e-05
5e-05
5e-05
5e-05
5e-05
5e-05
5e-05
5e-05
5e-05
5e-05
5e-05
5e-05
5e-05
5e-05
5e-05
5e-05
5e-05
5e-05
5e-05
5e-05
5e-05
5e-05
5e-05
5e-05
5e-05
5e-05
5e-05
5e-05
5e-05
5e-05
5e-05
5e-05
5e-05
5e-05
5e-05
5e-05
5e-05
5e-05
5e-05
5e-05
5e-05
5e-05
5e-05
5e-05
5e-05
5e-05
5e-05
5e-05
5e-05
5e-05
5e-05
5e-05
5e-05
5e-05
5e-05
5e-05
5e-05
5e-05
5e-05
5e-05
5e-05
5e-05
5e-05
5e-05
5e-05
5e-05
5e-05
5e-05
5e-05
5e-05
5e-05
5e-05
5e-05
5e-05
5e-05
5e-05
5e-05
5e-05
5e-05
5e-05
5e-05
5e-05
5e-05
5e-05
5e-05
5e-05
5e-05
5e-05
5e-05
5e-05
5e-05
5e-05
5e-05
5e-05
5e-05
5e-05
5e-05
5e-05
5e-05
5e-05
5e-05
5e-05
5e-05
5e-05
5e-05
5e-05
5e-05
5e-05
5e-05
5e-05
5e-05
5e-05
5e-05
5e-05
5e-05
5e-05
5e-05
5e-05
5e-05
5e-05
5e-05
5e-05
5e-05
5e-05
5e-05
5e-05
5e-05
5e-05
5e-05
5e-05
5e-05
5e-05
5e-05
5e-05
5e-05
5e-05
5e-05
5e-05
5e-05
5e-05
5e-05
5e-05
5e-05
5e-05
5e-05
5e-05
5e-05
5e-05
5e-05
5e-05
5e-05
5e-05
5e-05
5e-05
5e-05
5e-05
5e-05
5e-05
5e-05
5e-05
5e-05
5e-05
5e-05
5e-05
5e-05
5e-05
5e-05
5e-05
5e-05
5e-05
5e-05
5e-05
5e-05
5e-05
5e-05
5e-05
5e-05
5e-05
5e-05
5e-05
5e-05
5e-05
5e-05
5e-05
5e-05
5e-05
5e-05
5e-05
5e-05
5e-05
5e-05
5e-05
5e-05
5e-05
5e-05
5e-05
5e-05
5e-05
5e-05
5e-05
5e-05
5e-05
5e-05
5e-05
5e-05
5e-05
5e-05
5e-05
5e-05
5e-05
5e-05
5e-05
5e-05
5e-05
5e-05
5e-05
5e-05
5e-05
5e-05
5e-05
5e-05
5e-05
5e-05
5e-05
5e-05
5e-05
5e-05
5e-05
5e-05
5e-05
5e-05
5e-05
5e-05
5e-05
5e-05
5e-05
5e-05
5e-05
5e-05
5e-05
5e-05
5e-05
5e-05
5e-05
5e-05
5e-05
5e-05
5e-05
5e-05
5e-05
5e-05
5e-05
5e-05
5e-05
5e-05
5e-05
5e-05
5e-05
5e-05
5e-05
5e-05
5e-05
5e-05
5e-05
5e-05
5e-05
5e-05
5e-05
5e-05
5e-05
5e-05
5e-05
5e-05
5e-05
5e-05
5e-05
5e-05
5e-05
5e-05
5e-05
5e-05
5e-05
5e-05
5e-05
5e-05
5e-05
5e-05
5e-05
5e-05
5e-05
5e-05
5e-05
5e-05
5e-05
5e-05
5e-05
5e-05
5e-05
5e-05
5e-05
5e-05
5e-05
5e-05
5e-05
5e-05
5e-05
5e-05
5e-05
5e-05
5e-05
5e-05
5e-05
5e-05
5e-05
5e-05
5e-05
5e-05
5e-05
5e-05
5e-05
5e-05
5e-05
5e-05
5e-05
5e-05
5e-05
5e-05
5e-05
5e-05
5e-05
5e-05
5e-05
5e-05
5e-05
5e-05
5e-05
5e-05
5e-05
5e-05
5e-05
5e-05
5e-05
5e-05
5e-05
5e-05
5e-05
5e-05
5e-05
5e-05
5e-05
5e-05
5e-05
5e-05
5e-05
5e-05
5e-05
5e-05
5e-05
5e-05
5e-05
5e-05
5e-05
5e-05
5e-05
5e-05
5e-05
5e-05
5e-05
5e-05
5e-05
5e-05
5e-05
5e-05
5e-05
5e-05
5e-05
5e-05
5e-05
5e-05
5e-05
5e-05
5e-05
5e-05
5e-05
5e-05
5e-05
5e-05
5e-05
5e-05
5e-05
5e-05
5e-05
5e-05
5e-05
5e-05
5e-05
5e-05
5e-05
5e-05
5e-05
5e-05
5e-05
5e-05
5e-05
5e-05
5e-05
5e-05
5e-05
5e-05
5e-05
5e-05
5e-05
5e-05
5e-05
5e-05
5e-05
5e-05
5e-05
5e-05
5e-05
5e-05
5e-05
5e-05
5e-05
5e-05
5e-05
5e-05
5e-05
5e-05
5e-05
5e-05
5e-05
5e-05
5e-05
5e-05
5e-05
5e-05
5e-05
5e-05
5e-05
5e-05
5e-05
5e-05
5e-05
5e-05
5e-05
5e-05
5e-05
5e-05
5e-05
5e-05
5e-05
5e-05
5e-05
5e-05
5e-05
5e-05
5e-05
5e-05
5e-05
5e-05
5e-05
5e-05
5e-05
5e-05
5e-05
5e-05
5e-05
5e-05
5e-05
5e-05
5e-05
5e-05
5e-05
5e-05
5e-05
5e-05
5e-05
5e-05
5e-05
5e-05
5e-05
5e-05
5e-05
5e-05
5e-05
5e-05
5e-05
5e-05
5e-05
5e-05
5e-05
5e-05
5e-05
5e-05
5e-05
5e-05
5e-05
5e-05
5e-05
5e-05
5e-05
5e-05
5e-05
5e-05
5e-05
5e-05
5e-05
5e-05
5e-05
5e-05
5e-05
5e-05
5e-05
5e-05
5e-05
5e-05
5e-05
5e-05
5e-05
5e-05
5e-05
5e-05
5e-05
5e-05
5e-05
5e-05
5e-05
5e-05
5e-05
5e-05
5e-05
5e-05
5e-05
5e-05
5e-05
5e-05
5e-05
5e-05
5e-05
5e-05
5e-05
5e-05
5e-05
5e-05
5e-05
5e-05
5e-05
5e-05
5e-05
5e-05
5e-05
5e-05
5e-05
5e-05
5e-05
5e-05
5e-05
5e-05
5e-05
5e-05
5e-05
5e-05
5e-05
5e-05
5e-05
5e-05
5e-05
5e-05
5e-05
5e-05
5e-05
5e-05
5e-05
5e-05
5e-05
5e-05
5e-05
5e-05
5e-05
5e-05
5e-05
5e-05
5e-05
5e-05
5e-05
5e-05
5e-05
5e-05
5e-05
5e-05
5e-05
5e-05
5e-05
5e-05
5e-05
5e-05
5e-05
5e-05
5e-05
5e-05
5e-05
5e-05
5e-05
5e-05
5e-05
5e-05
5e-05
5e-05
5e-05
5e-05
5e-05
5e-05
5e-05
5e-05
5e-05
5e-05
5e-05
5e-05
5e-05
5e-05
5e-05
5e-05
5e-05
5e-05
5e-05
5e-05
5e-05
5e-05
5e-05
5e-05
5e-05
5e-05
5e-05
5e-05
5e-05
5e-05
5e-05
5e-05
5e-05
5e-05
5e-05
5e-05
5e-05
5.00951e-05
5.02821e-05
5.05581e-05
5.09203e-05
5.13657e-05
5.18917e-05
5.24957e-05
5.31751e-05
5.39276e-05
5.47506e-05
5.5642e-05
5.65995e-05
5.7621e-05
5.87044e-05
5.98476e-05
6.10488e-05
6.2306e-05
6.36175e-05
6.49815e-05
6.63962e-05
6.78601e-05
6.93714e-05
7.09288e-05
7.25306e-05
7.41755e-05
7.58621e-05
7.75889e-05
7.93547e-05
8.11582e-05
8.29982e-05
8.48735e-05
8.67829e-05
8.87254e-05
9.06998e-05
9.27052e-05
9.47405e-05
9.68046e-05
9.88968e-05
0.000101016
0.000103162
0.000105332
0.000107528
0.000109747
0.000111988
0.000114253
0.000116538
0.000118844
0.000121171
0.000123516
0.000125881
0.000128263
0.000130664
0.000133081
0.000135514
0.000137964
0.000140429
0.000142908
0.000145402
0.00014791
0.000150431
0.000152965
0.000155512
0.000158071
0.000160641
0.000163223
0.000165816
0.000168419
0.000171033
0.000173656
0.000176289
0.000178932
0.000181583
0.000184242
0.00018691
0.000189586
0.00019227
0.000194961
0.00019766
0.000200365
0.000203078
0.000205701
0.000208239
0.000210694
0.000213069
0.000215366
0.000217587
0.000219736
0.000221814
0.000223824
0.000225768
0.000227647
0.000229465
0.000231223
0.000232922
0.000234566
0.000236155
0.000237691
0.000239177
0.000240613
0.000242001
0.000243343
0.00024464
0.000245894
0.000247106
0.000248278
0.00024941
0.000250504
0.000251561
0.000252583
0.00025357
0.000254524
0.000255446
0.000256336
0.000257196
0.000258027
0.000258829
0.000259604
0.000260353
0.000261075
0.000261773
0.000262447
0.000263097
0.000263725
0.000264331
0.000264916
0.00026548
0.000266025
0.00026655
0.000267057
0.000267546
0.000268017
0.000268472
0.000268911
0.000269333
0.000269741
0.000270134
0.000270512
0.000270877
0.000271228
0.000271566
0.000271892
0.000272206
0.000272508
0.000272798
0.000273078
0.000273347
0.000273605
0.000273854
0.000274093
0.000274323
0.000274543
0.000274755
0.000274959
0.000275154
0.000275341
0.000275521
0.000275693
0.000275858
0.000276016
0.000276168
0.000276313
0.000276451
0.000276584
0.00027671
0.000276831
0.000276946
0.000277056
0.000277161
0.000277261
0.000277356
0.000277446
0.000277532
0.000277613
0.00027769
0.000277763
0.000277832
0.000277898
0.000277959
0.000278017
0.000278071
0.000278122
0.00027817
0.000278214
0.000278256
0.000278294
0.00027833
0.000278362
0.000278393
0.00027842
0.000278445
0.000278468
0.000278488
0.000278506
0.000278522
0.000278535
0.000278547
0.000278556
0.000278564
0.00027857
0.000278574
0.000278576
0.000278576
0.000278575
0.000278572
0.000278568
0.000278562
0.000278555
0.000278547
0.000278537
0.000278526
0.000278513
0.000278499
0.000278484
0.000278468
0.000278451
0.000278433
0.000278414
0.000278394
0.000278372
0.00027835
0.000278327
0.000278303
0.000278279
0.000278253
0.000278227
0.0002782
0.000278172
0.000278143
0.000278114
0.000278084
0.000278053
0.000278022
0.00027799
0.000277958
0.000277925
0.000277891
0.000277857
0.000277822
0.000277787
0.000277752
0.000277716
0.000277679
0.000277642
0.000277605
0.000277567
0.000277529
0.00027749
0.000277452
0.000277412
0.000277373
0.000277333
0.000277293
0.000277252
0.000277211
0.00027717
0.000277129
0.000277087
0.000277045
0.000277003
0.00027696
0.000276917
0.000276875
0.000276831
0.000276788
0.000276744
0.000276701
0.000276657
0.000276613
0.000276568
0.000276524
0.000276479
0.000276434
0.000276389
0.000276344
0.000276299
0.000276253
0.000276208
0.000276162
0.000276116
0.00027607
0.000276024
0.000275978
0.000275932
0.000275886
0.000275839
0.000275792
0.000275746
0.000275699
0.000275652
0.000275605
0.000275558
0.000275511
0.000275464
0.000275417
0.000275369
0.000275322
0.000275275
0.000275227
0.000275179
0.000275132
0.000275084
0.000275036
0.000274989
0.000274941
0.000274893
0.000274845
0.000274797
0.000274749
0.000274701
0.000274653
0.000274604
0.000274556
0.000274508
0.00027446
0.000274412
0.000274363
0.000274315
0.000274267
0.000274218
0.00027417
0.000274121
0.000274073
0.000274024
0.000273976
0.000273927
0.000273879
0.00027383
0.000273782
0.000273733
0.000273684
0.000273636
0.000273587
0.000273538
0.00027349
0.000273441
0.000273392
0.000273344
0.000273295
0.000273246
0.000273198
0.000273149
0.0002731
0.000273051
0.000273003
0.000272954
0.000272905
0.000272856
0.000272808
0.000272759
0.00027271
0.000272661
0.000272612
0.000272564
0.000272515
0.000272466
0.000272417
0.000272368
0.00027232
0.000272271
0.000272222
0.000272173
0.000272125
0.000272076
0.000272027
0.000271978
0.00027193
0.000271881
0.000271832
0.000271783
0.000271734
0.000271686
0.000271637
0.000271588
0.000271539
0.000271491
0.000271442
0.000271393
0.000271345
0.000271296
0.000271247
0.000271198
0.00027115
0.000271101
0.000271052
0.000271004
0.000270955
0.000270906
0.000270858
0.000270809
0.00027076
0.000270712
0.000270663
0.000270614
0.000270566
0.000270517
0.000270469
0.00027042
0.000270371
0.000270323
0.000270274
0.000270226
0.000270177
0.000270129
0.00027008
0.000270032
0.000269983
0.000269935
0.000269886
0.000269838
0.000269789
0.000269741
0.000269692
0.000269644
0.000269595
0.000269547
0.000269498
0.00026945
0.000269402
0.000269353
0.000269305
0.000269256
0.000269208
0.00026916
0.000269111
0.000269063
0.000269015
0.000268966
0.000268918
0.00026887
0.000268821
0.000268773
0.000268725
0.000268676
0.000268628
0.00026858
0.000268532
0.000268483
0.000268435
0.000268387
0.000268339
0.000268291
0.000268242
0.000268194
0.000268146
0.000268098
0.00026805
0.000268002
0.000267953
0.000267905
0.000267857
0.000267809
0.000267761
0.000267713
0.000267665
0.000267617
0.000267569
0.000267521
0.000267473
0.000267425
0.000267377
0.000267329
0.000267281
0.000267233
0.000267185
0.000267137
0.000267089
0.000267041
0.000266993
0.000266945
0.000266897
0.000266849
0.000266801
0.000266753
0.000266706
0.000266658
0.00026661
0.000266562
0.000266514
0.000266466
0.000266419
0.000266371
0.000266323
0.000266275
0.000266227
0.00026618
0.000266132
0.000266084
0.000266037
0.000265989
0.000265941
0.000265893
0.000265846
0.000265798
0.00026575
0.000265703
0.000265655
0.000265607
0.00026556
0.000265512
0.000265465
0.000265417
0.000265369
0.000265322
0.000265274
0.000265227
0.000265179
0.000265132
0.000265084
0.000265037
0.000264989
0.000264942
0.000264894
0.000264847
0.000264799
0.000264752
0.000264704
0.000264657
0.000264609
0.000264562
0.000264515
0.000264467
0.00026442
0.000264373
0.000264325
0.000264278
0.000264231
0.000264183
0.000264136
0.000264089
0.000264041
0.000263994
0.000263947
0.000263899
0.000263852
0.000263805
0.000263758
0.00026371
0.000263663
0.000263616
0.000263569
0.000263522
0.000263475
0.000263427
0.00026338
0.000263333
0.000263286
0.000263239
0.000263192
0.000263145
0.000263098
0.00026305
0.000263003
0.000262956
0.000262909
0.000262862
0.000262815
0.000262768
0.000262721
0.000262674
0.000262627
0.00026258
0.000262533
0.000262486
0.000262439
0.000262392
0.000262345
0.000262299
0.000262252
0.000262205
0.000262158
0.000262111
0.000262064
0.000262017
0.00026197
0.000261924
0.000261877
0.00026183
0.000261783
0.000261736
0.000261689
0.000261643
0.000261596
0.000261549
0.000261502
0.000261456
0.000261409
0.000261362
0.000261316
0.000261269
0.000261222
0.000261176
0.000261129
0.000261082
0.000261036
0.000260989
0.000260942
0.000260896
0.000260849
0.000260802
0.000260756
0.000260709
0.000260663
0.000260616
0.00026057
0.000260523
0.000260477
0.00026043
0.000260384
0.000260337
0.000260291
0.000260244
0.000260198
0.000260151
0.000260105
0.000260058
0.000260012
0.000259966
0.000259919
0.000259873
0.000259826
0.00025978
0.000259734
0.000259687
0.000259641
0.000259595
0.000259548
0.000259502
0.000259456
0.000259409
0.000259363
0.000259317
0.000259271
0.000259224
0.000259178
0.000259132
0.000259086
0.000259039
0.000258993
0.000258947
0.000258901
0.000258855
0.000258808
0.000258762
0.000258716
0.00025867
0.000258624
0.000258578
0.000258532
0.000258486
0.00025844
0.000258393
0.000258347
0.000258301
0.000258255
0.000258209
0.000258163
0.000258117
0.000258071
0.000258025
0.000257979
0.000257933
0.000257887
0.000257841
0.000257795
0.00025775
0.000257704
0.000257658
0.000257612
0.000257566
0.00025752
0.000257474
0.000257428
0.000257382
0.000257337
0.000257291
0.000257245
0.000257199
0.000257153
0.000257108
0.000257062
0.000257016
0.00025697
0.000256924
0.000256879
0.000256833
0.000256787
0.000256742
0.000256696
0.00025665
0.000256604
0.000256559
0.000256513
0.000256468
0.000256422
0.000256376
0.000256331
0.000256285
0.000256239
0.000256194
0.000256148
0.000256103
0.000256057
0.000256012
0.000255966
0.00025592
0.000255875
0.000255829
0.000255784
0.000255738
0.000255693
0.000255647
0.000255602
0.000255557
0.000255511
0.000255466
0.00025542
0.000255375
0.000255329
0.000255284
0.000255239
0.000255193
0.000255148
0.000255103
0.000255057
0.000255012
0.000254967
0.000254921
0.000254876
0.000254831
0.000254785
0.00025474
0.000254695
0.00025465
0.000254604
0.000254559
0.000254514
0.000254469
0.000254423
0.000254378
0.000254333
0.000254288
0.000254243
0.000254197
0.000254152
0.000254107
0.000254062
0.000254017
0.000253972
0.000253927
0.000253882
0.000253837
0.000253791
0.000253746
0.000253701
0.000253656
0.000253611
0.000253566
0.000253521
0.000253476
0.000253431
0.000253386
0.000253341
0.000253296
0.000253251
0.000253206
0.000253162
0.000253117
0.000253072
0.000253027
0.000252982
0.000252937
0.000252892
0.000252847
0.000252802
0.000252758
0.000252713
0.000252668
0.000252623
0.000252578
0.000252533
0.000252489
0.000252444
0.000252399
0.000252354
0.00025231
0.000252265
0.00025222
0.000252175
0.000252131
0.000252086
0.000252041
0.000251997
0.000251952
0.000251907
0.000251863
0.000251818
0.000251773
0.000251729
0.000251684
0.00025164
0.000251595
0.00025155
0.000251506
0.000251461
0.000251417
0.000251372
0.000251328
0.000251283
0.000251239
0.000251194
0.00025115
0.000251105
0.000251061
0.000251016
0.000250972
0.000250927
0.000250883
0.000250838
0.000250794
0.00025075
0.000250705
0.000250661
0.000250616
0.000250572
0.000250528
0.000250483
0.000250439
0.000250395
0.00025035
0.000250306
0.000250262
0.000250217
0.000250173
0.000250129
0.000250085
0.00025004
0.000249996
0.000249952
0.000249908
0.000249863
0.000249819
0.000249775
0.000249731
0.000249687
0.000249642
0.000249598
0.000249554
0.00024951
0.000249466
0.000249422
0.000249378
0.000249333
0.000249289
0.000249245
0.000249201
0.000249157
0.000249113
0.000249069
0.000249025
0.000248981
0.000248937
0.000248893
0.000248849
0.000248805
0.000248761
0.000248717
0.000248673
0.000248629
0.000248585
0.000248541
0.000248497
0.000248453
0.00024841
0.000248366
0.000248322
0.000248278
0.000248234
0.00024819
0.000248146
0.000248103
0.000248059
0.000248015
0.000247971
0.000247927
0.000247883
0.00024784
0.000247796
0.000247752
0.000247708
0.000247665
0.000247621
0.000247577
0.000247534
0.00024749
0.000247446
0.000247402
0.000247359
0.000247315
0.000247271
0.000247228
0.000247184
0.000247141
0.000247097
0.000247053
0.00024701
0.000246966
0.000246923
0.000246879
0.000246835
0.000246792
0.000246748
0.000246705
0.000246661
0.000246618
0.000246574
0.000246531
0.000246487
0.000246444
0.0002464
0.000246357
0.000246313
0.00024627
0.000246227
0.000246183
0.00024614
0.000246096
0.000246053
0.00024601
0.000245966
0.000245923
0.00024588
0.000245836
0.000245793
0.00024575
0.000245706
0.000245663
0.00024562
0.000245576
0.000245533
0.00024549
0.000245447
0.000245403
0.00024536
0.000245317
0.000245274
0.00024523
0.000245187
0.000245144
0.000245101
0.000245058
0.000245015
0.000244971
0.000244928
0.000244885
0.000244842
0.000244799
0.000244756
0.000244713
0.00024467
0.000244626
0.000244583
0.00024454
0.000244497
0.000244454
0.000244411
0.000244368
0.000244325
0.000244282
0.000244239
0.000244196
0.000244153
0.00024411
0.000244067
0.000244024
0.000243981
0.000243939
0.000243896
0.000243853
0.00024381
0.000243767
0.000243724
0.000243681
0.000243638
0.000243595
0.000243553
0.00024351
0.000243467
0.000243424
0.000243381
0.000243338
0.000243296
0.000243253
0.00024321
0.000243167
0.000243125
0.000243082
0.000243039
0.000242996
0.000242954
0.000242911
0.000242868
0.000242826
0.000242783
0.00024274
0.000242698
0.000242655
0.000242612
0.00024257
0.000242527
0.000242484
0.000242442
0.000242399
0.000242357
0.000242314
0.000242272
0.000242229
0.000242186
0.000242144
0.000242101
0.000242059
0.000242016
0.000241974
0.000241931
0.000241889
0.000241846
0.000241804
0.000241762
0.000241719
0.000241677
0.000241634
0.000241592
0.000241549
0.000241507
0.000241465
0.000241422
0.00024138
0.000241337
0.000241295
0.000241253
0.00024121
0.000241168
0.000241126
0.000241084
0.000241041
0.000240999
0.000240957
0.000240914
0.000240872
0.00024083
0.000240788
0.000240745
0.000240703
0.000240661
0.000240619
0.000240577
0.000240534
0.000240492
0.00024045
0.000240408
0.000240366
0.000240324
0.000240281
0.000240239
0.000240197
0.000240155
0.000240113
0.000240071
0.000240029
0.000239987
0.000239945
0.000239903
0.000239861
0.000239819
0.000239777
0.000239735
0.000239693
0.000239651
0.000239609
0.000239567
0.000239525
0.000239483
0.000239441
0.000239399
0.000239357
0.000239315
0.000239273
0.000239231
0.000239189
0.000239147
0.000239105
0.000239064
0.000239022
0.00023898
0.000238938
0.000238896
0.000238854
0.000238813
0.000238771
0.000238729
0.000238687
0.000238645
0.000238604
0.000238562
0.00023852
0.000238478
0.000238437
0.000238395
0.000238353
0.000238312
0.00023827
0.000238228
0.000238186
0.000238145
0.000238103
0.000238062
0.00023802
0.000237978
0.000237937
0.000237895
0.000237853
0.000237812
0.00023777
0.000237729
0.000237687
0.000237646
0.000237604
0.000237562
0.000237521
0.000237479
0.000237438
0.000237396
0.000237355
0.000237313
0.000237272
0.00023723
0.000237189
0.000237148
0.000237106
0.000237065
0.000237023
0.000236982
0.00023694
0.000236899
0.000236858
0.000236816
0.000236775
0.000236734
0.000236692
0.000236651
0.00023661
0.000236568
0.000236527
0.000236486
0.000236444
0.000236403
0.000236362
0.00023632
0.000236279
0.000236238
0.000236197
0.000236155
0.000236114
0.000236073
0.000236032
0.000235991
0.000235949
0.000235908
0.000235867
0.000235826
0.000235785
0.000235744
0.000235703
0.000235661
0.00023562
0.000235579
0.000235538
0.000235497
0.000235456
0.000235415
0.000235374
0.000235333
0.000235292
0.000235251
0.00023521
0.000235169
0.000235128
0.000235087
0.000235046
0.000235005
0.000234964
0.000234923
0.000234882
0.000234841
0.0002348
0.000234759
0.000234718
0.000234677
0.000234636
0.000234595
0.000234554
0.000234514
0.000234473
0.000234432
0.000234391
0.00023435
0.000234309
0.000234268
0.000234228
0.000234187
0.000234146
0.000234105
0.000234064
0.000234024
0.000233983
0.000233942
0.000233901
0.000233861
0.00023382
0.000233779
0.000233739
0.000233698
0.000233657
0.000233617
0.000233576
0.000233535
0.000233495
0.000233454
0.000233413
0.000233373
0.000233332
0.000233291
0.000233251
0.00023321
0.00023317
0.000233129
0.000233089
0.000233048
0.000233007
0.000232967
0.000232926
0.000232886
0.000232845
0.000232805
0.000232764
0.000232724
0.000232683
0.000232643
0.000232602
0.000232562
0.000232522
0.000232481
0.000232441
0.0002324
0.00023236
0.000232319
0.000232279
0.000232239
0.000232198
0.000232158
0.000232118
0.000232077
0.000232037
0.000231997
0.000231956
0.000231916
0.000231876
0.000231835
0.000231795
0.000231755
0.000231715
0.000231674
0.000231634
0.000231594
0.000231554
0.000231513
0.000231473
0.000231433
0.000231393
0.000231353
0.000231312
0.000231272
0.000231232
0.000231192
0.000231152
0.000231112
0.000231072
0.000231031
0.000230991
0.000230951
0.000230911
0.000230871
0.000230831
0.000230791
0.000230751
0.000230711
0.000230671
0.000230631
0.000230591
0.000230551
0.000230511
0.000230471
0.000230431
0.000230391
0.000230351
0.000230311
0.000230271
0.000230231
0.000230191
0.000230151
0.000230111
0.000230071
0.000230031
0.000229992
0.000229952
0.000229912
0.000229872
0.000229832
0.000229792
0.000229752
0.000229713
0.000229673
0.000229633
0.000229593
0.000229553
0.000229514
0.000229474
0.000229434
0.000229394
0.000229354
0.000229315
0.000229275
0.000229235
0.000229196
0.000229156
0.000229116
0.000229076
0.000229037
0.000228997
0.000228957
0.000228918
0.000228878
0.000228839
0.000228799
0.000228759
0.00022872
0.00022868
0.00022864
0.000228601
0.000228561
0.000228522
0.000228482
0.000228443
0.000228403
0.000228364
0.000228324
0.000228285
0.000228245
0.000228206
0.000228166
0.000228127
0.000228087
0.000228048
0.000228008
0.000227969
0.000227929
0.00022789
0.00022785
0.000227811
0.000227772
0.000227732
0.000227693
0.000227653
0.000227614
0.000227575
0.000227535
0.000227496
0.000227457
0.000227417
0.000227378
0.000227339
0.000227299
0.00022726
0.000227221
0.000227182
0.000227142
0.000227103
0.000227064
0.000227025
0.000226985
0.000226946
0.000226907
0.000226868
0.000226828
0.000226789
0.00022675
0.000226711
0.000226672
0.000226633
0.000226593
0.000226554
0.000226515
0.000226476
0.000226437
0.000226398
0.000226359
0.00022632
0.000226281
0.000226242
0.000226202
0.000226163
0.000226124
0.000226085
0.000226046
0.000226007
0.000225968
0.000225929
0.00022589
0.000225851
0.000225812
0.000225773
0.000225734
0.000225695
0.000225657
0.000225618
0.000225579
0.00022554
0.000225501
0.000225462
0.000225423
0.000225384
0.000225345
0.000225306
0.000225268
0.000225229
0.00022519
0.000225151
0.000225112
0.000225073
0.000225035
0.000224996
0.000224957
0.000224918
0.000224879
0.000224841
0.000224802
0.000224763
0.000224724
0.000224686
0.000224647
0.000224608
0.00022457
0.000224531
0.000224492
0.000224454
0.000224415
0.000224376
0.000224338
0.000224299
0.00022426
0.000224222
0.000224183
0.000224144
0.000224106
0.000224067
0.000224029
0.00022399
0.000223951
0.000223913
0.000223874
0.000223836
0.000223797
0.000223759
0.00022372
0.000223682
0.000223643
0.000223605
0.000223566
0.000223528
0.000223489
0.000223451
0.000223412
0.000223374
0.000223335
0.000223297
0.000223259
0.00022322
0.000223182
0.000223143
0.000223105
0.000223067
0.000223028
0.00022299
0.000222952
0.000222913
0.000222875
0.000222837
0.000222798
0.00022276
0.000222722
0.000222683
0.000222645
0.000222607
0.000222569
0.00022253
0.000222492
0.000222454
0.000222416
0.000222377
0.000222339
0.000222301
0.000222263
0.000222224
0.000222186
0.000222148
0.00022211
0.000222072
0.000222034
0.000221996
0.000221957
0.000221919
0.000221881
0.000221843
0.000221805
0.000221767
0.000221729
0.000221691
0.000221653
0.000221615
0.000221576
0.000221538
0.0002215
0.000221462
0.000221424
0.000221386
0.000221348
0.00022131
0.000221272
0.000221234
0.000221196
0.000221158
0.000221121
0.000221083
0.000221045
0.000221007
0.000220969
0.000220931
0.000220893
0.000220855
0.000220817
0.000220779
0.000220741
0.000220704
0.000220666
0.000220628
0.00022059
0.000220552
0.000220514
0.000220477
0.000220439
0.000220401
0.000220363
0.000220325
0.000220288
0.00022025
0.000220212
0.000220174
0.000220137
0.000220099
0.000220061
0.000220024
0.000219986
0.000219948
0.00021991
0.000219873
0.000219835
0.000219797
0.00021976
0.000219722
0.000219685
0.000219647
0.000219609
0.000219572
0.000219534
0.000219496
0.000219459
0.000219421
0.000219384
0.000219346
0.000219309
0.000219271
0.000219234
0.000219196
0.000219158
0.000219121
0.000219083
0.000219046
0.000219008
0.000218971
0.000218933
0.000218896
0.000218859
0.000218821
0.000218784
0.000218746
0.000218709
0.000218671
0.000218634
0.000218597
0.000218559
0.000218522
0.000218484
0.000218447
0.00021841
0.000218372
0.000218335
0.000218298
0.00021826
0.000218223
0.000218186
0.000218148
0.000218111
0.000218074
0.000218037
0.000217999
0.000217962
0.000217925
0.000217888
0.00021785
0.000217813
0.000217776
0.000217739
0.000217701
0.000217664
0.000217627
0.00021759
0.000217553
0.000217516
0.000217478
0.000217441
0.000217404
0.000217367
0.00021733
0.000217293
0.000217256
0.000217219
0.000217181
0.000217144
0.000217107
0.00021707
0.000217033
0.000216996
0.000216959
0.000216922
0.000216885
0.000216848
0.000216811
0.000216774
0.000216737
0.0002167
0.000216663
0.000216626
0.000216589
0.000216552
0.000216515
0.000216478
0.000216441
0.000216404
0.000216368
0.000216331
0.000216294
0.000216257
0.00021622
0.000216183
0.000216146
0.000216109
0.000216073
0.000216036
0.000215999
0.000215962
0.000215925
0.000215888
0.000215852
0.000215815
0.000215778
0.000215741
0.000215704
0.000215668
0.000215631
0.000215594
0.000215558
0.000215521
0.000215484
0.000215447
0.000215411
0.000215374
0.000215337
0.000215301
0.000215264
0.000215227
0.000215191
0.000215154
0.000215117
0.000215081
0.000215044
0.000215007
0.000214971
0.000214934
0.000214898
0.000214861
0.000214824
0.000214788
0.000214751
0.000214715
0.000214678
0.000214642
0.000214605
0.000214569
0.000214532
0.000214496
0.000214459
0.000214423
0.000214386
0.00021435
0.000214313
0.000214277
0.00021424
0.000214204
0.000214168
0.000214131
0.000214095
0.000214058
0.000214022
0.000213985
0.000213949
0.000213913
0.000213876
0.00021384
0.000213804
0.000213767
0.000213731
0.000213695
0.000213658
0.000213622
0.000213586
0.000213549
0.000213513
0.000213477
0.000213441
0.000213404
0.000213368
0.000213332
0.000213296
0.000213259
0.000213223
0.000213187
0.000213151
0.000213114
0.000213078
0.000213042
0.000213006
0.00021297
0.000212934
0.000212897
0.000212861
0.000212825
0.000212789
0.000212753
0.000212717
0.000212681
0.000212645
0.000212609
0.000212572
0.000212536
0.0002125
0.000212464
0.000212428
0.000212392
0.000212356
0.00021232
0.000212284
0.000212248
0.000212212
0.000212176
0.00021214
0.000212104
0.000212068
0.000212032
0.000211996
0.00021196
0.000211924
0.000211888
0.000211852
0.000211817
0.000211781
0.000211745
0.000211709
0.000211673
0.000211637
0.000211601
0.000211565
0.000211529
0.000211494
0.000211458
0.000211422
0.000211386
0.00021135
0.000211315
0.000211279
0.000211243
0.000211207
0.000211171
0.000211136
0.0002111
0.000211064
0.000211028
0.000210993
0.000210957
0.000210921
0.000210885
0.00021085
0.000210814
0.000210778
0.000210743
0.000210707
0.000210671
0.000210636
0.0002106
0.000210564
0.000210529
0.000210493
0.000210458
0.000210422
0.000210386
0.000210351
0.000210315
0.00021028
0.000210244
0.000210208
0.000210173
0.000210137
0.000210102
0.000210066
0.000210031
0.000209995
0.00020996
0.000209924
0.000209889
0.000209853
0.000209818
0.000209782
0.000209747
0.000209711
0.000209676
0.00020964
0.000209605
0.00020957
0.000209534
0.000209499
0.000209463
0.000209428
0.000209393
0.000209357
0.000209322
0.000209286
0.000209251
0.000209216
0.00020918
0.000209145
0.00020911
0.000209074
0.000209039
0.000209004
0.000208969
0.000208933
0.000208898
0.000208863
0.000208827
0.000208792
0.000208757
0.000208722
0.000208686
0.000208651
0.000208616
0.000208581
0.000208546
0.00020851
0.000208475
0.00020844
0.000208405
0.00020837
0.000208335
0.000208299
0.000208264
0.000208229
0.000208194
0.000208159
0.000208124
0.000208089
0.000208054
0.000208019
0.000207983
0.000207948
0.000207913
0.000207878
0.000207843
0.000207808
0.000207773
0.000207738
0.000207703
0.000207668
0.000207633
0.000207598
0.000207563
0.000207528
0.000207493
0.000207458
0.000207423
0.000207388
0.000207353
0.000207318
0.000207284
0.000207249
0.000207214
0.000207179
0.000207144
0.000207109
0.000207074
0.000207039
0.000207004
0.00020697
0.000206935
0.0002069
0.000206865
0.00020683
0.000206795
0.000206761
0.000206726
0.000206691
0.000206656
0.000206621
0.000206587
0.000206552
0.000206517
0.000206482
0.000206448
0.000206413
0.000206378
0.000206344
0.000206309
0.000206274
0.000206239
0.000206205
0.00020617
0.000206135
0.000206101
0.000206066
0.000206031
0.000205997
0.000205962
0.000205927
0.000205893
0.000205858
0.000205824
0.000205789
0.000205754
0.00020572
0.000205685
0.000205651
0.000205616
0.000205582
0.000205547
0.000205513
0.000205478
0.000205444
0.000205409
0.000205374
0.00020534
0.000205306
0.000205271
0.000205237
0.000205202
0.000205168
0.000205133
0.000205099
0.000205064
0.00020503
0.000204995
0.000204961
0.000204927
0.000204892
0.000204858
0.000204823
0.000204789
0.000204755
0.00020472
0.000204686
0.000204652
0.000204617
0.000204583
0.000204549
0.000204514
0.00020448
0.000204446
0.000204411
0.000204377
0.000204343
0.000204309
0.000204274
0.00020424
0.000204206
0.000204172
0.000204137
0.000204103
0.000204069
0.000204035
0.000204
0.000203966
0.000203932
0.000203898
0.000203864
0.00020383
0.000203795
0.000203761
0.000203727
0.000203693
0.000203659
0.000203625
0.000203591
0.000203556
0.000203522
0.000203488
0.000203454
0.00020342
0.000203386
0.000203352
0.000203318
0.000203284
0.00020325
0.000203216
0.000203182
0.000203148
0.000203114
0.00020308
0.000203046
0.000203012
0.000202978
0.000202944
0.00020291
0.000202876
0.000202842
0.000202808
0.000202774
0.00020274
0.000202706
0.000202672
0.000202638
0.000202605
0.000202571
0.000202537
0.000202503
0.000202469
0.000202435
0.000202401
0.000202367
0.000202334
0.0002023
0.000202266
0.000202232
0.000202198
0.000202165
0.000202131
0.000202097
0.000202063
0.000202029
0.000201996
0.000201962
0.000201928
0.000201894
0.000201861
0.000201827
0.000201793
0.000201759
0.000201726
0.000201692
0.000201658
0.000201625
0.000201591
0.000201557
0.000201524
0.00020149
0.000201456
0.000201423
0.000201389
0.000201355
0.000201322
0.000201288
0.000201255
0.000201221
0.000201187
0.000201154
0.00020112
0.000201087
0.000201053
0.00020102
0.000200986
0.000200953
0.000200919
0.000200886
0.000200852
0.000200819
0.000200785
0.000200752
0.000200718
0.000200685
0.000200651
0.000200618
0.000200584
0.000200551
0.000200517
0.000200484
0.00020045
0.000200417
0.000200384
0.00020035
0.000200317
0.000200283
0.00020025
0.000200217
0.000200183
0.00020015
0.000200117
0.000200083
0.00020005
0.000200017
0.000199983
0.00019995
0.000199917
0.000199883
0.00019985
0.000199817
0.000199783
0.00019975
0.000199717
0.000199684
0.00019965
0.000199617
0.000199584
0.000199551
0.000199517
0.000199484
0.000199451
0.000199418
0.000199385
0.000199351
0.000199318
0.000199285
0.000199252
0.000199219
0.000199186
0.000199153
0.000199119
0.000199086
0.000199053
0.00019902
0.000198987
0.000198954
0.000198921
0.000198888
0.000198855
0.000198821
0.000198788
0.000198755
0.000198722
0.000198689
0.000198656
0.000198623
0.00019859
0.000198557
0.000198524
0.000198491
0.000198458
0.000198425
0.000198392
0.000198359
0.000198326
0.000198293
0.00019826
0.000198227
0.000198195
0.000198162
0.000198129
0.000198096
0.000198063
0.00019803
0.000197997
0.000197964
0.000197931
0.000197899
0.000197866
0.000197833
0.0001978
0.000197767
0.000197734
0.000197701
0.000197669
0.000197636
0.000197603
0.00019757
0.000197537
0.000197505
0.000197472
0.000197439
0.000197406
0.000197374
0.000197341
0.000197308
0.000197275
0.000197243
0.00019721
0.000197177
0.000197145
0.000197112
0.000197079
0.000197047
0.000197014
0.000196981
0.000196949
0.000196916
0.000196883
0.000196851
0.000196818
0.000196785
0.000196753
0.00019672
0.000196688
0.000196655
0.000196622
0.00019659
0.000196557
0.000196525
0.000196492
0.00019646
0.000196427
0.000196394
0.000196362
0.000196329
0.000196297
0.000196264
0.000196232
0.000196199
0.000196167
0.000196134
0.000196102
0.000196069
0.000196037
0.000196005
0.000195972
0.00019594
0.000195907
0.000195875
0.000195842
0.00019581
0.000195778
0.000195745
0.000195713
0.00019568
0.000195648
0.000195616
0.000195583
0.000195551
0.000195519
0.000195486
0.000195454
0.000195422
0.000195389
0.000195357
0.000195325
0.000195292
0.00019526
0.000195228
0.000195196
0.000195163
0.000195131
0.000195099
0.000195067
0.000195034
0.000195002
0.00019497
0.000194938
0.000194905
0.000194873
0.000194841
0.000194809
0.000194777
0.000194745
0.000194712
0.00019468
0.000194648
0.000194616
0.000194584
0.000194552
0.00019452
0.000194487
0.000194455
0.000194423
0.000194391
0.000194359
0.000194327
0.000194295
0.000194263
0.000194231
0.000194199
0.000194167
0.000194135
0.000194103
0.00019407
0.000194038
0.000194006
0.000193974
0.000193942
0.00019391
0.000193878
0.000193847
0.000193815
0.000193783
0.000193751
0.000193719
0.000193687
0.000193655
0.000193623
0.000193591
0.000193559
0.000193527
0.000193495
0.000193463
0.000193431
0.0001934
0.000193368
0.000193336
0.000193304
0.000193272
0.00019324
0.000193208
0.000193177
0.000193145
0.000193113
0.000193081
0.000193049
0.000193018
0.000192986
0.000192954
0.000192922
0.00019289
0.000192859
0.000192827
0.000192795
0.000192763
0.000192732
0.0001927
0.000192668
0.000192637
0.000192605
0.000192573
0.000192541
0.00019251
0.000192478
0.000192446
0.000192415
0.000192383
0.000192351
0.00019232
0.000192288
0.000192257
0.000192225
0.000192193
0.000192162
0.00019213
0.000192099
0.000192067
0.000192035
0.000192004
0.000191972
0.000191941
0.000191909
0.000191878
0.000191846
0.000191815
0.000191783
0.000191751
0.00019172
0.000191688
0.000191657
0.000191625
0.000191594
0.000191563
0.000191531
0.0001915
0.000191468
0.000191437
0.000191405
0.000191374
0.000191342
0.000191311
0.00019128
0.000191248
0.000191217
0.000191185
0.000191154
0.000191123
0.000191091
0.00019106
0.000191029
0.000190997
0.000190966
0.000190934
0.000190903
0.000190872
0.000190841
0.000190809
0.000190778
0.000190747
0.000190715
0.000190684
0.000190653
0.000190621
0.00019059
0.000190559
0.000190528
0.000190496
0.000190465
0.000190434
0.000190403
0.000190372
0.00019034
0.000190309
0.000190278
0.000190247
0.000190216
0.000190184
0.000190153
0.000190122
0.000190091
0.00019006
0.000190029
0.000189998
0.000189966
0.000189935
0.000189904
0.000189873
0.000189842
0.000189811
0.00018978
0.000189749
0.000189718
0.000189687
0.000189656
0.000189625
0.000189593
0.000189562
0.000189531
0.0001895
0.000189469
0.000189438
0.000189407
0.000189376
0.000189345
0.000189314
0.000189283
0.000189252
0.000189221
0.000189191
0.00018916
0.000189129
0.000189098
0.000189067
0.000189036
0.000189005
0.000188974
0.000188943
0.000188912
0.000188881
0.00018885
0.00018882
0.000188789
0.000188758
0.000188727
0.000188696
0.000188665
0.000188635
0.000188604
0.000188573
0.000188542
0.000188511
0.00018848
0.00018845
0.000188419
0.000188388
0.000188357
0.000188327
0.000188296
0.000188265
0.000188234
0.000188204
0.000188173
0.000188142
0.000188111
0.000188081
0.00018805
0.000188019
0.000187989
0.000187958
0.000187927
0.000187897
0.000187866
0.000187835
0.000187805
0.000187774
0.000187743
0.000187713
0.000187682
0.000187651
0.000187621
0.00018759
0.00018756
0.000187529
0.000187498
0.000187468
0.000187437
0.000187407
0.000187376
0.000187346
0.000187315
0.000187285
0.000187254
0.000187224
0.000187193
0.000187163
0.000187132
0.000187102
0.000187071
0.000187041
0.00018701
0.00018698
0.000186949
0.000186919
0.000186888
0.000186858
0.000186827
0.000186797
0.000186767
0.000186736
0.000186706
0.000186675
0.000186645
0.000186615
0.000186584
0.000186554
0.000186523
0.000186493
0.000186463
0.000186432
0.000186402
0.000186372
0.000186341
0.000186311
0.000186281
0.00018625
0.00018622
0.00018619
0.00018616
0.000186129
0.000186099
0.000186069
0.000186038
0.000186008
0.000185978
0.000185948
0.000185917
0.000185887
0.000185857
0.000185827
0.000185797
0.000185766
0.000185736
0.000185706
0.000185676
0.000185646
0.000185615
0.000185585
0.000185555
0.000185525
0.000185495
0.000185465
0.000185435
0.000185404
0.000185374
0.000185344
0.000185314
0.000185284
0.000185254
0.000185224
0.000185194
0.000185164
0.000185134
0.000185104
0.000185074
0.000185044
0.000185013
0.000184983
0.000184953
0.000184923
0.000184893
0.000184863
0.000184833
0.000184803
0.000184773
0.000184743
0.000184713
0.000184684
0.000184654
0.000184624
0.000184594
0.000184564
0.000184534
0.000184504
0.000184474
0.000184444
0.000184414
0.000184384
0.000184354
0.000184324
0.000184295
0.000184265
0.000184235
0.000184205
0.000184175
0.000184145
0.000184115
0.000184086
0.000184056
0.000184026
0.000183996
0.000183966
0.000183937
0.000183907
0.000183877
0.000183847
0.000183817
0.000183788
0.000183758
0.000183728
0.000183698
0.000183669
0.000183639
0.000183609
0.000183579
0.00018355
0.00018352
0.00018349
0.000183461
0.000183431
0.000183401
0.000183372
0.000183342
0.000183312
0.000183283
0.000183253
0.000183223
0.000183194
0.000183164
0.000183134
0.000183105
0.000183075
0.000183046
0.000183016
0.000182986
0.000182957
0.000182927
0.000182898
0.000182868
0.000182839
0.000182809
0.00018278
0.00018275
0.00018272
0.000182691
0.000182661
0.000182632
0.000182602
0.000182573
0.000182543
0.000182514
0.000182484
0.000182455
0.000182425
0.000182396
0.000182367
0.000182337
0.000182308
0.000182278
0.000182249
0.000182219
0.00018219
0.000182161
0.000182131
0.000182102
0.000182072
0.000182043
0.000182014
0.000181984
0.000181955
0.000181926
0.000181896
0.000181867
0.000181838
0.000181808
0.000181779
0.00018175
0.00018172
0.000181691
0.000181662
0.000181632
0.000181603
0.000181574
0.000181544
0.000181515
0.000181486
0.000181457
0.000181427
0.000181398
0.000181369
0.00018134
0.000181311
0.000181281
0.000181252
0.000181223
0.000181194
0.000181165
0.000181135
0.000181106
0.000181077
0.000181048
0.000181019
0.00018099
0.00018096
0.000180931
0.000180902
0.000180873
0.000180844
0.000180815
0.000180786
0.000180757
0.000180727
0.000180698
0.000180669
0.00018064
0.000180611
0.000180582
0.000180553
0.000180524
0.000180495
0.000180466
0.000180437
0.000180408
0.000180379
0.00018035
0.000180321
0.000180292
0.000180263
0.000180234
0.000180205
0.000180176
0.000180147
0.000180118
0.000180089
0.00018006
0.000180031
0.000180002
0.000179973
0.000179944
0.000179915
0.000179887
0.000179858
0.000179829
0.0001798
0.000179771
0.000179742
0.000179713
0.000179684
0.000179655
0.000179627
0.000179598
0.000179569
0.00017954
0.000179511
0.000179482
0.000179454
0.000179425
0.000179396
0.000179367
0.000179338
0.00017931
0.000179281
0.000179252
0.000179223
0.000179195
0.000179166
0.000179137
0.000179108
0.00017908
0.000179051
0.000179022
0.000178994
0.000178965
0.000178936
0.000178907
0.000178879
0.00017885
0.000178821
0.000178793
0.000178764
0.000178735
0.000178707
0.000178678
0.000178649
0.000178621
0.000178592
0.000178564
0.000178535
0.000178506
0.000178478
0.000178449
0.000178421
0.000178392
0.000178363
0.000178335
0.000178306
0.000178278
0.000178249
0.000178221
0.000178192
0.000178164
0.000178135
0.000178107
0.000178078
0.00017805
0.000178021
0.000177993
0.000177964
0.000177936
0.000177907
0.000177879
0.00017785
0.000177822
0.000177793
0.000177765
0.000177736
0.000177708
0.00017768
0.000177651
0.000177623
0.000177594
0.000177566
0.000177538
0.000177509
0.000177481
0.000177452
0.000177424
0.000177396
0.000177367
0.000177339
0.000177311
0.000177282
0.000177254
0.000177226
0.000177197
0.000177169
0.000177141
0.000177112
0.000177084
0.000177056
0.000177028
0.000176999
0.000176971
0.000176943
0.000176915
0.000176886
0.000176858
0.00017683
0.000176802
0.000176773
0.000176745
0.000176717
0.000176689
0.000176661
0.000176632
0.000176604
0.000176576
0.000176548
0.00017652
0.000176492
0.000176463
0.000176435
0.000176407
0.000176379
0.000176351
0.000176323
0.000176295
0.000176266
0.000176238
0.00017621
0.000176182
0.000176154
0.000176126
0.000176098
0.00017607
0.000176042
0.000176014
0.000175986
0.000175958
0.00017593
0.000175902
0.000175874
0.000175846
0.000175818
0.00017579
0.000175762
0.000175734
0.000175706
0.000175678
0.00017565
0.000175622
0.000175594
0.000175566
0.000175538
0.00017551
0.000175482
0.000175454
0.000175426
0.000175398
0.00017537
0.000175342
0.000175314
0.000175286
0.000175259
0.000175231
0.000175203
0.000175175
0.000175147
0.000175119
0.000175091
0.000175064
0.000175036
0.000175008
0.00017498
0.000174952
0.000174924
0.000174897
0.000174869
0.000174841
0.000174813
0.000174785
0.000174758
0.00017473
0.000174702
0.000174674
0.000174647
0.000174619
0.000174591
0.000174563
0.000174536
0.000174508
0.00017448
0.000174452
0.000174425
0.000174397
0.000174369
0.000174342
0.000174314
0.000174286
0.000174259
0.000174231
0.000174203
0.000174176
0.000174148
0.00017412
0.000174093
0.000174065
0.000174038
0.00017401
0.000173982
0.000173955
0.000173927
0.000173899
0.000173872
0.000173844
0.000173817
0.000173789
0.000173762
0.000173734
0.000173707
0.000173679
0.000173651
0.000173624
0.000173596
0.000173569
0.000173541
0.000173514
0.000173486
0.000173459
0.000173431
0.000173404
0.000173376
0.000173349
0.000173322
0.000173294
0.000173267
0.000173239
0.000173212
0.000173184
0.000173157
0.000173129
0.000173102
0.000173075
0.000173047
0.00017302
0.000172992
0.000172965
0.000172938
0.00017291
0.000172883
0.000172856
0.000172828
0.000172801
0.000172774
0.000172746
0.000172719
0.000172692
0.000172664
0.000172637
0.00017261
0.000172582
0.000172555
0.000172528
0.0001725
0.000172473
0.000172446
0.000172419
0.000172391
0.000172364
0.000172337
0.00017231
0.000172282
0.000172255
0.000172228
0.000172201
0.000172174
0.000172146
0.000172119
0.000172092
0.000172065
0.000172038
0.00017201
0.000171983
0.000171956
0.000171929
0.000171902
0.000171875
0.000171847
0.00017182
0.000171793
0.000171766
0.000171739
0.000171712
0.000171685
0.000171658
0.000171631
0.000171604
0.000171576
0.000171549
0.000171522
0.000171495
0.000171468
0.000171441
0.000171414
0.000171387
0.00017136
0.000171333
0.000171306
0.000171279
0.000171252
0.000171225
0.000171198
0.000171171
0.000171144
0.000171117
0.00017109
0.000171063
0.000171036
0.000171009
0.000170982
0.000170955
0.000170928
0.000170901
0.000170875
0.000170848
0.000170821
0.000170794
0.000170767
0.00017074
0.000170713
0.000170686
0.000170659
0.000170632
0.000170606
0.000170579
0.000170552
0.000170525
0.000170498
0.000170471
0.000170445
0.000170418
0.000170391
0.000170364
0.000170337
0.00017031
0.000170284
0.000170257
0.00017023
0.000170203
0.000170177
0.00017015
0.000170123
0.000170096
0.00017007
0.000170043
0.000170016
0.000169989
0.000169963
0.000169936
0.000169909
0.000169883
0.000169856
0.000169829
0.000169802
0.000169776
0.000169749
0.000169722
0.000169696
0.000169669
0.000169642
0.000169616
0.000169589
0.000169563
0.000169536
0.000169509
0.000169483
0.000169456
0.000169429
0.000169403
0.000169376
0.00016935
0.000169323
0.000169297
0.00016927
0.000169243
0.000169217
0.00016919
0.000169164
0.000169137
0.000169111
0.000169084
0.000169058
0.000169031
0.000169005
0.000168978
0.000168952
0.000168925
0.000168899
0.000168872
0.000168846
0.000168819
0.000168793
0.000168766
0.00016874
0.000168713
0.000168687
0.00016866
0.000168634
0.000168608
0.000168581
0.000168555
0.000168528
0.000168502
0.000168476
0.000168449
0.000168423
0.000168396
0.00016837
0.000168344
0.000168317
0.000168291
0.000168265
0.000168238
0.000168212
0.000168186
0.000168159
0.000168133
0.000168107
0.00016808
0.000168054
0.000168028
0.000168001
0.000167975
0.000167949
0.000167923
0.000167896
0.00016787
0.000167844
0.000167818
0.000167791
0.000167765
0.000167739
0.000167713
0.000167686
0.00016766
0.000167634
0.000167608
0.000167582
0.000167555
0.000167529
0.000167503
0.000167477
0.000167451
0.000167425
0.000167398
0.000167372
0.000167346
0.00016732
0.000167294
0.000167268
0.000167242
0.000167215
0.000167189
0.000167163
0.000167137
0.000167111
0.000167085
0.000167059
0.000167033
0.000167007
0.000166981
0.000166955
0.000166929
0.000166903
0.000166876
0.00016685
0.000166824
0.000166798
0.000166772
0.000166746
0.00016672
0.000166694
0.000166668
0.000166642
0.000166616
0.00016659
0.000166564
0.000166538
0.000166513
0.000166487
0.000166461
0.000166435
0.000166409
0.000166383
0.000166357
0.000166331
0.000166305
0.000166279
0.000166253
0.000166227
0.000166201
0.000166176
0.00016615
0.000166124
0.000166098
0.000166072
0.000166046
0.00016602
0.000165994
0.000165969
0.000165943
0.000165917
0.000165891
0.000165865
0.00016584
0.000165814
0.000165788
0.000165762
0.000165736
0.000165711
0.000165685
0.000165659
0.000165633
0.000165607
0.000165582
0.000165556
0.00016553
0.000165504
0.000165479
0.000165453
0.000165427
0.000165402
0.000165376
0.00016535
0.000165324
0.000165299
0.000165273
0.000165247
0.000165222
0.000165196
0.00016517
0.000165145
0.000165119
0.000165093
0.000165068
0.000165042
0.000165017
0.000164991
0.000164965
0.00016494
0.000164914
0.000164888
0.000164863
0.000164837
0.000164812
0.000164786
0.000164761
0.000164735
0.000164709
0.000164684
0.000164658
0.000164633
0.000164607
0.000164582
0.000164556
0.000164531
0.000164505
0.00016448
0.000164454
0.000164429
0.000164403
0.000164378
0.000164352
0.000164327
0.000164301
0.000164276
0.00016425
0.000164225
0.000164199
0.000164174
0.000164148
0.000164123
0.000164098
0.000164072
0.000164047
0.000164021
0.000163996
0.00016397
0.000163945
0.00016392
0.000163894
0.000163869
0.000163844
0.000163818
0.000163793
0.000163767
0.000163742
0.000163717
0.000163691
0.000163666
0.000163641
0.000163615
0.00016359
0.000163565
0.00016354
0.000163514
0.000163489
0.000163464
0.000163438
0.000163413
0.000163388
0.000163363
0.000163337
0.000163312
0.000163287
0.000163262
0.000163236
0.000163211
0.000163186
0.000163161
0.000163135
0.00016311
0.000163085
0.00016306
0.000163035
0.000163009
0.000162984
0.000162959
0.000162934
0.000162909
0.000162884
0.000162858
0.000162833
0.000162808
0.000162783
0.000162758
0.000162733
0.000162708
0.000162682
0.000162657
0.000162632
0.000162607
0.000162582
0.000162557
0.000162532
0.000162507
0.000162482
0.000162457
0.000162432
0.000162407
0.000162382
0.000162356
0.000162331
0.000162306
0.000162281
0.000162256
0.000162231
0.000162206
0.000162181
0.000162156
0.000162131
0.000162106
0.000162081
0.000162056
0.000162031
0.000162006
0.000161981
0.000161957
0.000161932
0.000161907
0.000161882
0.000161857
0.000161832
0.000161807
0.000161782
0.000161757
0.000161732
0.000161707
0.000161682
0.000161657
0.000161633
0.000161608
0.000161583
0.000161558
0.000161533
0.000161508
0.000161483
0.000161459
0.000161434
0.000161409
0.000161384
0.000161359
0.000161334
0.00016131
0.000161285
0.00016126
0.000161235
0.00016121
0.000161186
0.000161161
0.000161136
0.000161111
0.000161087
0.000161062
0.000161037
0.000161012
0.000160988
0.000160963
0.000160938
0.000160913
0.000160889
0.000160864
0.000160839
0.000160814
0.00016079
0.000160765
0.00016074
0.000160716
0.000160691
0.000160666
0.000160642
0.000160617
0.000160592
0.000160568
0.000160543
0.000160518
0.000160494
0.000160469
0.000160445
0.00016042
0.000160395
0.000160371
0.000160346
0.000160322
0.000160297
0.000160272
0.000160248
0.000160223
0.000160199
0.000160174
0.00016015
0.000160125
0.0001601
0.000160076
0.000160051
0.000160027
0.000160002
0.000159978
0.000159953
0.000159929
0.000159904
0.00015988
0.000159855
0.000159831
0.000159806
0.000159782
0.000159757
0.000159733
0.000159708
0.000159684
0.00015966
0.000159635
0.000159611
0.000159586
0.000159562
0.000159537
0.000159513
0.000159489
0.000159464
0.00015944
0.000159415
0.000159391
0.000159367
0.000159342
0.000159318
0.000159293
0.000159269
0.000159245
0.00015922
0.000159196
0.000159172
0.000159147
0.000159123
0.000159099
0.000159074
0.00015905
0.000159026
0.000159001
0.000158977
0.000158953
0.000158929
0.000158904
0.00015888
0.000158856
0.000158832
0.000158807
0.000158783
0.000158759
0.000158734
0.00015871
0.000158686
0.000158662
0.000158638
0.000158613
0.000158589
0.000158565
0.000158541
0.000158517
0.000158492
0.000158468
0.000158444
0.00015842
0.000158396
0.000158371
0.000158347
0.000158323
0.000158299
0.000158275
0.000158251
0.000158227
0.000158202
0.000158178
0.000158154
0.00015813
0.000158106
0.000158082
0.000158058
0.000158034
0.00015801
0.000157986
0.000157962
0.000157937
0.000157913
0.000157889
0.000157865
0.000157841
0.000157817
0.000157793
0.000157769
0.000157745
0.000157721
0.000157697
0.000157673
0.000157649
0.000157625
0.000157601
0.000157577
0.000157553
0.000157529
0.000157505
0.000157481
0.000157457
0.000157433
0.000157409
0.000157385
0.000157361
0.000157337
0.000157314
0.00015729
0.000157266
0.000157242
0.000157218
0.000157194
0.00015717
0.000157146
0.000157122
0.000157098
0.000157075
0.000157051
0.000157027
0.000157003
0.000156979
0.000156955
0.000156931
0.000156908
0.000156884
0.00015686
0.000156836
0.000156812
0.000156788
0.000156765
0.000156741
0.000156717
0.000156693
0.000156669
0.000156646
0.000156622
0.000156598
0.000156574
0.000156551
0.000156527
0.000156503
0.000156479
0.000156456
0.000156432
0.000156408
0.000156384
0.000156361
0.000156337
0.000156313
0.00015629
0.000156266
0.000156242
0.000156218
0.000156195
0.000156171
0.000156147
0.000156124
0.0001561
0.000156076
0.000156053
0.000156029
0.000156005
0.000155982
0.000155958
0.000155935
0.000155911
0.000155887
0.000155864
0.00015584
0.000155817
0.000155793
0.000155769
0.000155746
0.000155722
0.000155699
0.000155675
0.000155651
0.000155628
0.000155604
0.000155581
0.000155557
0.000155534
0.00015551
0.000155487
0.000155463
0.00015544
0.000155416
0.000155393
0.000155369
0.000155346
0.000155322
0.000155299
0.000155275
0.000155252
0.000155228
0.000155205
0.000155181
0.000155158
0.000155134
0.000155111
0.000155088
0.000155064
0.000155041
0.000155017
0.000154994
0.00015497
0.000154947
0.000154924
0.0001549
0.000154877
0.000154853
0.00015483
0.000154807
0.000154783
0.00015476
0.000154737
0.000154713
0.00015469
0.000154667
0.000154643
0.00015462
0.000154596
0.000154573
0.00015455
0.000154527
0.000154503
0.00015448
0.000154457
0.000154433
0.00015441
0.000154387
0.000154363
0.00015434
0.000154317
0.000154294
0.00015427
0.000154247
0.000154224
0.000154201
0.000154177
0.000154154
0.000154131
0.000154108
0.000154085
0.000154061
0.000154038
0.000154015
0.000153992
0.000153969
0.000153945
0.000153922
0.000153899
0.000153876
0.000153853
0.000153829
0.000153806
0.000153783
0.00015376
0.000153737
0.000153714
0.000153691
0.000153668
0.000153644
0.000153621
0.000153598
0.000153575
0.000153552
0.000153529
0.000153506
0.000153483
0.00015346
0.000153437
0.000153413
0.00015339
0.000153367
0.000153344
0.000153321
0.000153298
0.000153275
0.000153252
0.000153229
0.000153206
0.000153183
0.00015316
0.000153137
0.000153114
0.000153091
0.000153068
0.000153045
0.000153022
0.000152999
0.000152976
0.000152953
0.00015293
0.000152907
0.000152884
0.000152861
0.000152838
0.000152815
0.000152793
0.00015277
0.000152747
0.000152724
0.000152701
0.000152678
0.000152655
0.000152632
0.000152609
0.000152586
0.000152564
0.000152541
0.000152518
0.000152495
0.000152472
0.000152449
0.000152426
0.000152404
0.000152381
0.000152358
0.000152335
0.000152312
0.000152289
0.000152267
0.000152244
0.000152221
0.000152198
0.000152175
0.000152153
0.00015213
0.000152107
0.000152084
0.000152061
0.000152039
0.000152016
0.000151993
0.00015197
0.000151948
0.000151925
0.000151902
0.000151879
0.000151857
0.000151834
0.000151811
0.000151789
0.000151766
0.000151743
0.00015172
0.000151698
0.000151675
0.000151652
0.00015163
0.000151607
0.000151584
0.000151562
0.000151539
0.000151516
0.000151494
0.000151471
0.000151449
0.000151426
0.000151403
0.000151381
0.000151358
0.000151335
0.000151313
0.00015129
0.000151268
0.000151245
0.000151222
0.0001512
0.000151177
0.000151155
0.000151132
0.00015111
0.000151087
0.000151065
0.000151042
0.000151019
0.000150997
0.000150974
0.000150952
0.000150929
0.000150907
0.000150884
0.000150862
0.000150839
0.000150817
0.000150794
0.000150772
0.000150749
0.000150727
0.000150704
0.000150682
0.00015066
0.000150637
0.000150615
0.000150592
0.00015057
0.000150547
0.000150525
0.000150502
0.00015048
0.000150458
0.000150435
0.000150413
0.00015039
0.000150368
0.000150346
0.000150323
0.000150301
0.000150278
0.000150256
0.000150234
0.000150211
0.000150189
0.000150167
0.000150144
0.000150122
0.0001501
0.000150077
0.000150055
0.000150033
0.00015001
0.000149988
0.000149966
0.000149943
0.000149921
0.000149899
0.000149877
0.000149854
0.000149832
0.00014981
0.000149787
0.000149765
0.000149743
0.000149721
0.000149698
0.000149676
0.000149654
0.000149632
0.00014961
0.000149587
0.000149565
0.000149543
0.000149521
0.000149498
0.000149476
0.000149454
0.000149432
0.00014941
0.000149388
0.000149365
0.000149343
0.000149321
0.000149299
0.000149277
0.000149255
0.000149232
0.00014921
0.000149188
0.000149166
0.000149144
0.000149122
0.0001491
0.000149078
0.000149055
0.000149033
0.000149011
0.000148989
0.000148967
0.000148945
0.000148923
0.000148901
0.000148879
0.000148857
0.000148835
0.000148813
0.000148791
0.000148769
0.000148746
0.000148724
0.000148702
0.00014868
0.000148658
0.000148636
0.000148614
0.000148592
0.00014857
0.000148548
0.000148526
0.000148504
0.000148482
0.00014846
0.000148438
0.000148417
0.000148395
0.000148373
0.000148351
0.000148329
0.000148307
0.000148285
0.000148263
0.000148241
0.000148219
0.000148197
0.000148175
0.000148153
0.000148131
0.00014811
0.000148088
0.000148066
0.000148044
0.000148022
0.000148
0.000147978
0.000147956
0.000147935
0.000147913
0.000147891
0.000147869
0.000147847
0.000147825
0.000147804
0.000147782
0.00014776
0.000147738
0.000147716
0.000147694
0.000147673
0.000147651
0.000147629
0.000147607
0.000147586
0.000147564
0.000147542
0.00014752
0.000147498
0.000147477
0.000147455
0.000147433
0.000147411
0.00014739
0.000147368
0.000147346
0.000147325
0.000147303
0.000147281
0.000147259
0.000147238
0.000147216
0.000147194
0.000147173
0.000147151
0.000147129
0.000147108
0.000147086
0.000147064
0.000147043
0.000147021
0.000146999
0.000146978
0.000146956
0.000146934
0.000146913
0.000146891
0.000146869
0.000146848
0.000146826
0.000146805
0.000146783
0.000146761
0.00014674
0.000146718
0.000146697
0.000146675
0.000146654
0.000146632
0.00014661
0.000146589
0.000146567
0.000146546
0.000146524
0.000146503
0.000146481
0.00014646
0.000146438
0.000146417
0.000146395
0.000146374
0.000146352
0.000146331
0.000146309
0.000146288
0.000146266
0.000146245
0.000146223
0.000146202
0.00014618
0.000146159
0.000146137
0.000146116
0.000146094
0.000146073
0.000146051
0.00014603
0.000146009
0.000145987
0.000145966
0.000145944
0.000145923
0.000145901
0.00014588
0.000145859
0.000145837
0.000145816
0.000145795
0.000145773
0.000145752
0.00014573
0.000145709
0.000145688
0.000145666
0.000145645
0.000145624
0.000145602
0.000145581
0.00014556
0.000145538
0.000145517
0.000145496
0.000145474
0.000145453
0.000145432
0.00014541
0.000145389
0.000145368
0.000145347
0.000145325
0.000145304
0.000145283
0.000145262
0.00014524
0.000145219
0.000145198
0.000145176
0.000145155
0.000145134
0.000145113
0.000145092
0.00014507
0.000145049
0.000145028
0.000145007
0.000144985
0.000144964
0.000144943
0.000144922
0.000144901
0.00014488
0.000144858
0.000144837
0.000144816
0.000144795
0.000144774
0.000144753
0.000144731
0.00014471
0.000144689
0.000144668
0.000144647
0.000144626
0.000144605
0.000144584
0.000144562
0.000144541
0.00014452
0.000144499
0.000144478
0.000144457
0.000144436
0.000144415
0.000144394
0.000144373
0.000144352
0.00014433
0.000144309
0.000144288
0.000144267
0.000144246
0.000144225
0.000144204
0.000144183
0.000144162
0.000144141
0.00014412
0.000144099
0.000144078
0.000144057
0.000144036
0.000144015
0.000143994
0.000143973
0.000143952
0.000143931
0.00014391
0.000143889
0.000143868
0.000143847
0.000143826
0.000143806
0.000143785
0.000143764
0.000143743
0.000143722
0.000143701
0.00014368
0.000143659
0.000143638
0.000143617
0.000143596
0.000143575
0.000143555
0.000143534
0.000143513
0.000143492
0.000143471
0.00014345
0.000143429
0.000143409
0.000143388
0.000143367
0.000143346
0.000143325
0.000143304
0.000143283
0.000143263
0.000143242
0.000143221
0.0001432
0.000143179
0.000143159
0.000143138
0.000143117
0.000143096
0.000143075
0.000143055
0.000143034
0.000143013
0.000142992
0.000142972
0.000142951
0.00014293
0.000142909
0.000142889
0.000142868
0.000142847
0.000142826
0.000142806
0.000142785
0.000142764
0.000142744
0.000142723
0.000142702
0.000142682
0.000142661
0.00014264
0.000142619
0.000142599
0.000142578
0.000142557
0.000142537
0.000142516
0.000142495
0.000142475
0.000142454
0.000142434
0.000142413
0.000142392
0.000142372
0.000142351
0.00014233
0.00014231
0.000142289
0.000142269
0.000142248
0.000142227
0.000142207
0.000142186
0.000142166
0.000142145
0.000142125
0.000142104
0.000142083
0.000142063
0.000142042
0.000142022
0.000142001
0.000141981
0.00014196
0.00014194
0.000141919
0.000141899
0.000141878
0.000141858
0.000141837
0.000141817
0.000141796
0.000141776
0.000141755
0.000141735
0.000141714
0.000141694
0.000141673
0.000141653
0.000141632
0.000141612
0.000141591
0.000141571
0.00014155
0.00014153
0.00014151
0.000141489
0.000141469
0.000141448
0.000141428
0.000141407
0.000141387
0.000141367
0.000141346
0.000141326
0.000141305
0.000141285
0.000141265
0.000141244
0.000141224
0.000141204
0.000141183
0.000141163
0.000141142
0.000141122
0.000141102
0.000141081
0.000141061
0.000141041
0.00014102
0.000141
0.00014098
0.00014096
0.000140939
0.000140919
0.000140899
0.000140878
0.000140858
0.000140838
0.000140817
0.000140797
0.000140777
0.000140757
0.000140736
0.000140716
0.000140696
0.000140676
0.000140655
0.000140635
0.000140615
0.000140595
0.000140574
0.000140554
0.000140534
0.000140514
0.000140494
0.000140473
0.000140453
0.000140433
0.000140413
0.000140393
0.000140372
0.000140352
0.000140332
0.000140312
0.000140292
0.000140272
0.000140251
0.000140231
0.000140211
0.000140191
0.000140171
0.000140151
0.000140131
0.00014011
0.00014009
0.00014007
0.00014005
0.00014003
0.00014001
0.00013999
0.00013997
0.00013995
0.00013993
0.000139909
0.000139889
0.000139869
0.000139849
0.000139829
0.000139809
0.000139789
0.000139769
0.000139749
0.000139729
0.000139709
0.000139689
0.000139669
0.000139649
0.000139629
0.000139609
0.000139589
0.000139569
0.000139549
0.000139529
0.000139509
0.000139489
0.000139469
0.000139449
0.000139429
0.000139409
0.000139389
0.000139369
0.000139349
0.000139329
0.000139309
0.000139289
0.000139269
0.000139249
0.000139229
0.000139209
0.00013919
0.00013917
0.00013915
0.00013913
0.00013911
0.00013909
0.00013907
0.00013905
0.00013903
0.00013901
0.000138991
0.000138971
0.000138951
0.000138931
0.000138911
0.000138891
0.000138871
0.000138852
0.000138832
0.000138812
0.000138792
0.000138772
0.000138752
0.000138733
0.000138713
0.000138693
0.000138673
0.000138653
0.000138634
0.000138614
0.000138594
0.000138574
0.000138554
0.000138535
0.000138515
0.000138495
0.000138475
0.000138456
0.000138436
0.000138416
0.000138396
0.000138377
0.000138357
0.000138337
0.000138317
0.000138298
0.000138278
0.000138258
0.000138239
0.000138219
0.000138199
0.000138179
0.00013816
0.00013814
0.00013812
0.000138101
0.000138081
0.000138061
0.000138042
0.000138022
0.000138002
0.000137983
0.000137963
0.000137943
0.000137924
0.000137904
0.000137885
0.000137865
0.000137845
0.000137826
0.000137806
0.000137786
0.000137767
0.000137747
0.000137728
0.000137708
0.000137689
0.000137669
0.000137649
0.00013763
0.00013761
0.000137591
0.000137571
0.000137552
0.000137532
0.000137512
0.000137493
0.000137473
0.000137454
0.000137434
0.000137415
0.000137395
0.000137376
0.000137356
0.000137337
0.000137317
0.000137298
0.000137278
0.000137259
0.000137239
0.00013722
0.0001372
0.000137181
0.000137161
0.000137142
0.000137122
0.000137103
0.000137083
0.000137064
0.000137045
0.000137025
0.000137006
0.000136986
0.000136967
0.000136947
0.000136928
0.000136909
0.000136889
0.00013687
0.00013685
0.000136831
0.000136812
0.000136792
0.000136773
0.000136753
0.000136734
0.000136715
0.000136695
0.000136676
0.000136657
0.000136637
0.000136618
0.000136599
0.000136579
0.00013656
0.000136541
0.000136521
0.000136502
0.000136483
0.000136463
0.000136444
0.000136425
0.000136405
0.000136386
0.000136367
0.000136347
0.000136328
0.000136309
0.00013629
0.00013627
0.000136251
0.000136232
0.000136213
0.000136193
0.000136174
0.000136155
0.000136136
0.000136116
0.000136097
0.000136078
0.000136059
0.000136039
0.00013602
0.000136001
0.000135982
0.000135963
0.000135943
0.000135924
0.000135905
0.000135886
0.000135867
0.000135847
0.000135828
0.000135809
0.00013579
0.000135771
0.000135752
0.000135732
0.000135713
0.000135694
0.000135675
0.000135656
0.000135637
0.000135618
0.000135598
0.000135579
0.00013556
0.000135541
0.000135522
0.000135503
0.000135484
0.000135465
0.000135446
0.000135427
0.000135407
0.000135388
0.000135369
0.00013535
0.000135331
0.000135312
0.000135293
0.000135274
0.000135255
0.000135236
0.000135217
0.000135198
0.000135179
0.00013516
0.000135141
0.000135122
0.000135103
0.000135084
0.000135065
0.000135046
0.000135027
0.000135008
0.000134989
0.00013497
0.000134951
0.000134932
0.000134913
0.000134894
0.000134875
0.000134856
0.000134837
0.000134818
0.000134799
0.00013478
0.000134761
0.000134742
0.000134723
0.000134704
0.000134686
0.000134667
0.000134648
0.000134629
0.00013461
0.000134591
0.000134572
0.000134553
0.000134534
0.000134515
0.000134497
0.000134478
0.000134459
0.00013444
0.000134421
0.000134402
0.000134383
0.000134364
0.000134346
0.000134327
0.000134308
0.000134289
0.00013427
0.000134251
0.000134233
0.000134214
0.000134195
0.000134176
0.000134157
0.000134139
0.00013412
0.000134101
0.000134082
0.000134063
0.000134045
0.000134026
0.000134007
0.000133988
0.00013397
0.000133951
0.000133932
0.000133913
0.000133895
0.000133876
0.000133857
0.000133838
0.00013382
0.000133801
0.000133782
0.000133763
0.000133745
0.000133726
0.000133707
0.000133689
0.00013367
0.000133651
0.000133633
0.000133614
0.000133595
0.000133577
0.000133558
0.000133539
0.000133521
0.000133502
0.000133483
0.000133465
0.000133446
0.000133427
0.000133409
0.00013339
0.000133371
0.000133353
0.000133334
0.000133316
0.000133297
0.000133278
0.00013326
0.000133241
0.000133223
0.000133204
0.000133185
0.000133167
0.000133148
0.00013313
0.000133111
0.000133092
0.000133074
0.000133055
0.000133037
0.000133018
0.000133
0.000132981
0.000132963
0.000132944
0.000132926
0.000132907
0.000132888
0.00013287
0.000132851
0.000132833
0.000132814
0.000132796
0.000132777
0.000132759
0.00013274
0.000132722
0.000132703
0.000132685
0.000132667
0.000132648
0.00013263
0.000132611
0.000132593
0.000132574
0.000132556
0.000132537
0.000132519
0.0001325
0.000132482
0.000132464
0.000132445
0.000132427
0.000132408
0.00013239
0.000132372
0.000132353
0.000132335
0.000132316
0.000132298
0.00013228
0.000132261
0.000132243
0.000132224
0.000132206
0.000132188
0.000132169
0.000132151
0.000132133
0.000132114
0.000132096
0.000132078
0.000132059
0.000132041
0.000132023
0.000132004
0.000131986
0.000131968
0.000131949
0.000131931
0.000131913
0.000131894
0.000131876
0.000131858
0.000131839
0.000131821
0.000131803
0.000131785
0.000131766
0.000131748
0.00013173
0.000131712
0.000131693
0.000131675
0.000131657
0.000131639
0.00013162
0.000131602
0.000131584
0.000131566
0.000131547
0.000131529
0.000131511
0.000131493
0.000131475
0.000131456
0.000131438
0.00013142
0.000131402
0.000131384
0.000131365
0.000131347
0.000131329
0.000131311
0.000131293
0.000131274
0.000131256
0.000131238
0.00013122
0.000131202
0.000131184
0.000131166
0.000131147
0.000131129
0.000131111
0.000131093
0.000131075
0.000131057
0.000131039
0.000131021
0.000131002
0.000130984
0.000130966
0.000130948
0.00013093
0.000130912
0.000130894
0.000130876
0.000130858
0.00013084
0.000130822
0.000130804
0.000130786
0.000130768
0.000130749
0.000130731
0.000130713
0.000130695
0.000130677
0.000130659
0.000130641
0.000130623
0.000130605
0.000130587
0.000130569
0.000130551
0.000130533
0.000130515
0.000130497
0.000130479
0.000130461
0.000130443
0.000130425
0.000130407
0.000130389
0.000130371
0.000130353
0.000130335
0.000130318
0.0001303
0.000130282
0.000130264
0.000130246
0.000130228
0.00013021
0.000130192
0.000130174
0.000130156
0.000130138
0.00013012
0.000130102
0.000130085
0.000130067
0.000130049
0.000130031
0.000130013
0.000129995
0.000129977
0.000129959
0.000129941
0.000129924
0.000129906
0.000129888
0.00012987
0.000129852
0.000129834
0.000129816
0.000129799
0.000129781
0.000129763
0.000129745
0.000129727
0.00012971
0.000129692
0.000129674
0.000129656
0.000129638
0.00012962
0.000129603
0.000129585
0.000129567
0.000129549
0.000129532
0.000129514
0.000129496
0.000129478
0.00012946
0.000129443
0.000129425
0.000129407
0.000129389
0.000129372
0.000129354
0.000129336
0.000129319
0.000129301
0.000129283
0.000129265
0.000129248
0.00012923
0.000129212
0.000129195
0.000129177
0.000129159
0.000129141
0.000129124
0.000129106
0.000129088
0.000129071
0.000129053
0.000129035
0.000129018
0.000129
0.000128982
0.000128965
0.000128947
0.000128929
0.000128912
0.000128894
0.000128877
0.000128859
0.000128841
0.000128824
0.000128806
0.000128788
0.000128771
0.000128753
0.000128736
0.000128718
0.0001287
0.000128683
0.000128665
0.000128648
0.00012863
0.000128613
0.000128595
0.000128577
0.00012856
0.000128542
0.000128525
0.000128507
0.00012849
0.000128472
0.000128455
0.000128437
0.000128419
0.000128402
0.000128384
0.000128367
0.000128349
0.000128332
0.000128314
0.000128297
0.000128279
0.000128262
0.000128244
0.000128227
0.000128209
0.000128192
0.000128174
0.000128157
0.00012814
0.000128122
0.000128105
0.000128087
0.00012807
0.000128052
0.000128035
0.000128017
0.000128
0.000127982
0.000127965
0.000127948
0.00012793
0.000127913
0.000127895
0.000127878
0.000127861
0.000127843
0.000127826
0.000127808
0.000127791
0.000127774
0.000127756
0.000127739
0.000127721
0.000127704
0.000127687
0.000127669
0.000127652
0.000127635
0.000127617
0.0001276
0.000127583
0.000127565
0.000127548
0.000127531
0.000127513
0.000127496
0.000127479
0.000127461
0.000127444
0.000127427
0.000127409
0.000127392
0.000127375
0.000127357
0.00012734
0.000127323
0.000127306
0.000127288
0.000127271
0.000127254
0.000127237
0.000127219
0.000127202
0.000127185
0.000127167
0.00012715
0.000127133
0.000127116
0.000127098
0.000127081
0.000127064
0.000127047
0.00012703
0.000127012
0.000126995
0.000126978
0.000126961
0.000126944
0.000126926
0.000126909
0.000126892
0.000126875
0.000126858
0.00012684
0.000126823
0.000126806
0.000126789
0.000126772
0.000126755
0.000126737
0.00012672
0.000126703
0.000126686
0.000126669
0.000126652
0.000126635
0.000126617
0.0001266
0.000126583
0.000126566
0.000126549
0.000126532
0.000126515
0.000126498
0.00012648
0.000126463
0.000126446
0.000126429
0.000126412
0.000126395
0.000126378
0.000126361
0.000126344
0.000126327
0.00012631
0.000126293
0.000126276
0.000126259
0.000126241
0.000126224
0.000126207
0.00012619
0.000126173
0.000126156
0.000126139
0.000126122
0.000126105
0.000126088
0.000126071
0.000126054
0.000126037
0.00012602
0.000126003
0.000125986
0.000125969
0.000125952
0.000125935
0.000125918
0.000125901
0.000125884
0.000125867
0.00012585
0.000125834
0.000125817
0.0001258
0.000125783
0.000125766
0.000125749

