5e-05
5e-05
5e-05
5e-05
5e-05
5e-05
5e-05
5e-05
5e-05
5e-05
5e-05
5e-05
5e-05
5e-05
5e-05
5e-05
5e-05
5e-05
5e-05
5e-05
5e-05
5e-05
5e-05
5e-05
5e-05
5e-05
5e-05
5e-05
5e-05
5e-05
5e-05
5e-05
5e-05
5e-05
5e-05
5e-05
5e-05
5e-05
5e-05
5e-05
5e-05
5e-05
5e-05
5e-05
5e-05
5e-05
5e-05
5e-05
5e-05
5e-05
5e-05
5e-05
5e-05
5e-05
5e-05
5e-05
5e-05
5e-05
5e-05
5e-05
5e-05
5e-05
5e-05
5e-05
5e-05
5e-05
5e-05
5e-05
5e-05
5e-05
5e-05
5e-05
5e-05
5e-05
5e-05
5e-05
5e-05
5e-05
5e-05
5e-05
5e-05
5e-05
5e-05
5e-05
5e-05
5e-05
5e-05
5e-05
5e-05
5e-05
5e-05
5e-05
5e-05
5e-05
5e-05
5e-05
5e-05
5e-05
5e-05
5e-05
5e-05
5e-05
5e-05
5e-05
5e-05
5e-05
5e-05
5e-05
5e-05
5e-05
5e-05
5e-05
5e-05
5e-05
5e-05
5e-05
5e-05
5e-05
5e-05
5e-05
5e-05
5e-05
5e-05
5e-05
5e-05
5e-05
5e-05
5e-05
5e-05
5e-05
5e-05
5e-05
5e-05
5e-05
5e-05
5e-05
5e-05
5e-05
5e-05
5e-05
5e-05
5e-05
5e-05
5e-05
5e-05
5e-05
5e-05
5e-05
5e-05
5e-05
5e-05
5e-05
5e-05
5e-05
5e-05
5e-05
5e-05
5e-05
5e-05
5e-05
5e-05
5e-05
5e-05
5e-05
5e-05
5e-05
5e-05
5e-05
5e-05
5e-05
5e-05
5e-05
5e-05
5e-05
5e-05
5e-05
5e-05
5e-05
5e-05
5e-05
5e-05
5e-05
5e-05
5e-05
5e-05
5e-05
5e-05
5e-05
5e-05
5e-05
5e-05
5e-05
5e-05
5e-05
5e-05
5e-05
5e-05
5e-05
5e-05
5e-05
5e-05
5e-05
5e-05
5e-05
5e-05
5e-05
5e-05
5e-05
5e-05
5e-05
5e-05
5e-05
5e-05
5e-05
5e-05
5e-05
5e-05
5e-05
5e-05
5e-05
5e-05
5e-05
5e-05
5e-05
5e-05
5e-05
5e-05
5e-05
5e-05
5e-05
5e-05
5e-05
5e-05
5e-05
5e-05
5e-05
5e-05
5e-05
5e-05
5e-05
5e-05
5e-05
5e-05
5e-05
5e-05
5e-05
5e-05
5e-05
5e-05
5e-05
5e-05
5e-05
5e-05
5e-05
5e-05
5e-05
5e-05
5e-05
5e-05
5e-05
5e-05
5e-05
5e-05
5e-05
5e-05
5e-05
5e-05
5e-05
5e-05
5e-05
5e-05
5e-05
5e-05
5e-05
5e-05
5e-05
5e-05
5e-05
5e-05
5e-05
5e-05
5e-05
5e-05
5e-05
5e-05
5e-05
5e-05
5e-05
5e-05
5e-05
5e-05
5e-05
5e-05
5e-05
5e-05
5e-05
5e-05
5e-05
5e-05
5e-05
5e-05
5e-05
5e-05
5e-05
5e-05
5e-05
5e-05
5e-05
5e-05
5e-05
5e-05
5e-05
5e-05
5e-05
5e-05
5e-05
5e-05
5e-05
5e-05
5e-05
5e-05
5e-05
5e-05
5e-05
5e-05
5e-05
5e-05
5e-05
5e-05
5e-05
5e-05
5e-05
5e-05
5e-05
5e-05
5e-05
5e-05
5e-05
5e-05
5e-05
5e-05
5e-05
5e-05
5e-05
5e-05
5e-05
5e-05
5e-05
5e-05
5e-05
5e-05
5e-05
5e-05
5e-05
5e-05
5e-05
5e-05
5e-05
5e-05
5e-05
5e-05
5e-05
5e-05
5e-05
5e-05
5e-05
5e-05
5e-05
5e-05
5e-05
5e-05
5e-05
5e-05
5e-05
5e-05
5e-05
5e-05
5e-05
5e-05
5e-05
5e-05
5e-05
5e-05
5e-05
5e-05
5e-05
5e-05
5e-05
5e-05
5e-05
5e-05
5e-05
5e-05
5e-05
5e-05
5e-05
5e-05
5e-05
5e-05
5e-05
5e-05
5e-05
5e-05
5e-05
5e-05
5e-05
5e-05
5e-05
5e-05
5e-05
5e-05
5e-05
5e-05
5e-05
5e-05
5e-05
5e-05
5e-05
5e-05
5e-05
5e-05
5e-05
5e-05
5e-05
5e-05
5e-05
5e-05
5e-05
5e-05
5e-05
5e-05
5e-05
5e-05
5e-05
5e-05
5e-05
5e-05
5e-05
5e-05
5e-05
5e-05
5e-05
5e-05
5e-05
5e-05
5e-05
5e-05
5e-05
5e-05
5e-05
5e-05
5e-05
5e-05
5e-05
5e-05
5e-05
5e-05
5e-05
5e-05
5e-05
5e-05
5e-05
5e-05
5e-05
5e-05
5e-05
5e-05
5e-05
5e-05
5e-05
5e-05
5e-05
5e-05
5e-05
5e-05
5e-05
5e-05
5e-05
5e-05
5e-05
5e-05
5e-05
5e-05
5e-05
5e-05
5e-05
5e-05
5e-05
5e-05
5e-05
5e-05
5e-05
5e-05
5e-05
5e-05
5e-05
5e-05
5e-05
5e-05
5e-05
5e-05
5e-05
5e-05
5e-05
5e-05
5e-05
5e-05
5e-05
5e-05
5e-05
5e-05
5e-05
5e-05
5e-05
5e-05
5e-05
5e-05
5e-05
5e-05
5e-05
5e-05
5e-05
5e-05
5e-05
5e-05
5e-05
5e-05
5e-05
5e-05
5e-05
5e-05
5e-05
5e-05
5e-05
5e-05
5e-05
5e-05
5e-05
5e-05
5e-05
5e-05
5e-05
5e-05
5e-05
5e-05
5e-05
5e-05
5e-05
5e-05
5e-05
5e-05
5e-05
5e-05
5e-05
5e-05
5e-05
5e-05
5e-05
5e-05
5e-05
5e-05
5e-05
5e-05
5e-05
5e-05
5e-05
5e-05
5e-05
5e-05
5e-05
5e-05
5e-05
5e-05
5e-05
5e-05
5e-05
5e-05
5e-05
5e-05
5e-05
5e-05
5e-05
5e-05
5e-05
5e-05
5e-05
5e-05
5e-05
5e-05
5e-05
5e-05
5e-05
5e-05
5e-05
5e-05
5e-05
5e-05
5e-05
5e-05
5e-05
5e-05
5e-05
5e-05
5e-05
5e-05
5e-05
5e-05
5e-05
5e-05
5e-05
5e-05
5e-05
5e-05
5e-05
5e-05
5e-05
5e-05
5e-05
5e-05
5e-05
5e-05
5e-05
5e-05
5e-05
5e-05
5e-05
5e-05
5e-05
5e-05
5e-05
5e-05
5e-05
5e-05
5e-05
5e-05
5e-05
5e-05
5e-05
5e-05
5e-05
5e-05
5e-05
5e-05
5e-05
5e-05
5e-05
5e-05
5e-05
5e-05
5e-05
5e-05
5e-05
5e-05
5e-05
5e-05
5e-05
5e-05
5e-05
5e-05
5e-05
5e-05
5e-05
5e-05
5e-05
5e-05
5e-05
5e-05
5e-05
5e-05
5e-05
5e-05
5e-05
5e-05
5e-05
5e-05
5e-05
5e-05
5e-05
5e-05
5e-05
5e-05
5e-05
5e-05
5e-05
5e-05
5e-05
5e-05
5e-05
5e-05
5e-05
5e-05
5e-05
5e-05
5e-05
5e-05
5e-05
5e-05
5e-05
5e-05
5e-05
5e-05
5e-05
5e-05
5e-05
5e-05
5e-05
5e-05
5e-05
5e-05
5e-05
5e-05
5e-05
5e-05
5e-05
5e-05
5e-05
5e-05
5e-05
5e-05
5e-05
5e-05
5e-05
5e-05
5e-05
5e-05
5e-05
5e-05
5e-05
5e-05
5e-05
5e-05
5e-05
5e-05
5e-05
5e-05
5e-05
5e-05
5e-05
5e-05
5e-05
5e-05
5e-05
5e-05
5e-05
5e-05
5e-05
5e-05
5e-05
5e-05
5e-05
5e-05
5e-05
5e-05
5e-05
5e-05
5e-05
5e-05
5e-05
5e-05
5e-05
5e-05
5e-05
5e-05
5e-05
5e-05
5e-05
5e-05
5e-05
5e-05
5e-05
5e-05
5e-05
5e-05
5e-05
5e-05
5e-05
5e-05
5e-05
5e-05
5e-05
5e-05
5e-05
5e-05
5e-05
5e-05
5e-05
5e-05
5e-05
5e-05
5e-05
5e-05
5e-05
5e-05
5e-05
5e-05
5e-05
5e-05
5e-05
5e-05
5e-05
5e-05
5.00003e-05
5.00012e-05
5.00034e-05
5.00075e-05
5.00139e-05
5.00232e-05
5.0036e-05
5.00528e-05
5.00737e-05
5.00993e-05
5.01297e-05
5.01651e-05
5.02056e-05
5.02512e-05
5.0302e-05
5.03578e-05
5.04187e-05
5.04843e-05
5.05547e-05
5.06295e-05
5.07086e-05
5.07917e-05
5.08785e-05
5.0969e-05
5.10626e-05
5.11593e-05
5.12587e-05
5.13606e-05
5.14647e-05
5.15708e-05
5.16786e-05
5.1788e-05
5.18986e-05
5.20103e-05
5.21228e-05
5.2236e-05
5.23497e-05
5.24638e-05
5.2578e-05
5.26922e-05
5.28063e-05
5.29201e-05
5.30337e-05
5.31467e-05
5.32592e-05
5.33711e-05
5.34822e-05
5.35926e-05
5.37021e-05
5.38107e-05
5.39184e-05
5.40251e-05
5.41308e-05
5.42354e-05
5.4339e-05
5.44416e-05
5.4543e-05
5.46433e-05
5.47426e-05
5.48407e-05
5.49378e-05
5.50338e-05
5.51287e-05
5.52225e-05
5.53153e-05
5.54071e-05
5.54978e-05
5.55876e-05
5.56764e-05
5.57642e-05
5.58511e-05
5.59371e-05
5.60222e-05
5.61065e-05
5.61899e-05
5.62725e-05
5.63544e-05
5.64355e-05
5.65159e-05
5.65956e-05
5.66743e-05
5.67517e-05
5.68272e-05
5.69002e-05
5.69703e-05
5.70367e-05
5.70991e-05
5.71569e-05
5.72098e-05
5.72574e-05
5.72995e-05
5.7336e-05
5.73666e-05
5.73914e-05
5.74104e-05
5.74235e-05
5.7431e-05
5.74329e-05
5.74294e-05
5.74207e-05
5.74071e-05
5.73887e-05
5.73659e-05
5.73389e-05
5.7308e-05
5.72734e-05
5.72355e-05
5.71945e-05
5.71508e-05
5.71045e-05
5.7056e-05
5.70055e-05
5.69532e-05
5.68995e-05
5.68444e-05
5.67884e-05
5.67315e-05
5.66739e-05
5.66159e-05
5.65576e-05
5.64992e-05
5.64408e-05
5.63826e-05
5.63246e-05
5.62671e-05
5.62102e-05
5.61538e-05
5.60982e-05
5.60434e-05
5.59894e-05
5.59364e-05
5.58844e-05
5.58334e-05
5.57835e-05
5.57348e-05
5.56872e-05
5.56408e-05
5.55956e-05
5.55516e-05
5.55089e-05
5.54674e-05
5.54272e-05
5.53882e-05
5.53505e-05
5.5314e-05
5.52787e-05
5.52447e-05
5.52119e-05
5.51803e-05
5.51499e-05
5.51206e-05
5.50925e-05
5.50655e-05
5.50396e-05
5.50149e-05
5.49911e-05
5.49684e-05
5.49468e-05
5.49261e-05
5.49064e-05
5.48876e-05
5.48698e-05
5.48528e-05
5.48368e-05
5.48215e-05
5.48071e-05
5.47935e-05
5.47807e-05
5.47686e-05
5.47573e-05
5.47466e-05
5.47367e-05
5.47273e-05
5.47187e-05
5.47106e-05
5.47032e-05
5.46963e-05
5.469e-05
5.46842e-05
5.46789e-05
5.46742e-05
5.46699e-05
5.46661e-05
5.46627e-05
5.46598e-05
5.46572e-05
5.46551e-05
5.46534e-05
5.4652e-05
5.4651e-05
5.46503e-05
5.465e-05
5.46499e-05
5.46502e-05
5.46508e-05
5.46516e-05
5.46527e-05
5.46541e-05
5.46557e-05
5.46575e-05
5.46596e-05
5.46619e-05
5.46644e-05
5.46671e-05
5.467e-05
5.46731e-05
5.46764e-05
5.46798e-05
5.46834e-05
5.46872e-05
5.46911e-05
5.46951e-05
5.46993e-05
5.47036e-05
5.4708e-05
5.47125e-05
5.47172e-05
5.4722e-05
5.47269e-05
5.47318e-05
5.47369e-05
5.47421e-05
5.47473e-05
5.47526e-05
5.4758e-05
5.47635e-05
5.47691e-05
5.47747e-05
5.47804e-05
5.47861e-05
5.4792e-05
5.47978e-05
5.48037e-05
5.48097e-05
5.48158e-05
5.48218e-05
5.48279e-05
5.48341e-05
5.48403e-05
5.48465e-05
5.48528e-05
5.48591e-05
5.48655e-05
5.48719e-05
5.48783e-05
5.48847e-05
5.48912e-05
5.48977e-05
5.49042e-05
5.49107e-05
5.49173e-05
5.49239e-05
5.49305e-05
5.49371e-05
5.49437e-05
5.49504e-05
5.49571e-05
5.49637e-05
5.49704e-05
5.49772e-05
5.49839e-05
5.49906e-05
5.49974e-05
5.50041e-05
5.50109e-05
5.50177e-05
5.50245e-05
5.50313e-05
5.50381e-05
5.50449e-05
5.50517e-05
5.50586e-05
5.50654e-05
5.50723e-05
5.50791e-05
5.50859e-05
5.50928e-05
5.50997e-05
5.51065e-05
5.51134e-05
5.51203e-05
5.51271e-05
5.5134e-05
5.51409e-05
5.51478e-05
5.51547e-05
5.51616e-05
5.51684e-05
5.51753e-05
5.51822e-05
5.51891e-05
5.5196e-05
5.52029e-05
5.52098e-05
5.52167e-05
5.52236e-05
5.52305e-05
5.52374e-05
5.52442e-05
5.52511e-05
5.5258e-05
5.52649e-05
5.52718e-05
5.52787e-05
5.52856e-05
5.52925e-05
5.52994e-05
5.53062e-05
5.53131e-05
5.532e-05
5.53269e-05
5.53338e-05
5.53406e-05
5.53475e-05
5.53544e-05
5.53613e-05
5.53681e-05
5.5375e-05
5.53819e-05
5.53887e-05
5.53956e-05
5.54025e-05
5.54093e-05
5.54162e-05
5.5423e-05
5.54299e-05
5.54367e-05
5.54436e-05
5.54504e-05
5.54573e-05
5.54641e-05
5.54709e-05
5.54778e-05
5.54846e-05
5.54914e-05
5.54983e-05
5.55051e-05
5.55119e-05
5.55187e-05
5.55255e-05
5.55324e-05
5.55392e-05
5.5546e-05
5.55528e-05
5.55596e-05
5.55664e-05
5.55732e-05
5.558e-05
5.55868e-05
5.55936e-05
5.56004e-05
5.56071e-05
5.56139e-05
5.56207e-05
5.56275e-05
5.56343e-05
5.5641e-05
5.56478e-05
5.56546e-05
5.56613e-05
5.56681e-05
5.56748e-05
5.56816e-05
5.56883e-05
5.56951e-05
5.57018e-05
5.57086e-05
5.57153e-05
5.5722e-05
5.57288e-05
5.57355e-05
5.57422e-05
5.5749e-05
5.57557e-05
5.57624e-05
5.57691e-05
5.57758e-05
5.57825e-05
5.57892e-05
5.57959e-05
5.58026e-05
5.58093e-05
5.5816e-05
5.58227e-05
5.58294e-05
5.58361e-05
5.58428e-05
5.58495e-05
5.58561e-05
5.58628e-05
5.58695e-05
5.58761e-05
5.58828e-05
5.58895e-05
5.58961e-05
5.59028e-05
5.59094e-05
5.59161e-05
5.59227e-05
5.59294e-05
5.5936e-05
5.59426e-05
5.59493e-05
5.59559e-05
5.59625e-05
5.59692e-05
5.59758e-05
5.59824e-05
5.5989e-05
5.59956e-05
5.60022e-05
5.60088e-05
5.60154e-05
5.6022e-05
5.60286e-05
5.60352e-05
5.60418e-05
5.60484e-05
5.6055e-05
5.60616e-05
5.60682e-05
5.60747e-05
5.60813e-05
5.60879e-05
5.60944e-05
5.6101e-05
5.61076e-05
5.61141e-05
5.61207e-05
5.61272e-05
5.61338e-05
5.61403e-05
5.61468e-05
5.61534e-05
5.61599e-05
5.61664e-05
5.6173e-05
5.61795e-05
5.6186e-05
5.61925e-05
5.6199e-05
5.62056e-05
5.62121e-05
5.62186e-05
5.62251e-05
5.62316e-05
5.62381e-05
5.62446e-05
5.62511e-05
5.62575e-05
5.6264e-05
5.62705e-05
5.6277e-05
5.62835e-05
5.62899e-05
5.62964e-05
5.63029e-05
5.63093e-05
5.63158e-05
5.63222e-05
5.63287e-05
5.63351e-05
5.63416e-05
5.6348e-05
5.63545e-05
5.63609e-05
5.63673e-05
5.63738e-05
5.63802e-05
5.63866e-05
5.6393e-05
5.63995e-05
5.64059e-05
5.64123e-05
5.64187e-05
5.64251e-05
5.64315e-05
5.64379e-05
5.64443e-05
5.64507e-05
5.64571e-05
5.64635e-05
5.64698e-05
5.64762e-05
5.64826e-05
5.6489e-05
5.64953e-05
5.65017e-05
5.65081e-05
5.65144e-05
5.65208e-05
5.65271e-05
5.65335e-05
5.65398e-05
5.65462e-05
5.65525e-05
5.65588e-05
5.65652e-05
5.65715e-05
5.65778e-05
5.65842e-05
5.65905e-05
5.65968e-05
5.66031e-05
5.66094e-05
5.66157e-05
5.6622e-05
5.66283e-05
5.66346e-05
5.66409e-05
5.66472e-05
5.66535e-05
5.66598e-05
5.66661e-05
5.66724e-05
5.66786e-05
5.66849e-05
5.66912e-05
5.66974e-05
5.67037e-05
5.671e-05
5.67162e-05
5.67225e-05
5.67287e-05
5.6735e-05
5.67412e-05
5.67475e-05
5.67537e-05
5.67599e-05
5.67662e-05
5.67724e-05
5.67786e-05
5.67848e-05
5.67911e-05
5.67973e-05
5.68035e-05
5.68097e-05
5.68159e-05
5.68221e-05
5.68283e-05
5.68345e-05
5.68407e-05
5.68469e-05
5.68531e-05
5.68592e-05
5.68654e-05
5.68716e-05
5.68778e-05
5.68839e-05
5.68901e-05
5.68963e-05
5.69024e-05
5.69086e-05
5.69147e-05
5.69209e-05
5.6927e-05
5.69332e-05
5.69393e-05
5.69454e-05
5.69516e-05
5.69577e-05
5.69638e-05
5.697e-05
5.69761e-05
5.69822e-05
5.69883e-05
5.69944e-05
5.70005e-05
5.70066e-05
5.70127e-05
5.70188e-05
5.70249e-05
5.7031e-05
5.70371e-05
5.70432e-05
5.70493e-05
5.70553e-05
5.70614e-05
5.70675e-05
5.70736e-05
5.70796e-05
5.70857e-05
5.70917e-05
5.70978e-05
5.71038e-05
5.71099e-05
5.71159e-05
5.7122e-05
5.7128e-05
5.71341e-05
5.71401e-05
5.71461e-05
5.71521e-05
5.71582e-05
5.71642e-05
5.71702e-05
5.71762e-05
5.71822e-05
5.71882e-05
5.71942e-05
5.72002e-05
5.72062e-05
5.72122e-05
5.72182e-05
5.72242e-05
5.72302e-05
5.72361e-05
5.72421e-05
5.72481e-05
5.72541e-05
5.726e-05
5.7266e-05
5.72719e-05
5.72779e-05
5.72839e-05
5.72898e-05
5.72958e-05
5.73017e-05
5.73076e-05
5.73136e-05
5.73195e-05
5.73254e-05
5.73314e-05
5.73373e-05
5.73432e-05
5.73491e-05
5.7355e-05
5.73609e-05
5.73668e-05
5.73728e-05
5.73787e-05
5.73845e-05
5.73904e-05
5.73963e-05
5.74022e-05
5.74081e-05
5.7414e-05
5.74199e-05
5.74257e-05
5.74316e-05
5.74375e-05
5.74433e-05
5.74492e-05
5.74551e-05
5.74609e-05
5.74668e-05
5.74726e-05
5.74784e-05
5.74843e-05
5.74901e-05
5.7496e-05
5.75018e-05
5.75076e-05
5.75134e-05
5.75193e-05
5.75251e-05
5.75309e-05
5.75367e-05
5.75425e-05
5.75483e-05
5.75541e-05
5.75599e-05
5.75657e-05
5.75715e-05
5.75773e-05
5.75831e-05
5.75889e-05
5.75946e-05
5.76004e-05
5.76062e-05
5.76119e-05
5.76177e-05
5.76235e-05
5.76292e-05
5.7635e-05
5.76407e-05
5.76465e-05
5.76522e-05
5.7658e-05
5.76637e-05
5.76694e-05
5.76752e-05
5.76809e-05
5.76866e-05
5.76923e-05
5.76981e-05
5.77038e-05
5.77095e-05
5.77152e-05
5.77209e-05
5.77266e-05
5.77323e-05
5.7738e-05
5.77437e-05
5.77494e-05
5.77551e-05
5.77607e-05
5.77664e-05
5.77721e-05
5.77778e-05
5.77834e-05
5.77891e-05
5.77948e-05
5.78004e-05
5.78061e-05
5.78117e-05
5.78174e-05
5.7823e-05
5.78287e-05
5.78343e-05
5.78399e-05
5.78456e-05
5.78512e-05
5.78568e-05
5.78625e-05
5.78681e-05
5.78737e-05
5.78793e-05
5.78849e-05
5.78905e-05
5.78961e-05
5.79017e-05
5.79073e-05
5.79129e-05
5.79185e-05
5.79241e-05
5.79297e-05
5.79352e-05
5.79408e-05
5.79464e-05
5.7952e-05
5.79575e-05
5.79631e-05
5.79687e-05
5.79742e-05
5.79798e-05
5.79853e-05
5.79909e-05
5.79964e-05
5.80019e-05
5.80075e-05
5.8013e-05
5.80185e-05
5.80241e-05
5.80296e-05
5.80351e-05
5.80406e-05
5.80461e-05
5.80516e-05
5.80572e-05
5.80627e-05
5.80682e-05
5.80737e-05
5.80791e-05
5.80846e-05
5.80901e-05
5.80956e-05
5.81011e-05
5.81066e-05
5.8112e-05
5.81175e-05
5.8123e-05
5.81284e-05
5.81339e-05
5.81394e-05
5.81448e-05
5.81503e-05
5.81557e-05
5.81611e-05
5.81666e-05
5.8172e-05
5.81775e-05
5.81829e-05
5.81883e-05
5.81937e-05
5.81992e-05
5.82046e-05
5.821e-05
5.82154e-05
5.82208e-05
5.82262e-05
5.82316e-05
5.8237e-05
5.82424e-05
5.82478e-05
5.82532e-05
5.82586e-05
5.8264e-05
5.82693e-05
5.82747e-05
5.82801e-05
5.82854e-05
5.82908e-05
5.82962e-05
5.83015e-05
5.83069e-05
5.83122e-05
5.83176e-05
5.83229e-05
5.83283e-05
5.83336e-05
5.83389e-05
5.83443e-05
5.83496e-05
5.83549e-05
5.83602e-05
5.83656e-05
5.83709e-05
5.83762e-05
5.83815e-05
5.83868e-05
5.83921e-05
5.83974e-05
5.84027e-05
5.8408e-05
5.84133e-05
5.84186e-05
5.84239e-05
5.84291e-05
5.84344e-05
5.84397e-05
5.84449e-05
5.84502e-05
5.84555e-05
5.84607e-05
5.8466e-05
5.84712e-05
5.84765e-05
5.84817e-05
5.8487e-05
5.84922e-05
5.84975e-05
5.85027e-05
5.85079e-05
5.85131e-05
5.85184e-05
5.85236e-05
5.85288e-05
5.8534e-05
5.85392e-05
5.85444e-05
5.85496e-05
5.85548e-05
5.856e-05
5.85652e-05
5.85704e-05
5.85756e-05
5.85808e-05
5.8586e-05
5.85912e-05
5.85963e-05
5.86015e-05
5.86067e-05
5.86118e-05
5.8617e-05
5.86221e-05
5.86273e-05
5.86325e-05
5.86376e-05
5.86427e-05
5.86479e-05
5.8653e-05
5.86582e-05
5.86633e-05
5.86684e-05
5.86735e-05
5.86787e-05
5.86838e-05
5.86889e-05
5.8694e-05
5.86991e-05
5.87042e-05
5.87093e-05
5.87144e-05
5.87195e-05
5.87246e-05
5.87297e-05
5.87348e-05
5.87399e-05
5.8745e-05
5.875e-05
5.87551e-05
5.87602e-05
5.87652e-05
5.87703e-05
5.87754e-05
5.87804e-05
5.87855e-05
5.87905e-05
5.87956e-05
5.88006e-05
5.88057e-05
5.88107e-05
5.88157e-05
5.88208e-05
5.88258e-05
5.88308e-05
5.88358e-05
5.88409e-05
5.88459e-05
5.88509e-05
5.88559e-05
5.88609e-05
5.88659e-05
5.88709e-05
5.88759e-05
5.88809e-05
5.88859e-05
5.88909e-05
5.88958e-05
5.89008e-05
5.89058e-05
5.89108e-05
5.89157e-05
5.89207e-05
5.89257e-05
5.89306e-05
5.89356e-05
5.89405e-05
5.89455e-05
5.89504e-05
5.89554e-05
5.89603e-05
5.89652e-05
5.89702e-05
5.89751e-05
5.898e-05
5.8985e-05
5.89899e-05
5.89948e-05
5.89997e-05
5.90046e-05
5.90095e-05
5.90144e-05
5.90193e-05
5.90242e-05
5.90291e-05
5.9034e-05
5.90389e-05
5.90438e-05
5.90487e-05
5.90536e-05
5.90584e-05
5.90633e-05
5.90682e-05
5.9073e-05
5.90779e-05
5.90828e-05
5.90876e-05
5.90925e-05
5.90973e-05
5.91022e-05
5.9107e-05
5.91119e-05
5.91167e-05
5.91215e-05
5.91264e-05
5.91312e-05
5.9136e-05
5.91408e-05
5.91457e-05
5.91505e-05
5.91553e-05
5.91601e-05
5.91649e-05
5.91697e-05
5.91745e-05
5.91793e-05
5.91841e-05
5.91889e-05
5.91937e-05
5.91984e-05
5.92032e-05
5.9208e-05
5.92128e-05
5.92175e-05
5.92223e-05
5.92271e-05
5.92318e-05
5.92366e-05
5.92414e-05
5.92461e-05
5.92508e-05
5.92556e-05
5.92603e-05
5.92651e-05
5.92698e-05
5.92745e-05
5.92793e-05
5.9284e-05
5.92887e-05
5.92934e-05
5.92982e-05
5.93029e-05
5.93076e-05
5.93123e-05
5.9317e-05
5.93217e-05
5.93264e-05
5.93311e-05
5.93358e-05
5.93405e-05
5.93451e-05
5.93498e-05
5.93545e-05
5.93592e-05
5.93639e-05
5.93685e-05
5.93732e-05
5.93778e-05
5.93825e-05
5.93872e-05
5.93918e-05
5.93965e-05
5.94011e-05
5.94058e-05
5.94104e-05
5.9415e-05
5.94197e-05
5.94243e-05
5.94289e-05
5.94336e-05
5.94382e-05
5.94428e-05
5.94474e-05
5.9452e-05
5.94566e-05
5.94612e-05
5.94658e-05
5.94704e-05
5.9475e-05
5.94796e-05
5.94842e-05
5.94888e-05
5.94934e-05
5.9498e-05
5.95025e-05
5.95071e-05
5.95117e-05
5.95163e-05
5.95208e-05
5.95254e-05
5.95299e-05
5.95345e-05
5.95391e-05
5.95436e-05
5.95482e-05
5.95527e-05
5.95572e-05
5.95618e-05
5.95663e-05
5.95708e-05
5.95754e-05
5.95799e-05
5.95844e-05
5.95889e-05
5.95934e-05
5.9598e-05
5.96025e-05
5.9607e-05
5.96115e-05
5.9616e-05
5.96205e-05
5.9625e-05
5.96295e-05
5.96339e-05
5.96384e-05
5.96429e-05
5.96474e-05
5.96519e-05
5.96563e-05
5.96608e-05
5.96653e-05
5.96697e-05
5.96742e-05
5.96786e-05
5.96831e-05
5.96875e-05
5.9692e-05
5.96964e-05
5.97009e-05
5.97053e-05
5.97098e-05
5.97142e-05
5.97186e-05
5.9723e-05
5.97275e-05
5.97319e-05
5.97363e-05
5.97407e-05
5.97451e-05
5.97495e-05
5.97539e-05
5.97583e-05
5.97627e-05
5.97671e-05
5.97715e-05
5.97759e-05
5.97803e-05
5.97847e-05
5.97891e-05
5.97934e-05
5.97978e-05
5.98022e-05
5.98065e-05
5.98109e-05
5.98153e-05
5.98196e-05
5.9824e-05
5.98283e-05
5.98327e-05
5.9837e-05
5.98414e-05
5.98457e-05
5.985e-05
5.98544e-05
5.98587e-05
5.9863e-05
5.98674e-05
5.98717e-05
5.9876e-05
5.98803e-05
5.98846e-05
5.98889e-05
5.98932e-05
5.98975e-05
5.99018e-05
5.99061e-05
5.99104e-05
5.99147e-05
5.9919e-05
5.99233e-05
5.99276e-05
5.99319e-05
5.99361e-05
5.99404e-05
5.99447e-05
5.99489e-05
5.99532e-05
5.99575e-05
5.99617e-05
5.9966e-05
5.99702e-05
5.99745e-05
5.99787e-05
5.9983e-05
5.99872e-05
5.99914e-05
5.99957e-05
5.99999e-05
6.00041e-05
6.00084e-05
6.00126e-05
6.00168e-05
6.0021e-05
6.00252e-05
6.00294e-05
6.00336e-05
6.00378e-05
6.0042e-05
6.00462e-05
6.00504e-05
6.00546e-05
6.00588e-05
6.0063e-05
6.00672e-05
6.00714e-05
6.00755e-05
6.00797e-05
6.00839e-05
6.0088e-05
6.00922e-05
6.00964e-05
6.01005e-05
6.01047e-05
6.01088e-05
6.0113e-05
6.01171e-05
6.01213e-05
6.01254e-05
6.01296e-05
6.01337e-05
6.01378e-05
6.0142e-05
6.01461e-05
6.01502e-05
6.01543e-05
6.01584e-05
6.01625e-05
6.01667e-05
6.01708e-05
6.01749e-05
6.0179e-05
6.01831e-05
6.01872e-05
6.01913e-05
6.01954e-05
6.01994e-05
6.02035e-05
6.02076e-05
6.02117e-05
6.02158e-05
6.02198e-05
6.02239e-05
6.0228e-05
6.0232e-05
6.02361e-05
6.02401e-05
6.02442e-05
6.02483e-05
6.02523e-05
6.02563e-05
6.02604e-05
6.02644e-05
6.02685e-05
6.02725e-05
6.02765e-05
6.02806e-05
6.02846e-05
6.02886e-05
6.02926e-05
6.02966e-05
6.03007e-05
6.03047e-05
6.03087e-05
6.03127e-05
6.03167e-05
6.03207e-05
6.03247e-05
6.03287e-05
6.03327e-05
6.03366e-05
6.03406e-05
6.03446e-05
6.03486e-05
6.03526e-05
6.03565e-05
6.03605e-05
6.03645e-05
6.03684e-05
6.03724e-05
6.03764e-05
6.03803e-05
6.03843e-05
6.03882e-05
6.03922e-05
6.03961e-05
6.04e-05
6.0404e-05
6.04079e-05
6.04119e-05
6.04158e-05
6.04197e-05
6.04236e-05
6.04276e-05
6.04315e-05
6.04354e-05
6.04393e-05
6.04432e-05
6.04471e-05
6.0451e-05
6.04549e-05
6.04588e-05
6.04627e-05
6.04666e-05
6.04705e-05
6.04744e-05
6.04783e-05
6.04821e-05
6.0486e-05
6.04899e-05
6.04938e-05
6.04976e-05
6.05015e-05
6.05054e-05
6.05092e-05
6.05131e-05
6.05169e-05
6.05208e-05
6.05246e-05
6.05285e-05
6.05323e-05
6.05362e-05
6.054e-05
6.05438e-05
6.05477e-05
6.05515e-05
6.05553e-05
6.05591e-05
6.0563e-05
6.05668e-05
6.05706e-05
6.05744e-05
6.05782e-05
6.0582e-05
6.05858e-05
6.05896e-05
6.05934e-05
6.05972e-05
6.0601e-05
6.06048e-05
6.06086e-05
6.06124e-05
6.06161e-05
6.06199e-05
6.06237e-05
6.06275e-05
6.06312e-05
6.0635e-05
6.06388e-05
6.06425e-05
6.06463e-05
6.065e-05
6.06538e-05
6.06575e-05
6.06613e-05
6.0665e-05
6.06688e-05
6.06725e-05
6.06762e-05
6.068e-05
6.06837e-05
6.06874e-05
6.06912e-05
6.06949e-05
6.06986e-05
6.07023e-05
6.0706e-05
6.07097e-05
6.07134e-05
6.07171e-05
6.07209e-05
6.07246e-05
6.07282e-05
6.07319e-05
6.07356e-05
6.07393e-05
6.0743e-05
6.07467e-05
6.07504e-05
6.0754e-05
6.07577e-05
6.07614e-05
6.07651e-05
6.07687e-05
6.07724e-05
6.0776e-05
6.07797e-05
6.07834e-05
6.0787e-05
6.07907e-05
6.07943e-05
6.07979e-05
6.08016e-05
6.08052e-05
6.08089e-05
6.08125e-05
6.08161e-05
6.08198e-05
6.08234e-05
6.0827e-05
6.08306e-05
6.08342e-05
6.08378e-05
6.08415e-05
6.08451e-05
6.08487e-05
6.08523e-05
6.08559e-05
6.08595e-05
6.08631e-05
6.08667e-05
6.08702e-05
6.08738e-05
6.08774e-05
6.0881e-05
6.08846e-05
6.08881e-05
6.08917e-05
6.08953e-05
6.08988e-05
6.09024e-05
6.0906e-05
6.09095e-05
6.09131e-05
6.09166e-05
6.09202e-05
6.09237e-05
6.09273e-05
6.09308e-05
6.09344e-05
6.09379e-05
6.09414e-05
6.0945e-05
6.09485e-05
6.0952e-05
6.09555e-05
6.09591e-05
6.09626e-05
6.09661e-05
6.09696e-05
6.09731e-05
6.09766e-05
6.09801e-05
6.09836e-05
6.09871e-05
6.09906e-05
6.09941e-05
6.09976e-05
6.10011e-05
6.10046e-05
6.10081e-05
6.10116e-05
6.1015e-05
6.10185e-05
6.1022e-05
6.10254e-05
6.10289e-05
6.10324e-05
6.10358e-05
6.10393e-05
6.10428e-05
6.10462e-05
6.10497e-05
6.10531e-05
6.10565e-05
6.106e-05
6.10634e-05
6.10669e-05
6.10703e-05
6.10737e-05
6.10772e-05
6.10806e-05
6.1084e-05
6.10874e-05
6.10909e-05
6.10943e-05
6.10977e-05
6.11011e-05
6.11045e-05
6.11079e-05
6.11113e-05
6.11147e-05
6.11181e-05
6.11215e-05
6.11249e-05
6.11283e-05
6.11317e-05
6.11351e-05
6.11384e-05
6.11418e-05
6.11452e-05
6.11486e-05
6.11519e-05
6.11553e-05
6.11587e-05
6.1162e-05
6.11654e-05
6.11688e-05
6.11721e-05
6.11755e-05
6.11788e-05
6.11822e-05
6.11855e-05
6.11889e-05
6.11922e-05
6.11955e-05
6.11989e-05
6.12022e-05
6.12055e-05
6.12089e-05
6.12122e-05
6.12155e-05
6.12188e-05
6.12221e-05
6.12254e-05
6.12288e-05
6.12321e-05
6.12354e-05
6.12387e-05
6.1242e-05
6.12453e-05
6.12486e-05
6.12519e-05
6.12552e-05
6.12584e-05
6.12617e-05
6.1265e-05
6.12683e-05
6.12716e-05
6.12748e-05
6.12781e-05
6.12814e-05
6.12847e-05
6.12879e-05
6.12912e-05
6.12944e-05
6.12977e-05
6.1301e-05
6.13042e-05
6.13075e-05
6.13107e-05
6.13139e-05
6.13172e-05
6.13204e-05
6.13237e-05
6.13269e-05
6.13301e-05
6.13334e-05
6.13366e-05
6.13398e-05
6.1343e-05
6.13462e-05
6.13495e-05
6.13527e-05
6.13559e-05
6.13591e-05
6.13623e-05
6.13655e-05
6.13687e-05
6.13719e-05
6.13751e-05
6.13783e-05
6.13815e-05
6.13847e-05
6.13879e-05
6.1391e-05
6.13942e-05
6.13974e-05
6.14006e-05
6.14037e-05
6.14069e-05
6.14101e-05
6.14132e-05
6.14164e-05
6.14196e-05
6.14227e-05
6.14259e-05
6.1429e-05
6.14322e-05
6.14353e-05
6.14385e-05
6.14416e-05
6.14448e-05
6.14479e-05
6.1451e-05
6.14542e-05
6.14573e-05
6.14604e-05
6.14636e-05
6.14667e-05
6.14698e-05
6.14729e-05
6.1476e-05
6.14791e-05
6.14823e-05
6.14854e-05
6.14885e-05
6.14916e-05
6.14947e-05
6.14978e-05
6.15009e-05
6.1504e-05
6.1507e-05
6.15101e-05
6.15132e-05
6.15163e-05
6.15194e-05
6.15225e-05
6.15255e-05
6.15286e-05
6.15317e-05
6.15348e-05
6.15378e-05
6.15409e-05
6.15439e-05
6.1547e-05
6.15501e-05
6.15531e-05
6.15562e-05
6.15592e-05
6.15623e-05
6.15653e-05
6.15683e-05
6.15714e-05
6.15744e-05
6.15774e-05
6.15805e-05
6.15835e-05
6.15865e-05
6.15896e-05
6.15926e-05
6.15956e-05
6.15986e-05
6.16016e-05
6.16046e-05
6.16077e-05
6.16107e-05
6.16137e-05
6.16167e-05
6.16197e-05
6.16227e-05
6.16257e-05
6.16287e-05
6.16316e-05
6.16346e-05
6.16376e-05
6.16406e-05
6.16436e-05
6.16466e-05
6.16495e-05
6.16525e-05
6.16555e-05
6.16584e-05
6.16614e-05
6.16644e-05
6.16673e-05
6.16703e-05
6.16733e-05
6.16762e-05
6.16792e-05
6.16821e-05
6.16851e-05
6.1688e-05
6.16909e-05
6.16939e-05
6.16968e-05
6.16998e-05
6.17027e-05
6.17056e-05
6.17085e-05
6.17115e-05
6.17144e-05
6.17173e-05
6.17202e-05
6.17231e-05
6.17261e-05
6.1729e-05
6.17319e-05
6.17348e-05
6.17377e-05
6.17406e-05
6.17435e-05
6.17464e-05
6.17493e-05
6.17522e-05
6.17551e-05
6.17579e-05
6.17608e-05
6.17637e-05
6.17666e-05
6.17695e-05
6.17724e-05
6.17752e-05
6.17781e-05
6.1781e-05
6.17838e-05
6.17867e-05
6.17896e-05
6.17924e-05
6.17953e-05
6.17981e-05
6.1801e-05
6.18038e-05
6.18067e-05
6.18095e-05
6.18124e-05
6.18152e-05
6.1818e-05
6.18209e-05
6.18237e-05
6.18265e-05
6.18294e-05
6.18322e-05
6.1835e-05
6.18378e-05
6.18407e-05
6.18435e-05
6.18463e-05
6.18491e-05
6.18519e-05
6.18547e-05
6.18575e-05
6.18603e-05
6.18631e-05
6.18659e-05
6.18687e-05
6.18715e-05
6.18743e-05
6.18771e-05
6.18799e-05
6.18827e-05
6.18855e-05
6.18882e-05
6.1891e-05
6.18938e-05
6.18966e-05
6.18993e-05
6.19021e-05
6.19049e-05
6.19076e-05
6.19104e-05
6.19132e-05
6.19159e-05
6.19187e-05
6.19214e-05
6.19242e-05
6.19269e-05
6.19297e-05
6.19324e-05
6.19352e-05
6.19379e-05
6.19406e-05
6.19434e-05
6.19461e-05
6.19488e-05
6.19516e-05
6.19543e-05
6.1957e-05
6.19597e-05
6.19624e-05
6.19652e-05
6.19679e-05
6.19706e-05
6.19733e-05
6.1976e-05
6.19787e-05
6.19814e-05
6.19841e-05
6.19868e-05
6.19895e-05
6.19922e-05
6.19949e-05
6.19976e-05
6.20003e-05
6.2003e-05
6.20056e-05
6.20083e-05
6.2011e-05
6.20137e-05
6.20163e-05
6.2019e-05
6.20217e-05
6.20244e-05
6.2027e-05
6.20297e-05
6.20323e-05
6.2035e-05
6.20377e-05
6.20403e-05
6.2043e-05
6.20456e-05
6.20483e-05
6.20509e-05
6.20535e-05
6.20562e-05
6.20588e-05
6.20615e-05
6.20641e-05
6.20667e-05
6.20694e-05
6.2072e-05
6.20746e-05
6.20772e-05
6.20799e-05
6.20825e-05
6.20851e-05
6.20877e-05
6.20903e-05
6.20929e-05
6.20955e-05
6.20981e-05
6.21007e-05
6.21033e-05
6.21059e-05
6.21085e-05
6.21111e-05
6.21137e-05
6.21163e-05
6.21189e-05
6.21215e-05
6.21241e-05
6.21267e-05
6.21292e-05
6.21318e-05
6.21344e-05
6.2137e-05
6.21395e-05
6.21421e-05
6.21447e-05
6.21472e-05
6.21498e-05
6.21523e-05
6.21549e-05
6.21575e-05
6.216e-05
6.21626e-05
6.21651e-05
6.21677e-05
6.21702e-05
6.21727e-05
6.21753e-05
6.21778e-05
6.21804e-05
6.21829e-05
6.21854e-05
6.2188e-05
6.21905e-05
6.2193e-05
6.21955e-05
6.2198e-05
6.22006e-05
6.22031e-05
6.22056e-05
6.22081e-05
6.22106e-05
6.22131e-05
6.22156e-05
6.22181e-05
6.22206e-05
6.22231e-05
6.22256e-05
6.22281e-05
6.22306e-05
6.22331e-05
6.22356e-05
6.22381e-05
6.22406e-05
6.22431e-05
6.22455e-05
6.2248e-05
6.22505e-05
6.2253e-05
6.22554e-05
6.22579e-05
6.22604e-05
6.22628e-05
6.22653e-05
6.22678e-05
6.22702e-05
6.22727e-05
6.22751e-05
6.22776e-05
6.228e-05
6.22825e-05
6.22849e-05
6.22874e-05
6.22898e-05
6.22923e-05
6.22947e-05
6.22971e-05
6.22996e-05
6.2302e-05
6.23044e-05
6.23069e-05
6.23093e-05
6.23117e-05
6.23141e-05
6.23166e-05
6.2319e-05
6.23214e-05
6.23238e-05
6.23262e-05
6.23286e-05
6.2331e-05
6.23334e-05
6.23358e-05
6.23383e-05
6.23406e-05
6.2343e-05
6.23454e-05
6.23478e-05
6.23502e-05
6.23526e-05
6.2355e-05
6.23574e-05
6.23598e-05
6.23622e-05
6.23645e-05
6.23669e-05
6.23693e-05
6.23717e-05
6.2374e-05
6.23764e-05
6.23788e-05
6.23811e-05
6.23835e-05
6.23858e-05
6.23882e-05
6.23906e-05
6.23929e-05
6.23953e-05
6.23976e-05
6.24e-05
6.24023e-05
6.24047e-05
6.2407e-05
6.24093e-05
6.24117e-05
6.2414e-05
6.24163e-05
6.24187e-05
6.2421e-05
6.24233e-05
6.24257e-05
6.2428e-05
6.24303e-05
6.24326e-05
6.24349e-05
6.24373e-05
6.24396e-05
6.24419e-05
6.24442e-05
6.24465e-05
6.24488e-05
6.24511e-05
6.24534e-05
6.24557e-05
6.2458e-05
6.24603e-05
6.24626e-05
6.24649e-05
6.24672e-05
6.24695e-05
6.24718e-05
6.2474e-05
6.24763e-05
6.24786e-05
6.24809e-05
6.24832e-05
6.24854e-05
6.24877e-05
6.249e-05
6.24922e-05
6.24945e-05
6.24968e-05
6.2499e-05
6.25013e-05
6.25036e-05
6.25058e-05
6.25081e-05
6.25103e-05
6.25126e-05
6.25148e-05
6.25171e-05
6.25193e-05
6.25215e-05
6.25238e-05
6.2526e-05
6.25283e-05
6.25305e-05
6.25327e-05
6.2535e-05
6.25372e-05
6.25394e-05
6.25416e-05
6.25439e-05
6.25461e-05
6.25483e-05
6.25505e-05
6.25527e-05
6.2555e-05
6.25572e-05
6.25594e-05
6.25616e-05
6.25638e-05
6.2566e-05
6.25682e-05
6.25704e-05
6.25726e-05
6.25748e-05
6.2577e-05
6.25792e-05
6.25814e-05
6.25836e-05
6.25857e-05
6.25879e-05
6.25901e-05
6.25923e-05
6.25945e-05
6.25966e-05
6.25988e-05
6.2601e-05
6.26032e-05
6.26053e-05
6.26075e-05
6.26097e-05
6.26118e-05
6.2614e-05
6.26161e-05
6.26183e-05
6.26205e-05
6.26226e-05
6.26248e-05
6.26269e-05
6.26291e-05
6.26312e-05
6.26334e-05
6.26355e-05
6.26376e-05
6.26398e-05
6.26419e-05
6.26441e-05
6.26462e-05
6.26483e-05
6.26504e-05
6.26526e-05
6.26547e-05
6.26568e-05
6.26589e-05
6.26611e-05
6.26632e-05
6.26653e-05
6.26674e-05
6.26695e-05
6.26716e-05
6.26737e-05
6.26759e-05
6.2678e-05
6.26801e-05
6.26822e-05
6.26843e-05
6.26864e-05
6.26885e-05
6.26905e-05
6.26926e-05
6.26947e-05
6.26968e-05
6.26989e-05
6.2701e-05
6.27031e-05
6.27052e-05
6.27072e-05
6.27093e-05
6.27114e-05
6.27135e-05
6.27155e-05
6.27176e-05
6.27197e-05
6.27217e-05
6.27238e-05
6.27259e-05
6.27279e-05
6.273e-05
6.2732e-05
6.27341e-05
6.27361e-05
6.27382e-05
6.27402e-05
6.27423e-05
6.27443e-05
6.27464e-05
6.27484e-05
6.27505e-05
6.27525e-05
6.27545e-05
6.27566e-05
6.27586e-05
6.27606e-05
6.27627e-05
6.27647e-05
6.27667e-05
6.27688e-05
6.27708e-05
6.27728e-05
6.27748e-05
6.27768e-05
6.27788e-05
6.27809e-05
6.27829e-05
6.27849e-05
6.27869e-05
6.27889e-05
6.27909e-05
6.27929e-05
6.27949e-05
6.27969e-05
6.27989e-05
6.28009e-05
6.28029e-05
6.28049e-05
6.28069e-05
6.28089e-05
6.28108e-05
6.28128e-05
6.28148e-05
6.28168e-05
6.28188e-05
6.28208e-05
6.28227e-05
6.28247e-05
6.28267e-05
6.28286e-05
6.28306e-05
6.28326e-05
6.28345e-05
6.28365e-05
6.28385e-05
6.28404e-05
6.28424e-05
6.28443e-05
6.28463e-05
6.28483e-05
6.28502e-05
6.28522e-05
6.28541e-05
6.2856e-05
6.2858e-05
6.28599e-05
6.28619e-05
6.28638e-05
6.28658e-05
6.28677e-05
6.28696e-05
6.28716e-05
6.28735e-05
6.28754e-05
6.28773e-05
6.28793e-05
6.28812e-05
6.28831e-05
6.2885e-05
6.28869e-05
6.28889e-05
6.28908e-05
6.28927e-05
6.28946e-05
6.28965e-05
6.28984e-05
6.29003e-05
6.29022e-05
6.29041e-05
6.2906e-05
6.29079e-05
6.29098e-05
6.29117e-05
6.29136e-05
6.29155e-05
6.29174e-05
6.29193e-05
6.29212e-05
6.29231e-05
6.29249e-05
6.29268e-05
6.29287e-05
6.29306e-05
6.29325e-05
6.29343e-05
6.29362e-05
6.29381e-05
6.29399e-05
6.29418e-05
6.29437e-05
6.29455e-05
6.29474e-05
6.29493e-05
6.29511e-05
6.2953e-05
6.29548e-05
6.29567e-05
6.29586e-05
6.29604e-05
6.29623e-05
6.29641e-05
6.29659e-05
6.29678e-05
6.29696e-05
6.29715e-05
6.29733e-05
6.29752e-05
6.2977e-05
6.29788e-05
6.29807e-05
6.29825e-05
6.29843e-05
6.29861e-05
6.2988e-05
6.29898e-05
6.29916e-05
6.29934e-05
6.29953e-05
6.29971e-05
6.29989e-05
6.30007e-05
6.30025e-05
6.30043e-05
6.30061e-05
6.30079e-05
6.30098e-05
6.30116e-05
6.30134e-05
6.30152e-05
6.3017e-05
6.30188e-05
6.30206e-05
6.30223e-05
6.30241e-05
6.30259e-05
6.30277e-05
6.30295e-05
6.30313e-05
6.30331e-05
6.30349e-05
6.30366e-05
6.30384e-05
6.30402e-05
6.3042e-05
6.30438e-05
6.30455e-05
6.30473e-05
6.30491e-05
6.30508e-05
6.30526e-05
6.30544e-05
6.30561e-05
6.30579e-05
6.30597e-05
6.30614e-05
6.30632e-05
6.30649e-05
6.30667e-05
6.30684e-05
6.30702e-05
6.30719e-05
6.30737e-05
6.30754e-05
6.30772e-05
6.30789e-05
6.30806e-05
6.30824e-05
6.30841e-05
6.30859e-05
6.30876e-05
6.30893e-05
6.30911e-05
6.30928e-05
6.30945e-05
6.30962e-05
6.3098e-05
6.30997e-05
6.31014e-05
6.31031e-05
6.31049e-05
6.31066e-05
6.31083e-05
6.311e-05
6.31117e-05
6.31134e-05
6.31151e-05
6.31168e-05
6.31185e-05
6.31202e-05
6.31219e-05
6.31236e-05
6.31253e-05
6.3127e-05
6.31287e-05
6.31304e-05
6.31321e-05
6.31338e-05
6.31355e-05
6.31372e-05
6.31389e-05
6.31406e-05
6.31423e-05
6.31439e-05
6.31456e-05
6.31473e-05
6.3149e-05
6.31507e-05
6.31523e-05
6.3154e-05
6.31557e-05
6.31573e-05
6.3159e-05
6.31607e-05
6.31623e-05
6.3164e-05
6.31657e-05
6.31673e-05
6.3169e-05
6.31706e-05
6.31723e-05
6.31739e-05
6.31756e-05
6.31773e-05
6.31789e-05
6.31805e-05
6.31822e-05
6.31838e-05
6.31855e-05
6.31871e-05
6.31888e-05
6.31904e-05
6.3192e-05
6.31937e-05
6.31953e-05
6.31969e-05
6.31986e-05
6.32002e-05
6.32018e-05
6.32035e-05
6.32051e-05
6.32067e-05
6.32083e-05
6.32099e-05
6.32116e-05
6.32132e-05
6.32148e-05
6.32164e-05
6.3218e-05
6.32196e-05
6.32212e-05
6.32229e-05
6.32245e-05
6.32261e-05
6.32277e-05
6.32293e-05
6.32309e-05
6.32325e-05
6.32341e-05
6.32357e-05
6.32373e-05
6.32389e-05
6.32404e-05
6.3242e-05
6.32436e-05
6.32452e-05
6.32468e-05
6.32484e-05
6.325e-05
6.32515e-05
6.32531e-05
6.32547e-05
6.32563e-05
6.32579e-05
6.32594e-05
6.3261e-05
6.32626e-05
6.32641e-05
6.32657e-05
6.32673e-05
6.32688e-05
6.32704e-05
6.3272e-05
6.32735e-05
6.32751e-05
6.32766e-05
6.32782e-05
6.32797e-05
6.32813e-05
6.32829e-05
6.32844e-05
6.3286e-05
6.32875e-05
6.3289e-05
6.32906e-05
6.32921e-05
6.32937e-05
6.32952e-05
6.32968e-05
6.32983e-05
6.32998e-05
6.33014e-05
6.33029e-05
6.33044e-05
6.3306e-05
6.33075e-05
6.3309e-05
6.33105e-05
6.33121e-05
6.33136e-05
6.33151e-05
6.33166e-05
6.33181e-05
6.33197e-05
6.33212e-05
6.33227e-05
6.33242e-05
6.33257e-05
6.33272e-05
6.33287e-05
6.33302e-05
6.33317e-05
6.33332e-05
6.33347e-05
6.33362e-05
6.33377e-05
6.33392e-05
6.33407e-05
6.33422e-05
6.33437e-05
6.33452e-05
6.33467e-05
6.33482e-05
6.33497e-05
6.33512e-05
6.33527e-05
6.33541e-05
6.33556e-05
6.33571e-05
6.33586e-05
6.33601e-05
6.33615e-05
6.3363e-05
6.33645e-05
6.3366e-05
6.33674e-05
6.33689e-05
6.33704e-05
6.33718e-05
6.33733e-05
6.33748e-05
6.33762e-05
6.33777e-05
6.33791e-05
6.33806e-05
6.33821e-05
6.33835e-05
6.3385e-05
6.33864e-05
6.33879e-05
6.33893e-05
6.33908e-05
6.33922e-05
6.33937e-05
6.33951e-05
6.33965e-05
6.3398e-05
6.33994e-05
6.34009e-05
6.34023e-05
6.34037e-05
6.34052e-05
6.34066e-05
6.3408e-05
6.34095e-05
6.34109e-05
6.34123e-05
6.34137e-05
6.34152e-05
6.34166e-05
6.3418e-05
6.34194e-05
6.34209e-05
6.34223e-05
6.34237e-05
6.34251e-05
6.34265e-05
6.34279e-05
6.34293e-05
6.34308e-05
6.34322e-05
6.34336e-05
6.3435e-05
6.34364e-05
6.34378e-05
6.34392e-05
6.34406e-05
6.3442e-05
6.34434e-05
6.34448e-05
6.34462e-05
6.34476e-05
6.3449e-05
6.34504e-05
6.34517e-05
6.34531e-05
6.34545e-05
6.34559e-05
6.34573e-05
6.34587e-05
6.346e-05
6.34614e-05
6.34628e-05
6.34642e-05
6.34656e-05
6.34669e-05
6.34683e-05
6.34697e-05
6.3471e-05
6.34724e-05
6.34738e-05
6.34752e-05
6.34765e-05
6.34779e-05
6.34792e-05
6.34806e-05
6.3482e-05
6.34833e-05
6.34847e-05
6.3486e-05
6.34874e-05
6.34887e-05
6.34901e-05
6.34914e-05
6.34928e-05
6.34941e-05
6.34955e-05
6.34968e-05
6.34982e-05
6.34995e-05
6.35009e-05
6.35022e-05
6.35035e-05
6.35049e-05
6.35062e-05
6.35076e-05
6.35089e-05
6.35102e-05
6.35116e-05
6.35129e-05
6.35142e-05
6.35155e-05
6.35169e-05
6.35182e-05
6.35195e-05
6.35208e-05
6.35222e-05
6.35235e-05
6.35248e-05
6.35261e-05
6.35274e-05
6.35287e-05
6.353e-05
6.35314e-05
6.35327e-05
6.3534e-05
6.35353e-05
6.35366e-05
6.35379e-05
6.35392e-05
6.35405e-05
6.35418e-05
6.35431e-05
6.35444e-05
6.35457e-05
6.3547e-05
6.35483e-05
6.35496e-05
6.35509e-05
6.35522e-05
6.35535e-05
6.35547e-05
6.3556e-05
6.35573e-05
6.35586e-05
6.35599e-05
6.35612e-05
6.35625e-05
6.35637e-05
6.3565e-05
6.35663e-05
6.35676e-05
6.35688e-05
6.35701e-05
6.35714e-05
6.35727e-05
6.35739e-05
6.35752e-05
6.35765e-05
6.35777e-05
6.3579e-05
6.35803e-05
6.35815e-05
6.35828e-05
6.3584e-05
6.35853e-05
6.35866e-05
6.35878e-05
6.35891e-05
6.35903e-05
6.35916e-05
6.35928e-05
6.35941e-05
6.35953e-05
6.35966e-05
6.35978e-05
6.35991e-05
6.36003e-05
6.36015e-05
6.36028e-05
6.3604e-05
6.36053e-05
6.36065e-05
6.36077e-05
6.3609e-05
6.36102e-05
6.36114e-05
6.36127e-05
6.36139e-05
6.36151e-05
6.36163e-05
6.36176e-05
6.36188e-05
6.362e-05
6.36212e-05
6.36225e-05
6.36237e-05
6.36249e-05
6.36261e-05
6.36273e-05
6.36286e-05
6.36298e-05
6.3631e-05
6.36322e-05
6.36334e-05
6.36346e-05
6.36358e-05
6.3637e-05
6.36382e-05
6.36394e-05
6.36406e-05
6.36418e-05
6.3643e-05
6.36442e-05
6.36454e-05
6.36466e-05
6.36478e-05
6.3649e-05
6.36502e-05
6.36514e-05
6.36526e-05
6.36538e-05
6.3655e-05
6.36562e-05
6.36574e-05
6.36585e-05
6.36597e-05
6.36609e-05
6.36621e-05
6.36633e-05
6.36644e-05
6.36656e-05
6.36668e-05
6.3668e-05
6.36691e-05
6.36703e-05
6.36715e-05
6.36727e-05
6.36738e-05
6.3675e-05
6.36762e-05
6.36773e-05
6.36785e-05
6.36797e-05
6.36808e-05
6.3682e-05
6.36831e-05
6.36843e-05
6.36855e-05
6.36866e-05
6.36878e-05
6.36889e-05
6.36901e-05
6.36912e-05
6.36924e-05
6.36935e-05
6.36947e-05
6.36958e-05
6.3697e-05
6.36981e-05
6.36993e-05
6.37004e-05
6.37016e-05
6.37027e-05
6.37038e-05
6.3705e-05
6.37061e-05
6.37072e-05
6.37084e-05
6.37095e-05
6.37106e-05
6.37118e-05
6.37129e-05
6.3714e-05
6.37152e-05
6.37163e-05
6.37174e-05
6.37185e-05
6.37197e-05
6.37208e-05
6.37219e-05
6.3723e-05
6.37241e-05
6.37253e-05
6.37264e-05
6.37275e-05
6.37286e-05
6.37297e-05
6.37308e-05
6.37319e-05
6.3733e-05
6.37342e-05
6.37353e-05
6.37364e-05
6.37375e-05
6.37386e-05
6.37397e-05
6.37408e-05
6.37419e-05
6.3743e-05
6.37441e-05
6.37452e-05
6.37463e-05
6.37474e-05
6.37485e-05
6.37496e-05
6.37506e-05
6.37517e-05
6.37528e-05
6.37539e-05
6.3755e-05
6.37561e-05
6.37572e-05
6.37583e-05
6.37593e-05
6.37604e-05
6.37615e-05
6.37626e-05
6.37637e-05
6.37647e-05
6.37658e-05
6.37669e-05
6.3768e-05
6.3769e-05
6.37701e-05
6.37712e-05
6.37722e-05
6.37733e-05
6.37744e-05
6.37754e-05
6.37765e-05
6.37776e-05
6.37786e-05
6.37797e-05
6.37807e-05
6.37818e-05
6.37829e-05
6.37839e-05
6.3785e-05
6.3786e-05
6.37871e-05
6.37881e-05
6.37892e-05
6.37902e-05
6.37913e-05
6.37923e-05
6.37934e-05
6.37944e-05
6.37955e-05
6.37965e-05
6.37976e-05
6.37986e-05
6.37997e-05
6.38007e-05
6.38017e-05
6.38028e-05
6.38038e-05
6.38048e-05
6.38059e-05
6.38069e-05
6.38079e-05
6.3809e-05
6.381e-05
6.3811e-05
6.38121e-05
6.38131e-05
6.38141e-05
6.38151e-05
6.38162e-05
6.38172e-05
6.38182e-05
6.38192e-05
6.38202e-05
6.38213e-05
6.38223e-05
6.38233e-05
6.38243e-05
6.38253e-05
6.38263e-05
6.38273e-05
6.38284e-05
6.38294e-05
6.38304e-05
6.38314e-05
6.38324e-05
6.38334e-05
6.38344e-05
6.38354e-05
6.38364e-05
6.38374e-05
6.38384e-05
6.38394e-05
6.38404e-05
6.38414e-05
6.38424e-05
6.38434e-05
6.38444e-05
6.38454e-05
6.38464e-05
6.38474e-05
6.38484e-05
6.38493e-05
6.38503e-05
6.38513e-05
6.38523e-05
6.38533e-05
6.38543e-05
6.38553e-05
6.38562e-05
6.38572e-05
6.38582e-05
6.38592e-05
6.38602e-05
6.38611e-05
6.38621e-05
6.38631e-05
6.38641e-05
6.3865e-05
6.3866e-05
6.3867e-05
6.38679e-05
6.38689e-05
6.38699e-05
6.38708e-05
6.38718e-05
6.38728e-05
6.38737e-05
6.38747e-05
6.38757e-05
6.38766e-05
6.38776e-05
6.38785e-05
6.38795e-05
6.38804e-05
6.38814e-05
6.38824e-05
6.38833e-05
6.38843e-05
6.38852e-05
6.38862e-05
6.38871e-05
6.38881e-05
6.3889e-05
6.389e-05
6.38909e-05
6.38918e-05
6.38928e-05
6.38937e-05
6.38947e-05
6.38956e-05
6.38965e-05
6.38975e-05
6.38984e-05
6.38994e-05
6.39003e-05
6.39012e-05
6.39022e-05
6.39031e-05
6.3904e-05
6.3905e-05
6.39059e-05
6.39068e-05
6.39077e-05
6.39087e-05
6.39096e-05
6.39105e-05
6.39114e-05
6.39124e-05
6.39133e-05
6.39142e-05
6.39151e-05
6.3916e-05
6.3917e-05
6.39179e-05
6.39188e-05
6.39197e-05
6.39206e-05
6.39215e-05
6.39224e-05
6.39233e-05
6.39243e-05
6.39252e-05
6.39261e-05
6.3927e-05
6.39279e-05
6.39288e-05
6.39297e-05
6.39306e-05
6.39315e-05
6.39324e-05
6.39333e-05
6.39342e-05
6.39351e-05
6.3936e-05
6.39369e-05
6.39378e-05
6.39387e-05
6.39396e-05
6.39405e-05
6.39414e-05
6.39422e-05
6.39431e-05
6.3944e-05
6.39449e-05
6.39458e-05
6.39467e-05
6.39476e-05
6.39484e-05
6.39493e-05
6.39502e-05
6.39511e-05
6.3952e-05
6.39529e-05
6.39537e-05
6.39546e-05
6.39555e-05
6.39564e-05
6.39572e-05
6.39581e-05
6.3959e-05
6.39598e-05
6.39607e-05
6.39616e-05
6.39625e-05
6.39633e-05
6.39642e-05
6.39651e-05
6.39659e-05
6.39668e-05
6.39676e-05
6.39685e-05
6.39694e-05
6.39702e-05
6.39711e-05
6.39719e-05
6.39728e-05
6.39737e-05
6.39745e-05
6.39754e-05
6.39762e-05
6.39771e-05
6.39779e-05
6.39788e-05
6.39796e-05
6.39805e-05
6.39813e-05
6.39822e-05
6.3983e-05
6.39839e-05
6.39847e-05
6.39855e-05
6.39864e-05
6.39872e-05
6.39881e-05
6.39889e-05
6.39897e-05
6.39906e-05
6.39914e-05
6.39923e-05
6.39931e-05
6.39939e-05
6.39948e-05
6.39956e-05
6.39964e-05
6.39973e-05
6.39981e-05
6.39989e-05
6.39997e-05
6.40006e-05
6.40014e-05
6.40022e-05
6.4003e-05
6.40039e-05
6.40047e-05
6.40055e-05
6.40063e-05
6.40071e-05
6.4008e-05
6.40088e-05
6.40096e-05
6.40104e-05
6.40112e-05
6.4012e-05
6.40129e-05
6.40137e-05
6.40145e-05
6.40153e-05
6.40161e-05
6.40169e-05
6.40177e-05
6.40185e-05
6.40193e-05
6.40201e-05
6.40209e-05
6.40217e-05
6.40225e-05
6.40233e-05
6.40241e-05
6.40249e-05
6.40257e-05
6.40265e-05
6.40273e-05
6.40281e-05
6.40289e-05
6.40297e-05
6.40305e-05
6.40313e-05
6.40321e-05
6.40329e-05
6.40337e-05
6.40345e-05
6.40353e-05
6.4036e-05
6.40368e-05
6.40376e-05
6.40384e-05
6.40392e-05
6.404e-05
6.40408e-05
6.40415e-05
6.40423e-05
6.40431e-05
6.40439e-05
6.40447e-05
6.40454e-05
6.40462e-05
6.4047e-05
6.40478e-05
6.40485e-05
6.40493e-05
6.40501e-05
6.40508e-05
6.40516e-05
6.40524e-05
6.40532e-05
6.40539e-05
6.40547e-05
6.40555e-05
6.40562e-05
6.4057e-05
6.40577e-05
6.40585e-05
6.40593e-05
6.406e-05
6.40608e-05
6.40615e-05
6.40623e-05
6.40631e-05
6.40638e-05
6.40646e-05
6.40653e-05
6.40661e-05
6.40668e-05
6.40676e-05
6.40683e-05
6.40691e-05
6.40698e-05
6.40706e-05
6.40713e-05
6.40721e-05
6.40728e-05
6.40736e-05
6.40743e-05
6.40751e-05
6.40758e-05
6.40765e-05
6.40773e-05
6.4078e-05
6.40788e-05
6.40795e-05
6.40802e-05
6.4081e-05
6.40817e-05
6.40825e-05
6.40832e-05
6.40839e-05
6.40847e-05
6.40854e-05
6.40861e-05
6.40868e-05
6.40876e-05
6.40883e-05
6.4089e-05
6.40898e-05
6.40905e-05
6.40912e-05
6.40919e-05
6.40927e-05
6.40934e-05
6.40941e-05
6.40948e-05
6.40955e-05
6.40963e-05
6.4097e-05
6.40977e-05
6.40984e-05
6.40991e-05
6.40999e-05
6.41006e-05
6.41013e-05
6.4102e-05
6.41027e-05
6.41034e-05
6.41041e-05
6.41048e-05
6.41055e-05
6.41063e-05
6.4107e-05
6.41077e-05
6.41084e-05
6.41091e-05
6.41098e-05
6.41105e-05
6.41112e-05
6.41119e-05
6.41126e-05
6.41133e-05
6.4114e-05
6.41147e-05
6.41154e-05
6.41161e-05
6.41168e-05
6.41175e-05
6.41182e-05
6.41189e-05
6.41196e-05
6.41202e-05
6.41209e-05
6.41216e-05
6.41223e-05
6.4123e-05
6.41237e-05
6.41244e-05
6.41251e-05
6.41258e-05
6.41264e-05
6.41271e-05
6.41278e-05
6.41285e-05
6.41292e-05
6.41299e-05
6.41305e-05
6.41312e-05
6.41319e-05
6.41326e-05
6.41332e-05
6.41339e-05
6.41346e-05
6.41353e-05
6.41359e-05
6.41366e-05
6.41373e-05
6.4138e-05
6.41386e-05
6.41393e-05
6.414e-05
6.41406e-05
6.41413e-05
6.4142e-05
6.41426e-05
6.41433e-05
6.4144e-05
6.41446e-05
6.41453e-05
6.4146e-05
6.41466e-05
6.41473e-05
6.41479e-05
6.41486e-05
6.41493e-05
6.41499e-05
6.41506e-05
6.41512e-05
6.41519e-05
6.41525e-05
6.41532e-05
6.41539e-05
6.41545e-05
6.41552e-05
6.41558e-05
6.41565e-05
6.41571e-05
6.41578e-05
6.41584e-05
6.4159e-05
6.41597e-05
6.41603e-05
6.4161e-05
6.41616e-05
6.41623e-05
6.41629e-05
6.41636e-05
6.41642e-05
6.41648e-05
6.41655e-05
6.41661e-05
6.41668e-05
6.41674e-05
6.4168e-05
6.41687e-05
6.41693e-05
6.41699e-05
6.41706e-05
6.41712e-05
6.41718e-05
6.41725e-05
6.41731e-05
6.41737e-05
6.41743e-05
6.4175e-05
6.41756e-05
6.41762e-05
6.41769e-05
6.41775e-05
6.41781e-05
6.41787e-05
6.41794e-05
6.418e-05
6.41806e-05
6.41812e-05
6.41818e-05
6.41825e-05
6.41831e-05
6.41837e-05
6.41843e-05
6.41849e-05
6.41855e-05
6.41862e-05
6.41868e-05
6.41874e-05
6.4188e-05
6.41886e-05
6.41892e-05
6.41898e-05
6.41904e-05
6.4191e-05
6.41917e-05
6.41923e-05
6.41929e-05
6.41935e-05
6.41941e-05
6.41947e-05
6.41953e-05
6.41959e-05
6.41965e-05
6.41971e-05
6.41977e-05
6.41983e-05
6.41989e-05
6.41995e-05
6.42001e-05
6.42007e-05
6.42013e-05
6.42019e-05
6.42025e-05
6.42031e-05
6.42037e-05
6.42043e-05
6.42049e-05
6.42054e-05
6.4206e-05
6.42066e-05
6.42072e-05
6.42078e-05
6.42084e-05
6.4209e-05
6.42096e-05
6.42102e-05
6.42107e-05
6.42113e-05
6.42119e-05
6.42125e-05
6.42131e-05
6.42137e-05
6.42142e-05
6.42148e-05
6.42154e-05
6.4216e-05
6.42166e-05
6.42171e-05
6.42177e-05
6.42183e-05
6.42189e-05
6.42194e-05
6.422e-05
6.42206e-05
6.42212e-05
6.42217e-05
6.42223e-05
6.42229e-05
6.42234e-05
6.4224e-05
6.42246e-05
6.42251e-05
6.42257e-05
6.42263e-05
6.42268e-05
6.42274e-05
6.4228e-05
6.42285e-05
6.42291e-05
6.42297e-05
6.42302e-05
6.42308e-05
6.42313e-05
6.42319e-05
6.42325e-05
6.4233e-05
6.42336e-05
6.42341e-05
6.42347e-05
6.42352e-05
6.42358e-05
6.42364e-05
6.42369e-05
6.42375e-05
6.4238e-05
6.42386e-05
6.42391e-05
6.42397e-05
6.42402e-05
6.42408e-05
6.42413e-05
6.42419e-05
6.42424e-05
6.42429e-05
6.42435e-05
6.4244e-05
6.42446e-05
6.42451e-05
6.42457e-05
6.42462e-05
6.42467e-05
6.42473e-05
6.42478e-05
6.42484e-05
6.42489e-05
6.42494e-05
6.425e-05
6.42505e-05
6.42511e-05
6.42516e-05
6.42521e-05
6.42527e-05
6.42532e-05
6.42537e-05
6.42543e-05
6.42548e-05
6.42553e-05
6.42558e-05
6.42564e-05
6.42569e-05
6.42574e-05
6.4258e-05
6.42585e-05
6.4259e-05
6.42595e-05
6.42601e-05
6.42606e-05
6.42611e-05
6.42616e-05
6.42622e-05
6.42627e-05
6.42632e-05
6.42637e-05
6.42642e-05
6.42648e-05
6.42653e-05
6.42658e-05
6.42663e-05
6.42668e-05
6.42673e-05
6.42678e-05
6.42684e-05
6.42689e-05
6.42694e-05
6.42699e-05
6.42704e-05
6.42709e-05
6.42714e-05
6.42719e-05
6.42725e-05
6.4273e-05
6.42735e-05
6.4274e-05
6.42745e-05
6.4275e-05
6.42755e-05
6.4276e-05
6.42765e-05
6.4277e-05
6.42775e-05
6.4278e-05
6.42785e-05
6.4279e-05
6.42795e-05
6.428e-05
6.42805e-05
6.4281e-05
6.42815e-05
6.4282e-05
6.42825e-05
6.4283e-05
6.42835e-05
6.4284e-05
6.42845e-05
6.4285e-05
6.42855e-05
6.42859e-05
6.42864e-05
6.42869e-05
6.42874e-05
6.42879e-05
6.42884e-05
6.42889e-05
6.42894e-05
6.42899e-05
6.42903e-05
6.42908e-05
6.42913e-05
6.42918e-05
6.42923e-05
6.42928e-05
6.42932e-05
6.42937e-05
6.42942e-05
6.42947e-05
6.42952e-05
6.42956e-05
6.42961e-05
6.42966e-05
6.42971e-05
6.42976e-05
6.4298e-05
6.42985e-05
6.4299e-05
6.42995e-05
6.42999e-05
6.43004e-05
6.43009e-05
6.43014e-05
6.43018e-05
6.43023e-05
6.43028e-05
6.43032e-05
6.43037e-05
6.43042e-05
6.43046e-05
6.43051e-05
6.43056e-05
6.4306e-05
6.43065e-05
6.4307e-05
6.43074e-05
6.43079e-05
6.43084e-05
6.43088e-05
6.43093e-05
6.43097e-05
6.43102e-05
6.43107e-05
6.43111e-05
6.43116e-05
6.4312e-05
6.43125e-05
6.43129e-05
6.43134e-05
6.43139e-05
6.43143e-05
6.43148e-05
6.43152e-05
6.43157e-05
6.43161e-05
6.43166e-05
6.4317e-05
6.43175e-05
6.43179e-05
6.43184e-05
6.43188e-05
6.43193e-05
6.43197e-05
6.43202e-05
6.43206e-05
6.43211e-05
6.43215e-05
6.4322e-05
6.43224e-05
6.43228e-05
6.43233e-05
6.43237e-05
6.43242e-05
6.43246e-05
6.4325e-05
6.43255e-05
6.43259e-05
6.43264e-05
6.43268e-05
6.43272e-05
6.43277e-05
6.43281e-05
6.43285e-05
6.4329e-05
6.43294e-05
6.43299e-05
6.43303e-05
6.43307e-05
6.43312e-05
6.43316e-05
6.4332e-05
6.43324e-05
6.43329e-05
6.43333e-05
6.43337e-05
6.43342e-05
6.43346e-05
6.4335e-05
6.43354e-05
6.43359e-05
6.43363e-05
6.43367e-05
6.43371e-05
6.43376e-05
6.4338e-05
6.43384e-05
6.43388e-05
6.43393e-05
6.43397e-05
6.43401e-05
6.43405e-05
6.43409e-05
6.43414e-05
6.43418e-05
6.43422e-05
6.43426e-05
6.4343e-05
6.43434e-05
6.43439e-05
6.43443e-05
6.43447e-05
6.43451e-05
6.43455e-05
6.43459e-05
6.43463e-05
6.43467e-05
6.43472e-05
6.43476e-05
6.4348e-05
6.43484e-05
6.43488e-05
6.43492e-05
6.43496e-05
6.435e-05
6.43504e-05
6.43508e-05
6.43512e-05
6.43516e-05
6.4352e-05
6.43524e-05
6.43528e-05
6.43532e-05
6.43537e-05
6.43541e-05
6.43545e-05
6.43549e-05
6.43553e-05
6.43557e-05
6.43561e-05
6.43564e-05
6.43568e-05
6.43572e-05
6.43576e-05
6.4358e-05
6.43584e-05
6.43588e-05
6.43592e-05
6.43596e-05
6.436e-05
6.43604e-05
6.43608e-05
6.43612e-05
6.43616e-05
6.4362e-05
6.43624e-05
6.43627e-05
6.43631e-05
6.43635e-05
6.43639e-05
6.43643e-05
6.43647e-05
6.43651e-05
6.43654e-05
6.43658e-05
6.43662e-05
6.43666e-05
6.4367e-05
6.43674e-05
6.43677e-05
6.43681e-05
6.43685e-05
6.43689e-05
6.43693e-05
6.43697e-05
6.437e-05
6.43704e-05
6.43708e-05
6.43712e-05
6.43715e-05
6.43719e-05
6.43723e-05
6.43727e-05
6.4373e-05
6.43734e-05
6.43738e-05
6.43742e-05
6.43745e-05
6.43749e-05
6.43753e-05
6.43756e-05
6.4376e-05
6.43764e-05
6.43768e-05
6.43771e-05
6.43775e-05
6.43779e-05
6.43782e-05
6.43786e-05
6.4379e-05
6.43793e-05
6.43797e-05
6.43801e-05
6.43804e-05
6.43808e-05
6.43811e-05
6.43815e-05
6.43819e-05
6.43822e-05
6.43826e-05
6.4383e-05
6.43833e-05
6.43837e-05
6.4384e-05
6.43844e-05
6.43848e-05
6.43851e-05
6.43855e-05
6.43858e-05
6.43862e-05
6.43865e-05
6.43869e-05
6.43872e-05
6.43876e-05
6.43879e-05
6.43883e-05
6.43887e-05
6.4389e-05
6.43894e-05
6.43897e-05
6.43901e-05
6.43904e-05
6.43908e-05
6.43911e-05
6.43915e-05
6.43918e-05
6.43921e-05
6.43925e-05
6.43928e-05
6.43932e-05
6.43935e-05
6.43939e-05
6.43942e-05
6.43946e-05
6.43949e-05
6.43952e-05
6.43956e-05
6.43959e-05
6.43963e-05
6.43966e-05
6.4397e-05
6.43973e-05
6.43976e-05
6.4398e-05
6.43983e-05
6.43986e-05
6.4399e-05
6.43993e-05
6.43997e-05
6.44e-05
6.44003e-05
6.44007e-05
6.4401e-05
6.44013e-05
6.44017e-05
6.4402e-05
6.44023e-05
6.44027e-05
6.4403e-05
6.44033e-05
6.44037e-05
6.4404e-05
6.44043e-05
6.44046e-05
6.4405e-05
6.44053e-05
6.44056e-05
6.44059e-05
6.44063e-05
6.44066e-05
6.44069e-05
6.44072e-05
6.44076e-05
6.44079e-05
6.44082e-05
6.44085e-05
6.44089e-05
6.44092e-05
6.44095e-05
6.44098e-05
6.44102e-05
6.44105e-05
6.44108e-05
6.44111e-05
6.44114e-05
6.44117e-05
6.44121e-05
6.44124e-05
6.44127e-05
6.4413e-05
6.44133e-05
6.44136e-05
6.4414e-05
6.44143e-05
6.44146e-05
6.44149e-05
6.44152e-05
6.44155e-05
6.44158e-05
6.44161e-05
6.44165e-05
6.44168e-05
6.44171e-05
6.44174e-05
6.44177e-05
6.4418e-05
6.44183e-05
6.44186e-05
6.44189e-05
6.44192e-05
6.44195e-05
6.44198e-05
6.44201e-05
6.44205e-05
6.44208e-05
6.44211e-05
6.44214e-05
6.44217e-05
6.4422e-05
6.44223e-05
6.44226e-05
6.44229e-05
6.44232e-05
6.44235e-05
6.44238e-05
6.44241e-05
6.44244e-05
6.44247e-05
6.4425e-05
6.44253e-05
6.44256e-05
6.44259e-05
6.44262e-05
6.44264e-05
6.44267e-05
6.4427e-05
6.44273e-05
6.44276e-05
6.44279e-05
6.44282e-05
6.44285e-05
6.44288e-05
6.44291e-05
6.44294e-05
6.44297e-05
6.443e-05
6.44302e-05
6.44305e-05
6.44308e-05
6.44311e-05
6.44314e-05
6.44317e-05
6.4432e-05
6.44323e-05
6.44325e-05
6.44328e-05
6.44331e-05
6.44334e-05
6.44337e-05
6.4434e-05
6.44342e-05
6.44345e-05
6.44348e-05
6.44351e-05
6.44354e-05
6.44357e-05
6.44359e-05
6.44362e-05
6.44365e-05
6.44368e-05
6.4437e-05
6.44373e-05
6.44376e-05
6.44379e-05
6.44382e-05
6.44384e-05
6.44387e-05
6.4439e-05
6.44393e-05
6.44395e-05
6.44398e-05
6.44401e-05
6.44404e-05
6.44406e-05
6.44409e-05
6.44412e-05
6.44414e-05
6.44417e-05
6.4442e-05
6.44423e-05
6.44425e-05
6.44428e-05
6.44431e-05
6.44433e-05
6.44436e-05
6.44439e-05
6.44441e-05
6.44444e-05
6.44447e-05
6.44449e-05
6.44452e-05
6.44455e-05
6.44457e-05
6.4446e-05
6.44463e-05
6.44465e-05
6.44468e-05
6.4447e-05
6.44473e-05
6.44476e-05
6.44478e-05
6.44481e-05
6.44483e-05
6.44486e-05
6.44489e-05
6.44491e-05
6.44494e-05
6.44496e-05
6.44499e-05
6.44501e-05
6.44504e-05
6.44507e-05
6.44509e-05
6.44512e-05
6.44514e-05
6.44517e-05
6.44519e-05
6.44522e-05
6.44524e-05
6.44527e-05
6.44529e-05
6.44532e-05
6.44535e-05
6.44537e-05
6.4454e-05
6.44542e-05
6.44545e-05
6.44547e-05
6.44549e-05
6.44552e-05
6.44554e-05
6.44557e-05
6.44559e-05
6.44562e-05
6.44564e-05
6.44567e-05
6.44569e-05
6.44572e-05
6.44574e-05
6.44577e-05
6.44579e-05
6.44581e-05
6.44584e-05
6.44586e-05
6.44589e-05
6.44591e-05
6.44594e-05
6.44596e-05
6.44598e-05
6.44601e-05
6.44603e-05
6.44606e-05
6.44608e-05
6.4461e-05
6.44613e-05
6.44615e-05
6.44617e-05
6.4462e-05
6.44622e-05
6.44625e-05
6.44627e-05
6.44629e-05
6.44632e-05
6.44634e-05
6.44636e-05
6.44639e-05
6.44641e-05
6.44643e-05
6.44646e-05
6.44648e-05
6.4465e-05
6.44653e-05
6.44655e-05
6.44657e-05
6.44659e-05
6.44662e-05
6.44664e-05
6.44666e-05
6.44669e-05
6.44671e-05
6.44673e-05
6.44675e-05
6.44678e-05
6.4468e-05
6.44682e-05
6.44684e-05
6.44687e-05
6.44689e-05
6.44691e-05
6.44693e-05
6.44696e-05
6.44698e-05
6.447e-05
6.44702e-05
6.44705e-05
6.44707e-05
6.44709e-05
6.44711e-05
6.44713e-05
6.44716e-05
6.44718e-05
6.4472e-05
6.44722e-05
6.44724e-05
6.44727e-05
6.44729e-05
6.44731e-05
6.44733e-05
6.44735e-05
6.44737e-05
6.44739e-05
6.44742e-05
6.44744e-05
6.44746e-05
6.44748e-05
6.4475e-05
6.44752e-05
6.44754e-05
6.44757e-05
6.44759e-05
6.44761e-05
6.44763e-05
6.44765e-05
6.44767e-05
6.44769e-05
6.44771e-05
6.44773e-05
6.44776e-05
6.44778e-05
6.4478e-05
6.44782e-05
6.44784e-05
6.44786e-05
6.44788e-05
6.4479e-05
6.44792e-05
6.44794e-05
6.44796e-05
6.44798e-05
6.448e-05
6.44802e-05
6.44804e-05
6.44806e-05
6.44808e-05
6.4481e-05
6.44812e-05
6.44814e-05
6.44816e-05
6.44818e-05
6.4482e-05
6.44822e-05
6.44824e-05
6.44826e-05
6.44828e-05
6.4483e-05
6.44832e-05
6.44834e-05
6.44836e-05
6.44838e-05
6.4484e-05
6.44842e-05
6.44844e-05
6.44846e-05
6.44848e-05
6.4485e-05
6.44852e-05
6.44854e-05
6.44856e-05
6.44858e-05
6.4486e-05
6.44862e-05
6.44864e-05
6.44865e-05
6.44867e-05
6.44869e-05
6.44871e-05
6.44873e-05
6.44875e-05
6.44877e-05
6.44879e-05
6.44881e-05
6.44883e-05
6.44884e-05
6.44886e-05
6.44888e-05
6.4489e-05
6.44892e-05
6.44894e-05
6.44896e-05
6.44897e-05
6.44899e-05
6.44901e-05
6.44903e-05
6.44905e-05
6.44907e-05
6.44909e-05
6.4491e-05
6.44912e-05
6.44914e-05
6.44916e-05
6.44918e-05
6.44919e-05
6.44921e-05
6.44923e-05
6.44925e-05
6.44927e-05
6.44928e-05
6.4493e-05
6.44932e-05
6.44934e-05
6.44936e-05
6.44937e-05
6.44939e-05
6.44941e-05
6.44943e-05
6.44944e-05
6.44946e-05
6.44948e-05
6.4495e-05
6.44951e-05
6.44953e-05
6.44955e-05
6.44957e-05
6.44958e-05
6.4496e-05
6.44962e-05
6.44964e-05
6.44965e-05
6.44967e-05
6.44969e-05
6.4497e-05
6.44972e-05
6.44974e-05
6.44975e-05
6.44977e-05
6.44979e-05
6.44981e-05
6.44982e-05
6.44984e-05
6.44986e-05
6.44987e-05
6.44989e-05
6.44991e-05
6.44992e-05
6.44994e-05
6.44996e-05
6.44997e-05
6.44999e-05
6.45e-05
6.45002e-05
6.45004e-05
6.45005e-05
6.45007e-05
6.45009e-05
6.4501e-05
6.45012e-05
6.45013e-05
6.45015e-05
6.45017e-05
6.45018e-05
6.4502e-05
6.45022e-05
6.45023e-05
6.45025e-05
6.45026e-05
6.45028e-05
6.45029e-05
6.45031e-05
6.45033e-05
6.45034e-05
6.45036e-05
6.45037e-05
6.45039e-05
6.4504e-05
6.45042e-05
6.45044e-05
6.45045e-05
6.45047e-05
6.45048e-05
6.4505e-05
6.45051e-05
6.45053e-05
6.45054e-05
6.45056e-05
6.45057e-05
6.45059e-05
6.4506e-05
6.45062e-05
6.45063e-05
6.45065e-05
6.45066e-05
6.45068e-05
6.45069e-05
6.45071e-05
6.45072e-05
6.45074e-05
6.45075e-05
6.45077e-05
6.45078e-05
6.4508e-05
6.45081e-05
6.45083e-05
6.45084e-05
6.45086e-05
6.45087e-05
6.45088e-05
6.4509e-05
6.45091e-05
6.45093e-05
6.45094e-05
6.45096e-05
6.45097e-05
6.45098e-05
6.451e-05
6.45101e-05
6.45103e-05
6.45104e-05
6.45106e-05
6.45107e-05
6.45108e-05
6.4511e-05
6.45111e-05
6.45113e-05
6.45114e-05
6.45115e-05
6.45117e-05
6.45118e-05
6.45119e-05
6.45121e-05
6.45122e-05
6.45124e-05
6.45125e-05
6.45126e-05
6.45128e-05
6.45129e-05
6.4513e-05
6.45132e-05
6.45133e-05
6.45134e-05
6.45136e-05
6.45137e-05
6.45138e-05
6.4514e-05
6.45141e-05
6.45142e-05
6.45144e-05
6.45145e-05
6.45146e-05
6.45148e-05
6.45149e-05
6.4515e-05
6.45152e-05
6.45153e-05
6.45154e-05
6.45155e-05
6.45157e-05
6.45158e-05
6.45159e-05
6.45161e-05
6.45162e-05
6.45163e-05
6.45164e-05
6.45166e-05
6.45167e-05
6.45168e-05
6.45169e-05
6.45171e-05
6.45172e-05
6.45173e-05
6.45174e-05
6.45176e-05
6.45177e-05
6.45178e-05
6.45179e-05
6.45181e-05
6.45182e-05
6.45183e-05
6.45184e-05
6.45185e-05
6.45187e-05
6.45188e-05
6.45189e-05
6.4519e-05
6.45191e-05
6.45193e-05
6.45194e-05
6.45195e-05
6.45196e-05
6.45197e-05
6.45199e-05
6.452e-05
6.45201e-05
6.45202e-05
6.45203e-05
6.45204e-05
6.45206e-05
6.45207e-05
6.45208e-05
6.45209e-05
6.4521e-05
6.45211e-05
6.45212e-05
6.45214e-05
6.45215e-05
6.45216e-05
6.45217e-05
6.45218e-05
6.45219e-05
6.4522e-05
6.45222e-05
6.45223e-05
6.45224e-05
6.45225e-05
6.45226e-05
6.45227e-05
6.45228e-05
6.45229e-05
6.4523e-05
6.45231e-05
6.45233e-05
6.45234e-05
6.45235e-05
6.45236e-05
6.45237e-05
6.45238e-05
6.45239e-05
6.4524e-05
6.45241e-05
6.45242e-05
6.45243e-05
6.45244e-05
6.45245e-05
6.45246e-05
6.45247e-05
6.45249e-05
6.4525e-05
6.45251e-05
6.45252e-05
6.45253e-05
6.45254e-05
6.45255e-05
6.45256e-05
6.45257e-05
6.45258e-05
6.45259e-05
6.4526e-05
6.45261e-05
6.45262e-05
6.45263e-05
6.45264e-05
6.45265e-05
6.45266e-05
6.45267e-05
6.45268e-05
6.45269e-05
6.4527e-05
6.45271e-05
6.45272e-05
6.45273e-05
6.45274e-05
6.45275e-05
6.45276e-05
6.45277e-05
6.45278e-05
6.45278e-05
6.45279e-05
6.4528e-05
6.45281e-05
6.45282e-05
6.45283e-05
6.45284e-05
6.45285e-05
6.45286e-05
6.45287e-05
6.45288e-05
6.45289e-05
6.4529e-05
6.45291e-05
6.45292e-05
6.45292e-05
6.45293e-05
6.45294e-05
6.45295e-05
6.45296e-05
6.45297e-05
6.45298e-05
6.45299e-05
6.453e-05
6.45301e-05
6.45301e-05
6.45302e-05
6.45303e-05
6.45304e-05
6.45305e-05
6.45306e-05
6.45307e-05
6.45308e-05
6.45308e-05
6.45309e-05
6.4531e-05
6.45311e-05
6.45312e-05
6.45313e-05
6.45314e-05
6.45314e-05
6.45315e-05
6.45316e-05
6.45317e-05
6.45318e-05
6.45319e-05
6.45319e-05
6.4532e-05
6.45321e-05
6.45322e-05
6.45323e-05
6.45323e-05
6.45324e-05
6.45325e-05
6.45326e-05
6.45327e-05
6.45328e-05
6.45328e-05
6.45329e-05
6.4533e-05
6.45331e-05
6.45331e-05
6.45332e-05
6.45333e-05
6.45334e-05
6.45335e-05
6.45335e-05
6.45336e-05
6.45337e-05
6.45338e-05
6.45338e-05
6.45339e-05
6.4534e-05
6.45341e-05
6.45341e-05
6.45342e-05
6.45343e-05
6.45344e-05
6.45344e-05
6.45345e-05
6.45346e-05
6.45347e-05
6.45347e-05
6.45348e-05
6.45349e-05
6.45349e-05
6.4535e-05
6.45351e-05
6.45352e-05
6.45352e-05
6.45353e-05
6.45354e-05
6.45354e-05
6.45355e-05
6.45356e-05
6.45357e-05
6.45357e-05
6.45358e-05
6.45359e-05
6.45359e-05
6.4536e-05
6.45361e-05
6.45361e-05
6.45362e-05
6.45363e-05
6.45363e-05
6.45364e-05
6.45365e-05
6.45365e-05
6.45366e-05
6.45367e-05
6.45367e-05
6.45368e-05
6.45369e-05
6.45369e-05
6.4537e-05
6.45371e-05
6.45371e-05
6.45372e-05
6.45372e-05
6.45373e-05
6.45374e-05
6.45374e-05
6.45375e-05
6.45376e-05
6.45376e-05
6.45377e-05
6.45377e-05
6.45378e-05
6.45379e-05
6.45379e-05
6.4538e-05
6.4538e-05
6.45381e-05
6.45382e-05
6.45382e-05
6.45383e-05
6.45383e-05
6.45384e-05
6.45384e-05
6.45385e-05
6.45386e-05
6.45386e-05
6.45387e-05
6.45387e-05
6.45388e-05
6.45388e-05
6.45389e-05
6.4539e-05
6.4539e-05
6.45391e-05
6.45391e-05
6.45392e-05
6.45392e-05
6.45393e-05
6.45393e-05
6.45394e-05
6.45394e-05
6.45395e-05
6.45396e-05
6.45396e-05
6.45397e-05
6.45397e-05
6.45398e-05
6.45398e-05
6.45399e-05
6.45399e-05
6.454e-05
6.454e-05
6.45401e-05
6.45401e-05
6.45402e-05
6.45402e-05
6.45403e-05
6.45403e-05
6.45404e-05
6.45404e-05
6.45405e-05
6.45405e-05
6.45406e-05
6.45406e-05
6.45407e-05
6.45407e-05
6.45408e-05
6.45408e-05
6.45408e-05
6.45409e-05
6.45409e-05
6.4541e-05
6.4541e-05
6.45411e-05
6.45411e-05
6.45412e-05
6.45412e-05
6.45413e-05
6.45413e-05
6.45413e-05
6.45414e-05
6.45414e-05
6.45415e-05
6.45415e-05
6.45416e-05
6.45416e-05
6.45416e-05
6.45417e-05
6.45417e-05
6.45418e-05
6.45418e-05
6.45418e-05
6.45419e-05
6.45419e-05
6.4542e-05
6.4542e-05
6.4542e-05
6.45421e-05
6.45421e-05
6.45422e-05
6.45422e-05
6.45422e-05
6.45423e-05
6.45423e-05
6.45424e-05
6.45424e-05
6.45424e-05
6.45425e-05
6.45425e-05
6.45425e-05
6.45426e-05
6.45426e-05
6.45427e-05
6.45427e-05
6.45427e-05
6.45428e-05
6.45428e-05
6.45428e-05
6.45429e-05
6.45429e-05
6.45429e-05
6.4543e-05
6.4543e-05
6.4543e-05
6.45431e-05
6.45431e-05
6.45431e-05
6.45432e-05
6.45432e-05
6.45432e-05
6.45433e-05
6.45433e-05
6.45433e-05
6.45434e-05
6.45434e-05
6.45434e-05
6.45434e-05
6.45435e-05
6.45435e-05
6.45435e-05
6.45436e-05
6.45436e-05
6.45436e-05
6.45436e-05
6.45437e-05
6.45437e-05
6.45437e-05
6.45438e-05
6.45438e-05
6.45438e-05
6.45438e-05
6.45439e-05
6.45439e-05
6.45439e-05
6.45439e-05
6.4544e-05
6.4544e-05
6.4544e-05
6.45441e-05
6.45441e-05
6.45441e-05
6.45441e-05
6.45442e-05
6.45442e-05
6.45442e-05
6.45442e-05
6.45442e-05
6.45443e-05
6.45443e-05
6.45443e-05
6.45443e-05
6.45444e-05
6.45444e-05
6.45444e-05
6.45444e-05
6.45444e-05
6.45445e-05
6.45445e-05
6.45445e-05
6.45445e-05
6.45446e-05
6.45446e-05
6.45446e-05
6.45446e-05
6.45446e-05
6.45447e-05
6.45447e-05
6.45447e-05
6.45447e-05
6.45447e-05
6.45447e-05
6.45448e-05
6.45448e-05
6.45448e-05
6.45448e-05
6.45448e-05
6.45448e-05
6.45449e-05
6.45449e-05
6.45449e-05
6.45449e-05
6.45449e-05
6.45449e-05
6.4545e-05
6.4545e-05
6.4545e-05
6.4545e-05
6.4545e-05
6.4545e-05
6.4545e-05
6.45451e-05
6.45451e-05
6.45451e-05
6.45451e-05
6.45451e-05
6.45451e-05
6.45451e-05
6.45452e-05
6.45452e-05
6.45452e-05
6.45452e-05
6.45452e-05
6.45452e-05
6.45452e-05
6.45452e-05
6.45452e-05
6.45453e-05
6.45453e-05
6.45453e-05
6.45453e-05
6.45453e-05
6.45453e-05
6.45453e-05
6.45453e-05
6.45453e-05
6.45453e-05
6.45453e-05
6.45454e-05
6.45454e-05
6.45454e-05
6.45454e-05
6.45454e-05
6.45454e-05
6.45454e-05
6.45454e-05
6.45454e-05
6.45454e-05
6.45454e-05
6.45454e-05
6.45454e-05
6.45454e-05
6.45454e-05
6.45455e-05
6.45455e-05
6.45455e-05
6.45455e-05
6.45455e-05
6.45455e-05
6.45455e-05
6.45455e-05
6.45455e-05
6.45455e-05
6.45455e-05
6.45455e-05
6.45455e-05
6.45455e-05
6.45455e-05
6.45455e-05
6.45455e-05
6.45455e-05
6.45455e-05
6.45455e-05
6.45455e-05
6.45455e-05
6.45455e-05
6.45455e-05
6.45455e-05
6.45455e-05
6.45455e-05
6.45455e-05
6.45455e-05
6.45455e-05
6.45455e-05
6.45455e-05
6.45455e-05
6.45455e-05
6.45455e-05
6.45455e-05
6.45455e-05
6.45455e-05
6.45455e-05
6.45455e-05
6.45455e-05
6.45455e-05
6.45455e-05
6.45455e-05
6.45455e-05
6.45455e-05
6.45455e-05
6.45455e-05
6.45455e-05
6.45454e-05
6.45454e-05
6.45454e-05
6.45454e-05
6.45454e-05
6.45454e-05
6.45454e-05
6.45454e-05
6.45454e-05
6.45454e-05
6.45454e-05
6.45454e-05
6.45454e-05
6.45454e-05
6.45454e-05
6.45453e-05
6.45453e-05
6.45453e-05
6.45453e-05
6.45453e-05
6.45453e-05
6.45453e-05
6.45453e-05
6.45453e-05
6.45453e-05
6.45453e-05
6.45452e-05
6.45452e-05
6.45452e-05
6.45452e-05
6.45452e-05
6.45452e-05
6.45452e-05
6.45452e-05
6.45452e-05
6.45451e-05
6.45451e-05
6.45451e-05
6.45451e-05
6.45451e-05
6.45451e-05
6.45451e-05
6.45451e-05
6.4545e-05
6.4545e-05
6.4545e-05
6.4545e-05
6.4545e-05
6.4545e-05
6.4545e-05
6.45449e-05
6.45449e-05
6.45449e-05
6.45449e-05
6.45449e-05
6.45449e-05
6.45449e-05
6.45448e-05
6.45448e-05
6.45448e-05
6.45448e-05
6.45448e-05
6.45448e-05
6.45447e-05
6.45447e-05
6.45447e-05
6.45447e-05
6.45447e-05
6.45447e-05
6.45446e-05
6.45446e-05
6.45446e-05
6.45446e-05
6.45446e-05
6.45445e-05
6.45445e-05
6.45445e-05
6.45445e-05
6.45445e-05
6.45444e-05
6.45444e-05
6.45444e-05
6.45444e-05
6.45444e-05
6.45443e-05
6.45443e-05
6.45443e-05
6.45443e-05
6.45443e-05
6.45442e-05
6.45442e-05
6.45442e-05
6.45442e-05
6.45441e-05
6.45441e-05
6.45441e-05
6.45441e-05
6.4544e-05
6.4544e-05
6.4544e-05
6.4544e-05
6.4544e-05
6.45439e-05
6.45439e-05
6.45439e-05
6.45439e-05
6.45438e-05
6.45438e-05
6.45438e-05
6.45438e-05
6.45437e-05
6.45437e-05
6.45437e-05
6.45436e-05
6.45436e-05
6.45436e-05
6.45436e-05
6.45435e-05
6.45435e-05
6.45435e-05
6.45435e-05
6.45434e-05
6.45434e-05
6.45434e-05
6.45433e-05
6.45433e-05
6.45433e-05
6.45433e-05
6.45432e-05
6.45432e-05
6.45432e-05
6.45431e-05
6.45431e-05
6.45431e-05
6.45431e-05
6.4543e-05
6.4543e-05
6.4543e-05
6.45429e-05
6.45429e-05
6.45429e-05
6.45428e-05
6.45428e-05
6.45428e-05
6.45427e-05
6.45427e-05
6.45427e-05
6.45426e-05
6.45426e-05
6.45426e-05
6.45425e-05
6.45425e-05
6.45425e-05
6.45425e-05
6.45424e-05
6.45424e-05
6.45423e-05
6.45423e-05
6.45423e-05
6.45422e-05
6.45422e-05
6.45422e-05
6.45421e-05
6.45421e-05
6.45421e-05
6.4542e-05
6.4542e-05
6.4542e-05
6.45419e-05
6.45419e-05
6.45419e-05
6.45418e-05
6.45418e-05
6.45417e-05
6.45417e-05
6.45417e-05
6.45416e-05
6.45416e-05
6.45416e-05
6.45415e-05
6.45415e-05
6.45414e-05
6.45414e-05
6.45414e-05
6.45413e-05
6.45413e-05
6.45413e-05
6.45412e-05
6.45412e-05
6.45411e-05
6.45411e-05
6.45411e-05
6.4541e-05
6.4541e-05
6.45409e-05
6.45409e-05
6.45409e-05
6.45408e-05
6.45408e-05
6.45407e-05
6.45407e-05
6.45406e-05
6.45406e-05
6.45406e-05
6.45405e-05
6.45405e-05
6.45404e-05
6.45404e-05
6.45404e-05
6.45403e-05
6.45403e-05
6.45402e-05
6.45402e-05
6.45401e-05
6.45401e-05
6.45401e-05
6.454e-05
6.454e-05
6.45399e-05
6.45399e-05
6.45398e-05
6.45398e-05
6.45397e-05
6.45397e-05
6.45397e-05
6.45396e-05
6.45396e-05
6.45395e-05
6.45395e-05
6.45394e-05
6.45394e-05
6.45393e-05
6.45393e-05
6.45392e-05
6.45392e-05
6.45391e-05
6.45391e-05
6.4539e-05
6.4539e-05
6.4539e-05
6.45389e-05
6.45389e-05
6.45388e-05
6.45388e-05
6.45387e-05
6.45387e-05
6.45386e-05
6.45386e-05
6.45385e-05
6.45385e-05
6.45384e-05
6.45384e-05
6.45383e-05
6.45383e-05
6.45382e-05
6.45382e-05
6.45381e-05
6.45381e-05
6.4538e-05
6.4538e-05
6.45379e-05
6.45379e-05
6.45378e-05
6.45378e-05
6.45377e-05
6.45377e-05
6.45376e-05
6.45376e-05
6.45375e-05
6.45374e-05
6.45374e-05
6.45373e-05
6.45373e-05
6.45372e-05
6.45372e-05
6.45371e-05
6.45371e-05
6.4537e-05
6.4537e-05
6.45369e-05
6.45369e-05
6.45368e-05
6.45368e-05
6.45367e-05
6.45366e-05
6.45366e-05
6.45365e-05
6.45365e-05
6.45364e-05
6.45364e-05
6.45363e-05
6.45363e-05
6.45362e-05
6.45361e-05
6.45361e-05
6.4536e-05
6.4536e-05
6.45359e-05
6.45359e-05
6.45358e-05
6.45357e-05
6.45357e-05
6.45356e-05
6.45356e-05
6.45355e-05
6.45355e-05
6.45354e-05
6.45353e-05
6.45353e-05
6.45352e-05
6.45352e-05
6.45351e-05
6.45351e-05
6.4535e-05
6.45349e-05
6.45349e-05
6.45348e-05
6.45348e-05
6.45347e-05
6.45346e-05
6.45346e-05
6.45345e-05
6.45345e-05
6.45344e-05
6.45343e-05
6.45343e-05
6.45342e-05
6.45341e-05
6.45341e-05
6.4534e-05
6.4534e-05
6.45339e-05
6.45338e-05
6.45338e-05
6.45337e-05
6.45337e-05
6.45336e-05
6.45335e-05
6.45335e-05
6.45334e-05
6.45333e-05
6.45333e-05
6.45332e-05
6.45331e-05
6.45331e-05
6.4533e-05
6.4533e-05
6.45329e-05
6.45328e-05
6.45328e-05
6.45327e-05
6.45326e-05
6.45326e-05
6.45325e-05
6.45324e-05
6.45324e-05
6.45323e-05
6.45322e-05
6.45322e-05
6.45321e-05
6.4532e-05
6.4532e-05
6.45319e-05
6.45318e-05
6.45318e-05
6.45317e-05
6.45316e-05
6.45316e-05
6.45315e-05
6.45314e-05
6.45314e-05
6.45313e-05
6.45312e-05
6.45312e-05
6.45311e-05
6.4531e-05
6.4531e-05
6.45309e-05
6.45308e-05
6.45308e-05
6.45307e-05
6.45306e-05
6.45306e-05
6.45305e-05
6.45304e-05
6.45304e-05
6.45303e-05
6.45302e-05
6.45301e-05
6.45301e-05
6.453e-05
6.45299e-05
6.45299e-05
6.45298e-05
6.45297e-05
6.45296e-05
6.45296e-05
6.45295e-05
6.45294e-05
6.45294e-05
6.45293e-05
6.45292e-05
6.45291e-05
6.45291e-05
6.4529e-05
6.45289e-05
6.45289e-05
6.45288e-05
6.45287e-05
6.45286e-05
6.45286e-05
6.45285e-05
6.45284e-05
6.45283e-05
6.45283e-05
6.45282e-05
6.45281e-05
6.45281e-05
6.4528e-05
6.45279e-05
6.45278e-05
6.45278e-05
6.45277e-05
6.45276e-05
6.45275e-05
6.45275e-05
6.45274e-05
6.45273e-05
6.45272e-05
6.45272e-05
6.45271e-05
6.4527e-05
6.45269e-05
6.45269e-05
6.45268e-05
6.45267e-05
6.45266e-05
6.45265e-05
6.45265e-05
6.45264e-05
6.45263e-05
6.45262e-05
6.45262e-05
6.45261e-05
6.4526e-05
6.45259e-05
6.45258e-05
6.45258e-05
6.45257e-05
6.45256e-05
6.45255e-05
6.45255e-05
6.45254e-05
6.45253e-05
6.45252e-05
6.45251e-05
6.45251e-05
6.4525e-05
6.45249e-05
6.45248e-05
6.45247e-05
6.45247e-05
6.45246e-05
6.45245e-05
6.45244e-05
6.45243e-05
6.45243e-05
6.45242e-05

