5e-05
5e-05
5e-05
5e-05
5e-05
5e-05
5e-05
5e-05
5e-05
5e-05
5e-05
5e-05
5e-05
5e-05
5e-05
5e-05
5e-05
5e-05
5e-05
5e-05
5e-05
5e-05
5e-05
5e-05
5e-05
5e-05
5e-05
5e-05
5e-05
5e-05
5e-05
5e-05
5e-05
5e-05
5e-05
5e-05
5e-05
5e-05
5e-05
5e-05
5e-05
5e-05
5e-05
5e-05
5e-05
5e-05
5e-05
5e-05
5e-05
5e-05
5e-05
5e-05
5e-05
5e-05
5e-05
5e-05
5e-05
5e-05
5e-05
5e-05
5e-05
5e-05
5e-05
5e-05
5e-05
5e-05
5e-05
5e-05
5e-05
5e-05
5e-05
5e-05
5e-05
5e-05
5e-05
5e-05
5e-05
5e-05
5e-05
5e-05
5e-05
5e-05
5e-05
5e-05
5e-05
5e-05
5e-05
5e-05
5e-05
5e-05
5e-05
5e-05
5e-05
5e-05
5e-05
5e-05
5e-05
5e-05
5e-05
5e-05
5e-05
5e-05
5e-05
5e-05
5e-05
5e-05
5e-05
5e-05
5e-05
5e-05
5e-05
5e-05
5e-05
5e-05
5e-05
5e-05
5e-05
5e-05
5e-05
5e-05
5e-05
5e-05
5e-05
5e-05
5e-05
5e-05
5e-05
5e-05
5e-05
5e-05
5e-05
5e-05
5e-05
5e-05
5e-05
5e-05
5e-05
5e-05
5e-05
5e-05
5e-05
5e-05
5e-05
5e-05
5e-05
5e-05
5e-05
5e-05
5e-05
5e-05
5e-05
5e-05
5e-05
5e-05
5e-05
5e-05
5e-05
5e-05
5e-05
5e-05
5e-05
5e-05
5e-05
5e-05
5e-05
5e-05
5e-05
5e-05
5e-05
5e-05
5e-05
5e-05
5e-05
5e-05
5e-05
5e-05
5e-05
5e-05
5e-05
5e-05
5e-05
5e-05
5e-05
5e-05
5e-05
5e-05
5e-05
5e-05
5e-05
5e-05
5e-05
5e-05
5e-05
5e-05
5e-05
5e-05
5e-05
5e-05
5e-05
5e-05
5e-05
5e-05
5e-05
5e-05
5e-05
5e-05
5e-05
5e-05
5e-05
5e-05
5e-05
5e-05
5e-05
5e-05
5e-05
5e-05
5e-05
5e-05
5e-05
5e-05
5e-05
5e-05
5e-05
5e-05
5e-05
5e-05
5e-05
5e-05
5e-05
5e-05
5e-05
5e-05
5e-05
5e-05
5e-05
5e-05
5e-05
5e-05
5e-05
5e-05
5e-05
5e-05
5e-05
5e-05
5e-05
5e-05
5e-05
5e-05
5e-05
5e-05
5e-05
5e-05
5e-05
5e-05
5e-05
5e-05
5e-05
5e-05
5e-05
5e-05
5e-05
5e-05
5e-05
5e-05
5e-05
5e-05
5e-05
5e-05
5e-05
5e-05
5e-05
5e-05
5e-05
5e-05
5e-05
5e-05
5e-05
5e-05
5e-05
5e-05
5e-05
5e-05
5e-05
5e-05
5e-05
5e-05
5e-05
5e-05
5e-05
5e-05
5e-05
5e-05
5e-05
5e-05
5e-05
5e-05
5e-05
5e-05
5e-05
5e-05
5e-05
5e-05
5e-05
5e-05
5e-05
5e-05
5e-05
5e-05
5e-05
5e-05
5e-05
5e-05
5e-05
5e-05
5e-05
5e-05
5e-05
5e-05
5e-05
5e-05
5e-05
5e-05
5e-05
5e-05
5e-05
5e-05
5e-05
5e-05
5e-05
5e-05
5e-05
5e-05
5e-05
5e-05
5e-05
5e-05
5e-05
5e-05
5e-05
5e-05
5e-05
5e-05
5e-05
5e-05
5e-05
5e-05
5e-05
5e-05
5e-05
5e-05
5e-05
5e-05
5e-05
5e-05
5e-05
5e-05
5e-05
5e-05
5e-05
5e-05
5e-05
5e-05
5e-05
5e-05
5e-05
5e-05
5e-05
5e-05
5e-05
5e-05
5e-05
5e-05
5e-05
5e-05
5e-05
5e-05
5e-05
5e-05
5e-05
5e-05
5e-05
5e-05
5e-05
5e-05
5e-05
5e-05
5e-05
5e-05
5e-05
5e-05
5e-05
5e-05
5e-05
5e-05
5e-05
5e-05
5e-05
5e-05
5e-05
5e-05
5e-05
5e-05
5e-05
5e-05
5e-05
5e-05
5e-05
5e-05
5e-05
5e-05
5e-05
5e-05
5e-05
5e-05
5e-05
5e-05
5e-05
5e-05
5e-05
5e-05
5e-05
5e-05
5e-05
5e-05
5e-05
5e-05
5e-05
5e-05
5e-05
5e-05
5e-05
5e-05
5e-05
5e-05
5e-05
5e-05
5e-05
5e-05
5e-05
5e-05
5e-05
5e-05
5e-05
5e-05
5e-05
5e-05
5e-05
5e-05
5e-05
5e-05
5e-05
5e-05
5e-05
5e-05
5e-05
5e-05
5e-05
5e-05
5e-05
5e-05
5e-05
5e-05
5e-05
5e-05
5e-05
5e-05
5e-05
5e-05
5e-05
5e-05
5e-05
5e-05
5e-05
5e-05
5e-05
5e-05
5e-05
5e-05
5e-05
5e-05
5e-05
5e-05
5e-05
5e-05
5e-05
5e-05
5e-05
5e-05
5e-05
5e-05
5e-05
5e-05
5e-05
5e-05
5e-05
5e-05
5e-05
5e-05
5e-05
5e-05
5e-05
5e-05
5e-05
5e-05
5e-05
5e-05
5e-05
5e-05
5e-05
5e-05
5e-05
5e-05
5e-05
5e-05
5e-05
5e-05
5e-05
5e-05
5e-05
5e-05
5e-05
5e-05
5e-05
5e-05
5e-05
5e-05
5e-05
5e-05
5e-05
5e-05
5e-05
5e-05
5e-05
5e-05
5e-05
5e-05
5e-05
5e-05
5e-05
5e-05
5e-05
5e-05
5e-05
5e-05
5e-05
5e-05
5e-05
5e-05
5e-05
5e-05
5e-05
5e-05
5e-05
5e-05
5e-05
5e-05
5e-05
5e-05
5e-05
5e-05
5e-05
5e-05
5e-05
5e-05
5e-05
5e-05
5e-05
5e-05
5e-05
5e-05
5e-05
5e-05
5e-05
5e-05
5e-05
5e-05
5e-05
5e-05
5e-05
5e-05
5e-05
5e-05
5e-05
5e-05
5e-05
5e-05
5e-05
5e-05
5e-05
5e-05
5e-05
5e-05
5e-05
5e-05
5e-05
5e-05
5e-05
5e-05
5e-05
5e-05
5e-05
5e-05
5e-05
5e-05
5e-05
5e-05
5e-05
5e-05
5e-05
5e-05
5e-05
5e-05
5e-05
5e-05
5e-05
5e-05
5e-05
5e-05
5e-05
5e-05
5e-05
5e-05
5e-05
5e-05
5e-05
5e-05
5e-05
5e-05
5e-05
5e-05
5e-05
5e-05
5e-05
5e-05
5e-05
5e-05
5e-05
5e-05
5e-05
5e-05
5e-05
5e-05
5e-05
5e-05
5e-05
5e-05
5e-05
5e-05
5e-05
5e-05
5e-05
5e-05
5e-05
5e-05
5e-05
5e-05
5e-05
5e-05
5e-05
5e-05
5e-05
5e-05
5e-05
5e-05
5e-05
5e-05
5e-05
5e-05
5e-05
5e-05
5e-05
5e-05
5e-05
5e-05
5e-05
5e-05
5e-05
5e-05
5e-05
5e-05
5e-05
5e-05
5e-05
5e-05
5e-05
5e-05
5e-05
5e-05
5e-05
5e-05
5e-05
5e-05
5e-05
5e-05
5e-05
5e-05
5e-05
5e-05
5e-05
5e-05
5e-05
5e-05
5e-05
5e-05
5e-05
5e-05
5e-05
5e-05
5e-05
5e-05
5e-05
5e-05
5e-05
5e-05
5e-05
5e-05
5e-05
5e-05
5e-05
5e-05
5e-05
5e-05
5e-05
5e-05
5e-05
5e-05
5e-05
5e-05
5e-05
5e-05
5e-05
5e-05
5e-05
5e-05
5e-05
5e-05
5e-05
5e-05
5e-05
5e-05
5e-05
5e-05
5e-05
5e-05
5e-05
5e-05
5e-05
5e-05
5e-05
5e-05
5e-05
5e-05
5e-05
5e-05
5e-05
5e-05
5e-05
5e-05
5e-05
5e-05
5e-05
5e-05
5e-05
5e-05
5e-05
5e-05
5e-05
5e-05
5e-05
5e-05
5e-05
5e-05
5e-05
5e-05
5e-05
5e-05
5e-05
5e-05
5e-05
5e-05
5e-05
5e-05
5e-05
5e-05
5e-05
5e-05
5e-05
5e-05
5e-05
5e-05
5e-05
5e-05
5e-05
5e-05
5e-05
5e-05
5e-05
5e-05
5e-05
5e-05
5e-05
5.33868e-05
5.91938e-05
6.67047e-05
7.54141e-05
8.49656e-05
9.51079e-05
0.000105664
0.000116509
0.000127554
0.000138738
0.000150017
0.00016136
0.000172745
0.000184156
0.000195584
0.000207021
0.00021846
0.000229899
0.000241335
0.000252765
0.000264189
0.000275605
0.000287014
0.000298414
0.000309805
0.000321188
0.000332561
0.000343925
0.00035528
0.000366625
0.000377962
0.000389289
0.000400607
0.000411915
0.000423215
0.000434505
0.000445786
0.000457058
0.00046832
0.000479574
0.000490819
0.000502054
0.00051328
0.000524498
0.000535706
0.000546906
0.000558096
0.000569278
0.00058045
0.000591614
0.000602769
0.000613916
0.000625053
0.000636182
0.000647302
0.000658413
0.000669516
0.00068061
0.000691695
0.000702772
0.00071384
0.000724899
0.00073595
0.000746993
0.000758027
0.000769053
0.00078007
0.000791078
0.000802079
0.000813071
0.000824054
0.00083503
0.000845997
0.000856955
0.000867906
0.000878848
0.000889782
0.000900708
0.000911626
0.000922535
0.000930049
0.000935132
0.000938502
0.000940663
0.000941972
0.00094268
0.000942964
0.00094295
0.000942726
0.000942353
0.000941876
0.000941326
0.000940724
0.000940086
0.000939422
0.00093874
0.000938047
0.000937344
0.000936636
0.000935924
0.000935209
0.000934492
0.000933775
0.000933056
0.000932338
0.000931619
0.000930901
0.000930183
0.000929465
0.000928748
0.000928031
0.000927314
0.000926598
0.000925883
0.000925168
0.000924454
0.00092374
0.000923026
0.000922314
0.000921601
0.00092089
0.000920178
0.000919468
0.000918757
0.000918048
0.000917339
0.00091663
0.000915922
0.000915215
0.000914508
0.000913801
0.000913095
0.00091239
0.000911685
0.000910981
0.000910277
0.000909574
0.000908871
0.000908169
0.000907467
0.000906766
0.000906066
0.000905365
0.000904666
0.000903967
0.000903268
0.00090257
0.000901873
0.000901176
0.00090048
0.000899784
0.000899089
0.000898394
0.000897699
0.000897006
0.000896312
0.00089562
0.000894928
0.000894236
0.000893545
0.000892854
0.000892164
0.000891474
0.000890785
0.000890097
0.000889409
0.000888721
0.000888034
0.000887348
0.000886662
0.000885977
0.000885292
0.000884607
0.000883924
0.00088324
0.000882557
0.000881875
0.000881193
0.000880512
0.000879831
0.000879151
0.000878471
0.000877792
0.000877113
0.000876435
0.000875758
0.00087508
0.000874404
0.000873728
0.000873052
0.000872377
0.000871702
0.000871028
0.000870355
0.000869682
0.000869009
0.000868337
0.000867666
0.000866995
0.000866324
0.000865654
0.000864985
0.000864316
0.000863647
0.000862979
0.000862312
0.000861645
0.000860978
0.000860312
0.000859647
0.000858982
0.000858318
0.000857654
0.00085699
0.000856327
0.000855665
0.000855003
0.000854342
0.000853681
0.000853021
0.000852361
0.000851701
0.000851042
0.000850384
0.000849726
0.000849069
0.000848412
0.000847756
0.0008471
0.000846444
0.000845789
0.000845135
0.000844481
0.000843828
0.000843175
0.000842523
0.000841871
0.000841219
0.000840568
0.000839918
0.000839268
0.000838619
0.00083797
0.000837322
0.000836674
0.000836026
0.000835379
0.000834733
0.000834087
0.000833442
0.000832797
0.000832152
0.000831508
0.000830865
0.000830222
0.000829579
0.000828937
0.000828296
0.000827655
0.000827014
0.000826374
0.000825735
0.000825096
0.000824457
0.000823819
0.000823181
0.000822544
0.000821908
0.000821272
0.000820636
0.000820001
0.000819366
0.000818732
0.000818098
0.000817465
0.000816832
0.0008162
0.000815568
0.000814937
0.000814306
0.000813676
0.000813046
0.000812417
0.000811788
0.00081116
0.000810532
0.000809905
0.000809278
0.000808651
0.000808025
0.0008074
0.000806775
0.00080615
0.000805526
0.000804903
0.00080428
0.000803657
0.000803035
0.000802413
0.000801792
0.000801171
0.000800551
0.000799931
0.000799312
0.000798693
0.000798075
0.000797457
0.00079684
0.000796223
0.000795607
0.000794991
0.000794375
0.00079376
0.000793146
0.000792532
0.000791918
0.000791305
0.000790692
0.00079008
0.000789469
0.000788857
0.000788247
0.000787636
0.000787027
0.000786417
0.000785809
0.0007852
0.000784592
0.000783985
0.000783378
0.000782771
0.000782165
0.00078156
0.000780955
0.00078035
0.000779746
0.000779142
0.000778539
0.000777936
0.000777334
0.000776732
0.000776131
0.00077553
0.000774929
0.000774329
0.00077373
0.000773131
0.000772532
0.000771934
0.000771336
0.000770739
0.000770142
0.000769546
0.00076895
0.000768355
0.00076776
0.000767165
0.000766571
0.000765978
0.000765385
0.000764792
0.0007642
0.000763608
0.000763017
0.000762426
0.000761836
0.000761246
0.000760657
0.000760068
0.000759479
0.000758891
0.000758304
0.000757717
0.00075713
0.000756544
0.000755958
0.000755373
0.000754788
0.000754203
0.000753619
0.000753036
0.000752453
0.00075187
0.000751288
0.000750707
0.000750125
0.000749544
0.000748964
0.000748384
0.000747805
0.000747226
0.000746647
0.000746069
0.000745492
0.000744914
0.000744338
0.000743761
0.000743186
0.00074261
0.000742035
0.000741461
0.000740887
0.000740313
0.00073974
0.000739167
0.000738595
0.000738023
0.000737452
0.000736881
0.00073631
0.00073574
0.000735171
0.000734601
0.000734033
0.000733464
0.000732897
0.000732329
0.000731762
0.000731196
0.00073063
0.000730064
0.000729499
0.000728934
0.00072837
0.000727806
0.000727242
0.00072668
0.000726117
0.000725555
0.000724993
0.000724432
0.000723871
0.000723311
0.000722751
0.000722191
0.000721632
0.000721074
0.000720516
0.000719958
0.0007194
0.000718844
0.000718287
0.000717731
0.000717176
0.00071662
0.000716066
0.000715511
0.000714958
0.000714404
0.000713851
0.000713299
0.000712747
0.000712195
0.000711644
0.000711093
0.000710542
0.000709992
0.000709443
0.000708894
0.000708345
0.000707797
0.000707249
0.000706702
0.000706155
0.000705608
0.000705062
0.000704517
0.000703971
0.000703426
0.000702882
0.000702338
0.000701795
0.000701251
0.000700709
0.000700167
0.000699625
0.000699083
0.000698542
0.000698002
0.000697462
0.000696922
0.000696383
0.000695844
0.000695305
0.000694767
0.00069423
0.000693692
0.000693156
0.000692619
0.000692083
0.000691548
0.000691013
0.000690478
0.000689944
0.00068941
0.000688877
0.000688344
0.000687811
0.000687279
0.000686747
0.000686216
0.000685685
0.000685155
0.000684624
0.000684095
0.000683566
0.000683037
0.000682508
0.00068198
0.000681453
0.000680926
0.000680399
0.000679873
0.000679347
0.000678821
0.000678296
0.000677771
0.000677247
0.000676723
0.0006762
0.000675677
0.000675154
0.000674632
0.00067411
0.000673589
0.000673068
0.000672547
0.000672027
0.000671507
0.000670988
0.000670469
0.000669951
0.000669433
0.000668915
0.000668398
0.000667881
0.000667364
0.000666848
0.000666332
0.000665817
0.000665302
0.000664788
0.000664274
0.00066376
0.000663247
0.000662734
0.000662222
0.00066171
0.000661198
0.000660687
0.000660176
0.000659666
0.000659156
0.000658646
0.000658137
0.000657628
0.00065712
0.000656612
0.000656104
0.000655597
0.00065509
0.000654584
0.000654078
0.000653572
0.000653067
0.000652562
0.000652058
0.000651554
0.00065105
0.000650547
0.000650044
0.000649542
0.00064904
0.000648538
0.000648037
0.000647536
0.000647036
0.000646536
0.000646036
0.000645537
0.000645038
0.00064454
0.000644042
0.000643544
0.000643047
0.00064255
0.000642053
0.000641557
0.000641062
0.000640566
0.000640071
0.000639577
0.000639083
0.000638589
0.000638096
0.000637603
0.00063711
0.000636618
0.000636126
0.000635635
0.000635144
0.000634653
0.000634163
0.000633673
0.000633184
0.000632695
0.000632206
0.000631718
0.00063123
0.000630742
0.000630255
0.000629769
0.000629282
0.000628796
0.000628311
0.000627825
0.000627341
0.000626856
0.000626372
0.000625889
0.000625405
0.000624922
0.00062444
0.000623958
0.000623476
0.000622995
0.000622514
0.000622033
0.000621553
0.000621073
0.000620594
0.000620115
0.000619636
0.000619158
0.00061868
0.000618202
0.000617725
0.000617248
0.000616772
0.000616296
0.00061582
0.000615345
0.00061487
0.000614396
0.000613922
0.000613448
0.000612974
0.000612501
0.000612029
0.000611557
0.000611085
0.000610613
0.000610142
0.000609671
0.000609201
0.000608731
0.000608261
0.000607792
0.000607323
0.000606855
0.000606387
0.000605919
0.000605451
0.000604984
0.000604518
0.000604052
0.000603586
0.00060312
0.000602655
0.00060219
0.000601726
0.000601262
0.000600798
0.000600335
0.000599872
0.000599409
0.000598947
0.000598485
0.000598024
0.000597563
0.000597102
0.000596642
0.000596182
0.000595722
0.000595263
0.000594804
0.000594346
0.000593887
0.00059343
0.000592972
0.000592515
0.000592059
0.000591602
0.000591146
0.000590691
0.000590235
0.000589781
0.000589326
0.000588872
0.000588418
0.000587965
0.000587512
0.000587059
0.000586607
0.000586155
0.000585703
0.000585252
0.000584801
0.000584351
0.0005839
0.000583451
0.000583001
0.000582552
0.000582103
0.000581655
0.000581207
0.000580759
0.000580312
0.000579865
0.000579419
0.000578973
0.000578527
0.000578081
0.000577636
0.000577191
0.000576747
0.000576303
0.000575859
0.000575416
0.000574973
0.00057453
0.000574088
0.000573646
0.000573204
0.000572763
0.000572322
0.000571882
0.000571442
0.000571002
0.000570562
0.000570123
0.000569684
0.000569246
0.000568808
0.00056837
0.000567933
0.000567496
0.000567059
0.000566623
0.000566187
0.000565752
0.000565316
0.000564881
0.000564447
0.000564013
0.000563579
0.000563145
0.000562712
0.000562279
0.000561847
0.000561415
0.000560983
0.000560552
0.000560121
0.00055969
0.000559259
0.000558829
0.0005584
0.00055797
0.000557541
0.000557113
0.000556685
0.000556257
0.000555829
0.000555402
0.000554975
0.000554548
0.000554122
0.000553696
0.000553271
0.000552845
0.00055242
0.000551996
0.000551572
0.000551148
0.000550724
0.000550301
0.000549878
0.000549456
0.000549034
0.000548612
0.000548191
0.000547769
0.000547349
0.000546928
0.000546508
0.000546088
0.000545669
0.00054525
0.000544831
0.000544413
0.000543995
0.000543577
0.00054316
0.000542742
0.000542326
0.000541909
0.000541493
0.000541078
0.000540662
0.000540247
0.000539832
0.000539418
0.000539004
0.00053859
0.000538177
0.000537764
0.000537351
0.000536939
0.000536527
0.000536115
0.000535704
0.000535293
0.000534882
0.000534472
0.000534062
0.000533652
0.000533242
0.000532833
0.000532425
0.000532016
0.000531608
0.0005312
0.000530793
0.000530386
0.000529979
0.000529573
0.000529167
0.000528761
0.000528356
0.00052795
0.000527546
0.000527141
0.000526737
0.000526333
0.00052593
0.000525527
0.000525124
0.000524721
0.000524319
0.000523917
0.000523516
0.000523115
0.000522714
0.000522313
0.000521913
0.000521513
0.000521114
0.000520714
0.000520315
0.000519917
0.000519519
0.000519121
0.000518723
0.000518326
0.000517929
0.000517532
0.000517136
0.00051674
0.000516344
0.000515949
0.000515554
0.000515159
0.000514764
0.00051437
0.000513976
0.000513583
0.00051319
0.000512797
0.000512405
0.000512012
0.000511621
0.000511229
0.000510838
0.000510447
0.000510056
0.000509666
0.000509276
0.000508886
0.000508497
0.000508108
0.000507719
0.000507331
0.000506943
0.000506555
0.000506168
0.000505781
0.000505394
0.000505007
0.000504621
0.000504235
0.00050385
0.000503464
0.000503079
0.000502695
0.000502311
0.000501927
0.000501543
0.00050116
0.000500776
0.000500394
0.000500011
0.000499629
0.000499247
0.000498866
0.000498485
0.000498104
0.000497723
0.000497343
0.000496963
0.000496583
0.000496204
0.000495825
0.000495446
0.000495068
0.00049469
0.000494312
0.000493935
0.000493557
0.00049318
0.000492804
0.000492428
0.000492052
0.000491676
0.000491301
0.000490926
0.000490551
0.000490177
0.000489802
0.000489429
0.000489055
0.000488682
0.000488309
0.000487936
0.000487564
0.000487192
0.00048682
0.000486449
0.000486078
0.000485707
0.000485337
0.000484967
0.000484597
0.000484227
0.000483858
0.000483489
0.00048312
0.000482752
0.000482384
0.000482016
0.000481649
0.000481281
0.000480915
0.000480548
0.000480182
0.000479816
0.00047945
0.000479085
0.00047872
0.000478355
0.00047799
0.000477626
0.000477262
0.000476899
0.000476535
0.000476172
0.00047581
0.000475447
0.000475085
0.000474723
0.000474362
0.000474001
0.00047364
0.000473279
0.000472919
0.000472559
0.000472199
0.00047184
0.00047148
0.000471122
0.000470763
0.000470405
0.000470047
0.000469689
0.000469332
0.000468975
0.000468618
0.000468261
0.000467905
0.000467549
0.000467193
0.000466838
0.000466483
0.000466128
0.000465774
0.00046542
0.000465066
0.000464712
0.000464359
0.000464006
0.000463653
0.000463301
0.000462948
0.000462596
0.000462245
0.000461894
0.000461543
0.000461192
0.000460841
0.000460491
0.000460141
0.000459792
0.000459442
0.000459093
0.000458745
0.000458396
0.000458048
0.0004577
0.000457353
0.000457005
0.000456658
0.000456312
0.000455965
0.000455619
0.000455273
0.000454928
0.000454582
0.000454237
0.000453893
0.000453548
0.000453204
0.00045286
0.000452516
0.000452173
0.00045183
0.000451487
0.000451145
0.000450803
0.000450461
0.000450119
0.000449778
0.000449437
0.000449096
0.000448755
0.000448415
0.000448075
0.000447735
0.000447396
0.000447057
0.000446718
0.000446379
0.000446041
0.000445703
0.000445365
0.000445028
0.000444691
0.000444354
0.000444017
0.000443681
0.000443345
0.000443009
0.000442673
0.000442338
0.000442003
0.000441668
0.000441334
0.000441
0.000440666
0.000440332
0.000439999
0.000439666
0.000439333
0.000439001
0.000438669
0.000438337
0.000438005
0.000437674
0.000437342
0.000437012
0.000436681
0.000436351
0.000436021
0.000435691
0.000435361
0.000435032
0.000434703
0.000434374
0.000434046
0.000433718
0.00043339
0.000433062
0.000432735
0.000432408
0.000432081
0.000431755
0.000431428
0.000431102
0.000430777
0.000430451
0.000430126
0.000429801
0.000429476
0.000429152
0.000428828
0.000428504
0.00042818
0.000427857
0.000427534
0.000427211
0.000426889
0.000426566
0.000426244
0.000425923
0.000425601
0.00042528
0.000424959
0.000424639
0.000424318
0.000423998
0.000423678
0.000423359
0.000423039
0.00042272
0.000422401
0.000422083
0.000421764
0.000421446
0.000421129
0.000420811
0.000420494
0.000420177
0.00041986
0.000419544
0.000419228
0.000418912
0.000418596
0.000418281
0.000417965
0.00041765
0.000417336
0.000417021
0.000416707
0.000416394
0.00041608
0.000415767
0.000415454
0.000415141
0.000414828
0.000414516
0.000414204
0.000413892
0.00041358
0.000413269
0.000412958
0.000412647
0.000412337
0.000412027
0.000411717
0.000411407
0.000411098
0.000410788
0.000410479
0.000410171
0.000409862
0.000409554
0.000409246
0.000408938
0.000408631
0.000408324
0.000408017
0.00040771
0.000407404
0.000407098
0.000406792
0.000406486
0.000406181
0.000405875
0.000405571
0.000405266
0.000404962
0.000404657
0.000404354
0.00040405
0.000403747
0.000403443
0.00040314
0.000402838
0.000402535
0.000402233
0.000401931
0.00040163
0.000401328
0.000401027
0.000400726
0.000400426
0.000400125
0.000399825
0.000399525
0.000399226
0.000398926
0.000398627
0.000398328
0.00039803
0.000397731
0.000397433
0.000397135
0.000396838
0.00039654
0.000396243
0.000395946
0.000395649
0.000395353
0.000395057
0.000394761
0.000394465
0.00039417
0.000393875
0.00039358
0.000393285
0.00039299
0.000392696
0.000392402
0.000392109
0.000391815
0.000391522
0.000391229
0.000390936
0.000390644
0.000390351
0.000390059
0.000389767
0.000389476
0.000389185
0.000388894
0.000388603
0.000388312
0.000388022
0.000387732
0.000387442
0.000387152
0.000386863
0.000386574
0.000386285
0.000385996
0.000385708
0.00038542
0.000385132
0.000384844
0.000384557
0.000384269
0.000383982
0.000383696
0.000383409
0.000383123
0.000382837
0.000382551
0.000382266
0.00038198
0.000381695
0.00038141
0.000381126
0.000380841
0.000380557
0.000380273
0.00037999
0.000379706
0.000379423
0.00037914
0.000378857
0.000378575
0.000378293
0.000378011
0.000377729
0.000377447
0.000377166
0.000376885
0.000376604
0.000376324
0.000376043
0.000375763
0.000375483
0.000375204
0.000374924
0.000374645
0.000374366
0.000374087
0.000373809
0.00037353
0.000373252
0.000372975
0.000372697
0.00037242
0.000372143
0.000371866
0.000371589
0.000371313
0.000371036
0.00037076
0.000370485
0.000370209
0.000369934
0.000369659
0.000369384
0.000369109
0.000368835
0.000368561
0.000368287
0.000368013
0.00036774
0.000367467
0.000367194
0.000366921
0.000366648
0.000366376
0.000366104
0.000365832
0.000365561
0.000365289
0.000365018
0.000364747
0.000364476
0.000364206
0.000363936
0.000363666
0.000363396
0.000363126
0.000362857
0.000362588
0.000362319
0.00036205
0.000361782
0.000361513
0.000361245
0.000360977
0.00036071
0.000360443
0.000360175
0.000359908
0.000359642
0.000359375
0.000359109
0.000358843
0.000358577
0.000358312
0.000358046
0.000357781
0.000357516
0.000357252
0.000356987
0.000356723
0.000356459
0.000356195
0.000355932
0.000355668
0.000355405
0.000355142
0.000354879
0.000354617
0.000354355
0.000354093
0.000353831
0.000353569
0.000353308
0.000353047
0.000352786
0.000352525
0.000352264
0.000352004
0.000351744
0.000351484
0.000351225
0.000350965
0.000350706
0.000350447
0.000350188
0.00034993
0.000349671
0.000349413
0.000349155
0.000348898
0.00034864
0.000348383
0.000348126
0.000347869
0.000347612
0.000347356
0.0003471
0.000346844
0.000346588
0.000346332
0.000346077
0.000345822
0.000345567
0.000345312
0.000345058
0.000344804
0.00034455
0.000344296
0.000344042
0.000343789
0.000343536
0.000343283
0.00034303
0.000342777
0.000342525
0.000342273
0.000342021
0.000341769
0.000341518
0.000341266
0.000341015
0.000340764
0.000340514
0.000340263
0.000340013
0.000339763
0.000339513
0.000339263
0.000339014
0.000338765
0.000338516
0.000338267
0.000338019
0.00033777
0.000337522
0.000337274
0.000337026
0.000336779
0.000336531
0.000336284
0.000336037
0.000335791
0.000335544
0.000335298
0.000335052
0.000334806
0.00033456
0.000334315
0.00033407
0.000333825
0.00033358
0.000333335
0.000333091
0.000332846
0.000332602
0.000332359
0.000332115
0.000331871
0.000331628
0.000331385
0.000331142
0.0003309
0.000330657
0.000330415
0.000330173
0.000329932
0.00032969
0.000329449
0.000329207
0.000328966
0.000328726
0.000328485
0.000328245
0.000328005
0.000327765
0.000327525
0.000327285
0.000327046
0.000326807
0.000326568
0.000326329
0.000326091
0.000325852
0.000325614
0.000325376
0.000325138
0.000324901
0.000324663
0.000324426
0.000324189
0.000323953
0.000323716
0.00032348
0.000323243
0.000323008
0.000322772
0.000322536
0.000322301
0.000322066
0.000321831
0.000321596
0.000321361
0.000321127
0.000320893
0.000320659
0.000320425
0.000320191
0.000319958
0.000319725
0.000319492
0.000319259
0.000319026
0.000318794
0.000318562
0.00031833
0.000318098
0.000317866
0.000317635
0.000317404
0.000317173
0.000316942
0.000316711
0.000316481
0.00031625
0.00031602
0.00031579
0.000315561
0.000315331
0.000315102
0.000314873
0.000314644
0.000314415
0.000314187
0.000313958
0.00031373
0.000313502
0.000313275
0.000313047
0.00031282
0.000312592
0.000312365
0.000312139
0.000311912
0.000311686
0.000311459
0.000311233
0.000311007
0.000310782
0.000310556
0.000310331
0.000310106
0.000309881
0.000309656
0.000309432
0.000309207
0.000308983
0.000308759
0.000308536
0.000308312
0.000308089
0.000307865
0.000307642
0.00030742
0.000307197
0.000306975
0.000306752
0.00030653
0.000306308
0.000306087
0.000305865
0.000305644
0.000305423
0.000305202
0.000304981
0.00030476
0.00030454
0.00030432
0.0003041
0.00030388
0.00030366
0.000303441
0.000303222
0.000303003
0.000302784
0.000302565
0.000302346
0.000302128
0.00030191
0.000301692
0.000301474
0.000301256
0.000301039
0.000300822
0.000300605
0.000300388
0.000300171
0.000299955
0.000299738
0.000299522
0.000299306
0.00029909
0.000298875
0.000298659
0.000298444
0.000298229
0.000298014
0.0002978
0.000297585
0.000297371
0.000297157
0.000296943
0.000296729
0.000296515
0.000296302
0.000296088
0.000295875
0.000295663
0.00029545
0.000295237
0.000295025
0.000294813
0.000294601
0.000294389
0.000294177
0.000293966
0.000293755
0.000293544
0.000293333
0.000293122
0.000292911
0.000292701
0.000292491
0.000292281
0.000292071
0.000291861
0.000291652
0.000291442
0.000291233
0.000291024
0.000290816
0.000290607
0.000290399
0.00029019
0.000289982
0.000289774
0.000289567
0.000289359
0.000289152
0.000288944
0.000288737
0.000288531
0.000288324
0.000288117
0.000287911
0.000287705
0.000287499
0.000287293
0.000287088
0.000286882
0.000286677
0.000286472
0.000286267
0.000286062
0.000285857
0.000285653
0.000285449
0.000285245
0.000285041
0.000284837
0.000284634
0.00028443
0.000284227
0.000284024
0.000283821
0.000283619
0.000283416
0.000283214
0.000283011
0.000282809
0.000282608
0.000282406
0.000282205
0.000282003
0.000281802
0.000281601
0.0002814
0.0002812
0.000280999
0.000280799
0.000280599
0.000280399
0.000280199
0.000279999
0.0002798
0.000279601
0.000279402
0.000279203
0.000279004
0.000278805
0.000278607
0.000278409
0.000278211
0.000278013
0.000277815
0.000277617
0.00027742
0.000277223
0.000277025
0.000276829
0.000276632
0.000276435
0.000276239
0.000276043
0.000275846
0.000275651
0.000275455
0.000275259
0.000275064
0.000274869
0.000274673
0.000274479
0.000274284
0.000274089
0.000273895
0.0002737
0.000273506
0.000273312
0.000273119
0.000272925
0.000272732
0.000272538
0.000272345
0.000272152
0.000271959
0.000271767
0.000271574
0.000271382
0.00027119
0.000270998
0.000270806
0.000270615
0.000270423
0.000270232
0.000270041
0.00026985
0.000269659
0.000269468
0.000269278
0.000269087
0.000268897
0.000268707
0.000268517
0.000268328
0.000268138
0.000267949
0.000267759
0.00026757
0.000267381
0.000267193
0.000267004
0.000266816
0.000266628
0.000266439
0.000266251
0.000266064
0.000265876
0.000265689
0.000265501
0.000265314
0.000265127
0.00026494
0.000264754
0.000264567
0.000264381
0.000264195
0.000264009
0.000263823
0.000263637
0.000263452
0.000263266
0.000263081
0.000262896
0.000262711
0.000262526
0.000262342
0.000262157
0.000261973
0.000261789
0.000261605
0.000261421
0.000261237
0.000261054
0.00026087
0.000260687
0.000260504
0.000260321
0.000260139
0.000259956
0.000259774
0.000259591
0.000259409
0.000259227
0.000259046
0.000258864
0.000258682
0.000258501
0.00025832
0.000258139
0.000257958
0.000257777
0.000257597
0.000257416
0.000257236
0.000257056
0.000256876
0.000256696
0.000256517
0.000256337
0.000256158
0.000255979
0.0002558
0.000255621
0.000255442
0.000255263
0.000255085
0.000254907
0.000254729
0.000254551
0.000254373
0.000254195
0.000254018
0.00025384
0.000253663
0.000253486
0.000253309
0.000253132
0.000252956
0.000252779
0.000252603
0.000252427
0.000252251
0.000252075
0.000251899
0.000251724
0.000251548
0.000251373
0.000251198
0.000251023
0.000250848
0.000250674
0.000250499
0.000250325
0.000250151
0.000249976
0.000249803
0.000249629
0.000249455
0.000249282
0.000249108
0.000248935
0.000248762
0.000248589
0.000248417
0.000248244
0.000248072
0.000247899
0.000247727
0.000247555
0.000247383
0.000247212
0.00024704
0.000246869
0.000246697
0.000246526
0.000246355
0.000246184
0.000246014
0.000245843
0.000245673
0.000245503
0.000245333
0.000245163
0.000244993
0.000244823
0.000244654
0.000244484
0.000244315
0.000244146
0.000243977
0.000243808
0.00024364
0.000243471
0.000243303
0.000243134
0.000242966
0.000242798
0.000242631
0.000242463
0.000242296
0.000242128
0.000241961
0.000241794
0.000241627
0.00024146
0.000241294
0.000241127
0.000240961
0.000240794
0.000240628
0.000240462
0.000240297
0.000240131
0.000239965
0.0002398
0.000239635
0.00023947
0.000239305
0.00023914
0.000238975
0.000238811
0.000238647
0.000238482
0.000238318
0.000238154
0.00023799
0.000237827
0.000237663
0.0002375
0.000237337
0.000237173
0.00023701
0.000236848
0.000236685
0.000236522
0.00023636
0.000236198
0.000236035
0.000235873
0.000235712
0.00023555
0.000235388
0.000235227
0.000235066
0.000234904
0.000234743
0.000234582
0.000234422
0.000234261
0.000234101
0.00023394
0.00023378
0.00023362
0.00023346
0.0002333
0.00023314
0.000232981
0.000232822
0.000232662
0.000232503
0.000232344
0.000232185
0.000232027
0.000231868
0.00023171
0.000231551
0.000231393
0.000231235
0.000231077
0.000230919
0.000230762
0.000230604
0.000230447
0.00023029
0.000230133
0.000229976
0.000229819
0.000229662
0.000229506
0.000229349
0.000229193
0.000229037
0.000228881
0.000228725
0.000228569
0.000228413
0.000228258
0.000228103
0.000227947
0.000227792
0.000227637
0.000227483
0.000227328
0.000227173
0.000227019
0.000226865
0.00022671
0.000226556
0.000226403
0.000226249
0.000226095
0.000225942
0.000225788
0.000225635
0.000225482
0.000225329
0.000225176
0.000225023
0.000224871
0.000224718
0.000224566
0.000224414
0.000224262
0.00022411
0.000223958
0.000223806
0.000223655
0.000223503
0.000223352
0.000223201
0.00022305
0.000222899
0.000222748
0.000222598
0.000222447
0.000222297
0.000222147
0.000221997
0.000221847
0.000221697
0.000221547
0.000221397
0.000221248
0.000221099
0.000220949
0.0002208
0.000220651
0.000220502
0.000220354
0.000220205
0.000220057
0.000219908
0.00021976
0.000219612
0.000219464
0.000219316
0.000219169
0.000219021
0.000218874
0.000218726
0.000218579
0.000218432
0.000218285
0.000218138
0.000217992
0.000217845
0.000217699
0.000217552
0.000217406
0.00021726
0.000217114
0.000216969
0.000216823
0.000216677
0.000216532
0.000216387
0.000216241
0.000216096
0.000215951
0.000215807
0.000215662
0.000215517
0.000215373
0.000215229
0.000215085
0.00021494
0.000214797
0.000214653
0.000214509
0.000214366
0.000214222
0.000214079
0.000213936
0.000213793
0.00021365
0.000213507
0.000213364
0.000213221
0.000213079
0.000212937
0.000212794
0.000212652
0.00021251
0.000212369
0.000212227
0.000212085
0.000211944
0.000211802
0.000211661
0.00021152
0.000211379
0.000211238
0.000211097
0.000210957
0.000210816
0.000210676
0.000210536
0.000210396
0.000210255
0.000210116
0.000209976
0.000209836
0.000209697
0.000209557
0.000209418
0.000209279
0.00020914
0.000209001
0.000208862
0.000208723
0.000208585
0.000208446
0.000208308
0.000208169
0.000208031
0.000207893
0.000207755
0.000207618
0.00020748
0.000207343
0.000207205
0.000207068
0.000206931
0.000206794
0.000206657
0.00020652
0.000206383
0.000206247
0.00020611
0.000205974
0.000205838
0.000205702
0.000205566
0.00020543
0.000205294
0.000205158
0.000205023
0.000204887
0.000204752
0.000204617
0.000204482
0.000204347
0.000204212
0.000204077
0.000203943
0.000203808
0.000203674
0.00020354
0.000203406
0.000203272
0.000203138
0.000203004
0.00020287
0.000202737
0.000202603
0.00020247
0.000202337
0.000202204
0.000202071
0.000201938
0.000201805
0.000201672
0.00020154
0.000201407
0.000201275
0.000201143
0.000201011
0.000200879
0.000200747
0.000200615
0.000200484
0.000200352
0.000200221
0.00020009
0.000199958
0.000199827
0.000199696
0.000199566
0.000199435
0.000199304
0.000199174
0.000199043
0.000198913
0.000198783
0.000198653
0.000198523
0.000198393
0.000198264
0.000198134
0.000198004
0.000197875
0.000197746
0.000197617
0.000197488
0.000197359
0.00019723
0.000197101
0.000196973
0.000196844
0.000196716
0.000196588
0.000196459
0.000196331
0.000196204
0.000196076
0.000195948
0.00019582
0.000195693
0.000195566
0.000195438
0.000195311
0.000195184
0.000195057
0.00019493
0.000194804
0.000194677
0.000194551
0.000194424
0.000194298
0.000194172
0.000194046
0.00019392
0.000193794
0.000193668
0.000193542
0.000193417
0.000193292
0.000193166
0.000193041
0.000192916
0.000192791
0.000192666
0.000192541
0.000192417
0.000192292
0.000192168
0.000192043
0.000191919
0.000191795
0.000191671
0.000191547
0.000191423
0.0001913
0.000191176
0.000191053
0.000190929
0.000190806
0.000190683
0.00019056
0.000190437
0.000190314
0.000190191
0.000190069
0.000189946
0.000189824
0.000189701
0.000189579
0.000189457
0.000189335
0.000189213
0.000189091
0.00018897
0.000188848
0.000188727
0.000188605
0.000188484
0.000188363
0.000188242
0.000188121
0.000188
0.000187879
0.000187759
0.000187638
0.000187518
0.000187397
0.000187277
0.000187157
0.000187037
0.000186917
0.000186797
0.000186678
0.000186558
0.000186439
0.000186319
0.0001862
0.000186081
0.000185962
0.000185843
0.000185724
0.000185605
0.000185486
0.000185368
0.000185249
0.000185131
0.000185013
0.000184894
0.000184776
0.000184658
0.000184541
0.000184423
0.000184305
0.000184188
0.00018407
0.000183953
0.000183836
0.000183718
0.000183601
0.000183485
0.000183368
0.000183251
0.000183134
0.000183018
0.000182901
0.000182785
0.000182669
0.000182553
0.000182437
0.000182321
0.000182205
0.000182089
0.000181973
0.000181858
0.000181742
0.000181627
0.000181512
0.000181397
0.000181282
0.000181167
0.000181052
0.000180937
0.000180823
0.000180708
0.000180594
0.000180479
0.000180365
0.000180251
0.000180137
0.000180023
0.000179909
0.000179795
0.000179682
0.000179568
0.000179455
0.000179341
0.000179228
0.000179115
0.000179002
0.000178889
0.000178776
0.000178663
0.000178551
0.000178438
0.000178326
0.000178213
0.000178101
0.000177989
0.000177877
0.000177765
0.000177653
0.000177541
0.000177429
0.000177318
0.000177206
0.000177095
0.000176983
0.000176872
0.000176761
0.00017665
0.000176539
0.000176428
0.000176318
0.000176207
0.000176096
0.000175986
0.000175876
0.000175765
0.000175655
0.000175545
0.000175435
0.000175325
0.000175215
0.000175106
0.000174996
0.000174887
0.000174777
0.000174668
0.000174559
0.00017445
0.000174341
0.000174232
0.000174123
0.000174014
0.000173905
0.000173797
0.000173688
0.00017358
0.000173472
0.000173364
0.000173255
0.000173147
0.00017304
0.000172932
0.000172824
0.000172716
0.000172609
0.000172501
0.000172394
0.000172287
0.00017218
0.000172073
0.000171966
0.000171859
0.000171752
0.000171645
0.000171539
0.000171432
0.000171326
0.00017122
0.000171113
0.000171007
0.000170901
0.000170795
0.000170689
0.000170584
0.000170478
0.000170372
0.000170267
0.000170161
0.000170056
0.000169951
0.000169846
0.000169741
0.000169636
0.000169531
0.000169426
0.000169321
0.000169217
0.000169112
0.000169008
0.000168904
0.000168799
0.000168695
0.000168591
0.000168487
0.000168383
0.00016828
0.000168176
0.000168072
0.000167969
0.000167865
0.000167762
0.000167659
0.000167556
0.000167453
0.00016735
0.000167247
0.000167144
0.000167041
0.000166939
0.000166836
0.000166734
0.000166631
0.000166529
0.000166427
0.000166325
0.000166223
0.000166121
0.000166019
0.000165918
0.000165816
0.000165714
0.000165613
0.000165512
0.00016541
0.000165309
0.000165208
0.000165107
0.000165006
0.000164905
0.000164804
0.000164704
0.000164603
0.000164503
0.000164402
0.000164302
0.000164202
0.000164102
0.000164001
0.000163901
0.000163802
0.000163702
0.000163602
0.000163502
0.000163403
0.000163303
0.000163204
0.000163105
0.000163006
0.000162907
0.000162807
0.000162709
0.00016261
0.000162511
0.000162412
0.000162314
0.000162215
0.000162117
0.000162018
0.00016192
0.000161822
0.000161724
0.000161626
0.000161528
0.00016143
0.000161332
0.000161235
0.000161137
0.00016104
0.000160942
0.000160845
0.000160748
0.000160651
0.000160553
0.000160456
0.00016036
0.000160263
0.000160166
0.000160069
0.000159973
0.000159876
0.00015978
0.000159684
0.000159587
0.000159491
0.000159395
0.000159299
0.000159203
0.000159108
0.000159012
0.000158916
0.000158821
0.000158725
0.00015863
0.000158534
0.000158439
0.000158344
0.000158249
0.000158154
0.000158059
0.000157964
0.00015787
0.000157775
0.00015768
0.000157586
0.000157491
0.000157397
0.000157303
0.000157209
0.000157115
0.000157021
0.000156927
0.000156833
0.000156739
0.000156645
0.000156552
0.000156458
0.000156365
0.000156272
0.000156178
0.000156085
0.000155992
0.000155899
0.000155806
0.000155713
0.00015562
0.000155528
0.000155435
0.000155343
0.00015525
0.000155158
0.000155065
0.000154973
0.000154881
0.000154789
0.000154697
0.000154605
0.000154513
0.000154422
0.00015433
0.000154238
0.000154147
0.000154055
0.000153964
0.000153873
0.000153782
0.000153691
0.000153599
0.000153509
0.000153418
0.000153327
0.000153236
0.000153146
0.000153055
0.000152965
0.000152874
0.000152784
0.000152694
0.000152603
0.000152513
0.000152423
0.000152333
0.000152244
0.000152154
0.000152064
0.000151975
0.000151885
0.000151796
0.000151706
0.000151617
0.000151528
0.000151439
0.000151349
0.00015126
0.000151172
0.000151083
0.000150994
0.000150905
0.000150817
0.000150728
0.00015064
0.000150551
0.000150463
0.000150375
0.000150287
0.000150199
0.000150111
0.000150023
0.000149935
0.000149847
0.000149759
0.000149672
0.000149584
0.000149497
0.000149409
0.000149322
0.000149235
0.000149148
0.000149061
0.000148974
0.000148887
0.0001488
0.000148713
0.000148626
0.00014854
0.000148453
0.000148367
0.00014828
0.000148194
0.000148108
0.000148022
0.000147936
0.00014785
0.000147764
0.000147678
0.000147592
0.000147506
0.000147421
0.000147335
0.00014725
0.000147164
0.000147079
0.000146994
0.000146908
0.000146823
0.000146738
0.000146653
0.000146568
0.000146483
0.000146399
0.000146314
0.000146229
0.000146145
0.00014606
0.000145976
0.000145892
0.000145807
0.000145723
0.000145639
0.000145555
0.000145471
0.000145387
0.000145304
0.00014522
0.000145136
0.000145053
0.000144969
0.000144886
0.000144802
0.000144719
0.000144636
0.000144553
0.000144469
0.000144386
0.000144304
0.000144221
0.000144138
0.000144055
0.000143973
0.00014389
0.000143807
0.000143725
0.000143643
0.00014356
0.000143478
0.000143396
0.000143314
0.000143232
0.00014315
0.000143068
0.000142986
0.000142905
0.000142823
0.000142742
0.00014266
0.000142579
0.000142497
0.000142416
0.000142335
0.000142254
0.000142173
0.000142092
0.000142011
0.00014193
0.000141849
0.000141768
0.000141688
0.000141607
0.000141526
0.000141446
0.000141366
0.000141285
0.000141205
0.000141125
0.000141045
0.000140965
0.000140885
0.000140805
0.000140725
0.000140645
0.000140566
0.000140486
0.000140407
0.000140327
0.000140248
0.000140168
0.000140089
0.00014001
0.000139931
0.000139852
0.000139773
0.000139694
0.000139615
0.000139536
0.000139458
0.000139379
0.0001393
0.000139222
0.000139143
0.000139065
0.000138987
0.000138909
0.00013883
0.000138752
0.000138674
0.000138596
0.000138518
0.000138441
0.000138363
0.000138285
0.000138208
0.00013813
0.000138053
0.000137975
0.000137898
0.000137821
0.000137743
0.000137666
0.000137589
0.000137512
0.000137435
0.000137358
0.000137281
0.000137205
0.000137128
0.000137051
0.000136975
0.000136898
0.000136822
0.000136746
0.000136669
0.000136593
0.000136517
0.000136441
0.000136365
0.000136289
0.000136213
0.000136137
0.000136062
0.000135986
0.00013591
0.000135835
0.000135759
0.000135684
0.000135609
0.000135533
0.000135458
0.000135383
0.000135308
0.000135233
0.000135158
0.000135083
0.000135008
0.000134933
0.000134859
0.000134784
0.000134709
0.000134635
0.00013456
0.000134486
0.000134412
0.000134338
0.000134263
0.000134189
0.000134115
0.000134041
0.000133967
0.000133894
0.00013382
0.000133746
0.000133672
0.000133599
0.000133525
0.000133452
0.000133378
0.000133305
0.000133232
0.000133159
0.000133085
0.000133012
0.000132939
0.000132866
0.000132793
0.000132721
0.000132648
0.000132575
0.000132502
0.00013243
0.000132357
0.000132285
0.000132213
0.00013214
0.000132068
0.000131996
0.000131924
0.000131852
0.00013178
0.000131708
0.000131636
0.000131564
0.000131492
0.000131421
0.000131349
0.000131277
0.000131206
0.000131134
0.000131063
0.000130992
0.00013092
0.000130849
0.000130778
0.000130707
0.000130636
0.000130565
0.000130494
0.000130423
0.000130353
0.000130282
0.000130211
0.000130141
0.00013007
0.00013
0.000129929
0.000129859
0.000129789
0.000129719
0.000129648
0.000129578
0.000129508
0.000129438
0.000129368
0.000129299
0.000129229
0.000129159
0.000129089
0.00012902
0.00012895
0.000128881
0.000128811
0.000128742
0.000128673
0.000128604
0.000128534
0.000128465
0.000128396
0.000128327
0.000128258
0.000128189
0.000128121
0.000128052
0.000127983
0.000127915
0.000127846
0.000127777
0.000127709
0.000127641
0.000127572
0.000127504
0.000127436
0.000127368
0.0001273
0.000127232
0.000127164
0.000127096
0.000127028
0.00012696
0.000126892
0.000126825
0.000126757
0.000126689
0.000126622
0.000126555
0.000126487
0.00012642
0.000126353
0.000126285
0.000126218
0.000126151
0.000126084
0.000126017
0.00012595
0.000125883
0.000125817
0.00012575
0.000125683
0.000125617
0.00012555
0.000125483
0.000125417
0.000125351
0.000125284
0.000125218
0.000125152
0.000125086
0.00012502
0.000124954
0.000124888
0.000124822
0.000124756
0.00012469
0.000124624
0.000124558
0.000124493
0.000124427
0.000124362
0.000124296
0.000124231
0.000124166
0.0001241
0.000124035
0.00012397
0.000123905
0.00012384
0.000123775
0.00012371
0.000123645
0.00012358
0.000123515
0.00012345
0.000123386
0.000123321
0.000123257
0.000123192
0.000123128
0.000123063
0.000122999
0.000122935
0.00012287
0.000122806
0.000122742
0.000122678
0.000122614
0.00012255
0.000122486
0.000122423
0.000122359
0.000122295
0.000122231
0.000122168
0.000122104
0.000122041
0.000121977
0.000121914
0.000121851
0.000121787
0.000121724
0.000121661
0.000121598
0.000121535
0.000121472
0.000121409
0.000121346
0.000121283
0.00012122
0.000121158
0.000121095
0.000121032
0.00012097
0.000120907
0.000120845
0.000120782
0.00012072
0.000120658
0.000120596
0.000120533
0.000120471
0.000120409
0.000120347
0.000120285
0.000120223
0.000120162
0.0001201
0.000120038
0.000119976
0.000119915
0.000119853
0.000119792
0.00011973
0.000119669
0.000119607
0.000119546
0.000119485
0.000119424
0.000119362
0.000119301
0.00011924
0.000119179
0.000119118
0.000119058
0.000118997
0.000118936
0.000118875
0.000118815
0.000118754
0.000118693
0.000118633
0.000118572
0.000118512
0.000118452
0.000118391
0.000118331
0.000118271
0.000118211
0.000118151
0.000118091
0.000118031
0.000117971
0.000117911
0.000117851
0.000117791
0.000117732
0.000117672
0.000117612
0.000117553
0.000117493
0.000117434
0.000117374
0.000117315
0.000117256
0.000117196
0.000117137
0.000117078
0.000117019
0.00011696
0.000116901
0.000116842
0.000116783
0.000116724
0.000116666
0.000116607
0.000116548
0.000116489
0.000116431
0.000116372
0.000116314
0.000116255
0.000116197
0.000116139
0.000116081
0.000116022
0.000115964
0.000115906
0.000115848
0.00011579
0.000115732
0.000115674
0.000115616
0.000115558
0.000115501
0.000115443
0.000115385
0.000115328
0.00011527
0.000115213
0.000115155
0.000115098
0.00011504
0.000114983
0.000114926
0.000114868
0.000114811
0.000114754
0.000114697
0.00011464
0.000114583
0.000114526
0.000114469
0.000114413
0.000114356
0.000114299
0.000114242
0.000114186
0.000114129
0.000114073
0.000114016
0.00011396
0.000113904
0.000113847
0.000113791
0.000113735
0.000113679
0.000113622
0.000113566
0.00011351
0.000113454
0.000113398
0.000113343
0.000113287
0.000113231
0.000113175
0.00011312
0.000113064
0.000113008
0.000112953
0.000112897
0.000112842
0.000112787
0.000112731
0.000112676
0.000112621
0.000112565
0.00011251
0.000112455
0.0001124
0.000112345
0.00011229
0.000112235
0.000112181
0.000112126
0.000112071
0.000112016
0.000111962
0.000111907
0.000111852
0.000111798
0.000111743
0.000111689
0.000111635
0.00011158
0.000111526
0.000111472
0.000111418
0.000111363
0.000111309
0.000111255
0.000111201
0.000111147
0.000111093
0.00011104
0.000110986
0.000110932
0.000110878
0.000110825
0.000110771
0.000110717
0.000110664
0.00011061
0.000110557
0.000110504
0.00011045
0.000110397
0.000110344
0.000110291
0.000110237
0.000110184
0.000110131
0.000110078
0.000110025
0.000109972
0.00010992
0.000109867
0.000109814
0.000109761
0.000109708
0.000109656
0.000109603
0.000109551
0.000109498
0.000109446
0.000109393
0.000109341
0.000109289
0.000109236
0.000109184
0.000109132
0.00010908
0.000109028
0.000108976
0.000108924
0.000108872
0.00010882
0.000108768
0.000108716
0.000108664
0.000108613
0.000108561
0.000108509
0.000108458
0.000108406
0.000108355
0.000108303
0.000108252
0.000108201
0.000108149
0.000108098
0.000108047
0.000107996
0.000107944
0.000107893
0.000107842
0.000107791
0.00010774
0.000107689
0.000107638
0.000107588
0.000107537
0.000107486
0.000107435
0.000107385
0.000107334
0.000107284
0.000107233
0.000107183
0.000107132
0.000107082
0.000107031
0.000106981
0.000106931
0.000106881
0.000106831
0.00010678
0.00010673
0.00010668
0.00010663
0.00010658
0.000106531
0.000106481
0.000106431
0.000106381
0.000106331
0.000106282
0.000106232
0.000106182
0.000106133
0.000106083
0.000106034
0.000105985
0.000105935
0.000105886
0.000105837
0.000105787
0.000105738
0.000105689
0.00010564
0.000105591
0.000105542
0.000105493
0.000105444
0.000105395
0.000105346
0.000105297
0.000105248
0.0001052
0.000105151
0.000105102
0.000105054
0.000105005
0.000104957
0.000104908
0.00010486
0.000104811
0.000104763
0.000104715
0.000104667
0.000104618
0.00010457
0.000104522
0.000104474
0.000104426
0.000104378
0.00010433
0.000104282
0.000104234
0.000104186
0.000104138
0.000104091
0.000104043
0.000103995
0.000103948
0.0001039
0.000103853
0.000103805
0.000103758
0.00010371
0.000103663
0.000103615
0.000103568
0.000103521
0.000103474
0.000103426
0.000103379
0.000103332
0.000103285
0.000103238
0.000103191
0.000103144
0.000103097
0.000103051
0.000103004
0.000102957
0.00010291
0.000102864
0.000102817
0.00010277
0.000102724
0.000102677
0.000102631
0.000102584
0.000102538
0.000102492
0.000102445
0.000102399
0.000102353
0.000102307
0.000102261
0.000102214
0.000102168
0.000102122
0.000102076
0.00010203
0.000101984
0.000101939
0.000101893
0.000101847
0.000101801
0.000101756
0.00010171
0.000101664
0.000101619
0.000101573
0.000101528
0.000101482
0.000101437
0.000101391
0.000101346
0.000101301
0.000101255
0.00010121
0.000101165
0.00010112
0.000101075
0.00010103
0.000100985
0.00010094
0.000100895
0.00010085
0.000100805
0.00010076
0.000100715
0.000100671
0.000100626
0.000100581
0.000100537
0.000100492
0.000100447
0.000100403
0.000100358
0.000100314
0.00010027
0.000100225
0.000100181
0.000100137
0.000100092
0.000100048
0.000100004
9.99599e-05
9.99158e-05
9.98718e-05
9.98278e-05
9.97838e-05
9.97399e-05
9.9696e-05
9.96521e-05
9.96083e-05
9.95645e-05
9.95208e-05
9.94771e-05
9.94334e-05
9.93898e-05
9.93462e-05
9.93027e-05
9.92591e-05
9.92157e-05
9.91722e-05
9.91288e-05
9.90855e-05
9.90422e-05
9.89989e-05
9.89556e-05
9.89124e-05
9.88693e-05
9.88261e-05
9.8783e-05
9.874e-05
9.8697e-05
9.8654e-05
9.8611e-05
9.85681e-05
9.85253e-05
9.84825e-05
9.84397e-05
9.83969e-05
9.83542e-05
9.83115e-05
9.82689e-05
9.82263e-05
9.81837e-05
9.81412e-05
9.80987e-05
9.80562e-05
9.80138e-05
9.79714e-05
9.79291e-05
9.78868e-05
9.78445e-05
9.78023e-05
9.77601e-05
9.7718e-05
9.76758e-05
9.76338e-05
9.75917e-05
9.75497e-05
9.75077e-05
9.74658e-05
9.74239e-05
9.7382e-05
9.73402e-05
9.72984e-05
9.72567e-05
9.7215e-05
9.71733e-05
9.71316e-05
9.709e-05
9.70485e-05
9.70069e-05
9.69655e-05
9.6924e-05
9.68826e-05
9.68412e-05
9.67998e-05
9.67585e-05
9.67173e-05
9.6676e-05
9.66348e-05
9.65936e-05
9.65525e-05
9.65114e-05
9.64704e-05
9.64293e-05
9.63884e-05
9.63474e-05
9.63065e-05
9.62656e-05
9.62248e-05
9.6184e-05
9.61432e-05
9.61025e-05
9.60618e-05
9.60211e-05
9.59805e-05
9.59399e-05
9.58993e-05
9.58588e-05
9.58183e-05
9.57779e-05
9.57374e-05
9.56971e-05
9.56567e-05
9.56164e-05
9.55761e-05
9.55359e-05
9.54957e-05
9.54555e-05
9.54154e-05
9.53753e-05
9.53353e-05
9.52952e-05
9.52552e-05
9.52153e-05
9.51754e-05
9.51355e-05
9.50956e-05
9.50558e-05
9.5016e-05
9.49763e-05
9.49366e-05
9.48969e-05
9.48573e-05
9.48177e-05
9.47781e-05
9.47386e-05
9.46991e-05
9.46596e-05
9.46202e-05
9.45808e-05
9.45414e-05
9.45021e-05
9.44628e-05
9.44235e-05
9.43843e-05
9.43451e-05
9.4306e-05
9.42668e-05
9.42278e-05
9.41887e-05
9.41497e-05
9.41107e-05
9.40718e-05
9.40328e-05
9.3994e-05
9.39551e-05
9.39163e-05
9.38775e-05
9.38388e-05
9.38001e-05
9.37614e-05
9.37228e-05
9.36842e-05
9.36456e-05
9.3607e-05
9.35685e-05
9.35301e-05
9.34916e-05
9.34532e-05
9.34149e-05
9.33765e-05
9.33382e-05
9.32999e-05
9.32617e-05
9.32235e-05
9.31853e-05
9.31472e-05
9.31091e-05
9.3071e-05
9.3033e-05
9.2995e-05
9.2957e-05
9.29191e-05
9.28812e-05
9.28433e-05
9.28055e-05
9.27677e-05
9.27299e-05
9.26922e-05
9.26545e-05
9.26168e-05
9.25792e-05
9.25416e-05
9.2504e-05
9.24665e-05
9.2429e-05
9.23915e-05
9.23541e-05
9.23167e-05
9.22793e-05
9.2242e-05
9.22047e-05
9.21674e-05
9.21301e-05
9.20929e-05
9.20558e-05
9.20186e-05
9.19815e-05
9.19444e-05
9.19074e-05
9.18704e-05
9.18334e-05
9.17965e-05
9.17595e-05
9.17227e-05
9.16858e-05
9.1649e-05
9.16122e-05
9.15755e-05
9.15387e-05
9.15021e-05
9.14654e-05
9.14288e-05
9.13922e-05
9.13556e-05
9.13191e-05
9.12826e-05
9.12462e-05
9.12097e-05
9.11733e-05
9.1137e-05
9.11006e-05
9.10643e-05
9.10281e-05
9.09918e-05
9.09556e-05
9.09194e-05
9.08833e-05
9.08472e-05
9.08111e-05
9.07751e-05
9.0739e-05
9.07031e-05
9.06671e-05
9.06312e-05
9.05953e-05
9.05594e-05
9.05236e-05
9.04878e-05
9.04521e-05
9.04163e-05
9.03806e-05
9.0345e-05
9.03093e-05
9.02737e-05
9.02382e-05
9.02026e-05
9.01671e-05
9.01316e-05
9.00962e-05
9.00608e-05
9.00254e-05
8.999e-05
8.99547e-05
8.99194e-05
8.98841e-05
8.98489e-05
8.98137e-05
8.97785e-05
8.97434e-05
8.97083e-05
8.96732e-05
8.96382e-05
8.96031e-05
8.95682e-05
8.95332e-05
8.94983e-05
8.94634e-05
8.94285e-05
8.93937e-05
8.93589e-05
8.93241e-05
8.92894e-05
8.92547e-05
8.922e-05
8.91854e-05
8.91508e-05
8.91162e-05
8.90816e-05
8.90471e-05
8.90126e-05
8.89781e-05
8.89437e-05
8.89093e-05
8.88749e-05
8.88406e-05
8.88063e-05
8.8772e-05
8.87377e-05
8.87035e-05
8.86693e-05
8.86351e-05
8.8601e-05
8.85669e-05
8.85328e-05
8.84988e-05
8.84648e-05
8.84308e-05
8.83969e-05
8.83629e-05
8.8329e-05
8.82952e-05
8.82613e-05
8.82275e-05
8.81938e-05
8.816e-05
8.81263e-05
8.80926e-05
8.8059e-05
8.80253e-05
8.79918e-05
8.79582e-05
8.79246e-05
8.78911e-05
8.78577e-05
8.78242e-05
8.77908e-05
8.77574e-05
8.77241e-05
8.76907e-05
8.76574e-05
8.76241e-05
8.75909e-05
8.75577e-05
8.75245e-05
8.74914e-05
8.74582e-05
8.74251e-05
8.73921e-05
8.7359e-05
8.7326e-05
8.7293e-05
8.72601e-05
8.72272e-05
8.71943e-05
8.71614e-05
8.71286e-05
8.70958e-05
8.7063e-05
8.70302e-05
8.69975e-05
8.69648e-05
8.69322e-05
8.68995e-05
8.68669e-05
8.68344e-05
8.68018e-05
8.67693e-05
8.67368e-05
8.67043e-05
8.66719e-05
8.66395e-05
8.66071e-05
8.65748e-05
8.65425e-05
8.65102e-05
8.64779e-05
8.64457e-05
8.64135e-05
8.63813e-05
8.63492e-05
8.6317e-05
8.62849e-05
8.62529e-05
8.62208e-05
8.61888e-05
8.61569e-05
8.61249e-05
8.6093e-05
8.60611e-05
8.60292e-05
8.59974e-05
8.59656e-05
8.59338e-05
8.5902e-05
8.58703e-05
8.58386e-05
8.5807e-05
8.57753e-05
8.57437e-05
8.57121e-05
8.56805e-05
8.5649e-05
8.56175e-05
8.5586e-05
8.55546e-05
8.55232e-05
8.54918e-05
8.54604e-05
8.54291e-05
8.53978e-05
8.53665e-05
8.53352e-05
8.5304e-05
8.52728e-05
8.52416e-05
8.52105e-05
8.51794e-05
8.51483e-05
8.51172e-05
8.50862e-05
8.50552e-05
8.50242e-05
8.49932e-05
8.49623e-05
8.49314e-05
8.49006e-05
8.48697e-05
8.48389e-05
8.48081e-05
8.47773e-05
8.47466e-05
8.47159e-05
8.46852e-05
8.46546e-05
8.46239e-05
8.45933e-05
8.45628e-05
8.45322e-05
8.45017e-05
8.44712e-05
8.44407e-05
8.44103e-05
8.43799e-05
8.43495e-05
8.43191e-05
8.42888e-05
8.42585e-05
8.42282e-05
8.4198e-05
8.41677e-05
8.41375e-05
8.41074e-05
8.40772e-05
8.40471e-05
8.4017e-05
8.3987e-05
8.39569e-05
8.39269e-05
8.38969e-05
8.3867e-05
8.3837e-05
8.38071e-05
8.37772e-05
8.37474e-05
8.37175e-05
8.36877e-05
8.3658e-05
8.36282e-05
8.35985e-05
8.35688e-05
8.35391e-05
8.35095e-05
8.34799e-05
8.34503e-05
8.34207e-05
8.33912e-05
8.33617e-05
8.33322e-05
8.33027e-05
8.32733e-05
8.32439e-05
8.32145e-05
8.31851e-05
8.31558e-05
8.31265e-05
8.30972e-05
8.30679e-05
8.30387e-05
8.30095e-05
8.29803e-05
8.29512e-05
8.2922e-05
8.28929e-05
8.28639e-05
8.28348e-05
8.28058e-05
8.27768e-05
8.27478e-05
8.27189e-05
8.269e-05
8.26611e-05
8.26322e-05
8.26033e-05
8.25745e-05
8.25457e-05
8.2517e-05
8.24882e-05
8.24595e-05
8.24308e-05
8.24021e-05
8.23735e-05
8.23449e-05
8.23163e-05
8.22877e-05
8.22592e-05
8.22306e-05
8.22022e-05
8.21737e-05
8.21452e-05
8.21168e-05
8.20884e-05
8.20601e-05
8.20317e-05
8.20034e-05
8.19751e-05
8.19469e-05
8.19186e-05
8.18904e-05
8.18622e-05
8.1834e-05
8.18059e-05
8.17778e-05
8.17497e-05
8.17216e-05
8.16936e-05
8.16656e-05
8.16376e-05
8.16096e-05
8.15816e-05
8.15537e-05
8.15258e-05
8.1498e-05
8.14701e-05
8.14423e-05
8.14145e-05
8.13867e-05
8.1359e-05
8.13313e-05
8.13036e-05
8.12759e-05
8.12482e-05
8.12206e-05
8.1193e-05
8.11654e-05
8.11379e-05
8.11103e-05
8.10828e-05
8.10554e-05
8.10279e-05
8.10005e-05
8.09731e-05
8.09457e-05
8.09183e-05
8.0891e-05
8.08637e-05
8.08364e-05
8.08091e-05
8.07819e-05
8.07547e-05
8.07275e-05
8.07003e-05
8.06732e-05
8.0646e-05
8.06189e-05
8.05919e-05
8.05648e-05
8.05378e-05
8.05108e-05
8.04838e-05
8.04569e-05
8.04299e-05
8.0403e-05
8.03762e-05
8.03493e-05
8.03225e-05
8.02957e-05
8.02689e-05
8.02421e-05
8.02154e-05
8.01887e-05
8.0162e-05
8.01353e-05
8.01087e-05
8.0082e-05
8.00554e-05
8.00289e-05
8.00023e-05
7.99758e-05
7.99493e-05
7.99228e-05
7.98963e-05
7.98699e-05
7.98435e-05
7.98171e-05
7.97907e-05
7.97644e-05
7.97381e-05
7.97118e-05
7.96855e-05
7.96593e-05
7.9633e-05
7.96068e-05
7.95807e-05
7.95545e-05
7.95284e-05
7.95023e-05
7.94762e-05
7.94501e-05
7.94241e-05
7.9398e-05
7.93721e-05
7.93461e-05
7.93201e-05
7.92942e-05
7.92683e-05
7.92424e-05
7.92166e-05
7.91907e-05
7.91649e-05
7.91391e-05
7.91134e-05
7.90876e-05
7.90619e-05
7.90362e-05
7.90105e-05
7.89849e-05
7.89592e-05
7.89336e-05
7.8908e-05
7.88825e-05
7.88569e-05
7.88314e-05
7.88059e-05
7.87804e-05
7.8755e-05
7.87296e-05
7.87042e-05
7.86788e-05
7.86534e-05
7.86281e-05
7.86028e-05
7.85775e-05
7.85522e-05
7.8527e-05
7.85017e-05
7.84765e-05
7.84513e-05
7.84262e-05
7.8401e-05
7.83759e-05
7.83508e-05
7.83258e-05
7.83007e-05
7.82757e-05
7.82507e-05
7.82257e-05
7.82007e-05
7.81758e-05
7.81509e-05
7.8126e-05
7.81011e-05
7.80763e-05
7.80514e-05
7.80266e-05
7.80018e-05
7.79771e-05
7.79523e-05
7.79276e-05
7.79029e-05
7.78782e-05
7.78536e-05
7.78289e-05
7.78043e-05
7.77797e-05
7.77552e-05
7.77306e-05
7.77061e-05
7.76816e-05
7.76571e-05
7.76327e-05
7.76082e-05
7.75838e-05
7.75594e-05
7.7535e-05
7.75107e-05
7.74863e-05
7.7462e-05
7.74378e-05
7.74135e-05
7.73892e-05
7.7365e-05
7.73408e-05
7.73166e-05
7.72925e-05
7.72683e-05
7.72442e-05
7.72201e-05
7.7196e-05
7.7172e-05
7.7148e-05
7.7124e-05
7.71e-05
7.7076e-05
7.7052e-05
7.70281e-05
7.70042e-05
7.69803e-05
7.69565e-05
7.69326e-05
7.69088e-05
7.6885e-05
7.68612e-05
7.68375e-05
7.68137e-05
7.679e-05
7.67663e-05
7.67426e-05
7.6719e-05
7.66954e-05
7.66717e-05
7.66482e-05
7.66246e-05
7.6601e-05
7.65775e-05
7.6554e-05
7.65305e-05
7.65071e-05
7.64836e-05
7.64602e-05
7.64368e-05
7.64134e-05
7.639e-05
7.63667e-05
7.63434e-05
7.63201e-05
7.62968e-05
7.62735e-05
7.62503e-05
7.62271e-05
7.62039e-05
7.61807e-05
7.61575e-05
7.61344e-05
7.61113e-05
7.60882e-05
7.60651e-05
7.60421e-05
7.6019e-05
7.5996e-05
7.5973e-05
7.595e-05
7.59271e-05
7.59041e-05
7.58812e-05
7.58583e-05
7.58355e-05
7.58126e-05
7.57898e-05
7.5767e-05
7.57442e-05
7.57214e-05
7.56986e-05
7.56759e-05
7.56532e-05
7.56305e-05
7.56078e-05
7.55852e-05
7.55626e-05
7.55399e-05
7.55174e-05
7.54948e-05
7.54722e-05
7.54497e-05
7.54272e-05
7.54047e-05
7.53822e-05
7.53598e-05
7.53373e-05
7.53149e-05
7.52925e-05
7.52701e-05
7.52478e-05
7.52255e-05
7.52031e-05
7.51809e-05
7.51586e-05
7.51363e-05
7.51141e-05
7.50919e-05
7.50697e-05
7.50475e-05
7.50253e-05
7.50032e-05
7.49811e-05
7.4959e-05
7.49369e-05
7.49148e-05
7.48928e-05
7.48708e-05
7.48488e-05
7.48268e-05
7.48048e-05
7.47829e-05
7.4761e-05
7.47391e-05
7.47172e-05
7.46953e-05
7.46735e-05
7.46516e-05
7.46298e-05
7.4608e-05
7.45863e-05
7.45645e-05
7.45428e-05
7.45211e-05
7.44994e-05
7.44777e-05
7.44561e-05
7.44344e-05
7.44128e-05
7.43912e-05
7.43696e-05
7.43481e-05
7.43265e-05
7.4305e-05
7.42835e-05
7.4262e-05
7.42406e-05
7.42191e-05
7.41977e-05
7.41763e-05
7.41549e-05
7.41335e-05
7.41122e-05
7.40908e-05
7.40695e-05
7.40482e-05
7.40269e-05
7.40057e-05
7.39845e-05
7.39632e-05
7.3942e-05
7.39208e-05
7.38997e-05
7.38785e-05
7.38574e-05
7.38363e-05
7.38152e-05
7.37941e-05
7.37731e-05
7.37521e-05
7.3731e-05
7.37101e-05
7.36891e-05
7.36681e-05
7.36472e-05
7.36263e-05
7.36054e-05
7.35845e-05
7.35636e-05
7.35428e-05
7.35219e-05
7.35011e-05
7.34803e-05
7.34595e-05
7.34388e-05
7.34181e-05
7.33973e-05
7.33766e-05
7.33559e-05
7.33353e-05
7.33146e-05
7.3294e-05
7.32734e-05
7.32528e-05
7.32322e-05
7.32117e-05
7.31911e-05
7.31706e-05
7.31501e-05
7.31296e-05
7.31092e-05
7.30887e-05
7.30683e-05
7.30479e-05
7.30275e-05
7.30071e-05
7.29868e-05
7.29664e-05
7.29461e-05
7.29258e-05
7.29055e-05
7.28852e-05
7.2865e-05
7.28448e-05
7.28246e-05
7.28044e-05
7.27842e-05
7.2764e-05
7.27439e-05
7.27238e-05
7.27036e-05
7.26836e-05
7.26635e-05
7.26434e-05
7.26234e-05
7.26034e-05
7.25834e-05
7.25634e-05
7.25434e-05
7.25235e-05
7.25036e-05
7.24836e-05
7.24637e-05
7.24439e-05
7.2424e-05
7.24042e-05
7.23843e-05
7.23645e-05
7.23447e-05
7.2325e-05
7.23052e-05
7.22855e-05
7.22658e-05
7.22461e-05
7.22264e-05
7.22067e-05
7.21871e-05
7.21674e-05
7.21478e-05
7.21282e-05
7.21086e-05
7.20891e-05
7.20695e-05
7.205e-05
7.20305e-05
7.2011e-05
7.19915e-05
7.19721e-05
7.19526e-05
7.19332e-05
7.19138e-05
7.18944e-05
7.1875e-05
7.18557e-05
7.18363e-05
7.1817e-05
7.17977e-05
7.17784e-05
7.17591e-05
7.17399e-05
7.17206e-05
7.17014e-05
7.16822e-05
7.1663e-05
7.16438e-05
7.16247e-05
7.16056e-05
7.15864e-05
7.15673e-05
7.15482e-05
7.15292e-05
7.15101e-05
7.14911e-05
7.14721e-05
7.14531e-05
7.14341e-05
7.14151e-05
7.13962e-05
7.13772e-05
7.13583e-05
7.13394e-05
7.13205e-05
7.13017e-05
7.12828e-05
7.1264e-05
7.12452e-05
7.12264e-05
7.12076e-05
7.11888e-05
7.11701e-05
7.11513e-05
7.11326e-05
7.11139e-05
7.10952e-05
7.10766e-05
7.10579e-05
7.10393e-05
7.10206e-05
7.1002e-05
7.09835e-05
7.09649e-05
7.09463e-05
7.09278e-05
7.09093e-05
7.08908e-05
7.08723e-05
7.08538e-05
7.08354e-05
7.08169e-05
7.07985e-05
7.07801e-05
7.07617e-05
7.07433e-05
7.0725e-05
7.07066e-05
7.06883e-05
7.067e-05
7.06517e-05
7.06334e-05
7.06152e-05
7.05969e-05
7.05787e-05
7.05605e-05
7.05423e-05
7.05241e-05
7.05059e-05
7.04878e-05
7.04696e-05
7.04515e-05
7.04334e-05
7.04153e-05
7.03973e-05
7.03792e-05
7.03612e-05
7.03432e-05
7.03252e-05
7.03072e-05
7.02892e-05
7.02712e-05
7.02533e-05
7.02354e-05
7.02175e-05
7.01996e-05
7.01817e-05
7.01638e-05
7.0146e-05
7.01282e-05
7.01104e-05
7.00926e-05
7.00748e-05
7.0057e-05
7.00393e-05
7.00215e-05
7.00038e-05
6.99861e-05
6.99684e-05
6.99507e-05
6.99331e-05
6.99154e-05
6.98978e-05
6.98802e-05
6.98626e-05
6.9845e-05
6.98274e-05
6.98099e-05
6.97924e-05
6.97748e-05
6.97573e-05
6.97399e-05
6.97224e-05
6.97049e-05
6.96875e-05
6.96701e-05
6.96527e-05
6.96353e-05
6.96179e-05
6.96005e-05
6.95832e-05
6.95658e-05
6.95485e-05
6.95312e-05
6.95139e-05
6.94967e-05
6.94794e-05
6.94622e-05
6.94449e-05
6.94277e-05
6.94105e-05
6.93933e-05
6.93762e-05
6.9359e-05
6.93419e-05
6.93248e-05
6.93077e-05
6.92906e-05
6.92735e-05
6.92564e-05
6.92394e-05
6.92224e-05
6.92054e-05
6.91884e-05
6.91714e-05
6.91544e-05
6.91375e-05
6.91205e-05
6.91036e-05
6.90867e-05
6.90698e-05
6.90529e-05
6.9036e-05
6.90192e-05
6.90024e-05
6.89855e-05
6.89687e-05
6.89519e-05
6.89352e-05
6.89184e-05
6.89017e-05
6.88849e-05
6.88682e-05
6.88515e-05
6.88348e-05
6.88182e-05
6.88015e-05
6.87849e-05
6.87682e-05
6.87516e-05
6.8735e-05
6.87184e-05
6.87019e-05
6.86853e-05
6.86688e-05
6.86522e-05
6.86357e-05
6.86192e-05
6.86028e-05
6.85863e-05
6.85698e-05
6.85534e-05
6.8537e-05
6.85206e-05
6.85042e-05
6.84878e-05
6.84714e-05
6.84551e-05
6.84387e-05
6.84224e-05
6.84061e-05
6.83898e-05
6.83735e-05
6.83573e-05
6.8341e-05
6.83248e-05
6.83086e-05
6.82924e-05
6.82762e-05
6.826e-05
6.82438e-05
6.82277e-05
6.82115e-05
6.81954e-05
6.81793e-05
6.81632e-05
6.81471e-05
6.81311e-05
6.8115e-05
6.8099e-05
6.8083e-05
6.8067e-05
6.8051e-05
6.8035e-05
6.8019e-05
6.80031e-05
6.79871e-05
6.79712e-05
6.79553e-05
6.79394e-05
6.79235e-05
6.79077e-05
6.78918e-05
6.7876e-05
6.78601e-05
6.78443e-05
6.78285e-05
6.78128e-05
6.7797e-05
6.77812e-05
6.77655e-05
6.77498e-05
6.7734e-05
6.77183e-05
6.77027e-05
6.7687e-05
6.76713e-05
6.76557e-05
6.76401e-05
6.76244e-05
6.76088e-05
6.75933e-05
6.75777e-05
6.75621e-05
6.75466e-05
6.7531e-05
6.75155e-05
6.75e-05
6.74845e-05
6.7469e-05
6.74536e-05
6.74381e-05
6.74227e-05
6.74073e-05
6.73918e-05
6.73765e-05
6.73611e-05
6.73457e-05
6.73303e-05
6.7315e-05
6.72997e-05
6.72844e-05
6.72691e-05
6.72538e-05
6.72385e-05
6.72232e-05
6.7208e-05
6.71927e-05
6.71775e-05
6.71623e-05
6.71471e-05
6.71319e-05
6.71168e-05
6.71016e-05
6.70865e-05
6.70714e-05
6.70562e-05
6.70411e-05
6.70261e-05
6.7011e-05
6.69959e-05
6.69809e-05
6.69658e-05
6.69508e-05
6.69358e-05
6.69208e-05
6.69058e-05
6.68909e-05
6.68759e-05
6.6861e-05
6.68461e-05
6.68311e-05
6.68162e-05
6.68013e-05
6.67865e-05
6.67716e-05
6.67568e-05
6.67419e-05
6.67271e-05
6.67123e-05
6.66975e-05
6.66827e-05
6.66679e-05
6.66532e-05
6.66384e-05
6.66237e-05
6.6609e-05
6.65943e-05
6.65796e-05
6.65649e-05
6.65503e-05
6.65356e-05
6.6521e-05
6.65063e-05
6.64917e-05
6.64771e-05
6.64625e-05
6.6448e-05
6.64334e-05
6.64188e-05
6.64043e-05
6.63898e-05
6.63753e-05
6.63608e-05
6.63463e-05
6.63318e-05
6.63174e-05
6.63029e-05
6.62885e-05
6.6274e-05
6.62596e-05
6.62452e-05
6.62309e-05
6.62165e-05
6.62021e-05
6.61878e-05
6.61735e-05
6.61591e-05
6.61448e-05
6.61305e-05
6.61163e-05
6.6102e-05
6.60877e-05
6.60735e-05
6.60592e-05
6.6045e-05
6.60308e-05
6.60166e-05
6.60024e-05
6.59883e-05
6.59741e-05
6.596e-05
6.59458e-05
6.59317e-05
6.59176e-05
6.59035e-05
6.58894e-05
6.58754e-05
6.58613e-05
6.58473e-05
6.58332e-05
6.58192e-05
6.58052e-05
6.57912e-05
6.57772e-05
6.57633e-05
6.57493e-05
6.57354e-05
6.57214e-05
6.57075e-05
6.56936e-05
6.56797e-05
6.56658e-05
6.5652e-05
6.56381e-05
6.56243e-05
6.56104e-05
6.55966e-05
6.55828e-05
6.5569e-05
6.55552e-05
6.55414e-05
6.55277e-05
6.55139e-05
6.55002e-05
6.54865e-05
6.54727e-05
6.5459e-05
6.54454e-05
6.54317e-05
6.5418e-05
6.54044e-05
6.53907e-05
6.53771e-05
6.53635e-05
6.53499e-05
6.53363e-05
6.53227e-05
6.53091e-05
6.52956e-05
6.5282e-05
6.52685e-05
6.5255e-05
6.52415e-05
6.5228e-05
6.52145e-05
6.5201e-05
6.51876e-05
6.51741e-05
6.51607e-05
6.51473e-05
6.51338e-05
6.51204e-05
6.51071e-05
6.50937e-05
6.50803e-05
6.5067e-05
6.50536e-05
6.50403e-05
6.5027e-05
6.50137e-05
6.50004e-05
6.49871e-05
6.49738e-05
6.49606e-05
6.49473e-05
6.49341e-05
6.49208e-05
6.49076e-05
6.48944e-05
6.48812e-05
6.48681e-05
6.48549e-05
6.48417e-05
6.48286e-05
6.48155e-05
6.48024e-05
6.47892e-05
6.47762e-05
6.47631e-05
6.475e-05
6.47369e-05
6.47239e-05
6.47108e-05
6.46978e-05
6.46848e-05
6.46718e-05
6.46588e-05
6.46458e-05
6.46329e-05
6.46199e-05
6.4607e-05
6.4594e-05
6.45811e-05
6.45682e-05
6.45553e-05
6.45424e-05
6.45295e-05
6.45166e-05
6.45038e-05
6.44909e-05
6.44781e-05
6.44653e-05
6.44525e-05
6.44397e-05
6.44269e-05
6.44141e-05
6.44014e-05
6.43886e-05
6.43759e-05
6.43631e-05
6.43504e-05
6.43377e-05
6.4325e-05
6.43123e-05
6.42996e-05
6.4287e-05
6.42743e-05
6.42617e-05
6.42491e-05
6.42364e-05
6.42238e-05
6.42112e-05
6.41987e-05
6.41861e-05
6.41735e-05
6.4161e-05
6.41484e-05
6.41359e-05
6.41234e-05
6.41109e-05
6.40984e-05
6.40859e-05
6.40734e-05
6.4061e-05
6.40485e-05
6.40361e-05
6.40236e-05
6.40112e-05
6.39988e-05
6.39864e-05
6.3974e-05
6.39616e-05
6.39493e-05
6.39369e-05
6.39246e-05
6.39123e-05
6.38999e-05
6.38876e-05
6.38753e-05
6.3863e-05
6.38508e-05
6.38385e-05
6.38262e-05
6.3814e-05
6.38018e-05
6.37895e-05
6.37773e-05
6.37651e-05
6.37529e-05
6.37408e-05
6.37286e-05
6.37164e-05
6.37043e-05
6.36921e-05
6.368e-05
6.36679e-05
6.36558e-05
6.36437e-05
6.36316e-05
6.36195e-05
6.36075e-05
6.35954e-05
6.35834e-05
6.35714e-05
6.35593e-05
6.35473e-05
6.35353e-05
6.35233e-05
6.35114e-05
6.34994e-05
6.34875e-05
6.34755e-05
6.34636e-05
6.34516e-05
6.34397e-05
6.34278e-05
6.34159e-05
6.34041e-05
6.33922e-05
6.33803e-05
6.33685e-05
6.33566e-05
6.33448e-05
6.3333e-05
6.33212e-05
6.33094e-05
6.32976e-05
6.32858e-05
6.32741e-05
6.32623e-05
6.32505e-05
6.32388e-05
6.32271e-05
6.32154e-05
6.32037e-05
6.3192e-05
6.31803e-05
6.31686e-05
6.3157e-05
6.31453e-05
6.31337e-05
6.3122e-05
6.31104e-05
6.30988e-05
6.30872e-05
6.30756e-05
6.3064e-05
6.30525e-05
6.30409e-05
6.30293e-05
6.30178e-05
6.30063e-05
6.29948e-05
6.29832e-05
6.29717e-05
6.29603e-05
6.29488e-05
6.29373e-05
6.29259e-05
6.29144e-05
6.2903e-05
6.28915e-05
6.28801e-05
6.28687e-05
6.28573e-05
6.28459e-05
6.28346e-05
6.28232e-05
6.28118e-05
6.28005e-05
6.27891e-05
6.27778e-05
6.27665e-05
6.27552e-05
6.27439e-05
6.27326e-05
6.27213e-05
6.27101e-05
6.26988e-05
6.26876e-05
6.26763e-05
6.26651e-05
6.26539e-05
6.26427e-05
6.26315e-05
6.26203e-05
6.26091e-05
6.25979e-05
6.25868e-05
6.25756e-05
6.25645e-05
6.25534e-05
6.25422e-05
6.25311e-05
6.252e-05
6.25089e-05
6.24979e-05
6.24868e-05
6.24757e-05
6.24647e-05
6.24536e-05
6.24426e-05
6.24316e-05
6.24206e-05
6.24096e-05
6.23986e-05
6.23876e-05
6.23766e-05
6.23657e-05
6.23547e-05
6.23438e-05
6.23328e-05
6.23219e-05
6.2311e-05
6.23001e-05
6.22892e-05
6.22783e-05
6.22675e-05
6.22566e-05
6.22457e-05
6.22349e-05
6.2224e-05
6.22132e-05
6.22024e-05
6.21916e-05
6.21808e-05
6.217e-05
6.21592e-05
6.21485e-05
6.21377e-05
6.21269e-05
6.21162e-05
6.21055e-05
6.20947e-05
6.2084e-05
6.20733e-05
6.20626e-05
6.2052e-05
6.20413e-05
6.20306e-05
6.202e-05
6.20093e-05
6.19987e-05
6.1988e-05
6.19774e-05
6.19668e-05
6.19562e-05
6.19456e-05
6.1935e-05
6.19245e-05
6.19139e-05
6.19034e-05
6.18928e-05
6.18823e-05
6.18718e-05
6.18612e-05
6.18507e-05
6.18402e-05
6.18297e-05
6.18193e-05
6.18088e-05
6.17983e-05
6.17879e-05
6.17774e-05
6.1767e-05
6.17566e-05
6.17462e-05
6.17358e-05
6.17254e-05
6.1715e-05
6.17046e-05
6.16942e-05
6.16839e-05
6.16735e-05
6.16632e-05
6.16529e-05
6.16425e-05
6.16322e-05
6.16219e-05
6.16116e-05
6.16013e-05
6.15911e-05
6.15808e-05
6.15705e-05
6.15603e-05
6.15501e-05
6.15398e-05
6.15296e-05
6.15194e-05
6.15092e-05
6.1499e-05
6.14888e-05
6.14786e-05
6.14685e-05
6.14583e-05
6.14482e-05
6.1438e-05
6.14279e-05
6.14178e-05
6.14076e-05
6.13975e-05
6.13874e-05
6.13774e-05
6.13673e-05
6.13572e-05
6.13471e-05
6.13371e-05
6.13271e-05
6.1317e-05
6.1307e-05
6.1297e-05
6.1287e-05
6.1277e-05
6.1267e-05
6.1257e-05
6.1247e-05
6.12371e-05
6.12271e-05
6.12172e-05
6.12072e-05
6.11973e-05
6.11874e-05
6.11775e-05
6.11676e-05
6.11577e-05
6.11478e-05
6.11379e-05
6.11281e-05
6.11182e-05
6.11084e-05
6.10985e-05
6.10887e-05
6.10789e-05
6.1069e-05
6.10592e-05
6.10494e-05
6.10397e-05
6.10299e-05
6.10201e-05
6.10103e-05
6.10006e-05
6.09908e-05
6.09811e-05
6.09714e-05
6.09617e-05
6.09519e-05
6.09422e-05
6.09326e-05
6.09229e-05
6.09132e-05
6.09035e-05
6.08939e-05
6.08842e-05
6.08746e-05
6.08649e-05
6.08553e-05
6.08457e-05
6.08361e-05
6.08265e-05
6.08169e-05
6.08073e-05
6.07977e-05
6.07882e-05
6.07786e-05
6.07691e-05
6.07595e-05
6.075e-05
6.07405e-05
6.0731e-05
6.07215e-05
6.0712e-05
6.07025e-05
6.0693e-05
6.06835e-05
6.06741e-05
6.06646e-05
6.06551e-05
6.06457e-05
6.06363e-05
6.06269e-05
6.06174e-05
6.0608e-05
6.05986e-05
6.05893e-05
6.05799e-05
6.05705e-05
6.05611e-05
6.05518e-05
6.05424e-05
6.05331e-05
6.05238e-05
6.05144e-05
6.05051e-05
6.04958e-05
6.04865e-05
6.04772e-05

