5e-05
5e-05
5e-05
5e-05
5e-05
5e-05
5e-05
5e-05
5e-05
5e-05
5e-05
5e-05
5e-05
5e-05
5e-05
5e-05
5e-05
5e-05
5e-05
5e-05
5e-05
5e-05
5e-05
5e-05
5e-05
5e-05
5e-05
5e-05
5e-05
5e-05
5e-05
5e-05
5e-05
5e-05
5e-05
5e-05
5e-05
5e-05
5e-05
5e-05
5e-05
5e-05
5e-05
5e-05
5e-05
5e-05
5e-05
5e-05
5e-05
5e-05
5e-05
5e-05
5e-05
5e-05
5e-05
5e-05
5e-05
5e-05
5e-05
5e-05
5e-05
5e-05
5e-05
5e-05
5e-05
5e-05
5e-05
5e-05
5e-05
5e-05
5e-05
5e-05
5e-05
5e-05
5e-05
5e-05
5e-05
5e-05
5e-05
5e-05
5e-05
5e-05
5e-05
5e-05
5e-05
5e-05
5e-05
5e-05
5e-05
5e-05
5e-05
5e-05
5e-05
5e-05
5e-05
5e-05
5e-05
5e-05
5e-05
5e-05
5e-05
5e-05
5e-05
5e-05
5e-05
5e-05
5e-05
5e-05
5e-05
5e-05
5e-05
5e-05
5e-05
5e-05
5e-05
5e-05
5e-05
5e-05
5e-05
5e-05
5e-05
5e-05
5e-05
5e-05
5e-05
5e-05
5e-05
5e-05
5e-05
5e-05
5e-05
5e-05
5e-05
5e-05
5e-05
5e-05
5e-05
5e-05
5e-05
5e-05
5e-05
5e-05
5e-05
5e-05
5e-05
5e-05
5e-05
5e-05
5e-05
5e-05
5e-05
5e-05
5e-05
5e-05
5e-05
5e-05
5e-05
5e-05
5e-05
5e-05
5e-05
5e-05
5e-05
5e-05
5e-05
5e-05
5e-05
5e-05
5e-05
5e-05
5e-05
5e-05
5e-05
5e-05
5e-05
5e-05
5e-05
5e-05
5e-05
5e-05
5e-05
5e-05
5e-05
5e-05
5e-05
5e-05
5e-05
5e-05
5e-05
5e-05
5e-05
5e-05
5e-05
5e-05
5e-05
5e-05
5e-05
5e-05
5e-05
5e-05
5e-05
5e-05
5e-05
5e-05
5e-05
5e-05
5e-05
5e-05
5e-05
5e-05
5e-05
5e-05
5e-05
5e-05
5e-05
5e-05
5e-05
5e-05
5e-05
5e-05
5e-05
5e-05
5e-05
5e-05
5e-05
5e-05
5e-05
5e-05
5e-05
5e-05
5e-05
5e-05
5e-05
5e-05
5e-05
5e-05
5e-05
5e-05
5e-05
5e-05
5e-05
5e-05
5e-05
5e-05
5e-05
5e-05
5e-05
5e-05
5e-05
5e-05
5e-05
5e-05
5e-05
5e-05
5e-05
5e-05
5e-05
5e-05
5e-05
5e-05
5e-05
5e-05
5e-05
5e-05
5e-05
5e-05
5e-05
5e-05
5e-05
5e-05
5e-05
5e-05
5e-05
5e-05
5e-05
5e-05
5e-05
5e-05
5e-05
5e-05
5e-05
5e-05
5e-05
5e-05
5e-05
5e-05
5e-05
5e-05
5e-05
5e-05
5e-05
5e-05
5e-05
5e-05
5e-05
5e-05
5e-05
5e-05
5e-05
5e-05
5e-05
5e-05
5e-05
5e-05
5e-05
5e-05
5e-05
5e-05
5e-05
5e-05
5e-05
5e-05
5e-05
5e-05
5e-05
5e-05
5e-05
5e-05
5e-05
5e-05
5e-05
5e-05
5e-05
5e-05
5e-05
5e-05
5e-05
5e-05
5e-05
5e-05
5e-05
5e-05
5e-05
5e-05
5e-05
5e-05
5e-05
5e-05
5e-05
5e-05
5e-05
5e-05
5e-05
5e-05
5e-05
5e-05
5e-05
5e-05
5e-05
5e-05
5e-05
5e-05
5e-05
5e-05
5e-05
5e-05
5e-05
5e-05
5e-05
5e-05
5e-05
5e-05
5e-05
5e-05
5e-05
5e-05
5e-05
5e-05
5e-05
5e-05
5e-05
5e-05
5e-05
5e-05
5e-05
5e-05
5e-05
5e-05
5e-05
5e-05
5e-05
5e-05
5e-05
5e-05
5e-05
5e-05
5e-05
5e-05
5e-05
5e-05
5e-05
5e-05
5e-05
5e-05
5e-05
5e-05
5e-05
5e-05
5e-05
5e-05
5e-05
5e-05
5e-05
5e-05
5e-05
5e-05
5e-05
5e-05
5e-05
5e-05
5e-05
5e-05
5e-05
5e-05
5e-05
5e-05
5e-05
5e-05
5e-05
5e-05
5e-05
5e-05
5e-05
5e-05
5e-05
5e-05
5e-05
5e-05
5e-05
5e-05
5e-05
5e-05
5e-05
5e-05
5e-05
5e-05
5e-05
5e-05
5e-05
5e-05
5e-05
5e-05
5e-05
5e-05
5e-05
5e-05
5e-05
5e-05
5e-05
5e-05
5e-05
5e-05
5e-05
5e-05
5e-05
5e-05
5e-05
5e-05
5e-05
5e-05
5e-05
5e-05
5e-05
5e-05
5e-05
5e-05
5e-05
5e-05
5e-05
5e-05
5e-05
5e-05
5e-05
5e-05
5e-05
5e-05
5e-05
5e-05
5e-05
5e-05
5e-05
5e-05
5e-05
5e-05
5e-05
5e-05
5e-05
5e-05
5e-05
5e-05
5e-05
5e-05
5e-05
5e-05
5e-05
5e-05
5e-05
5e-05
5e-05
5e-05
5e-05
5e-05
5e-05
5e-05
5e-05
5e-05
5e-05
5e-05
5e-05
5e-05
5e-05
5e-05
5e-05
5e-05
5e-05
5e-05
5e-05
5e-05
5e-05
5e-05
5e-05
5e-05
5e-05
5e-05
5e-05
5e-05
5e-05
5e-05
5e-05
5e-05
5e-05
5e-05
5e-05
5e-05
5e-05
5e-05
5e-05
5e-05
5e-05
5e-05
5e-05
5e-05
5e-05
5e-05
5e-05
5e-05
5e-05
5e-05
5e-05
5e-05
5e-05
5e-05
5e-05
5e-05
5e-05
5e-05
5e-05
5e-05
5e-05
5e-05
5e-05
5e-05
5e-05
5e-05
5e-05
5e-05
5e-05
5e-05
5e-05
5e-05
5e-05
5e-05
5e-05
5e-05
5e-05
5e-05
5e-05
5e-05
5e-05
5e-05
5e-05
5e-05
5e-05
5e-05
5e-05
5e-05
5e-05
5e-05
5e-05
5e-05
5e-05
5e-05
5e-05
5e-05
5e-05
5e-05
5e-05
5e-05
5e-05
5e-05
5e-05
5e-05
5e-05
5e-05
5e-05
5e-05
5e-05
5e-05
5e-05
5e-05
5e-05
5e-05
5e-05
5e-05
5e-05
5e-05
5e-05
5e-05
5e-05
5e-05
5e-05
5e-05
5e-05
5e-05
5e-05
5e-05
5e-05
5e-05
5e-05
5e-05
5e-05
5e-05
5e-05
5e-05
5e-05
5e-05
5e-05
5e-05
5e-05
5e-05
5e-05
5e-05
5e-05
5e-05
5e-05
5e-05
5e-05
5e-05
5e-05
5e-05
5e-05
5e-05
5e-05
5e-05
5e-05
5e-05
5e-05
5e-05
5e-05
5e-05
5e-05
5e-05
5e-05
5e-05
5e-05
5e-05
5e-05
5e-05
5e-05
5e-05
5e-05
5e-05
5e-05
5e-05
5e-05
5e-05
5e-05
5e-05
5e-05
5e-05
5e-05
5e-05
5e-05
5e-05
5e-05
5e-05
5e-05
5e-05
5e-05
5e-05
5e-05
5e-05
5e-05
5e-05
5e-05
5e-05
5e-05
5e-05
5e-05
5e-05
5e-05
5e-05
5e-05
5e-05
5e-05
5e-05
5e-05
5e-05
5e-05
5e-05
5e-05
5e-05
5e-05
5e-05
5e-05
5e-05
5e-05
5e-05
5e-05
5e-05
5e-05
5e-05
5e-05
5e-05
5e-05
5e-05
5e-05
5e-05
5e-05
5e-05
5e-05
5e-05
5e-05
5e-05
5e-05
5e-05
5e-05
5e-05
5e-05
5e-05
5e-05
5e-05
5e-05
5e-05
5e-05
5e-05
5e-05
5e-05
5e-05
5e-05
5e-05
5e-05
5e-05
5e-05
5e-05
5e-05
5e-05
5e-05
5e-05
5e-05
5e-05
5e-05
5e-05
5e-05
5e-05
5e-05
5e-05
5e-05
5e-05
5e-05
5e-05
5e-05
5e-05
5e-05
5e-05
5e-05
5e-05
5e-05
5e-05
5e-05
5e-05
5e-05
5e-05
5e-05
5e-05
5e-05
5e-05
5e-05
5e-05
5e-05
5e-05
5e-05
5e-05
5e-05
5e-05
5e-05
5e-05
5e-05
5e-05
5e-05
5e-05
5.06016e-05
5.23151e-05
5.54112e-05
5.99535e-05
6.58696e-05
7.3014e-05
8.1213e-05
9.02915e-05
0.000100088
0.000110461
0.000121291
0.000132477
0.00014394
0.000155615
0.000167449
0.000179401
0.000191439
0.000203538
0.000215678
0.000227842
0.000240019
0.0002522
0.000264377
0.000276544
0.000288697
0.000300833
0.000312949
0.000325042
0.000337113
0.000349158
0.000361178
0.000373171
0.000385138
0.000397077
0.000408989
0.000420874
0.00043273
0.000444559
0.00045636
0.000468132
0.000479877
0.000491594
0.000503284
0.000514945
0.000526579
0.000538185
0.000549764
0.000561315
0.000572838
0.000584335
0.000595804
0.000607246
0.000618661
0.000630048
0.000641409
0.000652744
0.000664051
0.000675332
0.000686586
0.000697813
0.000709015
0.000720189
0.000731338
0.00074246
0.000753557
0.000764627
0.000775672
0.00078669
0.000797683
0.000808651
0.000819592
0.000830508
0.000841399
0.000852264
0.000863104
0.000873919
0.000884709
0.000895474
0.000906214
0.000916929
0.000927017
0.000935969
0.000943512
0.000949584
0.000954257
0.000957674
0.000960011
0.000961442
0.000962129
0.000962212
0.000961813
0.000961031
0.000959946
0.000958624
0.000957117
0.000955465
0.000953702
0.000951853
0.000949938
0.000947973
0.00094597
0.000943939
0.000941886
0.000939818
0.000937739
0.000935654
0.000933563
0.00093147
0.000929377
0.000927284
0.000925192
0.000923103
0.000921016
0.000918933
0.000916853
0.000914778
0.000912706
0.000910639
0.000908576
0.000906518
0.000904464
0.000902415
0.000900371
0.000898331
0.000896296
0.000894265
0.00089224
0.000890219
0.000888203
0.000886191
0.000884184
0.000882182
0.000880185
0.000878192
0.000876204
0.000874221
0.000872243
0.000870269
0.000868299
0.000866335
0.000864375
0.000862419
0.000860469
0.000858522
0.000856581
0.000854644
0.000852711
0.000850784
0.00084886
0.000846941
0.000845027
0.000843117
0.000841212
0.000839311
0.000837415
0.000835524
0.000833636
0.000831753
0.000829875
0.000828001
0.000826132
0.000824266
0.000822406
0.000820549
0.000818698
0.00081685
0.000815007
0.000813168
0.000811334
0.000809504
0.000807678
0.000805856
0.000804039
0.000802226
0.000800418
0.000798613
0.000796813
0.000795018
0.000793226
0.000791439
0.000789656
0.000787877
0.000786102
0.000784332
0.000782566
0.000780804
0.000779046
0.000777292
0.000775543
0.000773797
0.000772056
0.000770319
0.000768586
0.000766857
0.000765132
0.000763411
0.000761695
0.000759982
0.000758273
0.000756569
0.000754869
0.000753172
0.00075148
0.000749791
0.000748107
0.000746427
0.00074475
0.000743078
0.000741409
0.000739745
0.000738084
0.000736428
0.000734775
0.000733126
0.000731482
0.000729841
0.000728204
0.00072657
0.000724941
0.000723316
0.000721694
0.000720077
0.000718463
0.000716853
0.000715246
0.000713644
0.000712046
0.000710451
0.00070886
0.000707273
0.000705689
0.00070411
0.000702534
0.000700961
0.000699393
0.000697828
0.000696267
0.00069471
0.000693157
0.000691607
0.00069006
0.000688518
0.000686979
0.000685444
0.000683912
0.000682385
0.00068086
0.00067934
0.000677823
0.000676309
0.0006748
0.000673293
0.000671791
0.000670292
0.000668796
0.000667304
0.000665816
0.000664331
0.00066285
0.000661372
0.000659898
0.000658427
0.00065696
0.000655496
0.000654036
0.000652579
0.000651126
0.000649676
0.00064823
0.000646787
0.000645348
0.000643912
0.000642479
0.00064105
0.000639624
0.000638202
0.000636783
0.000635367
0.000633955
0.000632546
0.00063114
0.000629738
0.000628339
0.000626944
0.000625552
0.000624163
0.000622777
0.000621395
0.000620016
0.000618641
0.000617268
0.000615899
0.000614533
0.000613171
0.000611812
0.000610456
0.000609103
0.000607753
0.000606407
0.000605064
0.000603724
0.000602387
0.000601054
0.000599723
0.000598396
0.000597072
0.000595751
0.000594434
0.000593119
0.000591808
0.0005905
0.000589195
0.000587893
0.000586594
0.000585298
0.000584005
0.000582716
0.000581429
0.000580146
0.000578865
0.000577588
0.000576314
0.000575043
0.000573774
0.000572509
0.000571247
0.000569988
0.000568732
0.000567479
0.000566229
0.000564982
0.000563738
0.000562497
0.000561259
0.000560024
0.000558791
0.000557562
0.000556336
0.000555112
0.000553892
0.000552674
0.00055146
0.000550248
0.000549039
0.000547833
0.00054663
0.00054543
0.000544233
0.000543039
0.000541847
0.000540658
0.000539473
0.00053829
0.000537109
0.000535932
0.000534758
0.000533586
0.000532417
0.000531251
0.000530088
0.000528927
0.00052777
0.000526615
0.000525462
0.000524313
0.000523166
0.000522023
0.000520881
0.000519743
0.000518607
0.000517474
0.000516344
0.000515217
0.000514092
0.00051297
0.00051185
0.000510734
0.000509619
0.000508508
0.000507399
0.000506293
0.00050519
0.000504089
0.000502991
0.000501896
0.000500803
0.000499713
0.000498625
0.00049754
0.000496458
0.000495378
0.000494301
0.000493226
0.000492154
0.000491085
0.000490018
0.000488953
0.000487892
0.000486832
0.000485776
0.000484722
0.00048367
0.000482621
0.000481575
0.000480531
0.000479489
0.00047845
0.000477413
0.000476379
0.000475348
0.000474319
0.000473292
0.000472268
0.000471247
0.000470227
0.000469211
0.000468196
0.000467185
0.000466175
0.000465168
0.000464164
0.000463161
0.000462162
0.000461164
0.000460169
0.000459177
0.000458187
0.000457199
0.000456214
0.000455231
0.00045425
0.000453272
0.000452296
0.000451322
0.000450351
0.000449382
0.000448415
0.000447451
0.000446489
0.00044553
0.000444572
0.000443617
0.000442665
0.000441714
0.000440766
0.00043982
0.000438877
0.000437936
0.000436997
0.00043606
0.000435125
0.000434193
0.000433263
0.000432336
0.00043141
0.000430487
0.000429566
0.000428647
0.00042773
0.000426816
0.000425904
0.000424994
0.000424086
0.00042318
0.000422277
0.000421376
0.000420477
0.00041958
0.000418685
0.000417792
0.000416902
0.000416014
0.000415127
0.000414243
0.000413362
0.000412482
0.000411604
0.000410729
0.000409855
0.000408984
0.000408115
0.000407248
0.000406383
0.00040552
0.000404659
0.0004038
0.000402944
0.000402089
0.000401236
0.000400386
0.000399538
0.000398691
0.000397847
0.000397005
0.000396164
0.000395326
0.00039449
0.000393656
0.000392823
0.000391993
0.000391165
0.000390339
0.000389515
0.000388693
0.000387872
0.000387054
0.000386238
0.000385424
0.000384611
0.000383801
0.000382993
0.000382186
0.000381382
0.000380579
0.000379779
0.00037898
0.000378183
0.000377389
0.000376596
0.000375805
0.000375016
0.000374229
0.000373443
0.00037266
0.000371879
0.000371099
0.000370321
0.000369545
0.000368772
0.000368
0.000367229
0.000366461
0.000365695
0.00036493
0.000364167
0.000363406
0.000362647
0.00036189
0.000361135
0.000360381
0.000359629
0.000358879
0.000358131
0.000357385
0.000356641
0.000355898
0.000355157
0.000354418
0.000353681
0.000352945
0.000352211
0.000351479
0.000350749
0.000350021
0.000349294
0.000348569
0.000347846
0.000347125
0.000346405
0.000345687
0.000344971
0.000344256
0.000343544
0.000342833
0.000342123
0.000341416
0.00034071
0.000340006
0.000339303
0.000338603
0.000337904
0.000337206
0.000336511
0.000335817
0.000335125
0.000334434
0.000333745
0.000333058
0.000332372
0.000331688
0.000331006
0.000330325
0.000329646
0.000328969
0.000328293
0.000327619
0.000326947
0.000326276
0.000325607
0.00032494
0.000324274
0.000323609
0.000322947
0.000322286
0.000321626
0.000320968
0.000320312
0.000319657
0.000319004
0.000318353
0.000317703
0.000317054
0.000316408
0.000315762
0.000315119
0.000314477
0.000313836
0.000313197
0.00031256
0.000311924
0.00031129
0.000310657
0.000310025
0.000309396
0.000308768
0.000308141
0.000307516
0.000306892
0.00030627
0.000305649
0.00030503
0.000304413
0.000303796
0.000303182
0.000302569
0.000301957
0.000301347
0.000300738
0.000300131
0.000299525
0.000298921
0.000298318
0.000297717
0.000297117
0.000296519
0.000295922
0.000295326
0.000294732
0.00029414
0.000293548
0.000292959
0.00029237
0.000291783
0.000291198
0.000290614
0.000290031
0.00028945
0.00028887
0.000288292
0.000287715
0.00028714
0.000286565
0.000285993
0.000285421
0.000284851
0.000284283
0.000283715
0.00028315
0.000282585
0.000282022
0.00028146
0.0002809
0.000280341
0.000279783
0.000279227
0.000278672
0.000278118
0.000277566
0.000277015
0.000276466
0.000275917
0.00027537
0.000274825
0.000274281
0.000273738
0.000273196
0.000272656
0.000272117
0.000271579
0.000271043
0.000270508
0.000269974
0.000269442
0.000268911
0.000268381
0.000267852
0.000267325
0.000266799
0.000266274
0.000265751
0.000265228
0.000264708
0.000264188
0.00026367
0.000263152
0.000262637
0.000262122
0.000261609
0.000261096
0.000260586
0.000260076
0.000259568
0.000259061
0.000258555
0.00025805
0.000257547
0.000257044
0.000256543
0.000256044
0.000255545
0.000255048
0.000254552
0.000254057
0.000253563
0.00025307
0.000252579
0.000252089
0.0002516
0.000251112
0.000250626
0.00025014
0.000249656
0.000249173
0.000248691
0.000248211
0.000247731
0.000247253
0.000246776
0.0002463
0.000245825
0.000245351
0.000244879
0.000244407
0.000243937
0.000243468
0.000243
0.000242533
0.000242068
0.000241603
0.00024114
0.000240677
0.000240216
0.000239756
0.000239297
0.000238839
0.000238383
0.000237927
0.000237473
0.000237019
0.000236567
0.000236116
0.000235666
0.000235217
0.000234769
0.000234323
0.000233877
0.000233432
0.000232989
0.000232546
0.000232105
0.000231665
0.000231226
0.000230788
0.00023035
0.000229914
0.00022948
0.000229046
0.000228613
0.000228181
0.00022775
0.000227321
0.000226892
0.000226465
0.000226038
0.000225613
0.000225188
0.000224765
0.000224342
0.000223921
0.000223501
0.000223082
0.000222663
0.000222246
0.00022183
0.000221415
0.000221
0.000220587
0.000220175
0.000219764
0.000219354
0.000218945
0.000218536
0.000218129
0.000217723
0.000217318
0.000216914
0.00021651
0.000216108
0.000215707
0.000215307
0.000214907
0.000214509
0.000214112
0.000213715
0.00021332
0.000212925
0.000212532
0.000212139
0.000211748
0.000211357
0.000210968
0.000210579
0.000210191
0.000209804
0.000209418
0.000209033
0.000208649
0.000208266
0.000207884
0.000207503
0.000207123
0.000206744
0.000206365
0.000205988
0.000205611
0.000205235
0.000204861
0.000204487
0.000204114
0.000203742
0.000203371
0.000203001
0.000202631
0.000202263
0.000201896
0.000201529
0.000201163
0.000200799
0.000200435
0.000200072
0.00019971
0.000199348
0.000198988
0.000198629
0.00019827
0.000197912
0.000197555
0.000197199
0.000196844
0.00019649
0.000196137
0.000195784
0.000195433
0.000195082
0.000194732
0.000194383
0.000194035
0.000193687
0.000193341
0.000192995
0.00019265
0.000192306
0.000191963
0.000191621
0.000191279
0.000190939
0.000190599
0.00019026
0.000189922
0.000189584
0.000189248
0.000188912
0.000188577
0.000188243
0.00018791
0.000187578
0.000187246
0.000186915
0.000186585
0.000186256
0.000185928
0.0001856
0.000185273
0.000184947
0.000184622
0.000184298
0.000183974
0.000183651
0.000183329
0.000183008
0.000182688
0.000182368
0.000182049
0.000181731
0.000181414
0.000181097
0.000180781
0.000180466
0.000180152
0.000179839
0.000179526
0.000179214
0.000178903
0.000178593
0.000178283
0.000177974
0.000177666
0.000177359
0.000177052
0.000176746
0.000176441
0.000176137
0.000175833
0.00017553
0.000175228
0.000174926
0.000174626
0.000174326
0.000174027
0.000173728
0.00017343
0.000173133
0.000172837
0.000172542
0.000172247
0.000171953
0.000171659
0.000171366
0.000171075
0.000170783
0.000170493
0.000170203
0.000169914
0.000169625
0.000169338
0.000169051
0.000168764
0.000168479
0.000168194
0.00016791
0.000167626
0.000167343
0.000167061
0.00016678
0.000166499
0.000166219
0.000165939
0.000165661
0.000165383
0.000165105
0.000164829
0.000164553
0.000164277
0.000164003
0.000163729
0.000163456
0.000163183
0.000162911
0.00016264
0.000162369
0.000162099
0.00016183
0.000161561
0.000161293
0.000161026
0.000160759
0.000160493
0.000160228
0.000159963
0.000159699
0.000159436
0.000159173
0.000158911
0.000158649
0.000158388
0.000158128
0.000157868
0.00015761
0.000157351
0.000157094
0.000156837
0.00015658
0.000156324
0.000156069
0.000155815
0.000155561
0.000155307
0.000155055
0.000154803
0.000154551
0.0001543
0.00015405
0.000153801
0.000153552
0.000153303
0.000153055
0.000152808
0.000152562
0.000152316
0.00015207
0.000151826
0.000151581
0.000151338
0.000151095
0.000150853
0.000150611
0.00015037
0.000150129
0.000149889
0.00014965
0.000149411
0.000149173
0.000148935
0.000148698
0.000148461
0.000148225
0.00014799
0.000147755
0.000147521
0.000147288
0.000147054
0.000146822
0.00014659
0.000146359
0.000146128
0.000145898
0.000145668
0.000145439
0.000145211
0.000144983
0.000144755
0.000144528
0.000144302
0.000144076
0.000143851
0.000143627
0.000143402
0.000143179
0.000142956
0.000142734
0.000142512
0.00014229
0.00014207
0.000141849
0.00014163
0.00014141
0.000141192
0.000140974
0.000140756
0.000140539
0.000140322
0.000140107
0.000139891
0.000139676
0.000139462
0.000139248
0.000139035
0.000138822
0.000138609
0.000138398
0.000138186
0.000137976
0.000137765
0.000137556
0.000137346
0.000137138
0.00013693
0.000136722
0.000136515
0.000136308
0.000136102
0.000135896
0.000135691
0.000135487
0.000135282
0.000135079
0.000134876
0.000134673
0.000134471
0.000134269
0.000134068
0.000133868
0.000133667
0.000133468
0.000133268
0.00013307
0.000132872
0.000132674
0.000132477
0.00013228
0.000132084
0.000131888
0.000131693
0.000131498
0.000131303
0.000131109
0.000130916
0.000130723
0.000130531
0.000130339
0.000130147
0.000129956
0.000129766
0.000129575
0.000129386
0.000129197
0.000129008
0.00012882
0.000128632
0.000128445
0.000128258
0.000128071
0.000127885
0.0001277
0.000127515
0.00012733
0.000127146
0.000126962
0.000126779
0.000126596
0.000126414
0.000126232
0.000126051
0.00012587
0.000125689
0.000125509
0.000125329
0.00012515
0.000124971
0.000124793
0.000124615
0.000124438
0.000124261
0.000124084
0.000123908
0.000123732
0.000123557
0.000123382
0.000123207
0.000123033
0.00012286
0.000122687
0.000122514
0.000122342
0.00012217
0.000121998
0.000121827
0.000121657
0.000121486
0.000121317
0.000121147
0.000120978
0.00012081
0.000120641
0.000120474
0.000120306
0.00012014
0.000119973
0.000119807
0.000119641
0.000119476
0.000119311
0.000119147
0.000118983
0.000118819
0.000118656
0.000118493
0.00011833
0.000118168
0.000118007
0.000117845
0.000117684
0.000117524
0.000117364
0.000117204
0.000117045
0.000116886
0.000116728
0.000116569
0.000116412
0.000116254
0.000116097
0.000115941
0.000115785
0.000115629
0.000115473
0.000115318
0.000115164
0.000115009
0.000114855
0.000114702
0.000114549
0.000114396
0.000114244
0.000114091
0.00011394
0.000113789
0.000113638
0.000113487
0.000113337
0.000113187
0.000113038
0.000112889
0.00011274
0.000112592
0.000112444
0.000112296
0.000112149
0.000112002
0.000111855
0.000111709
0.000111563
0.000111418
0.000111273
0.000111128
0.000110984
0.00011084
0.000110696
0.000110553
0.00011041
0.000110267
0.000110125
0.000109983
0.000109841
0.0001097
0.000109559
0.000109419
0.000109278
0.000109138
0.000108999
0.00010886
0.000108721
0.000108583
0.000108444
0.000108307
0.000108169
0.000108032
0.000107895
0.000107759
0.000107623
0.000107487
0.000107351
0.000107216
0.000107082
0.000106947
0.000106813
0.000106679
0.000106546
0.000106413
0.00010628
0.000106147
0.000106015
0.000105883
0.000105752
0.000105621
0.00010549
0.000105359
0.000105229
0.000105099
0.000104969
0.00010484
0.000104711
0.000104583
0.000104454
0.000104326
0.000104199
0.000104071
0.000103944
0.000103817
0.000103691
0.000103565
0.000103439
0.000103313
0.000103188
0.000103063
0.000102939
0.000102815
0.000102691
0.000102567
0.000102444
0.00010232
0.000102198
0.000102075
0.000101953
0.000101831
0.00010171
0.000101588
0.000101467
0.000101347
0.000101226
0.000101106
0.000100987
0.000100867
0.000100748
0.000100629
0.00010051
0.000100392
0.000100274
0.000100156
0.000100039
9.99216e-05
9.98047e-05
9.96882e-05
9.95719e-05
9.94559e-05
9.93401e-05
9.92247e-05
9.91095e-05
9.89946e-05
9.888e-05
9.87657e-05
9.86517e-05
9.85379e-05
9.84245e-05
9.83113e-05
9.81984e-05
9.80857e-05
9.79734e-05
9.78613e-05
9.77495e-05
9.76379e-05
9.75267e-05
9.74157e-05
9.73049e-05
9.71945e-05
9.70843e-05
9.69744e-05
9.68648e-05
9.67554e-05
9.66463e-05
9.65375e-05
9.64289e-05
9.63207e-05
9.62126e-05
9.61049e-05
9.59974e-05
9.58901e-05
9.57832e-05
9.56765e-05
9.557e-05
9.54638e-05
9.53579e-05
9.52522e-05
9.51468e-05
9.50417e-05
9.49368e-05
9.48322e-05
9.47278e-05
9.46237e-05
9.45198e-05
9.44162e-05
9.43129e-05
9.42098e-05
9.4107e-05
9.40044e-05
9.3902e-05
9.37999e-05
9.36981e-05
9.35965e-05
9.34952e-05
9.33941e-05
9.32933e-05
9.31927e-05
9.30923e-05
9.29922e-05
9.28924e-05
9.27928e-05
9.26934e-05
9.25943e-05
9.24954e-05
9.23968e-05
9.22984e-05
9.22003e-05
9.21024e-05
9.20047e-05
9.19073e-05
9.18101e-05
9.17132e-05
9.16164e-05
9.152e-05
9.14237e-05
9.13277e-05
9.1232e-05
9.11365e-05
9.10412e-05
9.09461e-05
9.08513e-05
9.07567e-05
9.06623e-05
9.05682e-05
9.04743e-05
9.03807e-05
9.02872e-05
9.0194e-05
9.01011e-05
9.00083e-05
8.99158e-05
8.98235e-05
8.97314e-05
8.96396e-05
8.9548e-05
8.94566e-05
8.93654e-05
8.92745e-05
8.91838e-05
8.90933e-05
8.9003e-05
8.8913e-05
8.88232e-05
8.87335e-05
8.86442e-05
8.8555e-05
8.84661e-05
8.83773e-05
8.82888e-05
8.82005e-05
8.81124e-05
8.80246e-05
8.79369e-05
8.78495e-05
8.77623e-05
8.76753e-05
8.75885e-05
8.7502e-05
8.74156e-05
8.73294e-05
8.72435e-05
8.71578e-05
8.70723e-05
8.6987e-05
8.69019e-05
8.6817e-05
8.67323e-05
8.66479e-05
8.65636e-05
8.64795e-05
8.63957e-05
8.63121e-05
8.62286e-05
8.61454e-05
8.60624e-05
8.59796e-05
8.58969e-05
8.58145e-05
8.57323e-05
8.56503e-05
8.55685e-05
8.54869e-05
8.54055e-05
8.53243e-05
8.52433e-05
8.51625e-05
8.50819e-05
8.50015e-05
8.49212e-05
8.48412e-05
8.47614e-05
8.46818e-05
8.46024e-05
8.45231e-05
8.44441e-05
8.43653e-05
8.42866e-05
8.42082e-05
8.41299e-05
8.40518e-05
8.39739e-05
8.38963e-05
8.38188e-05
8.37415e-05
8.36643e-05
8.35874e-05
8.35107e-05
8.34341e-05
8.33578e-05
8.32816e-05
8.32056e-05
8.31298e-05
8.30542e-05
8.29788e-05
8.29035e-05
8.28285e-05
8.27536e-05
8.26789e-05
8.26044e-05
8.25301e-05
8.2456e-05
8.2382e-05
8.23083e-05
8.22347e-05
8.21613e-05
8.2088e-05
8.2015e-05
8.19421e-05
8.18694e-05
8.17969e-05
8.17246e-05
8.16524e-05
8.15804e-05
8.15086e-05
8.1437e-05
8.13656e-05
8.12943e-05
8.12232e-05
8.11523e-05
8.10815e-05
8.10109e-05
8.09405e-05
8.08703e-05
8.08002e-05
8.07304e-05
8.06607e-05
8.05911e-05
8.05217e-05
8.04525e-05
8.03835e-05
8.03147e-05
8.0246e-05
8.01774e-05
8.01091e-05
8.00409e-05
7.99729e-05
7.9905e-05
7.98374e-05
7.97698e-05
7.97025e-05
7.96353e-05
7.95683e-05
7.95014e-05
7.94348e-05
7.93682e-05
7.93019e-05
7.92357e-05
7.91696e-05
7.91038e-05
7.9038e-05
7.89725e-05
7.89071e-05
7.88419e-05
7.87768e-05
7.87119e-05
7.86471e-05
7.85826e-05
7.85181e-05
7.84539e-05
7.83897e-05
7.83258e-05
7.8262e-05
7.81983e-05
7.81349e-05
7.80715e-05
7.80084e-05
7.79453e-05
7.78825e-05
7.78198e-05
7.77572e-05
7.76948e-05
7.76326e-05
7.75705e-05
7.75085e-05
7.74467e-05
7.73851e-05
7.73236e-05
7.72623e-05
7.72011e-05
7.71401e-05
7.70792e-05
7.70184e-05
7.69579e-05
7.68974e-05
7.68371e-05
7.6777e-05
7.6717e-05
7.66572e-05
7.65975e-05
7.65379e-05
7.64785e-05
7.64193e-05
7.63602e-05
7.63012e-05
7.62424e-05
7.61837e-05
7.61252e-05
7.60668e-05
7.60085e-05
7.59504e-05
7.58925e-05
7.58347e-05
7.5777e-05
7.57195e-05
7.56621e-05
7.56048e-05
7.55477e-05
7.54907e-05
7.54339e-05
7.53772e-05
7.53207e-05
7.52643e-05
7.5208e-05
7.51519e-05
7.50959e-05
7.504e-05
7.49843e-05
7.49287e-05
7.48733e-05
7.4818e-05
7.47628e-05
7.47078e-05
7.46529e-05
7.45981e-05
7.45435e-05
7.4489e-05
7.44346e-05
7.43804e-05
7.43263e-05
7.42723e-05
7.42185e-05
7.41648e-05
7.41112e-05
7.40578e-05
7.40045e-05
7.39513e-05
7.38983e-05
7.38454e-05
7.37926e-05
7.37399e-05
7.36874e-05
7.3635e-05
7.35828e-05
7.35306e-05
7.34786e-05
7.34267e-05
7.3375e-05
7.33234e-05
7.32719e-05
7.32205e-05
7.31693e-05
7.31182e-05
7.30672e-05
7.30163e-05
7.29656e-05
7.29149e-05
7.28644e-05
7.28141e-05
7.27638e-05
7.27137e-05
7.26637e-05
7.26138e-05
7.25641e-05
7.25145e-05
7.2465e-05
7.24156e-05
7.23663e-05
7.23172e-05
7.22682e-05
7.22193e-05
7.21705e-05
7.21218e-05
7.20733e-05
7.20249e-05
7.19766e-05
7.19284e-05
7.18803e-05
7.18324e-05
7.17845e-05
7.17368e-05
7.16892e-05
7.16417e-05
7.15944e-05
7.15471e-05
7.15e-05
7.1453e-05
7.14061e-05
7.13593e-05
7.13127e-05
7.12661e-05
7.12197e-05
7.11734e-05
7.11272e-05
7.10811e-05
7.10351e-05
7.09892e-05
7.09435e-05
7.08978e-05
7.08523e-05
7.08069e-05
7.07616e-05
7.07164e-05
7.06713e-05
7.06263e-05
7.05815e-05
7.05367e-05
7.04921e-05
7.04475e-05
7.04031e-05
7.03588e-05
7.03146e-05
7.02705e-05
7.02265e-05
7.01826e-05
7.01389e-05
7.00952e-05
7.00517e-05
7.00082e-05
6.99649e-05
6.99216e-05
6.98785e-05
6.98355e-05
6.97926e-05
6.97498e-05
6.97071e-05
6.96645e-05
6.9622e-05
6.95796e-05
6.95373e-05
6.94951e-05
6.9453e-05
6.9411e-05
6.93692e-05
6.93274e-05
6.92857e-05
6.92442e-05
6.92027e-05
6.91614e-05
6.91201e-05
6.90789e-05
6.90379e-05
6.89969e-05
6.89561e-05
6.89153e-05
6.88747e-05
6.88341e-05
6.87937e-05
6.87533e-05
6.87131e-05
6.86729e-05
6.86329e-05
6.85929e-05
6.8553e-05
6.85133e-05
6.84736e-05
6.84341e-05
6.83946e-05
6.83552e-05
6.83159e-05
6.82768e-05
6.82377e-05
6.81987e-05
6.81598e-05
6.8121e-05
6.80823e-05
6.80437e-05
6.80052e-05
6.79668e-05
6.79285e-05
6.78903e-05
6.78521e-05
6.78141e-05
6.77762e-05
6.77383e-05
6.77005e-05
6.76629e-05
6.76253e-05
6.75878e-05
6.75504e-05
6.75132e-05
6.7476e-05
6.74388e-05
6.74018e-05
6.73649e-05
6.73281e-05
6.72913e-05
6.72547e-05
6.72181e-05
6.71816e-05
6.71452e-05
6.71089e-05
6.70727e-05
6.70366e-05
6.70006e-05
6.69646e-05
6.69288e-05
6.6893e-05
6.68573e-05
6.68218e-05
6.67863e-05
6.67508e-05
6.67155e-05
6.66803e-05
6.66451e-05
6.66101e-05
6.65751e-05
6.65402e-05
6.65054e-05
6.64707e-05
6.6436e-05
6.64015e-05
6.6367e-05
6.63326e-05
6.62983e-05
6.62641e-05
6.623e-05
6.61959e-05
6.6162e-05
6.61281e-05
6.60943e-05
6.60606e-05
6.6027e-05
6.59934e-05
6.596e-05
6.59266e-05
6.58933e-05
6.58601e-05
6.58269e-05
6.57939e-05
6.57609e-05
6.5728e-05
6.56952e-05
6.56625e-05
6.56298e-05
6.55973e-05
6.55648e-05
6.55324e-05
6.55e-05
6.54678e-05
6.54356e-05
6.54035e-05
6.53715e-05
6.53396e-05
6.53077e-05
6.5276e-05
6.52443e-05
6.52126e-05
6.51811e-05
6.51496e-05
6.51182e-05
6.50869e-05
6.50557e-05
6.50245e-05
6.49935e-05
6.49625e-05
6.49315e-05
6.49007e-05
6.48699e-05
6.48392e-05
6.48086e-05
6.47781e-05
6.47476e-05
6.47172e-05
6.46869e-05
6.46566e-05
6.46264e-05
6.45963e-05
6.45663e-05
6.45364e-05
6.45065e-05
6.44767e-05
6.4447e-05
6.44173e-05
6.43877e-05
6.43582e-05
6.43288e-05
6.42994e-05
6.42701e-05
6.42409e-05
6.42117e-05
6.41827e-05
6.41536e-05
6.41247e-05
6.40958e-05
6.40671e-05
6.40383e-05
6.40097e-05
6.39811e-05
6.39526e-05
6.39241e-05
6.38958e-05
6.38675e-05
6.38392e-05
6.38111e-05
6.3783e-05
6.3755e-05
6.3727e-05
6.36991e-05
6.36713e-05
6.36436e-05
6.36159e-05
6.35883e-05
6.35607e-05
6.35332e-05
6.35058e-05
6.34785e-05
6.34512e-05
6.3424e-05
6.33969e-05
6.33698e-05
6.33428e-05
6.33159e-05
6.3289e-05
6.32622e-05
6.32354e-05
6.32088e-05
6.31821e-05
6.31556e-05
6.31291e-05
6.31027e-05
6.30764e-05
6.30501e-05
6.30239e-05
6.29977e-05
6.29716e-05
6.29456e-05
6.29196e-05
6.28937e-05
6.28679e-05
6.28421e-05
6.28164e-05
6.27908e-05
6.27652e-05
6.27397e-05
6.27142e-05
6.26888e-05
6.26635e-05
6.26382e-05
6.2613e-05
6.25879e-05
6.25628e-05
6.25378e-05
6.25128e-05
6.24879e-05
6.24631e-05
6.24383e-05
6.24136e-05
6.23889e-05
6.23643e-05
6.23398e-05
6.23153e-05
6.22909e-05
6.22666e-05
6.22423e-05
6.2218e-05
6.21939e-05
6.21698e-05
6.21457e-05
6.21217e-05
6.20978e-05
6.20739e-05
6.20501e-05
6.20263e-05
6.20026e-05
6.1979e-05
6.19554e-05
6.19319e-05
6.19084e-05
6.1885e-05
6.18616e-05
6.18384e-05
6.18151e-05
6.17919e-05
6.17688e-05
6.17457e-05
6.17227e-05
6.16998e-05
6.16769e-05
6.1654e-05
6.16313e-05
6.16085e-05
6.15859e-05
6.15632e-05
6.15407e-05
6.15182e-05
6.14957e-05
6.14733e-05
6.1451e-05
6.14287e-05
6.14065e-05
6.13843e-05
6.13622e-05
6.13401e-05
6.13181e-05
6.12962e-05
6.12742e-05
6.12524e-05
6.12306e-05
6.12089e-05
6.11872e-05
6.11655e-05
6.1144e-05
6.11224e-05
6.1101e-05
6.10795e-05
6.10582e-05
6.10368e-05
6.10156e-05
6.09944e-05
6.09732e-05
6.09521e-05
6.0931e-05
6.091e-05
6.08891e-05
6.08682e-05
6.08473e-05
6.08265e-05
6.08058e-05
6.07851e-05
6.07644e-05
6.07438e-05
6.07233e-05
6.07028e-05
6.06824e-05
6.0662e-05
6.06416e-05
6.06213e-05
6.06011e-05
6.05809e-05
6.05608e-05
6.05407e-05
6.05206e-05
6.05006e-05
6.04807e-05
6.04608e-05
6.04409e-05
6.04211e-05
6.04014e-05
6.03817e-05
6.0362e-05
6.03424e-05
6.03229e-05
6.03034e-05
6.02839e-05
6.02645e-05
6.02451e-05
6.02258e-05
6.02065e-05
6.01873e-05
6.01681e-05
6.0149e-05
6.01299e-05
6.01109e-05
6.00919e-05
6.0073e-05
6.00541e-05
6.00352e-05
6.00164e-05
5.99977e-05
5.9979e-05
5.99603e-05
5.99417e-05
5.99231e-05
5.99046e-05
5.98861e-05
5.98677e-05
5.98493e-05
5.9831e-05
5.98127e-05
5.97944e-05
5.97762e-05
5.9758e-05
5.97399e-05
5.97219e-05
5.97038e-05
5.96858e-05
5.96679e-05
5.965e-05
5.96322e-05
5.96143e-05
5.95966e-05
5.95789e-05
5.95612e-05
5.95435e-05
5.9526e-05
5.95084e-05
5.94909e-05
5.94734e-05
5.9456e-05
5.94387e-05
5.94213e-05
5.9404e-05
5.93868e-05
5.93696e-05
5.93524e-05
5.93353e-05
5.93182e-05
5.93012e-05
5.92842e-05
5.92672e-05
5.92503e-05
5.92335e-05
5.92166e-05
5.91999e-05
5.91831e-05
5.91664e-05
5.91497e-05
5.91331e-05
5.91165e-05
5.91e-05
5.90835e-05
5.9067e-05
5.90506e-05
5.90343e-05
5.90179e-05
5.90016e-05
5.89854e-05
5.89691e-05
5.8953e-05
5.89368e-05
5.89207e-05
5.89047e-05
5.88887e-05
5.88727e-05
5.88567e-05
5.88408e-05
5.8825e-05
5.88092e-05
5.87934e-05
5.87776e-05
5.87619e-05
5.87463e-05
5.87306e-05
5.8715e-05
5.86995e-05
5.8684e-05
5.86685e-05
5.86531e-05
5.86377e-05
5.86223e-05
5.8607e-05
5.85917e-05
5.85765e-05
5.85612e-05
5.85461e-05
5.85309e-05
5.85158e-05
5.85008e-05
5.84858e-05
5.84708e-05
5.84558e-05
5.84409e-05
5.8426e-05
5.84112e-05
5.83964e-05
5.83816e-05
5.83669e-05
5.83522e-05
5.83375e-05
5.83229e-05
5.83083e-05
5.82938e-05
5.82793e-05
5.82648e-05
5.82503e-05
5.82359e-05
5.82216e-05
5.82072e-05
5.81929e-05
5.81787e-05
5.81644e-05
5.81502e-05
5.81361e-05
5.81219e-05
5.81079e-05
5.80938e-05
5.80798e-05
5.80658e-05
5.80518e-05
5.80379e-05
5.8024e-05
5.80102e-05
5.79964e-05
5.79826e-05
5.79688e-05
5.79551e-05
5.79414e-05
5.79278e-05
5.79142e-05
5.79006e-05
5.7887e-05
5.78735e-05
5.78601e-05
5.78466e-05
5.78332e-05
5.78198e-05
5.78065e-05
5.77931e-05
5.77799e-05
5.77666e-05
5.77534e-05
5.77402e-05
5.77271e-05
5.77139e-05
5.77009e-05
5.76878e-05
5.76748e-05
5.76618e-05
5.76488e-05
5.76359e-05
5.7623e-05
5.76101e-05
5.75973e-05
5.75845e-05
5.75717e-05
5.7559e-05
5.75463e-05
5.75336e-05
5.7521e-05
5.75084e-05
5.74958e-05
5.74832e-05
5.74707e-05
5.74582e-05
5.74458e-05
5.74333e-05
5.74209e-05
5.74086e-05
5.73962e-05
5.73839e-05
5.73717e-05
5.73594e-05
5.73472e-05
5.7335e-05
5.73229e-05
5.73107e-05
5.72986e-05
5.72866e-05
5.72745e-05
5.72625e-05
5.72506e-05
5.72386e-05
5.72267e-05
5.72148e-05
5.72029e-05
5.71911e-05
5.71793e-05
5.71675e-05
5.71558e-05
5.71441e-05
5.71324e-05
5.71207e-05
5.71091e-05
5.70975e-05
5.70859e-05
5.70744e-05
5.70629e-05
5.70514e-05
5.70399e-05
5.70285e-05
5.70171e-05
5.70057e-05
5.69944e-05
5.69831e-05
5.69718e-05
5.69605e-05
5.69493e-05
5.69381e-05
5.69269e-05
5.69158e-05
5.69046e-05
5.68935e-05
5.68825e-05
5.68714e-05
5.68604e-05
5.68494e-05
5.68385e-05
5.68275e-05
5.68166e-05
5.68058e-05
5.67949e-05
5.67841e-05
5.67733e-05
5.67625e-05
5.67518e-05
5.6741e-05
5.67303e-05
5.67197e-05
5.6709e-05
5.66984e-05
5.66878e-05
5.66773e-05
5.66667e-05
5.66562e-05
5.66457e-05
5.66353e-05
5.66248e-05
5.66144e-05
5.66041e-05
5.65937e-05
5.65834e-05
5.65731e-05
5.65628e-05
5.65525e-05
5.65423e-05
5.65321e-05
5.65219e-05
5.65118e-05
5.65016e-05
5.64915e-05
5.64814e-05
5.64714e-05
5.64614e-05
5.64514e-05
5.64414e-05
5.64314e-05
5.64215e-05
5.64116e-05
5.64017e-05
5.63918e-05
5.6382e-05
5.63722e-05
5.63624e-05
5.63527e-05
5.63429e-05
5.63332e-05
5.63235e-05
5.63138e-05
5.63042e-05
5.62946e-05
5.6285e-05
5.62754e-05
5.62659e-05
5.62563e-05
5.62468e-05
5.62374e-05
5.62279e-05
5.62185e-05
5.62091e-05
5.61997e-05
5.61903e-05
5.6181e-05
5.61717e-05
5.61624e-05
5.61531e-05
5.61439e-05
5.61346e-05
5.61254e-05
5.61163e-05
5.61071e-05
5.6098e-05
5.60889e-05
5.60798e-05
5.60707e-05
5.60617e-05
5.60526e-05
5.60436e-05
5.60347e-05
5.60257e-05
5.60168e-05
5.60079e-05
5.5999e-05
5.59901e-05
5.59813e-05
5.59724e-05
5.59636e-05
5.59549e-05
5.59461e-05
5.59374e-05
5.59286e-05
5.592e-05
5.59113e-05
5.59026e-05
5.5894e-05
5.58854e-05
5.58768e-05
5.58682e-05
5.58597e-05
5.58512e-05
5.58427e-05
5.58342e-05
5.58257e-05
5.58173e-05
5.58088e-05
5.58004e-05
5.57921e-05
5.57837e-05
5.57754e-05
5.57671e-05
5.57588e-05
5.57505e-05
5.57422e-05
5.5734e-05
5.57258e-05
5.57176e-05
5.57094e-05
5.57013e-05
5.56931e-05
5.5685e-05
5.56769e-05
5.56688e-05
5.56608e-05
5.56527e-05
5.56447e-05
5.56367e-05
5.56288e-05
5.56208e-05
5.56129e-05
5.56049e-05
5.5597e-05
5.55892e-05
5.55813e-05
5.55735e-05
5.55656e-05
5.55578e-05
5.55501e-05
5.55423e-05
5.55346e-05
5.55268e-05
5.55191e-05
5.55114e-05
5.55038e-05
5.54961e-05
5.54885e-05
5.54809e-05
5.54733e-05
5.54657e-05
5.54582e-05
5.54506e-05
5.54431e-05
5.54356e-05
5.54281e-05
5.54207e-05
5.54132e-05
5.54058e-05
5.53984e-05
5.5391e-05
5.53836e-05
5.53763e-05
5.53689e-05
5.53616e-05
5.53543e-05
5.5347e-05
5.53398e-05
5.53325e-05
5.53253e-05
5.53181e-05
5.53109e-05
5.53037e-05
5.52966e-05
5.52894e-05
5.52823e-05
5.52752e-05
5.52681e-05
5.5261e-05
5.5254e-05
5.52469e-05
5.52399e-05
5.52329e-05
5.52259e-05
5.5219e-05
5.5212e-05
5.52051e-05
5.51982e-05
5.51913e-05
5.51844e-05
5.51775e-05
5.51707e-05
5.51639e-05
5.51571e-05
5.51503e-05
5.51435e-05
5.51367e-05
5.513e-05
5.51232e-05
5.51165e-05
5.51098e-05
5.51031e-05
5.50965e-05
5.50898e-05
5.50832e-05
5.50766e-05
5.507e-05
5.50634e-05
5.50568e-05
5.50503e-05
5.50438e-05
5.50372e-05
5.50307e-05
5.50243e-05
5.50178e-05
5.50113e-05
5.50049e-05
5.49985e-05
5.49921e-05
5.49857e-05
5.49793e-05
5.49729e-05
5.49666e-05
5.49603e-05
5.4954e-05
5.49477e-05
5.49414e-05
5.49351e-05
5.49289e-05
5.49226e-05
5.49164e-05
5.49102e-05
5.4904e-05
5.48978e-05
5.48917e-05
5.48855e-05
5.48794e-05
5.48733e-05
5.48672e-05
5.48611e-05
5.4855e-05
5.4849e-05
5.4843e-05
5.48369e-05
5.48309e-05
5.48249e-05
5.48189e-05
5.4813e-05
5.4807e-05
5.48011e-05
5.47952e-05
5.47893e-05
5.47834e-05
5.47775e-05
5.47716e-05
5.47658e-05
5.476e-05
5.47541e-05
5.47483e-05
5.47425e-05
5.47368e-05
5.4731e-05
5.47253e-05
5.47195e-05
5.47138e-05
5.47081e-05
5.47024e-05
5.46967e-05
5.46911e-05
5.46854e-05
5.46798e-05
5.46742e-05
5.46685e-05
5.46629e-05
5.46574e-05
5.46518e-05
5.46462e-05
5.46407e-05
5.46352e-05
5.46297e-05
5.46242e-05
5.46187e-05
5.46132e-05
5.46077e-05
5.46023e-05
5.45969e-05
5.45915e-05
5.4586e-05
5.45807e-05
5.45753e-05
5.45699e-05
5.45646e-05
5.45592e-05
5.45539e-05
5.45486e-05
5.45433e-05
5.4538e-05
5.45327e-05
5.45275e-05
5.45222e-05
5.4517e-05
5.45118e-05
5.45065e-05
5.45013e-05
5.44962e-05
5.4491e-05
5.44858e-05
5.44807e-05
5.44756e-05
5.44704e-05
5.44653e-05
5.44602e-05
5.44552e-05
5.44501e-05
5.4445e-05
5.444e-05
5.44349e-05
5.44299e-05
5.44249e-05
5.44199e-05
5.44149e-05
5.441e-05
5.4405e-05
5.44001e-05
5.43951e-05
5.43902e-05
5.43853e-05
5.43804e-05
5.43755e-05
5.43706e-05
5.43658e-05
5.43609e-05
5.43561e-05
5.43513e-05
5.43464e-05
5.43416e-05
5.43368e-05
5.43321e-05
5.43273e-05
5.43225e-05
5.43178e-05
5.43131e-05
5.43083e-05
5.43036e-05
5.42989e-05
5.42943e-05
5.42896e-05
5.42849e-05
5.42803e-05
5.42756e-05
5.4271e-05
5.42664e-05
5.42618e-05
5.42572e-05
5.42526e-05
5.4248e-05
5.42435e-05
5.42389e-05
5.42344e-05
5.42298e-05
5.42253e-05
5.42208e-05
5.42163e-05
5.42118e-05
5.42074e-05
5.42029e-05
5.41985e-05
5.4194e-05
5.41896e-05
5.41852e-05
5.41808e-05
5.41764e-05
5.4172e-05
5.41676e-05
5.41633e-05
5.41589e-05
5.41546e-05
5.41502e-05
5.41459e-05
5.41416e-05
5.41373e-05
5.4133e-05
5.41287e-05
5.41245e-05
5.41202e-05
5.4116e-05
5.41117e-05
5.41075e-05
5.41033e-05
5.40991e-05
5.40949e-05
5.40907e-05
5.40865e-05
5.40824e-05
5.40782e-05
5.40741e-05
5.40699e-05
5.40658e-05
5.40617e-05
5.40576e-05
5.40535e-05
5.40494e-05
5.40453e-05
5.40413e-05
5.40372e-05
5.40332e-05
5.40292e-05
5.40251e-05
5.40211e-05
5.40171e-05
5.40131e-05
5.40091e-05
5.40052e-05
5.40012e-05
5.39972e-05
5.39933e-05
5.39894e-05
5.39854e-05
5.39815e-05
5.39776e-05
5.39737e-05
5.39698e-05
5.3966e-05
5.39621e-05
5.39582e-05
5.39544e-05
5.39505e-05
5.39467e-05
5.39429e-05
5.39391e-05
5.39353e-05
5.39315e-05
5.39277e-05
5.39239e-05
5.39202e-05
5.39164e-05
5.39127e-05
5.39089e-05
5.39052e-05
5.39015e-05
5.38978e-05
5.38941e-05
5.38904e-05
5.38867e-05
5.3883e-05
5.38794e-05
5.38757e-05
5.38721e-05
5.38684e-05
5.38648e-05
5.38612e-05
5.38576e-05
5.3854e-05
5.38504e-05
5.38468e-05
5.38432e-05
5.38397e-05
5.38361e-05
5.38325e-05
5.3829e-05
5.38255e-05
5.3822e-05
5.38184e-05
5.38149e-05
5.38114e-05
5.3808e-05
5.38045e-05
5.3801e-05
5.37975e-05
5.37941e-05
5.37906e-05
5.37872e-05
5.37838e-05
5.37804e-05
5.37769e-05
5.37735e-05
5.37701e-05
5.37668e-05
5.37634e-05
5.376e-05
5.37566e-05
5.37533e-05
5.375e-05
5.37466e-05
5.37433e-05
5.374e-05
5.37367e-05
5.37333e-05
5.37301e-05
5.37268e-05
5.37235e-05
5.37202e-05
5.37169e-05
5.37137e-05
5.37104e-05
5.37072e-05
5.3704e-05
5.37007e-05
5.36975e-05
5.36943e-05
5.36911e-05
5.36879e-05
5.36847e-05
5.36816e-05
5.36784e-05
5.36752e-05
5.36721e-05
5.36689e-05
5.36658e-05
5.36627e-05
5.36596e-05
5.36564e-05
5.36533e-05
5.36502e-05
5.36471e-05
5.36441e-05
5.3641e-05
5.36379e-05
5.36348e-05
5.36318e-05
5.36287e-05
5.36257e-05
5.36227e-05
5.36196e-05
5.36166e-05
5.36136e-05
5.36106e-05
5.36076e-05
5.36046e-05
5.36017e-05
5.35987e-05
5.35957e-05
5.35928e-05
5.35898e-05
5.35869e-05
5.35839e-05
5.3581e-05
5.35781e-05
5.35752e-05
5.35723e-05
5.35694e-05
5.35665e-05
5.35636e-05
5.35607e-05
5.35578e-05
5.3555e-05
5.35521e-05
5.35493e-05
5.35464e-05
5.35436e-05
5.35407e-05
5.35379e-05
5.35351e-05
5.35323e-05
5.35295e-05
5.35267e-05
5.35239e-05
5.35211e-05
5.35184e-05
5.35156e-05
5.35128e-05
5.35101e-05
5.35073e-05
5.35046e-05
5.35018e-05
5.34991e-05
5.34964e-05
5.34937e-05
5.3491e-05
5.34883e-05
5.34856e-05
5.34829e-05
5.34802e-05
5.34775e-05
5.34749e-05
5.34722e-05
5.34696e-05
5.34669e-05
5.34643e-05
5.34616e-05
5.3459e-05
5.34564e-05
5.34538e-05
5.34511e-05
5.34485e-05
5.34459e-05
5.34434e-05
5.34408e-05
5.34382e-05
5.34356e-05
5.34331e-05
5.34305e-05
5.3428e-05
5.34254e-05
5.34229e-05
5.34203e-05
5.34178e-05
5.34153e-05
5.34128e-05
5.34103e-05
5.34078e-05
5.34053e-05
5.34028e-05
5.34003e-05
5.33978e-05
5.33953e-05
5.33929e-05
5.33904e-05
5.3388e-05
5.33855e-05
5.33831e-05
5.33806e-05
5.33782e-05
5.33758e-05
5.33734e-05
5.33709e-05
5.33685e-05
5.33661e-05
5.33637e-05
5.33614e-05
5.3359e-05
5.33566e-05
5.33542e-05
5.33519e-05
5.33495e-05
5.33471e-05
5.33448e-05
5.33425e-05
5.33401e-05
5.33378e-05
5.33355e-05
5.33331e-05
5.33308e-05
5.33285e-05
5.33262e-05
5.33239e-05
5.33216e-05
5.33193e-05
5.33171e-05
5.33148e-05
5.33125e-05
5.33103e-05
5.3308e-05
5.33058e-05
5.33035e-05
5.33013e-05
5.3299e-05
5.32968e-05
5.32946e-05
5.32924e-05
5.32901e-05
5.32879e-05
5.32857e-05
5.32835e-05
5.32813e-05
5.32792e-05
5.3277e-05
5.32748e-05
5.32726e-05
5.32705e-05
5.32683e-05
5.32662e-05
5.3264e-05
5.32619e-05
5.32597e-05
5.32576e-05
5.32555e-05
5.32533e-05
5.32512e-05
5.32491e-05
5.3247e-05
5.32449e-05
5.32428e-05
5.32407e-05
5.32386e-05
5.32365e-05
5.32345e-05
5.32324e-05
5.32303e-05
5.32283e-05
5.32262e-05
5.32242e-05
5.32221e-05
5.32201e-05
5.3218e-05
5.3216e-05
5.3214e-05
5.3212e-05
5.32099e-05
5.32079e-05
5.32059e-05
5.32039e-05
5.32019e-05
5.31999e-05
5.31979e-05
5.3196e-05
5.3194e-05
5.3192e-05
5.319e-05
5.31881e-05
5.31861e-05
5.31842e-05
5.31822e-05
5.31803e-05
5.31783e-05
5.31764e-05
5.31745e-05
5.31726e-05
5.31706e-05
5.31687e-05
5.31668e-05
5.31649e-05
5.3163e-05
5.31611e-05
5.31592e-05
5.31573e-05
5.31554e-05
5.31536e-05
5.31517e-05
5.31498e-05
5.3148e-05
5.31461e-05
5.31442e-05
5.31424e-05
5.31406e-05
5.31387e-05
5.31369e-05
5.3135e-05
5.31332e-05
5.31314e-05
5.31296e-05
5.31278e-05
5.31259e-05
5.31241e-05
5.31223e-05
5.31205e-05
5.31188e-05
5.3117e-05
5.31152e-05
5.31134e-05
5.31116e-05
5.31099e-05
5.31081e-05
5.31063e-05
5.31046e-05
5.31028e-05
5.31011e-05
5.30993e-05
5.30976e-05
5.30959e-05
5.30941e-05
5.30924e-05
5.30907e-05
5.3089e-05
5.30872e-05
5.30855e-05
5.30838e-05
5.30821e-05
5.30804e-05
5.30787e-05
5.3077e-05
5.30754e-05
5.30737e-05
5.3072e-05
5.30703e-05
5.30687e-05
5.3067e-05
5.30653e-05
5.30637e-05
5.3062e-05
5.30604e-05
5.30587e-05
5.30571e-05
5.30554e-05
5.30538e-05
5.30522e-05
5.30506e-05
5.30489e-05
5.30473e-05
5.30457e-05
5.30441e-05
5.30425e-05
5.30409e-05
5.30393e-05
5.30377e-05
5.30361e-05
5.30345e-05
5.30329e-05
5.30314e-05
5.30298e-05
5.30282e-05
5.30267e-05
5.30251e-05
5.30235e-05
5.3022e-05
5.30204e-05
5.30189e-05
5.30173e-05
5.30158e-05
5.30143e-05
5.30127e-05
5.30112e-05
5.30097e-05
5.30082e-05
5.30067e-05
5.30051e-05
5.30036e-05
5.30021e-05
5.30006e-05
5.29991e-05
5.29976e-05
5.29961e-05
5.29946e-05
5.29932e-05
5.29917e-05
5.29902e-05
5.29887e-05
5.29873e-05
5.29858e-05
5.29843e-05
5.29829e-05
5.29814e-05
5.298e-05
5.29785e-05
5.29771e-05
5.29756e-05
5.29742e-05
5.29728e-05
5.29713e-05
5.29699e-05
5.29685e-05
5.29671e-05
5.29657e-05
5.29642e-05
5.29628e-05
5.29614e-05
5.296e-05
5.29586e-05
5.29572e-05
5.29558e-05
5.29544e-05
5.29531e-05
5.29517e-05
5.29503e-05
5.29489e-05
5.29476e-05
5.29462e-05
5.29448e-05
5.29435e-05
5.29421e-05
5.29407e-05
5.29394e-05
5.2938e-05
5.29367e-05
5.29354e-05
5.2934e-05
5.29327e-05
5.29314e-05
5.293e-05
5.29287e-05
5.29274e-05
5.29261e-05
5.29247e-05
5.29234e-05
5.29221e-05
5.29208e-05
5.29195e-05
5.29182e-05
5.29169e-05
5.29156e-05
5.29143e-05
5.2913e-05
5.29118e-05
5.29105e-05
5.29092e-05
5.29079e-05
5.29067e-05
5.29054e-05
5.29041e-05
5.29029e-05
5.29016e-05
5.29003e-05
5.28991e-05
5.28978e-05
5.28966e-05
5.28954e-05
5.28941e-05
5.28929e-05
5.28916e-05
5.28904e-05
5.28892e-05
5.2888e-05
5.28867e-05
5.28855e-05
5.28843e-05
5.28831e-05
5.28819e-05
5.28807e-05
5.28795e-05
5.28783e-05
5.28771e-05
5.28759e-05
5.28747e-05
5.28735e-05
5.28723e-05
5.28711e-05
5.28699e-05
5.28687e-05
5.28676e-05
5.28664e-05
5.28652e-05
5.28641e-05
5.28629e-05
5.28617e-05
5.28606e-05
5.28594e-05
5.28583e-05
5.28571e-05
5.2856e-05
5.28548e-05
5.28537e-05
5.28525e-05
5.28514e-05
5.28503e-05
5.28491e-05
5.2848e-05
5.28469e-05
5.28458e-05
5.28446e-05
5.28435e-05
5.28424e-05
5.28413e-05
5.28402e-05
5.28391e-05
5.2838e-05
5.28369e-05
5.28358e-05
5.28347e-05
5.28336e-05
5.28325e-05
5.28314e-05
5.28303e-05
5.28293e-05
5.28282e-05
5.28271e-05
5.2826e-05
5.2825e-05
5.28239e-05
5.28228e-05
5.28218e-05
5.28207e-05
5.28196e-05
5.28186e-05
5.28175e-05
5.28165e-05
5.28154e-05
5.28144e-05
5.28133e-05
5.28123e-05
5.28113e-05
5.28102e-05
5.28092e-05
5.28082e-05
5.28071e-05
5.28061e-05
5.28051e-05
5.28041e-05
5.28031e-05
5.2802e-05
5.2801e-05
5.28e-05
5.2799e-05
5.2798e-05
5.2797e-05
5.2796e-05
5.2795e-05
5.2794e-05
5.2793e-05
5.2792e-05
5.2791e-05
5.27901e-05
5.27891e-05
5.27881e-05
5.27871e-05
5.27861e-05
5.27852e-05
5.27842e-05
5.27832e-05
5.27823e-05
5.27813e-05
5.27803e-05
5.27794e-05
5.27784e-05
5.27775e-05
5.27765e-05
5.27755e-05
5.27746e-05
5.27737e-05
5.27727e-05
5.27718e-05
5.27708e-05
5.27699e-05
5.2769e-05
5.2768e-05
5.27671e-05
5.27662e-05
5.27652e-05
5.27643e-05
5.27634e-05
5.27625e-05
5.27616e-05
5.27607e-05
5.27597e-05
5.27588e-05
5.27579e-05
5.2757e-05
5.27561e-05
5.27552e-05
5.27543e-05
5.27534e-05
5.27525e-05
5.27516e-05
5.27507e-05
5.27499e-05
5.2749e-05
5.27481e-05
5.27472e-05
5.27463e-05
5.27455e-05
5.27446e-05
5.27437e-05
5.27428e-05
5.2742e-05
5.27411e-05
5.27402e-05
5.27394e-05
5.27385e-05
5.27377e-05
5.27368e-05
5.27359e-05
5.27351e-05
5.27342e-05
5.27334e-05
5.27326e-05
5.27317e-05
5.27309e-05
5.273e-05
5.27292e-05
5.27284e-05
5.27275e-05
5.27267e-05
5.27259e-05
5.2725e-05
5.27242e-05
5.27234e-05
5.27226e-05
5.27218e-05
5.27209e-05
5.27201e-05
5.27193e-05
5.27185e-05
5.27177e-05
5.27169e-05
5.27161e-05
5.27153e-05
5.27145e-05
5.27137e-05
5.27129e-05
5.27121e-05
5.27113e-05
5.27105e-05
5.27097e-05
5.27089e-05
5.27081e-05
5.27073e-05
5.27066e-05
5.27058e-05
5.2705e-05
5.27042e-05
5.27035e-05
5.27027e-05
5.27019e-05
5.27011e-05
5.27004e-05
5.26996e-05
5.26989e-05
5.26981e-05
5.26973e-05
5.26966e-05
5.26958e-05
5.26951e-05
5.26943e-05
5.26936e-05
5.26928e-05
5.26921e-05
5.26913e-05
5.26906e-05
5.26898e-05
5.26891e-05
5.26884e-05
5.26876e-05
5.26869e-05
5.26862e-05
5.26854e-05
5.26847e-05
5.2684e-05
5.26833e-05
5.26825e-05
5.26818e-05
5.26811e-05
5.26804e-05
5.26797e-05
5.26789e-05
5.26782e-05
5.26775e-05
5.26768e-05
5.26761e-05
5.26754e-05
5.26747e-05
5.2674e-05
5.26733e-05
5.26726e-05
5.26719e-05
5.26712e-05
5.26705e-05
5.26698e-05
5.26691e-05
5.26684e-05
5.26677e-05
5.26671e-05
5.26664e-05
5.26657e-05
5.2665e-05
5.26643e-05
5.26637e-05
5.2663e-05
5.26623e-05
5.26616e-05
5.2661e-05
5.26603e-05
5.26596e-05
5.2659e-05
5.26583e-05
5.26576e-05
5.2657e-05
5.26563e-05
5.26557e-05
5.2655e-05
5.26543e-05
5.26537e-05
5.2653e-05
5.26524e-05
5.26517e-05
5.26511e-05
5.26505e-05
5.26498e-05
5.26492e-05
5.26485e-05
5.26479e-05
5.26473e-05
5.26466e-05
5.2646e-05
5.26453e-05
5.26447e-05
5.26441e-05
5.26435e-05
5.26428e-05
5.26422e-05
5.26416e-05
5.2641e-05
5.26403e-05
5.26397e-05
5.26391e-05
5.26385e-05
5.26379e-05
5.26373e-05
5.26367e-05
5.2636e-05
5.26354e-05
5.26348e-05
5.26342e-05
5.26336e-05
5.2633e-05
5.26324e-05
5.26318e-05
5.26312e-05
5.26306e-05
5.263e-05
5.26294e-05
5.26288e-05
5.26282e-05
5.26277e-05
5.26271e-05
5.26265e-05
5.26259e-05
5.26253e-05
5.26247e-05
5.26242e-05
5.26236e-05
5.2623e-05
5.26224e-05
5.26218e-05
5.26213e-05
5.26207e-05
5.26201e-05
5.26196e-05
5.2619e-05
5.26184e-05
5.26179e-05
5.26173e-05
5.26167e-05
5.26162e-05
5.26156e-05
5.2615e-05
5.26145e-05
5.26139e-05
5.26134e-05
5.26128e-05
5.26123e-05
5.26117e-05
5.26112e-05
5.26106e-05
5.26101e-05
5.26095e-05
5.2609e-05
5.26084e-05
5.26079e-05
5.26074e-05
5.26068e-05
5.26063e-05
5.26057e-05
5.26052e-05
5.26047e-05
5.26041e-05
5.26036e-05
5.26031e-05
5.26026e-05
5.2602e-05
5.26015e-05
5.2601e-05
5.26005e-05
5.25999e-05
5.25994e-05
5.25989e-05
5.25984e-05
5.25979e-05
5.25973e-05
5.25968e-05
5.25963e-05
5.25958e-05
5.25953e-05
5.25948e-05
5.25943e-05
5.25938e-05
5.25933e-05
5.25928e-05
5.25923e-05
5.25917e-05
5.25912e-05
5.25907e-05
5.25902e-05
5.25898e-05
5.25893e-05
5.25888e-05
5.25883e-05
5.25878e-05
5.25873e-05
5.25868e-05
5.25863e-05
5.25858e-05
5.25853e-05
5.25848e-05
5.25844e-05
5.25839e-05
5.25834e-05
5.25829e-05
5.25824e-05
5.2582e-05
5.25815e-05
5.2581e-05
5.25805e-05
5.25801e-05
5.25796e-05
5.25791e-05
5.25786e-05
5.25782e-05
5.25777e-05
5.25772e-05
5.25768e-05
5.25763e-05
5.25758e-05
5.25754e-05
5.25749e-05
5.25745e-05
5.2574e-05
5.25735e-05
5.25731e-05
5.25726e-05
5.25722e-05
5.25717e-05
5.25713e-05
5.25708e-05
5.25704e-05
5.25699e-05
5.25695e-05
5.2569e-05
5.25686e-05
5.25681e-05
5.25677e-05
5.25672e-05
5.25668e-05
5.25664e-05
5.25659e-05
5.25655e-05
5.2565e-05
5.25646e-05
5.25642e-05
5.25637e-05
5.25633e-05
5.25629e-05
5.25624e-05
5.2562e-05
5.25616e-05
5.25611e-05
5.25607e-05
5.25603e-05
5.25599e-05
5.25594e-05
5.2559e-05
5.25586e-05
5.25582e-05
5.25578e-05
5.25573e-05
5.25569e-05
5.25565e-05
5.25561e-05
5.25557e-05
5.25553e-05
5.25548e-05
5.25544e-05
5.2554e-05
5.25536e-05
5.25532e-05
5.25528e-05
5.25524e-05
5.2552e-05
5.25516e-05
5.25512e-05
5.25508e-05
5.25504e-05
5.255e-05
5.25496e-05
5.25492e-05
5.25488e-05
5.25484e-05
5.2548e-05
5.25476e-05
5.25472e-05
5.25468e-05
5.25464e-05
5.2546e-05
5.25456e-05
5.25452e-05
5.25448e-05
5.25444e-05
5.25441e-05
5.25437e-05
5.25433e-05
5.25429e-05
5.25425e-05
5.25421e-05
5.25418e-05
5.25414e-05
5.2541e-05
5.25406e-05
5.25402e-05
5.25399e-05
5.25395e-05
5.25391e-05
5.25387e-05
5.25384e-05
5.2538e-05
5.25376e-05
5.25373e-05
5.25369e-05
5.25365e-05
5.25361e-05
5.25358e-05
5.25354e-05
5.25351e-05
5.25347e-05
5.25343e-05
5.2534e-05
5.25336e-05
5.25332e-05
5.25329e-05
5.25325e-05
5.25322e-05
5.25318e-05
5.25314e-05
5.25311e-05
5.25307e-05
5.25304e-05
5.253e-05
5.25297e-05
5.25293e-05
5.2529e-05
5.25286e-05
5.25283e-05
5.25279e-05
5.25276e-05
5.25272e-05
5.25269e-05
5.25265e-05
5.25262e-05
5.25259e-05
5.25255e-05
5.25252e-05
5.25248e-05
5.25245e-05
5.25242e-05
5.25238e-05
5.25235e-05
5.25231e-05
5.25228e-05
5.25225e-05
5.25221e-05
5.25218e-05
5.25215e-05
5.25211e-05
5.25208e-05
5.25205e-05
5.25201e-05
5.25198e-05
5.25195e-05
5.25192e-05
5.25188e-05
5.25185e-05
5.25182e-05
5.25179e-05
5.25175e-05
5.25172e-05
5.25169e-05
5.25166e-05
5.25163e-05
5.25159e-05
5.25156e-05
5.25153e-05
5.2515e-05
5.25147e-05
5.25144e-05
5.2514e-05
5.25137e-05
5.25134e-05
5.25131e-05
5.25128e-05
5.25125e-05
5.25122e-05
5.25119e-05
5.25115e-05
5.25112e-05
5.25109e-05
5.25106e-05
5.25103e-05
5.251e-05
5.25097e-05
5.25094e-05
5.25091e-05
5.25088e-05
5.25085e-05
5.25082e-05
5.25079e-05
5.25076e-05
5.25073e-05
5.2507e-05
5.25067e-05
5.25064e-05
5.25061e-05
5.25058e-05
5.25055e-05
5.25052e-05
5.25049e-05
5.25046e-05
5.25044e-05
5.25041e-05
5.25038e-05
5.25035e-05
5.25032e-05
5.25029e-05
5.25026e-05
5.25023e-05
5.2502e-05
5.25018e-05
5.25015e-05
5.25012e-05
5.25009e-05
5.25006e-05
5.25003e-05
5.25001e-05
5.24998e-05
5.24995e-05
5.24992e-05
5.24989e-05
5.24987e-05
5.24984e-05
5.24981e-05
5.24978e-05
5.24976e-05
5.24973e-05
5.2497e-05
5.24967e-05
5.24965e-05
5.24962e-05
5.24959e-05
5.24957e-05
5.24954e-05
5.24951e-05
5.24948e-05
5.24946e-05
5.24943e-05
5.2494e-05
5.24938e-05
5.24935e-05
5.24932e-05
5.2493e-05
5.24927e-05
5.24925e-05
5.24922e-05
5.24919e-05
5.24917e-05
5.24914e-05
5.24911e-05
5.24909e-05
5.24906e-05
5.24904e-05
5.24901e-05
5.24899e-05
5.24896e-05
5.24893e-05
5.24891e-05
5.24888e-05
5.24886e-05
5.24883e-05
5.24881e-05
5.24878e-05
5.24876e-05
5.24873e-05
5.24871e-05
5.24868e-05
5.24866e-05
5.24863e-05
5.24861e-05
5.24858e-05
5.24856e-05
5.24853e-05
5.24851e-05
5.24848e-05
5.24846e-05
5.24844e-05
5.24841e-05
5.24839e-05
5.24836e-05
5.24834e-05
5.24831e-05
5.24829e-05
5.24827e-05
5.24824e-05
5.24822e-05
5.2482e-05
5.24817e-05
5.24815e-05
5.24812e-05
5.2481e-05
5.24808e-05
5.24805e-05
5.24803e-05
5.24801e-05
5.24798e-05
5.24796e-05
5.24794e-05
5.24791e-05
5.24789e-05
5.24787e-05
5.24784e-05
5.24782e-05
5.2478e-05
5.24778e-05
5.24775e-05
5.24773e-05
5.24771e-05
5.24769e-05
5.24766e-05
5.24764e-05
5.24762e-05
5.2476e-05
5.24757e-05
5.24755e-05
5.24753e-05
5.24751e-05
5.24748e-05
5.24746e-05
5.24744e-05
5.24742e-05
5.2474e-05
5.24737e-05
5.24735e-05
5.24733e-05
5.24731e-05
5.24729e-05
5.24727e-05
5.24724e-05
5.24722e-05
5.2472e-05
5.24718e-05
5.24716e-05
5.24714e-05
5.24712e-05
5.2471e-05
5.24707e-05
5.24705e-05
5.24703e-05
5.24701e-05
5.24699e-05
5.24697e-05
5.24695e-05
5.24693e-05
5.24691e-05
5.24689e-05
5.24687e-05
5.24684e-05
5.24682e-05
5.2468e-05
5.24678e-05
5.24676e-05
5.24674e-05
5.24672e-05
5.2467e-05
5.24668e-05
5.24666e-05
5.24664e-05
5.24662e-05
5.2466e-05
5.24658e-05
5.24656e-05
5.24654e-05
5.24652e-05
5.2465e-05
5.24648e-05
5.24646e-05
5.24644e-05
5.24642e-05
5.2464e-05
5.24638e-05
5.24636e-05
5.24634e-05
5.24633e-05
5.24631e-05
5.24629e-05
5.24627e-05
5.24625e-05
5.24623e-05
5.24621e-05
5.24619e-05
5.24617e-05
5.24615e-05
5.24613e-05
5.24612e-05
5.2461e-05
5.24608e-05
5.24606e-05
5.24604e-05
5.24602e-05
5.246e-05
5.24598e-05
5.24597e-05
5.24595e-05
5.24593e-05
5.24591e-05
5.24589e-05
5.24587e-05
5.24586e-05
5.24584e-05
5.24582e-05
5.2458e-05
5.24578e-05
5.24576e-05
5.24575e-05
5.24573e-05
5.24571e-05
5.24569e-05
5.24567e-05
5.24566e-05
5.24564e-05
5.24562e-05
5.2456e-05
5.24559e-05
5.24557e-05
5.24555e-05
5.24553e-05
5.24552e-05
5.2455e-05
5.24548e-05
5.24546e-05
5.24545e-05
5.24543e-05
5.24541e-05
5.24539e-05
5.24538e-05
5.24536e-05
5.24534e-05
5.24533e-05
5.24531e-05
5.24529e-05
5.24528e-05
5.24526e-05
5.24524e-05
5.24522e-05
5.24521e-05
5.24519e-05
5.24517e-05
5.24516e-05
5.24514e-05
5.24512e-05
5.24511e-05
5.24509e-05
5.24508e-05
5.24506e-05
5.24504e-05
5.24503e-05
5.24501e-05
5.24499e-05
5.24498e-05
5.24496e-05
5.24495e-05
5.24493e-05
5.24491e-05
5.2449e-05
5.24488e-05
5.24487e-05
5.24485e-05
5.24483e-05
5.24482e-05
5.2448e-05
5.24479e-05
5.24477e-05
5.24475e-05
5.24474e-05
5.24472e-05
5.24471e-05
5.24469e-05
5.24468e-05
5.24466e-05
5.24465e-05
5.24463e-05
5.24461e-05
5.2446e-05
5.24458e-05
5.24457e-05
5.24455e-05
5.24454e-05
5.24452e-05
5.24451e-05
5.24449e-05
5.24448e-05
5.24446e-05
5.24445e-05
5.24443e-05
5.24442e-05
5.2444e-05
5.24439e-05
5.24437e-05
5.24436e-05
5.24434e-05
5.24433e-05
5.24431e-05
5.2443e-05
5.24429e-05
5.24427e-05
5.24426e-05
5.24424e-05
5.24423e-05
5.24421e-05
5.2442e-05
5.24418e-05
5.24417e-05
5.24416e-05
5.24414e-05
5.24413e-05
5.24411e-05
5.2441e-05
5.24408e-05
5.24407e-05
5.24406e-05
5.24404e-05
5.24403e-05
5.24401e-05
5.244e-05
5.24399e-05
5.24397e-05
5.24396e-05
5.24394e-05
5.24393e-05
5.24392e-05
5.2439e-05
5.24389e-05
5.24388e-05
5.24386e-05
5.24385e-05
5.24383e-05
5.24382e-05
5.24381e-05
5.24379e-05
5.24378e-05
5.24377e-05
5.24375e-05
5.24374e-05
5.24373e-05
5.24371e-05
5.2437e-05
5.24369e-05
5.24367e-05
5.24366e-05
5.24365e-05
5.24363e-05
5.24362e-05
5.24361e-05
5.2436e-05
5.24358e-05
5.24357e-05
5.24356e-05
5.24354e-05
5.24353e-05
5.24352e-05
5.24351e-05
5.24349e-05
5.24348e-05
5.24347e-05
5.24345e-05
5.24344e-05
5.24343e-05
5.24342e-05
5.2434e-05
5.24339e-05
5.24338e-05
5.24337e-05
5.24335e-05
5.24334e-05
5.24333e-05
5.24332e-05
5.2433e-05
5.24329e-05
5.24328e-05
5.24327e-05
5.24326e-05
5.24324e-05
5.24323e-05
5.24322e-05
5.24321e-05
5.24319e-05
5.24318e-05
5.24317e-05
5.24316e-05
5.24315e-05
5.24313e-05
5.24312e-05
5.24311e-05
5.2431e-05
5.24309e-05
5.24307e-05
5.24306e-05
5.24305e-05
5.24304e-05
5.24303e-05
5.24302e-05
5.243e-05
5.24299e-05
5.24298e-05
5.24297e-05
5.24296e-05
5.24295e-05
5.24293e-05
5.24292e-05
5.24291e-05
5.2429e-05
5.24289e-05
5.24288e-05
5.24287e-05
5.24286e-05
5.24284e-05
5.24283e-05
5.24282e-05
5.24281e-05
5.2428e-05
5.24279e-05
5.24278e-05
5.24277e-05
5.24275e-05
5.24274e-05
5.24273e-05
5.24272e-05
5.24271e-05
5.2427e-05
5.24269e-05
5.24268e-05
5.24267e-05
5.24266e-05
5.24264e-05
5.24263e-05
5.24262e-05
5.24261e-05
5.2426e-05
5.24259e-05
5.24258e-05
5.24257e-05
5.24256e-05
5.24255e-05
5.24254e-05
5.24253e-05
5.24252e-05
5.24251e-05
5.2425e-05
5.24248e-05
5.24247e-05
5.24246e-05
5.24245e-05
5.24244e-05
5.24243e-05
5.24242e-05
5.24241e-05
5.2424e-05
5.24239e-05
5.24238e-05
5.24237e-05
5.24236e-05
5.24235e-05
5.24234e-05
5.24233e-05
5.24232e-05
5.24231e-05
5.2423e-05
5.24229e-05
5.24228e-05
5.24227e-05
5.24226e-05
5.24225e-05
5.24224e-05
5.24223e-05
5.24222e-05
5.24221e-05
5.2422e-05
5.24219e-05
5.24218e-05
5.24217e-05
5.24216e-05
5.24215e-05
5.24214e-05
5.24213e-05
5.24212e-05
5.24211e-05
5.2421e-05
5.24209e-05
5.24208e-05
5.24207e-05
5.24206e-05
5.24206e-05
5.24205e-05
5.24204e-05
5.24203e-05
5.24202e-05
5.24201e-05
5.242e-05
5.24199e-05
5.24198e-05
5.24197e-05
5.24196e-05
5.24195e-05
5.24194e-05
5.24193e-05
5.24192e-05
5.24191e-05
5.24191e-05
5.2419e-05
5.24189e-05
5.24188e-05
5.24187e-05
5.24186e-05
5.24185e-05
5.24184e-05
5.24183e-05
5.24182e-05
5.24181e-05
5.24181e-05
5.2418e-05
5.24179e-05
5.24178e-05
5.24177e-05
5.24176e-05
5.24175e-05
5.24174e-05
5.24173e-05
5.24173e-05
5.24172e-05
5.24171e-05
5.2417e-05
5.24169e-05
5.24168e-05
5.24167e-05
5.24167e-05
5.24166e-05
5.24165e-05
5.24164e-05
5.24163e-05
5.24162e-05
5.24161e-05
5.24161e-05
5.2416e-05
5.24159e-05
5.24158e-05
5.24157e-05
5.24156e-05
5.24155e-05
5.24155e-05
5.24154e-05
5.24153e-05
5.24152e-05
5.24151e-05
5.2415e-05
5.2415e-05
5.24149e-05
5.24148e-05
5.24147e-05
5.24146e-05
5.24145e-05
5.24145e-05
5.24144e-05
5.24143e-05
5.24142e-05
5.24141e-05
5.24141e-05
5.2414e-05
5.24139e-05
5.24138e-05
5.24137e-05
5.24137e-05
5.24136e-05
5.24135e-05
5.24134e-05
5.24133e-05
5.24133e-05
5.24132e-05
5.24131e-05
5.2413e-05
5.24129e-05
5.24129e-05
5.24128e-05
5.24127e-05
5.24126e-05
5.24126e-05
5.24125e-05
5.24124e-05
5.24123e-05
5.24122e-05
5.24122e-05
5.24121e-05
5.2412e-05
5.24119e-05
5.24119e-05
5.24118e-05
5.24117e-05
5.24116e-05
5.24116e-05
5.24115e-05
5.24114e-05
5.24113e-05
5.24113e-05
5.24112e-05
5.24111e-05
5.2411e-05
5.2411e-05
5.24109e-05
5.24108e-05
5.24107e-05
5.24107e-05
5.24106e-05
5.24105e-05
5.24105e-05
5.24104e-05
5.24103e-05
5.24102e-05
5.24102e-05
5.24101e-05
5.241e-05
5.24099e-05
5.24099e-05
5.24098e-05
5.24097e-05
5.24097e-05
5.24096e-05
5.24095e-05
5.24094e-05
5.24094e-05
5.24093e-05
5.24092e-05
5.24092e-05
5.24091e-05
5.2409e-05
5.2409e-05
5.24089e-05
5.24088e-05
5.24087e-05
5.24087e-05
5.24086e-05
5.24085e-05
5.24085e-05
5.24084e-05
5.24083e-05
5.24083e-05
5.24082e-05
5.24081e-05
5.24081e-05
5.2408e-05
5.24079e-05
5.24079e-05
5.24078e-05
5.24077e-05
5.24077e-05
5.24076e-05
5.24075e-05
5.24075e-05
5.24074e-05
5.24073e-05
5.24073e-05
5.24072e-05
5.24071e-05
5.24071e-05
5.2407e-05
5.24069e-05
5.24069e-05
5.24068e-05
5.24067e-05
5.24067e-05
5.24066e-05
5.24065e-05
5.24065e-05
5.24064e-05
5.24063e-05
5.24063e-05
5.24062e-05
5.24062e-05
5.24061e-05
5.2406e-05
5.2406e-05
5.24059e-05
5.24058e-05
5.24058e-05
5.24057e-05
5.24056e-05
5.24056e-05
5.24055e-05
5.24055e-05
5.24054e-05
5.24053e-05
5.24053e-05
5.24052e-05
5.24052e-05
5.24051e-05
5.2405e-05
5.2405e-05
5.24049e-05
5.24048e-05
5.24048e-05
5.24047e-05
5.24047e-05
5.24046e-05
5.24045e-05
5.24045e-05
5.24044e-05
5.24044e-05
5.24043e-05
5.24042e-05
5.24042e-05
5.24041e-05
5.24041e-05
5.2404e-05
5.24039e-05
5.24039e-05
5.24038e-05
5.24038e-05
5.24037e-05
5.24037e-05
5.24036e-05
5.24035e-05
5.24035e-05
5.24034e-05
5.24034e-05
5.24033e-05
5.24032e-05
5.24032e-05
5.24031e-05
5.24031e-05
5.2403e-05
5.2403e-05
5.24029e-05
5.24028e-05
5.24028e-05
5.24027e-05
5.24027e-05
5.24026e-05
5.24026e-05
5.24025e-05
5.24025e-05
5.24024e-05
5.24023e-05
5.24023e-05
5.24022e-05
5.24022e-05
5.24021e-05
5.24021e-05
5.2402e-05
5.2402e-05
5.24019e-05
5.24018e-05
5.24018e-05
5.24017e-05
5.24017e-05
5.24016e-05
5.24016e-05
5.24015e-05
5.24015e-05
5.24014e-05
5.24014e-05
5.24013e-05
5.24012e-05
5.24012e-05
5.24011e-05
5.24011e-05
5.2401e-05
5.2401e-05
5.24009e-05
5.24009e-05
5.24008e-05
5.24008e-05
5.24007e-05
5.24007e-05
5.24006e-05
5.24006e-05
5.24005e-05
5.24005e-05
5.24004e-05
5.24004e-05
5.24003e-05
5.24003e-05
5.24002e-05
5.24001e-05
5.24001e-05
5.24e-05
5.24e-05
5.23999e-05
5.23999e-05
5.23998e-05
5.23998e-05
5.23997e-05
5.23997e-05
5.23996e-05
5.23996e-05
5.23995e-05
5.23995e-05
5.23994e-05
5.23994e-05
5.23993e-05
5.23993e-05
5.23992e-05
5.23992e-05
5.23991e-05
5.23991e-05
5.2399e-05
5.2399e-05
5.23989e-05
5.23989e-05
5.23988e-05
5.23988e-05
5.23988e-05
5.23987e-05
5.23987e-05
5.23986e-05
5.23986e-05
5.23985e-05
5.23985e-05
5.23984e-05
5.23984e-05
5.23983e-05
5.23983e-05
5.23982e-05
5.23982e-05
5.23981e-05
5.23981e-05
5.2398e-05
5.2398e-05
5.23979e-05
5.23979e-05
5.23979e-05
5.23978e-05
5.23978e-05
5.23977e-05
5.23977e-05
5.23976e-05
5.23976e-05
5.23975e-05
5.23975e-05
5.23974e-05
5.23974e-05
5.23973e-05
5.23973e-05
5.23973e-05
5.23972e-05
5.23972e-05
5.23971e-05
5.23971e-05
5.2397e-05
5.2397e-05
5.23969e-05
5.23969e-05
5.23968e-05
5.23968e-05
5.23968e-05
5.23967e-05
5.23967e-05
5.23966e-05
5.23966e-05
5.23965e-05
5.23965e-05
5.23964e-05
5.23964e-05
5.23964e-05
5.23963e-05
5.23963e-05
5.23962e-05
5.23962e-05
5.23961e-05
5.23961e-05
5.23961e-05
5.2396e-05
5.2396e-05
5.23959e-05
5.23959e-05
5.23958e-05
5.23958e-05
5.23958e-05
5.23957e-05
5.23957e-05
5.23956e-05
5.23956e-05
5.23955e-05
5.23955e-05
5.23955e-05
5.23954e-05
5.23954e-05
5.23953e-05
5.23953e-05
5.23953e-05
5.23952e-05
5.23952e-05
5.23951e-05
5.23951e-05
5.2395e-05
5.2395e-05
5.2395e-05
5.23949e-05
5.23949e-05
5.23948e-05
5.23948e-05
5.23948e-05
5.23947e-05
5.23947e-05
5.23946e-05
5.23946e-05
5.23946e-05
5.23945e-05
5.23945e-05
5.23944e-05
5.23944e-05
5.23944e-05
5.23943e-05
5.23943e-05
5.23942e-05
5.23942e-05
5.23942e-05
5.23941e-05
5.23941e-05
5.2394e-05
5.2394e-05
5.2394e-05
5.23939e-05
5.23939e-05
5.23938e-05
5.23938e-05
5.23938e-05
5.23937e-05
5.23937e-05
5.23937e-05
5.23936e-05
5.23936e-05
5.23935e-05
5.23935e-05
5.23935e-05
5.23934e-05
5.23934e-05
5.23934e-05
5.23933e-05
5.23933e-05
5.23932e-05
5.23932e-05
5.23932e-05
5.23931e-05
5.23931e-05
5.2393e-05
5.2393e-05
5.2393e-05
5.23929e-05
5.23929e-05
5.23929e-05
5.23928e-05
5.23928e-05
5.23928e-05
5.23927e-05
5.23927e-05
5.23926e-05
5.23926e-05
5.23926e-05
5.23925e-05
5.23925e-05
5.23925e-05
5.23924e-05
5.23924e-05
5.23924e-05
5.23923e-05
5.23923e-05
5.23922e-05
5.23922e-05
5.23922e-05
5.23921e-05
5.23921e-05
5.23921e-05
5.2392e-05
5.2392e-05
5.2392e-05
5.23919e-05
5.23919e-05
5.23919e-05
5.23918e-05
5.23918e-05
5.23918e-05
5.23917e-05
5.23917e-05
5.23916e-05
5.23916e-05
5.23916e-05
5.23915e-05
5.23915e-05
5.23915e-05
5.23914e-05
5.23914e-05
5.23914e-05
5.23913e-05
5.23913e-05
5.23913e-05
5.23912e-05
5.23912e-05
5.23912e-05
5.23911e-05
5.23911e-05
5.23911e-05
5.2391e-05
5.2391e-05
5.2391e-05
5.23909e-05
5.23909e-05
5.23909e-05
5.23908e-05
5.23908e-05
5.23908e-05
5.23907e-05
5.23907e-05
5.23907e-05
5.23906e-05
5.23906e-05
5.23906e-05
5.23905e-05
5.23905e-05
5.23905e-05
5.23904e-05
5.23904e-05
5.23904e-05
5.23903e-05
5.23903e-05
5.23903e-05
5.23902e-05
5.23902e-05
5.23902e-05
5.23901e-05
5.23901e-05
5.23901e-05
5.239e-05
5.239e-05
5.239e-05
5.239e-05
5.23899e-05
5.23899e-05
5.23899e-05
5.23898e-05
5.23898e-05
5.23898e-05
5.23897e-05
5.23897e-05
5.23897e-05
5.23896e-05
5.23896e-05
5.23896e-05
5.23895e-05
5.23895e-05
5.23895e-05
5.23895e-05
5.23894e-05
5.23894e-05
5.23894e-05
5.23893e-05
5.23893e-05
5.23893e-05
5.23892e-05
5.23892e-05
5.23892e-05
5.23891e-05
5.23891e-05
5.23891e-05
5.23891e-05
5.2389e-05
5.2389e-05
5.2389e-05
5.23889e-05
5.23889e-05
5.23889e-05
5.23888e-05
5.23888e-05
5.23888e-05
5.23888e-05
5.23887e-05
5.23887e-05
5.23887e-05
5.23886e-05
5.23886e-05
5.23886e-05
5.23886e-05
5.23885e-05
5.23885e-05
5.23885e-05
5.23884e-05
5.23884e-05
5.23884e-05
5.23884e-05
5.23883e-05
5.23883e-05
5.23883e-05
5.23882e-05
5.23882e-05
5.23882e-05
5.23882e-05
5.23881e-05
5.23881e-05
5.23881e-05
5.2388e-05
5.2388e-05
5.2388e-05
5.2388e-05
5.23879e-05
5.23879e-05
5.23879e-05
5.23878e-05
5.23878e-05
5.23878e-05
5.23878e-05
5.23877e-05
5.23877e-05
5.23877e-05
5.23876e-05
5.23876e-05
5.23876e-05
5.23876e-05
5.23875e-05
5.23875e-05
5.23875e-05
5.23875e-05
5.23874e-05
5.23874e-05
5.23874e-05
5.23873e-05
5.23873e-05
5.23873e-05
5.23873e-05
5.23872e-05
5.23872e-05
5.23872e-05
5.23872e-05
5.23871e-05
5.23871e-05
5.23871e-05
5.2387e-05
5.2387e-05
5.2387e-05
5.2387e-05
5.23869e-05
5.23869e-05
5.23869e-05
5.23869e-05
5.23868e-05
5.23868e-05
5.23868e-05
5.23868e-05
5.23867e-05
5.23867e-05
5.23867e-05
5.23866e-05
5.23866e-05
5.23866e-05
5.23866e-05
5.23865e-05
5.23865e-05
5.23865e-05
5.23865e-05
5.23864e-05
5.23864e-05
5.23864e-05
5.23864e-05
5.23863e-05
5.23863e-05
5.23863e-05
5.23863e-05
5.23862e-05
5.23862e-05
5.23862e-05
5.23862e-05
5.23861e-05
5.23861e-05
5.23861e-05
5.23861e-05
5.2386e-05
5.2386e-05
5.2386e-05
5.2386e-05
5.23859e-05
5.23859e-05
5.23859e-05
5.23859e-05
5.23858e-05
5.23858e-05
5.23858e-05
5.23858e-05
5.23857e-05
5.23857e-05
5.23857e-05
5.23857e-05
5.23856e-05
5.23856e-05
5.23856e-05
5.23856e-05
5.23855e-05
5.23855e-05
5.23855e-05
5.23855e-05
5.23854e-05
5.23854e-05
5.23854e-05
5.23854e-05
5.23853e-05
5.23853e-05
5.23853e-05
5.23853e-05
5.23853e-05
5.23852e-05
5.23852e-05
5.23852e-05
5.23852e-05
5.23851e-05
5.23851e-05
5.23851e-05
5.23851e-05
5.2385e-05
5.2385e-05
5.2385e-05
5.2385e-05
5.23849e-05
5.23849e-05
5.23849e-05
5.23849e-05
5.23849e-05
5.23848e-05
5.23848e-05
5.23848e-05
5.23848e-05
5.23847e-05
5.23847e-05
5.23847e-05
5.23847e-05
5.23846e-05
5.23846e-05
5.23846e-05
5.23846e-05
5.23846e-05
5.23845e-05
5.23845e-05
5.23845e-05
5.23845e-05
5.23844e-05
5.23844e-05
5.23844e-05
5.23844e-05
5.23843e-05
5.23843e-05
5.23843e-05
5.23843e-05
5.23843e-05
5.23842e-05
5.23842e-05
5.23842e-05
5.23842e-05
5.23841e-05
5.23841e-05
5.23841e-05
5.23841e-05
5.23841e-05
5.2384e-05
5.2384e-05
5.2384e-05
5.2384e-05
5.23839e-05
5.23839e-05
5.23839e-05
5.23839e-05
5.23839e-05
5.23838e-05
5.23838e-05
5.23838e-05
5.23838e-05
5.23838e-05
5.23837e-05
5.23837e-05
5.23837e-05
5.23837e-05
5.23836e-05
5.23836e-05
5.23836e-05
5.23836e-05
5.23836e-05
5.23835e-05
5.23835e-05
5.23835e-05
5.23835e-05
5.23835e-05
5.23834e-05
5.23834e-05
5.23834e-05
5.23834e-05
5.23833e-05
5.23833e-05
5.23833e-05
5.23833e-05
5.23833e-05
5.23832e-05
5.23832e-05
5.23832e-05
5.23832e-05
5.23832e-05
5.23831e-05
5.23831e-05
5.23831e-05
5.23831e-05
5.23831e-05
5.2383e-05
5.2383e-05
5.2383e-05
5.2383e-05
5.2383e-05
5.23829e-05
5.23829e-05
5.23829e-05
5.23829e-05
5.23829e-05
5.23828e-05
5.23828e-05
5.23828e-05
5.23828e-05
5.23828e-05
5.23827e-05
5.23827e-05
5.23827e-05
5.23827e-05
5.23826e-05
5.23826e-05
5.23826e-05
5.23826e-05
5.23826e-05
5.23825e-05
5.23825e-05
5.23825e-05
5.23825e-05
5.23825e-05
5.23824e-05
5.23824e-05
5.23824e-05
5.23824e-05
5.23824e-05
5.23824e-05
5.23823e-05
5.23823e-05
5.23823e-05
5.23823e-05
5.23823e-05
5.23822e-05
5.23822e-05
5.23822e-05
5.23822e-05
5.23822e-05
5.23821e-05
5.23821e-05
5.23821e-05
5.23821e-05
5.23821e-05
5.2382e-05
5.2382e-05
5.2382e-05
5.2382e-05
5.2382e-05
5.23819e-05
5.23819e-05
5.23819e-05
5.23819e-05
5.23819e-05
5.23818e-05
5.23818e-05
5.23818e-05
5.23818e-05
5.23818e-05
5.23818e-05
5.23817e-05
5.23817e-05
5.23817e-05
5.23817e-05
5.23817e-05
5.23816e-05
5.23816e-05
5.23816e-05
5.23816e-05
5.23816e-05
5.23815e-05
5.23815e-05
5.23815e-05
5.23815e-05
5.23815e-05
5.23815e-05
5.23814e-05
5.23814e-05
5.23814e-05
5.23814e-05
5.23814e-05
5.23813e-05
5.23813e-05
5.23813e-05
5.23813e-05
5.23813e-05
5.23813e-05
5.23812e-05
5.23812e-05
5.23812e-05
5.23812e-05
5.23812e-05
5.23811e-05
5.23811e-05
5.23811e-05
5.23811e-05
5.23811e-05
5.23811e-05
5.2381e-05
5.2381e-05
5.2381e-05
5.2381e-05
5.2381e-05
5.23809e-05
5.23809e-05
5.23809e-05
5.23809e-05
5.23809e-05
5.23809e-05
5.23808e-05
5.23808e-05
5.23808e-05
5.23808e-05
5.23808e-05
5.23808e-05
5.23807e-05
5.23807e-05
5.23807e-05
5.23807e-05
5.23807e-05
5.23806e-05
5.23806e-05
5.23806e-05
5.23806e-05
5.23806e-05
5.23806e-05
5.23805e-05
5.23805e-05
5.23805e-05
5.23805e-05
5.23805e-05
5.23805e-05
5.23804e-05
5.23804e-05
5.23804e-05
5.23804e-05
5.23804e-05
5.23804e-05
5.23803e-05
5.23803e-05
5.23803e-05
5.23803e-05
5.23803e-05
5.23802e-05
5.23802e-05
5.23802e-05
5.23802e-05
5.23802e-05
5.23802e-05
5.23801e-05
5.23801e-05
5.23801e-05
5.23801e-05
5.23801e-05
5.23801e-05

