5e-05
5e-05
5e-05
5e-05
5e-05
5e-05
5e-05
5e-05
5e-05
5e-05
5e-05
5e-05
5e-05
5e-05
5e-05
5e-05
5e-05
5e-05
5e-05
5e-05
5e-05
5e-05
5e-05
5e-05
5e-05
5e-05
5e-05
5e-05
5e-05
5e-05
5e-05
5e-05
5e-05
5e-05
5e-05
5e-05
5e-05
5e-05
5e-05
5e-05
5e-05
5e-05
5e-05
5e-05
5e-05
5e-05
5e-05
5e-05
5e-05
5e-05
5e-05
5e-05
5e-05
5e-05
5e-05
5e-05
5e-05
5e-05
5e-05
5e-05
5e-05
5e-05
5e-05
5e-05
5e-05
5e-05
5e-05
5e-05
5e-05
5e-05
5e-05
5e-05
5e-05
5e-05
5e-05
5e-05
5e-05
5e-05
5e-05
5e-05
5e-05
5e-05
5e-05
5e-05
5e-05
5e-05
5e-05
5e-05
5e-05
5e-05
5e-05
5e-05
5e-05
5e-05
5e-05
5e-05
5e-05
5e-05
5e-05
5e-05
5e-05
5e-05
5e-05
5e-05
5e-05
5e-05
5e-05
5e-05
5e-05
5e-05
5e-05
5e-05
5e-05
5e-05
5e-05
5e-05
5e-05
5e-05
5e-05
5e-05
5e-05
5e-05
5e-05
5e-05
5e-05
5e-05
5e-05
5e-05
5e-05
5e-05
5e-05
5e-05
5e-05
5e-05
5e-05
5e-05
5e-05
5e-05
5e-05
5e-05
5e-05
5e-05
5e-05
5e-05
5e-05
5e-05
5e-05
5e-05
5e-05
5e-05
5e-05
5e-05
5e-05
5e-05
5e-05
5e-05
5e-05
5e-05
5e-05
5e-05
5e-05
5e-05
5e-05
5e-05
5e-05
5e-05
5e-05
5e-05
5e-05
5e-05
5e-05
5e-05
5e-05
5e-05
5e-05
5e-05
5e-05
5e-05
5e-05
5e-05
5e-05
5e-05
5e-05
5e-05
5e-05
5e-05
5e-05
5e-05
5e-05
5e-05
5e-05
5e-05
5e-05
5e-05
5e-05
5e-05
5e-05
5e-05
5e-05
5e-05
5e-05
5e-05
5e-05
5e-05
5e-05
5e-05
5e-05
5e-05
5e-05
5e-05
5e-05
5e-05
5e-05
5e-05
5e-05
5e-05
5e-05
5e-05
5e-05
5e-05
5e-05
5e-05
5e-05
5e-05
5e-05
5e-05
5e-05
5e-05
5e-05
5e-05
5e-05
5e-05
5e-05
5e-05
5e-05
5e-05
5e-05
5e-05
5e-05
5e-05
5e-05
5e-05
5e-05
5e-05
5e-05
5e-05
5e-05
5e-05
5e-05
5e-05
5e-05
5e-05
5e-05
5e-05
5e-05
5e-05
5e-05
5e-05
5e-05
5e-05
5e-05
5e-05
5e-05
5e-05
5e-05
5e-05
5e-05
5e-05
5e-05
5e-05
5e-05
5e-05
5e-05
5e-05
5e-05
5e-05
5e-05
5e-05
5e-05
5e-05
5e-05
5e-05
5e-05
5e-05
5e-05
5e-05
5e-05
5e-05
5e-05
5e-05
5e-05
5e-05
5e-05
5e-05
5e-05
5e-05
5e-05
5e-05
5e-05
5e-05
5e-05
5e-05
5e-05
5e-05
5e-05
5e-05
5e-05
5e-05
5e-05
5e-05
5e-05
5e-05
5e-05
5e-05
5e-05
5e-05
5e-05
5e-05
5e-05
5e-05
5e-05
5e-05
5e-05
5e-05
5e-05
5e-05
5e-05
5e-05
5e-05
5e-05
5e-05
5e-05
5e-05
5e-05
5e-05
5e-05
5e-05
5e-05
5e-05
5e-05
5e-05
5e-05
5e-05
5e-05
5e-05
5e-05
5e-05
5e-05
5e-05
5e-05
5e-05
5e-05
5e-05
5e-05
5e-05
5e-05
5e-05
5e-05
5e-05
5e-05
5e-05
5e-05
5e-05
5e-05
5e-05
5e-05
5e-05
5e-05
5e-05
5e-05
5e-05
5e-05
5e-05
5e-05
5e-05
5e-05
5e-05
5e-05
5e-05
5e-05
5e-05
5e-05
5e-05
5e-05
5e-05
5e-05
5e-05
5e-05
5e-05
5e-05
5e-05
5e-05
5e-05
5e-05
5e-05
5e-05
5e-05
5e-05
5e-05
5e-05
5e-05
5e-05
5e-05
5e-05
5e-05
5e-05
5e-05
5e-05
5e-05
5e-05
5e-05
5e-05
5e-05
5e-05
5e-05
5e-05
5e-05
5e-05
5e-05
5e-05
5e-05
5e-05
5e-05
5e-05
5e-05
5e-05
5e-05
5e-05
5e-05
5e-05
5e-05
5e-05
5e-05
5e-05
5e-05
5e-05
5e-05
5e-05
5e-05
5e-05
5e-05
5e-05
5e-05
5e-05
5e-05
5e-05
5e-05
5e-05
5e-05
5e-05
5e-05
5e-05
5e-05
5e-05
5e-05
5e-05
5e-05
5e-05
5e-05
5e-05
5e-05
5e-05
5e-05
5e-05
5e-05
5e-05
5e-05
5e-05
5e-05
5e-05
5e-05
5e-05
5e-05
5e-05
5e-05
5e-05
5e-05
5e-05
5e-05
5e-05
5e-05
5e-05
5e-05
5e-05
5e-05
5e-05
5e-05
5e-05
5e-05
5e-05
5e-05
5e-05
5e-05
5e-05
5e-05
5e-05
5e-05
5e-05
5e-05
5e-05
5e-05
5e-05
5e-05
5e-05
5e-05
5e-05
5e-05
5e-05
5e-05
5e-05
5e-05
5e-05
5e-05
5e-05
5e-05
5e-05
5e-05
5e-05
5e-05
5e-05
5e-05
5e-05
5e-05
5e-05
5e-05
5e-05
5e-05
5e-05
5e-05
5e-05
5e-05
5e-05
5e-05
5e-05
5e-05
5e-05
5e-05
5e-05
5e-05
5e-05
5e-05
5e-05
5e-05
5e-05
5e-05
5e-05
5e-05
5e-05
5e-05
5e-05
5e-05
5e-05
5e-05
5e-05
5e-05
5e-05
5e-05
5e-05
5e-05
5e-05
5e-05
5e-05
5e-05
5e-05
5e-05
5e-05
5e-05
5e-05
5e-05
5e-05
5e-05
5e-05
5e-05
5e-05
5e-05
5e-05
5e-05
5e-05
5e-05
5e-05
5e-05
5e-05
5e-05
5e-05
5e-05
5e-05
5e-05
5e-05
5e-05
5e-05
5e-05
5e-05
5e-05
5e-05
5e-05
5e-05
5e-05
5e-05
5e-05
5e-05
5e-05
5e-05
5e-05
5e-05
5e-05
5e-05
5e-05
5e-05
5e-05
5e-05
5e-05
5e-05
5e-05
5e-05
5e-05
5e-05
5e-05
5e-05
5e-05
5e-05
5e-05
5e-05
5e-05
5e-05
5e-05
5e-05
5e-05
5e-05
5e-05
5e-05
5e-05
5e-05
5e-05
5e-05
5e-05
5e-05
5e-05
5e-05
5e-05
5e-05
5e-05
5e-05
5e-05
5e-05
5e-05
5e-05
5e-05
5e-05
5e-05
5e-05
5e-05
5e-05
5e-05
5e-05
5e-05
5e-05
5e-05
5e-05
5e-05
5e-05
5e-05
5e-05
5e-05
5e-05
5e-05
5e-05
5e-05
5e-05
5e-05
5e-05
5e-05
5e-05
5e-05
5e-05
5e-05
5e-05
5e-05
5e-05
5e-05
5e-05
5e-05
5e-05
5e-05
5e-05
5e-05
5e-05
5e-05
5e-05
5e-05
5e-05
5e-05
5e-05
5e-05
5e-05
5e-05
5e-05
5e-05
5e-05
5e-05
5e-05
5e-05
5e-05
5e-05
5e-05
5e-05
5e-05
5e-05
5e-05
5e-05
5e-05
5e-05
5e-05
5e-05
5e-05
5e-05
5e-05
5e-05
5e-05
5e-05
5e-05
5e-05
5e-05
5e-05
5e-05
5e-05
5e-05
5e-05
5e-05
5e-05
5e-05
5e-05
5e-05
5e-05
5e-05
5e-05
5e-05
5e-05
5e-05
5e-05
5e-05
5e-05
5e-05
5e-05
5e-05
5e-05
5e-05
5e-05
5e-05
5e-05
5e-05
5e-05
5e-05
5e-05
5e-05
5e-05
5e-05
5e-05
5e-05
5e-05
5e-05
5e-05
5e-05
5e-05
5e-05
5e-05
5e-05
5e-05
5e-05
5e-05
5e-05
5e-05
5e-05
5e-05
5e-05
5e-05
5e-05
5e-05
5e-05
5e-05
5e-05
5e-05
5e-05
5e-05
5e-05
5e-05
5e-05
5e-05
5e-05
5e-05
5e-05
5e-05
5e-05
5e-05
5e-05
5e-05
5e-05
5e-05
5e-05
5e-05
5e-05
5e-05
5.00003e-05
5.00015e-05
5.00044e-05
5.00099e-05
5.00191e-05
5.00331e-05
5.00532e-05
5.00806e-05
5.01165e-05
5.01623e-05
5.02192e-05
5.02885e-05
5.03713e-05
5.04689e-05
5.05823e-05
5.07126e-05
5.0861e-05
5.10282e-05
5.12154e-05
5.14232e-05
5.16526e-05
5.19043e-05
5.21789e-05
5.24772e-05
5.27996e-05
5.31467e-05
5.35191e-05
5.3917e-05
5.4341e-05
5.47913e-05
5.52682e-05
5.57721e-05
5.6303e-05
5.68611e-05
5.74467e-05
5.80597e-05
5.87003e-05
5.93684e-05
6.00642e-05
6.07875e-05
6.15383e-05
6.23166e-05
6.31222e-05
6.3955e-05
6.48149e-05
6.57017e-05
6.66152e-05
6.75553e-05
6.85218e-05
6.95143e-05
7.05327e-05
7.15768e-05
7.26462e-05
7.37408e-05
7.48601e-05
7.6004e-05
7.71722e-05
7.83643e-05
7.958e-05
8.08191e-05
8.20812e-05
8.33659e-05
8.4673e-05
8.60022e-05
8.7353e-05
8.87252e-05
9.01184e-05
9.15324e-05
9.29667e-05
9.4421e-05
9.5895e-05
9.73883e-05
9.89006e-05
0.000100432
0.000101981
0.000103548
0.000105133
0.000106736
0.000108355
0.000109991
0.000111643
0.00011331
0.000114992
0.000116686
0.000118391
0.000120106
0.00012183
0.000123561
0.000125297
0.000127036
0.000128778
0.00013052
0.000132262
0.000134001
0.000135736
0.000137466
0.00013919
0.000140906
0.000142613
0.00014431
0.000145997
0.000147671
0.000149332
0.000150979
0.000152611
0.000154228
0.000155829
0.000157413
0.000158979
0.000160528
0.000162058
0.000163568
0.00016506
0.000166531
0.000167982
0.000169413
0.000170823
0.000172212
0.00017358
0.000174926
0.000176251
0.000177554
0.000178836
0.000180096
0.000181334
0.00018255
0.000183745
0.000184917
0.000186068
0.000187198
0.000188305
0.000189391
0.000190456
0.0001915
0.000192522
0.000193523
0.000194504
0.000195464
0.000196403
0.000197322
0.000198221
0.000199099
0.000199958
0.000200798
0.000201618
0.000202419
0.000203201
0.000203964
0.000204709
0.000205436
0.000206144
0.000206835
0.000207509
0.000208164
0.000208803
0.000209425
0.000210031
0.00021062
0.000211193
0.00021175
0.000212291
0.000212817
0.000213328
0.000213823
0.000214304
0.000214771
0.000215223
0.000215661
0.000216086
0.000216497
0.000216894
0.000217279
0.00021765
0.000218009
0.000218355
0.000218689
0.000219011
0.000219321
0.000219619
0.000219906
0.000220182
0.000220447
0.000220701
0.000220944
0.000221177
0.000221399
0.000221612
0.000221814
0.000222007
0.00022219
0.000222364
0.000222529
0.000222685
0.000222832
0.00022297
0.0002231
0.000223221
0.000223334
0.000223439
0.000223537
0.000223626
0.000223708
0.000223783
0.00022385
0.00022391
0.000223964
0.00022401
0.000224049
0.000224082
0.000224109
0.000224129
0.000224143
0.000224151
0.000224153
0.000224149
0.00022414
0.000224124
0.000224104
0.000224078
0.000224046
0.00022401
0.000223968
0.000223922
0.000223871
0.000223815
0.000223754
0.000223689
0.000223619
0.000223545
0.000223467
0.000223384
0.000223298
0.000223207
0.000223113
0.000223015
0.000222913
0.000222807
0.000222698
0.000222585
0.000222469
0.000222349
0.000222226
0.0002221
0.000221971
0.000221839
0.000221704
0.000221565
0.000221424
0.000221281
0.000221134
0.000220985
0.000220833
0.000220679
0.000220522
0.000220362
0.000220201
0.000220037
0.00021987
0.000219702
0.000219531
0.000219358
0.000219183
0.000219007
0.000218828
0.000218647
0.000218464
0.00021828
0.000218093
0.000217905
0.000217716
0.000217524
0.000217331
0.000217137
0.000216941
0.000216743
0.000216544
0.000216344
0.000216142
0.000215939
0.000215734
0.000215529
0.000215322
0.000215113
0.000214904
0.000214694
0.000214482
0.000214269
0.000214055
0.000213841
0.000213625
0.000213408
0.00021319
0.000212972
0.000212752
0.000212532
0.000212311
0.000212089
0.000211866
0.000211643
0.000211418
0.000211193
0.000210968
0.000210741
0.000210514
0.000210287
0.000210059
0.00020983
0.000209601
0.000209371
0.00020914
0.000208909
0.000208678
0.000208446
0.000208214
0.000207981
0.000207748
0.000207515
0.000207281
0.000207046
0.000206812
0.000206577
0.000206341
0.000206106
0.00020587
0.000205634
0.000205397
0.000205161
0.000204924
0.000204687
0.000204449
0.000204212
0.000203974
0.000203736
0.000203498
0.00020326
0.000203021
0.000202783
0.000202544
0.000202306
0.000202067
0.000201828
0.000201589
0.00020135
0.000201111
0.000200872
0.000200633
0.000200393
0.000200154
0.000199915
0.000199676
0.000199437
0.000199197
0.000198958
0.000198719
0.00019848
0.000198241
0.000198002
0.000197763
0.000197524
0.000197285
0.000197046
0.000196807
0.000196569
0.00019633
0.000196092
0.000195854
0.000195616
0.000195378
0.00019514
0.000194902
0.000194664
0.000194427
0.000194189
0.000193952
0.000193715
0.000193478
0.000193241
0.000193005
0.000192768
0.000192532
0.000192296
0.00019206
0.000191825
0.000191589
0.000191354
0.000191119
0.000190884
0.000190649
0.000190415
0.000190181
0.000189947
0.000189713
0.000189479
0.000189246
0.000189013
0.00018878
0.000188548
0.000188315
0.000188083
0.000187851
0.00018762
0.000187388
0.000187157
0.000186926
0.000186696
0.000186465
0.000186235
0.000186005
0.000185776
0.000185547
0.000185318
0.000185089
0.00018486
0.000184632
0.000184404
0.000184177
0.000183949
0.000183722
0.000183496
0.000183269
0.000183043
0.000182817
0.000182591
0.000182366
0.000182141
0.000181916
0.000181692
0.000181468
0.000181244
0.000181021
0.000180797
0.000180574
0.000180352
0.00018013
0.000179908
0.000179686
0.000179465
0.000179243
0.000179023
0.000178802
0.000178582
0.000178362
0.000178143
0.000177924
0.000177705
0.000177486
0.000177268
0.00017705
0.000176833
0.000176615
0.000176398
0.000176182
0.000175965
0.000175749
0.000175534
0.000175318
0.000175103
0.000174889
0.000174674
0.00017446
0.000174247
0.000174033
0.00017382
0.000173607
0.000173395
0.000173183
0.000172971
0.00017276
0.000172549
0.000172338
0.000172127
0.000171917
0.000171707
0.000171498
0.000171289
0.00017108
0.000170871
0.000170663
0.000170455
0.000170248
0.000170041
0.000169834
0.000169627
0.000169421
0.000169215
0.00016901
0.000168804
0.0001686
0.000168395
0.000168191
0.000167987
0.000167783
0.00016758
0.000167377
0.000167175
0.000166972
0.00016677
0.000166569
0.000166368
0.000166167
0.000165966
0.000165766
0.000165566
0.000165366
0.000165167
0.000164968
0.000164769
0.000164571
0.000164373
0.000164175
0.000163978
0.000163781
0.000163584
0.000163388
0.000163191
0.000162996
0.0001628
0.000162605
0.00016241
0.000162216
0.000162022
0.000161828
0.000161635
0.000161442
0.000161249
0.000161056
0.000160864
0.000160672
0.000160481
0.000160289
0.000160098
0.000159908
0.000159718
0.000159528
0.000159338
0.000159149
0.00015896
0.000158771
0.000158583
0.000158395
0.000158207
0.000158019
0.000157832
0.000157646
0.000157459
0.000157273
0.000157087
0.000156902
0.000156716
0.000156532
0.000156347
0.000156163
0.000155979
0.000155795
0.000155612
0.000155429
0.000155246
0.000155064
0.000154882
0.0001547
0.000154518
0.000154337
0.000154156
0.000153976
0.000153795
0.000153615
0.000153436
0.000153257
0.000153078
0.000152899
0.00015272
0.000152542
0.000152364
0.000152187
0.00015201
0.000151833
0.000151656
0.00015148
0.000151304
0.000151128
0.000150953
0.000150778
0.000150603
0.000150429
0.000150254
0.00015008
0.000149907
0.000149734
0.000149561
0.000149388
0.000149215
0.000149043
0.000148872
0.0001487
0.000148529
0.000148358
0.000148187
0.000148017
0.000147847
0.000147677
0.000147508
0.000147338
0.000147169
0.000147001
0.000146833
0.000146665
0.000146497
0.000146329
0.000146162
0.000145995
0.000145829
0.000145662
0.000145496
0.000145331
0.000145165
0.000145
0.000144835
0.000144671
0.000144506
0.000144342
0.000144179
0.000144015
0.000143852
0.000143689
0.000143526
0.000143364
0.000143202
0.00014304
0.000142879
0.000142718
0.000142557
0.000142396
0.000142236
0.000142075
0.000141916
0.000141756
0.000141597
0.000141438
0.000141279
0.000141121
0.000140962
0.000140804
0.000140647
0.000140489
0.000140332
0.000140176
0.000140019
0.000139863
0.000139707
0.000139551
0.000139395
0.00013924
0.000139085
0.000138931
0.000138776
0.000138622
0.000138468
0.000138315
0.000138161
0.000138008
0.000137855
0.000137703
0.000137551
0.000137399
0.000137247
0.000137095
0.000136944
0.000136793
0.000136642
0.000136492
0.000136342
0.000136192
0.000136042
0.000135893
0.000135744
0.000135595
0.000135446
0.000135298
0.00013515
0.000135002
0.000134854
0.000134707
0.00013456
0.000134413
0.000134266
0.00013412
0.000133974
0.000133828
0.000133682
0.000133537
0.000133392
0.000133247
0.000133103
0.000132958
0.000132814
0.00013267
0.000132527
0.000132384
0.000132241
0.000132098
0.000131955
0.000131813
0.000131671
0.000131529
0.000131387
0.000131246
0.000131105
0.000130964
0.000130823
0.000130683
0.000130543
0.000130403
0.000130263
0.000130124
0.000129985
0.000129846
0.000129707
0.000129569
0.000129431
0.000129293
0.000129155
0.000129017
0.00012888
0.000128743
0.000128606
0.00012847
0.000128334
0.000128197
0.000128062
0.000127926
0.000127791
0.000127656
0.000127521
0.000127386
0.000127252
0.000127117
0.000126984
0.00012685
0.000126716
0.000126583
0.00012645
0.000126317
0.000126185
0.000126052
0.00012592
0.000125788
0.000125657
0.000125525
0.000125394
0.000125263
0.000125132
0.000125002
0.000124872
0.000124742
0.000124612
0.000124482
0.000124353
0.000124224
0.000124095
0.000123966
0.000123838
0.000123709
0.000123581
0.000123453
0.000123326
0.000123198
0.000123071
0.000122944
0.000122818
0.000122691
0.000122565
0.000122439
0.000122313
0.000122187
0.000122062
0.000121937
0.000121812
0.000121687
0.000121563
0.000121438
0.000121314
0.00012119
0.000121067
0.000120943
0.00012082
0.000120697
0.000120574
0.000120451
0.000120329
0.000120207
0.000120085
0.000119963
0.000119842
0.00011972
0.000119599
0.000119478
0.000119358
0.000119237
0.000119117
0.000118997
0.000118877
0.000118757
0.000118638
0.000118519
0.000118399
0.000118281
0.000118162
0.000118044
0.000117925
0.000117807
0.00011769
0.000117572
0.000117455
0.000117337
0.00011722
0.000117104
0.000116987
0.000116871
0.000116755
0.000116639
0.000116523
0.000116407
0.000116292
0.000116177
0.000116062
0.000115947
0.000115832
0.000115718
0.000115604
0.00011549
0.000115376
0.000115262
0.000115149
0.000115036
0.000114923
0.00011481
0.000114698
0.000114585
0.000114473
0.000114361
0.000114249
0.000114137
0.000114026
0.000113915
0.000113804
0.000113693
0.000113582
0.000113472
0.000113361
0.000113251
0.000113141
0.000113032
0.000112922
0.000112813
0.000112704
0.000112595
0.000112486
0.000112378
0.000112269
0.000112161
0.000112053
0.000111945
0.000111838
0.00011173
0.000111623
0.000111516
0.000111409
0.000111302
0.000111196
0.000111089
0.000110983
0.000110877
0.000110772
0.000110666
0.000110561
0.000110455
0.00011035
0.000110245
0.000110141
0.000110036
0.000109932
0.000109828
0.000109724
0.00010962
0.000109516
0.000109413
0.00010931
0.000109207
0.000109104
0.000109001
0.000108899
0.000108796
0.000108694
0.000108592
0.00010849
0.000108389
0.000108287
0.000108186
0.000108085
0.000107984
0.000107883
0.000107783
0.000107682
0.000107582
0.000107482
0.000107382
0.000107282
0.000107183
0.000107084
0.000106984
0.000106885
0.000106786
0.000106688
0.000106589
0.000106491
0.000106393
0.000106295
0.000106197
0.000106099
0.000106002
0.000105905
0.000105807
0.00010571
0.000105614
0.000105517
0.000105421
0.000105324
0.000105228
0.000105132
0.000105036
0.000104941
0.000104845
0.00010475
0.000104655
0.00010456
0.000104465
0.00010437
0.000104276
0.000104182
0.000104087
0.000103993
0.0001039
0.000103806
0.000103712
0.000103619
0.000103526
0.000103433
0.00010334
0.000103247
0.000103155
0.000103063
0.00010297
0.000102878
0.000102786
0.000102695
0.000102603
0.000102512
0.00010242
0.000102329
0.000102238
0.000102148
0.000102057
0.000101967
0.000101876
0.000101786
0.000101696
0.000101606
0.000101517
0.000101427
0.000101338
0.000101249
0.000101159
0.000101071
0.000100982
0.000100893
0.000100805
0.000100717
0.000100628
0.00010054
0.000100453
0.000100365
0.000100277
0.00010019
0.000100103
0.000100016
9.99288e-05
9.9842e-05
9.97554e-05
9.9669e-05
9.95826e-05
9.94965e-05
9.94105e-05
9.93246e-05
9.92389e-05
9.91533e-05
9.90679e-05
9.89826e-05
9.88975e-05
9.88125e-05
9.87277e-05
9.8643e-05
9.85585e-05
9.84741e-05
9.83899e-05
9.83058e-05
9.82218e-05
9.8138e-05
9.80544e-05
9.79709e-05
9.78875e-05
9.78043e-05
9.77212e-05
9.76383e-05
9.75555e-05
9.74728e-05
9.73903e-05
9.7308e-05
9.72258e-05
9.71437e-05
9.70618e-05
9.698e-05
9.68983e-05
9.68168e-05
9.67355e-05
9.66543e-05
9.65732e-05
9.64922e-05
9.64115e-05
9.63308e-05
9.62503e-05
9.61699e-05
9.60897e-05
9.60096e-05
9.59296e-05
9.58498e-05
9.57701e-05
9.56906e-05
9.56112e-05
9.55319e-05
9.54528e-05
9.53738e-05
9.52949e-05
9.52162e-05
9.51376e-05
9.50592e-05
9.49809e-05
9.49027e-05
9.48247e-05
9.47468e-05
9.4669e-05
9.45914e-05
9.45139e-05
9.44365e-05
9.43593e-05
9.42822e-05
9.42052e-05
9.41284e-05
9.40517e-05
9.39752e-05
9.38987e-05
9.38224e-05
9.37463e-05
9.36702e-05
9.35943e-05
9.35186e-05
9.3443e-05
9.33675e-05
9.32921e-05
9.32168e-05
9.31417e-05
9.30668e-05
9.29919e-05
9.29172e-05
9.28426e-05
9.27681e-05
9.26938e-05
9.26196e-05
9.25455e-05
9.24716e-05
9.23978e-05
9.23241e-05
9.22505e-05
9.21771e-05
9.21038e-05
9.20306e-05
9.19576e-05
9.18847e-05
9.18119e-05
9.17392e-05
9.16667e-05
9.15942e-05
9.1522e-05
9.14498e-05
9.13777e-05
9.13058e-05
9.1234e-05
9.11624e-05
9.10908e-05
9.10194e-05
9.09481e-05
9.0877e-05
9.08059e-05
9.0735e-05
9.06642e-05
9.05935e-05
9.0523e-05
9.04525e-05
9.03822e-05
9.03121e-05
9.0242e-05
9.0172e-05
9.01022e-05
9.00325e-05
8.9963e-05
8.98935e-05
8.98242e-05
8.97549e-05
8.96858e-05
8.96169e-05
8.9548e-05
8.94793e-05
8.94107e-05
8.93422e-05
8.92738e-05
8.92055e-05
8.91374e-05
8.90694e-05
8.90015e-05
8.89337e-05
8.8866e-05
8.87985e-05
8.8731e-05
8.86637e-05
8.85965e-05
8.85294e-05
8.84625e-05
8.83956e-05
8.83289e-05
8.82623e-05
8.81957e-05
8.81294e-05
8.80631e-05
8.79969e-05
8.79309e-05
8.7865e-05
8.77992e-05
8.77335e-05
8.76679e-05
8.76024e-05
8.7537e-05
8.74718e-05
8.74067e-05
8.73417e-05
8.72768e-05
8.7212e-05
8.71473e-05
8.70827e-05
8.70183e-05
8.69539e-05
8.68897e-05
8.68256e-05
8.67616e-05
8.66977e-05
8.66339e-05
8.65702e-05
8.65066e-05
8.64432e-05
8.63799e-05
8.63166e-05
8.62535e-05
8.61905e-05
8.61276e-05
8.60648e-05
8.60021e-05
8.59395e-05
8.58771e-05
8.58147e-05
8.57524e-05
8.56903e-05
8.56283e-05
8.55663e-05
8.55045e-05
8.54428e-05
8.53812e-05
8.53197e-05
8.52583e-05
8.5197e-05
8.51359e-05
8.50748e-05
8.50138e-05
8.4953e-05
8.48922e-05
8.48316e-05
8.4771e-05
8.47106e-05
8.46502e-05
8.459e-05
8.45299e-05
8.44699e-05
8.441e-05
8.43502e-05
8.42904e-05
8.42308e-05
8.41713e-05
8.41119e-05
8.40527e-05
8.39935e-05
8.39344e-05
8.38754e-05
8.38165e-05
8.37577e-05
8.36991e-05
8.36405e-05
8.3582e-05
8.35236e-05
8.34654e-05
8.34072e-05
8.33491e-05
8.32912e-05
8.32333e-05
8.31755e-05
8.31179e-05
8.30603e-05
8.30028e-05
8.29455e-05
8.28882e-05
8.2831e-05
8.2774e-05
8.2717e-05
8.26601e-05
8.26034e-05
8.25467e-05
8.24901e-05
8.24336e-05
8.23773e-05
8.2321e-05
8.22648e-05
8.22087e-05
8.21527e-05
8.20968e-05
8.2041e-05
8.19854e-05
8.19298e-05
8.18743e-05
8.18188e-05
8.17635e-05
8.17083e-05
8.16532e-05
8.15982e-05
8.15433e-05
8.14884e-05
8.14337e-05
8.13791e-05
8.13245e-05
8.12701e-05
8.12157e-05
8.11614e-05
8.11073e-05
8.10532e-05
8.09992e-05
8.09453e-05
8.08916e-05
8.08379e-05
8.07843e-05
8.07307e-05
8.06773e-05
8.0624e-05
8.05708e-05
8.05176e-05
8.04646e-05
8.04116e-05
8.03588e-05
8.0306e-05
8.02533e-05
8.02007e-05
8.01482e-05
8.00958e-05
8.00435e-05
7.99913e-05
7.99391e-05
7.98871e-05
7.98351e-05
7.97833e-05
7.97315e-05
7.96798e-05
7.96282e-05
7.95767e-05
7.95253e-05
7.9474e-05
7.94228e-05
7.93716e-05
7.93206e-05
7.92696e-05
7.92187e-05
7.91679e-05
7.91172e-05
7.90666e-05
7.90161e-05
7.89656e-05
7.89153e-05
7.8865e-05
7.88148e-05
7.87648e-05
7.87148e-05
7.86648e-05
7.8615e-05
7.85653e-05
7.85156e-05
7.8466e-05
7.84166e-05
7.83672e-05
7.83179e-05
7.82686e-05
7.82195e-05
7.81704e-05
7.81215e-05
7.80726e-05
7.80238e-05
7.79751e-05
7.79264e-05
7.78779e-05
7.78294e-05
7.7781e-05
7.77328e-05
7.76845e-05
7.76364e-05
7.75884e-05
7.75404e-05
7.74925e-05
7.74448e-05
7.7397e-05
7.73494e-05
7.73019e-05
7.72544e-05
7.7207e-05
7.71597e-05
7.71125e-05
7.70654e-05
7.70183e-05
7.69714e-05
7.69245e-05
7.68777e-05
7.6831e-05
7.67843e-05
7.67378e-05
7.66913e-05
7.66449e-05
7.65986e-05
7.65523e-05
7.65062e-05
7.64601e-05
7.64141e-05
7.63682e-05
7.63223e-05
7.62766e-05
7.62309e-05
7.61853e-05
7.61398e-05
7.60943e-05
7.6049e-05
7.60037e-05
7.59585e-05
7.59134e-05
7.58683e-05
7.58233e-05
7.57785e-05
7.57336e-05
7.56889e-05
7.56442e-05
7.55997e-05
7.55552e-05
7.55107e-05
7.54664e-05
7.54221e-05
7.53779e-05
7.53338e-05
7.52898e-05
7.52458e-05
7.52019e-05
7.51581e-05
7.51144e-05
7.50707e-05
7.50271e-05
7.49836e-05
7.49402e-05
7.48968e-05
7.48536e-05
7.48103e-05
7.47672e-05
7.47242e-05
7.46812e-05
7.46383e-05
7.45954e-05
7.45527e-05
7.451e-05
7.44674e-05
7.44249e-05
7.43824e-05
7.434e-05
7.42977e-05
7.42555e-05
7.42133e-05
7.41712e-05
7.41292e-05
7.40872e-05
7.40454e-05
7.40036e-05
7.39618e-05
7.39202e-05
7.38786e-05
7.38371e-05
7.37956e-05
7.37543e-05
7.3713e-05
7.36717e-05
7.36306e-05
7.35895e-05
7.35485e-05
7.35076e-05
7.34667e-05
7.34259e-05
7.33852e-05
7.33445e-05
7.33039e-05
7.32634e-05
7.3223e-05
7.31826e-05
7.31423e-05
7.31021e-05
7.30619e-05
7.30218e-05
7.29818e-05
7.29418e-05
7.2902e-05
7.28622e-05
7.28224e-05
7.27827e-05
7.27431e-05
7.27036e-05
7.26641e-05
7.26247e-05
7.25854e-05
7.25461e-05
7.25069e-05
7.24678e-05
7.24287e-05
7.23897e-05
7.23508e-05
7.2312e-05
7.22732e-05
7.22344e-05
7.21958e-05
7.21572e-05
7.21187e-05
7.20802e-05
7.20418e-05
7.20035e-05
7.19653e-05
7.19271e-05
7.1889e-05
7.18509e-05
7.18129e-05
7.1775e-05
7.17372e-05
7.16994e-05
7.16616e-05
7.1624e-05
7.15864e-05
7.15489e-05
7.15114e-05
7.1474e-05
7.14367e-05
7.13994e-05
7.13622e-05
7.13251e-05
7.1288e-05
7.1251e-05
7.1214e-05
7.11771e-05
7.11403e-05
7.11036e-05
7.10669e-05
7.10303e-05
7.09937e-05
7.09572e-05
7.09208e-05
7.08844e-05
7.08481e-05
7.08118e-05
7.07757e-05
7.07395e-05
7.07035e-05
7.06675e-05
7.06316e-05
7.05957e-05
7.05599e-05
7.05241e-05
7.04885e-05
7.04528e-05
7.04173e-05
7.03818e-05
7.03464e-05
7.0311e-05
7.02757e-05
7.02404e-05
7.02052e-05
7.01701e-05
7.0135e-05
7.01e-05
7.00651e-05
7.00302e-05
6.99954e-05
6.99606e-05
6.99259e-05
6.98913e-05
6.98567e-05
6.98222e-05
6.97877e-05
6.97533e-05
6.9719e-05
6.96847e-05
6.96505e-05
6.96163e-05
6.95822e-05
6.95481e-05
6.95142e-05
6.94802e-05
6.94464e-05
6.94126e-05
6.93788e-05
6.93451e-05
6.93115e-05
6.92779e-05
6.92444e-05
6.92109e-05
6.91775e-05
6.91442e-05
6.91109e-05
6.90777e-05
6.90445e-05
6.90114e-05
6.89784e-05
6.89454e-05
6.89124e-05
6.88795e-05
6.88467e-05
6.88139e-05
6.87812e-05
6.87486e-05
6.8716e-05
6.86834e-05
6.8651e-05
6.86185e-05
6.85862e-05
6.85539e-05
6.85216e-05
6.84894e-05
6.84573e-05
6.84252e-05
6.83931e-05
6.83612e-05
6.83292e-05
6.82974e-05
6.82656e-05
6.82338e-05
6.82021e-05
6.81704e-05
6.81389e-05
6.81073e-05
6.80758e-05
6.80444e-05
6.8013e-05
6.79817e-05
6.79505e-05
6.79193e-05
6.78881e-05
6.7857e-05
6.7826e-05
6.7795e-05
6.7764e-05
6.77331e-05
6.77023e-05
6.76715e-05
6.76408e-05
6.76101e-05
6.75795e-05
6.7549e-05
6.75184e-05
6.7488e-05
6.74576e-05
6.74272e-05
6.73969e-05
6.73667e-05
6.73365e-05
6.73063e-05
6.72763e-05
6.72462e-05
6.72162e-05
6.71863e-05
6.71564e-05
6.71266e-05
6.70968e-05
6.70671e-05
6.70374e-05
6.70078e-05
6.69782e-05
6.69487e-05
6.69192e-05
6.68898e-05
6.68605e-05
6.68311e-05
6.68019e-05
6.67727e-05
6.67435e-05
6.67144e-05
6.66853e-05
6.66563e-05
6.66274e-05
6.65985e-05
6.65696e-05
6.65408e-05
6.6512e-05
6.64833e-05
6.64547e-05
6.64261e-05
6.63975e-05
6.6369e-05
6.63405e-05
6.63121e-05
6.62838e-05
6.62554e-05
6.62272e-05
6.6199e-05
6.61708e-05
6.61427e-05
6.61146e-05
6.60866e-05
6.60586e-05
6.60307e-05
6.60028e-05
6.5975e-05
6.59472e-05
6.59195e-05
6.58918e-05
6.58642e-05
6.58366e-05
6.58091e-05
6.57816e-05
6.57542e-05
6.57268e-05
6.56994e-05
6.56721e-05
6.56449e-05
6.56177e-05
6.55905e-05
6.55634e-05
6.55364e-05
6.55094e-05
6.54824e-05
6.54555e-05
6.54286e-05
6.54018e-05
6.5375e-05
6.53483e-05
6.53216e-05
6.52949e-05
6.52683e-05
6.52418e-05
6.52153e-05
6.51888e-05
6.51624e-05
6.51361e-05
6.51098e-05
6.50835e-05
6.50573e-05
6.50311e-05
6.50049e-05
6.49789e-05
6.49528e-05
6.49268e-05
6.49009e-05
6.4875e-05
6.48491e-05
6.48233e-05
6.47975e-05
6.47718e-05
6.47461e-05
6.47205e-05
6.46949e-05
6.46693e-05
6.46438e-05
6.46183e-05
6.45929e-05
6.45676e-05
6.45422e-05
6.45169e-05
6.44917e-05
6.44665e-05
6.44414e-05
6.44162e-05
6.43912e-05
6.43662e-05
6.43412e-05
6.43162e-05
6.42914e-05
6.42665e-05
6.42417e-05
6.42169e-05
6.41922e-05
6.41675e-05
6.41429e-05
6.41183e-05
6.40938e-05
6.40693e-05
6.40448e-05
6.40204e-05
6.3996e-05
6.39717e-05
6.39474e-05
6.39231e-05
6.38989e-05
6.38748e-05
6.38506e-05
6.38265e-05
6.38025e-05
6.37785e-05
6.37546e-05
6.37306e-05
6.37068e-05
6.36829e-05
6.36591e-05
6.36354e-05
6.36117e-05
6.3588e-05
6.35644e-05
6.35408e-05
6.35173e-05
6.34938e-05
6.34703e-05
6.34469e-05
6.34235e-05
6.34002e-05
6.33769e-05
6.33536e-05
6.33304e-05
6.33072e-05
6.32841e-05
6.3261e-05
6.32379e-05
6.32149e-05
6.31919e-05
6.3169e-05
6.31461e-05
6.31232e-05
6.31004e-05
6.30776e-05
6.30549e-05
6.30322e-05
6.30095e-05
6.29869e-05
6.29643e-05
6.29418e-05
6.29193e-05
6.28968e-05
6.28744e-05
6.2852e-05
6.28297e-05
6.28074e-05
6.27851e-05
6.27629e-05
6.27407e-05
6.27185e-05
6.26964e-05
6.26743e-05
6.26523e-05
6.26303e-05
6.26083e-05
6.25864e-05
6.25645e-05
6.25427e-05
6.25209e-05
6.24991e-05
6.24774e-05
6.24557e-05
6.2434e-05
6.24124e-05
6.23908e-05
6.23693e-05
6.23478e-05
6.23263e-05
6.23049e-05
6.22835e-05
6.22621e-05
6.22408e-05
6.22195e-05
6.21983e-05
6.2177e-05
6.21559e-05
6.21347e-05
6.21136e-05
6.20926e-05
6.20716e-05
6.20506e-05
6.20296e-05
6.20087e-05
6.19878e-05
6.1967e-05
6.19462e-05
6.19254e-05
6.19047e-05
6.1884e-05
6.18633e-05
6.18427e-05
6.18221e-05
6.18015e-05
6.1781e-05
6.17605e-05
6.17401e-05
6.17197e-05
6.16993e-05
6.16789e-05
6.16586e-05
6.16384e-05
6.16181e-05
6.15979e-05
6.15777e-05
6.15576e-05
6.15375e-05
6.15175e-05
6.14974e-05
6.14774e-05
6.14575e-05
6.14376e-05
6.14177e-05
6.13978e-05
6.1378e-05
6.13582e-05
6.13385e-05
6.13188e-05
6.12991e-05
6.12794e-05
6.12598e-05
6.12402e-05
6.12207e-05
6.12012e-05
6.11817e-05
6.11623e-05
6.11429e-05
6.11235e-05
6.11041e-05
6.10848e-05
6.10656e-05
6.10463e-05
6.10271e-05
6.10079e-05
6.09888e-05
6.09697e-05
6.09506e-05
6.09316e-05
6.09126e-05
6.08936e-05
6.08747e-05
6.08557e-05
6.08369e-05
6.0818e-05
6.07992e-05
6.07804e-05
6.07617e-05
6.0743e-05
6.07243e-05
6.07057e-05
6.0687e-05
6.06685e-05
6.06499e-05
6.06314e-05
6.06129e-05
6.05944e-05
6.0576e-05
6.05576e-05
6.05393e-05
6.0521e-05
6.05027e-05
6.04844e-05
6.04662e-05
6.0448e-05
6.04298e-05
6.04117e-05
6.03936e-05
6.03755e-05
6.03575e-05
6.03394e-05
6.03215e-05
6.03035e-05
6.02856e-05
6.02677e-05
6.02499e-05
6.0232e-05
6.02142e-05
6.01965e-05
6.01788e-05
6.01611e-05
6.01434e-05
6.01258e-05
6.01081e-05
6.00906e-05
6.0073e-05
6.00555e-05
6.0038e-05
6.00206e-05
6.00031e-05
5.99858e-05
5.99684e-05
5.99511e-05
5.99338e-05
5.99165e-05
5.98992e-05
5.9882e-05
5.98648e-05
5.98477e-05
5.98306e-05
5.98135e-05
5.97964e-05
5.97794e-05
5.97624e-05
5.97454e-05
5.97285e-05
5.97115e-05
5.96947e-05
5.96778e-05
5.9661e-05
5.96442e-05
5.96274e-05
5.96107e-05
5.95939e-05
5.95773e-05
5.95606e-05
5.9544e-05
5.95274e-05
5.95108e-05
5.94943e-05
5.94778e-05
5.94613e-05
5.94448e-05
5.94284e-05
5.9412e-05
5.93957e-05
5.93793e-05
5.9363e-05
5.93467e-05
5.93305e-05
5.93143e-05
5.92981e-05
5.92819e-05
5.92658e-05
5.92496e-05
5.92336e-05
5.92175e-05
5.92015e-05
5.91855e-05
5.91695e-05
5.91536e-05
5.91376e-05
5.91218e-05
5.91059e-05
5.90901e-05
5.90743e-05
5.90585e-05
5.90427e-05
5.9027e-05
5.90113e-05
5.89956e-05
5.898e-05
5.89644e-05
5.89488e-05
5.89332e-05
5.89177e-05
5.89022e-05
5.88867e-05
5.88713e-05
5.88558e-05
5.88404e-05
5.88251e-05
5.88097e-05
5.87944e-05
5.87791e-05
5.87638e-05
5.87486e-05
5.87334e-05
5.87182e-05
5.8703e-05
5.86879e-05
5.86728e-05
5.86577e-05
5.86427e-05
5.86276e-05
5.86126e-05
5.85977e-05
5.85827e-05
5.85678e-05
5.85529e-05
5.8538e-05
5.85232e-05
5.85084e-05
5.84936e-05
5.84788e-05
5.8464e-05
5.84493e-05
5.84346e-05
5.842e-05
5.84053e-05
5.83907e-05
5.83761e-05
5.83616e-05
5.8347e-05
5.83325e-05
5.8318e-05
5.83036e-05
5.82891e-05
5.82747e-05
5.82603e-05
5.82459e-05
5.82316e-05
5.82173e-05
5.8203e-05
5.81887e-05
5.81745e-05
5.81603e-05
5.81461e-05
5.81319e-05
5.81178e-05
5.81037e-05
5.80896e-05
5.80755e-05
5.80615e-05
5.80475e-05
5.80335e-05
5.80195e-05
5.80056e-05
5.79916e-05
5.79777e-05
5.79639e-05
5.795e-05
5.79362e-05
5.79224e-05
5.79086e-05
5.78949e-05
5.78811e-05
5.78674e-05
5.78538e-05
5.78401e-05
5.78265e-05
5.78129e-05
5.77993e-05
5.77857e-05
5.77722e-05
5.77587e-05
5.77452e-05
5.77317e-05
5.77183e-05
5.77048e-05
5.76914e-05
5.76781e-05
5.76647e-05
5.76514e-05
5.76381e-05
5.76248e-05
5.76115e-05
5.75983e-05
5.75851e-05
5.75719e-05
5.75587e-05
5.75456e-05
5.75325e-05
5.75194e-05
5.75063e-05
5.74932e-05
5.74802e-05
5.74672e-05
5.74542e-05
5.74413e-05
5.74283e-05
5.74154e-05
5.74025e-05
5.73896e-05
5.73768e-05
5.7364e-05
5.73512e-05
5.73384e-05
5.73256e-05
5.73129e-05
5.73002e-05
5.72875e-05
5.72748e-05
5.72621e-05
5.72495e-05
5.72369e-05
5.72243e-05
5.72118e-05
5.71992e-05
5.71867e-05
5.71742e-05
5.71617e-05
5.71493e-05
5.71368e-05
5.71244e-05
5.7112e-05
5.70997e-05
5.70873e-05
5.7075e-05
5.70627e-05
5.70504e-05
5.70382e-05
5.70259e-05
5.70137e-05
5.70015e-05
5.69893e-05
5.69772e-05
5.69651e-05
5.69529e-05
5.69408e-05
5.69288e-05
5.69167e-05
5.69047e-05
5.68927e-05
5.68807e-05
5.68687e-05
5.68568e-05
5.68449e-05
5.6833e-05
5.68211e-05
5.68092e-05
5.67974e-05
5.67856e-05
5.67738e-05
5.6762e-05
5.67502e-05
5.67385e-05
5.67268e-05
5.67151e-05
5.67034e-05
5.66918e-05
5.66801e-05
5.66685e-05
5.66569e-05
5.66453e-05
5.66338e-05
5.66222e-05
5.66107e-05
5.65992e-05
5.65878e-05
5.65763e-05
5.65649e-05
5.65534e-05
5.6542e-05
5.65307e-05
5.65193e-05
5.6508e-05
5.64967e-05
5.64854e-05
5.64741e-05
5.64628e-05
5.64516e-05
5.64404e-05
5.64292e-05
5.6418e-05
5.64068e-05
5.63957e-05
5.63846e-05
5.63735e-05
5.63624e-05
5.63513e-05
5.63403e-05
5.63293e-05
5.63182e-05
5.63073e-05
5.62963e-05
5.62853e-05
5.62744e-05
5.62635e-05
5.62526e-05
5.62417e-05
5.62309e-05
5.62201e-05
5.62092e-05
5.61984e-05
5.61877e-05
5.61769e-05
5.61662e-05
5.61554e-05
5.61447e-05
5.6134e-05
5.61234e-05
5.61127e-05
5.61021e-05
5.60915e-05
5.60809e-05
5.60703e-05
5.60598e-05
5.60492e-05
5.60387e-05
5.60282e-05
5.60177e-05
5.60073e-05
5.59968e-05
5.59864e-05
5.5976e-05
5.59656e-05
5.59552e-05
5.59449e-05
5.59345e-05
5.59242e-05
5.59139e-05
5.59036e-05
5.58934e-05
5.58831e-05
5.58729e-05
5.58627e-05
5.58525e-05
5.58423e-05
5.58321e-05
5.5822e-05
5.58119e-05
5.58018e-05
5.57917e-05
5.57816e-05
5.57715e-05
5.57615e-05
5.57515e-05
5.57415e-05
5.57315e-05
5.57215e-05
5.57116e-05
5.57017e-05
5.56917e-05
5.56818e-05
5.5672e-05
5.56621e-05
5.56523e-05
5.56424e-05
5.56326e-05
5.56228e-05
5.5613e-05
5.56033e-05
5.55935e-05
5.55838e-05
5.55741e-05
5.55644e-05
5.55547e-05
5.55451e-05
5.55354e-05
5.55258e-05
5.55162e-05
5.55066e-05
5.5497e-05
5.54875e-05
5.54779e-05
5.54684e-05
5.54589e-05
5.54494e-05
5.54399e-05
5.54305e-05
5.5421e-05
5.54116e-05
5.54022e-05
5.53928e-05
5.53834e-05
5.53741e-05
5.53647e-05
5.53554e-05
5.53461e-05
5.53368e-05
5.53275e-05
5.53182e-05
5.5309e-05
5.52997e-05
5.52905e-05
5.52813e-05
5.52721e-05
5.5263e-05
5.52538e-05
5.52447e-05
5.52356e-05
5.52265e-05
5.52174e-05
5.52083e-05
5.51992e-05
5.51902e-05
5.51812e-05
5.51722e-05
5.51632e-05
5.51542e-05
5.51452e-05
5.51363e-05
5.51274e-05
5.51184e-05
5.51095e-05
5.51007e-05
5.50918e-05
5.50829e-05
5.50741e-05
5.50653e-05
5.50565e-05
5.50477e-05
5.50389e-05
5.50301e-05
5.50214e-05
5.50126e-05
5.50039e-05
5.49952e-05
5.49865e-05
5.49779e-05
5.49692e-05
5.49606e-05
5.49519e-05
5.49433e-05
5.49347e-05
5.49262e-05
5.49176e-05
5.4909e-05
5.49005e-05
5.4892e-05
5.48835e-05
5.4875e-05
5.48665e-05
5.4858e-05
5.48496e-05
5.48412e-05
5.48327e-05
5.48243e-05
5.4816e-05
5.48076e-05
5.47992e-05
5.47909e-05
5.47825e-05
5.47742e-05
5.47659e-05
5.47576e-05
5.47494e-05
5.47411e-05
5.47329e-05
5.47246e-05
5.47164e-05
5.47082e-05
5.47e-05
5.46919e-05
5.46837e-05
5.46755e-05
5.46674e-05
5.46593e-05
5.46512e-05
5.46431e-05
5.4635e-05
5.4627e-05
5.46189e-05
5.46109e-05
5.46029e-05
5.45949e-05
5.45869e-05
5.45789e-05
5.45709e-05
5.4563e-05
5.45551e-05
5.45471e-05
5.45392e-05
5.45313e-05
5.45235e-05
5.45156e-05
5.45077e-05
5.44999e-05
5.44921e-05
5.44843e-05
5.44765e-05
5.44687e-05
5.44609e-05
5.44532e-05
5.44454e-05
5.44377e-05
5.443e-05
5.44223e-05
5.44146e-05
5.44069e-05
5.43992e-05
5.43916e-05
5.43839e-05
5.43763e-05
5.43687e-05
5.43611e-05
5.43535e-05
5.4346e-05
5.43384e-05
5.43309e-05
5.43233e-05
5.43158e-05
5.43083e-05
5.43008e-05
5.42933e-05
5.42859e-05
5.42784e-05
5.4271e-05
5.42635e-05
5.42561e-05
5.42487e-05
5.42413e-05
5.4234e-05
5.42266e-05
5.42193e-05
5.42119e-05
5.42046e-05
5.41973e-05
5.419e-05
5.41827e-05
5.41754e-05
5.41682e-05
5.41609e-05
5.41537e-05
5.41465e-05
5.41392e-05
5.4132e-05
5.41249e-05
5.41177e-05
5.41105e-05
5.41034e-05
5.40962e-05
5.40891e-05
5.4082e-05
5.40749e-05
5.40678e-05
5.40608e-05
5.40537e-05
5.40466e-05
5.40396e-05
5.40326e-05
5.40256e-05
5.40186e-05
5.40116e-05
5.40046e-05
5.39976e-05
5.39907e-05
5.39837e-05
5.39768e-05
5.39699e-05
5.3963e-05
5.39561e-05
5.39492e-05
5.39424e-05
5.39355e-05
5.39287e-05
5.39218e-05
5.3915e-05
5.39082e-05
5.39014e-05
5.38946e-05
5.38879e-05
5.38811e-05
5.38743e-05
5.38676e-05
5.38609e-05
5.38542e-05
5.38475e-05
5.38408e-05
5.38341e-05
5.38274e-05
5.38208e-05
5.38141e-05
5.38075e-05
5.38009e-05
5.37943e-05
5.37877e-05
5.37811e-05
5.37745e-05
5.37679e-05
5.37614e-05
5.37548e-05
5.37483e-05
5.37418e-05
5.37353e-05
5.37288e-05
5.37223e-05
5.37158e-05
5.37094e-05
5.37029e-05
5.36965e-05
5.36901e-05
5.36836e-05
5.36772e-05
5.36708e-05
5.36645e-05
5.36581e-05
5.36517e-05
5.36454e-05
5.3639e-05
5.36327e-05
5.36264e-05
5.36201e-05
5.36138e-05
5.36075e-05
5.36012e-05
5.3595e-05
5.35887e-05
5.35825e-05
5.35762e-05
5.357e-05
5.35638e-05
5.35576e-05
5.35514e-05
5.35453e-05
5.35391e-05
5.35329e-05
5.35268e-05
5.35207e-05
5.35145e-05
5.35084e-05
5.35023e-05
5.34962e-05
5.34902e-05
5.34841e-05
5.3478e-05
5.3472e-05
5.34659e-05
5.34599e-05
5.34539e-05
5.34479e-05
5.34419e-05
5.34359e-05
5.34299e-05
5.3424e-05
5.3418e-05
5.34121e-05
5.34061e-05
5.34002e-05
5.33943e-05
5.33884e-05
5.33825e-05
5.33766e-05
5.33708e-05
5.33649e-05
5.3359e-05
5.33532e-05
5.33474e-05
5.33415e-05
5.33357e-05
5.33299e-05
5.33241e-05
5.33184e-05
5.33126e-05
5.33068e-05
5.33011e-05
5.32953e-05
5.32896e-05
5.32839e-05
5.32782e-05
5.32725e-05
5.32668e-05
5.32611e-05
5.32554e-05
5.32498e-05
5.32441e-05
5.32385e-05
5.32329e-05
5.32272e-05
5.32216e-05
5.3216e-05
5.32104e-05
5.32048e-05
5.31993e-05
5.31937e-05
5.31882e-05
5.31826e-05
5.31771e-05
5.31715e-05
5.3166e-05
5.31605e-05
5.3155e-05
5.31495e-05
5.31441e-05
5.31386e-05
5.31331e-05
5.31277e-05
5.31223e-05
5.31168e-05
5.31114e-05
5.3106e-05
5.31006e-05
5.30952e-05
5.30898e-05
5.30844e-05
5.30791e-05
5.30737e-05
5.30684e-05
5.3063e-05
5.30577e-05
5.30524e-05
5.30471e-05
5.30418e-05
5.30365e-05
5.30312e-05
5.3026e-05
5.30207e-05
5.30154e-05
5.30102e-05
5.3005e-05
5.29997e-05
5.29945e-05
5.29893e-05
5.29841e-05
5.29789e-05
5.29737e-05
5.29686e-05
5.29634e-05
5.29583e-05
5.29531e-05
5.2948e-05
5.29428e-05
5.29377e-05
5.29326e-05
5.29275e-05
5.29224e-05
5.29173e-05
5.29123e-05
5.29072e-05
5.29022e-05
5.28971e-05
5.28921e-05
5.2887e-05
5.2882e-05
5.2877e-05
5.2872e-05
5.2867e-05
5.2862e-05
5.2857e-05
5.28521e-05
5.28471e-05
5.28422e-05
5.28372e-05
5.28323e-05
5.28274e-05
5.28225e-05
5.28175e-05
5.28126e-05
5.28078e-05
5.28029e-05
5.2798e-05
5.27931e-05
5.27883e-05
5.27834e-05
5.27786e-05
5.27738e-05
5.27689e-05
5.27641e-05
5.27593e-05
5.27545e-05
5.27497e-05
5.27449e-05
5.27402e-05
5.27354e-05
5.27306e-05
5.27259e-05
5.27212e-05
5.27164e-05
5.27117e-05
5.2707e-05
5.27023e-05
5.26976e-05
5.26929e-05
5.26882e-05
5.26835e-05
5.26789e-05
5.26742e-05
5.26695e-05
5.26649e-05
5.26603e-05
5.26556e-05
5.2651e-05
5.26464e-05
5.26418e-05
5.26372e-05
5.26326e-05
5.26281e-05
5.26235e-05
5.26189e-05
5.26144e-05
5.26098e-05
5.26053e-05
5.26008e-05
5.25962e-05
5.25917e-05
5.25872e-05
5.25827e-05
5.25782e-05
5.25737e-05
5.25693e-05
5.25648e-05
5.25603e-05
5.25559e-05
5.25514e-05
5.2547e-05
5.25426e-05
5.25381e-05
5.25337e-05
5.25293e-05
5.25249e-05
5.25205e-05
5.25162e-05
5.25118e-05
5.25074e-05
5.25031e-05
5.24987e-05
5.24944e-05
5.249e-05
5.24857e-05
5.24814e-05
5.2477e-05
5.24727e-05
5.24684e-05
5.24641e-05
5.24599e-05
5.24556e-05
5.24513e-05
5.24471e-05
5.24428e-05
5.24385e-05
5.24343e-05
5.24301e-05
5.24258e-05
5.24216e-05
5.24174e-05
5.24132e-05
5.2409e-05
5.24048e-05
5.24006e-05
5.23965e-05
5.23923e-05
5.23881e-05
5.2384e-05
5.23798e-05
5.23757e-05
5.23716e-05
5.23675e-05
5.23633e-05
5.23592e-05
5.23551e-05
5.2351e-05
5.23469e-05
5.23429e-05
5.23388e-05
5.23347e-05
5.23307e-05
5.23266e-05
5.23226e-05
5.23185e-05
5.23145e-05
5.23105e-05
5.23064e-05
5.23024e-05
5.22984e-05
5.22944e-05
5.22904e-05
5.22865e-05
5.22825e-05
5.22785e-05
5.22746e-05
5.22706e-05
5.22666e-05
5.22627e-05
5.22588e-05
5.22548e-05
5.22509e-05
5.2247e-05
5.22431e-05
5.22392e-05
5.22353e-05
5.22314e-05
5.22275e-05
5.22237e-05
5.22198e-05
5.22159e-05
5.22121e-05
5.22082e-05
5.22044e-05
5.22006e-05
5.21967e-05
5.21929e-05
5.21891e-05
5.21853e-05
5.21815e-05
5.21777e-05
5.21739e-05
5.21701e-05
5.21664e-05
5.21626e-05
5.21588e-05
5.21551e-05
5.21513e-05
5.21476e-05
5.21439e-05
5.21401e-05
5.21364e-05
5.21327e-05
5.2129e-05
5.21253e-05
5.21216e-05
5.21179e-05
5.21142e-05
5.21105e-05
5.21069e-05
5.21032e-05
5.20995e-05
5.20959e-05
5.20922e-05
5.20886e-05
5.2085e-05
5.20813e-05
5.20777e-05
5.20741e-05
5.20705e-05
5.20669e-05
5.20633e-05
5.20597e-05
5.20561e-05
5.20526e-05
5.2049e-05
5.20454e-05
5.20419e-05
5.20383e-05
5.20348e-05
5.20312e-05
5.20277e-05
5.20242e-05
5.20207e-05
5.20172e-05
5.20136e-05
5.20101e-05
5.20066e-05
5.20032e-05
5.19997e-05
5.19962e-05
5.19927e-05
5.19893e-05
5.19858e-05
5.19823e-05
5.19789e-05
5.19755e-05
5.1972e-05
5.19686e-05
5.19652e-05
5.19618e-05
5.19583e-05
5.19549e-05
5.19515e-05
5.19481e-05
5.19448e-05
5.19414e-05
5.1938e-05
5.19346e-05
5.19313e-05
5.19279e-05
5.19245e-05
5.19212e-05
5.19179e-05
5.19145e-05
5.19112e-05
5.19079e-05
5.19046e-05
5.19012e-05
5.18979e-05
5.18946e-05
5.18913e-05
5.18881e-05
5.18848e-05
5.18815e-05
5.18782e-05
5.1875e-05
5.18717e-05
5.18684e-05
5.18652e-05
5.18619e-05
5.18587e-05
5.18555e-05
5.18522e-05
5.1849e-05
5.18458e-05
5.18426e-05
5.18394e-05
5.18362e-05
5.1833e-05
5.18298e-05
5.18266e-05
5.18235e-05
5.18203e-05
5.18171e-05
5.1814e-05
5.18108e-05
5.18077e-05
5.18045e-05
5.18014e-05
5.17982e-05
5.17951e-05
5.1792e-05
5.17889e-05
5.17858e-05
5.17827e-05
5.17796e-05
5.17765e-05
5.17734e-05
5.17703e-05
5.17672e-05
5.17641e-05
5.17611e-05
5.1758e-05
5.1755e-05
5.17519e-05
5.17489e-05
5.17458e-05
5.17428e-05
5.17397e-05
5.17367e-05
5.17337e-05
5.17307e-05
5.17277e-05
5.17247e-05
5.17217e-05
5.17187e-05
5.17157e-05
5.17127e-05
5.17097e-05
5.17068e-05
5.17038e-05
5.17008e-05
5.16979e-05
5.16949e-05
5.1692e-05
5.1689e-05
5.16861e-05
5.16832e-05
5.16802e-05
5.16773e-05
5.16744e-05
5.16715e-05
5.16686e-05
5.16657e-05
5.16628e-05
5.16599e-05
5.1657e-05
5.16541e-05
5.16512e-05
5.16484e-05
5.16455e-05
5.16426e-05
5.16398e-05
5.16369e-05
5.16341e-05
5.16312e-05
5.16284e-05
5.16256e-05
5.16227e-05
5.16199e-05
5.16171e-05
5.16143e-05
5.16115e-05
5.16087e-05
5.16059e-05
5.16031e-05
5.16003e-05
5.15975e-05
5.15947e-05
5.1592e-05
5.15892e-05
5.15864e-05
5.15837e-05
5.15809e-05
5.15782e-05
5.15754e-05
5.15727e-05
5.157e-05
5.15672e-05
5.15645e-05
5.15618e-05
5.15591e-05
5.15564e-05
5.15536e-05
5.15509e-05
5.15482e-05
5.15456e-05
5.15429e-05
5.15402e-05
5.15375e-05
5.15348e-05
5.15322e-05
5.15295e-05
5.15268e-05
5.15242e-05
5.15215e-05
5.15189e-05
5.15162e-05
5.15136e-05
5.1511e-05
5.15084e-05
5.15057e-05
5.15031e-05
5.15005e-05
5.14979e-05
5.14953e-05
5.14927e-05
5.14901e-05
5.14875e-05
5.14849e-05
5.14823e-05
5.14797e-05
5.14772e-05
5.14746e-05
5.1472e-05
5.14695e-05
5.14669e-05
5.14644e-05
5.14618e-05
5.14593e-05
5.14567e-05
5.14542e-05
5.14517e-05
5.14492e-05
5.14466e-05
5.14441e-05
5.14416e-05
5.14391e-05
5.14366e-05
5.14341e-05
5.14316e-05
5.14291e-05
5.14266e-05
5.14242e-05
5.14217e-05
5.14192e-05
5.14167e-05
5.14143e-05
5.14118e-05
5.14094e-05
5.14069e-05
5.14045e-05
5.1402e-05
5.13996e-05
5.13971e-05
5.13947e-05
5.13923e-05
5.13899e-05
5.13875e-05
5.1385e-05
5.13826e-05
5.13802e-05
5.13778e-05
5.13754e-05
5.1373e-05
5.13707e-05
5.13683e-05
5.13659e-05
5.13635e-05
5.13611e-05
5.13588e-05
5.13564e-05
5.13541e-05
5.13517e-05
5.13493e-05
5.1347e-05
5.13447e-05
5.13423e-05
5.134e-05
5.13377e-05
5.13353e-05
5.1333e-05
5.13307e-05
5.13284e-05
5.13261e-05
5.13238e-05
5.13215e-05
5.13192e-05
5.13169e-05
5.13146e-05
5.13123e-05
5.131e-05
5.13077e-05
5.13055e-05
5.13032e-05
5.13009e-05
5.12987e-05
5.12964e-05
5.12941e-05
5.12919e-05
5.12896e-05
5.12874e-05
5.12852e-05
5.12829e-05
5.12807e-05
5.12785e-05
5.12762e-05
5.1274e-05
5.12718e-05
5.12696e-05
5.12674e-05
5.12652e-05
5.1263e-05
5.12608e-05
5.12586e-05
5.12564e-05
5.12542e-05
5.1252e-05
5.12499e-05
5.12477e-05
5.12455e-05
5.12434e-05
5.12412e-05
5.1239e-05
5.12369e-05
5.12347e-05
5.12326e-05
5.12304e-05
5.12283e-05
5.12262e-05
5.1224e-05
5.12219e-05
5.12198e-05
5.12177e-05
5.12155e-05
5.12134e-05
5.12113e-05
5.12092e-05
5.12071e-05
5.1205e-05
5.12029e-05
5.12008e-05
5.11987e-05
5.11966e-05
5.11946e-05
5.11925e-05
5.11904e-05
5.11883e-05
5.11863e-05
5.11842e-05
5.11822e-05
5.11801e-05
5.1178e-05
5.1176e-05
5.1174e-05
5.11719e-05
5.11699e-05
5.11678e-05
5.11658e-05
5.11638e-05
5.11618e-05
5.11597e-05
5.11577e-05
5.11557e-05
5.11537e-05
5.11517e-05
5.11497e-05
5.11477e-05
5.11457e-05
5.11437e-05
5.11417e-05
5.11397e-05
5.11377e-05
5.11358e-05
5.11338e-05
5.11318e-05
5.11299e-05
5.11279e-05
5.11259e-05
5.1124e-05
5.1122e-05
5.11201e-05
5.11181e-05
5.11162e-05
5.11142e-05
5.11123e-05
5.11104e-05
5.11084e-05
5.11065e-05
5.11046e-05
5.11027e-05
5.11007e-05
5.10988e-05
5.10969e-05
5.1095e-05
5.10931e-05
5.10912e-05
5.10893e-05
5.10874e-05
5.10855e-05
5.10836e-05
5.10817e-05
5.10799e-05
5.1078e-05
5.10761e-05
5.10742e-05
5.10724e-05
5.10705e-05
5.10686e-05
5.10668e-05
5.10649e-05
5.10631e-05
5.10612e-05
5.10594e-05
5.10575e-05
5.10557e-05
5.10539e-05
5.1052e-05
5.10502e-05
5.10484e-05
5.10466e-05
5.10447e-05
5.10429e-05
5.10411e-05
5.10393e-05
5.10375e-05
5.10357e-05
5.10339e-05
5.10321e-05
5.10303e-05
5.10285e-05
5.10267e-05
5.10249e-05
5.10231e-05
5.10214e-05
5.10196e-05
5.10178e-05
5.1016e-05
5.10143e-05
5.10125e-05
5.10107e-05
5.1009e-05
5.10072e-05
5.10055e-05
5.10037e-05
5.1002e-05
5.10002e-05
5.09985e-05
5.09968e-05
5.0995e-05
5.09933e-05
5.09916e-05
5.09899e-05
5.09881e-05
5.09864e-05
5.09847e-05
5.0983e-05
5.09813e-05
5.09796e-05
5.09779e-05
5.09762e-05
5.09745e-05
5.09728e-05
5.09711e-05
5.09694e-05
5.09677e-05
5.0966e-05
5.09643e-05
5.09627e-05
5.0961e-05
5.09593e-05
5.09577e-05
5.0956e-05
5.09543e-05
5.09527e-05
5.0951e-05
5.09494e-05
5.09477e-05
5.09461e-05
5.09444e-05
5.09428e-05
5.09411e-05
5.09395e-05
5.09379e-05
5.09362e-05
5.09346e-05
5.0933e-05
5.09314e-05
5.09297e-05
5.09281e-05
5.09265e-05
5.09249e-05
5.09233e-05
5.09217e-05
5.09201e-05
5.09185e-05
5.09169e-05
5.09153e-05
5.09137e-05
5.09121e-05
5.09105e-05
5.09089e-05
5.09074e-05
5.09058e-05
5.09042e-05
5.09026e-05
5.09011e-05
5.08995e-05
5.08979e-05
5.08964e-05
5.08948e-05
5.08933e-05
5.08917e-05
5.08901e-05
5.08886e-05
5.08871e-05
5.08855e-05
5.0884e-05
5.08824e-05
5.08809e-05
5.08794e-05
5.08778e-05
5.08763e-05
5.08748e-05
5.08733e-05
5.08717e-05
5.08702e-05
5.08687e-05
5.08672e-05
5.08657e-05
5.08642e-05
5.08627e-05
5.08612e-05
5.08597e-05
5.08582e-05
5.08567e-05
5.08552e-05
5.08537e-05
5.08522e-05
5.08508e-05
5.08493e-05
5.08478e-05
5.08463e-05
5.08449e-05
5.08434e-05
5.08419e-05
5.08405e-05
5.0839e-05
5.08375e-05
5.08361e-05
5.08346e-05
5.08332e-05
5.08317e-05
5.08303e-05
5.08288e-05
5.08274e-05
5.0826e-05
5.08245e-05
5.08231e-05
5.08217e-05
5.08202e-05
5.08188e-05
5.08174e-05
5.0816e-05
5.08145e-05
5.08131e-05
5.08117e-05
5.08103e-05
5.08089e-05
5.08075e-05
5.08061e-05
5.08047e-05
5.08033e-05
5.08019e-05
5.08005e-05
5.07991e-05
5.07977e-05
5.07963e-05
5.07949e-05
5.07935e-05
5.07922e-05
5.07908e-05
5.07894e-05
5.0788e-05
5.07867e-05
5.07853e-05
5.07839e-05
5.07826e-05
5.07812e-05
5.07799e-05
5.07785e-05
5.07771e-05
5.07758e-05
5.07744e-05
5.07731e-05
5.07717e-05
5.07704e-05
5.07691e-05
5.07677e-05
5.07664e-05
5.07651e-05
5.07637e-05
5.07624e-05
5.07611e-05
5.07598e-05
5.07584e-05
5.07571e-05
5.07558e-05
5.07545e-05
5.07532e-05
5.07519e-05
5.07506e-05
5.07492e-05
5.07479e-05
5.07466e-05
5.07453e-05
5.0744e-05
5.07428e-05
5.07415e-05
5.07402e-05
5.07389e-05
5.07376e-05
5.07363e-05
5.0735e-05
5.07338e-05
5.07325e-05
5.07312e-05
5.07299e-05
5.07287e-05
5.07274e-05
5.07261e-05
5.07249e-05
5.07236e-05
5.07224e-05
5.07211e-05
5.07198e-05
5.07186e-05
5.07173e-05
5.07161e-05
5.07149e-05
5.07136e-05
5.07124e-05
5.07111e-05
5.07099e-05
5.07087e-05
5.07074e-05
5.07062e-05
5.0705e-05
5.07037e-05
5.07025e-05
5.07013e-05
5.07001e-05
5.06989e-05
5.06976e-05
5.06964e-05
5.06952e-05
5.0694e-05
5.06928e-05
5.06916e-05
5.06904e-05
5.06892e-05
5.0688e-05
5.06868e-05
5.06856e-05
5.06844e-05
5.06832e-05
5.0682e-05
5.06808e-05
5.06797e-05
5.06785e-05
5.06773e-05
5.06761e-05
5.06749e-05
5.06738e-05
5.06726e-05
5.06714e-05
5.06703e-05
5.06691e-05
5.06679e-05
5.06668e-05
5.06656e-05
5.06645e-05
5.06633e-05
5.06621e-05
5.0661e-05
5.06598e-05
5.06587e-05
5.06576e-05
5.06564e-05
5.06553e-05
5.06541e-05
5.0653e-05
5.06519e-05
5.06507e-05
5.06496e-05
5.06485e-05
5.06473e-05
5.06462e-05
5.06451e-05
5.0644e-05
5.06428e-05
5.06417e-05
5.06406e-05
5.06395e-05
5.06384e-05
5.06373e-05
5.06362e-05
5.06351e-05
5.0634e-05
5.06329e-05
5.06318e-05
5.06307e-05
5.06296e-05
5.06285e-05
5.06274e-05
5.06263e-05
5.06252e-05
5.06241e-05
5.0623e-05
5.06219e-05
5.06209e-05
5.06198e-05
5.06187e-05
5.06176e-05
5.06165e-05
5.06155e-05
5.06144e-05
5.06133e-05
5.06123e-05
5.06112e-05
5.06101e-05
5.06091e-05
5.0608e-05
5.0607e-05
5.06059e-05
5.06049e-05
5.06038e-05
5.06027e-05
5.06017e-05
5.06007e-05
5.05996e-05
5.05986e-05
5.05975e-05
5.05965e-05
5.05954e-05
5.05944e-05
5.05934e-05
5.05923e-05
5.05913e-05
5.05903e-05
5.05893e-05
5.05882e-05
5.05872e-05
5.05862e-05
5.05852e-05
5.05842e-05
5.05831e-05
5.05821e-05
5.05811e-05
5.05801e-05
5.05791e-05
5.05781e-05
5.05771e-05
5.05761e-05
5.05751e-05
5.05741e-05
5.05731e-05
5.05721e-05
5.05711e-05
5.05701e-05
5.05691e-05
5.05681e-05
5.05671e-05
5.05661e-05
5.05652e-05
5.05642e-05
5.05632e-05
5.05622e-05
5.05612e-05
5.05603e-05
5.05593e-05
5.05583e-05
5.05573e-05
5.05564e-05
5.05554e-05
5.05544e-05
5.05535e-05
5.05525e-05
5.05515e-05
5.05506e-05
5.05496e-05
5.05487e-05
5.05477e-05
5.05468e-05
5.05458e-05
5.05449e-05
5.05439e-05
5.0543e-05
5.0542e-05
5.05411e-05
5.05401e-05
5.05392e-05
5.05383e-05
5.05373e-05
5.05364e-05
5.05355e-05
5.05345e-05
5.05336e-05
5.05327e-05
5.05318e-05
5.05308e-05
5.05299e-05
5.0529e-05
5.05281e-05
5.05271e-05
5.05262e-05
5.05253e-05
5.05244e-05
5.05235e-05
5.05226e-05
5.05217e-05
5.05208e-05
5.05199e-05
5.0519e-05
5.0518e-05
5.05171e-05
5.05162e-05
5.05154e-05
5.05145e-05
5.05136e-05
5.05127e-05
5.05118e-05
5.05109e-05
5.051e-05
5.05091e-05
5.05082e-05
5.05073e-05
5.05065e-05
5.05056e-05
5.05047e-05
5.05038e-05
5.05029e-05
5.05021e-05
5.05012e-05
5.05003e-05
5.04995e-05
5.04986e-05
5.04977e-05
5.04969e-05
5.0496e-05
5.04951e-05
5.04943e-05
5.04934e-05
5.04925e-05
5.04917e-05
5.04908e-05
5.049e-05
5.04891e-05
5.04883e-05
5.04874e-05
5.04866e-05
5.04857e-05
5.04849e-05
5.04841e-05
5.04832e-05
5.04824e-05
5.04815e-05
5.04807e-05
5.04799e-05
5.0479e-05
5.04782e-05
5.04774e-05
5.04765e-05
5.04757e-05
5.04749e-05
5.0474e-05
5.04732e-05
5.04724e-05
5.04716e-05
5.04708e-05
5.04699e-05
5.04691e-05
5.04683e-05
5.04675e-05
5.04667e-05
5.04659e-05
5.04651e-05
5.04642e-05
5.04634e-05
5.04626e-05
5.04618e-05
5.0461e-05
5.04602e-05
5.04594e-05
5.04586e-05
5.04578e-05
5.0457e-05
5.04562e-05
5.04554e-05
5.04547e-05
5.04539e-05
5.04531e-05
5.04523e-05
5.04515e-05
5.04507e-05
5.04499e-05
5.04491e-05
5.04484e-05
5.04476e-05
5.04468e-05
5.0446e-05
5.04453e-05
5.04445e-05
5.04437e-05
5.04429e-05
5.04422e-05
5.04414e-05
5.04406e-05
5.04399e-05
5.04391e-05
5.04383e-05
5.04376e-05
5.04368e-05
5.0436e-05
5.04353e-05
5.04345e-05
5.04338e-05
5.0433e-05
5.04323e-05
5.04315e-05
5.04308e-05
5.043e-05
5.04293e-05
5.04285e-05
5.04278e-05
5.0427e-05
5.04263e-05
5.04256e-05
5.04248e-05
5.04241e-05
5.04233e-05
5.04226e-05
5.04219e-05
5.04211e-05
5.04204e-05
5.04197e-05
5.04189e-05
5.04182e-05
5.04175e-05
5.04168e-05
5.0416e-05
5.04153e-05
5.04146e-05
5.04139e-05
5.04131e-05
5.04124e-05
5.04117e-05
5.0411e-05
5.04103e-05
5.04096e-05
5.04089e-05
5.04081e-05
5.04074e-05
5.04067e-05
5.0406e-05
5.04053e-05
5.04046e-05
5.04039e-05
5.04032e-05
5.04025e-05
5.04018e-05
5.04011e-05
5.04004e-05
5.03997e-05
5.0399e-05
5.03983e-05
5.03976e-05
5.03969e-05
5.03962e-05
5.03956e-05
5.03949e-05
5.03942e-05
5.03935e-05
5.03928e-05
5.03921e-05
5.03914e-05
5.03908e-05
5.03901e-05
5.03894e-05
5.03887e-05
5.03881e-05
5.03874e-05
5.03867e-05
5.0386e-05
5.03854e-05
5.03847e-05
5.0384e-05
5.03834e-05
5.03827e-05
5.0382e-05
5.03814e-05
5.03807e-05
5.038e-05
5.03794e-05
5.03787e-05
5.03781e-05
5.03774e-05
5.03767e-05
5.03761e-05
5.03754e-05
5.03748e-05
5.03741e-05
5.03735e-05
5.03728e-05
5.03722e-05
5.03715e-05
5.03709e-05
5.03702e-05
5.03696e-05
5.03689e-05
5.03683e-05
5.03677e-05
5.0367e-05
5.03664e-05
5.03658e-05
5.03651e-05
5.03645e-05
5.03638e-05
5.03632e-05
5.03626e-05
5.0362e-05
5.03613e-05
5.03607e-05
5.03601e-05
5.03594e-05
5.03588e-05
5.03582e-05
5.03576e-05
5.03569e-05
5.03563e-05
5.03557e-05
5.03551e-05
5.03545e-05
5.03539e-05
5.03532e-05
5.03526e-05
5.0352e-05
5.03514e-05
5.03508e-05
5.03502e-05
5.03496e-05
5.0349e-05
5.03484e-05
5.03477e-05
5.03471e-05
5.03465e-05
5.03459e-05
5.03453e-05
5.03447e-05
5.03441e-05
5.03435e-05
5.03429e-05
5.03423e-05
5.03417e-05
5.03412e-05
5.03406e-05
5.034e-05
5.03394e-05
5.03388e-05
5.03382e-05
5.03376e-05
5.0337e-05
5.03364e-05
5.03359e-05
5.03353e-05
5.03347e-05
5.03341e-05
5.03335e-05
5.03329e-05
5.03324e-05
5.03318e-05
5.03312e-05
5.03306e-05
5.03301e-05
5.03295e-05
5.03289e-05
5.03283e-05
5.03278e-05
5.03272e-05
5.03266e-05
5.03261e-05
5.03255e-05
5.03249e-05
5.03244e-05
5.03238e-05
5.03232e-05
5.03227e-05
5.03221e-05
5.03216e-05
5.0321e-05
5.03204e-05
5.03199e-05
5.03193e-05
5.03188e-05
5.03182e-05
5.03177e-05
5.03171e-05
5.03166e-05
5.0316e-05
5.03155e-05
5.03149e-05
5.03144e-05
5.03138e-05
5.03133e-05
5.03127e-05
5.03122e-05
5.03116e-05
5.03111e-05
5.03105e-05
5.031e-05
5.03095e-05
5.03089e-05
5.03084e-05
5.03079e-05
5.03073e-05
5.03068e-05
5.03063e-05
5.03057e-05
5.03052e-05
5.03047e-05
5.03041e-05
5.03036e-05
5.03031e-05
5.03025e-05
5.0302e-05
5.03015e-05
5.0301e-05
5.03004e-05
5.02999e-05
5.02994e-05
5.02989e-05
5.02984e-05
5.02978e-05
5.02973e-05
5.02968e-05
5.02963e-05
5.02958e-05
5.02953e-05
5.02947e-05
5.02942e-05
5.02937e-05
5.02932e-05
5.02927e-05
5.02922e-05
5.02917e-05
5.02912e-05
5.02907e-05
5.02902e-05
5.02897e-05
5.02892e-05
5.02887e-05
5.02882e-05
5.02877e-05
5.02872e-05
5.02867e-05
5.02862e-05
5.02857e-05
5.02852e-05
5.02847e-05
5.02842e-05
5.02837e-05
5.02832e-05
5.02827e-05
5.02822e-05
5.02817e-05
5.02812e-05
5.02807e-05
5.02802e-05
5.02798e-05
5.02793e-05
5.02788e-05
5.02783e-05
5.02778e-05
5.02773e-05
5.02768e-05
5.02764e-05
5.02759e-05
5.02754e-05
5.02749e-05
5.02744e-05
5.0274e-05
5.02735e-05
5.0273e-05
5.02725e-05
5.02721e-05
5.02716e-05
5.02711e-05
5.02707e-05
5.02702e-05
5.02697e-05
5.02692e-05
5.02688e-05
5.02683e-05
5.02678e-05
5.02674e-05
5.02669e-05
5.02664e-05
5.0266e-05
5.02655e-05
5.02651e-05
5.02646e-05
5.02641e-05
5.02637e-05
5.02632e-05
5.02628e-05
5.02623e-05
5.02618e-05
5.02614e-05
5.02609e-05
5.02605e-05
5.026e-05
5.02596e-05
5.02591e-05
5.02587e-05
5.02582e-05
5.02578e-05
5.02573e-05
5.02569e-05
5.02564e-05
5.0256e-05
5.02555e-05
5.02551e-05
5.02547e-05
5.02542e-05
5.02538e-05
5.02533e-05
5.02529e-05
5.02525e-05
5.0252e-05
5.02516e-05
5.02511e-05
5.02507e-05
5.02503e-05
5.02498e-05
5.02494e-05
5.0249e-05
5.02485e-05
5.02481e-05
5.02477e-05
5.02472e-05
5.02468e-05
5.02464e-05
5.02459e-05
5.02455e-05
5.02451e-05
5.02447e-05
5.02442e-05
5.02438e-05
5.02434e-05
5.0243e-05
5.02425e-05
5.02421e-05
5.02417e-05
5.02413e-05
5.02409e-05
5.02404e-05
5.024e-05
5.02396e-05
5.02392e-05
5.02388e-05
5.02384e-05
5.02379e-05
5.02375e-05
5.02371e-05
5.02367e-05
5.02363e-05
5.02359e-05
5.02355e-05
5.02351e-05
5.02347e-05
5.02342e-05
5.02338e-05
5.02334e-05
5.0233e-05
5.02326e-05
5.02322e-05
5.02318e-05
5.02314e-05
5.0231e-05
5.02306e-05
5.02302e-05
5.02298e-05
5.02294e-05
5.0229e-05
5.02286e-05
5.02282e-05
5.02278e-05
5.02274e-05
5.0227e-05
5.02266e-05
5.02262e-05
5.02258e-05
5.02254e-05
5.02251e-05
5.02247e-05
5.02243e-05
5.02239e-05
5.02235e-05
5.02231e-05
5.02227e-05
5.02223e-05
5.02219e-05
5.02216e-05
5.02212e-05
5.02208e-05
5.02204e-05
5.022e-05
5.02196e-05
5.02193e-05
5.02189e-05
5.02185e-05
5.02181e-05
5.02177e-05
5.02174e-05
5.0217e-05
5.02166e-05
5.02162e-05
5.02158e-05
5.02155e-05
5.02151e-05
5.02147e-05
5.02143e-05
5.0214e-05
5.02136e-05
5.02132e-05
5.02129e-05
5.02125e-05
5.02121e-05
5.02118e-05
5.02114e-05
5.0211e-05
5.02106e-05
5.02103e-05
5.02099e-05
5.02096e-05
5.02092e-05
5.02088e-05
5.02085e-05
5.02081e-05
5.02077e-05
5.02074e-05
5.0207e-05
5.02067e-05
5.02063e-05
5.02059e-05
5.02056e-05
5.02052e-05
5.02049e-05
5.02045e-05
5.02042e-05
5.02038e-05
5.02034e-05
5.02031e-05
5.02027e-05
5.02024e-05
5.0202e-05
5.02017e-05
5.02013e-05
5.0201e-05
5.02006e-05
5.02003e-05
5.01999e-05
5.01996e-05
5.01992e-05
5.01989e-05
5.01985e-05
5.01982e-05
5.01979e-05
5.01975e-05
5.01972e-05
5.01968e-05
5.01965e-05
5.01961e-05
5.01958e-05
5.01955e-05
5.01951e-05
5.01948e-05
5.01944e-05
5.01941e-05
5.01938e-05
5.01934e-05
5.01931e-05
5.01928e-05
5.01924e-05
5.01921e-05
5.01918e-05
5.01914e-05
5.01911e-05
5.01908e-05
5.01904e-05
5.01901e-05
5.01898e-05
5.01894e-05
5.01891e-05
5.01888e-05
5.01884e-05
5.01881e-05
5.01878e-05
5.01875e-05
5.01871e-05
5.01868e-05
5.01865e-05
5.01862e-05
5.01858e-05
5.01855e-05
5.01852e-05
5.01849e-05
5.01845e-05
5.01842e-05
5.01839e-05
5.01836e-05
5.01833e-05
5.01829e-05
5.01826e-05
5.01823e-05
5.0182e-05
5.01817e-05
5.01814e-05
5.0181e-05
5.01807e-05
5.01804e-05
5.01801e-05
5.01798e-05
5.01795e-05
5.01792e-05
5.01789e-05
5.01785e-05
5.01782e-05
5.01779e-05
5.01776e-05
5.01773e-05
5.0177e-05
5.01767e-05
5.01764e-05
5.01761e-05
5.01758e-05
5.01755e-05
5.01752e-05
5.01749e-05
5.01746e-05
5.01742e-05
5.01739e-05
5.01736e-05
5.01733e-05
5.0173e-05
5.01727e-05
5.01724e-05
5.01721e-05
5.01718e-05
5.01715e-05
5.01712e-05
5.01709e-05
5.01706e-05
5.01703e-05
5.01701e-05
5.01698e-05
5.01695e-05
5.01692e-05
5.01689e-05
5.01686e-05
5.01683e-05
5.0168e-05
5.01677e-05
5.01674e-05
5.01671e-05
5.01668e-05
5.01665e-05
5.01662e-05
5.0166e-05
5.01657e-05
5.01654e-05
5.01651e-05
5.01648e-05
5.01645e-05
5.01642e-05
5.01639e-05
5.01637e-05
5.01634e-05
5.01631e-05
5.01628e-05
5.01625e-05
5.01622e-05
5.0162e-05
5.01617e-05
5.01614e-05
5.01611e-05
5.01608e-05
5.01606e-05
5.01603e-05
5.016e-05
5.01597e-05
5.01594e-05
5.01592e-05
5.01589e-05
5.01586e-05
5.01583e-05
5.01581e-05
5.01578e-05
5.01575e-05
5.01572e-05
5.0157e-05
5.01567e-05
5.01564e-05
5.01561e-05
5.01559e-05
5.01556e-05
5.01553e-05
5.01551e-05
5.01548e-05
5.01545e-05
5.01543e-05
5.0154e-05
5.01537e-05
5.01535e-05
5.01532e-05
5.01529e-05
5.01527e-05
5.01524e-05
5.01521e-05
5.01519e-05
5.01516e-05
5.01513e-05
5.01511e-05
5.01508e-05
5.01505e-05
5.01503e-05
5.015e-05
5.01498e-05
5.01495e-05
5.01492e-05
5.0149e-05
5.01487e-05
5.01485e-05
5.01482e-05
5.01479e-05
5.01477e-05
5.01474e-05
5.01472e-05
5.01469e-05
5.01467e-05
5.01464e-05
5.01462e-05
5.01459e-05
5.01456e-05
5.01454e-05
5.01451e-05
5.01449e-05
5.01446e-05
5.01444e-05
5.01441e-05
5.01439e-05
5.01436e-05
5.01434e-05
5.01431e-05
5.01429e-05
5.01426e-05
5.01424e-05
5.01421e-05
5.01419e-05
5.01416e-05
5.01414e-05
5.01412e-05
5.01409e-05
5.01407e-05
5.01404e-05
5.01402e-05
5.01399e-05
5.01397e-05
5.01394e-05
5.01392e-05
5.0139e-05
5.01387e-05
5.01385e-05
5.01382e-05
5.0138e-05
5.01378e-05
5.01375e-05
5.01373e-05
5.0137e-05
5.01368e-05
5.01366e-05
5.01363e-05
5.01361e-05
5.01359e-05
5.01356e-05
5.01354e-05
5.01351e-05
5.01349e-05
5.01347e-05
5.01344e-05
5.01342e-05
5.0134e-05
5.01337e-05
5.01335e-05
5.01333e-05
5.0133e-05
5.01328e-05
5.01326e-05
5.01324e-05
5.01321e-05
5.01319e-05
5.01317e-05
5.01314e-05
5.01312e-05
5.0131e-05
5.01307e-05
5.01305e-05
5.01303e-05
5.01301e-05
5.01298e-05
5.01296e-05
5.01294e-05
5.01292e-05
5.01289e-05
5.01287e-05
5.01285e-05
5.01283e-05
5.0128e-05
5.01278e-05
5.01276e-05
5.01274e-05
5.01272e-05
5.01269e-05
5.01267e-05
5.01265e-05
5.01263e-05
5.01261e-05
5.01258e-05
5.01256e-05
5.01254e-05
5.01252e-05
5.0125e-05
5.01247e-05
5.01245e-05
5.01243e-05
5.01241e-05
5.01239e-05
5.01237e-05
5.01235e-05
5.01232e-05
5.0123e-05
5.01228e-05
5.01226e-05
5.01224e-05
5.01222e-05
5.0122e-05
5.01217e-05
5.01215e-05
5.01213e-05
5.01211e-05
5.01209e-05
5.01207e-05
5.01205e-05
5.01203e-05
5.01201e-05
5.01199e-05
5.01196e-05
5.01194e-05
5.01192e-05
5.0119e-05
5.01188e-05
5.01186e-05
5.01184e-05
5.01182e-05
5.0118e-05
5.01178e-05
5.01176e-05
5.01174e-05
5.01172e-05
5.0117e-05
5.01168e-05
5.01166e-05
5.01164e-05
5.01162e-05
5.0116e-05
5.01158e-05
5.01155e-05
5.01153e-05
5.01151e-05
5.01149e-05
5.01147e-05
5.01145e-05
5.01143e-05
5.01141e-05
5.0114e-05
5.01138e-05
5.01136e-05
5.01134e-05
5.01132e-05
5.0113e-05
5.01128e-05
5.01126e-05
5.01124e-05
5.01122e-05
5.0112e-05
5.01118e-05
5.01116e-05
5.01114e-05
5.01112e-05
5.0111e-05
5.01108e-05
5.01106e-05
5.01104e-05
5.01102e-05
5.01101e-05
5.01099e-05
5.01097e-05
5.01095e-05
5.01093e-05
5.01091e-05
5.01089e-05
5.01087e-05
5.01085e-05
5.01083e-05
5.01082e-05
5.0108e-05
5.01078e-05
5.01076e-05
5.01074e-05
5.01072e-05
5.0107e-05
5.01068e-05
5.01067e-05
5.01065e-05
5.01063e-05
5.01061e-05
5.01059e-05
5.01057e-05
5.01056e-05
5.01054e-05
5.01052e-05
5.0105e-05
5.01048e-05
5.01046e-05
5.01045e-05
5.01043e-05
5.01041e-05
5.01039e-05
5.01037e-05
5.01035e-05
5.01034e-05
5.01032e-05
5.0103e-05
5.01028e-05
5.01027e-05
5.01025e-05
5.01023e-05
5.01021e-05
5.01019e-05
5.01018e-05
5.01016e-05
5.01014e-05
5.01012e-05
5.01011e-05
5.01009e-05
5.01007e-05
5.01005e-05
5.01004e-05
5.01002e-05
5.01e-05
5.00998e-05
5.00997e-05
5.00995e-05
5.00993e-05
5.00991e-05
5.0099e-05
5.00988e-05
5.00986e-05
5.00985e-05
5.00983e-05
5.00981e-05
5.00979e-05
5.00978e-05
5.00976e-05
5.00974e-05
5.00973e-05
5.00971e-05
5.00969e-05
5.00968e-05
5.00966e-05
5.00964e-05
5.00962e-05
5.00961e-05
5.00959e-05
5.00957e-05
5.00956e-05
5.00954e-05
5.00952e-05
5.00951e-05
5.00949e-05
5.00948e-05
5.00946e-05
5.00944e-05
5.00943e-05
5.00941e-05
5.00939e-05
5.00938e-05
5.00936e-05
5.00934e-05
5.00933e-05
5.00931e-05
5.0093e-05
5.00928e-05
5.00926e-05
5.00925e-05
5.00923e-05
5.00922e-05
5.0092e-05
5.00918e-05
5.00917e-05
5.00915e-05
5.00914e-05
5.00912e-05
5.0091e-05
5.00909e-05
5.00907e-05
5.00906e-05
5.00904e-05
5.00902e-05
5.00901e-05
5.00899e-05
5.00898e-05
5.00896e-05
5.00895e-05
5.00893e-05
5.00892e-05
5.0089e-05
5.00888e-05
5.00887e-05
5.00885e-05
5.00884e-05
5.00882e-05
5.00881e-05
5.00879e-05
5.00878e-05
5.00876e-05
5.00875e-05
5.00873e-05
5.00872e-05
5.0087e-05
5.00869e-05
5.00867e-05
5.00866e-05
5.00864e-05
5.00863e-05
5.00861e-05
5.0086e-05
5.00858e-05
5.00857e-05
5.00855e-05
5.00854e-05
5.00852e-05
5.00851e-05
5.00849e-05
5.00848e-05
5.00846e-05
5.00845e-05
5.00843e-05
5.00842e-05
5.0084e-05
5.00839e-05
5.00837e-05
5.00836e-05
5.00834e-05
5.00833e-05
5.00832e-05
5.0083e-05
5.00829e-05
5.00827e-05
5.00826e-05
5.00824e-05
5.00823e-05
5.00821e-05
5.0082e-05
5.00819e-05
5.00817e-05
5.00816e-05
5.00814e-05
5.00813e-05
5.00812e-05
5.0081e-05
5.00809e-05
5.00807e-05
5.00806e-05
5.00805e-05
5.00803e-05
5.00802e-05
5.008e-05
5.00799e-05
5.00798e-05
5.00796e-05
5.00795e-05
5.00793e-05
5.00792e-05
5.00791e-05
5.00789e-05
5.00788e-05
5.00787e-05
5.00785e-05
5.00784e-05
5.00782e-05
5.00781e-05
5.0078e-05
5.00778e-05
5.00777e-05
5.00776e-05
5.00774e-05
5.00773e-05
5.00772e-05
5.0077e-05
5.00769e-05
5.00768e-05
5.00766e-05
5.00765e-05
5.00764e-05
5.00762e-05
5.00761e-05
5.0076e-05
5.00758e-05
5.00757e-05
5.00756e-05
5.00754e-05
5.00753e-05
5.00752e-05
5.0075e-05
5.00749e-05
5.00748e-05
5.00747e-05
5.00745e-05
5.00744e-05
5.00743e-05
5.00741e-05
5.0074e-05
5.00739e-05
5.00737e-05
5.00736e-05
5.00735e-05
5.00734e-05
5.00732e-05
5.00731e-05
5.0073e-05
5.00729e-05
5.00727e-05
5.00726e-05
5.00725e-05
5.00723e-05
5.00722e-05
5.00721e-05
5.0072e-05
5.00718e-05
5.00717e-05
5.00716e-05
5.00715e-05
5.00713e-05
5.00712e-05
5.00711e-05
5.0071e-05
5.00709e-05
5.00707e-05
5.00706e-05
5.00705e-05
5.00704e-05
5.00702e-05
5.00701e-05
5.007e-05
5.00699e-05
5.00698e-05
5.00696e-05
5.00695e-05
5.00694e-05
5.00693e-05
5.00691e-05
5.0069e-05
5.00689e-05
5.00688e-05
5.00687e-05
5.00685e-05
5.00684e-05
5.00683e-05
5.00682e-05
5.00681e-05
5.0068e-05
5.00678e-05
5.00677e-05
5.00676e-05
5.00675e-05
5.00674e-05
5.00672e-05
5.00671e-05
5.0067e-05
5.00669e-05
5.00668e-05
5.00667e-05
5.00665e-05
5.00664e-05
5.00663e-05
5.00662e-05
5.00661e-05
5.0066e-05
5.00659e-05
5.00657e-05
5.00656e-05
5.00655e-05
5.00654e-05
5.00653e-05
5.00652e-05
5.00651e-05
5.00649e-05
5.00648e-05
5.00647e-05
5.00646e-05
5.00645e-05
5.00644e-05
5.00643e-05
5.00642e-05
5.0064e-05
5.00639e-05
5.00638e-05
5.00637e-05
5.00636e-05
5.00635e-05
5.00634e-05
5.00633e-05
5.00632e-05
5.00631e-05
5.00629e-05
5.00628e-05
5.00627e-05
5.00626e-05
5.00625e-05
5.00624e-05
5.00623e-05
5.00622e-05
5.00621e-05
5.0062e-05
5.00619e-05
5.00617e-05
5.00616e-05
5.00615e-05
5.00614e-05
5.00613e-05
5.00612e-05
5.00611e-05
5.0061e-05
5.00609e-05
5.00608e-05
5.00607e-05
5.00606e-05
5.00605e-05
5.00604e-05
5.00603e-05
5.00602e-05
5.00601e-05
5.00599e-05
5.00598e-05
5.00597e-05
5.00596e-05
5.00595e-05
5.00594e-05
5.00593e-05
5.00592e-05
5.00591e-05
5.0059e-05
5.00589e-05
5.00588e-05
5.00587e-05
5.00586e-05
5.00585e-05
5.00584e-05
5.00583e-05
5.00582e-05
5.00581e-05
5.0058e-05
5.00579e-05
5.00578e-05
5.00577e-05
5.00576e-05
5.00575e-05
5.00574e-05
5.00573e-05
5.00572e-05
5.00571e-05
5.0057e-05
5.00569e-05
5.00568e-05
5.00567e-05
5.00566e-05
5.00565e-05
5.00564e-05
5.00563e-05
5.00562e-05
5.00561e-05
5.0056e-05
5.00559e-05
5.00558e-05
5.00557e-05
5.00556e-05
5.00555e-05
5.00554e-05
5.00553e-05
5.00552e-05
5.00551e-05
5.0055e-05
5.0055e-05
5.00549e-05
5.00548e-05
5.00547e-05
5.00546e-05
5.00545e-05
5.00544e-05
5.00543e-05
5.00542e-05
5.00541e-05
5.0054e-05
5.00539e-05
5.00538e-05
5.00537e-05
5.00536e-05
5.00535e-05
5.00534e-05
5.00534e-05
5.00533e-05
5.00532e-05
5.00531e-05
5.0053e-05
5.00529e-05
5.00528e-05
5.00527e-05
5.00526e-05
5.00525e-05
5.00524e-05
5.00523e-05
5.00522e-05
5.00522e-05
5.00521e-05
5.0052e-05
5.00519e-05
5.00518e-05
5.00517e-05
5.00516e-05
5.00515e-05
5.00514e-05
5.00513e-05
5.00513e-05
5.00512e-05
5.00511e-05
5.0051e-05
5.00509e-05
5.00508e-05
5.00507e-05
5.00506e-05
5.00505e-05
5.00505e-05
5.00504e-05
5.00503e-05
5.00502e-05
5.00501e-05
5.005e-05
5.00499e-05
5.00498e-05
5.00498e-05
5.00497e-05
5.00496e-05
5.00495e-05
5.00494e-05
5.00493e-05
5.00492e-05
5.00492e-05
5.00491e-05
5.0049e-05
5.00489e-05
5.00488e-05
5.00487e-05
5.00486e-05
5.00486e-05
5.00485e-05
5.00484e-05
5.00483e-05
5.00482e-05
5.00481e-05
5.00481e-05
5.0048e-05
5.00479e-05
5.00478e-05
5.00477e-05
5.00476e-05
5.00476e-05
5.00475e-05
5.00474e-05
5.00473e-05
5.00472e-05
5.00471e-05
5.00471e-05
5.0047e-05
5.00469e-05
5.00468e-05
5.00467e-05
5.00467e-05
5.00466e-05
5.00465e-05
5.00464e-05
5.00463e-05
5.00463e-05
5.00462e-05
5.00461e-05
5.0046e-05
5.00459e-05
5.00459e-05
5.00458e-05
5.00457e-05
5.00456e-05
5.00455e-05
5.00455e-05
5.00454e-05
5.00453e-05
5.00452e-05
5.00451e-05
5.00451e-05
5.0045e-05
5.00449e-05
5.00448e-05
5.00447e-05
5.00447e-05
5.00446e-05
5.00445e-05
5.00444e-05
5.00444e-05
5.00443e-05
5.00442e-05
5.00441e-05
5.00441e-05
5.0044e-05
5.00439e-05
5.00438e-05
5.00437e-05
5.00437e-05
5.00436e-05
5.00435e-05
5.00434e-05
5.00434e-05
5.00433e-05
5.00432e-05
5.00431e-05
5.00431e-05
5.0043e-05
5.00429e-05
5.00428e-05
5.00428e-05
5.00427e-05
5.00426e-05
5.00425e-05
5.00425e-05
5.00424e-05
5.00423e-05
5.00423e-05
5.00422e-05
5.00421e-05
5.0042e-05
5.0042e-05
5.00419e-05
5.00418e-05
5.00417e-05
5.00417e-05
5.00416e-05
5.00415e-05
5.00415e-05
5.00414e-05
5.00413e-05
5.00412e-05
5.00412e-05
5.00411e-05
5.0041e-05
5.00409e-05
5.00409e-05
5.00408e-05
5.00407e-05
5.00407e-05
5.00406e-05
5.00405e-05
5.00405e-05
5.00404e-05
5.00403e-05
5.00402e-05
5.00402e-05
5.00401e-05
5.004e-05
5.004e-05
5.00399e-05
5.00398e-05
5.00398e-05
5.00397e-05
5.00396e-05
5.00395e-05
5.00395e-05
5.00394e-05
5.00393e-05
5.00393e-05
5.00392e-05
5.00391e-05
5.00391e-05
5.0039e-05
5.00389e-05
5.00389e-05
5.00388e-05
5.00387e-05
5.00387e-05
5.00386e-05
5.00385e-05
5.00385e-05
5.00384e-05
5.00383e-05
5.00383e-05
5.00382e-05
5.00381e-05
5.00381e-05
5.0038e-05
5.00379e-05
5.00379e-05
5.00378e-05
5.00377e-05
5.00377e-05
5.00376e-05
5.00375e-05
5.00375e-05
5.00374e-05
5.00373e-05
5.00373e-05
5.00372e-05
5.00371e-05
5.00371e-05
5.0037e-05
5.0037e-05
5.00369e-05
5.00368e-05
5.00368e-05
5.00367e-05
5.00366e-05
5.00366e-05
5.00365e-05
5.00364e-05
5.00364e-05
5.00363e-05
5.00363e-05
5.00362e-05
5.00361e-05
5.00361e-05
5.0036e-05
5.00359e-05
5.00359e-05
5.00358e-05
5.00357e-05
5.00357e-05
5.00356e-05
5.00356e-05
5.00355e-05
5.00354e-05
5.00354e-05
5.00353e-05
5.00353e-05
5.00352e-05
5.00351e-05
5.00351e-05
5.0035e-05
5.0035e-05
5.00349e-05
5.00348e-05
5.00348e-05
5.00347e-05
5.00346e-05
5.00346e-05
5.00345e-05
5.00345e-05
5.00344e-05
5.00343e-05
5.00343e-05
5.00342e-05
5.00342e-05
5.00341e-05
5.0034e-05
5.0034e-05
5.00339e-05
5.00339e-05
5.00338e-05
5.00338e-05
5.00337e-05
5.00336e-05
5.00336e-05
5.00335e-05
5.00335e-05
5.00334e-05
5.00333e-05
5.00333e-05
5.00332e-05
5.00332e-05
5.00331e-05
5.00331e-05
5.0033e-05
5.00329e-05
5.00329e-05
5.00328e-05
5.00328e-05
5.00327e-05
5.00327e-05

