5e-05
5e-05
5e-05
5e-05
5e-05
5e-05
5e-05
5e-05
5e-05
5e-05
5e-05
5e-05
5e-05
5e-05
5e-05
5e-05
5e-05
5e-05
5e-05
5e-05
5e-05
5e-05
5e-05
5e-05
5e-05
5e-05
5e-05
5e-05
5e-05
5e-05
5e-05
5e-05
5e-05
5e-05
5e-05
5e-05
5e-05
5e-05
5e-05
5e-05
5e-05
5e-05
5e-05
5e-05
5e-05
5e-05
5e-05
5e-05
5e-05
5e-05
5e-05
5e-05
5e-05
5e-05
5e-05
5e-05
5e-05
5e-05
5e-05
5e-05
5e-05
5e-05
5e-05
5e-05
5e-05
5e-05
5e-05
5e-05
5e-05
5e-05
5e-05
5e-05
5e-05
5e-05
5e-05
5e-05
5e-05
5e-05
5e-05
5e-05
5e-05
5e-05
5e-05
5e-05
5e-05
5e-05
5e-05
5e-05
5e-05
5e-05
5e-05
5e-05
5e-05
5e-05
5e-05
5e-05
5e-05
5e-05
5e-05
5e-05
5e-05
5e-05
5e-05
5e-05
5e-05
5e-05
5e-05
5e-05
5e-05
5e-05
5e-05
5e-05
5e-05
5e-05
5e-05
5e-05
5e-05
5e-05
5e-05
5e-05
5e-05
5e-05
5e-05
5e-05
5e-05
5e-05
5e-05
5e-05
5e-05
5e-05
5e-05
5e-05
5e-05
5e-05
5e-05
5e-05
5e-05
5e-05
5e-05
5e-05
5e-05
5e-05
5e-05
5e-05
5e-05
5e-05
5e-05
5e-05
5e-05
5e-05
5e-05
5e-05
5e-05
5e-05
5e-05
5e-05
5e-05
5e-05
5e-05
5e-05
5e-05
5e-05
5e-05
5e-05
5e-05
5e-05
5e-05
5e-05
5e-05
5e-05
5e-05
5e-05
5e-05
5e-05
5e-05
5e-05
5e-05
5e-05
5e-05
5e-05
5e-05
5e-05
5e-05
5e-05
5e-05
5e-05
5e-05
5e-05
5e-05
5e-05
5e-05
5e-05
5e-05
5e-05
5e-05
5e-05
5e-05
5e-05
5e-05
5e-05
5e-05
5e-05
5e-05
5e-05
5e-05
5e-05
5e-05
5e-05
5e-05
5e-05
5e-05
5e-05
5e-05
5e-05
5e-05
5e-05
5e-05
5e-05
5e-05
5e-05
5e-05
5e-05
5e-05
5e-05
5e-05
5e-05
5e-05
5e-05
5e-05
5e-05
5e-05
5e-05
5e-05
5e-05
5e-05
5e-05
5e-05
5e-05
5e-05
5e-05
5e-05
5e-05
5e-05
5e-05
5e-05
5e-05
5e-05
5e-05
5e-05
5e-05
5e-05
5e-05
5e-05
5e-05
5e-05
5e-05
5e-05
5e-05
5e-05
5e-05
5e-05
5e-05
5e-05
5e-05
5e-05
5e-05
5e-05
5e-05
5e-05
5e-05
5e-05
5e-05
5e-05
5e-05
5e-05
5e-05
5e-05
5e-05
5e-05
5e-05
5e-05
5e-05
5e-05
5e-05
5e-05
5e-05
5e-05
5e-05
5e-05
5e-05
5e-05
5e-05
5e-05
5e-05
5e-05
5e-05
5e-05
5e-05
5e-05
5e-05
5e-05
5e-05
5e-05
5e-05
5e-05
5e-05
5e-05
5e-05
5e-05
5e-05
5e-05
5e-05
5e-05
5e-05
5e-05
5e-05
5e-05
5e-05
5e-05
5e-05
5e-05
5e-05
5e-05
5e-05
5e-05
5e-05
5e-05
5e-05
5e-05
5e-05
5e-05
5e-05
5e-05
5e-05
5e-05
5e-05
5e-05
5e-05
5e-05
5e-05
5e-05
5e-05
5e-05
5e-05
5e-05
5e-05
5e-05
5e-05
5e-05
5e-05
5e-05
5e-05
5e-05
5e-05
5e-05
5e-05
5e-05
5e-05
5e-05
5e-05
5e-05
5e-05
5e-05
5e-05
5e-05
5e-05
5e-05
5e-05
5e-05
5e-05
5e-05
5e-05
5e-05
5e-05
5e-05
5e-05
5e-05
5e-05
5e-05
5e-05
5e-05
5e-05
5e-05
5e-05
5e-05
5e-05
5e-05
5e-05
5e-05
5e-05
5e-05
5e-05
5e-05
5e-05
5e-05
5e-05
5e-05
5e-05
5e-05
5e-05
5e-05
5e-05
5e-05
5e-05
5e-05
5e-05
5e-05
5e-05
5e-05
5e-05
5e-05
5e-05
5e-05
5e-05
5e-05
5e-05
5e-05
5e-05
5e-05
5e-05
5e-05
5e-05
5e-05
5e-05
5e-05
5e-05
5e-05
5e-05
5e-05
5e-05
5e-05
5e-05
5e-05
5e-05
5e-05
5e-05
5e-05
5e-05
5e-05
5e-05
5e-05
5e-05
5e-05
5e-05
5e-05
5e-05
5e-05
5e-05
5e-05
5e-05
5e-05
5e-05
5e-05
5e-05
5e-05
5e-05
5e-05
5e-05
5e-05
5e-05
5e-05
5e-05
5e-05
5e-05
5e-05
5e-05
5e-05
5e-05
5e-05
5e-05
5e-05
5e-05
5e-05
5e-05
5e-05
5e-05
5e-05
5e-05
5e-05
5e-05
5e-05
5e-05
5e-05
5e-05
5e-05
5e-05
5e-05
5e-05
5e-05
5e-05
5e-05
5e-05
5e-05
5e-05
5e-05
5e-05
5e-05
5e-05
5e-05
5e-05
5e-05
5e-05
5e-05
5e-05
5e-05
5e-05
5e-05
5e-05
5e-05
5e-05
5e-05
5e-05
5e-05
5e-05
5e-05
5e-05
5e-05
5e-05
5e-05
5e-05
5e-05
5e-05
5e-05
5e-05
5e-05
5e-05
5e-05
5e-05
5e-05
5e-05
5e-05
5e-05
5e-05
5e-05
5e-05
5e-05
5e-05
5e-05
5e-05
5e-05
5e-05
5e-05
5e-05
5e-05
5e-05
5e-05
5e-05
5e-05
5e-05
5e-05
5e-05
5e-05
5e-05
5e-05
5e-05
5e-05
5e-05
5e-05
5e-05
5e-05
5e-05
5e-05
5e-05
5e-05
5e-05
5e-05
5e-05
5e-05
5e-05
5e-05
5e-05
5e-05
5e-05
5e-05
5e-05
5e-05
5e-05
5e-05
5e-05
5e-05
5e-05
5e-05
5e-05
5e-05
5e-05
5e-05
5e-05
5e-05
5e-05
5e-05
5e-05
5e-05
5e-05
5e-05
5e-05
5e-05
5e-05
5e-05
5e-05
5e-05
5e-05
5e-05
5e-05
5e-05
5e-05
5e-05
5e-05
5e-05
5e-05
5e-05
5e-05
5e-05
5e-05
5e-05
5e-05
5e-05
5e-05
5e-05
5e-05
5e-05
5e-05
5e-05
5e-05
5e-05
5e-05
5e-05
5e-05
5e-05
5e-05
5e-05
5e-05
5e-05
5e-05
5e-05
5e-05
5e-05
5e-05
5e-05
5e-05
5e-05
5e-05
5e-05
5e-05
5e-05
5e-05
5e-05
5e-05
5e-05
5e-05
5e-05
5e-05
5e-05
5e-05
5e-05
5e-05
5e-05
5e-05
5e-05
5e-05
5e-05
5e-05
5e-05
5e-05
5e-05
5e-05
5e-05
5e-05
5e-05
5e-05
5e-05
5e-05
5e-05
5e-05
5e-05
5e-05
5e-05
5e-05
5e-05
5e-05
5e-05
5e-05
5e-05
5e-05
5e-05
5e-05
5e-05
5e-05
5e-05
5e-05
5e-05
5e-05
5e-05
5e-05
5e-05
5e-05
5e-05
5e-05
5e-05
5e-05
5e-05
5e-05
5e-05
5e-05
5e-05
5e-05
5e-05
5e-05
5e-05
5e-05
5e-05
5e-05
5e-05
5e-05
5e-05
5e-05
5e-05
5e-05
5e-05
5e-05
5e-05
5e-05
5e-05
5e-05
5e-05
5e-05
5e-05
5e-05
5e-05
5e-05
5e-05
5e-05
5e-05
5e-05
5e-05
5e-05
5e-05
5e-05
5e-05
5e-05
5e-05
5e-05
5e-05
5e-05
5e-05
5e-05
5e-05
5e-05
5e-05
5e-05
5e-05
5e-05
5e-05
5e-05
5e-05
5e-05
5e-05
5e-05
5e-05
5e-05
5e-05
5e-05
5e-05
5e-05
5e-05
5e-05
5e-05
5e-05
5e-05
5e-05
5e-05
5e-05
5e-05
5e-05
5e-05
5e-05
5e-05
5e-05
5e-05
5e-05
5e-05
5e-05
5e-05
5e-05
5e-05
5e-05
5e-05
5e-05
5e-05
5e-05
5e-05
5e-05
5e-05
5e-05
5e-05
5e-05
5e-05
5e-05
5e-05
5e-05
5e-05
5e-05
5e-05
5e-05
5e-05
5e-05
5.00001e-05
5.00002e-05
5.00005e-05
5.0001e-05
5.0002e-05
5.00035e-05
5.00059e-05
5.00096e-05
5.0015e-05
5.00225e-05
5.00329e-05
5.00467e-05
5.00649e-05
5.00883e-05
5.01178e-05
5.01546e-05
5.01996e-05
5.02541e-05
5.03192e-05
5.03962e-05
5.04864e-05
5.05911e-05
5.07115e-05
5.08489e-05
5.10047e-05
5.118e-05
5.13762e-05
5.15944e-05
5.18357e-05
5.21013e-05
5.23923e-05
5.27096e-05
5.30543e-05
5.34272e-05
5.38291e-05
5.42609e-05
5.47232e-05
5.52168e-05
5.57422e-05
5.62999e-05
5.68905e-05
5.75143e-05
5.81718e-05
5.88631e-05
5.95887e-05
6.03487e-05
6.11432e-05
6.19724e-05
6.28363e-05
6.37351e-05
6.46686e-05
6.56368e-05
6.66396e-05
6.7677e-05
6.87487e-05
6.98547e-05
7.09947e-05
7.21684e-05
7.33757e-05
7.46162e-05
7.58897e-05
7.71959e-05
7.85344e-05
7.9905e-05
8.13072e-05
8.27407e-05
8.42052e-05
8.57002e-05
8.72253e-05
8.87802e-05
9.03645e-05
9.19778e-05
9.36196e-05
9.52895e-05
9.69871e-05
9.8712e-05
0.000100464
0.000102242
0.000104046
0.000105876
0.000107731
0.000109611
0.000111515
0.000113442
0.000115393
0.000117366
0.000119361
0.000121377
0.000123413
0.000125468
0.000127542
0.000129633
0.00013174
0.000133862
0.000135997
0.000138144
0.000140301
0.000142468
0.000144642
0.000146822
0.000149006
0.000151193
0.000153381
0.000155568
0.000157752
0.000159933
0.000162109
0.000164278
0.000166438
0.000168588
0.000170728
0.000172855
0.000174968
0.000177066
0.000179149
0.000181214
0.000183261
0.000185289
0.000187298
0.000189286
0.000191252
0.000193197
0.000195119
0.000197017
0.000198892
0.000200744
0.00020257
0.000204372
0.000206149
0.0002079
0.000209626
0.000211326
0.000213001
0.000214649
0.000216272
0.000217869
0.000219439
0.000220984
0.000222504
0.000223997
0.000225465
0.000226908
0.000228325
0.000229717
0.000231084
0.000232427
0.000233745
0.000235039
0.000236309
0.000237555
0.000238778
0.000239977
0.000241154
0.000242308
0.000243439
0.000244549
0.000245637
0.000246703
0.000247748
0.000248773
0.000249777
0.00025076
0.000251724
0.000252668
0.000253593
0.000254499
0.000255386
0.000256255
0.000257106
0.00025794
0.000258755
0.000259554
0.000260336
0.000261101
0.00026185
0.000262583
0.000263301
0.000264003
0.000264689
0.000265361
0.000266019
0.000266662
0.000267291
0.000267907
0.000268509
0.000269097
0.000269673
0.000270236
0.000270786
0.000271324
0.00027185
0.000272365
0.000272867
0.000273359
0.000273839
0.000274308
0.000274767
0.000275215
0.000275653
0.00027608
0.000276498
0.000276906
0.000277305
0.000277694
0.000278075
0.000278446
0.000278809
0.000279162
0.000279508
0.000279845
0.000280175
0.000280496
0.000280809
0.000281115
0.000281414
0.000281705
0.000281989
0.000282266
0.000282536
0.0002828
0.000283057
0.000283307
0.000283551
0.000283789
0.000284021
0.000284247
0.000284467
0.000284681
0.00028489
0.000285093
0.000285291
0.000285484
0.000285671
0.000285854
0.000286031
0.000286204
0.000286372
0.000286535
0.000286694
0.000286848
0.000286998
0.000287144
0.000287285
0.000287423
0.000287556
0.000287686
0.000287811
0.000287933
0.000288051
0.000288166
0.000288277
0.000288384
0.000288488
0.000288589
0.000288687
0.000288781
0.000288872
0.00028896
0.000289046
0.000289128
0.000289207
0.000289284
0.000289357
0.000289428
0.000289497
0.000289563
0.000289626
0.000289687
0.000289745
0.000289801
0.000289855
0.000289906
0.000289955
0.000290002
0.000290047
0.000290089
0.00029013
0.000290169
0.000290205
0.00029024
0.000290273
0.000290304
0.000290333
0.00029036
0.000290386
0.00029041
0.000290432
0.000290452
0.000290471
0.000290489
0.000290505
0.000290519
0.000290532
0.000290543
0.000290553
0.000290562
0.000290569
0.000290575
0.00029058
0.000290583
0.000290586
0.000290586
0.000290586
0.000290585
0.000290582
0.000290579
0.000290574
0.000290568
0.000290561
0.000290553
0.000290544
0.000290534
0.000290523
0.000290511
0.000290499
0.000290485
0.00029047
0.000290455
0.000290439
0.000290422
0.000290404
0.000290385
0.000290365
0.000290345
0.000290324
0.000290302
0.00029028
0.000290257
0.000290233
0.000290208
0.000290183
0.000290157
0.000290131
0.000290103
0.000290076
0.000290047
0.000290018
0.000289989
0.000289959
0.000289928
0.000289897
0.000289866
0.000289833
0.000289801
0.000289768
0.000289734
0.0002897
0.000289665
0.00028963
0.000289595
0.000289559
0.000289523
0.000289486
0.000289449
0.000289412
0.000289374
0.000289335
0.000289297
0.000289258
0.000289218
0.000289179
0.000289139
0.000289098
0.000289058
0.000289017
0.000288975
0.000288934
0.000288892
0.000288849
0.000288807
0.000288764
0.000288721
0.000288678
0.000288634
0.00028859
0.000288546
0.000288502
0.000288457
0.000288412
0.000288367
0.000288322
0.000288276
0.000288231
0.000288185
0.000288139
0.000288092
0.000288046
0.000287999
0.000287952
0.000287905
0.000287858
0.00028781
0.000287763
0.000287715
0.000287667
0.000287619
0.000287571
0.000287522
0.000287474
0.000287425
0.000287376
0.000287327
0.000287278
0.000287228
0.000287179
0.00028713
0.00028708
0.00028703
0.00028698
0.00028693
0.00028688
0.00028683
0.000286779
0.000286729
0.000286678
0.000286628
0.000286577
0.000286526
0.000286475
0.000286424
0.000286373
0.000286322
0.00028627
0.000286219
0.000286167
0.000286116
0.000286064
0.000286012
0.000285961
0.000285909
0.000285857
0.000285805
0.000285753
0.0002857
0.000285648
0.000285596
0.000285544
0.000285491
0.000285439
0.000285386
0.000285334
0.000285281
0.000285228
0.000285176
0.000285123
0.00028507
0.000285017
0.000284964
0.000284911
0.000284858
0.000284805
0.000284752
0.000284699
0.000284646
0.000284593
0.000284539
0.000284486
0.000284433
0.000284379
0.000284326
0.000284273
0.000284219
0.000284166
0.000284112
0.000284059
0.000284005
0.000283951
0.000283898
0.000283844
0.000283791
0.000283737
0.000283683
0.000283629
0.000283576
0.000283522
0.000283468
0.000283414
0.00028336
0.000283307
0.000283253
0.000283199
0.000283145
0.000283091
0.000283037
0.000282983
0.000282929
0.000282875
0.000282821
0.000282767
0.000282713
0.000282659
0.000282605
0.000282551
0.000282497
0.000282443
0.000282389
0.000282335
0.000282281
0.000282227
0.000282172
0.000282118
0.000282064
0.00028201
0.000281956
0.000281902
0.000281848
0.000281794
0.000281739
0.000281685
0.000281631
0.000281577
0.000281523
0.000281469
0.000281414
0.00028136
0.000281306
0.000281252
0.000281198
0.000281144
0.000281089
0.000281035
0.000280981
0.000280927
0.000280873
0.000280819
0.000280764
0.00028071
0.000280656
0.000280602
0.000280548
0.000280494
0.000280439
0.000280385
0.000280331
0.000280277
0.000280223
0.000280169
0.000280114
0.00028006
0.000280006
0.000279952
0.000279898
0.000279844
0.00027979
0.000279736
0.000279681
0.000279627
0.000279573
0.000279519
0.000279465
0.000279411
0.000279357
0.000279303
0.000279249
0.000279195
0.000279141
0.000279087
0.000279033
0.000278979
0.000278925
0.000278871
0.000278817
0.000278763
0.000278709
0.000278655
0.000278601
0.000278547
0.000278493
0.000278439
0.000278385
0.000278331
0.000278277
0.000278223
0.000278169
0.000278115
0.000278061
0.000278007
0.000277953
0.0002779
0.000277846
0.000277792
0.000277738
0.000277684
0.00027763
0.000277577
0.000277523
0.000277469
0.000277415
0.000277361
0.000277308
0.000277254
0.0002772
0.000277146
0.000277093
0.000277039
0.000276985
0.000276931
0.000276878
0.000276824
0.00027677
0.000276717
0.000276663
0.000276609
0.000276556
0.000276502
0.000276449
0.000276395
0.000276341
0.000276288
0.000276234
0.000276181
0.000276127
0.000276074
0.00027602
0.000275967
0.000275913
0.00027586
0.000275806
0.000275753
0.000275699
0.000275646
0.000275592
0.000275539
0.000275485
0.000275432
0.000275379
0.000275325
0.000275272
0.000275218
0.000275165
0.000275112
0.000275058
0.000275005
0.000274952
0.000274898
0.000274845
0.000274792
0.000274739
0.000274685
0.000274632
0.000274579
0.000274526
0.000274472
0.000274419
0.000274366
0.000274313
0.00027426
0.000274207
0.000274153
0.0002741
0.000274047
0.000273994
0.000273941
0.000273888
0.000273835
0.000273782
0.000273729
0.000273676
0.000273623
0.00027357
0.000273517
0.000273464
0.000273411
0.000273358
0.000273305
0.000273252
0.000273199
0.000273146
0.000273093
0.00027304
0.000272987
0.000272934
0.000272882
0.000272829
0.000272776
0.000272723
0.00027267
0.000272617
0.000272565
0.000272512
0.000272459
0.000272406
0.000272354
0.000272301
0.000272248
0.000272195
0.000272143
0.00027209
0.000272037
0.000271985
0.000271932
0.000271879
0.000271827
0.000271774
0.000271722
0.000271669
0.000271616
0.000271564
0.000271511
0.000271459
0.000271406
0.000271354
0.000271301
0.000271249
0.000271196
0.000271144
0.000271091
0.000271039
0.000270986
0.000270934
0.000270882
0.000270829
0.000270777
0.000270724
0.000270672
0.00027062
0.000270567
0.000270515
0.000270463
0.00027041
0.000270358
0.000270306
0.000270254
0.000270201
0.000270149
0.000270097
0.000270045
0.000269992
0.00026994
0.000269888
0.000269836
0.000269784
0.000269732
0.000269679
0.000269627
0.000269575
0.000269523
0.000269471
0.000269419
0.000269367
0.000269315
0.000269263
0.000269211
0.000269159
0.000269107
0.000269055
0.000269003
0.000268951
0.000268899
0.000268847
0.000268795
0.000268743
0.000268691
0.000268639
0.000268587
0.000268535
0.000268484
0.000268432
0.00026838
0.000268328
0.000268276
0.000268224
0.000268173
0.000268121
0.000268069
0.000268017
0.000267966
0.000267914
0.000267862
0.00026781
0.000267759
0.000267707
0.000267655
0.000267604
0.000267552
0.0002675
0.000267449
0.000267397
0.000267346
0.000267294
0.000267242
0.000267191
0.000267139
0.000267088
0.000267036
0.000266985
0.000266933
0.000266882
0.00026683
0.000266779
0.000266727
0.000266676
0.000266624
0.000266573
0.000266522
0.00026647
0.000266419
0.000266368
0.000266316
0.000266265
0.000266213
0.000266162
0.000266111
0.00026606
0.000266008
0.000265957
0.000265906
0.000265854
0.000265803
0.000265752
0.000265701
0.00026565
0.000265598
0.000265547
0.000265496
0.000265445
0.000265394
0.000265343
0.000265291
0.00026524
0.000265189
0.000265138
0.000265087
0.000265036
0.000264985
0.000264934
0.000264883
0.000264832
0.000264781
0.00026473
0.000264679
0.000264628
0.000264577
0.000264526
0.000264475
0.000264424
0.000264373
0.000264322
0.000264272
0.000264221
0.00026417
0.000264119
0.000264068
0.000264017
0.000263966
0.000263916
0.000263865
0.000263814
0.000263763
0.000263713
0.000263662
0.000263611
0.00026356
0.00026351
0.000263459
0.000263408
0.000263358
0.000263307
0.000263256
0.000263206
0.000263155
0.000263104
0.000263054
0.000263003
0.000262953
0.000262902
0.000262852
0.000262801
0.00026275
0.0002627
0.000262649
0.000262599
0.000262548
0.000262498
0.000262448
0.000262397
0.000262347
0.000262296
0.000262246
0.000262195
0.000262145
0.000262095
0.000262044
0.000261994
0.000261944
0.000261893
0.000261843
0.000261793
0.000261742
0.000261692
0.000261642
0.000261591
0.000261541
0.000261491
0.000261441
0.000261391
0.00026134
0.00026129
0.00026124
0.00026119
0.00026114
0.000261089
0.000261039
0.000260989
0.000260939
0.000260889
0.000260839
0.000260789
0.000260739
0.000260689
0.000260639
0.000260589
0.000260539
0.000260489
0.000260439
0.000260389
0.000260339
0.000260289
0.000260239
0.000260189
0.000260139
0.000260089
0.000260039
0.000259989
0.000259939
0.00025989
0.00025984
0.00025979
0.00025974
0.00025969
0.00025964
0.000259591
0.000259541
0.000259491
0.000259441
0.000259391
0.000259342
0.000259292
0.000259242
0.000259193
0.000259143
0.000259093
0.000259044
0.000258994
0.000258944
0.000258895
0.000258845
0.000258795
0.000258746
0.000258696
0.000258647
0.000258597
0.000258548
0.000258498
0.000258448
0.000258399
0.000258349
0.0002583
0.00025825
0.000258201
0.000258152
0.000258102
0.000258053
0.000258003
0.000257954
0.000257904
0.000257855
0.000257806
0.000257756
0.000257707
0.000257658
0.000257608
0.000257559
0.00025751
0.00025746
0.000257411
0.000257362
0.000257312
0.000257263
0.000257214
0.000257165
0.000257116
0.000257066
0.000257017
0.000256968
0.000256919
0.00025687
0.00025682
0.000256771
0.000256722
0.000256673
0.000256624
0.000256575
0.000256526
0.000256477
0.000256428
0.000256379
0.00025633
0.000256281
0.000256232
0.000256183
0.000256134
0.000256085
0.000256036
0.000255987
0.000255938
0.000255889
0.00025584
0.000255791
0.000255742
0.000255693
0.000255644
0.000255595
0.000255547
0.000255498
0.000255449
0.0002554
0.000255351
0.000255302
0.000255254
0.000255205
0.000255156
0.000255107
0.000255059
0.00025501
0.000254961
0.000254912
0.000254864
0.000254815
0.000254766
0.000254718
0.000254669
0.00025462
0.000254572
0.000254523
0.000254475
0.000254426
0.000254377
0.000254329
0.00025428
0.000254232
0.000254183
0.000254135
0.000254086
0.000254038
0.000253989
0.000253941
0.000253892
0.000253844
0.000253795
0.000253747
0.000253699
0.00025365
0.000253602
0.000253553
0.000253505
0.000253457
0.000253408
0.00025336
0.000253312
0.000253263
0.000253215
0.000253167
0.000253118
0.00025307
0.000253022
0.000252974
0.000252925
0.000252877
0.000252829
0.000252781
0.000252732
0.000252684
0.000252636
0.000252588
0.00025254
0.000252492
0.000252443
0.000252395
0.000252347
0.000252299
0.000252251
0.000252203
0.000252155
0.000252107
0.000252059
0.000252011
0.000251963
0.000251915
0.000251867
0.000251819
0.000251771
0.000251723
0.000251675
0.000251627
0.000251579
0.000251531
0.000251483
0.000251435
0.000251387
0.00025134
0.000251292
0.000251244
0.000251196
0.000251148
0.0002511
0.000251053
0.000251005
0.000250957
0.000250909
0.000250861
0.000250814
0.000250766
0.000250718
0.000250671
0.000250623
0.000250575
0.000250527
0.00025048
0.000250432
0.000250384
0.000250337
0.000250289
0.000250242
0.000250194
0.000250146
0.000250099
0.000250051
0.000250004
0.000249956
0.000249909
0.000249861
0.000249814
0.000249766
0.000249719
0.000249671
0.000249624
0.000249576
0.000249529
0.000249481
0.000249434
0.000249386
0.000249339
0.000249292
0.000249244
0.000249197
0.000249149
0.000249102
0.000249055
0.000249007
0.00024896
0.000248913
0.000248866
0.000248818
0.000248771
0.000248724
0.000248676
0.000248629
0.000248582
0.000248535
0.000248488
0.00024844
0.000248393
0.000248346
0.000248299
0.000248252
0.000248205
0.000248157
0.00024811
0.000248063
0.000248016
0.000247969
0.000247922
0.000247875
0.000247828
0.000247781
0.000247734
0.000247687
0.00024764
0.000247593
0.000247546
0.000247499
0.000247452
0.000247405
0.000247358
0.000247311
0.000247264
0.000247217
0.00024717
0.000247123
0.000247076
0.00024703
0.000246983
0.000246936
0.000246889
0.000246842
0.000246795
0.000246749
0.000246702
0.000246655
0.000246608
0.000246562
0.000246515
0.000246468
0.000246421
0.000246375
0.000246328
0.000246281
0.000246235
0.000246188
0.000246141
0.000246095
0.000246048
0.000246001
0.000245955
0.000245908
0.000245861
0.000245815
0.000245768
0.000245722
0.000245675
0.000245629
0.000245582
0.000245536
0.000245489
0.000245443
0.000245396
0.00024535
0.000245303
0.000245257
0.00024521
0.000245164
0.000245117
0.000245071
0.000245025
0.000244978
0.000244932
0.000244886
0.000244839
0.000244793
0.000244746
0.0002447
0.000244654
0.000244608
0.000244561
0.000244515
0.000244469
0.000244422
0.000244376
0.00024433
0.000244284
0.000244238
0.000244191
0.000244145
0.000244099
0.000244053
0.000244007
0.00024396
0.000243914
0.000243868
0.000243822
0.000243776
0.00024373
0.000243684
0.000243638
0.000243592
0.000243546
0.0002435
0.000243454
0.000243408
0.000243361
0.000243315
0.00024327
0.000243224
0.000243178
0.000243132
0.000243086
0.00024304
0.000242994
0.000242948
0.000242902
0.000242856
0.00024281
0.000242764
0.000242718
0.000242673
0.000242627
0.000242581
0.000242535
0.000242489
0.000242444
0.000242398
0.000242352
0.000242306
0.00024226
0.000242215
0.000242169
0.000242123
0.000242078
0.000242032
0.000241986
0.000241941
0.000241895
0.000241849
0.000241804
0.000241758
0.000241712
0.000241667
0.000241621
0.000241575
0.00024153
0.000241484
0.000241439
0.000241393
0.000241348
0.000241302
0.000241257
0.000241211
0.000241166
0.00024112
0.000241075
0.000241029
0.000240984
0.000240938
0.000240893
0.000240847
0.000240802
0.000240757
0.000240711
0.000240666
0.00024062
0.000240575
0.00024053
0.000240484
0.000240439
0.000240394
0.000240348
0.000240303
0.000240258
0.000240213
0.000240167
0.000240122
0.000240077
0.000240032
0.000239986
0.000239941
0.000239896
0.000239851
0.000239806
0.00023976
0.000239715
0.00023967
0.000239625
0.00023958
0.000239535
0.00023949
0.000239445
0.0002394
0.000239354
0.000239309
0.000239264
0.000239219
0.000239174
0.000239129
0.000239084
0.000239039
0.000238994
0.000238949
0.000238904
0.000238859
0.000238814
0.000238769
0.000238725
0.00023868
0.000238635
0.00023859
0.000238545
0.0002385
0.000238455
0.00023841
0.000238365
0.000238321
0.000238276
0.000238231
0.000238186
0.000238141
0.000238097
0.000238052
0.000238007
0.000237962
0.000237918
0.000237873
0.000237828
0.000237783
0.000237739
0.000237694
0.000237649
0.000237605
0.00023756
0.000237515
0.000237471
0.000237426
0.000237382
0.000237337
0.000237292
0.000237248
0.000237203
0.000237159
0.000237114
0.00023707
0.000237025
0.000236981
0.000236936
0.000236892
0.000236847
0.000236803
0.000236758
0.000236714
0.000236669
0.000236625
0.00023658
0.000236536
0.000236492
0.000236447
0.000236403
0.000236358
0.000236314
0.00023627
0.000236225
0.000236181
0.000236137
0.000236092
0.000236048
0.000236004
0.00023596
0.000235915
0.000235871
0.000235827
0.000235782
0.000235738
0.000235694
0.00023565
0.000235606
0.000235561
0.000235517
0.000235473
0.000235429
0.000235385
0.000235341
0.000235297
0.000235252
0.000235208
0.000235164
0.00023512
0.000235076
0.000235032
0.000234988
0.000234944
0.0002349
0.000234856
0.000234812
0.000234768
0.000234724
0.00023468
0.000234636
0.000234592
0.000234548
0.000234504
0.00023446
0.000234416
0.000234372
0.000234328
0.000234285
0.000234241
0.000234197
0.000234153
0.000234109
0.000234065
0.000234021
0.000233978
0.000233934
0.00023389
0.000233846
0.000233802
0.000233759
0.000233715
0.000233671
0.000233627
0.000233584
0.00023354
0.000233496
0.000233453
0.000233409
0.000233365
0.000233322
0.000233278
0.000233234
0.000233191
0.000233147
0.000233103
0.00023306
0.000233016
0.000232973
0.000232929
0.000232886
0.000232842
0.000232798
0.000232755
0.000232711
0.000232668
0.000232624
0.000232581
0.000232537
0.000232494
0.000232451
0.000232407
0.000232364
0.00023232
0.000232277
0.000232233
0.00023219
0.000232147
0.000232103
0.00023206
0.000232016
0.000231973
0.00023193
0.000231886
0.000231843
0.0002318
0.000231757
0.000231713
0.00023167
0.000231627
0.000231583
0.00023154
0.000231497
0.000231454
0.000231411
0.000231367
0.000231324
0.000231281
0.000231238
0.000231195
0.000231151
0.000231108
0.000231065
0.000231022
0.000230979
0.000230936
0.000230893
0.00023085
0.000230807
0.000230764
0.000230721
0.000230677
0.000230634
0.000230591
0.000230548
0.000230505
0.000230462
0.000230419
0.000230376
0.000230333
0.000230291
0.000230248
0.000230205
0.000230162
0.000230119
0.000230076
0.000230033
0.00022999
0.000229947
0.000229904
0.000229862
0.000229819
0.000229776
0.000229733
0.00022969
0.000229647
0.000229605
0.000229562
0.000229519
0.000229476
0.000229434
0.000229391
0.000229348
0.000229305
0.000229263
0.00022922
0.000229177
0.000229135
0.000229092
0.000229049
0.000229007
0.000228964
0.000228921
0.000228879
0.000228836
0.000228794
0.000228751
0.000228708
0.000228666
0.000228623
0.000228581
0.000228538
0.000228496
0.000228453
0.000228411
0.000228368
0.000228326
0.000228283
0.000228241
0.000228198
0.000228156
0.000228113
0.000228071
0.000228028
0.000227986
0.000227944
0.000227901
0.000227859
0.000227816
0.000227774
0.000227732
0.000227689
0.000227647
0.000227605
0.000227562
0.00022752
0.000227478
0.000227436
0.000227393
0.000227351
0.000227309
0.000227266
0.000227224
0.000227182
0.00022714
0.000227098
0.000227055
0.000227013
0.000226971
0.000226929
0.000226887
0.000226845
0.000226802
0.00022676
0.000226718
0.000226676
0.000226634
0.000226592
0.00022655
0.000226508
0.000226466
0.000226424
0.000226382
0.00022634
0.000226298
0.000226256
0.000226214
0.000226172
0.00022613
0.000226088
0.000226046
0.000226004
0.000225962
0.00022592
0.000225878
0.000225836
0.000225794
0.000225752
0.00022571
0.000225669
0.000225627
0.000225585
0.000225543
0.000225501
0.000225459
0.000225418
0.000225376
0.000225334
0.000225292
0.00022525
0.000225209
0.000225167
0.000225125
0.000225083
0.000225042
0.000225
0.000224958
0.000224917
0.000224875
0.000224833
0.000224792
0.00022475
0.000224708
0.000224667
0.000224625
0.000224583
0.000224542
0.0002245
0.000224459
0.000224417
0.000224375
0.000224334
0.000224292
0.000224251
0.000224209
0.000224168
0.000224126
0.000224085
0.000224043
0.000224002
0.00022396
0.000223919
0.000223877
0.000223836
0.000223795
0.000223753
0.000223712
0.00022367
0.000223629
0.000223588
0.000223546
0.000223505
0.000223463
0.000223422
0.000223381
0.000223339
0.000223298
0.000223257
0.000223216
0.000223174
0.000223133
0.000223092
0.00022305
0.000223009
0.000222968
0.000222927
0.000222886
0.000222844
0.000222803
0.000222762
0.000222721
0.00022268
0.000222638
0.000222597
0.000222556
0.000222515
0.000222474
0.000222433
0.000222392
0.000222351
0.00022231
0.000222268
0.000222227
0.000222186
0.000222145
0.000222104
0.000222063
0.000222022
0.000221981
0.00022194
0.000221899
0.000221858
0.000221817
0.000221776
0.000221735
0.000221694
0.000221654
0.000221613
0.000221572
0.000221531
0.00022149
0.000221449
0.000221408
0.000221367
0.000221326
0.000221286
0.000221245
0.000221204
0.000221163
0.000221122
0.000221082
0.000221041
0.000221
0.000220959
0.000220918
0.000220878
0.000220837
0.000220796
0.000220756
0.000220715
0.000220674
0.000220633
0.000220593
0.000220552
0.000220511
0.000220471
0.00022043
0.000220389
0.000220349
0.000220308
0.000220268
0.000220227
0.000220186
0.000220146
0.000220105
0.000220065
0.000220024
0.000219984
0.000219943
0.000219903
0.000219862
0.000219822
0.000219781
0.000219741
0.0002197
0.00021966
0.000219619
0.000219579
0.000219538
0.000219498
0.000219458
0.000219417
0.000219377
0.000219336
0.000219296
0.000219256
0.000219215
0.000219175
0.000219135
0.000219094
0.000219054
0.000219014
0.000218973
0.000218933
0.000218893
0.000218853
0.000218812
0.000218772
0.000218732
0.000218692
0.000218651
0.000218611
0.000218571
0.000218531
0.000218491
0.00021845
0.00021841
0.00021837
0.00021833
0.00021829
0.00021825
0.000218209
0.000218169
0.000218129
0.000218089
0.000218049
0.000218009
0.000217969
0.000217929
0.000217889
0.000217849
0.000217809
0.000217769
0.000217729
0.000217689
0.000217649
0.000217609
0.000217569
0.000217529
0.000217489
0.000217449
0.000217409
0.000217369
0.000217329
0.000217289
0.000217249
0.00021721
0.00021717
0.00021713
0.00021709
0.00021705
0.00021701
0.00021697
0.000216931
0.000216891
0.000216851
0.000216811
0.000216771
0.000216732
0.000216692
0.000216652
0.000216612
0.000216573
0.000216533
0.000216493
0.000216454
0.000216414
0.000216374
0.000216334
0.000216295
0.000216255
0.000216215
0.000216176
0.000216136
0.000216097
0.000216057
0.000216017
0.000215978
0.000215938
0.000215899
0.000215859
0.000215819
0.00021578
0.00021574
0.000215701
0.000215661
0.000215622
0.000215582
0.000215543
0.000215503
0.000215464
0.000215424
0.000215385
0.000215345
0.000215306
0.000215267
0.000215227
0.000215188
0.000215148
0.000215109
0.00021507
0.00021503
0.000214991
0.000214952
0.000214912
0.000214873
0.000214834
0.000214794
0.000214755
0.000214716
0.000214676
0.000214637
0.000214598
0.000214558
0.000214519
0.00021448
0.000214441
0.000214402
0.000214362
0.000214323
0.000214284
0.000214245
0.000214206
0.000214166
0.000214127
0.000214088
0.000214049
0.00021401
0.000213971
0.000213932
0.000213892
0.000213853
0.000213814
0.000213775
0.000213736
0.000213697
0.000213658
0.000213619
0.00021358
0.000213541
0.000213502
0.000213463
0.000213424
0.000213385
0.000213346
0.000213307
0.000213268
0.000213229
0.00021319
0.000213151
0.000213112
0.000213073
0.000213034
0.000212996
0.000212957
0.000212918
0.000212879
0.00021284
0.000212801
0.000212762
0.000212724
0.000212685
0.000212646
0.000212607
0.000212568
0.00021253
0.000212491
0.000212452
0.000212413
0.000212374
0.000212336
0.000212297
0.000212258
0.00021222
0.000212181
0.000212142
0.000212103
0.000212065
0.000212026
0.000211987
0.000211949
0.00021191
0.000211872
0.000211833
0.000211794
0.000211756
0.000211717
0.000211679
0.00021164
0.000211601
0.000211563
0.000211524
0.000211486
0.000211447
0.000211409
0.00021137
0.000211332
0.000211293
0.000211255
0.000211216
0.000211178
0.000211139
0.000211101
0.000211062
0.000211024
0.000210986
0.000210947
0.000210909
0.00021087
0.000210832
0.000210794
0.000210755
0.000210717
0.000210678
0.00021064
0.000210602
0.000210563
0.000210525
0.000210487
0.000210449
0.00021041
0.000210372
0.000210334
0.000210295
0.000210257
0.000210219
0.000210181
0.000210143
0.000210104
0.000210066
0.000210028
0.00020999
0.000209952
0.000209913
0.000209875
0.000209837
0.000209799
0.000209761
0.000209723
0.000209685
0.000209646
0.000209608
0.00020957
0.000209532
0.000209494
0.000209456
0.000209418
0.00020938
0.000209342
0.000209304
0.000209266
0.000209228
0.00020919
0.000209152
0.000209114
0.000209076
0.000209038
0.000209
0.000208962
0.000208924
0.000208886
0.000208848
0.00020881
0.000208772
0.000208735
0.000208697
0.000208659
0.000208621
0.000208583
0.000208545
0.000208507
0.000208469
0.000208432
0.000208394
0.000208356
0.000208318
0.00020828
0.000208243
0.000208205
0.000208167
0.000208129
0.000208092
0.000208054
0.000208016
0.000207979
0.000207941
0.000207903
0.000207865
0.000207828
0.00020779
0.000207752
0.000207715
0.000207677
0.000207639
0.000207602
0.000207564
0.000207527
0.000207489
0.000207451
0.000207414
0.000207376
0.000207339
0.000207301
0.000207264
0.000207226
0.000207189
0.000207151
0.000207113
0.000207076
0.000207038
0.000207001
0.000206964
0.000206926
0.000206889
0.000206851
0.000206814
0.000206776
0.000206739
0.000206701
0.000206664
0.000206627
0.000206589
0.000206552
0.000206514
0.000206477
0.00020644
0.000206402
0.000206365
0.000206328
0.00020629
0.000206253
0.000206216
0.000206179
0.000206141
0.000206104
0.000206067
0.000206029
0.000205992
0.000205955
0.000205918
0.000205881
0.000205843
0.000205806
0.000205769
0.000205732
0.000205695
0.000205657
0.00020562
0.000205583
0.000205546
0.000205509
0.000205472
0.000205435
0.000205397
0.00020536
0.000205323
0.000205286
0.000205249
0.000205212
0.000205175
0.000205138
0.000205101
0.000205064
0.000205027
0.00020499
0.000204953
0.000204916
0.000204879
0.000204842
0.000204805
0.000204768
0.000204731
0.000204694
0.000204657
0.00020462
0.000204583
0.000204546
0.000204509
0.000204473
0.000204436
0.000204399
0.000204362
0.000204325
0.000204288
0.000204251
0.000204215
0.000204178
0.000204141
0.000204104
0.000204067
0.000204031
0.000203994
0.000203957
0.00020392
0.000203883
0.000203847
0.00020381
0.000203773
0.000203737
0.0002037
0.000203663
0.000203626
0.00020359
0.000203553
0.000203516
0.00020348
0.000203443
0.000203406
0.00020337
0.000203333
0.000203297
0.00020326
0.000203223
0.000203187
0.00020315
0.000203114
0.000203077
0.000203041
0.000203004
0.000202967
0.000202931
0.000202894
0.000202858
0.000202821
0.000202785
0.000202748
0.000202712
0.000202675
0.000202639
0.000202603
0.000202566
0.00020253
0.000202493
0.000202457
0.00020242
0.000202384
0.000202348
0.000202311
0.000202275
0.000202239
0.000202202
0.000202166
0.000202129
0.000202093
0.000202057
0.000202021
0.000201984
0.000201948
0.000201912
0.000201875
0.000201839
0.000201803
0.000201767
0.00020173
0.000201694
0.000201658
0.000201622
0.000201585
0.000201549
0.000201513
0.000201477
0.000201441
0.000201405
0.000201368
0.000201332
0.000201296
0.00020126
0.000201224
0.000201188
0.000201152
0.000201115
0.000201079
0.000201043
0.000201007
0.000200971
0.000200935
0.000200899
0.000200863
0.000200827
0.000200791
0.000200755
0.000200719
0.000200683
0.000200647
0.000200611
0.000200575
0.000200539
0.000200503
0.000200467
0.000200431
0.000200395
0.000200359
0.000200323
0.000200287
0.000200252
0.000200216
0.00020018
0.000200144
0.000200108
0.000200072
0.000200036
0.000200001
0.000199965
0.000199929
0.000199893
0.000199857
0.000199821
0.000199786
0.00019975
0.000199714
0.000199678
0.000199643
0.000199607
0.000199571
0.000199535
0.0001995
0.000199464
0.000199428
0.000199393
0.000199357
0.000199321
0.000199286
0.00019925
0.000199214
0.000199179
0.000199143
0.000199107
0.000199072
0.000199036
0.000199001
0.000198965
0.000198929
0.000198894
0.000198858
0.000198823
0.000198787
0.000198752
0.000198716
0.00019868
0.000198645
0.000198609
0.000198574
0.000198538
0.000198503
0.000198467
0.000198432
0.000198397
0.000198361
0.000198326
0.00019829
0.000198255
0.000198219
0.000198184
0.000198149
0.000198113
0.000198078
0.000198042
0.000198007
0.000197972
0.000197936
0.000197901
0.000197866
0.00019783
0.000197795
0.00019776
0.000197724
0.000197689
0.000197654
0.000197619
0.000197583
0.000197548
0.000197513
0.000197478
0.000197442
0.000197407
0.000197372
0.000197337
0.000197301
0.000197266
0.000197231
0.000197196
0.000197161
0.000197126
0.00019709
0.000197055
0.00019702
0.000196985
0.00019695
0.000196915
0.00019688
0.000196845
0.000196809
0.000196774
0.000196739
0.000196704
0.000196669
0.000196634
0.000196599
0.000196564
0.000196529
0.000196494
0.000196459
0.000196424
0.000196389
0.000196354
0.000196319
0.000196284
0.000196249
0.000196214
0.000196179
0.000196144
0.000196109
0.000196075
0.00019604
0.000196005
0.00019597
0.000195935
0.0001959
0.000195865
0.00019583
0.000195796
0.000195761
0.000195726
0.000195691
0.000195656
0.000195621
0.000195587
0.000195552
0.000195517
0.000195482
0.000195448
0.000195413
0.000195378
0.000195343
0.000195309
0.000195274
0.000195239
0.000195204
0.00019517
0.000195135
0.0001951
0.000195066
0.000195031
0.000194996
0.000194962
0.000194927
0.000194892
0.000194858
0.000194823
0.000194789
0.000194754
0.000194719
0.000194685
0.00019465
0.000194616
0.000194581
0.000194547
0.000194512
0.000194477
0.000194443
0.000194408
0.000194374
0.000194339
0.000194305
0.00019427
0.000194236
0.000194201
0.000194167
0.000194133
0.000194098
0.000194064
0.000194029
0.000193995
0.00019396
0.000193926
0.000193892
0.000193857
0.000193823
0.000193788
0.000193754
0.00019372
0.000193685
0.000193651
0.000193617
0.000193582
0.000193548
0.000193514
0.000193479
0.000193445
0.000193411
0.000193377
0.000193342
0.000193308
0.000193274
0.00019324
0.000193205
0.000193171
0.000193137
0.000193103
0.000193068
0.000193034
0.000193
0.000192966
0.000192932
0.000192898
0.000192863
0.000192829
0.000192795
0.000192761
0.000192727
0.000192693
0.000192659
0.000192625
0.00019259
0.000192556
0.000192522
0.000192488
0.000192454
0.00019242
0.000192386
0.000192352
0.000192318
0.000192284
0.00019225
0.000192216
0.000192182
0.000192148
0.000192114
0.00019208
0.000192046
0.000192012
0.000191978
0.000191944
0.00019191
0.000191876
0.000191842
0.000191809
0.000191775
0.000191741
0.000191707
0.000191673
0.000191639
0.000191605
0.000191571
0.000191538
0.000191504
0.00019147
0.000191436
0.000191402
0.000191368
0.000191335
0.000191301
0.000191267
0.000191233
0.0001912
0.000191166
0.000191132
0.000191098
0.000191065
0.000191031
0.000190997
0.000190963
0.00019093
0.000190896
0.000190862
0.000190829
0.000190795
0.000190761
0.000190728
0.000190694
0.00019066
0.000190627
0.000190593
0.00019056
0.000190526
0.000190492
0.000190459
0.000190425
0.000190392
0.000190358
0.000190325
0.000190291
0.000190257
0.000190224
0.00019019
0.000190157
0.000190123
0.00019009
0.000190056
0.000190023
0.000189989
0.000189956
0.000189922
0.000189889
0.000189856
0.000189822
0.000189789
0.000189755
0.000189722
0.000189688
0.000189655
0.000189622
0.000189588
0.000189555
0.000189522
0.000189488
0.000189455
0.000189421
0.000189388
0.000189355
0.000189322
0.000189288
0.000189255
0.000189222
0.000189188
0.000189155
0.000189122
0.000189088
0.000189055
0.000189022
0.000188989
0.000188956
0.000188922
0.000188889
0.000188856
0.000188823
0.000188789
0.000188756
0.000188723
0.00018869
0.000188657
0.000188624
0.00018859
0.000188557
0.000188524
0.000188491
0.000188458
0.000188425
0.000188392
0.000188359
0.000188326
0.000188292
0.000188259
0.000188226
0.000188193
0.00018816
0.000188127
0.000188094
0.000188061
0.000188028
0.000187995
0.000187962
0.000187929
0.000187896
0.000187863
0.00018783
0.000187797
0.000187764
0.000187731
0.000187698
0.000187665
0.000187633
0.0001876
0.000187567
0.000187534
0.000187501
0.000187468
0.000187435
0.000187402
0.000187369
0.000187337
0.000187304
0.000187271
0.000187238
0.000187205
0.000187172
0.00018714
0.000187107
0.000187074
0.000187041
0.000187009
0.000186976
0.000186943
0.00018691
0.000186878
0.000186845
0.000186812
0.000186779
0.000186747
0.000186714
0.000186681
0.000186649
0.000186616
0.000186583
0.000186551
0.000186518
0.000186485
0.000186453
0.00018642
0.000186387
0.000186355
0.000186322
0.000186289
0.000186257
0.000186224
0.000186192
0.000186159
0.000186127
0.000186094
0.000186061
0.000186029
0.000185996
0.000185964
0.000185931
0.000185899
0.000185866
0.000185834
0.000185801
0.000185769
0.000185736
0.000185704
0.000185671
0.000185639
0.000185607
0.000185574
0.000185542
0.000185509
0.000185477
0.000185444
0.000185412
0.00018538
0.000185347
0.000185315
0.000185283
0.00018525
0.000185218
0.000185185
0.000185153
0.000185121
0.000185089
0.000185056
0.000185024
0.000184992
0.000184959
0.000184927
0.000184895
0.000184862
0.00018483
0.000184798
0.000184766
0.000184733
0.000184701
0.000184669
0.000184637
0.000184605
0.000184572
0.00018454
0.000184508
0.000184476
0.000184444
0.000184412
0.000184379
0.000184347
0.000184315
0.000184283
0.000184251
0.000184219
0.000184187
0.000184155
0.000184122
0.00018409
0.000184058
0.000184026
0.000183994
0.000183962
0.00018393
0.000183898
0.000183866
0.000183834
0.000183802
0.00018377
0.000183738
0.000183706
0.000183674
0.000183642
0.00018361
0.000183578
0.000183546
0.000183514
0.000183482
0.00018345
0.000183418
0.000183386
0.000183354
0.000183323
0.000183291
0.000183259
0.000183227
0.000183195
0.000183163
0.000183131
0.000183099
0.000183068
0.000183036
0.000183004
0.000182972
0.00018294
0.000182909
0.000182877
0.000182845
0.000182813
0.000182781
0.00018275
0.000182718
0.000182686
0.000182654
0.000182623
0.000182591
0.000182559
0.000182527
0.000182496
0.000182464
0.000182432
0.000182401
0.000182369
0.000182337
0.000182306
0.000182274
0.000182242
0.000182211
0.000182179
0.000182147
0.000182116
0.000182084
0.000182053
0.000182021
0.000181989
0.000181958
0.000181926
0.000181895
0.000181863
0.000181832
0.0001818
0.000181769
0.000181737
0.000181705
0.000181674
0.000181642
0.000181611
0.000181579
0.000181548
0.000181517
0.000181485
0.000181454
0.000181422
0.000181391
0.000181359
0.000181328
0.000181296
0.000181265
0.000181234
0.000181202
0.000181171
0.000181139
0.000181108
0.000181077
0.000181045
0.000181014
0.000180983
0.000180951
0.00018092
0.000180889
0.000180857
0.000180826
0.000180795
0.000180763
0.000180732
0.000180701
0.000180669
0.000180638
0.000180607
0.000180576
0.000180544
0.000180513
0.000180482
0.000180451
0.00018042
0.000180388
0.000180357
0.000180326
0.000180295
0.000180264
0.000180232
0.000180201
0.00018017
0.000180139
0.000180108
0.000180077
0.000180045
0.000180014
0.000179983
0.000179952
0.000179921
0.00017989
0.000179859
0.000179828
0.000179797
0.000179766
0.000179735
0.000179704
0.000179673
0.000179641
0.00017961
0.000179579
0.000179548
0.000179517
0.000179486
0.000179455
0.000179424
0.000179393
0.000179363
0.000179332
0.000179301
0.00017927
0.000179239
0.000179208
0.000179177
0.000179146
0.000179115
0.000179084
0.000179053
0.000179022
0.000178991
0.000178961
0.00017893
0.000178899
0.000178868
0.000178837
0.000178806
0.000178776
0.000178745
0.000178714
0.000178683
0.000178652
0.000178621
0.000178591
0.00017856
0.000178529
0.000178498
0.000178468
0.000178437
0.000178406
0.000178375
0.000178345
0.000178314
0.000178283
0.000178253
0.000178222
0.000178191
0.00017816
0.00017813
0.000178099
0.000178068
0.000178038
0.000178007
0.000177977
0.000177946
0.000177915
0.000177885
0.000177854
0.000177823
0.000177793
0.000177762
0.000177732
0.000177701
0.000177671
0.00017764
0.000177609
0.000177579
0.000177548
0.000177518
0.000177487
0.000177457
0.000177426
0.000177396
0.000177365
0.000177335
0.000177304
0.000177274
0.000177243
0.000177213
0.000177182
0.000177152
0.000177122
0.000177091
0.000177061
0.00017703
0.000177
0.000176969
0.000176939
0.000176909
0.000176878
0.000176848
0.000176818
0.000176787
0.000176757
0.000176727
0.000176696
0.000176666
0.000176636
0.000176605
0.000176575
0.000176545
0.000176514
0.000176484
0.000176454
0.000176423
0.000176393
0.000176363
0.000176333
0.000176302
0.000176272
0.000176242
0.000176212
0.000176182
0.000176151
0.000176121
0.000176091
0.000176061
0.000176031
0.000176
0.00017597
0.00017594
0.00017591
0.00017588
0.00017585
0.00017582
0.000175789
0.000175759
0.000175729
0.000175699
0.000175669
0.000175639
0.000175609
0.000175579
0.000175549
0.000175519
0.000175489
0.000175459
0.000175429
0.000175398
0.000175368
0.000175338
0.000175308
0.000175278
0.000175248
0.000175218
0.000175188
0.000175159
0.000175129
0.000175099
0.000175069
0.000175039
0.000175009
0.000174979
0.000174949
0.000174919
0.000174889
0.000174859
0.000174829
0.000174799
0.00017477
0.00017474
0.00017471
0.00017468
0.00017465
0.00017462
0.00017459
0.000174561
0.000174531
0.000174501
0.000174471
0.000174441
0.000174411
0.000174382
0.000174352
0.000174322
0.000174292
0.000174263
0.000174233
0.000174203
0.000174173
0.000174144
0.000174114
0.000174084
0.000174054
0.000174025
0.000173995
0.000173965
0.000173936
0.000173906
0.000173876
0.000173847
0.000173817
0.000173787
0.000173758
0.000173728
0.000173698
0.000173669
0.000173639
0.00017361
0.00017358
0.00017355
0.000173521
0.000173491
0.000173462
0.000173432
0.000173403
0.000173373
0.000173344
0.000173314
0.000173284
0.000173255
0.000173225
0.000173196
0.000173166
0.000173137
0.000173107
0.000173078
0.000173048
0.000173019
0.00017299
0.00017296
0.000172931
0.000172901
0.000172872
0.000172842
0.000172813
0.000172784
0.000172754
0.000172725
0.000172695
0.000172666
0.000172637
0.000172607
0.000172578
0.000172548
0.000172519
0.00017249
0.00017246
0.000172431
0.000172402
0.000172373
0.000172343
0.000172314
0.000172285
0.000172255
0.000172226
0.000172197
0.000172168
0.000172138
0.000172109
0.00017208
0.000172051
0.000172021
0.000171992
0.000171963
0.000171934
0.000171904
0.000171875
0.000171846
0.000171817
0.000171788
0.000171759
0.000171729
0.0001717
0.000171671
0.000171642
0.000171613
0.000171584
0.000171555
0.000171525
0.000171496
0.000171467
0.000171438
0.000171409
0.00017138
0.000171351
0.000171322
0.000171293
0.000171264
0.000171235
0.000171206
0.000171177
0.000171148
0.000171119
0.00017109
0.000171061
0.000171032
0.000171003
0.000170974
0.000170945
0.000170916
0.000170887
0.000170858
0.000170829
0.0001708
0.000170771
0.000170742
0.000170713
0.000170684
0.000170655
0.000170626
0.000170597
0.000170569
0.00017054
0.000170511
0.000170482
0.000170453
0.000170424
0.000170395
0.000170367
0.000170338
0.000170309
0.00017028
0.000170251
0.000170222
0.000170194
0.000170165
0.000170136
0.000170107
0.000170079
0.00017005
0.000170021
0.000169992
0.000169964
0.000169935
0.000169906
0.000169877
0.000169849
0.00016982
0.000169791
0.000169763
0.000169734
0.000169705
0.000169676
0.000169648
0.000169619
0.000169591
0.000169562
0.000169533
0.000169505
0.000169476
0.000169447
0.000169419
0.00016939
0.000169362
0.000169333
0.000169304
0.000169276
0.000169247
0.000169219
0.00016919
0.000169162
0.000169133
0.000169104
0.000169076
0.000169047
0.000169019
0.00016899
0.000168962
0.000168933
0.000168905
0.000168876
0.000168848
0.000168819
0.000168791
0.000168762
0.000168734
0.000168706
0.000168677
0.000168649
0.00016862
0.000168592
0.000168563
0.000168535
0.000168507
0.000168478
0.00016845
0.000168421
0.000168393
0.000168365
0.000168336
0.000168308
0.00016828
0.000168251
0.000168223
0.000168195
0.000168166
0.000168138
0.00016811
0.000168081
0.000168053
0.000168025
0.000167997
0.000167968
0.00016794
0.000167912
0.000167884
0.000167855
0.000167827
0.000167799
0.000167771
0.000167742
0.000167714
0.000167686
0.000167658
0.00016763
0.000167601
0.000167573
0.000167545
0.000167517
0.000167489
0.000167461
0.000167433
0.000167404
0.000167376
0.000167348
0.00016732
0.000167292
0.000167264
0.000167236
0.000167208
0.00016718
0.000167151
0.000167123
0.000167095
0.000167067
0.000167039
0.000167011
0.000166983
0.000166955
0.000166927
0.000166899
0.000166871
0.000166843
0.000166815
0.000166787
0.000166759
0.000166731
0.000166703
0.000166675
0.000166647
0.000166619
0.000166591
0.000166563
0.000166535
0.000166508
0.00016648
0.000166452
0.000166424
0.000166396
0.000166368
0.00016634
0.000166312
0.000166284
0.000166257
0.000166229
0.000166201
0.000166173
0.000166145
0.000166117
0.000166089
0.000166062
0.000166034
0.000166006
0.000165978
0.00016595
0.000165923
0.000165895
0.000165867
0.000165839
0.000165812
0.000165784
0.000165756
0.000165728
0.000165701
0.000165673
0.000165645
0.000165617
0.00016559
0.000165562
0.000165534
0.000165507
0.000165479
0.000165451
0.000165424
0.000165396
0.000165368
0.000165341
0.000165313
0.000165285
0.000165258
0.00016523
0.000165203
0.000165175
0.000165147
0.00016512
0.000165092
0.000165065
0.000165037
0.000165009
0.000164982
0.000164954
0.000164927
0.000164899
0.000164872
0.000164844
0.000164817
0.000164789
0.000164762
0.000164734
0.000164707
0.000164679
0.000164652
0.000164624
0.000164597
0.000164569
0.000164542
0.000164514
0.000164487
0.000164459
0.000164432
0.000164405
0.000164377
0.00016435
0.000164322
0.000164295
0.000164268
0.00016424
0.000164213
0.000164185
0.000164158
0.000164131
0.000164103
0.000164076
0.000164049
0.000164021
0.000163994
0.000163967
0.000163939
0.000163912
0.000163885
0.000163857
0.00016383
0.000163803
0.000163776
0.000163748
0.000163721
0.000163694
0.000163667
0.000163639
0.000163612
0.000163585
0.000163558
0.00016353
0.000163503
0.000163476
0.000163449
0.000163422
0.000163394
0.000163367
0.00016334
0.000163313
0.000163286
0.000163259
0.000163231
0.000163204
0.000163177
0.00016315
0.000163123
0.000163096
0.000163069
0.000163042
0.000163014
0.000162987
0.00016296
0.000162933
0.000162906
0.000162879
0.000162852
0.000162825
0.000162798
0.000162771
0.000162744
0.000162717
0.00016269
0.000162663
0.000162636
0.000162609
0.000162582
0.000162555
0.000162528
0.000162501
0.000162474
0.000162447
0.00016242
0.000162393
0.000162366
0.000162339
0.000162312
0.000162285
0.000162258
0.000162231
0.000162205
0.000162178
0.000162151
0.000162124
0.000162097
0.00016207
0.000162043
0.000162016
0.00016199
0.000161963
0.000161936
0.000161909
0.000161882
0.000161855
0.000161829
0.000161802
0.000161775
0.000161748
0.000161721
0.000161695
0.000161668
0.000161641
0.000161614
0.000161588
0.000161561
0.000161534
0.000161507
0.000161481
0.000161454
0.000161427
0.0001614
0.000161374
0.000161347
0.00016132
0.000161294
0.000161267
0.00016124
0.000161214
0.000161187
0.00016116
0.000161134
0.000161107
0.00016108
0.000161054
0.000161027
0.000161001
0.000160974
0.000160947
0.000160921
0.000160894
0.000160868
0.000160841
0.000160814
0.000160788
0.000160761
0.000160735
0.000160708
0.000160682
0.000160655
0.000160629
0.000160602
0.000160575
0.000160549
0.000160522
0.000160496
0.000160469
0.000160443
0.000160417
0.00016039
0.000160364
0.000160337
0.000160311
0.000160284
0.000160258
0.000160231
0.000160205
0.000160178
0.000160152
0.000160126
0.000160099
0.000160073
0.000160046
0.00016002
0.000159994
0.000159967
0.000159941
0.000159915
0.000159888
0.000159862
0.000159836
0.000159809
0.000159783
0.000159757
0.00015973
0.000159704
0.000159678
0.000159651
0.000159625
0.000159599
0.000159572
0.000159546
0.00015952
0.000159494
0.000159467
0.000159441
0.000159415
0.000159389
0.000159362
0.000159336
0.00015931
0.000159284
0.000159258
0.000159231
0.000159205
0.000159179
0.000159153
0.000159127
0.000159101
0.000159074
0.000159048
0.000159022
0.000158996
0.00015897
0.000158944
0.000158918
0.000158891
0.000158865
0.000158839
0.000158813
0.000158787
0.000158761
0.000158735
0.000158709
0.000158683
0.000158657
0.000158631
0.000158605
0.000158579
0.000158552
0.000158526
0.0001585
0.000158474
0.000158448
0.000158422
0.000158396
0.00015837
0.000158344
0.000158318
0.000158292
0.000158266
0.000158241
0.000158215
0.000158189
0.000158163
0.000158137
0.000158111
0.000158085
0.000158059
0.000158033
0.000158007
0.000157981
0.000157955
0.000157929
0.000157904
0.000157878
0.000157852
0.000157826
0.0001578
0.000157774
0.000157748
0.000157723
0.000157697
0.000157671
0.000157645
0.000157619
0.000157593
0.000157568
0.000157542
0.000157516
0.00015749
0.000157464
0.000157439
0.000157413
0.000157387
0.000157361
0.000157336
0.00015731
0.000157284
0.000157258
0.000157233
0.000157207
0.000157181
0.000157156
0.00015713
0.000157104
0.000157079
0.000157053
0.000157027
0.000157002
0.000156976
0.00015695
0.000156925
0.000156899
0.000156873
0.000156848
0.000156822
0.000156796
0.000156771
0.000156745
0.00015672
0.000156694
0.000156668
0.000156643
0.000156617
0.000156592
0.000156566
0.000156541
0.000156515
0.000156489
0.000156464
0.000156438
0.000156413
0.000156387
0.000156362
0.000156336
0.000156311
0.000156285
0.00015626
0.000156234
0.000156209
0.000156183
0.000156158
0.000156132
0.000156107
0.000156082
0.000156056
0.000156031
0.000156005
0.00015598
0.000155954
0.000155929
0.000155904
0.000155878
0.000155853
0.000155827
0.000155802
0.000155777
0.000155751
0.000155726
0.0001557
0.000155675
0.00015565
0.000155624
0.000155599
0.000155574
0.000155548
0.000155523
0.000155498
0.000155473
0.000155447
0.000155422
0.000155397
0.000155371
0.000155346
0.000155321
0.000155296
0.00015527
0.000155245
0.00015522
0.000155195
0.000155169
0.000155144
0.000155119
0.000155094
0.000155068
0.000155043
0.000155018
0.000154993
0.000154968
0.000154942
0.000154917
0.000154892
0.000154867
0.000154842
0.000154817
0.000154792
0.000154766
0.000154741
0.000154716
0.000154691
0.000154666
0.000154641
0.000154616
0.000154591
0.000154566
0.00015454
0.000154515
0.00015449
0.000154465
0.00015444
0.000154415
0.00015439
0.000154365
0.00015434
0.000154315
0.00015429
0.000154265
0.00015424
0.000154215
0.00015419
0.000154165
0.00015414
0.000154115
0.00015409
0.000154065
0.00015404
0.000154015
0.00015399
0.000153965
0.00015394
0.000153915
0.00015389
0.000153865
0.00015384
0.000153816
0.000153791
0.000153766
0.000153741
0.000153716
0.000153691
0.000153666
0.000153641
0.000153616
0.000153592
0.000153567
0.000153542
0.000153517
0.000153492
0.000153467
0.000153443
0.000153418
0.000153393
0.000153368
0.000153343
0.000153319
0.000153294
0.000153269
0.000153244
0.000153219
0.000153195
0.00015317
0.000153145
0.00015312
0.000153096
0.000153071
0.000153046
0.000153022
0.000152997
0.000152972
0.000152947
0.000152923
0.000152898
0.000152873
0.000152849
0.000152824
0.000152799
0.000152775
0.00015275
0.000152725
0.000152701
0.000152676
0.000152651
0.000152627
0.000152602
0.000152578
0.000152553
0.000152528
0.000152504
0.000152479
0.000152455
0.00015243
0.000152405
0.000152381
0.000152356
0.000152332
0.000152307
0.000152283
0.000152258
0.000152233
0.000152209
0.000152184
0.00015216
0.000152135
0.000152111
0.000152086
0.000152062
0.000152037
0.000152013
0.000151988
0.000151964
0.00015194
0.000151915
0.000151891
0.000151866
0.000151842
0.000151817
0.000151793
0.000151768
0.000151744
0.00015172
0.000151695
0.000151671
0.000151646
0.000151622
0.000151598
0.000151573
0.000151549
0.000151524
0.0001515
0.000151476
0.000151451
0.000151427
0.000151403
0.000151378
0.000151354
0.00015133
0.000151305
0.000151281
0.000151257
0.000151233
0.000151208
0.000151184
0.00015116
0.000151135
0.000151111
0.000151087
0.000151063
0.000151038
0.000151014
0.00015099
0.000150966
0.000150941
0.000150917
0.000150893
0.000150869
0.000150845
0.00015082
0.000150796
0.000150772
0.000150748
0.000150724
0.000150699
0.000150675
0.000150651
0.000150627
0.000150603
0.000150579
0.000150555
0.00015053
0.000150506
0.000150482
0.000150458
0.000150434
0.00015041
0.000150386
0.000150362
0.000150338
0.000150313
0.000150289
0.000150265
0.000150241
0.000150217
0.000150193
0.000150169
0.000150145
0.000150121
0.000150097
0.000150073
0.000150049
0.000150025
0.000150001
0.000149977
0.000149953
0.000149929
0.000149905
0.000149881
0.000149857
0.000149833
0.000149809
0.000149785
0.000149761
0.000149737
0.000149713
0.000149689
0.000149665
0.000149642
0.000149618
0.000149594
0.00014957
0.000149546
0.000149522
0.000149498
0.000149474
0.00014945
0.000149427
0.000149403
0.000149379
0.000149355
0.000149331
0.000149307
0.000149283
0.00014926
0.000149236
0.000149212
0.000149188
0.000149164
0.000149141
0.000149117
0.000149093
0.000149069
0.000149045
0.000149022
0.000148998
0.000148974
0.00014895
0.000148927
0.000148903
0.000148879
0.000148855
0.000148832
0.000148808
0.000148784
0.000148761
0.000148737
0.000148713
0.000148689
0.000148666
0.000148642
0.000148618
0.000148595
0.000148571
0.000148547
0.000148524
0.0001485
0.000148476
0.000148453
0.000148429
0.000148406
0.000148382
0.000148358
0.000148335
0.000148311
0.000148288
0.000148264
0.00014824
0.000148217
0.000148193
0.00014817
0.000148146
0.000148122
0.000148099
0.000148075
0.000148052
0.000148028
0.000148005
0.000147981
0.000147958
0.000147934
0.000147911
0.000147887
0.000147864
0.00014784
0.000147817
0.000147793
0.00014777
0.000147746
0.000147723
0.000147699
0.000147676
0.000147652
0.000147629
0.000147606
0.000147582
0.000147559
0.000147535
0.000147512
0.000147489
0.000147465
0.000147442
0.000147418
0.000147395
0.000147372
0.000147348
0.000147325
0.000147301
0.000147278
0.000147255
0.000147231
0.000147208
0.000147185
0.000147161
0.000147138
0.000147115
0.000147091
0.000147068
0.000147045
0.000147022
0.000146998
0.000146975
0.000146952
0.000146928
0.000146905
0.000146882
0.000146859
0.000146835
0.000146812
0.000146789
0.000146766
0.000146742
0.000146719
0.000146696
0.000146673
0.00014665
0.000146626
0.000146603
0.00014658
0.000146557
0.000146534
0.00014651
0.000146487
0.000146464
0.000146441
0.000146418
0.000146395
0.000146371
0.000146348
0.000146325
0.000146302
0.000146279
0.000146256
0.000146233
0.00014621
0.000146187
0.000146163
0.00014614
0.000146117
0.000146094
0.000146071
0.000146048
0.000146025
0.000146002
0.000145979
0.000145956
0.000145933
0.00014591
0.000145887
0.000145864
0.000145841
0.000145818
0.000145795
0.000145772
0.000145749
0.000145726
0.000145703
0.00014568
0.000145657
0.000145634
0.000145611
0.000145588
0.000145565
0.000145542
0.000145519
0.000145496
0.000145473
0.00014545
0.000145427
0.000145404
0.000145382
0.000145359
0.000145336
0.000145313
0.00014529
0.000145267
0.000145244
0.000145221
0.000145199
0.000145176
0.000145153
0.00014513
0.000145107
0.000145084
0.000145061
0.000145039
0.000145016
0.000144993
0.00014497
0.000144947
0.000144925
0.000144902
0.000144879
0.000144856
0.000144833
0.000144811
0.000144788
0.000144765
0.000144742
0.00014472
0.000144697
0.000144674
0.000144651
0.000144629
0.000144606
0.000144583
0.000144561
0.000144538
0.000144515
0.000144492
0.00014447
0.000144447
0.000144424
0.000144402
0.000144379
0.000144356
0.000144334
0.000144311
0.000144288
0.000144266
0.000144243
0.000144221
0.000144198
0.000144175
0.000144153
0.00014413
0.000144108
0.000144085
0.000144062
0.00014404
0.000144017
0.000143995
0.000143972
0.000143949
0.000143927
0.000143904
0.000143882
0.000143859
0.000143837
0.000143814
0.000143792
0.000143769
0.000143747
0.000143724
0.000143702
0.000143679
0.000143657
0.000143634
0.000143612
0.000143589
0.000143567
0.000143544
0.000143522
0.000143499
0.000143477
0.000143454
0.000143432
0.000143409
0.000143387
0.000143365
0.000143342
0.00014332
0.000143297
0.000143275
0.000143253
0.00014323
0.000143208
0.000143185
0.000143163
0.000143141
0.000143118
0.000143096
0.000143074
0.000143051
0.000143029
0.000143007
0.000142984
0.000142962
0.00014294
0.000142917
0.000142895
0.000142873
0.00014285
0.000142828
0.000142806
0.000142783
0.000142761
0.000142739
0.000142717
0.000142694
0.000142672
0.00014265
0.000142628
0.000142605
0.000142583
0.000142561
0.000142539
0.000142516
0.000142494
0.000142472
0.00014245
0.000142428
0.000142405
0.000142383
0.000142361
0.000142339
0.000142317
0.000142294
0.000142272
0.00014225
0.000142228
0.000142206
0.000142184
0.000142162
0.000142139
0.000142117
0.000142095
0.000142073
0.000142051
0.000142029
0.000142007
0.000141985
0.000141962
0.00014194
0.000141918
0.000141896
0.000141874
0.000141852
0.00014183
0.000141808
0.000141786
0.000141764
0.000141742
0.00014172
0.000141698
0.000141676
0.000141654
0.000141632
0.00014161
0.000141588
0.000141566
0.000141544
0.000141522
0.0001415
0.000141478
0.000141456
0.000141434
0.000141412
0.00014139
0.000141368
0.000141346
0.000141324
0.000141302
0.00014128
0.000141258
0.000141236
0.000141214
0.000141193
0.000141171
0.000141149
0.000141127
0.000141105
0.000141083
0.000141061
0.000141039
0.000141017
0.000140996
0.000140974
0.000140952
0.00014093
0.000140908
0.000140886
0.000140865
0.000140843
0.000140821
0.000140799
0.000140777
0.000140755
0.000140734
0.000140712
0.00014069
0.000140668
0.000140647
0.000140625
0.000140603
0.000140581
0.000140559
0.000140538
0.000140516
0.000140494
0.000140473
0.000140451
0.000140429
0.000140407
0.000140386
0.000140364
0.000140342
0.00014032
0.000140299
0.000140277
0.000140255
0.000140234
0.000140212
0.00014019
0.000140169
0.000140147
0.000140125
0.000140104
0.000140082
0.00014006
0.000140039
0.000140017
0.000139996
0.000139974
0.000139952
0.000139931
0.000139909
0.000139888
0.000139866
0.000139844
0.000139823
0.000139801
0.00013978
0.000139758
0.000139737
0.000139715
0.000139693
0.000139672
0.00013965
0.000139629
0.000139607
0.000139586
0.000139564
0.000139543
0.000139521
0.0001395
0.000139478
0.000139457
0.000139435
0.000139414
0.000139392
0.000139371
0.000139349
0.000139328
0.000139306
0.000139285
0.000139263
0.000139242
0.000139221
0.000139199
0.000139178
0.000139156
0.000139135
0.000139113
0.000139092
0.000139071
0.000139049
0.000139028
0.000139006
0.000138985
0.000138964
0.000138942
0.000138921
0.0001389
0.000138878
0.000138857
0.000138836
0.000138814
0.000138793
0.000138772
0.00013875
0.000138729
0.000138708
0.000138686
0.000138665
0.000138644
0.000138622
0.000138601
0.00013858
0.000138558
0.000138537
0.000138516
0.000138495
0.000138473
0.000138452
0.000138431
0.00013841
0.000138388
0.000138367
0.000138346
0.000138325
0.000138303
0.000138282
0.000138261
0.00013824
0.000138219
0.000138197
0.000138176
0.000138155
0.000138134
0.000138113
0.000138092
0.00013807
0.000138049
0.000138028
0.000138007
0.000137986
0.000137965
0.000137944
0.000137922
0.000137901
0.00013788
0.000137859
0.000137838
0.000137817
0.000137796
0.000137775
0.000137754
0.000137732
0.000137711
0.00013769
0.000137669
0.000137648
0.000137627
0.000137606
0.000137585
0.000137564
0.000137543
0.000137522
0.000137501
0.00013748
0.000137459
0.000137438
0.000137417
0.000137396
0.000137375
0.000137354
0.000137333
0.000137312
0.000137291
0.00013727
0.000137249
0.000137228
0.000137207
0.000137186
0.000137165
0.000137144
0.000137123
0.000137102
0.000137081
0.00013706
0.000137039
0.000137019
0.000136998
0.000136977
0.000136956
0.000136935
0.000136914
0.000136893
0.000136872
0.000136851
0.000136831
0.00013681
0.000136789
0.000136768
0.000136747
0.000136726
0.000136705
0.000136685
0.000136664
0.000136643
0.000136622
0.000136601
0.000136581
0.00013656
0.000136539
0.000136518
0.000136497
0.000136477
0.000136456
0.000136435
0.000136414
0.000136393
0.000136373
0.000136352
0.000136331
0.00013631
0.00013629
0.000136269
0.000136248
0.000136227
0.000136207
0.000136186
0.000136165
0.000136145
0.000136124
0.000136103
0.000136083
0.000136062
0.000136041
0.000136021
0.000136
0.000135979
0.000135959
0.000135938
0.000135917
0.000135897
0.000135876
0.000135855
0.000135835
0.000135814
0.000135793
0.000135773
0.000135752
0.000135732
0.000135711
0.00013569
0.00013567
0.000135649
0.000135629
0.000135608
0.000135587
0.000135567
0.000135546
0.000135526
0.000135505
0.000135485
0.000135464
0.000135444
0.000135423
0.000135403
0.000135382
0.000135361
0.000135341
0.00013532
0.0001353
0.000135279
0.000135259
0.000135238
0.000135218
0.000135197
0.000135177
0.000135157
0.000135136
0.000135116
0.000135095
0.000135075
0.000135054
0.000135034
0.000135013
0.000134993
0.000134973
0.000134952
0.000134932
0.000134911
0.000134891
0.00013487
0.00013485
0.00013483
0.000134809
0.000134789
0.000134769
0.000134748
0.000134728
0.000134707
0.000134687
0.000134667
0.000134646
0.000134626
0.000134606
0.000134585
0.000134565
0.000134545
0.000134524
0.000134504
0.000134484
0.000134463
0.000134443
0.000134423
0.000134403
0.000134382
0.000134362
0.000134342
0.000134321
0.000134301
0.000134281
0.000134261
0.00013424
0.00013422
0.0001342
0.00013418
0.000134159
0.000134139
0.000134119
0.000134099
0.000134079
0.000134058
0.000134038
0.000134018
0.000133998
0.000133978
0.000133957
0.000133937
0.000133917
0.000133897
0.000133877
0.000133857
0.000133836
0.000133816
0.000133796
0.000133776
0.000133756
0.000133736
0.000133716
0.000133695
0.000133675
0.000133655
0.000133635
0.000133615
0.000133595
0.000133575
0.000133555
0.000133535
0.000133515
0.000133494
0.000133474
0.000133454
0.000133434
0.000133414
0.000133394
0.000133374
0.000133354
0.000133334
0.000133314
0.000133294
0.000133274
0.000133254
0.000133234
0.000133214
0.000133194
0.000133174
0.000133154
0.000133134
0.000133114
0.000133094
0.000133074
0.000133054
0.000133034
0.000133014
0.000132994
0.000132974
0.000132954
0.000132934
0.000132914
0.000132894
0.000132875
0.000132855
0.000132835
0.000132815
0.000132795
0.000132775
0.000132755
0.000132735
0.000132715
0.000132695
0.000132676
0.000132656
0.000132636
0.000132616
0.000132596
0.000132576
0.000132556
0.000132537
0.000132517
0.000132497
0.000132477
0.000132457
0.000132437
0.000132418
0.000132398
0.000132378
0.000132358
0.000132338
0.000132319
0.000132299
0.000132279
0.000132259
0.000132239
0.00013222
0.0001322
0.00013218
0.00013216
0.000132141
0.000132121
0.000132101
0.000132081
0.000132062
0.000132042
0.000132022
0.000132002
0.000131983
0.000131963
0.000131943
0.000131924
0.000131904
0.000131884
0.000131865
0.000131845
0.000131825
0.000131806
0.000131786
0.000131766
0.000131747
0.000131727
0.000131707
0.000131688
0.000131668
0.000131648
0.000131629
0.000131609
0.000131589
0.00013157
0.00013155
0.000131531
0.000131511
0.000131491
0.000131472
0.000131452
0.000131433
0.000131413
0.000131394
0.000131374
0.000131354
0.000131335
0.000131315
0.000131296
0.000131276
0.000131257
0.000131237
0.000131218
0.000131198
0.000131179
0.000131159
0.00013114
0.00013112
0.000131101
0.000131081
0.000131062
0.000131042
0.000131023
0.000131003
0.000130984
0.000130964
0.000130945
0.000130925
0.000130906
0.000130886
0.000130867
0.000130847
0.000130828
0.000130809
0.000130789
0.00013077
0.00013075
0.000130731
0.000130711
0.000130692
0.000130673
0.000130653
0.000130634
0.000130614
0.000130595
0.000130576
0.000130556
0.000130537
0.000130518
0.000130498
0.000130479
0.00013046
0.00013044
0.000130421
0.000130402
0.000130382
0.000130363
0.000130344
0.000130324
0.000130305
0.000130286
0.000130266
0.000130247
0.000130228
0.000130208
0.000130189
0.00013017
0.000130151
0.000130131
0.000130112
0.000130093
0.000130074
0.000130054
0.000130035
0.000130016
0.000129997
0.000129977
0.000129958
0.000129939
0.00012992
0.0001299
0.000129881
0.000129862
0.000129843
0.000129824
0.000129804
0.000129785
0.000129766
0.000129747
0.000129728
0.000129708
0.000129689
0.00012967
0.000129651
0.000129632
0.000129613
0.000129594
0.000129574
0.000129555
0.000129536
0.000129517
0.000129498
0.000129479
0.00012946
0.000129441
0.000129421
0.000129402
0.000129383
0.000129364
0.000129345
0.000129326
0.000129307
0.000129288
0.000129269
0.00012925
0.000129231
0.000129212
0.000129193
0.000129174
0.000129155
0.000129135
0.000129116
0.000129097
0.000129078
0.000129059
0.00012904
0.000129021
0.000129002
0.000128983
0.000128964
0.000128945
0.000128926
0.000128907
0.000128888
0.000128869
0.000128851
0.000128832
0.000128813
0.000128794
0.000128775
0.000128756
0.000128737
0.000128718
0.000128699
0.00012868
0.000128661
0.000128642
0.000128623
0.000128604
0.000128585
0.000128567
0.000128548
0.000128529
0.00012851
0.000128491
0.000128472
0.000128453
0.000128434
0.000128416
0.000128397
0.000128378
0.000128359
0.00012834
0.000128321
0.000128302
0.000128284
0.000128265
0.000128246
0.000128227
0.000128208
0.00012819
0.000128171
0.000128152
0.000128133
0.000128114
0.000128096
0.000128077
0.000128058
0.000128039
0.00012802
0.000128002
0.000127983
0.000127964
0.000127945
0.000127927
0.000127908
0.000127889
0.000127871
0.000127852
0.000127833
0.000127814
0.000127796
0.000127777
0.000127758
0.00012774
0.000127721
0.000127702
0.000127683
0.000127665
0.000127646
0.000127627
0.000127609
0.00012759
0.000127571
0.000127553
0.000127534
0.000127515
0.000127497
0.000127478
0.00012746
0.000127441
0.000127422
0.000127404
0.000127385
0.000127366
0.000127348
0.000127329
0.000127311
0.000127292
0.000127273
0.000127255
0.000127236
0.000127218
0.000127199
0.000127181
0.000127162
0.000127143
0.000127125
0.000127106
0.000127088
0.000127069
0.000127051
0.000127032
0.000127014
0.000126995
0.000126977
0.000126958
0.00012694
0.000126921
0.000126903
0.000126884
0.000126866
0.000126847
0.000126829
0.00012681
0.000126792
0.000126773
0.000126755
0.000126736
0.000126718
0.000126699
0.000126681
0.000126662
0.000126644
0.000126626
0.000126607
0.000126589
0.00012657
0.000126552
0.000126534
0.000126515
0.000126497
0.000126478
0.00012646
0.000126442
0.000126423
0.000126405
0.000126386
0.000126368
0.00012635
0.000126331
0.000126313
0.000126295
0.000126276
0.000126258
0.00012624
0.000126221
0.000126203
0.000126185
0.000126166
0.000126148
0.00012613
0.000126111
0.000126093
0.000126075
0.000126056
0.000126038
0.00012602
0.000126001
0.000125983
0.000125965
0.000125947
0.000125928
0.00012591
0.000125892
0.000125874
0.000125855
0.000125837
0.000125819
0.000125801
0.000125782
0.000125764
0.000125746
0.000125728
0.000125709
0.000125691
0.000125673
0.000125655
0.000125637
0.000125618
0.0001256
0.000125582
0.000125564

