5e-05
5e-05
5e-05
5e-05
5e-05
5e-05
5e-05
5e-05
5e-05
5e-05
5e-05
5e-05
5e-05
5e-05
5e-05
5e-05
5e-05
5e-05
5e-05
5e-05
5e-05
5e-05
5e-05
5e-05
5e-05
5e-05
5e-05
5e-05
5e-05
5e-05
5e-05
5e-05
5e-05
5e-05
5e-05
5e-05
5e-05
5e-05
5e-05
5e-05
5e-05
5e-05
5e-05
5e-05
5e-05
5e-05
5e-05
5e-05
5e-05
5e-05
5e-05
5e-05
5e-05
5e-05
5e-05
5e-05
5e-05
5e-05
5e-05
5e-05
5e-05
5e-05
5e-05
5e-05
5e-05
5e-05
5e-05
5e-05
5e-05
5e-05
5e-05
5e-05
5e-05
5e-05
5e-05
5e-05
5e-05
5e-05
5e-05
5e-05
5e-05
5e-05
5e-05
5e-05
5e-05
5e-05
5e-05
5e-05
5e-05
5e-05
5e-05
5e-05
5e-05
5e-05
5e-05
5e-05
5e-05
5e-05
5e-05
5e-05
5e-05
5e-05
5e-05
5e-05
5e-05
5e-05
5e-05
5e-05
5e-05
5e-05
5e-05
5e-05
5e-05
5e-05
5e-05
5e-05
5e-05
5e-05
5e-05
5e-05
5e-05
5e-05
5e-05
5e-05
5e-05
5e-05
5e-05
5e-05
5e-05
5e-05
5e-05
5e-05
5e-05
5e-05
5e-05
5e-05
5e-05
5e-05
5e-05
5e-05
5e-05
5e-05
5e-05
5e-05
5e-05
5e-05
5e-05
5e-05
5e-05
5e-05
5e-05
5e-05
5e-05
5e-05
5e-05
5e-05
5e-05
5e-05
5e-05
5e-05
5e-05
5e-05
5e-05
5e-05
5e-05
5e-05
5e-05
5e-05
5e-05
5e-05
5e-05
5e-05
5e-05
5e-05
5e-05
5e-05
5e-05
5e-05
5e-05
5e-05
5e-05
5e-05
5e-05
5e-05
5e-05
5e-05
5e-05
5e-05
5e-05
5e-05
5e-05
5e-05
5e-05
5e-05
5e-05
5e-05
5e-05
5e-05
5e-05
5e-05
5e-05
5e-05
5e-05
5e-05
5e-05
5e-05
5e-05
5e-05
5e-05
5e-05
5e-05
5e-05
5e-05
5e-05
5e-05
5e-05
5e-05
5e-05
5e-05
5e-05
5e-05
5e-05
5e-05
5e-05
5e-05
5e-05
5e-05
5e-05
5e-05
5e-05
5e-05
5e-05
5e-05
5e-05
5e-05
5e-05
5e-05
5e-05
5e-05
5e-05
5e-05
5e-05
5e-05
5e-05
5e-05
5e-05
5e-05
5e-05
5e-05
5e-05
5e-05
5e-05
5e-05
5e-05
5e-05
5e-05
5e-05
5e-05
5e-05
5e-05
5e-05
5e-05
5e-05
5e-05
5e-05
5e-05
5e-05
5e-05
5e-05
5e-05
5e-05
5e-05
5e-05
5e-05
5e-05
5e-05
5e-05
5e-05
5e-05
5e-05
5e-05
5e-05
5e-05
5e-05
5e-05
5e-05
5e-05
5e-05
5e-05
5e-05
5e-05
5e-05
5e-05
5e-05
5e-05
5e-05
5e-05
5e-05
5e-05
5e-05
5e-05
5e-05
5e-05
5e-05
5e-05
5e-05
5e-05
5e-05
5e-05
5e-05
5e-05
5e-05
5e-05
5e-05
5e-05
5e-05
5e-05
5e-05
5e-05
5e-05
5e-05
5e-05
5e-05
5e-05
5e-05
5e-05
5e-05
5e-05
5e-05
5e-05
5e-05
5e-05
5e-05
5e-05
5e-05
5e-05
5e-05
5e-05
5e-05
5e-05
5e-05
5e-05
5e-05
5e-05
5e-05
5e-05
5e-05
5e-05
5e-05
5e-05
5e-05
5e-05
5e-05
5e-05
5e-05
5e-05
5e-05
5e-05
5e-05
5e-05
5e-05
5e-05
5e-05
5e-05
5e-05
5e-05
5e-05
5e-05
5e-05
5e-05
5e-05
5e-05
5e-05
5e-05
5e-05
5e-05
5e-05
5e-05
5e-05
5e-05
5e-05
5e-05
5e-05
5e-05
5e-05
5e-05
5e-05
5e-05
5e-05
5e-05
5e-05
5e-05
5e-05
5e-05
5e-05
5e-05
5e-05
5e-05
5e-05
5e-05
5e-05
5e-05
5e-05
5e-05
5e-05
5e-05
5e-05
5e-05
5e-05
5e-05
5e-05
5e-05
5e-05
5e-05
5e-05
5e-05
5e-05
5e-05
5e-05
5e-05
5e-05
5e-05
5e-05
5e-05
5e-05
5e-05
5e-05
5e-05
5e-05
5e-05
5e-05
5e-05
5e-05
5e-05
5e-05
5e-05
5e-05
5e-05
5e-05
5e-05
5e-05
5e-05
5e-05
5e-05
5e-05
5e-05
5e-05
5e-05
5e-05
5e-05
5e-05
5e-05
5e-05
5e-05
5e-05
5e-05
5e-05
5e-05
5e-05
5e-05
5e-05
5e-05
5e-05
5e-05
5e-05
5e-05
5e-05
5e-05
5e-05
5e-05
5e-05
5e-05
5e-05
5e-05
5e-05
5e-05
5e-05
5e-05
5e-05
5e-05
5e-05
5e-05
5e-05
5e-05
5e-05
5e-05
5e-05
5e-05
5e-05
5e-05
5e-05
5e-05
5e-05
5e-05
5e-05
5e-05
5e-05
5e-05
5e-05
5e-05
5e-05
5e-05
5e-05
5e-05
5e-05
5e-05
5e-05
5e-05
5e-05
5e-05
5e-05
5e-05
5e-05
5e-05
5e-05
5e-05
5e-05
5e-05
5e-05
5e-05
5e-05
5e-05
5e-05
5e-05
5e-05
5e-05
5e-05
5e-05
5e-05
5e-05
5e-05
5e-05
5e-05
5e-05
5e-05
5e-05
5e-05
5e-05
5e-05
5e-05
5e-05
5e-05
5e-05
5e-05
5e-05
5e-05
5e-05
5e-05
5e-05
5e-05
5e-05
5e-05
5e-05
5e-05
5e-05
5e-05
5e-05
5e-05
5e-05
5e-05
5e-05
5e-05
5e-05
5e-05
5e-05
5e-05
5e-05
5e-05
5e-05
5e-05
5e-05
5e-05
5e-05
5e-05
5e-05
5e-05
5e-05
5e-05
5e-05
5e-05
5e-05
5e-05
5e-05
5e-05
5e-05
5e-05
5e-05
5e-05
5e-05
5e-05
5e-05
5e-05
5e-05
5e-05
5e-05
5e-05
5e-05
5e-05
5e-05
5e-05
5e-05
5e-05
5e-05
5e-05
5e-05
5e-05
5e-05
5e-05
5e-05
5e-05
5e-05
5e-05
5e-05
5e-05
5e-05
5e-05
5e-05
5e-05
5e-05
5e-05
5e-05
5e-05
5e-05
5e-05
5e-05
5e-05
5e-05
5e-05
5e-05
5e-05
5e-05
5e-05
5e-05
5e-05
5e-05
5e-05
5e-05
5e-05
5e-05
5e-05
5e-05
5e-05
5e-05
5e-05
5e-05
5e-05
5e-05
5e-05
5e-05
5e-05
5e-05
5e-05
5e-05
5e-05
5e-05
5e-05
5e-05
5e-05
5e-05
5e-05
5e-05
5e-05
5e-05
5e-05
5e-05
5e-05
5e-05
5e-05
5e-05
5e-05
5e-05
5e-05
5e-05
5e-05
5e-05
5e-05
5e-05
5e-05
5e-05
5e-05
5e-05
5e-05
5e-05
5e-05
5e-05
5e-05
5e-05
5e-05
5e-05
5e-05
5e-05
5e-05
5e-05
5e-05
5e-05
5e-05
5e-05
5e-05
5e-05
5e-05
5e-05
5e-05
5e-05
5e-05
5e-05
5e-05
5e-05
5e-05
5e-05
5e-05
5e-05
5e-05
5e-05
5e-05
5e-05
5e-05
5e-05
5e-05
5e-05
5e-05
5e-05
5e-05
5e-05
5e-05
5e-05
5e-05
5e-05
5e-05
5e-05
5e-05
5e-05
5e-05
5e-05
5e-05
5e-05
5e-05
5e-05
5e-05
5e-05
5e-05
5e-05
5e-05
5e-05
5e-05
5e-05
5e-05
5e-05
5e-05
5e-05
5e-05
5e-05
5e-05
5e-05
5e-05
5e-05
5e-05
5e-05
5e-05
5e-05
5e-05
5e-05
5e-05
5e-05
5e-05
5e-05
5e-05
5e-05
5e-05
5e-05
5e-05
5e-05
5e-05
5e-05
5e-05
5e-05
5e-05
5e-05
5e-05
5e-05
5e-05
5e-05
5e-05
5e-05
5e-05
5e-05
5e-05
5e-05
5e-05
5e-05
5e-05
5e-05
5e-05
5e-05
5e-05
5e-05
5e-05
5e-05
5e-05
5e-05
5e-05
5e-05
5.00003e-05
5.00012e-05
5.00034e-05
5.00075e-05
5.00139e-05
5.00233e-05
5.00361e-05
5.00528e-05
5.00739e-05
5.00995e-05
5.013e-05
5.01655e-05
5.02062e-05
5.02521e-05
5.03031e-05
5.03593e-05
5.04206e-05
5.04868e-05
5.05578e-05
5.06334e-05
5.07134e-05
5.07976e-05
5.08857e-05
5.09775e-05
5.10728e-05
5.11713e-05
5.12727e-05
5.13769e-05
5.14835e-05
5.15924e-05
5.17033e-05
5.1816e-05
5.19303e-05
5.2046e-05
5.21628e-05
5.22808e-05
5.23995e-05
5.2519e-05
5.26391e-05
5.27595e-05
5.28803e-05
5.30013e-05
5.31224e-05
5.32434e-05
5.33644e-05
5.34852e-05
5.36058e-05
5.37261e-05
5.3846e-05
5.39656e-05
5.40848e-05
5.42035e-05
5.43218e-05
5.44395e-05
5.45568e-05
5.46735e-05
5.47898e-05
5.49055e-05
5.50207e-05
5.51354e-05
5.52496e-05
5.53633e-05
5.54765e-05
5.55893e-05
5.57016e-05
5.58136e-05
5.59251e-05
5.60363e-05
5.61471e-05
5.62576e-05
5.63677e-05
5.64777e-05
5.65873e-05
5.66968e-05
5.6806e-05
5.69151e-05
5.70241e-05
5.7133e-05
5.72417e-05
5.73504e-05
5.74589e-05
5.75666e-05
5.7673e-05
5.77777e-05
5.788e-05
5.79794e-05
5.80754e-05
5.81675e-05
5.82553e-05
5.83385e-05
5.84169e-05
5.84903e-05
5.85586e-05
5.86216e-05
5.86795e-05
5.87321e-05
5.87797e-05
5.88224e-05
5.88602e-05
5.88935e-05
5.89224e-05
5.8947e-05
5.89678e-05
5.89848e-05
5.89985e-05
5.90089e-05
5.90165e-05
5.90214e-05
5.90239e-05
5.90242e-05
5.90227e-05
5.90195e-05
5.90149e-05
5.9009e-05
5.90022e-05
5.89945e-05
5.89862e-05
5.89774e-05
5.89684e-05
5.89592e-05
5.89501e-05
5.89411e-05
5.89323e-05
5.89239e-05
5.89161e-05
5.89088e-05
5.89021e-05
5.88962e-05
5.88911e-05
5.88868e-05
5.88834e-05
5.8881e-05
5.88796e-05
5.88792e-05
5.88799e-05
5.88817e-05
5.88845e-05
5.88884e-05
5.88934e-05
5.88996e-05
5.89068e-05
5.89152e-05
5.89246e-05
5.89352e-05
5.89468e-05
5.89595e-05
5.89732e-05
5.8988e-05
5.90037e-05
5.90204e-05
5.90382e-05
5.90568e-05
5.90764e-05
5.90968e-05
5.91181e-05
5.91403e-05
5.91632e-05
5.9187e-05
5.92115e-05
5.92367e-05
5.92626e-05
5.92893e-05
5.93165e-05
5.93444e-05
5.93729e-05
5.94019e-05
5.94315e-05
5.94616e-05
5.94922e-05
5.95233e-05
5.95548e-05
5.95867e-05
5.96191e-05
5.96518e-05
5.96848e-05
5.97182e-05
5.97519e-05
5.97859e-05
5.98201e-05
5.98546e-05
5.98893e-05
5.99243e-05
5.99594e-05
5.99947e-05
6.00301e-05
6.00658e-05
6.01015e-05
6.01373e-05
6.01733e-05
6.02093e-05
6.02454e-05
6.02816e-05
6.03178e-05
6.0354e-05
6.03902e-05
6.04265e-05
6.04628e-05
6.0499e-05
6.05352e-05
6.05714e-05
6.06076e-05
6.06437e-05
6.06798e-05
6.07157e-05
6.07517e-05
6.07875e-05
6.08232e-05
6.08589e-05
6.08944e-05
6.09299e-05
6.09652e-05
6.10004e-05
6.10355e-05
6.10705e-05
6.11053e-05
6.114e-05
6.11746e-05
6.1209e-05
6.12432e-05
6.12773e-05
6.13113e-05
6.13451e-05
6.13787e-05
6.14121e-05
6.14454e-05
6.14785e-05
6.15115e-05
6.15443e-05
6.15769e-05
6.16093e-05
6.16415e-05
6.16736e-05
6.17054e-05
6.17371e-05
6.17686e-05
6.17999e-05
6.18311e-05
6.1862e-05
6.18927e-05
6.19233e-05
6.19536e-05
6.19838e-05
6.20138e-05
6.20436e-05
6.20731e-05
6.21025e-05
6.21317e-05
6.21607e-05
6.21896e-05
6.22182e-05
6.22466e-05
6.22748e-05
6.23029e-05
6.23307e-05
6.23583e-05
6.23858e-05
6.24131e-05
6.24401e-05
6.2467e-05
6.24937e-05
6.25202e-05
6.25465e-05
6.25726e-05
6.25985e-05
6.26243e-05
6.26498e-05
6.26752e-05
6.27003e-05
6.27253e-05
6.27501e-05
6.27748e-05
6.27992e-05
6.28234e-05
6.28475e-05
6.28714e-05
6.28951e-05
6.29186e-05
6.2942e-05
6.29652e-05
6.29882e-05
6.3011e-05
6.30336e-05
6.30561e-05
6.30784e-05
6.31005e-05
6.31225e-05
6.31443e-05
6.31659e-05
6.31873e-05
6.32086e-05
6.32297e-05
6.32507e-05
6.32715e-05
6.32921e-05
6.33126e-05
6.33329e-05
6.3353e-05
6.3373e-05
6.33928e-05
6.34125e-05
6.3432e-05
6.34513e-05
6.34705e-05
6.34896e-05
6.35085e-05
6.35272e-05
6.35458e-05
6.35643e-05
6.35826e-05
6.36007e-05
6.36187e-05
6.36366e-05
6.36543e-05
6.36719e-05
6.36893e-05
6.37066e-05
6.37237e-05
6.37408e-05
6.37576e-05
6.37744e-05
6.3791e-05
6.38074e-05
6.38238e-05
6.384e-05
6.3856e-05
6.3872e-05
6.38878e-05
6.39034e-05
6.3919e-05
6.39344e-05
6.39497e-05
6.39649e-05
6.39799e-05
6.39948e-05
6.40096e-05
6.40243e-05
6.40389e-05
6.40533e-05
6.40676e-05
6.40818e-05
6.40959e-05
6.41098e-05
6.41237e-05
6.41374e-05
6.4151e-05
6.41645e-05
6.41779e-05
6.41912e-05
6.42044e-05
6.42175e-05
6.42304e-05
6.42432e-05
6.4256e-05
6.42686e-05
6.42811e-05
6.42936e-05
6.43059e-05
6.43181e-05
6.43302e-05
6.43422e-05
6.43541e-05
6.43659e-05
6.43777e-05
6.43893e-05
6.44008e-05
6.44122e-05
6.44235e-05
6.44348e-05
6.44459e-05
6.44569e-05
6.44679e-05
6.44787e-05
6.44895e-05
6.45002e-05
6.45107e-05
6.45212e-05
6.45316e-05
6.4542e-05
6.45522e-05
6.45623e-05
6.45724e-05
6.45824e-05
6.45922e-05
6.4602e-05
6.46118e-05
6.46214e-05
6.4631e-05
6.46404e-05
6.46498e-05
6.46591e-05
6.46684e-05
6.46775e-05
6.46866e-05
6.46956e-05
6.47045e-05
6.47134e-05
6.47221e-05
6.47308e-05
6.47395e-05
6.4748e-05
6.47565e-05
6.47649e-05
6.47732e-05
6.47815e-05
6.47897e-05
6.47978e-05
6.48058e-05
6.48138e-05
6.48217e-05
6.48296e-05
6.48373e-05
6.4845e-05
6.48527e-05
6.48603e-05
6.48678e-05
6.48752e-05
6.48826e-05
6.48899e-05
6.48972e-05
6.49044e-05
6.49115e-05
6.49186e-05
6.49256e-05
6.49325e-05
6.49394e-05
6.49462e-05
6.4953e-05
6.49597e-05
6.49664e-05
6.49729e-05
6.49795e-05
6.4986e-05
6.49924e-05
6.49988e-05
6.50051e-05
6.50113e-05
6.50175e-05
6.50237e-05
6.50298e-05
6.50358e-05
6.50418e-05
6.50477e-05
6.50536e-05
6.50595e-05
6.50652e-05
6.5071e-05
6.50766e-05
6.50823e-05
6.50879e-05
6.50934e-05
6.50989e-05
6.51043e-05
6.51097e-05
6.5115e-05
6.51203e-05
6.51256e-05
6.51308e-05
6.5136e-05
6.51411e-05
6.51461e-05
6.51512e-05
6.51561e-05
6.51611e-05
6.5166e-05
6.51708e-05
6.51756e-05
6.51804e-05
6.51851e-05
6.51898e-05
6.51944e-05
6.5199e-05
6.52035e-05
6.52081e-05
6.52125e-05
6.5217e-05
6.52214e-05
6.52257e-05
6.523e-05
6.52343e-05
6.52386e-05
6.52428e-05
6.52469e-05
6.5251e-05
6.52551e-05
6.52592e-05
6.52632e-05
6.52672e-05
6.52711e-05
6.5275e-05
6.52789e-05
6.52828e-05
6.52866e-05
6.52903e-05
6.52941e-05
6.52978e-05
6.53015e-05
6.53051e-05
6.53087e-05
6.53123e-05
6.53158e-05
6.53193e-05
6.53228e-05
6.53263e-05
6.53297e-05
6.53331e-05
6.53364e-05
6.53397e-05
6.5343e-05
6.53463e-05
6.53495e-05
6.53527e-05
6.53559e-05
6.5359e-05
6.53622e-05
6.53652e-05
6.53683e-05
6.53713e-05
6.53743e-05
6.53773e-05
6.53803e-05
6.53832e-05
6.53861e-05
6.5389e-05
6.53918e-05
6.53946e-05
6.53974e-05
6.54002e-05
6.54029e-05
6.54056e-05
6.54083e-05
6.5411e-05
6.54136e-05
6.54162e-05
6.54188e-05
6.54214e-05
6.5424e-05
6.54265e-05
6.5429e-05
6.54314e-05
6.54339e-05
6.54363e-05
6.54387e-05
6.54411e-05
6.54435e-05
6.54458e-05
6.54481e-05
6.54504e-05
6.54527e-05
6.54549e-05
6.54572e-05
6.54594e-05
6.54616e-05
6.54637e-05
6.54659e-05
6.5468e-05
6.54701e-05
6.54722e-05
6.54743e-05
6.54763e-05
6.54784e-05
6.54804e-05
6.54824e-05
6.54843e-05
6.54863e-05
6.54882e-05
6.54901e-05
6.5492e-05
6.54939e-05
6.54958e-05
6.54976e-05
6.54994e-05
6.55013e-05
6.5503e-05
6.55048e-05
6.55066e-05
6.55083e-05
6.551e-05
6.55117e-05
6.55134e-05
6.55151e-05
6.55168e-05
6.55184e-05
6.552e-05
6.55216e-05
6.55232e-05
6.55248e-05
6.55264e-05
6.55279e-05
6.55294e-05
6.5531e-05
6.55325e-05
6.55339e-05
6.55354e-05
6.55369e-05
6.55383e-05
6.55397e-05
6.55412e-05
6.55426e-05
6.55439e-05
6.55453e-05
6.55467e-05
6.5548e-05
6.55494e-05
6.55507e-05
6.5552e-05
6.55533e-05
6.55545e-05
6.55558e-05
6.55571e-05
6.55583e-05
6.55595e-05
6.55607e-05
6.55619e-05
6.55631e-05
6.55643e-05
6.55655e-05
6.55666e-05
6.55678e-05
6.55689e-05
6.557e-05
6.55711e-05
6.55722e-05
6.55733e-05
6.55744e-05
6.55754e-05
6.55765e-05
6.55775e-05
6.55786e-05
6.55796e-05
6.55806e-05
6.55816e-05
6.55826e-05
6.55835e-05
6.55845e-05
6.55855e-05
6.55864e-05
6.55873e-05
6.55883e-05
6.55892e-05
6.55901e-05
6.5591e-05
6.55919e-05
6.55927e-05
6.55936e-05
6.55945e-05
6.55953e-05
6.55961e-05
6.5597e-05
6.55978e-05
6.55986e-05
6.55994e-05
6.56002e-05
6.5601e-05
6.56017e-05
6.56025e-05
6.56033e-05
6.5604e-05
6.56048e-05
6.56055e-05
6.56062e-05
6.56069e-05
6.56076e-05
6.56083e-05
6.5609e-05
6.56097e-05
6.56104e-05
6.56111e-05
6.56117e-05
6.56124e-05
6.5613e-05
6.56136e-05
6.56143e-05
6.56149e-05
6.56155e-05
6.56161e-05
6.56167e-05
6.56173e-05
6.56179e-05
6.56185e-05
6.5619e-05
6.56196e-05
6.56202e-05
6.56207e-05
6.56213e-05
6.56218e-05
6.56223e-05
6.56228e-05
6.56234e-05
6.56239e-05
6.56244e-05
6.56249e-05
6.56254e-05
6.56258e-05
6.56263e-05
6.56268e-05
6.56273e-05
6.56277e-05
6.56282e-05
6.56286e-05
6.56291e-05
6.56295e-05
6.56299e-05
6.56304e-05
6.56308e-05
6.56312e-05
6.56316e-05
6.5632e-05
6.56324e-05
6.56328e-05
6.56332e-05
6.56336e-05
6.56339e-05
6.56343e-05
6.56347e-05
6.5635e-05
6.56354e-05
6.56357e-05
6.56361e-05
6.56364e-05
6.56367e-05
6.56371e-05
6.56374e-05
6.56377e-05
6.5638e-05
6.56383e-05
6.56386e-05
6.56389e-05
6.56392e-05
6.56395e-05
6.56398e-05
6.56401e-05
6.56404e-05
6.56407e-05
6.56409e-05
6.56412e-05
6.56414e-05
6.56417e-05
6.56419e-05
6.56422e-05
6.56424e-05
6.56427e-05
6.56429e-05
6.56431e-05
6.56434e-05
6.56436e-05
6.56438e-05
6.5644e-05
6.56442e-05
6.56444e-05
6.56446e-05
6.56448e-05
6.5645e-05
6.56452e-05
6.56454e-05
6.56456e-05
6.56458e-05
6.56459e-05
6.56461e-05
6.56463e-05
6.56465e-05
6.56466e-05
6.56468e-05
6.56469e-05
6.56471e-05
6.56472e-05
6.56474e-05
6.56475e-05
6.56476e-05
6.56478e-05
6.56479e-05
6.5648e-05
6.56482e-05
6.56483e-05
6.56484e-05
6.56485e-05
6.56486e-05
6.56487e-05
6.56489e-05
6.5649e-05
6.56491e-05
6.56492e-05
6.56492e-05
6.56493e-05
6.56494e-05
6.56495e-05
6.56496e-05
6.56497e-05
6.56497e-05
6.56498e-05
6.56499e-05
6.565e-05
6.565e-05
6.56501e-05
6.56502e-05
6.56502e-05
6.56503e-05
6.56503e-05
6.56504e-05
6.56504e-05
6.56505e-05
6.56505e-05
6.56505e-05
6.56506e-05
6.56506e-05
6.56507e-05
6.56507e-05
6.56507e-05
6.56507e-05
6.56508e-05
6.56508e-05
6.56508e-05
6.56508e-05
6.56508e-05
6.56508e-05
6.56509e-05
6.56509e-05
6.56509e-05
6.56509e-05
6.56509e-05
6.56509e-05
6.56509e-05
6.56509e-05
6.56509e-05
6.56508e-05
6.56508e-05
6.56508e-05
6.56508e-05
6.56508e-05
6.56508e-05
6.56507e-05
6.56507e-05
6.56507e-05
6.56507e-05
6.56506e-05
6.56506e-05
6.56506e-05
6.56505e-05
6.56505e-05
6.56505e-05
6.56504e-05
6.56504e-05
6.56503e-05
6.56503e-05
6.56502e-05
6.56502e-05
6.56502e-05
6.56501e-05
6.565e-05
6.565e-05
6.56499e-05
6.56499e-05
6.56498e-05
6.56497e-05
6.56497e-05
6.56496e-05
6.56496e-05
6.56495e-05
6.56494e-05
6.56493e-05
6.56493e-05
6.56492e-05
6.56491e-05
6.5649e-05
6.5649e-05
6.56489e-05
6.56488e-05
6.56487e-05
6.56486e-05
6.56485e-05
6.56485e-05
6.56484e-05
6.56483e-05
6.56482e-05
6.56481e-05
6.5648e-05
6.56479e-05
6.56478e-05
6.56477e-05
6.56476e-05
6.56475e-05
6.56474e-05
6.56473e-05
6.56472e-05
6.56471e-05
6.5647e-05
6.56469e-05
6.56468e-05
6.56467e-05
6.56466e-05
6.56464e-05
6.56463e-05
6.56462e-05
6.56461e-05
6.5646e-05
6.56459e-05
6.56457e-05
6.56456e-05
6.56455e-05
6.56454e-05
6.56452e-05
6.56451e-05
6.5645e-05
6.56449e-05
6.56447e-05
6.56446e-05
6.56445e-05
6.56444e-05
6.56442e-05
6.56441e-05
6.5644e-05
6.56438e-05
6.56437e-05
6.56435e-05
6.56434e-05
6.56433e-05
6.56431e-05
6.5643e-05
6.56428e-05
6.56427e-05
6.56426e-05
6.56424e-05
6.56423e-05
6.56421e-05
6.5642e-05
6.56418e-05
6.56417e-05
6.56415e-05
6.56414e-05
6.56412e-05
6.56411e-05
6.56409e-05
6.56408e-05
6.56406e-05
6.56405e-05
6.56403e-05
6.56401e-05
6.564e-05
6.56398e-05
6.56397e-05
6.56395e-05
6.56393e-05
6.56392e-05
6.5639e-05
6.56389e-05
6.56387e-05
6.56385e-05
6.56384e-05
6.56382e-05
6.5638e-05
6.56379e-05
6.56377e-05
6.56375e-05
6.56374e-05
6.56372e-05
6.5637e-05
6.56368e-05
6.56367e-05
6.56365e-05
6.56363e-05
6.56361e-05
6.5636e-05
6.56358e-05
6.56356e-05
6.56354e-05
6.56353e-05
6.56351e-05
6.56349e-05
6.56347e-05
6.56345e-05
6.56344e-05
6.56342e-05
6.5634e-05
6.56338e-05
6.56336e-05
6.56335e-05
6.56333e-05
6.56331e-05
6.56329e-05
6.56327e-05
6.56325e-05
6.56323e-05
6.56322e-05
6.5632e-05
6.56318e-05
6.56316e-05
6.56314e-05
6.56312e-05
6.5631e-05
6.56308e-05
6.56306e-05
6.56305e-05
6.56303e-05
6.56301e-05
6.56299e-05
6.56297e-05
6.56295e-05
6.56293e-05
6.56291e-05
6.56289e-05
6.56287e-05
6.56285e-05
6.56283e-05
6.56281e-05
6.56279e-05
6.56277e-05
6.56275e-05
6.56273e-05
6.56271e-05
6.56269e-05
6.56267e-05
6.56265e-05
6.56263e-05
6.56261e-05
6.56259e-05
6.56257e-05
6.56255e-05
6.56253e-05
6.56251e-05
6.56249e-05
6.56247e-05
6.56245e-05
6.56243e-05
6.56241e-05
6.56239e-05
6.56237e-05
6.56235e-05
6.56233e-05
6.5623e-05
6.56228e-05
6.56226e-05
6.56224e-05
6.56222e-05
6.5622e-05
6.56218e-05
6.56216e-05
6.56214e-05
6.56212e-05
6.5621e-05
6.56207e-05
6.56205e-05
6.56203e-05
6.56201e-05
6.56199e-05
6.56197e-05
6.56195e-05
6.56193e-05
6.5619e-05
6.56188e-05
6.56186e-05
6.56184e-05
6.56182e-05
6.5618e-05
6.56178e-05
6.56175e-05
6.56173e-05
6.56171e-05
6.56169e-05
6.56167e-05
6.56165e-05
6.56162e-05
6.5616e-05
6.56158e-05
6.56156e-05
6.56154e-05
6.56152e-05
6.56149e-05
6.56147e-05
6.56145e-05
6.56143e-05
6.56141e-05
6.56138e-05
6.56136e-05
6.56134e-05
6.56132e-05
6.5613e-05
6.56127e-05
6.56125e-05
6.56123e-05
6.56121e-05
6.56118e-05
6.56116e-05
6.56114e-05
6.56112e-05
6.5611e-05
6.56107e-05
6.56105e-05
6.56103e-05
6.56101e-05
6.56098e-05
6.56096e-05
6.56094e-05
6.56092e-05
6.56089e-05
6.56087e-05
6.56085e-05
6.56083e-05
6.5608e-05
6.56078e-05
6.56076e-05
6.56074e-05
6.56071e-05
6.56069e-05
6.56067e-05
6.56064e-05
6.56062e-05
6.5606e-05
6.56058e-05
6.56055e-05
6.56053e-05
6.56051e-05
6.56048e-05
6.56046e-05
6.56044e-05
6.56042e-05
6.56039e-05
6.56037e-05
6.56035e-05
6.56032e-05
6.5603e-05
6.56028e-05
6.56026e-05
6.56023e-05
6.56021e-05
6.56019e-05
6.56016e-05
6.56014e-05
6.56012e-05
6.56009e-05
6.56007e-05
6.56005e-05
6.56002e-05
6.56e-05
6.55998e-05
6.55995e-05
6.55993e-05
6.55991e-05
6.55989e-05
6.55986e-05
6.55984e-05
6.55982e-05
6.55979e-05
6.55977e-05
6.55975e-05
6.55972e-05
6.5597e-05
6.55968e-05
6.55965e-05
6.55963e-05
6.55961e-05
6.55958e-05
6.55956e-05
6.55953e-05
6.55951e-05
6.55949e-05
6.55946e-05
6.55944e-05
6.55942e-05
6.55939e-05
6.55937e-05
6.55935e-05
6.55932e-05
6.5593e-05
6.55928e-05
6.55925e-05
6.55923e-05
6.55921e-05
6.55918e-05
6.55916e-05
6.55913e-05
6.55911e-05
6.55909e-05
6.55906e-05
6.55904e-05
6.55902e-05
6.55899e-05
6.55897e-05
6.55895e-05
6.55892e-05
6.5589e-05
6.55887e-05
6.55885e-05
6.55883e-05
6.5588e-05
6.55878e-05
6.55876e-05
6.55873e-05
6.55871e-05
6.55868e-05
6.55866e-05
6.55864e-05
6.55861e-05
6.55859e-05
6.55856e-05
6.55854e-05
6.55852e-05
6.55849e-05
6.55847e-05
6.55845e-05
6.55842e-05
6.5584e-05
6.55837e-05
6.55835e-05
6.55833e-05
6.5583e-05
6.55828e-05
6.55825e-05
6.55823e-05
6.55821e-05
6.55818e-05
6.55816e-05
6.55813e-05
6.55811e-05
6.55809e-05
6.55806e-05
6.55804e-05
6.55801e-05
6.55799e-05
6.55797e-05
6.55794e-05
6.55792e-05
6.55789e-05
6.55787e-05
6.55785e-05
6.55782e-05
6.5578e-05
6.55777e-05
6.55775e-05
6.55772e-05
6.5577e-05
6.55768e-05
6.55765e-05
6.55763e-05
6.5576e-05
6.55758e-05
6.55756e-05
6.55753e-05
6.55751e-05
6.55748e-05
6.55746e-05
6.55743e-05
6.55741e-05
6.55739e-05
6.55736e-05
6.55734e-05
6.55731e-05
6.55729e-05
6.55727e-05
6.55724e-05
6.55722e-05
6.55719e-05
6.55717e-05
6.55714e-05
6.55712e-05
6.5571e-05
6.55707e-05
6.55705e-05
6.55702e-05
6.557e-05
6.55697e-05
6.55695e-05
6.55693e-05
6.5569e-05
6.55688e-05
6.55685e-05
6.55683e-05
6.5568e-05
6.55678e-05
6.55676e-05
6.55673e-05
6.55671e-05
6.55668e-05
6.55666e-05
6.55663e-05
6.55661e-05
6.55659e-05
6.55656e-05
6.55654e-05
6.55651e-05
6.55649e-05
6.55646e-05
6.55644e-05
6.55641e-05
6.55639e-05
6.55637e-05
6.55634e-05
6.55632e-05
6.55629e-05
6.55627e-05
6.55624e-05
6.55622e-05
6.5562e-05
6.55617e-05
6.55615e-05
6.55612e-05
6.5561e-05
6.55607e-05
6.55605e-05
6.55602e-05
6.556e-05
6.55598e-05
6.55595e-05
6.55593e-05
6.5559e-05
6.55588e-05
6.55585e-05
6.55583e-05
6.5558e-05
6.55578e-05
6.55576e-05
6.55573e-05
6.55571e-05
6.55568e-05
6.55566e-05
6.55563e-05
6.55561e-05
6.55558e-05
6.55556e-05
6.55554e-05
6.55551e-05
6.55549e-05
6.55546e-05
6.55544e-05
6.55541e-05
6.55539e-05
6.55536e-05
6.55534e-05
6.55531e-05
6.55529e-05
6.55527e-05
6.55524e-05
6.55522e-05
6.55519e-05
6.55517e-05
6.55514e-05
6.55512e-05
6.55509e-05
6.55507e-05
6.55504e-05
6.55502e-05
6.555e-05
6.55497e-05
6.55495e-05
6.55492e-05
6.5549e-05
6.55487e-05
6.55485e-05
6.55482e-05
6.5548e-05
6.55477e-05
6.55475e-05
6.55473e-05
6.5547e-05
6.55468e-05
6.55465e-05
6.55463e-05
6.5546e-05
6.55458e-05
6.55455e-05
6.55453e-05
6.5545e-05
6.55448e-05
6.55446e-05
6.55443e-05
6.55441e-05
6.55438e-05
6.55436e-05
6.55433e-05
6.55431e-05
6.55428e-05
6.55426e-05
6.55423e-05
6.55421e-05
6.55419e-05
6.55416e-05
6.55414e-05
6.55411e-05
6.55409e-05
6.55406e-05
6.55404e-05
6.55401e-05
6.55399e-05
6.55396e-05
6.55394e-05
6.55391e-05
6.55389e-05
6.55387e-05
6.55384e-05
6.55382e-05
6.55379e-05
6.55377e-05
6.55374e-05
6.55372e-05
6.55369e-05
6.55367e-05
6.55364e-05
6.55362e-05
6.55359e-05
6.55357e-05
6.55355e-05
6.55352e-05
6.5535e-05
6.55347e-05
6.55345e-05
6.55342e-05
6.5534e-05
6.55337e-05
6.55335e-05
6.55332e-05
6.5533e-05
6.55327e-05
6.55325e-05
6.55322e-05
6.5532e-05
6.55318e-05
6.55315e-05
6.55313e-05
6.5531e-05
6.55308e-05
6.55305e-05
6.55303e-05
6.553e-05
6.55298e-05
6.55295e-05
6.55293e-05
6.5529e-05
6.55288e-05
6.55286e-05
6.55283e-05
6.55281e-05
6.55278e-05
6.55276e-05
6.55273e-05
6.55271e-05
6.55268e-05
6.55266e-05
6.55263e-05
6.55261e-05
6.55258e-05
6.55256e-05
6.55253e-05
6.55251e-05
6.55249e-05
6.55246e-05
6.55244e-05
6.55241e-05
6.55239e-05
6.55236e-05
6.55234e-05
6.55231e-05
6.55229e-05
6.55226e-05
6.55224e-05
6.55221e-05
6.55219e-05
6.55216e-05
6.55214e-05
6.55212e-05
6.55209e-05
6.55207e-05
6.55204e-05
6.55202e-05
6.55199e-05
6.55197e-05
6.55194e-05
6.55192e-05
6.55189e-05
6.55187e-05
6.55184e-05
6.55182e-05
6.55179e-05
6.55177e-05
6.55174e-05
6.55172e-05
6.5517e-05
6.55167e-05
6.55165e-05
6.55162e-05
6.5516e-05
6.55157e-05
6.55155e-05
6.55152e-05
6.5515e-05
6.55147e-05
6.55145e-05
6.55142e-05
6.5514e-05
6.55137e-05
6.55135e-05
6.55133e-05
6.5513e-05
6.55128e-05
6.55125e-05
6.55123e-05
6.5512e-05
6.55118e-05
6.55115e-05
6.55113e-05
6.5511e-05
6.55108e-05
6.55105e-05
6.55103e-05
6.551e-05
6.55098e-05
6.55095e-05
6.55093e-05
6.55091e-05
6.55088e-05
6.55086e-05
6.55083e-05
6.55081e-05
6.55078e-05
6.55076e-05
6.55073e-05
6.55071e-05
6.55068e-05
6.55066e-05
6.55063e-05
6.55061e-05
6.55058e-05
6.55056e-05
6.55054e-05
6.55051e-05
6.55049e-05
6.55046e-05
6.55044e-05
6.55041e-05
6.55039e-05
6.55036e-05
6.55034e-05
6.55031e-05
6.55029e-05
6.55026e-05
6.55024e-05
6.55021e-05
6.55019e-05
6.55016e-05
6.55014e-05
6.55012e-05
6.55009e-05
6.55007e-05
6.55004e-05
6.55002e-05
6.54999e-05
6.54997e-05
6.54994e-05
6.54992e-05
6.54989e-05
6.54987e-05
6.54984e-05
6.54982e-05
6.54979e-05
6.54977e-05
6.54975e-05
6.54972e-05
6.5497e-05
6.54967e-05
6.54965e-05
6.54962e-05
6.5496e-05
6.54957e-05
6.54955e-05
6.54952e-05
6.5495e-05
6.54947e-05
6.54945e-05
6.54942e-05
6.5494e-05
6.54937e-05
6.54935e-05
6.54933e-05
6.5493e-05
6.54928e-05
6.54925e-05
6.54923e-05
6.5492e-05
6.54918e-05
6.54915e-05
6.54913e-05
6.5491e-05
6.54908e-05
6.54905e-05
6.54903e-05
6.549e-05
6.54898e-05
6.54895e-05
6.54893e-05
6.54891e-05
6.54888e-05
6.54886e-05
6.54883e-05
6.54881e-05
6.54878e-05
6.54876e-05
6.54873e-05
6.54871e-05
6.54868e-05
6.54866e-05
6.54863e-05
6.54861e-05
6.54858e-05
6.54856e-05
6.54854e-05
6.54851e-05
6.54849e-05
6.54846e-05
6.54844e-05
6.54841e-05
6.54839e-05
6.54836e-05
6.54834e-05
6.54831e-05
6.54829e-05
6.54826e-05
6.54824e-05
6.54821e-05
6.54819e-05
6.54816e-05
6.54814e-05
6.54812e-05
6.54809e-05
6.54807e-05
6.54804e-05
6.54802e-05
6.54799e-05
6.54797e-05
6.54794e-05
6.54792e-05
6.54789e-05
6.54787e-05
6.54784e-05
6.54782e-05
6.54779e-05
6.54777e-05
6.54775e-05
6.54772e-05
6.5477e-05
6.54767e-05
6.54765e-05
6.54762e-05
6.5476e-05
6.54757e-05
6.54755e-05
6.54752e-05
6.5475e-05
6.54747e-05
6.54745e-05
6.54742e-05
6.5474e-05
6.54738e-05
6.54735e-05
6.54733e-05
6.5473e-05
6.54728e-05
6.54725e-05
6.54723e-05
6.5472e-05
6.54718e-05
6.54715e-05
6.54713e-05
6.5471e-05
6.54708e-05
6.54705e-05
6.54703e-05
6.547e-05
6.54698e-05
6.54696e-05
6.54693e-05
6.54691e-05
6.54688e-05
6.54686e-05
6.54683e-05
6.54681e-05
6.54678e-05
6.54676e-05
6.54673e-05
6.54671e-05
6.54668e-05
6.54666e-05
6.54663e-05
6.54661e-05
6.54659e-05
6.54656e-05
6.54654e-05
6.54651e-05
6.54649e-05
6.54646e-05
6.54644e-05
6.54641e-05
6.54639e-05
6.54636e-05
6.54634e-05
6.54631e-05
6.54629e-05
6.54626e-05
6.54624e-05
6.54622e-05
6.54619e-05
6.54617e-05
6.54614e-05
6.54612e-05
6.54609e-05
6.54607e-05
6.54604e-05
6.54602e-05
6.54599e-05
6.54597e-05
6.54594e-05
6.54592e-05
6.54589e-05
6.54587e-05
6.54585e-05
6.54582e-05
6.5458e-05
6.54577e-05
6.54575e-05
6.54572e-05
6.5457e-05
6.54567e-05
6.54565e-05
6.54562e-05
6.5456e-05
6.54557e-05
6.54555e-05
6.54552e-05
6.5455e-05
6.54548e-05
6.54545e-05
6.54543e-05
6.5454e-05
6.54538e-05
6.54535e-05
6.54533e-05
6.5453e-05
6.54528e-05
6.54525e-05
6.54523e-05
6.5452e-05
6.54518e-05
6.54516e-05
6.54513e-05
6.54511e-05
6.54508e-05
6.54506e-05
6.54503e-05
6.54501e-05
6.54498e-05
6.54496e-05
6.54493e-05
6.54491e-05
6.54488e-05
6.54486e-05
6.54483e-05
6.54481e-05
6.54479e-05
6.54476e-05
6.54474e-05
6.54471e-05
6.54469e-05
6.54466e-05
6.54464e-05
6.54461e-05
6.54459e-05
6.54456e-05
6.54454e-05
6.54451e-05
6.54449e-05
6.54447e-05
6.54444e-05
6.54442e-05
6.54439e-05
6.54437e-05
6.54434e-05
6.54432e-05
6.54429e-05
6.54427e-05
6.54424e-05
6.54422e-05
6.54419e-05
6.54417e-05
6.54414e-05
6.54412e-05
6.5441e-05
6.54407e-05
6.54405e-05
6.54402e-05
6.544e-05
6.54397e-05
6.54395e-05
6.54392e-05
6.5439e-05
6.54387e-05
6.54385e-05
6.54382e-05
6.5438e-05
6.54378e-05
6.54375e-05
6.54373e-05
6.5437e-05
6.54368e-05
6.54365e-05
6.54363e-05
6.5436e-05
6.54358e-05
6.54355e-05
6.54353e-05
6.5435e-05
6.54348e-05
6.54346e-05
6.54343e-05
6.54341e-05
6.54338e-05
6.54336e-05
6.54333e-05
6.54331e-05
6.54328e-05
6.54326e-05
6.54323e-05
6.54321e-05
6.54318e-05
6.54316e-05
6.54314e-05
6.54311e-05
6.54309e-05
6.54306e-05
6.54304e-05
6.54301e-05
6.54299e-05
6.54296e-05
6.54294e-05
6.54291e-05
6.54289e-05
6.54286e-05
6.54284e-05
6.54281e-05
6.54279e-05
6.54277e-05
6.54274e-05
6.54272e-05
6.54269e-05
6.54267e-05
6.54264e-05
6.54262e-05
6.54259e-05
6.54257e-05
6.54254e-05
6.54252e-05
6.5425e-05
6.54247e-05
6.54245e-05
6.54242e-05
6.5424e-05
6.54237e-05
6.54235e-05
6.54232e-05
6.5423e-05
6.54227e-05
6.54225e-05
6.54222e-05
6.5422e-05
6.54218e-05
6.54215e-05
6.54213e-05
6.5421e-05
6.54208e-05
6.54205e-05
6.54203e-05
6.542e-05
6.54198e-05
6.54195e-05
6.54193e-05
6.5419e-05
6.54188e-05
6.54186e-05
6.54183e-05
6.54181e-05
6.54178e-05
6.54176e-05
6.54173e-05
6.54171e-05
6.54168e-05
6.54166e-05
6.54163e-05
6.54161e-05
6.54158e-05
6.54156e-05
6.54154e-05
6.54151e-05
6.54149e-05
6.54146e-05
6.54144e-05
6.54141e-05
6.54139e-05
6.54136e-05
6.54134e-05
6.54131e-05
6.54129e-05
6.54127e-05
6.54124e-05
6.54122e-05
6.54119e-05
6.54117e-05
6.54114e-05
6.54112e-05
6.54109e-05
6.54107e-05
6.54104e-05
6.54102e-05
6.54099e-05
6.54097e-05
6.54095e-05
6.54092e-05
6.5409e-05
6.54087e-05
6.54085e-05
6.54082e-05
6.5408e-05
6.54077e-05
6.54075e-05
6.54072e-05
6.5407e-05
6.54068e-05
6.54065e-05
6.54063e-05
6.5406e-05
6.54058e-05
6.54055e-05
6.54053e-05
6.5405e-05
6.54048e-05
6.54045e-05
6.54043e-05
6.5404e-05
6.54038e-05
6.54036e-05
6.54033e-05
6.54031e-05
6.54028e-05
6.54026e-05
6.54023e-05
6.54021e-05
6.54018e-05
6.54016e-05
6.54013e-05
6.54011e-05
6.54009e-05
6.54006e-05
6.54004e-05
6.54001e-05
6.53999e-05
6.53996e-05
6.53994e-05
6.53991e-05
6.53989e-05
6.53986e-05
6.53984e-05
6.53982e-05
6.53979e-05
6.53977e-05
6.53974e-05
6.53972e-05
6.53969e-05
6.53967e-05
6.53964e-05
6.53962e-05
6.53959e-05
6.53957e-05
6.53954e-05
6.53952e-05
6.5395e-05
6.53947e-05
6.53945e-05
6.53942e-05
6.5394e-05
6.53937e-05
6.53935e-05
6.53932e-05
6.5393e-05
6.53927e-05
6.53925e-05
6.53923e-05
6.5392e-05
6.53918e-05
6.53915e-05
6.53913e-05
6.5391e-05
6.53908e-05
6.53905e-05
6.53903e-05
6.539e-05
6.53898e-05
6.53896e-05
6.53893e-05
6.53891e-05
6.53888e-05
6.53886e-05
6.53883e-05
6.53881e-05
6.53878e-05
6.53876e-05
6.53873e-05
6.53871e-05
6.53869e-05
6.53866e-05
6.53864e-05
6.53861e-05
6.53859e-05
6.53856e-05
6.53854e-05
6.53851e-05
6.53849e-05
6.53846e-05
6.53844e-05
6.53842e-05
6.53839e-05
6.53837e-05
6.53834e-05
6.53832e-05
6.53829e-05
6.53827e-05
6.53824e-05
6.53822e-05
6.53819e-05
6.53817e-05
6.53815e-05
6.53812e-05
6.5381e-05
6.53807e-05
6.53805e-05
6.53802e-05
6.538e-05
6.53797e-05
6.53795e-05
6.53792e-05
6.5379e-05
6.53788e-05
6.53785e-05
6.53783e-05
6.5378e-05
6.53778e-05
6.53775e-05
6.53773e-05
6.5377e-05
6.53768e-05
6.53765e-05
6.53763e-05
6.53761e-05
6.53758e-05
6.53756e-05
6.53753e-05
6.53751e-05
6.53748e-05
6.53746e-05
6.53743e-05
6.53741e-05
6.53739e-05
6.53736e-05
6.53734e-05
6.53731e-05
6.53729e-05
6.53726e-05
6.53724e-05
6.53721e-05
6.53719e-05
6.53716e-05
6.53714e-05
6.53712e-05
6.53709e-05
6.53707e-05
6.53704e-05
6.53702e-05
6.53699e-05
6.53697e-05
6.53694e-05
6.53692e-05
6.53689e-05
6.53687e-05
6.53685e-05
6.53682e-05
6.5368e-05
6.53677e-05
6.53675e-05
6.53672e-05
6.5367e-05
6.53667e-05
6.53665e-05
6.53663e-05
6.5366e-05
6.53658e-05
6.53655e-05
6.53653e-05
6.5365e-05
6.53648e-05
6.53645e-05
6.53643e-05
6.5364e-05
6.53638e-05
6.53636e-05
6.53633e-05
6.53631e-05
6.53628e-05
6.53626e-05
6.53623e-05
6.53621e-05
6.53618e-05
6.53616e-05
6.53614e-05
6.53611e-05
6.53609e-05
6.53606e-05
6.53604e-05
6.53601e-05
6.53599e-05
6.53596e-05
6.53594e-05
6.53591e-05
6.53589e-05
6.53587e-05
6.53584e-05
6.53582e-05
6.53579e-05
6.53577e-05
6.53574e-05
6.53572e-05
6.53569e-05
6.53567e-05
6.53565e-05
6.53562e-05
6.5356e-05
6.53557e-05
6.53555e-05
6.53552e-05
6.5355e-05
6.53547e-05
6.53545e-05
6.53542e-05
6.5354e-05
6.53538e-05
6.53535e-05
6.53533e-05
6.5353e-05
6.53528e-05
6.53525e-05
6.53523e-05
6.5352e-05
6.53518e-05
6.53516e-05
6.53513e-05
6.53511e-05
6.53508e-05
6.53506e-05
6.53503e-05
6.53501e-05
6.53498e-05
6.53496e-05
6.53494e-05
6.53491e-05
6.53489e-05
6.53486e-05
6.53484e-05
6.53481e-05
6.53479e-05
6.53476e-05
6.53474e-05
6.53471e-05
6.53469e-05
6.53467e-05
6.53464e-05
6.53462e-05
6.53459e-05
6.53457e-05
6.53454e-05
6.53452e-05
6.53449e-05
6.53447e-05
6.53445e-05
6.53442e-05
6.5344e-05
6.53437e-05
6.53435e-05
6.53432e-05
6.5343e-05
6.53427e-05
6.53425e-05
6.53423e-05
6.5342e-05
6.53418e-05
6.53415e-05
6.53413e-05
6.5341e-05
6.53408e-05
6.53405e-05
6.53403e-05
6.53401e-05
6.53398e-05
6.53396e-05
6.53393e-05
6.53391e-05
6.53388e-05
6.53386e-05
6.53383e-05
6.53381e-05
6.53378e-05
6.53376e-05
6.53374e-05
6.53371e-05
6.53369e-05
6.53366e-05
6.53364e-05
6.53361e-05
6.53359e-05
6.53356e-05
6.53354e-05
6.53352e-05
6.53349e-05
6.53347e-05
6.53344e-05
6.53342e-05
6.53339e-05
6.53337e-05
6.53334e-05
6.53332e-05
6.5333e-05
6.53327e-05
6.53325e-05
6.53322e-05
6.5332e-05
6.53317e-05
6.53315e-05
6.53312e-05
6.5331e-05
6.53308e-05
6.53305e-05
6.53303e-05
6.533e-05
6.53298e-05
6.53295e-05
6.53293e-05
6.5329e-05
6.53288e-05
6.53286e-05
6.53283e-05
6.53281e-05
6.53278e-05
6.53276e-05
6.53273e-05
6.53271e-05
6.53268e-05
6.53266e-05
6.53264e-05
6.53261e-05
6.53259e-05
6.53256e-05
6.53254e-05
6.53251e-05
6.53249e-05
6.53246e-05
6.53244e-05
6.53242e-05
6.53239e-05
6.53237e-05
6.53234e-05
6.53232e-05
6.53229e-05
6.53227e-05
6.53224e-05
6.53222e-05
6.5322e-05
6.53217e-05
6.53215e-05
6.53212e-05
6.5321e-05
6.53207e-05
6.53205e-05
6.53202e-05
6.532e-05
6.53198e-05
6.53195e-05
6.53193e-05
6.5319e-05
6.53188e-05
6.53185e-05
6.53183e-05
6.53181e-05
6.53178e-05
6.53176e-05
6.53173e-05
6.53171e-05
6.53168e-05
6.53166e-05
6.53163e-05
6.53161e-05
6.53159e-05
6.53156e-05
6.53154e-05
6.53151e-05
6.53149e-05
6.53146e-05
6.53144e-05
6.53141e-05
6.53139e-05
6.53137e-05
6.53134e-05
6.53132e-05
6.53129e-05
6.53127e-05
6.53124e-05
6.53122e-05
6.53119e-05
6.53117e-05
6.53115e-05
6.53112e-05
6.5311e-05
6.53107e-05
6.53105e-05
6.53102e-05
6.531e-05
6.53097e-05
6.53095e-05
6.53093e-05
6.5309e-05
6.53088e-05
6.53085e-05
6.53083e-05
6.5308e-05
6.53078e-05
6.53076e-05
6.53073e-05
6.53071e-05
6.53068e-05
6.53066e-05
6.53063e-05
6.53061e-05
6.53058e-05
6.53056e-05
6.53054e-05
6.53051e-05
6.53049e-05
6.53046e-05
6.53044e-05
6.53041e-05
6.53039e-05
6.53036e-05
6.53034e-05
6.53032e-05
6.53029e-05
6.53027e-05
6.53024e-05
6.53022e-05
6.53019e-05
6.53017e-05
6.53015e-05
6.53012e-05
6.5301e-05
6.53007e-05
6.53005e-05
6.53002e-05
6.53e-05
6.52997e-05
6.52995e-05
6.52993e-05
6.5299e-05
6.52988e-05
6.52985e-05
6.52983e-05
6.5298e-05
6.52978e-05
6.52975e-05
6.52973e-05
6.52971e-05
6.52968e-05
6.52966e-05
6.52963e-05
6.52961e-05
6.52958e-05
6.52956e-05
6.52954e-05
6.52951e-05
6.52949e-05
6.52946e-05
6.52944e-05
6.52941e-05
6.52939e-05
6.52936e-05
6.52934e-05
6.52932e-05
6.52929e-05
6.52927e-05
6.52924e-05
6.52922e-05
6.52919e-05
6.52917e-05
6.52915e-05
6.52912e-05
6.5291e-05
6.52907e-05
6.52905e-05
6.52902e-05
6.529e-05
6.52897e-05
6.52895e-05
6.52893e-05
6.5289e-05
6.52888e-05
6.52885e-05
6.52883e-05
6.5288e-05
6.52878e-05
6.52876e-05
6.52873e-05
6.52871e-05
6.52868e-05
6.52866e-05
6.52863e-05
6.52861e-05
6.52858e-05
6.52856e-05
6.52854e-05
6.52851e-05
6.52849e-05
6.52846e-05
6.52844e-05
6.52841e-05
6.52839e-05
6.52837e-05
6.52834e-05
6.52832e-05
6.52829e-05
6.52827e-05
6.52824e-05
6.52822e-05
6.52819e-05
6.52817e-05
6.52815e-05
6.52812e-05
6.5281e-05
6.52807e-05
6.52805e-05
6.52802e-05
6.528e-05
6.52798e-05
6.52795e-05
6.52793e-05
6.5279e-05
6.52788e-05
6.52785e-05
6.52783e-05
6.52781e-05
6.52778e-05
6.52776e-05
6.52773e-05
6.52771e-05
6.52768e-05
6.52766e-05
6.52763e-05
6.52761e-05
6.52759e-05
6.52756e-05
6.52754e-05
6.52751e-05
6.52749e-05
6.52746e-05
6.52744e-05
6.52742e-05
6.52739e-05
6.52737e-05
6.52734e-05
6.52732e-05
6.52729e-05
6.52727e-05
6.52725e-05
6.52722e-05
6.5272e-05
6.52717e-05
6.52715e-05
6.52712e-05
6.5271e-05
6.52707e-05
6.52705e-05
6.52703e-05
6.527e-05
6.52698e-05
6.52695e-05
6.52693e-05
6.5269e-05
6.52688e-05
6.52686e-05
6.52683e-05
6.52681e-05
6.52678e-05
6.52676e-05
6.52673e-05
6.52671e-05
6.52669e-05
6.52666e-05
6.52664e-05
6.52661e-05
6.52659e-05
6.52656e-05
6.52654e-05
6.52652e-05
6.52649e-05
6.52647e-05
6.52644e-05
6.52642e-05
6.52639e-05
6.52637e-05
6.52634e-05
6.52632e-05
6.5263e-05
6.52627e-05
6.52625e-05
6.52622e-05
6.5262e-05
6.52617e-05
6.52615e-05
6.52613e-05
6.5261e-05
6.52608e-05
6.52605e-05
6.52603e-05
6.526e-05
6.52598e-05
6.52596e-05
6.52593e-05
6.52591e-05
6.52588e-05
6.52586e-05
6.52583e-05
6.52581e-05
6.52579e-05
6.52576e-05
6.52574e-05
6.52571e-05
6.52569e-05
6.52566e-05
6.52564e-05
6.52562e-05
6.52559e-05
6.52557e-05
6.52554e-05
6.52552e-05
6.52549e-05
6.52547e-05
6.52544e-05
6.52542e-05
6.5254e-05
6.52537e-05
6.52535e-05
6.52532e-05
6.5253e-05
6.52527e-05
6.52525e-05
6.52523e-05
6.5252e-05
6.52518e-05
6.52515e-05
6.52513e-05
6.5251e-05
6.52508e-05
6.52506e-05
6.52503e-05
6.52501e-05
6.52498e-05
6.52496e-05
6.52493e-05
6.52491e-05
6.52489e-05
6.52486e-05
6.52484e-05
6.52481e-05
6.52479e-05
6.52476e-05
6.52474e-05
6.52472e-05
6.52469e-05
6.52467e-05
6.52464e-05
6.52462e-05
6.52459e-05
6.52457e-05
6.52455e-05
6.52452e-05
6.5245e-05
6.52447e-05
6.52445e-05
6.52442e-05
6.5244e-05
6.52438e-05
6.52435e-05
6.52433e-05
6.5243e-05
6.52428e-05
6.52425e-05
6.52423e-05
6.52421e-05
6.52418e-05
6.52416e-05
6.52413e-05
6.52411e-05
6.52408e-05
6.52406e-05
6.52404e-05
6.52401e-05
6.52399e-05
6.52396e-05
6.52394e-05
6.52391e-05
6.52389e-05
6.52387e-05
6.52384e-05
6.52382e-05
6.52379e-05
6.52377e-05
6.52374e-05
6.52372e-05
6.5237e-05
6.52367e-05
6.52365e-05
6.52362e-05
6.5236e-05
6.52357e-05
6.52355e-05
6.52353e-05
6.5235e-05
6.52348e-05
6.52345e-05
6.52343e-05
6.5234e-05
6.52338e-05
6.52336e-05
6.52333e-05
6.52331e-05
6.52328e-05
6.52326e-05
6.52323e-05
6.52321e-05
6.52319e-05
6.52316e-05
6.52314e-05
6.52311e-05
6.52309e-05
6.52306e-05
6.52304e-05
6.52302e-05
6.52299e-05
6.52297e-05
6.52294e-05
6.52292e-05
6.52289e-05
6.52287e-05
6.52285e-05
6.52282e-05
6.5228e-05
6.52277e-05
6.52275e-05
6.52272e-05
6.5227e-05
6.52268e-05
6.52265e-05
6.52263e-05
6.5226e-05
6.52258e-05
6.52255e-05
6.52253e-05
6.52251e-05
6.52248e-05
6.52246e-05
6.52243e-05
6.52241e-05
6.52238e-05
6.52236e-05
6.52234e-05
6.52231e-05
6.52229e-05
6.52226e-05
6.52224e-05
6.52222e-05
6.52219e-05
6.52217e-05
6.52214e-05
6.52212e-05
6.52209e-05
6.52207e-05
6.52205e-05
6.52202e-05
6.522e-05
6.52197e-05
6.52195e-05
6.52192e-05
6.5219e-05
6.52188e-05
6.52185e-05
6.52183e-05
6.5218e-05
6.52178e-05
6.52175e-05
6.52173e-05
6.52171e-05
6.52168e-05
6.52166e-05
6.52163e-05
6.52161e-05
6.52158e-05
6.52156e-05
6.52154e-05
6.52151e-05
6.52149e-05
6.52146e-05
6.52144e-05
6.52141e-05
6.52139e-05
6.52137e-05
6.52134e-05
6.52132e-05
6.52129e-05
6.52127e-05
6.52125e-05
6.52122e-05
6.5212e-05
6.52117e-05
6.52115e-05
6.52112e-05
6.5211e-05
6.52108e-05
6.52105e-05
6.52103e-05
6.521e-05
6.52098e-05
6.52095e-05
6.52093e-05
6.52091e-05
6.52088e-05
6.52086e-05
6.52083e-05
6.52081e-05
6.52078e-05
6.52076e-05
6.52074e-05
6.52071e-05
6.52069e-05
6.52066e-05
6.52064e-05
6.52062e-05
6.52059e-05
6.52057e-05
6.52054e-05
6.52052e-05
6.52049e-05
6.52047e-05
6.52045e-05
6.52042e-05
6.5204e-05
6.52037e-05
6.52035e-05
6.52032e-05
6.5203e-05
6.52028e-05
6.52025e-05
6.52023e-05
6.5202e-05
6.52018e-05
6.52015e-05
6.52013e-05
6.52011e-05
6.52008e-05
6.52006e-05
6.52003e-05
6.52001e-05
6.51999e-05
6.51996e-05
6.51994e-05
6.51991e-05
6.51989e-05
6.51986e-05
6.51984e-05
6.51982e-05
6.51979e-05
6.51977e-05
6.51974e-05
6.51972e-05
6.51969e-05
6.51967e-05
6.51965e-05
6.51962e-05
6.5196e-05
6.51957e-05
6.51955e-05
6.51953e-05
6.5195e-05
6.51948e-05
6.51945e-05
6.51943e-05
6.5194e-05
6.51938e-05
6.51936e-05
6.51933e-05
6.51931e-05
6.51928e-05
6.51926e-05
6.51923e-05
6.51921e-05
6.51919e-05
6.51916e-05
6.51914e-05
6.51911e-05
6.51909e-05
6.51907e-05
6.51904e-05
6.51902e-05
6.51899e-05
6.51897e-05
6.51894e-05
6.51892e-05
6.5189e-05
6.51887e-05
6.51885e-05
6.51882e-05
6.5188e-05
6.51878e-05
6.51875e-05
6.51873e-05
6.5187e-05
6.51868e-05
6.51865e-05
6.51863e-05
6.51861e-05
6.51858e-05
6.51856e-05
6.51853e-05
6.51851e-05
6.51848e-05
6.51846e-05
6.51844e-05
6.51841e-05
6.51839e-05
6.51836e-05
6.51834e-05
6.51832e-05
6.51829e-05
6.51827e-05
6.51824e-05
6.51822e-05
6.51819e-05
6.51817e-05
6.51815e-05
6.51812e-05
6.5181e-05
6.51807e-05
6.51805e-05
6.51803e-05
6.518e-05
6.51798e-05
6.51795e-05
6.51793e-05
6.5179e-05
6.51788e-05
6.51786e-05
6.51783e-05
6.51781e-05
6.51778e-05
6.51776e-05
6.51774e-05
6.51771e-05
6.51769e-05
6.51766e-05
6.51764e-05
6.51761e-05
6.51759e-05
6.51757e-05
6.51754e-05
6.51752e-05
6.51749e-05
6.51747e-05
6.51744e-05
6.51742e-05
6.5174e-05
6.51737e-05
6.51735e-05
6.51732e-05
6.5173e-05
6.51728e-05
6.51725e-05
6.51723e-05
6.5172e-05
6.51718e-05
6.51715e-05
6.51713e-05
6.51711e-05
6.51708e-05
6.51706e-05
6.51703e-05
6.51701e-05
6.51699e-05
6.51696e-05
6.51694e-05
6.51691e-05
6.51689e-05
6.51686e-05
6.51684e-05
6.51682e-05
6.51679e-05
6.51677e-05
6.51674e-05
6.51672e-05
6.5167e-05
6.51667e-05
6.51665e-05
6.51662e-05
6.5166e-05
6.51658e-05
6.51655e-05
6.51653e-05
6.5165e-05
6.51648e-05
6.51645e-05
6.51643e-05
6.51641e-05
6.51638e-05
6.51636e-05
6.51633e-05
6.51631e-05
6.51629e-05
6.51626e-05
6.51624e-05
6.51621e-05
6.51619e-05
6.51616e-05
6.51614e-05
6.51612e-05
6.51609e-05
6.51607e-05
6.51604e-05
6.51602e-05
6.516e-05
6.51597e-05
6.51595e-05
6.51592e-05
6.5159e-05
6.51587e-05
6.51585e-05
6.51583e-05
6.5158e-05
6.51578e-05
6.51575e-05
6.51573e-05
6.51571e-05
6.51568e-05
6.51566e-05
6.51563e-05
6.51561e-05
6.51558e-05
6.51556e-05
6.51554e-05
6.51551e-05
6.51549e-05
6.51546e-05
6.51544e-05
6.51542e-05
6.51539e-05
6.51537e-05
6.51534e-05
6.51532e-05
6.5153e-05
6.51527e-05
6.51525e-05
6.51522e-05
6.5152e-05
6.51517e-05
6.51515e-05
6.51513e-05
6.5151e-05
6.51508e-05
6.51505e-05
6.51503e-05
6.51501e-05
6.51498e-05
6.51496e-05
6.51493e-05
6.51491e-05
6.51489e-05
6.51486e-05
6.51484e-05
6.51481e-05
6.51479e-05
6.51476e-05
6.51474e-05
6.51472e-05
6.51469e-05
6.51467e-05
6.51464e-05
6.51462e-05
6.5146e-05
6.51457e-05
6.51455e-05
6.51452e-05
6.5145e-05
6.51447e-05
6.51445e-05
6.51443e-05
6.5144e-05
6.51438e-05
6.51435e-05
6.51433e-05
6.51431e-05
6.51428e-05
6.51426e-05
6.51423e-05
6.51421e-05
6.51419e-05
6.51416e-05
6.51414e-05
6.51411e-05
6.51409e-05
6.51407e-05
6.51404e-05
6.51402e-05
6.51399e-05
6.51397e-05
6.51394e-05
6.51392e-05
6.5139e-05
6.51387e-05
6.51385e-05
6.51382e-05
6.5138e-05
6.51378e-05
6.51375e-05
6.51373e-05
6.5137e-05
6.51368e-05
6.51366e-05
6.51363e-05
6.51361e-05
6.51358e-05
6.51356e-05
6.51353e-05
6.51351e-05
6.51349e-05
6.51346e-05
6.51344e-05
6.51341e-05
6.51339e-05
6.51337e-05
6.51334e-05
6.51332e-05
6.51329e-05
6.51327e-05
6.51325e-05
6.51322e-05
6.5132e-05
6.51317e-05
6.51315e-05
6.51312e-05
6.5131e-05
6.51308e-05
6.51305e-05
6.51303e-05
6.513e-05
6.51298e-05
6.51296e-05
6.51293e-05
6.51291e-05
6.51288e-05
6.51286e-05
6.51284e-05
6.51281e-05
6.51279e-05
6.51276e-05
6.51274e-05
6.51272e-05
6.51269e-05
6.51267e-05
6.51264e-05
6.51262e-05
6.51259e-05
6.51257e-05
6.51255e-05
6.51252e-05
6.5125e-05
6.51247e-05
6.51245e-05
6.51243e-05
6.5124e-05
6.51238e-05
6.51235e-05
6.51233e-05
6.51231e-05
6.51228e-05
6.51226e-05
6.51223e-05
6.51221e-05
6.51219e-05
6.51216e-05
6.51214e-05
6.51211e-05
6.51209e-05
6.51207e-05
6.51204e-05
6.51202e-05
6.51199e-05
6.51197e-05
6.51194e-05
6.51192e-05
6.5119e-05
6.51187e-05
6.51185e-05
6.51182e-05
6.5118e-05
6.51178e-05
6.51175e-05
6.51173e-05
6.5117e-05
6.51168e-05
6.51166e-05
6.51163e-05
6.51161e-05
6.51158e-05
6.51156e-05
6.51154e-05
6.51151e-05
6.51149e-05
6.51146e-05
6.51144e-05
6.51142e-05
6.51139e-05
6.51137e-05
6.51134e-05
6.51132e-05
6.51129e-05
6.51127e-05
6.51125e-05
6.51122e-05
6.5112e-05
6.51117e-05
6.51115e-05
6.51113e-05
6.5111e-05
6.51108e-05
6.51105e-05
6.51103e-05
6.51101e-05
6.51098e-05
6.51096e-05
6.51093e-05
6.51091e-05
6.51089e-05
6.51086e-05
6.51084e-05
6.51081e-05
6.51079e-05
6.51077e-05
6.51074e-05
6.51072e-05
6.51069e-05
6.51067e-05
6.51065e-05
6.51062e-05
6.5106e-05
6.51057e-05
6.51055e-05
6.51053e-05
6.5105e-05
6.51048e-05
6.51045e-05
6.51043e-05
6.5104e-05
6.51038e-05
6.51036e-05
6.51033e-05
6.51031e-05
6.51028e-05
6.51026e-05
6.51024e-05
6.51021e-05
6.51019e-05
6.51016e-05
6.51014e-05
6.51012e-05
6.51009e-05
6.51007e-05
6.51004e-05
6.51002e-05
6.51e-05
6.50997e-05
6.50995e-05
6.50992e-05
6.5099e-05
6.50988e-05
6.50985e-05
6.50983e-05
6.5098e-05
6.50978e-05
6.50976e-05
6.50973e-05
6.50971e-05
6.50968e-05
6.50966e-05
6.50964e-05
6.50961e-05
6.50959e-05
6.50956e-05
6.50954e-05
6.50952e-05
6.50949e-05
6.50947e-05
6.50944e-05
6.50942e-05
6.5094e-05
6.50937e-05
6.50935e-05
6.50932e-05
6.5093e-05
6.50928e-05
6.50925e-05
6.50923e-05
6.5092e-05
6.50918e-05
6.50915e-05
6.50913e-05
6.50911e-05
6.50908e-05
6.50906e-05
6.50903e-05
6.50901e-05
6.50899e-05
6.50896e-05
6.50894e-05
6.50891e-05
6.50889e-05
6.50887e-05
6.50884e-05
6.50882e-05
6.50879e-05
6.50877e-05
6.50875e-05
6.50872e-05
6.5087e-05
6.50867e-05
6.50865e-05
6.50863e-05
6.5086e-05
6.50858e-05
6.50855e-05
6.50853e-05
6.50851e-05
6.50848e-05
6.50846e-05
6.50843e-05
6.50841e-05
6.50839e-05
6.50836e-05
6.50834e-05
6.50831e-05
6.50829e-05
6.50827e-05
6.50824e-05
6.50822e-05
6.50819e-05
6.50817e-05
6.50815e-05
6.50812e-05
6.5081e-05
6.50807e-05
6.50805e-05
6.50803e-05
6.508e-05
6.50798e-05
6.50795e-05
6.50793e-05
6.50791e-05
6.50788e-05
6.50786e-05
6.50783e-05
6.50781e-05
6.50779e-05
6.50776e-05
6.50774e-05
6.50771e-05
6.50769e-05
6.50767e-05
6.50764e-05
6.50762e-05
6.50759e-05
6.50757e-05
6.50755e-05
6.50752e-05
6.5075e-05
6.50747e-05
6.50745e-05
6.50743e-05
6.5074e-05
6.50738e-05
6.50735e-05
6.50733e-05
6.50731e-05
6.50728e-05
6.50726e-05
6.50723e-05
6.50721e-05
6.50719e-05
6.50716e-05
6.50714e-05
6.50711e-05
6.50709e-05
6.50707e-05
6.50704e-05
6.50702e-05
6.50699e-05
6.50697e-05
6.50695e-05
6.50692e-05
6.5069e-05
6.50687e-05
6.50685e-05
6.50683e-05
6.5068e-05
6.50678e-05
6.50675e-05
6.50673e-05
6.50671e-05
6.50668e-05
6.50666e-05
6.50663e-05
6.50661e-05
6.50659e-05
6.50656e-05
6.50654e-05
6.50651e-05
6.50649e-05
6.50647e-05
6.50644e-05
6.50642e-05
6.50639e-05
6.50637e-05
6.50635e-05
6.50632e-05
6.5063e-05
6.50627e-05
6.50625e-05
6.50623e-05
6.5062e-05
6.50618e-05
6.50615e-05
6.50613e-05
6.50611e-05
6.50608e-05
6.50606e-05
6.50604e-05
6.50601e-05
6.50599e-05
6.50596e-05
6.50594e-05
6.50592e-05
6.50589e-05
6.50587e-05
6.50584e-05
6.50582e-05
6.5058e-05
6.50577e-05
6.50575e-05
6.50572e-05
6.5057e-05
6.50568e-05
6.50565e-05
6.50563e-05
6.5056e-05
6.50558e-05
6.50556e-05
6.50553e-05
6.50551e-05
6.50548e-05
6.50546e-05
6.50544e-05
6.50541e-05
6.50539e-05
6.50536e-05
6.50534e-05
6.50532e-05
6.50529e-05
6.50527e-05
6.50524e-05
6.50522e-05
6.5052e-05
6.50517e-05
6.50515e-05
6.50512e-05
6.5051e-05
6.50508e-05
6.50505e-05
6.50503e-05
6.505e-05
6.50498e-05
6.50496e-05
6.50493e-05
6.50491e-05
6.50488e-05
6.50486e-05
6.50484e-05
6.50481e-05
6.50479e-05
6.50477e-05
6.50474e-05
6.50472e-05
6.50469e-05
6.50467e-05
6.50465e-05
6.50462e-05
6.5046e-05
6.50457e-05
6.50455e-05
6.50453e-05
6.5045e-05
6.50448e-05
6.50445e-05
6.50443e-05
6.50441e-05
6.50438e-05
6.50436e-05
6.50433e-05
6.50431e-05
6.50429e-05
6.50426e-05
6.50424e-05
6.50421e-05
6.50419e-05
6.50417e-05
6.50414e-05
6.50412e-05
6.50409e-05
6.50407e-05
6.50405e-05
6.50402e-05
6.504e-05
6.50398e-05
6.50395e-05
6.50393e-05
6.5039e-05
6.50388e-05
6.50386e-05
6.50383e-05
6.50381e-05
6.50378e-05
6.50376e-05
6.50374e-05
6.50371e-05
6.50369e-05
6.50366e-05
6.50364e-05
6.50362e-05
6.50359e-05
6.50357e-05
6.50354e-05
6.50352e-05
6.5035e-05
6.50347e-05
6.50345e-05
6.50342e-05
6.5034e-05
6.50338e-05
6.50335e-05
6.50333e-05
6.50331e-05
6.50328e-05
6.50326e-05
6.50323e-05
6.50321e-05
6.50319e-05
6.50316e-05
6.50314e-05
6.50311e-05
6.50309e-05
6.50307e-05
6.50304e-05
6.50302e-05
6.50299e-05
6.50297e-05
6.50295e-05
6.50292e-05
6.5029e-05
6.50287e-05
6.50285e-05
6.50283e-05
6.5028e-05
6.50278e-05
6.50275e-05
6.50273e-05
6.50271e-05
6.50268e-05
6.50266e-05
6.50264e-05
6.50261e-05
6.50259e-05
6.50256e-05
6.50254e-05
6.50252e-05
6.50249e-05
6.50247e-05
6.50244e-05
6.50242e-05
6.5024e-05
6.50237e-05
6.50235e-05
6.50232e-05
6.5023e-05
6.50228e-05
6.50225e-05
6.50223e-05
6.50221e-05
6.50218e-05
6.50216e-05
6.50213e-05
6.50211e-05
6.50209e-05
6.50206e-05
6.50204e-05
6.50201e-05
6.50199e-05
6.50197e-05
6.50194e-05
6.50192e-05
6.50189e-05
6.50187e-05
6.50185e-05
6.50182e-05
6.5018e-05
6.50177e-05
6.50175e-05
6.50173e-05
6.5017e-05
6.50168e-05
6.50166e-05
6.50163e-05
6.50161e-05
6.50158e-05
6.50156e-05
6.50154e-05
6.50151e-05
6.50149e-05
6.50146e-05
6.50144e-05
6.50142e-05
6.50139e-05
6.50137e-05
6.50134e-05
6.50132e-05
6.5013e-05
6.50127e-05
6.50125e-05
6.50123e-05
6.5012e-05
6.50118e-05
6.50115e-05
6.50113e-05
6.50111e-05
6.50108e-05
6.50106e-05
6.50103e-05
6.50101e-05
6.50099e-05
6.50096e-05
6.50094e-05
6.50091e-05
6.50089e-05
6.50087e-05
6.50084e-05
6.50082e-05
6.5008e-05
6.50077e-05
6.50075e-05
6.50072e-05
6.5007e-05
6.50068e-05
6.50065e-05
6.50063e-05
6.5006e-05
6.50058e-05
6.50056e-05
6.50053e-05
6.50051e-05
6.50049e-05
6.50046e-05
6.50044e-05
6.50041e-05
6.50039e-05
6.50037e-05
6.50034e-05
6.50032e-05
6.50029e-05
6.50027e-05
6.50025e-05
6.50022e-05
6.5002e-05
6.50017e-05
6.50015e-05
6.50013e-05
6.5001e-05
6.50008e-05
6.50006e-05
6.50003e-05
6.50001e-05
6.49998e-05
6.49996e-05
6.49994e-05
6.49991e-05
6.49989e-05
6.49986e-05
6.49984e-05
6.49982e-05
6.49979e-05
6.49977e-05
6.49975e-05
6.49972e-05
6.4997e-05
6.49967e-05
6.49965e-05
6.49963e-05
6.4996e-05
6.49958e-05
6.49955e-05
6.49953e-05
6.49951e-05
6.49948e-05
6.49946e-05
6.49944e-05
6.49941e-05
6.49939e-05
6.49936e-05
6.49934e-05
6.49932e-05
6.49929e-05
6.49927e-05
6.49924e-05
6.49922e-05
6.4992e-05
6.49917e-05
6.49915e-05
6.49912e-05
6.4991e-05
6.49908e-05
6.49905e-05
6.49903e-05
6.49901e-05
6.49898e-05
6.49896e-05
6.49893e-05
6.49891e-05
6.49889e-05
6.49886e-05
6.49884e-05
6.49881e-05
6.49879e-05
6.49877e-05
6.49874e-05
6.49872e-05
6.4987e-05
6.49867e-05
6.49865e-05
6.49862e-05
6.4986e-05
6.49858e-05
6.49855e-05
6.49853e-05
6.4985e-05
6.49848e-05
6.49846e-05
6.49843e-05
6.49841e-05
6.49839e-05
6.49836e-05
6.49834e-05
6.49831e-05
6.49829e-05
6.49827e-05
6.49824e-05
6.49822e-05
6.4982e-05
6.49817e-05
6.49815e-05
6.49812e-05
6.4981e-05
6.49808e-05
6.49805e-05
6.49803e-05
6.498e-05
6.49798e-05
6.49796e-05
6.49793e-05
6.49791e-05
6.49789e-05
6.49786e-05
6.49784e-05
6.49781e-05
6.49779e-05
6.49777e-05
6.49774e-05
6.49772e-05
6.49769e-05
6.49767e-05
6.49765e-05
6.49762e-05
6.4976e-05
6.49758e-05
6.49755e-05
6.49753e-05
6.4975e-05
6.49748e-05
6.49746e-05
6.49743e-05
6.49741e-05
6.49739e-05
6.49736e-05
6.49734e-05
6.49731e-05
6.49729e-05
6.49727e-05
6.49724e-05
6.49722e-05
6.49719e-05
6.49717e-05
6.49715e-05
6.49712e-05
6.4971e-05
6.49708e-05
6.49705e-05
6.49703e-05
6.497e-05
6.49698e-05
6.49696e-05
6.49693e-05
6.49691e-05
6.49688e-05
6.49686e-05
6.49684e-05
6.49681e-05
6.49679e-05
6.49677e-05
6.49674e-05
6.49672e-05
6.49669e-05
6.49667e-05
6.49665e-05
6.49662e-05
6.4966e-05
6.49658e-05
6.49655e-05
6.49653e-05
6.4965e-05
6.49648e-05
6.49646e-05
6.49643e-05
6.49641e-05
6.49638e-05
6.49636e-05
6.49634e-05
6.49631e-05
6.49629e-05
6.49627e-05
6.49624e-05
6.49622e-05
6.49619e-05
6.49617e-05
6.49615e-05
6.49612e-05
6.4961e-05
6.49608e-05
6.49605e-05
6.49603e-05
6.496e-05
6.49598e-05
6.49596e-05
6.49593e-05
6.49591e-05
6.49589e-05
6.49586e-05
6.49584e-05
6.49581e-05
6.49579e-05
6.49577e-05
6.49574e-05
6.49572e-05
6.49569e-05
6.49567e-05
6.49565e-05
6.49562e-05
6.4956e-05
6.49558e-05
6.49555e-05
6.49553e-05
6.4955e-05
6.49548e-05
6.49546e-05
6.49543e-05
6.49541e-05
6.49539e-05
6.49536e-05
6.49534e-05
6.49531e-05
6.49529e-05
6.49527e-05
6.49524e-05
6.49522e-05
6.4952e-05
6.49517e-05
6.49515e-05
6.49512e-05
6.4951e-05
6.49508e-05
6.49505e-05
6.49503e-05
6.49501e-05
6.49498e-05
6.49496e-05
6.49493e-05
6.49491e-05
6.49489e-05
6.49486e-05
6.49484e-05
6.49481e-05
6.49479e-05
6.49477e-05
6.49474e-05
6.49472e-05
6.4947e-05
6.49467e-05
6.49465e-05
6.49462e-05
6.4946e-05
6.49458e-05
6.49455e-05
6.49453e-05
6.49451e-05
6.49448e-05
6.49446e-05
6.49443e-05
6.49441e-05
6.49439e-05
6.49436e-05
6.49434e-05
6.49432e-05
6.49429e-05
6.49427e-05
6.49424e-05
6.49422e-05
6.4942e-05
6.49417e-05
6.49415e-05
6.49413e-05
6.4941e-05
6.49408e-05
6.49405e-05
6.49403e-05
6.49401e-05
6.49398e-05
6.49396e-05
6.49394e-05
6.49391e-05
6.49389e-05
6.49386e-05
6.49384e-05
6.49382e-05
6.49379e-05
6.49377e-05
6.49375e-05
6.49372e-05
6.4937e-05
6.49367e-05
6.49365e-05
6.49363e-05
6.4936e-05
6.49358e-05
6.49356e-05
6.49353e-05
6.49351e-05
6.49348e-05
6.49346e-05
6.49344e-05
6.49341e-05
6.49339e-05
6.49337e-05
6.49334e-05
6.49332e-05
6.49329e-05
6.49327e-05
6.49325e-05
6.49322e-05
6.4932e-05
6.49318e-05
6.49315e-05
6.49313e-05
6.4931e-05
6.49308e-05
6.49306e-05
6.49303e-05
6.49301e-05
6.49299e-05
6.49296e-05
6.49294e-05
6.49291e-05
6.49289e-05
6.49287e-05
6.49284e-05
6.49282e-05
6.4928e-05
6.49277e-05
6.49275e-05
6.49272e-05
6.4927e-05
6.49268e-05
6.49265e-05
6.49263e-05
6.49261e-05
6.49258e-05
6.49256e-05
6.49253e-05
6.49251e-05
6.49249e-05
6.49246e-05
6.49244e-05
6.49242e-05
6.49239e-05
6.49237e-05
6.49234e-05
6.49232e-05
6.4923e-05
6.49227e-05
6.49225e-05
6.49223e-05
6.4922e-05
6.49218e-05
6.49215e-05
6.49213e-05
6.49211e-05
6.49208e-05
6.49206e-05
6.49204e-05
6.49201e-05
6.49199e-05
6.49197e-05
6.49194e-05
6.49192e-05
6.49189e-05
6.49187e-05
6.49185e-05
6.49182e-05
6.4918e-05
6.49178e-05
6.49175e-05
6.49173e-05
6.4917e-05
6.49168e-05
6.49166e-05
6.49163e-05
6.49161e-05
6.49159e-05
6.49156e-05
6.49154e-05
6.49151e-05
6.49149e-05
6.49147e-05
6.49144e-05
6.49142e-05
6.4914e-05
6.49137e-05
6.49135e-05
6.49132e-05
6.4913e-05
6.49128e-05
6.49125e-05
6.49123e-05
6.49121e-05
6.49118e-05
6.49116e-05
6.49113e-05
6.49111e-05
6.49109e-05
6.49106e-05
6.49104e-05
6.49102e-05
6.49099e-05
6.49097e-05
6.49095e-05
6.49092e-05
6.4909e-05
6.49087e-05
6.49085e-05
6.49083e-05
6.4908e-05
6.49078e-05
6.49076e-05
6.49073e-05
6.49071e-05
6.49068e-05
6.49066e-05
6.49064e-05
6.49061e-05
6.49059e-05
6.49057e-05
6.49054e-05
6.49052e-05
6.49049e-05
6.49047e-05
6.49045e-05
6.49042e-05
6.4904e-05
6.49038e-05
6.49035e-05
6.49033e-05
6.49031e-05
6.49028e-05
6.49026e-05
6.49023e-05
6.49021e-05
6.49019e-05
6.49016e-05
6.49014e-05
6.49012e-05
6.49009e-05
6.49007e-05
6.49004e-05
6.49002e-05
6.49e-05
6.48997e-05
6.48995e-05
6.48993e-05
6.4899e-05
6.48988e-05
6.48986e-05
6.48983e-05
6.48981e-05
6.48978e-05
6.48976e-05
6.48974e-05
6.48971e-05
6.48969e-05
6.48967e-05
6.48964e-05
6.48962e-05
6.48959e-05
6.48957e-05
6.48955e-05
6.48952e-05
6.4895e-05
6.48948e-05
6.48945e-05
6.48943e-05
6.48941e-05
6.48938e-05
6.48936e-05
6.48933e-05
6.48931e-05
6.48929e-05
6.48926e-05
6.48924e-05
6.48922e-05
6.48919e-05
6.48917e-05
6.48914e-05
6.48912e-05
6.4891e-05
6.48907e-05
6.48905e-05
6.48903e-05
6.489e-05
6.48898e-05
6.48896e-05
6.48893e-05
6.48891e-05
6.48888e-05
6.48886e-05
6.48884e-05
6.48881e-05
6.48879e-05
6.48877e-05
6.48874e-05
6.48872e-05
6.4887e-05
6.48867e-05
6.48865e-05
6.48862e-05
6.4886e-05
6.48858e-05
6.48855e-05
6.48853e-05
6.48851e-05
6.48848e-05
6.48846e-05
6.48843e-05
6.48841e-05
6.48839e-05
6.48836e-05
6.48834e-05
6.48832e-05
6.48829e-05
6.48827e-05
6.48825e-05
6.48822e-05
6.4882e-05
6.48817e-05
6.48815e-05
6.48813e-05
6.4881e-05
6.48808e-05
6.48806e-05
6.48803e-05
6.48801e-05
6.48799e-05
6.48796e-05
6.48794e-05
6.48791e-05
6.48789e-05
6.48787e-05
6.48784e-05
6.48782e-05
6.4878e-05
6.48777e-05
6.48775e-05
6.48773e-05
6.4877e-05
6.48768e-05
6.48765e-05
6.48763e-05
6.48761e-05
6.48758e-05
6.48756e-05
6.48754e-05
6.48751e-05
6.48749e-05
6.48746e-05
6.48744e-05
6.48742e-05
6.48739e-05
6.48737e-05
6.48735e-05
6.48732e-05
6.4873e-05
6.48728e-05
6.48725e-05
6.48723e-05
6.4872e-05
6.48718e-05
6.48716e-05
6.48713e-05
6.48711e-05
6.48709e-05
6.48706e-05
6.48704e-05
6.48702e-05
6.48699e-05
6.48697e-05
6.48694e-05
6.48692e-05
6.4869e-05
6.48687e-05
6.48685e-05
6.48683e-05
6.4868e-05
6.48678e-05
6.48676e-05
6.48673e-05
6.48671e-05
6.48668e-05
6.48666e-05
6.48664e-05
6.48661e-05
6.48659e-05
6.48657e-05
6.48654e-05
6.48652e-05
6.4865e-05
6.48647e-05
6.48645e-05
6.48642e-05
6.4864e-05
6.48638e-05
6.48635e-05
6.48633e-05
6.48631e-05
6.48628e-05
6.48626e-05
6.48624e-05
6.48621e-05
6.48619e-05
6.48617e-05
6.48614e-05
6.48612e-05
6.48609e-05
6.48607e-05
6.48605e-05
6.48602e-05
6.486e-05
6.48598e-05
6.48595e-05
6.48593e-05
6.48591e-05
6.48588e-05
6.48586e-05
6.48583e-05
6.48581e-05
6.48579e-05
6.48576e-05
6.48574e-05
6.48572e-05
6.48569e-05
6.48567e-05
6.48565e-05
6.48562e-05
6.4856e-05
6.48557e-05
6.48555e-05
6.48553e-05
6.4855e-05
6.48548e-05
6.48546e-05
6.48543e-05
6.48541e-05
6.48539e-05
6.48536e-05
6.48534e-05
6.48531e-05
6.48529e-05
6.48527e-05
6.48524e-05
6.48522e-05
6.4852e-05
6.48517e-05
6.48515e-05
6.48513e-05
6.4851e-05
6.48508e-05
6.48506e-05
6.48503e-05
6.48501e-05
6.48498e-05
6.48496e-05
6.48494e-05
6.48491e-05
6.48489e-05
6.48487e-05
6.48484e-05
6.48482e-05
6.4848e-05
6.48477e-05
6.48475e-05
6.48472e-05
6.4847e-05
6.48468e-05
6.48465e-05
6.48463e-05
6.48461e-05
6.48458e-05
6.48456e-05
6.48454e-05
6.48451e-05
6.48449e-05
6.48447e-05
6.48444e-05
6.48442e-05
6.48439e-05
6.48437e-05
6.48435e-05
6.48432e-05
6.4843e-05
6.48428e-05
6.48425e-05
6.48423e-05
6.48421e-05
6.48418e-05
6.48416e-05
6.48414e-05
6.48411e-05
6.48409e-05
6.48406e-05
6.48404e-05
6.48402e-05
6.48399e-05
6.48397e-05
6.48395e-05
6.48392e-05
6.4839e-05
6.48388e-05
6.48385e-05
6.48383e-05
6.4838e-05
6.48378e-05
6.48376e-05
6.48373e-05
6.48371e-05
6.48369e-05
6.48366e-05
6.48364e-05
6.48362e-05
6.48359e-05
6.48357e-05
6.48355e-05
6.48352e-05
6.4835e-05
6.48347e-05
6.48345e-05
6.48343e-05
6.4834e-05
6.48338e-05
6.48336e-05
6.48333e-05
6.48331e-05
6.48329e-05
6.48326e-05
6.48324e-05
6.48322e-05
6.48319e-05
6.48317e-05
6.48314e-05
6.48312e-05
6.4831e-05
6.48307e-05
6.48305e-05
6.48303e-05
6.483e-05
6.48298e-05
6.48296e-05
6.48293e-05
6.48291e-05
6.48289e-05
6.48286e-05
6.48284e-05
6.48281e-05
6.48279e-05
6.48277e-05
6.48274e-05
6.48272e-05
6.4827e-05
6.48267e-05
6.48265e-05
6.48263e-05
6.4826e-05
6.48258e-05
6.48256e-05
6.48253e-05
6.48251e-05
6.48249e-05
6.48246e-05
6.48244e-05
6.48241e-05
6.48239e-05
6.48237e-05
6.48234e-05
6.48232e-05
6.4823e-05
6.48227e-05
6.48225e-05
6.48223e-05
6.4822e-05
6.48218e-05
6.48216e-05
6.48213e-05
6.48211e-05
6.48208e-05
6.48206e-05
6.48204e-05
6.48201e-05
6.48199e-05
6.48197e-05
6.48194e-05
6.48192e-05
6.4819e-05
6.48187e-05
6.48185e-05
6.48183e-05
6.4818e-05
6.48178e-05
6.48175e-05
6.48173e-05
6.48171e-05
6.48168e-05
6.48166e-05
6.48164e-05
6.48161e-05
6.48159e-05
6.48157e-05
6.48154e-05
6.48152e-05
6.4815e-05
6.48147e-05
6.48145e-05
6.48143e-05
6.4814e-05
6.48138e-05
6.48135e-05
6.48133e-05
6.48131e-05
6.48128e-05
6.48126e-05
6.48124e-05
6.48121e-05
6.48119e-05
6.48117e-05
6.48114e-05
6.48112e-05
6.4811e-05
6.48107e-05
6.48105e-05
6.48103e-05
6.481e-05
6.48098e-05
6.48095e-05
6.48093e-05
6.48091e-05
6.48088e-05
6.48086e-05
6.48084e-05
6.48081e-05
6.48079e-05
6.48077e-05
6.48074e-05
6.48072e-05
6.4807e-05
6.48067e-05
6.48065e-05
6.48063e-05
6.4806e-05
6.48058e-05
6.48055e-05
6.48053e-05
6.48051e-05
6.48048e-05
6.48046e-05
6.48044e-05
6.48041e-05
6.48039e-05
6.48037e-05
6.48034e-05
6.48032e-05
6.4803e-05
6.48027e-05
6.48025e-05
6.48023e-05
6.4802e-05
6.48018e-05
6.48015e-05
6.48013e-05
6.48011e-05
6.48008e-05
6.48006e-05
6.48004e-05
6.48001e-05
6.47999e-05
6.47997e-05
6.47994e-05
6.47992e-05
6.4799e-05
6.47987e-05
6.47985e-05
6.47983e-05
6.4798e-05
6.47978e-05
6.47976e-05
6.47973e-05
6.47971e-05
6.47968e-05
6.47966e-05
6.47964e-05
6.47961e-05
6.47959e-05
6.47957e-05
6.47954e-05
6.47952e-05
6.4795e-05
6.47947e-05
6.47945e-05
6.47943e-05
6.4794e-05
6.47938e-05
6.47936e-05
6.47933e-05
6.47931e-05
6.47928e-05
6.47926e-05
6.47924e-05
6.47921e-05
6.47919e-05
6.47917e-05
6.47914e-05
6.47912e-05
6.4791e-05
6.47907e-05
6.47905e-05
6.47903e-05
6.479e-05
6.47898e-05
6.47896e-05
6.47893e-05
6.47891e-05
6.47889e-05
6.47886e-05
6.47884e-05
6.47881e-05
6.47879e-05
6.47877e-05
6.47874e-05
6.47872e-05
6.4787e-05
6.47867e-05
6.47865e-05
6.47863e-05
6.4786e-05
6.47858e-05
6.47856e-05
6.47853e-05
6.47851e-05
6.47849e-05
6.47846e-05
6.47844e-05
6.47842e-05
6.47839e-05
6.47837e-05
6.47835e-05
6.47832e-05
6.4783e-05
6.47827e-05
6.47825e-05
6.47823e-05
6.4782e-05
6.47818e-05
6.47816e-05
6.47813e-05
6.47811e-05
6.47809e-05
6.47806e-05
6.47804e-05
6.47802e-05
6.47799e-05
6.47797e-05
6.47795e-05
6.47792e-05
6.4779e-05
6.47788e-05
6.47785e-05
6.47783e-05
6.47781e-05
6.47778e-05
6.47776e-05
6.47773e-05
6.47771e-05
6.47769e-05
6.47766e-05
6.47764e-05
6.47762e-05
6.47759e-05
6.47757e-05
6.47755e-05
6.47752e-05
6.4775e-05
6.47748e-05
6.47745e-05
6.47743e-05
6.47741e-05
6.47738e-05
6.47736e-05
6.47734e-05
6.47731e-05
6.47729e-05
6.47727e-05
6.47724e-05
6.47722e-05
6.47719e-05
6.47717e-05
6.47715e-05
6.47712e-05
6.4771e-05
6.47708e-05
6.47705e-05
6.47703e-05
6.47701e-05
6.47698e-05
6.47696e-05
6.47694e-05
6.47691e-05
6.47689e-05
6.47687e-05
6.47684e-05
6.47682e-05
6.4768e-05
6.47677e-05
6.47675e-05
6.47673e-05
6.4767e-05
6.47668e-05
6.47666e-05
6.47663e-05
6.47661e-05
6.47658e-05
6.47656e-05
6.47654e-05
6.47651e-05
6.47649e-05
6.47647e-05
6.47644e-05
6.47642e-05
6.4764e-05
6.47637e-05
6.47635e-05
6.47633e-05
6.4763e-05
6.47628e-05
6.47626e-05
6.47623e-05
6.47621e-05
6.47619e-05
6.47616e-05
6.47614e-05
6.47612e-05
6.47609e-05
6.47607e-05
6.47605e-05
6.47602e-05
6.476e-05
6.47598e-05
6.47595e-05
6.47593e-05
6.4759e-05
6.47588e-05
6.47586e-05
6.47583e-05
6.47581e-05
6.47579e-05
6.47576e-05
6.47574e-05
6.47572e-05
6.47569e-05
6.47567e-05
6.47565e-05
6.47562e-05
6.4756e-05
6.47558e-05
6.47555e-05
6.47553e-05
6.47551e-05
6.47548e-05
6.47546e-05
6.47544e-05
6.47541e-05
6.47539e-05
6.47537e-05
6.47534e-05
6.47532e-05
6.4753e-05
6.47527e-05
6.47525e-05
6.47523e-05
6.4752e-05
6.47518e-05
6.47515e-05
6.47513e-05
6.47511e-05
6.47508e-05
6.47506e-05
6.47504e-05
6.47501e-05
6.47499e-05
6.47497e-05
6.47494e-05
6.47492e-05
6.4749e-05
6.47487e-05
6.47485e-05
6.47483e-05
6.4748e-05
6.47478e-05
6.47476e-05
6.47473e-05
6.47471e-05
6.47469e-05
6.47466e-05
6.47464e-05
6.47462e-05
6.47459e-05
6.47457e-05
6.47455e-05
6.47452e-05
6.4745e-05
6.47448e-05
6.47445e-05
6.47443e-05
6.47441e-05
6.47438e-05
6.47436e-05
6.47434e-05
6.47431e-05
6.47429e-05
6.47426e-05
6.47424e-05
6.47422e-05
6.47419e-05
6.47417e-05
6.47415e-05
6.47412e-05
6.4741e-05
6.47408e-05
6.47405e-05
6.47403e-05
6.47401e-05
6.47398e-05
6.47396e-05
6.47394e-05
6.47391e-05
6.47389e-05
6.47387e-05
6.47384e-05
6.47382e-05
6.4738e-05
6.47377e-05
6.47375e-05
6.47373e-05
6.4737e-05
6.47368e-05
6.47366e-05
6.47363e-05
6.47361e-05
6.47359e-05
6.47356e-05
6.47354e-05
6.47352e-05
6.47349e-05
6.47347e-05
6.47345e-05
6.47342e-05
6.4734e-05
6.47338e-05
6.47335e-05
6.47333e-05
6.47331e-05
6.47328e-05
6.47326e-05
6.47324e-05
6.47321e-05
6.47319e-05
6.47316e-05
6.47314e-05
6.47312e-05
6.47309e-05
6.47307e-05
6.47305e-05
6.47302e-05
6.473e-05
6.47298e-05
6.47295e-05
6.47293e-05
6.47291e-05
6.47288e-05
6.47286e-05
6.47284e-05
6.47281e-05
6.47279e-05
6.47277e-05
6.47274e-05
6.47272e-05
6.4727e-05
6.47267e-05
6.47265e-05
6.47263e-05
6.4726e-05
6.47258e-05
6.47256e-05
6.47253e-05
6.47251e-05
6.47249e-05
6.47246e-05
6.47244e-05
6.47242e-05
6.47239e-05
6.47237e-05
6.47235e-05
6.47232e-05
6.4723e-05
6.47228e-05
6.47225e-05
6.47223e-05
6.47221e-05
6.47218e-05
6.47216e-05
6.47214e-05
6.47211e-05
6.47209e-05
6.47207e-05
6.47204e-05
6.47202e-05
6.472e-05
6.47197e-05
6.47195e-05
6.47193e-05
6.4719e-05
6.47188e-05
6.47186e-05
6.47183e-05
6.47181e-05
6.47179e-05
6.47176e-05
6.47174e-05
6.47172e-05
6.47169e-05
6.47167e-05
6.47165e-05
6.47162e-05
6.4716e-05
6.47158e-05
6.47155e-05
6.47153e-05
6.4715e-05
6.47148e-05
6.47146e-05
6.47143e-05
6.47141e-05
6.47139e-05
6.47136e-05
6.47134e-05
6.47132e-05
6.47129e-05
6.47127e-05
6.47125e-05
6.47122e-05
6.4712e-05
6.47118e-05
6.47115e-05
6.47113e-05
6.47111e-05
6.47108e-05
6.47106e-05
6.47104e-05
6.47101e-05
6.47099e-05
6.47097e-05
6.47094e-05
6.47092e-05
6.4709e-05
6.47087e-05
6.47085e-05
6.47083e-05
6.4708e-05
6.47078e-05
6.47076e-05
6.47073e-05
6.47071e-05
6.47069e-05
6.47066e-05
6.47064e-05
6.47062e-05
6.47059e-05
6.47057e-05
6.47055e-05
6.47052e-05
6.4705e-05
6.47048e-05
6.47045e-05
6.47043e-05
6.47041e-05
6.47038e-05
6.47036e-05
6.47034e-05
6.47031e-05
6.47029e-05
6.47027e-05
6.47024e-05
6.47022e-05
6.4702e-05
6.47017e-05
6.47015e-05
6.47013e-05
6.4701e-05
6.47008e-05
6.47006e-05
6.47003e-05
6.47001e-05
6.46999e-05
6.46996e-05
6.46994e-05
6.46992e-05
6.46989e-05
6.46987e-05
6.46985e-05
6.46982e-05
6.4698e-05
6.46978e-05
6.46975e-05
6.46973e-05
6.46971e-05
6.46968e-05
6.46966e-05
6.46964e-05
6.46961e-05
6.46959e-05
6.46957e-05
6.46954e-05
6.46952e-05
6.4695e-05
6.46947e-05
6.46945e-05
6.46943e-05
6.4694e-05
6.46938e-05
6.46936e-05
6.46933e-05
6.46931e-05
6.46929e-05
6.46926e-05
6.46924e-05
6.46922e-05
6.46919e-05
6.46917e-05
6.46915e-05
6.46912e-05
6.4691e-05
6.46908e-05
6.46905e-05
6.46903e-05
6.46901e-05
6.46898e-05
6.46896e-05
6.46894e-05
6.46891e-05
6.46889e-05
6.46887e-05
6.46884e-05
6.46882e-05
6.4688e-05
6.46877e-05
6.46875e-05
6.46873e-05
6.4687e-05
6.46868e-05
6.46866e-05
6.46863e-05
6.46861e-05
6.46859e-05
6.46856e-05
6.46854e-05
6.46852e-05
6.46849e-05
6.46847e-05
6.46845e-05
6.46842e-05
6.4684e-05
6.46838e-05
6.46835e-05
6.46833e-05
6.46831e-05
6.46828e-05
6.46826e-05
6.46824e-05
6.46821e-05
6.46819e-05
6.46817e-05
6.46814e-05
6.46812e-05
6.4681e-05
6.46807e-05
6.46805e-05
6.46803e-05
6.468e-05
6.46798e-05
6.46796e-05
6.46793e-05
6.46791e-05
6.46789e-05
6.46786e-05
6.46784e-05
6.46782e-05
6.46779e-05
6.46777e-05
6.46775e-05
6.46773e-05
6.4677e-05
6.46768e-05
6.46766e-05
6.46763e-05
6.46761e-05
6.46759e-05
6.46756e-05
6.46754e-05
6.46752e-05
6.46749e-05
6.46747e-05
6.46745e-05
6.46742e-05
6.4674e-05
6.46738e-05
6.46735e-05
6.46733e-05
6.46731e-05
6.46728e-05
6.46726e-05
6.46724e-05
6.46721e-05
6.46719e-05
6.46717e-05
6.46714e-05
6.46712e-05
6.4671e-05
6.46707e-05
6.46705e-05
6.46703e-05
6.467e-05
6.46698e-05
6.46696e-05
6.46693e-05
6.46691e-05
6.46689e-05
6.46686e-05
6.46684e-05
6.46682e-05
6.46679e-05
6.46677e-05
6.46675e-05
6.46672e-05
6.4667e-05
6.46668e-05
6.46665e-05
6.46663e-05
6.46661e-05
6.46658e-05
6.46656e-05
6.46654e-05
6.46651e-05
6.46649e-05
6.46647e-05
6.46644e-05
6.46642e-05
6.4664e-05
6.46637e-05
6.46635e-05
6.46633e-05
6.4663e-05
6.46628e-05
6.46626e-05
6.46623e-05
6.46621e-05
6.46619e-05
6.46616e-05
6.46614e-05
6.46612e-05
6.4661e-05
6.46607e-05
6.46605e-05
6.46603e-05
6.466e-05
6.46598e-05
6.46596e-05
6.46593e-05
6.46591e-05
6.46589e-05
6.46586e-05
6.46584e-05
6.46582e-05
6.46579e-05
6.46577e-05
6.46575e-05
6.46572e-05
6.4657e-05
6.46568e-05
6.46565e-05
6.46563e-05
6.46561e-05
6.46558e-05
6.46556e-05
6.46554e-05
6.46551e-05
6.46549e-05
6.46547e-05
6.46544e-05
6.46542e-05
6.4654e-05
6.46537e-05
6.46535e-05
6.46533e-05
6.4653e-05
6.46528e-05
6.46526e-05
6.46523e-05
6.46521e-05
6.46519e-05
6.46516e-05
6.46514e-05
6.46512e-05
6.46509e-05
6.46507e-05
6.46505e-05
6.46503e-05
6.465e-05
6.46498e-05
6.46496e-05
6.46493e-05
6.46491e-05
6.46489e-05
6.46486e-05
6.46484e-05
6.46482e-05
6.46479e-05
6.46477e-05
6.46475e-05
6.46472e-05
6.4647e-05
6.46468e-05
6.46465e-05
6.46463e-05
6.46461e-05
6.46458e-05
6.46456e-05
6.46454e-05
6.46451e-05
6.46449e-05
6.46447e-05
6.46444e-05
6.46442e-05
6.4644e-05
6.46437e-05
6.46435e-05
6.46433e-05
6.4643e-05
6.46428e-05
6.46426e-05
6.46423e-05
6.46421e-05
6.46419e-05
6.46416e-05
6.46414e-05
6.46412e-05
6.4641e-05
6.46407e-05
6.46405e-05
6.46403e-05
6.464e-05
6.46398e-05
6.46396e-05
6.46393e-05
6.46391e-05
6.46389e-05
6.46386e-05
6.46384e-05
6.46382e-05
6.46379e-05
6.46377e-05
6.46375e-05
6.46372e-05
6.4637e-05
6.46368e-05
6.46365e-05
6.46363e-05
6.46361e-05
6.46358e-05
6.46356e-05
6.46354e-05
6.46351e-05
6.46349e-05
6.46347e-05
6.46344e-05
6.46342e-05
6.4634e-05
6.46338e-05
6.46335e-05
6.46333e-05
6.46331e-05
6.46328e-05
6.46326e-05
6.46324e-05
6.46321e-05
6.46319e-05
6.46317e-05
6.46314e-05
6.46312e-05
6.4631e-05
6.46307e-05
6.46305e-05
6.46303e-05
6.463e-05
6.46298e-05
6.46296e-05
6.46293e-05
6.46291e-05
6.46289e-05
6.46286e-05
6.46284e-05
6.46282e-05
6.46279e-05
6.46277e-05
6.46275e-05
6.46273e-05
6.4627e-05
6.46268e-05
6.46266e-05
6.46263e-05
6.46261e-05
6.46259e-05
6.46256e-05
6.46254e-05
6.46252e-05
6.46249e-05
6.46247e-05
6.46245e-05
6.46242e-05
6.4624e-05
6.46238e-05

