5e-05
5e-05
5e-05
5e-05
5e-05
5e-05
5e-05
5e-05
5e-05
5e-05
5e-05
5e-05
5e-05
5e-05
5e-05
5e-05
5e-05
5e-05
5e-05
5e-05
5e-05
5e-05
5e-05
5e-05
5e-05
5e-05
5e-05
5e-05
5e-05
5e-05
5e-05
5e-05
5e-05
5e-05
5e-05
5e-05
5e-05
5e-05
5e-05
5e-05
5e-05
5e-05
5e-05
5e-05
5e-05
5e-05
5e-05
5e-05
5e-05
5e-05
5e-05
5e-05
5e-05
5e-05
5e-05
5e-05
5e-05
5e-05
5e-05
5e-05
5e-05
5e-05
5e-05
5e-05
5e-05
5e-05
5e-05
5e-05
5e-05
5e-05
5e-05
5e-05
5e-05
5e-05
5e-05
5e-05
5e-05
5e-05
5e-05
5e-05
5e-05
5e-05
5e-05
5e-05
5e-05
5e-05
5e-05
5e-05
5e-05
5e-05
5e-05
5e-05
5e-05
5e-05
5e-05
5e-05
5e-05
5e-05
5e-05
5e-05
5e-05
5e-05
5e-05
5e-05
5e-05
5e-05
5e-05
5e-05
5e-05
5e-05
5e-05
5e-05
5e-05
5e-05
5e-05
5e-05
5e-05
5e-05
5e-05
5e-05
5e-05
5e-05
5e-05
5e-05
5e-05
5e-05
5e-05
5e-05
5e-05
5e-05
5e-05
5e-05
5e-05
5e-05
5e-05
5e-05
5e-05
5e-05
5e-05
5e-05
5e-05
5e-05
5e-05
5e-05
5e-05
5e-05
5e-05
5e-05
5e-05
5e-05
5e-05
5e-05
5e-05
5e-05
5e-05
5e-05
5e-05
5e-05
5e-05
5e-05
5e-05
5e-05
5e-05
5e-05
5e-05
5e-05
5e-05
5e-05
5e-05
5e-05
5e-05
5e-05
5e-05
5e-05
5e-05
5e-05
5e-05
5e-05
5e-05
5e-05
5e-05
5e-05
5e-05
5e-05
5e-05
5e-05
5e-05
5e-05
5e-05
5e-05
5e-05
5e-05
5e-05
5e-05
5e-05
5e-05
5e-05
5e-05
5e-05
5e-05
5e-05
5e-05
5e-05
5e-05
5e-05
5e-05
5e-05
5e-05
5e-05
5e-05
5e-05
5e-05
5e-05
5e-05
5e-05
5e-05
5e-05
5e-05
5e-05
5e-05
5e-05
5e-05
5e-05
5e-05
5e-05
5e-05
5e-05
5e-05
5e-05
5e-05
5e-05
5e-05
5e-05
5e-05
5e-05
5e-05
5e-05
5e-05
5e-05
5e-05
5e-05
5e-05
5e-05
5e-05
5e-05
5e-05
5e-05
5e-05
5e-05
5e-05
5e-05
5e-05
5e-05
5e-05
5e-05
5e-05
5e-05
5e-05
5e-05
5e-05
5e-05
5e-05
5e-05
5e-05
5e-05
5e-05
5e-05
5e-05
5e-05
5e-05
5e-05
5e-05
5e-05
5e-05
5e-05
5e-05
5e-05
5e-05
5e-05
5e-05
5e-05
5e-05
5e-05
5e-05
5e-05
5e-05
5e-05
5e-05
5e-05
5e-05
5e-05
5e-05
5e-05
5e-05
5e-05
5e-05
5e-05
5e-05
5e-05
5e-05
5e-05
5e-05
5e-05
5e-05
5e-05
5e-05
5e-05
5e-05
5e-05
5e-05
5e-05
5e-05
5e-05
5e-05
5e-05
5e-05
5e-05
5e-05
5e-05
5e-05
5e-05
5e-05
5e-05
5e-05
5e-05
5e-05
5e-05
5e-05
5e-05
5e-05
5e-05
5e-05
5e-05
5e-05
5e-05
5e-05
5e-05
5e-05
5e-05
5e-05
5e-05
5e-05
5e-05
5e-05
5e-05
5e-05
5e-05
5e-05
5e-05
5e-05
5e-05
5e-05
5e-05
5e-05
5e-05
5e-05
5e-05
5e-05
5e-05
5e-05
5e-05
5e-05
5e-05
5e-05
5e-05
5e-05
5e-05
5e-05
5e-05
5e-05
5e-05
5e-05
5e-05
5e-05
5e-05
5e-05
5e-05
5e-05
5e-05
5e-05
5e-05
5e-05
5e-05
5e-05
5e-05
5e-05
5e-05
5e-05
5e-05
5e-05
5e-05
5e-05
5e-05
5e-05
5e-05
5e-05
5e-05
5e-05
5e-05
5e-05
5e-05
5e-05
5e-05
5e-05
5e-05
5e-05
5e-05
5e-05
5e-05
5e-05
5e-05
5e-05
5e-05
5e-05
5e-05
5e-05
5e-05
5e-05
5e-05
5e-05
5e-05
5e-05
5e-05
5e-05
5e-05
5e-05
5e-05
5e-05
5e-05
5e-05
5e-05
5e-05
5e-05
5e-05
5e-05
5e-05
5e-05
5e-05
5e-05
5e-05
5e-05
5e-05
5e-05
5e-05
5e-05
5e-05
5e-05
5e-05
5e-05
5e-05
5e-05
5e-05
5e-05
5e-05
5e-05
5e-05
5e-05
5e-05
5e-05
5e-05
5e-05
5e-05
5e-05
5e-05
5e-05
5e-05
5e-05
5e-05
5e-05
5e-05
5e-05
5e-05
5e-05
5e-05
5e-05
5e-05
5e-05
5e-05
5e-05
5e-05
5e-05
5e-05
5e-05
5e-05
5e-05
5e-05
5e-05
5e-05
5e-05
5e-05
5e-05
5e-05
5e-05
5e-05
5e-05
5e-05
5e-05
5e-05
5e-05
5e-05
5e-05
5e-05
5e-05
5e-05
5e-05
5e-05
5e-05
5e-05
5e-05
5e-05
5e-05
5e-05
5e-05
5e-05
5e-05
5e-05
5e-05
5e-05
5e-05
5e-05
5e-05
5e-05
5e-05
5e-05
5e-05
5e-05
5e-05
5e-05
5e-05
5e-05
5e-05
5e-05
5e-05
5e-05
5e-05
5e-05
5e-05
5e-05
5e-05
5e-05
5e-05
5e-05
5e-05
5e-05
5e-05
5e-05
5e-05
5e-05
5e-05
5e-05
5e-05
5e-05
5e-05
5e-05
5e-05
5e-05
5e-05
5e-05
5e-05
5e-05
5e-05
5e-05
5e-05
5e-05
5e-05
5e-05
5e-05
5e-05
5e-05
5e-05
5e-05
5e-05
5e-05
5e-05
5e-05
5e-05
5e-05
5e-05
5e-05
5e-05
5e-05
5e-05
5e-05
5e-05
5e-05
5e-05
5e-05
5e-05
5e-05
5e-05
5e-05
5e-05
5e-05
5e-05
5e-05
5e-05
5e-05
5e-05
5e-05
5e-05
5e-05
5e-05
5e-05
5e-05
5e-05
5e-05
5e-05
5e-05
5e-05
5e-05
5e-05
5e-05
5e-05
5e-05
5e-05
5e-05
5e-05
5e-05
5e-05
5e-05
5e-05
5e-05
5e-05
5e-05
5e-05
5e-05
5e-05
5e-05
5e-05
5e-05
5e-05
5e-05
5e-05
5e-05
5e-05
5e-05
5e-05
5e-05
5e-05
5e-05
5e-05
5e-05
5e-05
5e-05
5e-05
5e-05
5e-05
5e-05
5e-05
5e-05
5e-05
5e-05
5e-05
5e-05
5e-05
5e-05
5e-05
5e-05
5e-05
5e-05
5e-05
5e-05
5e-05
5e-05
5e-05
5e-05
5e-05
5e-05
5e-05
5e-05
5e-05
5e-05
5e-05
5e-05
5e-05
5e-05
5e-05
5e-05
5e-05
5e-05
5e-05
5e-05
5e-05
5e-05
5e-05
5e-05
5e-05
5e-05
5e-05
5e-05
5e-05
5e-05
5e-05
5e-05
5e-05
5e-05
5e-05
5e-05
5e-05
5e-05
5e-05
5e-05
5e-05
5e-05
5e-05
5e-05
5e-05
5e-05
5e-05
5e-05
5e-05
5e-05
5e-05
5e-05
5e-05
5e-05
5e-05
5e-05
5e-05
5e-05
5e-05
5e-05
5e-05
5e-05
5e-05
5e-05
5e-05
5e-05
5e-05
5e-05
5e-05
5e-05
5e-05
5e-05
5e-05
5e-05
5e-05
5e-05
5e-05
5e-05
5e-05
5e-05
5e-05
5e-05
5e-05
5e-05
5e-05
5e-05
5e-05
5e-05
5e-05
5e-05
5e-05
5e-05
5e-05
5e-05
5e-05
5e-05
5e-05
5e-05
5e-05
5e-05
5e-05
5e-05
5e-05
5e-05
5e-05
5e-05
5e-05
5e-05
5e-05
5e-05
5e-05
5e-05
5e-05
5e-05
5e-05
5e-05
5e-05
5e-05
5e-05
5e-05
5e-05
5e-05
5e-05
5e-05
5e-05
5e-05
5e-05
5e-05
5e-05
5e-05
5e-05
5e-05
5e-05
5e-05
5e-05
5e-05
5e-05
5e-05
5e-05
5.00003e-05
5.00015e-05
5.00045e-05
5.001e-05
5.00193e-05
5.00335e-05
5.00539e-05
5.00817e-05
5.01183e-05
5.01649e-05
5.0223e-05
5.02937e-05
5.03785e-05
5.04785e-05
5.05949e-05
5.07288e-05
5.08815e-05
5.10539e-05
5.12471e-05
5.14619e-05
5.16994e-05
5.19603e-05
5.22454e-05
5.25555e-05
5.28912e-05
5.32532e-05
5.36421e-05
5.40583e-05
5.45023e-05
5.49746e-05
5.54756e-05
5.60056e-05
5.65649e-05
5.71537e-05
5.77724e-05
5.84211e-05
5.90999e-05
5.98089e-05
6.05484e-05
6.13182e-05
6.21185e-05
6.29493e-05
6.38105e-05
6.47021e-05
6.56241e-05
6.65763e-05
6.75586e-05
6.8571e-05
6.96133e-05
7.06854e-05
7.1787e-05
7.2918e-05
7.40782e-05
7.52674e-05
7.64853e-05
7.77318e-05
7.90066e-05
8.03094e-05
8.16401e-05
8.29982e-05
8.43836e-05
8.5796e-05
8.72351e-05
8.87007e-05
9.01923e-05
9.17098e-05
9.32528e-05
9.4821e-05
9.64142e-05
9.8032e-05
9.96742e-05
0.00010134
0.00010303
0.000104743
0.00010648
0.000108239
0.00011002
0.000111824
0.00011365
0.000115497
0.000117365
0.000119253
0.00012116
0.000123084
0.000125025
0.000126981
0.00012895
0.00013093
0.000132921
0.00013492
0.000136926
0.000138937
0.000140952
0.000142969
0.000144987
0.000147004
0.000149019
0.00015103
0.000153037
0.000155038
0.000157031
0.000159017
0.000160993
0.000162959
0.000164914
0.000166856
0.000168786
0.000170703
0.000172605
0.000174491
0.000176363
0.000178218
0.000180056
0.000181877
0.000183681
0.000185467
0.000187234
0.000188982
0.000190711
0.000192421
0.000194111
0.000195782
0.000197433
0.000199063
0.000200674
0.000202264
0.000203834
0.000205383
0.000206912
0.00020842
0.000209908
0.000211375
0.000212822
0.000214248
0.000215654
0.00021704
0.000218406
0.000219751
0.000221077
0.000222382
0.000223668
0.000224934
0.000226181
0.000227408
0.000228616
0.000229805
0.000230975
0.000232127
0.00023326
0.000234375
0.000235471
0.00023655
0.000237611
0.000238654
0.00023968
0.000240688
0.00024168
0.000242655
0.000243613
0.000244555
0.00024548
0.00024639
0.000247284
0.000248162
0.000249025
0.000249873
0.000250706
0.000251524
0.000252328
0.000253117
0.000253892
0.000254653
0.000255401
0.000256134
0.000256855
0.000257562
0.000258257
0.000258938
0.000259607
0.000260264
0.000260908
0.000261541
0.000262161
0.00026277
0.000263368
0.000263954
0.000264529
0.000265093
0.000265647
0.00026619
0.000266722
0.000267244
0.000267756
0.000268258
0.000268751
0.000269234
0.000269707
0.000270171
0.000270626
0.000271072
0.000271509
0.000271937
0.000272357
0.000272768
0.000273172
0.000273567
0.000273954
0.000274333
0.000274704
0.000275068
0.000275425
0.000275774
0.000276116
0.00027645
0.000276778
0.000277099
0.000277413
0.000277721
0.000278022
0.000278317
0.000278605
0.000278887
0.000279164
0.000279434
0.000279698
0.000279957
0.00028021
0.000280458
0.0002807
0.000280936
0.000281168
0.000281394
0.000281615
0.000281831
0.000282042
0.000282249
0.00028245
0.000282647
0.00028284
0.000283028
0.000283211
0.000283391
0.000283566
0.000283736
0.000283903
0.000284066
0.000284224
0.000284379
0.00028453
0.000284677
0.000284821
0.000284961
0.000285097
0.00028523
0.00028536
0.000285486
0.000285609
0.000285728
0.000285845
0.000285958
0.000286068
0.000286175
0.000286279
0.000286381
0.000286479
0.000286575
0.000286667
0.000286758
0.000286845
0.00028693
0.000287012
0.000287092
0.000287169
0.000287244
0.000287317
0.000287387
0.000287455
0.00028752
0.000287584
0.000287645
0.000287704
0.000287761
0.000287816
0.000287869
0.000287919
0.000287968
0.000288015
0.000288061
0.000288104
0.000288145
0.000288185
0.000288223
0.000288259
0.000288294
0.000288327
0.000288358
0.000288388
0.000288416
0.000288442
0.000288467
0.000288491
0.000288513
0.000288534
0.000288553
0.000288571
0.000288588
0.000288603
0.000288617
0.00028863
0.000288641
0.000288651
0.00028866
0.000288668
0.000288675
0.00028868
0.000288684
0.000288688
0.00028869
0.000288691
0.000288691
0.00028869
0.000288688
0.000288685
0.000288681
0.000288676
0.000288671
0.000288664
0.000288656
0.000288648
0.000288638
0.000288628
0.000288617
0.000288605
0.000288593
0.000288579
0.000288565
0.00028855
0.000288534
0.000288518
0.0002885
0.000288482
0.000288464
0.000288445
0.000288425
0.000288404
0.000288383
0.000288361
0.000288338
0.000288315
0.000288292
0.000288267
0.000288242
0.000288217
0.000288191
0.000288164
0.000288137
0.00028811
0.000288082
0.000288053
0.000288024
0.000287994
0.000287964
0.000287934
0.000287903
0.000287871
0.000287839
0.000287807
0.000287774
0.000287741
0.000287707
0.000287674
0.000287639
0.000287604
0.000287569
0.000287534
0.000287498
0.000287462
0.000287425
0.000287388
0.000287351
0.000287313
0.000287275
0.000287237
0.000287198
0.000287159
0.00028712
0.000287081
0.000287041
0.000287001
0.000286961
0.00028692
0.000286879
0.000286838
0.000286796
0.000286755
0.000286713
0.000286671
0.000286628
0.000286586
0.000286543
0.0002865
0.000286456
0.000286413
0.000286369
0.000286325
0.000286281
0.000286237
0.000286192
0.000286147
0.000286102
0.000286057
0.000286012
0.000285966
0.000285921
0.000285875
0.000285829
0.000285783
0.000285736
0.00028569
0.000285643
0.000285596
0.000285549
0.000285502
0.000285455
0.000285407
0.00028536
0.000285312
0.000285264
0.000285216
0.000285168
0.00028512
0.000285072
0.000285023
0.000284975
0.000284926
0.000284877
0.000284828
0.000284779
0.00028473
0.000284681
0.000284632
0.000284582
0.000284533
0.000284483
0.000284433
0.000284384
0.000284334
0.000284284
0.000284234
0.000284184
0.000284133
0.000284083
0.000284033
0.000283982
0.000283932
0.000283881
0.00028383
0.000283779
0.000283729
0.000283678
0.000283627
0.000283576
0.000283525
0.000283473
0.000283422
0.000283371
0.000283319
0.000283268
0.000283217
0.000283165
0.000283113
0.000283062
0.00028301
0.000282958
0.000282907
0.000282855
0.000282803
0.000282751
0.000282699
0.000282647
0.000282595
0.000282543
0.000282491
0.000282439
0.000282386
0.000282334
0.000282282
0.000282229
0.000282177
0.000282125
0.000282072
0.00028202
0.000281967
0.000281915
0.000281862
0.00028181
0.000281757
0.000281704
0.000281652
0.000281599
0.000281546
0.000281494
0.000281441
0.000281388
0.000281335
0.000281282
0.00028123
0.000281177
0.000281124
0.000281071
0.000281018
0.000280965
0.000280912
0.000280859
0.000280806
0.000280753
0.0002807
0.000280647
0.000280594
0.000280541
0.000280488
0.000280434
0.000280381
0.000280328
0.000280275
0.000280222
0.000280169
0.000280115
0.000280062
0.000280009
0.000279956
0.000279903
0.000279849
0.000279796
0.000279743
0.00027969
0.000279636
0.000279583
0.00027953
0.000279477
0.000279423
0.00027937
0.000279317
0.000279263
0.00027921
0.000279157
0.000279103
0.00027905
0.000278997
0.000278943
0.00027889
0.000278837
0.000278783
0.00027873
0.000278677
0.000278623
0.00027857
0.000278517
0.000278463
0.00027841
0.000278357
0.000278303
0.00027825
0.000278197
0.000278143
0.00027809
0.000278037
0.000277983
0.00027793
0.000277876
0.000277823
0.00027777
0.000277716
0.000277663
0.00027761
0.000277556
0.000277503
0.00027745
0.000277397
0.000277343
0.00027729
0.000277237
0.000277183
0.00027713
0.000277077
0.000277023
0.00027697
0.000276917
0.000276864
0.00027681
0.000276757
0.000276704
0.00027665
0.000276597
0.000276544
0.000276491
0.000276438
0.000276384
0.000276331
0.000276278
0.000276225
0.000276171
0.000276118
0.000276065
0.000276012
0.000275959
0.000275906
0.000275852
0.000275799
0.000275746
0.000275693
0.00027564
0.000275587
0.000275534
0.00027548
0.000275427
0.000275374
0.000275321
0.000275268
0.000275215
0.000275162
0.000275109
0.000275056
0.000275003
0.00027495
0.000274897
0.000274844
0.000274791
0.000274738
0.000274685
0.000274632
0.000274579
0.000274526
0.000274473
0.00027442
0.000274367
0.000274314
0.000274261
0.000274208
0.000274155
0.000274102
0.00027405
0.000273997
0.000273944
0.000273891
0.000273838
0.000273785
0.000273732
0.00027368
0.000273627
0.000273574
0.000273521
0.000273469
0.000273416
0.000273363
0.00027331
0.000273258
0.000273205
0.000273152
0.000273099
0.000273047
0.000272994
0.000272941
0.000272889
0.000272836
0.000272783
0.000272731
0.000272678
0.000272626
0.000272573
0.00027252
0.000272468
0.000272415
0.000272363
0.00027231
0.000272258
0.000272205
0.000272153
0.0002721
0.000272048
0.000271995
0.000271943
0.00027189
0.000271838
0.000271785
0.000271733
0.00027168
0.000271628
0.000271576
0.000271523
0.000271471
0.000271418
0.000271366
0.000271314
0.000271261
0.000271209
0.000271157
0.000271105
0.000271052
0.000271
0.000270948
0.000270895
0.000270843
0.000270791
0.000270739
0.000270687
0.000270634
0.000270582
0.00027053
0.000270478
0.000270426
0.000270374
0.000270321
0.000270269
0.000270217
0.000270165
0.000270113
0.000270061
0.000270009
0.000269957
0.000269905
0.000269853
0.000269801
0.000269749
0.000269697
0.000269645
0.000269593
0.000269541
0.000269489
0.000269437
0.000269385
0.000269333
0.000269281
0.000269229
0.000269178
0.000269126
0.000269074
0.000269022
0.00026897
0.000268918
0.000268867
0.000268815
0.000268763
0.000268711
0.000268659
0.000268608
0.000268556
0.000268504
0.000268452
0.000268401
0.000268349
0.000268297
0.000268246
0.000268194
0.000268142
0.000268091
0.000268039
0.000267988
0.000267936
0.000267884
0.000267833
0.000267781
0.00026773
0.000267678
0.000267627
0.000267575
0.000267524
0.000267472
0.000267421
0.000267369
0.000267318
0.000267266
0.000267215
0.000267163
0.000267112
0.000267061
0.000267009
0.000266958
0.000266906
0.000266855
0.000266804
0.000266752
0.000266701
0.00026665
0.000266599
0.000266547
0.000266496
0.000266445
0.000266393
0.000266342
0.000266291
0.00026624
0.000266189
0.000266137
0.000266086
0.000266035
0.000265984
0.000265933
0.000265882
0.00026583
0.000265779
0.000265728
0.000265677
0.000265626
0.000265575
0.000265524
0.000265473
0.000265422
0.000265371
0.00026532
0.000265269
0.000265218
0.000265167
0.000265116
0.000265065
0.000265014
0.000264963
0.000264912
0.000264861
0.000264811
0.00026476
0.000264709
0.000264658
0.000264607
0.000264556
0.000264506
0.000264455
0.000264404
0.000264353
0.000264302
0.000264252
0.000264201
0.00026415
0.000264099
0.000264049
0.000263998
0.000263947
0.000263897
0.000263846
0.000263795
0.000263745
0.000263694
0.000263643
0.000263593
0.000263542
0.000263492
0.000263441
0.000263391
0.00026334
0.000263289
0.000263239
0.000263188
0.000263138
0.000263087
0.000263037
0.000262987
0.000262936
0.000262886
0.000262835
0.000262785
0.000262734
0.000262684
0.000262634
0.000262583
0.000262533
0.000262483
0.000262432
0.000262382
0.000262332
0.000262281
0.000262231
0.000262181
0.00026213
0.00026208
0.00026203
0.00026198
0.000261929
0.000261879
0.000261829
0.000261779
0.000261729
0.000261679
0.000261628
0.000261578
0.000261528
0.000261478
0.000261428
0.000261378
0.000261328
0.000261278
0.000261228
0.000261178
0.000261128
0.000261078
0.000261027
0.000260977
0.000260928
0.000260878
0.000260828
0.000260778
0.000260728
0.000260678
0.000260628
0.000260578
0.000260528
0.000260478
0.000260428
0.000260378
0.000260329
0.000260279
0.000260229
0.000260179
0.000260129
0.000260079
0.00026003
0.00025998
0.00025993
0.00025988
0.000259831
0.000259781
0.000259731
0.000259682
0.000259632
0.000259582
0.000259533
0.000259483
0.000259433
0.000259384
0.000259334
0.000259284
0.000259235
0.000259185
0.000259136
0.000259086
0.000259037
0.000258987
0.000258937
0.000258888
0.000258838
0.000258789
0.000258739
0.00025869
0.000258641
0.000258591
0.000258542
0.000258492
0.000258443
0.000258393
0.000258344
0.000258295
0.000258245
0.000258196
0.000258147
0.000258097
0.000258048
0.000257999
0.000257949
0.0002579
0.000257851
0.000257802
0.000257752
0.000257703
0.000257654
0.000257605
0.000257555
0.000257506
0.000257457
0.000257408
0.000257359
0.00025731
0.00025726
0.000257211
0.000257162
0.000257113
0.000257064
0.000257015
0.000256966
0.000256917
0.000256868
0.000256819
0.00025677
0.000256721
0.000256672
0.000256623
0.000256574
0.000256525
0.000256476
0.000256427
0.000256378
0.000256329
0.00025628
0.000256231
0.000256182
0.000256133
0.000256085
0.000256036
0.000255987
0.000255938
0.000255889
0.00025584
0.000255792
0.000255743
0.000255694
0.000255645
0.000255597
0.000255548
0.000255499
0.00025545
0.000255402
0.000255353
0.000255304
0.000255256
0.000255207
0.000255158
0.00025511
0.000255061
0.000255012
0.000254964
0.000254915
0.000254867
0.000254818
0.00025477
0.000254721
0.000254672
0.000254624
0.000254575
0.000254527
0.000254478
0.00025443
0.000254382
0.000254333
0.000254285
0.000254236
0.000254188
0.000254139
0.000254091
0.000254043
0.000253994
0.000253946
0.000253897
0.000253849
0.000253801
0.000253752
0.000253704
0.000253656
0.000253608
0.000253559
0.000253511
0.000253463
0.000253415
0.000253366
0.000253318
0.00025327
0.000253222
0.000253174
0.000253125
0.000253077
0.000253029
0.000252981
0.000252933
0.000252885
0.000252837
0.000252788
0.00025274
0.000252692
0.000252644
0.000252596
0.000252548
0.0002525
0.000252452
0.000252404
0.000252356
0.000252308
0.00025226
0.000252212
0.000252164
0.000252116
0.000252068
0.00025202
0.000251972
0.000251925
0.000251877
0.000251829
0.000251781
0.000251733
0.000251685
0.000251637
0.00025159
0.000251542
0.000251494
0.000251446
0.000251398
0.000251351
0.000251303
0.000251255
0.000251208
0.00025116
0.000251112
0.000251064
0.000251017
0.000250969
0.000250921
0.000250874
0.000250826
0.000250778
0.000250731
0.000250683
0.000250636
0.000250588
0.00025054
0.000250493
0.000250445
0.000250398
0.00025035
0.000250303
0.000250255
0.000250208
0.00025016
0.000250113
0.000250065
0.000250018
0.00024997
0.000249923
0.000249876
0.000249828
0.000249781
0.000249733
0.000249686
0.000249639
0.000249591
0.000249544
0.000249497
0.000249449
0.000249402
0.000249355
0.000249307
0.00024926
0.000249213
0.000249166
0.000249118
0.000249071
0.000249024
0.000248977
0.00024893
0.000248882
0.000248835
0.000248788
0.000248741
0.000248694
0.000248647
0.000248599
0.000248552
0.000248505
0.000248458
0.000248411
0.000248364
0.000248317
0.00024827
0.000248223
0.000248176
0.000248129
0.000248082
0.000248035
0.000247988
0.000247941
0.000247894
0.000247847
0.0002478
0.000247753
0.000247706
0.000247659
0.000247612
0.000247566
0.000247519
0.000247472
0.000247425
0.000247378
0.000247331
0.000247285
0.000247238
0.000247191
0.000247144
0.000247097
0.000247051
0.000247004
0.000246957
0.00024691
0.000246864
0.000246817
0.00024677
0.000246724
0.000246677
0.00024663
0.000246584
0.000246537
0.00024649
0.000246444
0.000246397
0.000246351
0.000246304
0.000246257
0.000246211
0.000246164
0.000246118
0.000246071
0.000246025
0.000245978
0.000245932
0.000245885
0.000245839
0.000245792
0.000245746
0.000245699
0.000245653
0.000245606
0.00024556
0.000245514
0.000245467
0.000245421
0.000245374
0.000245328
0.000245282
0.000245235
0.000245189
0.000245143
0.000245096
0.00024505
0.000245004
0.000244958
0.000244911
0.000244865
0.000244819
0.000244773
0.000244726
0.00024468
0.000244634
0.000244588
0.000244542
0.000244495
0.000244449
0.000244403
0.000244357
0.000244311
0.000244265
0.000244219
0.000244173
0.000244127
0.00024408
0.000244034
0.000243988
0.000243942
0.000243896
0.00024385
0.000243804
0.000243758
0.000243712
0.000243666
0.00024362
0.000243574
0.000243528
0.000243483
0.000243437
0.000243391
0.000243345
0.000243299
0.000243253
0.000243207
0.000243161
0.000243116
0.00024307
0.000243024
0.000242978
0.000242932
0.000242886
0.000242841
0.000242795
0.000242749
0.000242703
0.000242658
0.000242612
0.000242566
0.000242521
0.000242475
0.000242429
0.000242383
0.000242338
0.000242292
0.000242247
0.000242201
0.000242155
0.00024211
0.000242064
0.000242018
0.000241973
0.000241927
0.000241882
0.000241836
0.000241791
0.000241745
0.0002417
0.000241654
0.000241609
0.000241563
0.000241518
0.000241472
0.000241427
0.000241381
0.000241336
0.000241291
0.000241245
0.0002412
0.000241154
0.000241109
0.000241064
0.000241018
0.000240973
0.000240928
0.000240882
0.000240837
0.000240792
0.000240746
0.000240701
0.000240656
0.000240611
0.000240565
0.00024052
0.000240475
0.00024043
0.000240384
0.000240339
0.000240294
0.000240249
0.000240204
0.000240159
0.000240113
0.000240068
0.000240023
0.000239978
0.000239933
0.000239888
0.000239843
0.000239798
0.000239753
0.000239708
0.000239663
0.000239617
0.000239572
0.000239527
0.000239482
0.000239437
0.000239392
0.000239348
0.000239303
0.000239258
0.000239213
0.000239168
0.000239123
0.000239078
0.000239033
0.000238988
0.000238943
0.000238898
0.000238854
0.000238809
0.000238764
0.000238719
0.000238674
0.00023863
0.000238585
0.00023854
0.000238495
0.00023845
0.000238406
0.000238361
0.000238316
0.000238272
0.000238227
0.000238182
0.000238137
0.000238093
0.000238048
0.000238003
0.000237959
0.000237914
0.00023787
0.000237825
0.00023778
0.000237736
0.000237691
0.000237647
0.000237602
0.000237558
0.000237513
0.000237468
0.000237424
0.000237379
0.000237335
0.00023729
0.000237246
0.000237202
0.000237157
0.000237113
0.000237068
0.000237024
0.000236979
0.000236935
0.000236891
0.000236846
0.000236802
0.000236757
0.000236713
0.000236669
0.000236624
0.00023658
0.000236536
0.000236491
0.000236447
0.000236403
0.000236359
0.000236314
0.00023627
0.000236226
0.000236182
0.000236137
0.000236093
0.000236049
0.000236005
0.000235961
0.000235917
0.000235872
0.000235828
0.000235784
0.00023574
0.000235696
0.000235652
0.000235608
0.000235564
0.00023552
0.000235475
0.000235431
0.000235387
0.000235343
0.000235299
0.000235255
0.000235211
0.000235167
0.000235123
0.000235079
0.000235035
0.000234991
0.000234948
0.000234904
0.00023486
0.000234816
0.000234772
0.000234728
0.000234684
0.00023464
0.000234596
0.000234553
0.000234509
0.000234465
0.000234421
0.000234377
0.000234333
0.00023429
0.000234246
0.000234202
0.000234158
0.000234115
0.000234071
0.000234027
0.000233983
0.00023394
0.000233896
0.000233852
0.000233809
0.000233765
0.000233721
0.000233678
0.000233634
0.000233591
0.000233547
0.000233503
0.00023346
0.000233416
0.000233373
0.000233329
0.000233285
0.000233242
0.000233198
0.000233155
0.000233111
0.000233068
0.000233024
0.000232981
0.000232937
0.000232894
0.000232851
0.000232807
0.000232764
0.00023272
0.000232677
0.000232633
0.00023259
0.000232547
0.000232503
0.00023246
0.000232417
0.000232373
0.00023233
0.000232287
0.000232243
0.0002322
0.000232157
0.000232113
0.00023207
0.000232027
0.000231984
0.00023194
0.000231897
0.000231854
0.000231811
0.000231768
0.000231724
0.000231681
0.000231638
0.000231595
0.000231552
0.000231509
0.000231466
0.000231422
0.000231379
0.000231336
0.000231293
0.00023125
0.000231207
0.000231164
0.000231121
0.000231078
0.000231035
0.000230992
0.000230949
0.000230906
0.000230863
0.00023082
0.000230777
0.000230734
0.000230691
0.000230648
0.000230605
0.000230562
0.000230519
0.000230476
0.000230434
0.000230391
0.000230348
0.000230305
0.000230262
0.000230219
0.000230176
0.000230134
0.000230091
0.000230048
0.000230005
0.000229962
0.00022992
0.000229877
0.000229834
0.000229791
0.000229749
0.000229706
0.000229663
0.000229621
0.000229578
0.000229535
0.000229493
0.00022945
0.000229407
0.000229365
0.000229322
0.000229279
0.000229237
0.000229194
0.000229152
0.000229109
0.000229067
0.000229024
0.000228981
0.000228939
0.000228896
0.000228854
0.000228811
0.000228769
0.000228726
0.000228684
0.000228641
0.000228599
0.000228557
0.000228514
0.000228472
0.000228429
0.000228387
0.000228344
0.000228302
0.00022826
0.000228217
0.000228175
0.000228133
0.00022809
0.000228048
0.000228006
0.000227963
0.000227921
0.000227879
0.000227836
0.000227794
0.000227752
0.00022771
0.000227667
0.000227625
0.000227583
0.000227541
0.000227499
0.000227456
0.000227414
0.000227372
0.00022733
0.000227288
0.000227246
0.000227204
0.000227161
0.000227119
0.000227077
0.000227035
0.000226993
0.000226951
0.000226909
0.000226867
0.000226825
0.000226783
0.000226741
0.000226699
0.000226657
0.000226615
0.000226573
0.000226531
0.000226489
0.000226447
0.000226405
0.000226363
0.000226321
0.000226279
0.000226237
0.000226195
0.000226154
0.000226112
0.00022607
0.000226028
0.000225986
0.000225944
0.000225902
0.000225861
0.000225819
0.000225777
0.000225735
0.000225693
0.000225652
0.00022561
0.000225568
0.000225526
0.000225485
0.000225443
0.000225401
0.00022536
0.000225318
0.000225276
0.000225235
0.000225193
0.000225151
0.00022511
0.000225068
0.000225026
0.000224985
0.000224943
0.000224902
0.00022486
0.000224818
0.000224777
0.000224735
0.000224694
0.000224652
0.000224611
0.000224569
0.000224528
0.000224486
0.000224445
0.000224403
0.000224362
0.00022432
0.000224279
0.000224237
0.000224196
0.000224155
0.000224113
0.000224072
0.00022403
0.000223989
0.000223948
0.000223906
0.000223865
0.000223824
0.000223782
0.000223741
0.0002237
0.000223658
0.000223617
0.000223576
0.000223535
0.000223493
0.000223452
0.000223411
0.00022337
0.000223328
0.000223287
0.000223246
0.000223205
0.000223164
0.000223122
0.000223081
0.00022304
0.000222999
0.000222958
0.000222917
0.000222875
0.000222834
0.000222793
0.000222752
0.000222711
0.00022267
0.000222629
0.000222588
0.000222547
0.000222506
0.000222465
0.000222424
0.000222383
0.000222342
0.000222301
0.00022226
0.000222219
0.000222178
0.000222137
0.000222096
0.000222055
0.000222014
0.000221973
0.000221932
0.000221892
0.000221851
0.00022181
0.000221769
0.000221728
0.000221687
0.000221646
0.000221606
0.000221565
0.000221524
0.000221483
0.000221442
0.000221402
0.000221361
0.00022132
0.000221279
0.000221239
0.000221198
0.000221157
0.000221117
0.000221076
0.000221035
0.000220995
0.000220954
0.000220913
0.000220873
0.000220832
0.000220791
0.000220751
0.00022071
0.000220669
0.000220629
0.000220588
0.000220548
0.000220507
0.000220467
0.000220426
0.000220386
0.000220345
0.000220304
0.000220264
0.000220223
0.000220183
0.000220143
0.000220102
0.000220062
0.000220021
0.000219981
0.00021994
0.0002199
0.000219859
0.000219819
0.000219779
0.000219738
0.000219698
0.000219658
0.000219617
0.000219577
0.000219536
0.000219496
0.000219456
0.000219416
0.000219375
0.000219335
0.000219295
0.000219254
0.000219214
0.000219174
0.000219134
0.000219093
0.000219053
0.000219013
0.000218973
0.000218933
0.000218892
0.000218852
0.000218812
0.000218772
0.000218732
0.000218692
0.000218652
0.000218611
0.000218571
0.000218531
0.000218491
0.000218451
0.000218411
0.000218371
0.000218331
0.000218291
0.000218251
0.000218211
0.000218171
0.000218131
0.000218091
0.000218051
0.000218011
0.000217971
0.000217931
0.000217891
0.000217851
0.000217811
0.000217771
0.000217731
0.000217691
0.000217651
0.000217611
0.000217572
0.000217532
0.000217492
0.000217452
0.000217412
0.000217372
0.000217333
0.000217293
0.000217253
0.000217213
0.000217173
0.000217134
0.000217094
0.000217054
0.000217014
0.000216975
0.000216935
0.000216895
0.000216855
0.000216816
0.000216776
0.000216736
0.000216697
0.000216657
0.000216617
0.000216578
0.000216538
0.000216499
0.000216459
0.000216419
0.00021638
0.00021634
0.000216301
0.000216261
0.000216221
0.000216182
0.000216142
0.000216103
0.000216063
0.000216024
0.000215984
0.000215945
0.000215905
0.000215866
0.000215826
0.000215787
0.000215747
0.000215708
0.000215669
0.000215629
0.00021559
0.00021555
0.000215511
0.000215472
0.000215432
0.000215393
0.000215353
0.000215314
0.000215275
0.000215235
0.000215196
0.000215157
0.000215118
0.000215078
0.000215039
0.000215
0.00021496
0.000214921
0.000214882
0.000214843
0.000214803
0.000214764
0.000214725
0.000214686
0.000214647
0.000214607
0.000214568
0.000214529
0.00021449
0.000214451
0.000214412
0.000214373
0.000214333
0.000214294
0.000214255
0.000214216
0.000214177
0.000214138
0.000214099
0.00021406
0.000214021
0.000213982
0.000213943
0.000213904
0.000213865
0.000213826
0.000213787
0.000213748
0.000213709
0.00021367
0.000213631
0.000213592
0.000213553
0.000213514
0.000213475
0.000213436
0.000213397
0.000213359
0.00021332
0.000213281
0.000213242
0.000213203
0.000213164
0.000213125
0.000213087
0.000213048
0.000213009
0.00021297
0.000212931
0.000212893
0.000212854
0.000212815
0.000212776
0.000212738
0.000212699
0.00021266
0.000212621
0.000212583
0.000212544
0.000212505
0.000212467
0.000212428
0.000212389
0.000212351
0.000212312
0.000212273
0.000212235
0.000212196
0.000212158
0.000212119
0.00021208
0.000212042
0.000212003
0.000211965
0.000211926
0.000211888
0.000211849
0.00021181
0.000211772
0.000211733
0.000211695
0.000211656
0.000211618
0.00021158
0.000211541
0.000211503
0.000211464
0.000211426
0.000211387
0.000211349
0.00021131
0.000211272
0.000211234
0.000211195
0.000211157
0.000211119
0.00021108
0.000211042
0.000211004
0.000210965
0.000210927
0.000210889
0.00021085
0.000210812
0.000210774
0.000210735
0.000210697
0.000210659
0.000210621
0.000210582
0.000210544
0.000210506
0.000210468
0.00021043
0.000210391
0.000210353
0.000210315
0.000210277
0.000210239
0.000210201
0.000210162
0.000210124
0.000210086
0.000210048
0.00021001
0.000209972
0.000209934
0.000209896
0.000209858
0.00020982
0.000209782
0.000209744
0.000209705
0.000209667
0.000209629
0.000209591
0.000209553
0.000209515
0.000209477
0.00020944
0.000209402
0.000209364
0.000209326
0.000209288
0.00020925
0.000209212
0.000209174
0.000209136
0.000209098
0.00020906
0.000209022
0.000208985
0.000208947
0.000208909
0.000208871
0.000208833
0.000208795
0.000208758
0.00020872
0.000208682
0.000208644
0.000208606
0.000208569
0.000208531
0.000208493
0.000208455
0.000208418
0.00020838
0.000208342
0.000208305
0.000208267
0.000208229
0.000208192
0.000208154
0.000208116
0.000208079
0.000208041
0.000208003
0.000207966
0.000207928
0.00020789
0.000207853
0.000207815
0.000207778
0.00020774
0.000207703
0.000207665
0.000207627
0.00020759
0.000207552
0.000207515
0.000207477
0.00020744
0.000207402
0.000207365
0.000207327
0.00020729
0.000207253
0.000207215
0.000207178
0.00020714
0.000207103
0.000207065
0.000207028
0.000206991
0.000206953
0.000206916
0.000206878
0.000206841
0.000206804
0.000206766
0.000206729
0.000206692
0.000206654
0.000206617
0.00020658
0.000206543
0.000206505
0.000206468
0.000206431
0.000206393
0.000206356
0.000206319
0.000206282
0.000206245
0.000206207
0.00020617
0.000206133
0.000206096
0.000206059
0.000206021
0.000205984
0.000205947
0.00020591
0.000205873
0.000205836
0.000205799
0.000205761
0.000205724
0.000205687
0.00020565
0.000205613
0.000205576
0.000205539
0.000205502
0.000205465
0.000205428
0.000205391
0.000205354
0.000205317
0.00020528
0.000205243
0.000205206
0.000205169
0.000205132
0.000205095
0.000205058
0.000205021
0.000204984
0.000204947
0.00020491
0.000204874
0.000204837
0.0002048
0.000204763
0.000204726
0.000204689
0.000204652
0.000204616
0.000204579
0.000204542
0.000204505
0.000204468
0.000204431
0.000204395
0.000204358
0.000204321
0.000204284
0.000204248
0.000204211
0.000204174
0.000204137
0.000204101
0.000204064
0.000204027
0.000203991
0.000203954
0.000203917
0.000203881
0.000203844
0.000203807
0.000203771
0.000203734
0.000203697
0.000203661
0.000203624
0.000203588
0.000203551
0.000203514
0.000203478
0.000203441
0.000203405
0.000203368
0.000203332
0.000203295
0.000203259
0.000203222
0.000203186
0.000203149
0.000203113
0.000203076
0.00020304
0.000203003
0.000202967
0.00020293
0.000202894
0.000202858
0.000202821
0.000202785
0.000202748
0.000202712
0.000202676
0.000202639
0.000202603
0.000202566
0.00020253
0.000202494
0.000202457
0.000202421
0.000202385
0.000202348
0.000202312
0.000202276
0.00020224
0.000202203
0.000202167
0.000202131
0.000202095
0.000202058
0.000202022
0.000201986
0.00020195
0.000201914
0.000201877
0.000201841
0.000201805
0.000201769
0.000201733
0.000201696
0.00020166
0.000201624
0.000201588
0.000201552
0.000201516
0.00020148
0.000201444
0.000201408
0.000201372
0.000201335
0.000201299
0.000201263
0.000201227
0.000201191
0.000201155
0.000201119
0.000201083
0.000201047
0.000201011
0.000200975
0.000200939
0.000200903
0.000200867
0.000200831
0.000200795
0.00020076
0.000200724
0.000200688
0.000200652
0.000200616
0.00020058
0.000200544
0.000200508
0.000200472
0.000200437
0.000200401
0.000200365
0.000200329
0.000200293
0.000200257
0.000200222
0.000200186
0.00020015
0.000200114
0.000200078
0.000200043
0.000200007
0.000199971
0.000199935
0.0001999
0.000199864
0.000199828
0.000199793
0.000199757
0.000199721
0.000199686
0.00019965
0.000199614
0.000199579
0.000199543
0.000199507
0.000199472
0.000199436
0.0001994
0.000199365
0.000199329
0.000199294
0.000199258
0.000199222
0.000199187
0.000199151
0.000199116
0.00019908
0.000199045
0.000199009
0.000198974
0.000198938
0.000198903
0.000198867
0.000198832
0.000198796
0.000198761
0.000198725
0.00019869
0.000198654
0.000198619
0.000198584
0.000198548
0.000198513
0.000198477
0.000198442
0.000198407
0.000198371
0.000198336
0.000198301
0.000198265
0.00019823
0.000198195
0.000198159
0.000198124
0.000198089
0.000198053
0.000198018
0.000197983
0.000197948
0.000197912
0.000197877
0.000197842
0.000197807
0.000197771
0.000197736
0.000197701
0.000197666
0.00019763
0.000197595
0.00019756
0.000197525
0.00019749
0.000197455
0.000197419
0.000197384
0.000197349
0.000197314
0.000197279
0.000197244
0.000197209
0.000197174
0.000197139
0.000197104
0.000197068
0.000197033
0.000196998
0.000196963
0.000196928
0.000196893
0.000196858
0.000196823
0.000196788
0.000196753
0.000196718
0.000196683
0.000196648
0.000196613
0.000196578
0.000196544
0.000196509
0.000196474
0.000196439
0.000196404
0.000196369
0.000196334
0.000196299
0.000196264
0.000196229
0.000196195
0.00019616
0.000196125
0.00019609
0.000196055
0.00019602
0.000195986
0.000195951
0.000195916
0.000195881
0.000195846
0.000195812
0.000195777
0.000195742
0.000195707
0.000195673
0.000195638
0.000195603
0.000195569
0.000195534
0.000195499
0.000195464
0.00019543
0.000195395
0.00019536
0.000195326
0.000195291
0.000195257
0.000195222
0.000195187
0.000195153
0.000195118
0.000195083
0.000195049
0.000195014
0.00019498
0.000194945
0.000194911
0.000194876
0.000194841
0.000194807
0.000194772
0.000194738
0.000194703
0.000194669
0.000194634
0.0001946
0.000194565
0.000194531
0.000194497
0.000194462
0.000194428
0.000194393
0.000194359
0.000194324
0.00019429
0.000194256
0.000194221
0.000194187
0.000194152
0.000194118
0.000194084
0.000194049
0.000194015
0.000193981
0.000193946
0.000193912
0.000193878
0.000193843
0.000193809
0.000193775
0.000193741
0.000193706
0.000193672
0.000193638
0.000193603
0.000193569
0.000193535
0.000193501
0.000193467
0.000193432
0.000193398
0.000193364
0.00019333
0.000193296
0.000193261
0.000193227
0.000193193
0.000193159
0.000193125
0.000193091
0.000193057
0.000193022
0.000192988
0.000192954
0.00019292
0.000192886
0.000192852
0.000192818
0.000192784
0.00019275
0.000192716
0.000192682
0.000192648
0.000192614
0.00019258
0.000192546
0.000192512
0.000192478
0.000192444
0.00019241
0.000192376
0.000192342
0.000192308
0.000192274
0.00019224
0.000192206
0.000192172
0.000192138
0.000192105
0.000192071
0.000192037
0.000192003
0.000191969
0.000191935
0.000191901
0.000191867
0.000191834
0.0001918
0.000191766
0.000191732
0.000191698
0.000191665
0.000191631
0.000191597
0.000191563
0.00019153
0.000191496
0.000191462
0.000191428
0.000191395
0.000191361
0.000191327
0.000191293
0.00019126
0.000191226
0.000191192
0.000191159
0.000191125
0.000191091
0.000191058
0.000191024
0.00019099
0.000190957
0.000190923
0.00019089
0.000190856
0.000190822
0.000190789
0.000190755
0.000190722
0.000190688
0.000190655
0.000190621
0.000190587
0.000190554
0.00019052
0.000190487
0.000190453
0.00019042
0.000190386
0.000190353
0.000190319
0.000190286
0.000190252
0.000190219
0.000190186
0.000190152
0.000190119
0.000190085
0.000190052
0.000190019
0.000189985
0.000189952
0.000189918
0.000189885
0.000189852
0.000189818
0.000189785
0.000189752
0.000189718
0.000189685
0.000189652
0.000189618
0.000189585
0.000189552
0.000189518
0.000189485
0.000189452
0.000189419
0.000189385
0.000189352
0.000189319
0.000189286
0.000189252
0.000189219
0.000189186
0.000189153
0.00018912
0.000189086
0.000189053
0.00018902
0.000188987
0.000188954
0.000188921
0.000188887
0.000188854
0.000188821
0.000188788
0.000188755
0.000188722
0.000188689
0.000188656
0.000188623
0.00018859
0.000188556
0.000188523
0.00018849
0.000188457
0.000188424
0.000188391
0.000188358
0.000188325
0.000188292
0.000188259
0.000188226
0.000188193
0.00018816
0.000188127
0.000188094
0.000188062
0.000188029
0.000187996
0.000187963
0.00018793
0.000187897
0.000187864
0.000187831
0.000187798
0.000187765
0.000187732
0.0001877
0.000187667
0.000187634
0.000187601
0.000187568
0.000187535
0.000187503
0.00018747
0.000187437
0.000187404
0.000187371
0.000187339
0.000187306
0.000187273
0.00018724
0.000187208
0.000187175
0.000187142
0.00018711
0.000187077
0.000187044
0.000187011
0.000186979
0.000186946
0.000186913
0.000186881
0.000186848
0.000186815
0.000186783
0.00018675
0.000186717
0.000186685
0.000186652
0.00018662
0.000186587
0.000186554
0.000186522
0.000186489
0.000186457
0.000186424
0.000186392
0.000186359
0.000186327
0.000186294
0.000186262
0.000186229
0.000186196
0.000186164
0.000186132
0.000186099
0.000186067
0.000186034
0.000186002
0.000185969
0.000185937
0.000185904
0.000185872
0.000185839
0.000185807
0.000185775
0.000185742
0.00018571
0.000185677
0.000185645
0.000185613
0.00018558
0.000185548
0.000185516
0.000185483
0.000185451
0.000185419
0.000185386
0.000185354
0.000185322
0.000185289
0.000185257
0.000185225
0.000185193
0.00018516
0.000185128
0.000185096
0.000185064
0.000185031
0.000184999
0.000184967
0.000184935
0.000184903
0.00018487
0.000184838
0.000184806
0.000184774
0.000184742
0.00018471
0.000184677
0.000184645
0.000184613
0.000184581
0.000184549
0.000184517
0.000184485
0.000184453
0.000184421
0.000184388
0.000184356
0.000184324
0.000184292
0.00018426
0.000184228
0.000184196
0.000184164
0.000184132
0.0001841
0.000184068
0.000184036
0.000184004
0.000183972
0.00018394
0.000183908
0.000183876
0.000183844
0.000183812
0.00018378
0.000183748
0.000183717
0.000183685
0.000183653
0.000183621
0.000183589
0.000183557
0.000183525
0.000183493
0.000183461
0.00018343
0.000183398
0.000183366
0.000183334
0.000183302
0.00018327
0.000183239
0.000183207
0.000183175
0.000183143
0.000183111
0.00018308
0.000183048
0.000183016
0.000182984
0.000182953
0.000182921
0.000182889
0.000182858
0.000182826
0.000182794
0.000182762
0.000182731
0.000182699
0.000182667
0.000182636
0.000182604
0.000182572
0.000182541
0.000182509
0.000182478
0.000182446
0.000182414
0.000182383
0.000182351
0.000182319
0.000182288
0.000182256
0.000182225
0.000182193
0.000182162
0.00018213
0.000182099
0.000182067
0.000182036
0.000182004
0.000181972
0.000181941
0.000181909
0.000181878
0.000181847
0.000181815
0.000181784
0.000181752
0.000181721
0.000181689
0.000181658
0.000181626
0.000181595
0.000181564
0.000181532
0.000181501
0.000181469
0.000181438
0.000181407
0.000181375
0.000181344
0.000181313
0.000181281
0.00018125
0.000181219
0.000181187
0.000181156
0.000181125
0.000181093
0.000181062
0.000181031
0.000180999
0.000180968
0.000180937
0.000180906
0.000180874
0.000180843
0.000180812
0.000180781
0.000180749
0.000180718
0.000180687
0.000180656
0.000180625
0.000180593
0.000180562
0.000180531
0.0001805
0.000180469
0.000180438
0.000180406
0.000180375
0.000180344
0.000180313
0.000180282
0.000180251
0.00018022
0.000180189
0.000180158
0.000180127
0.000180096
0.000180064
0.000180033
0.000180002
0.000179971
0.00017994
0.000179909
0.000179878
0.000179847
0.000179816
0.000179785
0.000179754
0.000179723
0.000179692
0.000179661
0.00017963
0.000179599
0.000179569
0.000179538
0.000179507
0.000179476
0.000179445
0.000179414
0.000179383
0.000179352
0.000179321
0.00017929
0.000179259
0.000179229
0.000179198
0.000179167
0.000179136
0.000179105
0.000179074
0.000179044
0.000179013
0.000178982
0.000178951
0.00017892
0.00017889
0.000178859
0.000178828
0.000178797
0.000178767
0.000178736
0.000178705
0.000178674
0.000178644
0.000178613
0.000178582
0.000178552
0.000178521
0.00017849
0.000178459
0.000178429
0.000178398
0.000178367
0.000178337
0.000178306
0.000178276
0.000178245
0.000178214
0.000178184
0.000178153
0.000178122
0.000178092
0.000178061
0.000178031
0.000178
0.00017797
0.000177939
0.000177908
0.000177878
0.000177847
0.000177817
0.000177786
0.000177756
0.000177725
0.000177695
0.000177664
0.000177634
0.000177603
0.000177573
0.000177542
0.000177512
0.000177482
0.000177451
0.000177421
0.00017739
0.00017736
0.000177329
0.000177299
0.000177269
0.000177238
0.000177208
0.000177177
0.000177147
0.000177117
0.000177086
0.000177056
0.000177026
0.000176995
0.000176965
0.000176935
0.000176904
0.000176874
0.000176844
0.000176813
0.000176783
0.000176753
0.000176723
0.000176692
0.000176662
0.000176632
0.000176602
0.000176571
0.000176541
0.000176511
0.000176481
0.000176451
0.00017642
0.00017639
0.00017636
0.00017633
0.0001763
0.000176269
0.000176239
0.000176209
0.000176179
0.000176149
0.000176119
0.000176089
0.000176058
0.000176028
0.000175998
0.000175968
0.000175938
0.000175908
0.000175878
0.000175848
0.000175818
0.000175788
0.000175758
0.000175728
0.000175698
0.000175668
0.000175638
0.000175608
0.000175578
0.000175548
0.000175518
0.000175488
0.000175458
0.000175428
0.000175398
0.000175368
0.000175338
0.000175308
0.000175278
0.000175248
0.000175218
0.000175188
0.000175158
0.000175128
0.000175099
0.000175069
0.000175039
0.000175009
0.000174979
0.000174949
0.000174919
0.00017489
0.00017486
0.00017483
0.0001748
0.00017477
0.000174741
0.000174711
0.000174681
0.000174651
0.000174621
0.000174592
0.000174562
0.000174532
0.000174502
0.000174473
0.000174443
0.000174413
0.000174383
0.000174354
0.000174324
0.000174294
0.000174265
0.000174235
0.000174205
0.000174176
0.000174146
0.000174116
0.000174087
0.000174057
0.000174027
0.000173998
0.000173968
0.000173939
0.000173909
0.000173879
0.00017385
0.00017382
0.000173791
0.000173761
0.000173731
0.000173702
0.000173672
0.000173643
0.000173613
0.000173584
0.000173554
0.000173525
0.000173495
0.000173466
0.000173436
0.000173407
0.000173377
0.000173348
0.000173318
0.000173289
0.000173259
0.00017323
0.0001732
0.000173171
0.000173142
0.000173112
0.000173083
0.000173053
0.000173024
0.000172995
0.000172965
0.000172936
0.000172906
0.000172877
0.000172848
0.000172818
0.000172789
0.00017276
0.00017273
0.000172701
0.000172672
0.000172642
0.000172613
0.000172584
0.000172555
0.000172525
0.000172496
0.000172467
0.000172437
0.000172408
0.000172379
0.00017235
0.000172321
0.000172291
0.000172262
0.000172233
0.000172204
0.000172174
0.000172145
0.000172116
0.000172087
0.000172058
0.000172029
0.000171999
0.00017197
0.000171941
0.000171912
0.000171883
0.000171854
0.000171825
0.000171796
0.000171766
0.000171737
0.000171708
0.000171679
0.00017165
0.000171621
0.000171592
0.000171563
0.000171534
0.000171505
0.000171476
0.000171447
0.000171418
0.000171389
0.00017136
0.000171331
0.000171302
0.000171273
0.000171244
0.000171215
0.000171186
0.000171157
0.000171128
0.000171099
0.00017107
0.000171041
0.000171012
0.000170983
0.000170954
0.000170926
0.000170897
0.000170868
0.000170839
0.00017081
0.000170781
0.000170752
0.000170723
0.000170695
0.000170666
0.000170637
0.000170608
0.000170579
0.00017055
0.000170522
0.000170493
0.000170464
0.000170435
0.000170407
0.000170378
0.000170349
0.00017032
0.000170291
0.000170263
0.000170234
0.000170205
0.000170177
0.000170148
0.000170119
0.00017009
0.000170062
0.000170033
0.000170004
0.000169976
0.000169947
0.000169918
0.00016989
0.000169861
0.000169832
0.000169804
0.000169775
0.000169746
0.000169718
0.000169689
0.000169661
0.000169632
0.000169603
0.000169575
0.000169546
0.000169518
0.000169489
0.000169461
0.000169432
0.000169404
0.000169375
0.000169346
0.000169318
0.000169289
0.000169261
0.000169232
0.000169204
0.000169175
0.000169147
0.000169118
0.00016909
0.000169062
0.000169033
0.000169005
0.000168976
0.000168948
0.000168919
0.000168891
0.000168863
0.000168834
0.000168806
0.000168777
0.000168749
0.000168721
0.000168692
0.000168664
0.000168635
0.000168607
0.000168579
0.00016855
0.000168522
0.000168494
0.000168465
0.000168437
0.000168409
0.000168381
0.000168352
0.000168324
0.000168296
0.000168267
0.000168239
0.000168211
0.000168183
0.000168154
0.000168126
0.000168098
0.00016807
0.000168041
0.000168013
0.000167985
0.000167957
0.000167929
0.0001679
0.000167872
0.000167844
0.000167816
0.000167788
0.00016776
0.000167731
0.000167703
0.000167675
0.000167647
0.000167619
0.000167591
0.000167563
0.000167535
0.000167507
0.000167478
0.00016745
0.000167422
0.000167394
0.000167366
0.000167338
0.00016731
0.000167282
0.000167254
0.000167226
0.000167198
0.00016717
0.000167142
0.000167114
0.000167086
0.000167058
0.00016703
0.000167002
0.000166974
0.000166946
0.000166918
0.00016689
0.000166862
0.000166834
0.000166806
0.000166778
0.000166751
0.000166723
0.000166695
0.000166667
0.000166639
0.000166611
0.000166583
0.000166555
0.000166527
0.0001665
0.000166472
0.000166444
0.000166416
0.000166388
0.00016636
0.000166333
0.000166305
0.000166277
0.000166249
0.000166221
0.000166194
0.000166166
0.000166138
0.00016611
0.000166083
0.000166055
0.000166027
0.000165999
0.000165972
0.000165944
0.000165916
0.000165888
0.000165861
0.000165833
0.000165805
0.000165778
0.00016575
0.000165722
0.000165695
0.000165667
0.000165639
0.000165612
0.000165584
0.000165556
0.000165529
0.000165501
0.000165474
0.000165446
0.000165418
0.000165391
0.000165363
0.000165336
0.000165308
0.000165281
0.000165253
0.000165225
0.000165198
0.00016517
0.000165143
0.000165115
0.000165088
0.00016506
0.000165033
0.000165005
0.000164978
0.00016495
0.000164923
0.000164895
0.000164868
0.00016484
0.000164813
0.000164785
0.000164758
0.000164731
0.000164703
0.000164676
0.000164648
0.000164621
0.000164593
0.000164566
0.000164539
0.000164511
0.000164484
0.000164457
0.000164429
0.000164402
0.000164374
0.000164347
0.00016432
0.000164292
0.000164265
0.000164238
0.00016421
0.000164183
0.000164156
0.000164129
0.000164101
0.000164074
0.000164047
0.000164019
0.000163992
0.000163965
0.000163938
0.00016391
0.000163883
0.000163856
0.000163829
0.000163802
0.000163774
0.000163747
0.00016372
0.000163693
0.000163666
0.000163638
0.000163611
0.000163584
0.000163557
0.00016353
0.000163503
0.000163475
0.000163448
0.000163421
0.000163394
0.000163367
0.00016334
0.000163313
0.000163286
0.000163259
0.000163231
0.000163204
0.000163177
0.00016315
0.000163123
0.000163096
0.000163069
0.000163042
0.000163015
0.000162988
0.000162961
0.000162934
0.000162907
0.00016288
0.000162853
0.000162826
0.000162799
0.000162772
0.000162745
0.000162718
0.000162691
0.000162664
0.000162637
0.00016261
0.000162583
0.000162557
0.00016253
0.000162503
0.000162476
0.000162449
0.000162422
0.000162395
0.000162368
0.000162341
0.000162315
0.000162288
0.000162261
0.000162234
0.000162207
0.00016218
0.000162153
0.000162127
0.0001621
0.000162073
0.000162046
0.000162019
0.000161993
0.000161966
0.000161939
0.000161912
0.000161886
0.000161859
0.000161832
0.000161805
0.000161779
0.000161752
0.000161725
0.000161698
0.000161672
0.000161645
0.000161618
0.000161592
0.000161565
0.000161538
0.000161512
0.000161485
0.000161458
0.000161432
0.000161405
0.000161378
0.000161352
0.000161325
0.000161298
0.000161272
0.000161245
0.000161219
0.000161192
0.000161165
0.000161139
0.000161112
0.000161086
0.000161059
0.000161032
0.000161006
0.000160979
0.000160953
0.000160926
0.0001609
0.000160873
0.000160847
0.00016082
0.000160794
0.000160767
0.000160741
0.000160714
0.000160688
0.000160661
0.000160635
0.000160608
0.000160582
0.000160555
0.000160529
0.000160503
0.000160476
0.00016045
0.000160423
0.000160397
0.00016037
0.000160344
0.000160318
0.000160291
0.000160265
0.000160239
0.000160212
0.000160186
0.000160159
0.000160133
0.000160107
0.00016008
0.000160054
0.000160028
0.000160001
0.000159975
0.000159949
0.000159923
0.000159896
0.00015987
0.000159844
0.000159817
0.000159791
0.000159765
0.000159739
0.000159712
0.000159686
0.00015966
0.000159634
0.000159607
0.000159581
0.000159555
0.000159529
0.000159503
0.000159476
0.00015945
0.000159424
0.000159398
0.000159372
0.000159346
0.000159319
0.000159293
0.000159267
0.000159241
0.000159215
0.000159189
0.000159163
0.000159136
0.00015911
0.000159084
0.000159058
0.000159032
0.000159006
0.00015898
0.000158954
0.000158928
0.000158902
0.000158876
0.00015885
0.000158824
0.000158798
0.000158772
0.000158746
0.00015872
0.000158694
0.000158668
0.000158642
0.000158616
0.00015859
0.000158564
0.000158538
0.000158512
0.000158486
0.00015846
0.000158434
0.000158408
0.000158382
0.000158356
0.00015833
0.000158304
0.000158278
0.000158252
0.000158226
0.000158201
0.000158175
0.000158149
0.000158123
0.000158097
0.000158071
0.000158045
0.000158019
0.000157994
0.000157968
0.000157942
0.000157916
0.00015789
0.000157865
0.000157839
0.000157813
0.000157787
0.000157761
0.000157736
0.00015771
0.000157684
0.000157658
0.000157632
0.000157607
0.000157581
0.000157555
0.00015753
0.000157504
0.000157478
0.000157452
0.000157427
0.000157401
0.000157375
0.00015735
0.000157324
0.000157298
0.000157273
0.000157247
0.000157221
0.000157196
0.00015717
0.000157144
0.000157119
0.000157093
0.000157067
0.000157042
0.000157016
0.000156991
0.000156965
0.000156939
0.000156914
0.000156888
0.000156863
0.000156837
0.000156812
0.000156786
0.00015676
0.000156735
0.000156709
0.000156684
0.000156658
0.000156633
0.000156607
0.000156582
0.000156556
0.000156531
0.000156505
0.00015648
0.000156454
0.000156429
0.000156403
0.000156378
0.000156352
0.000156327
0.000156302
0.000156276
0.000156251
0.000156225
0.0001562
0.000156174
0.000156149
0.000156124
0.000156098
0.000156073
0.000156047
0.000156022
0.000155997
0.000155971
0.000155946
0.000155921
0.000155895
0.00015587
0.000155845
0.000155819
0.000155794
0.000155769
0.000155743
0.000155718
0.000155693
0.000155667
0.000155642
0.000155617
0.000155592
0.000155566
0.000155541
0.000155516
0.000155491
0.000155465
0.00015544
0.000155415
0.00015539
0.000155364
0.000155339
0.000155314
0.000155289
0.000155264
0.000155238
0.000155213
0.000155188
0.000155163
0.000155138
0.000155113
0.000155087
0.000155062
0.000155037
0.000155012
0.000154987
0.000154962
0.000154937
0.000154912
0.000154886
0.000154861
0.000154836
0.000154811
0.000154786
0.000154761
0.000154736
0.000154711
0.000154686
0.000154661
0.000154636
0.000154611
0.000154586
0.000154561
0.000154536
0.000154511
0.000154486
0.000154461
0.000154436
0.000154411
0.000154386
0.000154361
0.000154336
0.000154311
0.000154286
0.000154261
0.000154236
0.000154211
0.000154186
0.000154161
0.000154136
0.000154111
0.000154086
0.000154061
0.000154036
0.000154011
0.000153987
0.000153962
0.000153937
0.000153912
0.000153887
0.000153862
0.000153837
0.000153813
0.000153788
0.000153763
0.000153738
0.000153713
0.000153688
0.000153664
0.000153639
0.000153614
0.000153589
0.000153564
0.00015354
0.000153515
0.00015349
0.000153465
0.00015344
0.000153416
0.000153391
0.000153366
0.000153341
0.000153317
0.000153292
0.000153267
0.000153243
0.000153218
0.000153193
0.000153168
0.000153144
0.000153119
0.000153094
0.00015307
0.000153045
0.00015302
0.000152996
0.000152971
0.000152946
0.000152922
0.000152897
0.000152873
0.000152848
0.000152823
0.000152799
0.000152774
0.000152749
0.000152725
0.0001527
0.000152676
0.000152651
0.000152627
0.000152602
0.000152577
0.000152553
0.000152528
0.000152504
0.000152479
0.000152455
0.00015243
0.000152406
0.000152381
0.000152357
0.000152332
0.000152308
0.000152283
0.000152259
0.000152234
0.00015221
0.000152185
0.000152161
0.000152136
0.000152112
0.000152088
0.000152063
0.000152039
0.000152014
0.00015199
0.000151965
0.000151941
0.000151917
0.000151892
0.000151868
0.000151843
0.000151819
0.000151795
0.00015177
0.000151746
0.000151722
0.000151697
0.000151673
0.000151649
0.000151624
0.0001516
0.000151576
0.000151551
0.000151527
0.000151503
0.000151478
0.000151454
0.00015143
0.000151405
0.000151381
0.000151357
0.000151333
0.000151308
0.000151284
0.00015126
0.000151236
0.000151211
0.000151187
0.000151163
0.000151139
0.000151115
0.00015109
0.000151066
0.000151042
0.000151018
0.000150994
0.000150969
0.000150945
0.000150921
0.000150897
0.000150873
0.000150849
0.000150824
0.0001508
0.000150776
0.000150752
0.000150728
0.000150704
0.00015068
0.000150656
0.000150632
0.000150607
0.000150583
0.000150559
0.000150535
0.000150511
0.000150487
0.000150463
0.000150439
0.000150415
0.000150391
0.000150367
0.000150343
0.000150319
0.000150295
0.000150271
0.000150247
0.000150223
0.000150199
0.000150175
0.000150151
0.000150127
0.000150103
0.000150079
0.000150055
0.000150031
0.000150007
0.000149983
0.000149959
0.000149935
0.000149911
0.000149887
0.000149863
0.00014984
0.000149816
0.000149792
0.000149768
0.000149744
0.00014972
0.000149696
0.000149672
0.000149648
0.000149625
0.000149601
0.000149577
0.000149553
0.000149529
0.000149505
0.000149482
0.000149458
0.000149434
0.00014941
0.000149386
0.000149363
0.000149339
0.000149315
0.000149291
0.000149267
0.000149244
0.00014922
0.000149196
0.000149172
0.000149149
0.000149125
0.000149101
0.000149077
0.000149054
0.00014903
0.000149006
0.000148983
0.000148959
0.000148935
0.000148912
0.000148888
0.000148864
0.00014884
0.000148817
0.000148793
0.00014877
0.000148746
0.000148722
0.000148699
0.000148675
0.000148651
0.000148628
0.000148604
0.00014858
0.000148557
0.000148533
0.00014851
0.000148486
0.000148463
0.000148439
0.000148415
0.000148392
0.000148368
0.000148345
0.000148321
0.000148298
0.000148274
0.000148251
0.000148227
0.000148203
0.00014818
0.000148156
0.000148133
0.000148109
0.000148086
0.000148062
0.000148039
0.000148016
0.000147992
0.000147969
0.000147945
0.000147922
0.000147898
0.000147875
0.000147851
0.000147828
0.000147804
0.000147781
0.000147758
0.000147734
0.000147711
0.000147687
0.000147664
0.000147641
0.000147617
0.000147594
0.000147571
0.000147547
0.000147524
0.0001475
0.000147477
0.000147454
0.00014743
0.000147407
0.000147384
0.00014736
0.000147337
0.000147314
0.000147291
0.000147267
0.000147244
0.000147221
0.000147197
0.000147174
0.000147151
0.000147128
0.000147104
0.000147081
0.000147058
0.000147035
0.000147011
0.000146988
0.000146965
0.000146942
0.000146918
0.000146895
0.000146872
0.000146849
0.000146826
0.000146802
0.000146779
0.000146756
0.000146733
0.00014671
0.000146687
0.000146663
0.00014664
0.000146617
0.000146594
0.000146571
0.000146548
0.000146525
0.000146501
0.000146478
0.000146455
0.000146432
0.000146409
0.000146386
0.000146363
0.00014634
0.000146317
0.000146294
0.000146271
0.000146248
0.000146224
0.000146201
0.000146178
0.000146155
0.000146132
0.000146109
0.000146086
0.000146063
0.00014604
0.000146017
0.000145994
0.000145971
0.000145948
0.000145925
0.000145902
0.000145879
0.000145856
0.000145833
0.00014581
0.000145788
0.000145765
0.000145742
0.000145719
0.000145696
0.000145673
0.00014565
0.000145627
0.000145604
0.000145581
0.000145558
0.000145535
0.000145513
0.00014549
0.000145467
0.000145444
0.000145421
0.000145398
0.000145375
0.000145353
0.00014533
0.000145307
0.000145284
0.000145261
0.000145238
0.000145216
0.000145193
0.00014517
0.000145147
0.000145124
0.000145102
0.000145079
0.000145056
0.000145033
0.000145011
0.000144988
0.000144965
0.000144942
0.00014492
0.000144897
0.000144874
0.000144851
0.000144829
0.000144806
0.000144783
0.000144761
0.000144738
0.000144715
0.000144692
0.00014467
0.000144647
0.000144624
0.000144602
0.000144579
0.000144556
0.000144534
0.000144511
0.000144489
0.000144466
0.000144443
0.000144421
0.000144398
0.000144375
0.000144353
0.00014433
0.000144308
0.000144285
0.000144262
0.00014424
0.000144217
0.000144195
0.000144172
0.00014415
0.000144127
0.000144104
0.000144082
0.000144059
0.000144037
0.000144014
0.000143992
0.000143969
0.000143947
0.000143924
0.000143902
0.000143879
0.000143857
0.000143834
0.000143812
0.000143789
0.000143767
0.000143744
0.000143722
0.0001437
0.000143677
0.000143655
0.000143632
0.00014361
0.000143587
0.000143565
0.000143543
0.00014352
0.000143498
0.000143475
0.000143453
0.000143431
0.000143408
0.000143386
0.000143363
0.000143341
0.000143319
0.000143296
0.000143274
0.000143252
0.000143229
0.000143207
0.000143185
0.000143162
0.00014314
0.000143118
0.000143095
0.000143073
0.000143051
0.000143028
0.000143006
0.000142984
0.000142962
0.000142939
0.000142917
0.000142895
0.000142873
0.00014285
0.000142828
0.000142806
0.000142784
0.000142761
0.000142739
0.000142717
0.000142695
0.000142673
0.00014265
0.000142628
0.000142606
0.000142584
0.000142562
0.000142539
0.000142517
0.000142495
0.000142473
0.000142451
0.000142429
0.000142406
0.000142384
0.000142362
0.00014234
0.000142318
0.000142296
0.000142274
0.000142252
0.000142229
0.000142207
0.000142185
0.000142163
0.000142141
0.000142119
0.000142097
0.000142075
0.000142053
0.000142031
0.000142009
0.000141987
0.000141965
0.000141943
0.000141921
0.000141899
0.000141877
0.000141855
0.000141833
0.000141811
0.000141789
0.000141767
0.000141745
0.000141723
0.000141701
0.000141679
0.000141657
0.000141635
0.000141613
0.000141591
0.000141569
0.000141547
0.000141525
0.000141503
0.000141481
0.000141459
0.000141437
0.000141415
0.000141393
0.000141372
0.00014135
0.000141328
0.000141306
0.000141284
0.000141262
0.00014124
0.000141218
0.000141197
0.000141175
0.000141153
0.000141131
0.000141109
0.000141087
0.000141066
0.000141044
0.000141022
0.000141
0.000140978
0.000140956
0.000140935
0.000140913
0.000140891
0.000140869
0.000140848
0.000140826
0.000140804
0.000140782
0.000140761
0.000140739
0.000140717
0.000140695
0.000140674
0.000140652
0.00014063
0.000140608
0.000140587
0.000140565
0.000140543
0.000140522
0.0001405
0.000140478
0.000140457
0.000140435
0.000140413
0.000140392
0.00014037
0.000140348
0.000140327
0.000140305
0.000140283
0.000140262
0.00014024
0.000140218
0.000140197
0.000140175
0.000140154
0.000140132
0.00014011
0.000140089
0.000140067
0.000140046
0.000140024
0.000140002
0.000139981
0.000139959
0.000139938
0.000139916
0.000139895
0.000139873
0.000139852
0.00013983
0.000139808
0.000139787
0.000139765
0.000139744
0.000139722
0.000139701
0.000139679
0.000139658
0.000139636
0.000139615
0.000139593
0.000139572
0.000139551
0.000139529
0.000139508
0.000139486
0.000139465
0.000139443
0.000139422
0.0001394
0.000139379
0.000139358
0.000139336
0.000139315
0.000139293
0.000139272
0.000139251
0.000139229
0.000139208
0.000139186
0.000139165
0.000139144
0.000139122
0.000139101
0.00013908
0.000139058
0.000139037
0.000139016
0.000138994
0.000138973
0.000138952
0.00013893
0.000138909
0.000138888
0.000138866
0.000138845
0.000138824
0.000138802
0.000138781
0.00013876
0.000138739
0.000138717
0.000138696
0.000138675
0.000138654
0.000138632
0.000138611
0.00013859
0.000138569
0.000138547
0.000138526
0.000138505
0.000138484
0.000138463
0.000138441
0.00013842
0.000138399
0.000138378
0.000138357
0.000138335
0.000138314
0.000138293
0.000138272
0.000138251
0.00013823
0.000138208
0.000138187
0.000138166
0.000138145
0.000138124
0.000138103
0.000138082
0.000138061
0.000138039
0.000138018
0.000137997
0.000137976
0.000137955
0.000137934
0.000137913
0.000137892
0.000137871
0.00013785
0.000137829
0.000137808
0.000137787
0.000137766
0.000137744
0.000137723
0.000137702
0.000137681
0.00013766
0.000137639
0.000137618
0.000137597
0.000137576
0.000137555
0.000137534
0.000137513
0.000137492
0.000137471
0.000137451
0.00013743
0.000137409
0.000137388
0.000137367
0.000137346
0.000137325
0.000137304
0.000137283
0.000137262
0.000137241
0.00013722
0.000137199
0.000137178
0.000137158
0.000137137
0.000137116
0.000137095
0.000137074
0.000137053
0.000137032
0.000137011
0.000136991
0.00013697
0.000136949
0.000136928
0.000136907
0.000136886
0.000136865
0.000136845
0.000136824
0.000136803
0.000136782
0.000136761
0.000136741
0.00013672
0.000136699
0.000136678
0.000136657
0.000136637
0.000136616
0.000136595
0.000136574
0.000136554
0.000136533
0.000136512
0.000136491
0.000136471
0.00013645
0.000136429
0.000136409
0.000136388
0.000136367
0.000136346
0.000136326
0.000136305
0.000136284
0.000136264
0.000136243
0.000136222
0.000136202
0.000136181
0.00013616
0.00013614
0.000136119
0.000136098
0.000136078
0.000136057
0.000136036
0.000136016
0.000135995
0.000135975
0.000135954
0.000135933
0.000135913
0.000135892
0.000135872
0.000135851
0.00013583
0.00013581
0.000135789
0.000135769
0.000135748
0.000135728
0.000135707
0.000135686
0.000135666
0.000135645
0.000135625
0.000135604
0.000135584
0.000135563
0.000135543
0.000135522
0.000135502
0.000135481
0.000135461
0.00013544
0.00013542
0.000135399
0.000135379
0.000135358
0.000135338
0.000135317
0.000135297
0.000135277
0.000135256
0.000135236
0.000135215
0.000135195
0.000135174
0.000135154
0.000135134
0.000135113
0.000135093
0.000135072
0.000135052
0.000135032
0.000135011
0.000134991
0.00013497
0.00013495
0.00013493
0.000134909
0.000134889
0.000134869
0.000134848
0.000134828
0.000134808
0.000134787
0.000134767
0.000134747
0.000134726
0.000134706
0.000134686
0.000134665
0.000134645
0.000134625
0.000134604
0.000134584
0.000134564
0.000134544
0.000134523
0.000134503
0.000134483
0.000134463
0.000134442
0.000134422
0.000134402
0.000134382
0.000134361
0.000134341
0.000134321
0.000134301
0.00013428
0.00013426
0.00013424
0.00013422
0.0001342
0.000134179
0.000134159
0.000134139
0.000134119
0.000134099
0.000134079
0.000134058
0.000134038
0.000134018
0.000133998
0.000133978
0.000133958
0.000133938
0.000133917
0.000133897
0.000133877
0.000133857
0.000133837
0.000133817
0.000133797
0.000133777
0.000133757
0.000133737
0.000133716
0.000133696
0.000133676
0.000133656
0.000133636
0.000133616
0.000133596
0.000133576
0.000133556
0.000133536
0.000133516
0.000133496
0.000133476
0.000133456
0.000133436
0.000133416
0.000133396
0.000133376
0.000133356
0.000133336
0.000133316
0.000133296
0.000133276
0.000133256
0.000133236
0.000133216
0.000133196
0.000133176
0.000133156
0.000133136
0.000133116
0.000133096
0.000133076
0.000133057
0.000133037
0.000133017
0.000132997
0.000132977
0.000132957
0.000132937
0.000132917
0.000132897
0.000132877
0.000132858
0.000132838
0.000132818
0.000132798
0.000132778
0.000132758
0.000132738
0.000132719
0.000132699
0.000132679
0.000132659
0.000132639
0.000132619
0.0001326
0.00013258
0.00013256
0.00013254
0.00013252
0.000132501
0.000132481
0.000132461
0.000132441
0.000132422
0.000132402
0.000132382
0.000132362
0.000132343
0.000132323
0.000132303
0.000132283
0.000132264
0.000132244
0.000132224
0.000132204
0.000132185
0.000132165
0.000132145
0.000132126
0.000132106
0.000132086
0.000132067
0.000132047
0.000132027
0.000132007
0.000131988
0.000131968
0.000131949
0.000131929
0.000131909
0.00013189
0.00013187
0.00013185
0.000131831
0.000131811
0.000131791
0.000131772
0.000131752
0.000131733
0.000131713
0.000131693
0.000131674
0.000131654
0.000131635
0.000131615
0.000131595
0.000131576
0.000131556
0.000131537
0.000131517
0.000131498
0.000131478
0.000131459
0.000131439
0.00013142
0.0001314
0.00013138
0.000131361
0.000131341
0.000131322
0.000131302
0.000131283
0.000131263
0.000131244
0.000131224
0.000131205
0.000131186
0.000131166
0.000131147
0.000131127
0.000131108
0.000131088
0.000131069
0.000131049
0.00013103
0.00013101
0.000130991
0.000130972
0.000130952
0.000130933
0.000130913
0.000130894
0.000130875
0.000130855
0.000130836
0.000130816
0.000130797
0.000130778
0.000130758
0.000130739
0.000130719
0.0001307
0.000130681
0.000130661
0.000130642
0.000130623
0.000130603
0.000130584
0.000130565
0.000130545
0.000130526
0.000130507
0.000130487
0.000130468
0.000130449
0.00013043
0.00013041
0.000130391
0.000130372
0.000130352
0.000130333
0.000130314
0.000130295
0.000130275
0.000130256
0.000130237
0.000130218
0.000130198
0.000130179
0.00013016
0.000130141
0.000130121
0.000130102
0.000130083
0.000130064
0.000130045
0.000130025
0.000130006
0.000129987
0.000129968
0.000129949
0.000129929
0.00012991
0.000129891
0.000129872
0.000129853
0.000129834
0.000129815
0.000129795
0.000129776
0.000129757
0.000129738
0.000129719
0.0001297
0.000129681
0.000129661
0.000129642
0.000129623
0.000129604
0.000129585
0.000129566
0.000129547
0.000129528
0.000129509
0.00012949
0.000129471
0.000129452
0.000129432
0.000129413
0.000129394
0.000129375
0.000129356
0.000129337
0.000129318
0.000129299
0.00012928
0.000129261
0.000129242
0.000129223
0.000129204
0.000129185
0.000129166
0.000129147
0.000129128
0.000129109
0.00012909
0.000129071
0.000129052
0.000129033
0.000129014
0.000128995
0.000128976
0.000128957
0.000128939
0.00012892
0.000128901
0.000128882
0.000128863
0.000128844
0.000128825
0.000128806
0.000128787
0.000128768
0.000128749
0.00012873
0.000128712
0.000128693
0.000128674
0.000128655
0.000128636
0.000128617
0.000128598
0.00012858
0.000128561
0.000128542
0.000128523
0.000128504
0.000128485
0.000128466
0.000128448
0.000128429
0.00012841
0.000128391
0.000128372
0.000128354
0.000128335
0.000128316
0.000128297
0.000128278
0.00012826
0.000128241
0.000128222
0.000128203
0.000128185
0.000128166
0.000128147
0.000128128
0.00012811
0.000128091
0.000128072
0.000128053
0.000128035
0.000128016
0.000127997
0.000127979
0.00012796
0.000127941
0.000127922
0.000127904
0.000127885
0.000127866
0.000127848
0.000127829
0.00012781
0.000127792
0.000127773
0.000127754
0.000127736
0.000127717
0.000127698
0.00012768
0.000127661
0.000127642
0.000127624
0.000127605
0.000127587
0.000127568
0.000127549
0.000127531
0.000127512
0.000127494
0.000127475
0.000127456
0.000127438
0.000127419
0.000127401
0.000127382
0.000127364
0.000127345
0.000127326
0.000127308
0.000127289
0.000127271
0.000127252
0.000127234
0.000127215
0.000127197
0.000127178
0.00012716
0.000127141
0.000127123
0.000127104
0.000127086
0.000127067
0.000127049
0.00012703
0.000127012
0.000126993
0.000126975
0.000126956
0.000126938
0.000126919
0.000126901
0.000126882
0.000126864
0.000126845
0.000126827
0.000126809
0.00012679
0.000126772
0.000126753
0.000126735
0.000126716
0.000126698
0.00012668
0.000126661
0.000126643
0.000126624
0.000126606
0.000126588
0.000126569
0.000126551
0.000126533
0.000126514
0.000126496
0.000126478
0.000126459
0.000126441
0.000126422
0.000126404
0.000126386
0.000126367
0.000126349
0.000126331
0.000126313
0.000126294
0.000126276
0.000126258
0.000126239
0.000126221
0.000126203
0.000126184
0.000126166
0.000126148
0.00012613
0.000126111
0.000126093
0.000126075
0.000126057
0.000126038
0.00012602
0.000126002
0.000125984
0.000125965
0.000125947
0.000125929
0.000125911
0.000125892
0.000125874
0.000125856
0.000125838
0.00012582
0.000125801
0.000125783
0.000125765
0.000125747
0.000125729
0.000125711
0.000125692
0.000125674
0.000125656
0.000125638
0.00012562
0.000125602
0.000125583
0.000125565
0.000125547
0.000125529

