5e-05
5e-05
5e-05
5e-05
5e-05
5e-05
5e-05
5e-05
5e-05
5e-05
5e-05
5e-05
5e-05
5e-05
5e-05
5e-05
5e-05
5e-05
5e-05
5e-05
5e-05
5e-05
5e-05
5e-05
5e-05
5e-05
5e-05
5e-05
5e-05
5e-05
5e-05
5e-05
5e-05
5e-05
5e-05
5e-05
5e-05
5e-05
5e-05
5e-05
5e-05
5e-05
5e-05
5e-05
5e-05
5e-05
5e-05
5e-05
5e-05
5e-05
5e-05
5e-05
5e-05
5e-05
5e-05
5e-05
5e-05
5e-05
5e-05
5e-05
5e-05
5e-05
5e-05
5e-05
5e-05
5e-05
5e-05
5e-05
5e-05
5e-05
5e-05
5e-05
5e-05
5e-05
5e-05
5e-05
5e-05
5e-05
5e-05
5e-05
5e-05
5e-05
5e-05
5e-05
5e-05
5e-05
5e-05
5e-05
5e-05
5e-05
5e-05
5e-05
5e-05
5e-05
5e-05
5e-05
5e-05
5e-05
5e-05
5e-05
5e-05
5e-05
5e-05
5e-05
5e-05
5e-05
5e-05
5e-05
5e-05
5e-05
5e-05
5e-05
5e-05
5e-05
5e-05
5e-05
5e-05
5e-05
5e-05
5e-05
5e-05
5e-05
5e-05
5e-05
5e-05
5e-05
5e-05
5e-05
5e-05
5e-05
5e-05
5e-05
5e-05
5e-05
5e-05
5e-05
5e-05
5e-05
5e-05
5e-05
5e-05
5e-05
5e-05
5e-05
5e-05
5e-05
5e-05
5e-05
5e-05
5e-05
5e-05
5e-05
5e-05
5e-05
5e-05
5e-05
5e-05
5e-05
5e-05
5e-05
5e-05
5e-05
5e-05
5e-05
5e-05
5e-05
5e-05
5e-05
5e-05
5e-05
5e-05
5e-05
5e-05
5e-05
5e-05
5e-05
5e-05
5e-05
5e-05
5e-05
5e-05
5e-05
5e-05
5e-05
5e-05
5e-05
5e-05
5e-05
5e-05
5e-05
5e-05
5e-05
5e-05
5e-05
5e-05
5e-05
5e-05
5e-05
5e-05
5e-05
5e-05
5e-05
5e-05
5e-05
5e-05
5e-05
5e-05
5e-05
5e-05
5e-05
5e-05
5e-05
5e-05
5e-05
5e-05
5e-05
5e-05
5e-05
5e-05
5e-05
5e-05
5e-05
5e-05
5e-05
5e-05
5e-05
5e-05
5e-05
5e-05
5e-05
5e-05
5e-05
5e-05
5e-05
5e-05
5e-05
5e-05
5e-05
5e-05
5e-05
5e-05
5e-05
5e-05
5e-05
5e-05
5e-05
5e-05
5e-05
5e-05
5e-05
5e-05
5e-05
5e-05
5e-05
5e-05
5e-05
5e-05
5e-05
5e-05
5e-05
5e-05
5e-05
5e-05
5e-05
5e-05
5e-05
5e-05
5e-05
5e-05
5e-05
5e-05
5e-05
5e-05
5e-05
5e-05
5e-05
5e-05
5e-05
5e-05
5e-05
5e-05
5e-05
5e-05
5e-05
5e-05
5e-05
5e-05
5e-05
5e-05
5e-05
5e-05
5e-05
5e-05
5e-05
5e-05
5e-05
5e-05
5e-05
5e-05
5e-05
5e-05
5e-05
5e-05
5e-05
5e-05
5e-05
5e-05
5e-05
5e-05
5e-05
5e-05
5e-05
5e-05
5e-05
5e-05
5e-05
5e-05
5e-05
5e-05
5e-05
5e-05
5e-05
5e-05
5e-05
5e-05
5e-05
5e-05
5e-05
5e-05
5e-05
5e-05
5e-05
5e-05
5e-05
5e-05
5e-05
5e-05
5e-05
5e-05
5e-05
5e-05
5e-05
5e-05
5e-05
5e-05
5e-05
5e-05
5e-05
5e-05
5e-05
5e-05
5e-05
5e-05
5e-05
5e-05
5e-05
5e-05
5e-05
5e-05
5e-05
5e-05
5e-05
5e-05
5e-05
5e-05
5e-05
5e-05
5e-05
5e-05
5e-05
5e-05
5e-05
5e-05
5e-05
5e-05
5e-05
5e-05
5e-05
5e-05
5e-05
5e-05
5e-05
5e-05
5e-05
5e-05
5e-05
5e-05
5e-05
5e-05
5e-05
5e-05
5e-05
5e-05
5e-05
5e-05
5e-05
5e-05
5e-05
5e-05
5e-05
5e-05
5e-05
5e-05
5e-05
5e-05
5e-05
5e-05
5e-05
5e-05
5e-05
5e-05
5e-05
5e-05
5e-05
5e-05
5e-05
5e-05
5e-05
5e-05
5e-05
5e-05
5e-05
5e-05
5e-05
5e-05
5e-05
5e-05
5e-05
5e-05
5e-05
5e-05
5e-05
5e-05
5e-05
5e-05
5e-05
5e-05
5e-05
5e-05
5e-05
5e-05
5e-05
5e-05
5e-05
5e-05
5e-05
5e-05
5e-05
5e-05
5e-05
5e-05
5e-05
5e-05
5e-05
5e-05
5e-05
5e-05
5e-05
5e-05
5e-05
5e-05
5e-05
5e-05
5e-05
5e-05
5e-05
5e-05
5e-05
5e-05
5e-05
5e-05
5e-05
5e-05
5e-05
5e-05
5e-05
5e-05
5e-05
5e-05
5e-05
5e-05
5e-05
5e-05
5e-05
5e-05
5e-05
5e-05
5e-05
5e-05
5e-05
5e-05
5e-05
5e-05
5e-05
5e-05
5e-05
5e-05
5e-05
5e-05
5e-05
5e-05
5e-05
5e-05
5e-05
5e-05
5e-05
5e-05
5e-05
5e-05
5e-05
5e-05
5e-05
5e-05
5e-05
5e-05
5e-05
5e-05
5e-05
5e-05
5e-05
5e-05
5e-05
5e-05
5e-05
5e-05
5e-05
5e-05
5e-05
5e-05
5e-05
5e-05
5e-05
5e-05
5e-05
5e-05
5e-05
5e-05
5e-05
5e-05
5e-05
5e-05
5e-05
5e-05
5e-05
5e-05
5e-05
5e-05
5e-05
5e-05
5e-05
5e-05
5e-05
5e-05
5e-05
5e-05
5e-05
5e-05
5e-05
5e-05
5e-05
5e-05
5e-05
5e-05
5e-05
5e-05
5e-05
5e-05
5e-05
5e-05
5e-05
5e-05
5e-05
5e-05
5e-05
5e-05
5e-05
5e-05
5e-05
5e-05
5e-05
5e-05
5e-05
5e-05
5e-05
5e-05
5e-05
5e-05
5e-05
5e-05
5e-05
5e-05
5e-05
5e-05
5e-05
5e-05
5e-05
5e-05
5e-05
5e-05
5e-05
5e-05
5e-05
5e-05
5e-05
5e-05
5e-05
5e-05
5e-05
5e-05
5e-05
5e-05
5e-05
5e-05
5e-05
5e-05
5e-05
5e-05
5e-05
5e-05
5e-05
5e-05
5e-05
5e-05
5e-05
5e-05
5e-05
5e-05
5e-05
5e-05
5e-05
5e-05
5e-05
5e-05
5e-05
5e-05
5e-05
5e-05
5e-05
5e-05
5e-05
5e-05
5e-05
5e-05
5e-05
5e-05
5e-05
5e-05
5e-05
5e-05
5e-05
5e-05
5e-05
5e-05
5e-05
5e-05
5e-05
5e-05
5e-05
5e-05
5e-05
5e-05
5e-05
5e-05
5e-05
5e-05
5e-05
5e-05
5e-05
5e-05
5e-05
5e-05
5e-05
5e-05
5e-05
5e-05
5e-05
5e-05
5e-05
5e-05
5e-05
5e-05
5e-05
5e-05
5e-05
5e-05
5e-05
5e-05
5e-05
5e-05
5e-05
5e-05
5e-05
5e-05
5e-05
5e-05
5e-05
5e-05
5e-05
5e-05
5e-05
5e-05
5e-05
5e-05
5e-05
5e-05
5e-05
5e-05
5e-05
5e-05
5e-05
5e-05
5e-05
5e-05
5e-05
5e-05
5e-05
5e-05
5e-05
5e-05
5e-05
5e-05
5e-05
5e-05
5e-05
5e-05
5e-05
5e-05
5e-05
5e-05
5e-05
5e-05
5e-05
5e-05
5e-05
5e-05
5e-05
5e-05
5e-05
5e-05
5e-05
5e-05
5e-05
5e-05
5e-05
5e-05
5e-05
5e-05
5e-05
5e-05
5e-05
5e-05
5e-05
5e-05
5e-05
5e-05
5e-05
5e-05
5e-05
5e-05
5e-05
5e-05
5e-05
5e-05
5e-05
5e-05
5e-05
5e-05
5e-05
5e-05
5e-05
5e-05
5e-05
5e-05
5e-05
5e-05
5e-05
5e-05
5e-05
5e-05
5e-05
5e-05
5e-05
5e-05
5e-05
5e-05
5e-05
5e-05
5e-05
5e-05
5e-05
5e-05
5e-05
5e-05
5e-05
5e-05
5e-05
5e-05
5e-05
5e-05
5e-05
5e-05
0.00343225
0.00348901
0.00350828
0.003525
0.00354019
0.00355428
0.0035676
0.00358038
0.00359277
0.00360488
0.00361679
0.00362856
0.00364023
0.00365182
0.00366335
0.00367485
0.00368631
0.00369774
0.00370916
0.00372055
0.00373193
0.0037433
0.00375466
0.003766
0.00377733
0.00378866
0.00379997
0.00381127
0.00382257
0.00383385
0.00384512
0.00385639
0.00386765
0.00387889
0.00389013
0.00390136
0.00391258
0.00392379
0.00393499
0.00394619
0.00395737
0.00396854
0.00397971
0.00399087
0.00400202
0.00401316
0.00402429
0.00403541
0.00404652
0.00405763
0.00406873
0.00407981
0.00409089
0.00410196
0.00411302
0.00412408
0.00413512
0.00414616
0.00415719
0.00416821
0.00417922
0.00419022
0.00420121
0.0042122
0.00422318
0.00423415
0.00424511
0.00425606
0.004267
0.00427794
0.00428887
0.00429979
0.0043107
0.0043216
0.0043325
0.00434339
0.00435427
0.00436514
0.004376
0.00438686
0.00101545
0.000969507
0.000961057
0.000955134
0.000950745
0.000947436
0.000944888
0.000942878
0.000941247
0.000939883
0.000938709
0.000937667
0.00093672
0.000935839
0.000935005
0.000934205
0.000933429
0.000932669
0.000931921
0.000931183
0.00093045
0.000929722
0.000928997
0.000928275
0.000927555
0.000926836
0.000926119
0.000925403
0.000924687
0.000923972
0.000923258
0.000922545
0.000921832
0.00092112
0.000920409
0.000919698
0.000918987
0.000918278
0.000917568
0.00091686
0.000916151
0.000915444
0.000914737
0.00091403
0.000913324
0.000912618
0.000911913
0.000911209
0.000910505
0.000909801
0.000909099
0.000908396
0.000907694
0.000906993
0.000906292
0.000905592
0.000904892
0.000904193
0.000903495
0.000902796
0.000902099
0.000901402
0.000900705
0.000900009
0.000899314
0.000898619
0.000897924
0.00089723
0.000896537
0.000895844
0.000895152
0.00089446
0.000893768
0.000893078
0.000892387
0.000891698
0.000891008
0.00089032
0.000889632
0.000888944
0.000888257
0.00088757
0.000886884
0.000886198
0.000885513
0.000884829
0.000884145
0.000883461
0.000882778
0.000882096
0.000881414
0.000880732
0.000880052
0.000879371
0.000878691
0.000878012
0.000877333
0.000876655
0.000875977
0.0008753
0.000874623
0.000873946
0.000873271
0.000872595
0.000871921
0.000871246
0.000870573
0.000869899
0.000869227
0.000868555
0.000867883
0.000867212
0.000866541
0.000865871
0.000865201
0.000864532
0.000863863
0.000863195
0.000862528
0.000861861
0.000861194
0.000860528
0.000859862
0.000859197
0.000858533
0.000857869
0.000857205
0.000856542
0.000855879
0.000855217
0.000854556
0.000853895
0.000853234
0.000852574
0.000851915
0.000851256
0.000850597
0.000849939
0.000849281
0.000848624
0.000847968
0.000847312
0.000846656
0.000846001
0.000845347
0.000844693
0.000844039
0.000843386
0.000842734
0.000842082
0.00084143
0.000840779
0.000840129
0.000839478
0.000838829
0.00083818
0.000837531
0.000836883
0.000836236
0.000835589
0.000834942
0.000834296
0.00083365
0.000833005
0.000832361
0.000831716
0.000831073
0.00083043
0.000829787
0.000829145
0.000828503
0.000827862
0.000827221
0.000826581
0.000825942
0.000825302
0.000824664
0.000824025
0.000823388
0.00082275
0.000822114
0.000821477
0.000820842
0.000820206
0.000819571
0.000818937
0.000818303
0.00081767
0.000817037
0.000816405
0.000815773
0.000815141
0.00081451
0.00081388
0.00081325
0.000812621
0.000811992
0.000811363
0.000810735
0.000810107
0.00080948
0.000808854
0.000808228
0.000807602
0.000806977
0.000806352
0.000805728
0.000805104
0.000804481
0.000803858
0.000803236
0.000802614
0.000801993
0.000801372
0.000800752
0.000800132
0.000799512
0.000798893
0.000798275
0.000797657
0.00079704
0.000796423
0.000795806
0.00079519
0.000794574
0.000793959
0.000793344
0.00079273
0.000792117
0.000791503
0.000790891
0.000790278
0.000789666
0.000789055
0.000788444
0.000787834
0.000787224
0.000786614
0.000786005
0.000785397
0.000784789
0.000784181
0.000783574
0.000782967
0.000782361
0.000781755
0.00078115
0.000780545
0.000779941
0.000779337
0.000778734
0.000778131
0.000777528
0.000776926
0.000776325
0.000775724
0.000775123
0.000774523
0.000773923
0.000773324
0.000772725
0.000772127
0.000771529
0.000770932
0.000770335
0.000769739
0.000769143
0.000768547
0.000767952
0.000767358
0.000766763
0.00076617
0.000765577
0.000764984
0.000764391
0.0007638
0.000763208
0.000762617
0.000762027
0.000761437
0.000760847
0.000760258
0.00075967
0.000759081
0.000758494
0.000757906
0.00075732
0.000756733
0.000756147
0.000755562
0.000754977
0.000754392
0.000753808
0.000753225
0.000752641
0.000752059
0.000751476
0.000750894
0.000750313
0.000749732
0.000749152
0.000748572
0.000747992
0.000747413
0.000746834
0.000746256
0.000745678
0.000745101
0.000744524
0.000743948
0.000743372
0.000742796
0.000742221
0.000741646
0.000741072
0.000740498
0.000739925
0.000739352
0.00073878
0.000738208
0.000737636
0.000737065
0.000736495
0.000735924
0.000735355
0.000734785
0.000734216
0.000733648
0.00073308
0.000732513
0.000731945
0.000731379
0.000730813
0.000730247
0.000729681
0.000729117
0.000728552
0.000727988
0.000727425
0.000726861
0.000726299
0.000725736
0.000725175
0.000724613
0.000724052
0.000723492
0.000722932
0.000722372
0.000721813
0.000721254
0.000720696
0.000720138
0.00071958
0.000719023
0.000718467
0.000717911
0.000717355
0.0007168
0.000716245
0.00071569
0.000715137
0.000714583
0.00071403
0.000713477
0.000712925
0.000712373
0.000711822
0.000711271
0.00071072
0.00071017
0.00070962
0.000709071
0.000708522
0.000707974
0.000707426
0.000706879
0.000706331
0.000705785
0.000705239
0.000704693
0.000704147
0.000703602
0.000703058
0.000702514
0.00070197
0.000701427
0.000700884
0.000700342
0.0006998
0.000699258
0.000698717
0.000698176
0.000697636
0.000697096
0.000696557
0.000696018
0.000695479
0.000694941
0.000694403
0.000693866
0.000693329
0.000692792
0.000692256
0.000691721
0.000691186
0.000690651
0.000690116
0.000689582
0.000689049
0.000688516
0.000687983
0.000687451
0.000686919
0.000686387
0.000685856
0.000685326
0.000684796
0.000684266
0.000683736
0.000683208
0.000682679
0.000682151
0.000681623
0.000681096
0.000680569
0.000680043
0.000679516
0.000678991
0.000678466
0.000677941
0.000677416
0.000676892
0.000676369
0.000675846
0.000675323
0.000674801
0.000674279
0.000673757
0.000673236
0.000672715
0.000672195
0.000671675
0.000671156
0.000670637
0.000670118
0.0006696
0.000669082
0.000668565
0.000668048
0.000667531
0.000667015
0.000666499
0.000665984
0.000665469
0.000664954
0.00066444
0.000663926
0.000663413
0.0006629
0.000662387
0.000661875
0.000661363
0.000660852
0.000660341
0.00065983
0.00065932
0.000658811
0.000658301
0.000657792
0.000657284
0.000656776
0.000656268
0.000655761
0.000655254
0.000654747
0.000654241
0.000653735
0.00065323
0.000652725
0.000652221
0.000651716
0.000651213
0.000650709
0.000650207
0.000649704
0.000649202
0.0006487
0.000648199
0.000647698
0.000647197
0.000646697
0.000646197
0.000645698
0.000645199
0.0006447
0.000644202
0.000643705
0.000643207
0.00064271
0.000642214
0.000641717
0.000641222
0.000640726
0.000640231
0.000639736
0.000639242
0.000638748
0.000638255
0.000637762
0.000637269
0.000636777
0.000636285
0.000635793
0.000635302
0.000634812
0.000634321
0.000633831
0.000633342
0.000632853
0.000632364
0.000631875
0.000631387
0.0006309
0.000630412
0.000629926
0.000629439
0.000628953
0.000628467
0.000627982
0.000627497
0.000627013
0.000626528
0.000626045
0.000625561
0.000625078
0.000624596
0.000624113
0.000623632
0.00062315
0.000622669
0.000622188
0.000621708
0.000621228
0.000620748
0.000620269
0.00061979
0.000619312
0.000618834
0.000618356
0.000617879
0.000617402
0.000616926
0.00061645
0.000615974
0.000615498
0.000615023
0.000614549
0.000614074
0.000613601
0.000613127
0.000612654
0.000612181
0.000611709
0.000611237
0.000610765
0.000610294
0.000609823
0.000609353
0.000608883
0.000608413
0.000607943
0.000607474
0.000607006
0.000606538
0.00060607
0.000605602
0.000605135
0.000604668
0.000604202
0.000603736
0.00060327
0.000602805
0.00060234
0.000601876
0.000601412
0.000600948
0.000600484
0.000600021
0.000599559
0.000599096
0.000598634
0.000598173
0.000597712
0.000597251
0.00059679
0.00059633
0.00059587
0.000595411
0.000594952
0.000594494
0.000594035
0.000593577
0.00059312
0.000592663
0.000592206
0.000591749
0.000591293
0.000590838
0.000590382
0.000589927
0.000589473
0.000589018
0.000588565
0.000588111
0.000587658
0.000587205
0.000586753
0.000586301
0.000585849
0.000585398
0.000584947
0.000584496
0.000584046
0.000583596
0.000583146
0.000582697
0.000582248
0.0005818
0.000581352
0.000580904
0.000580456
0.000580009
0.000579563
0.000579116
0.00057867
0.000578225
0.00057778
0.000577335
0.00057689
0.000576446
0.000576002
0.000575559
0.000575116
0.000574673
0.00057423
0.000573788
0.000573347
0.000572905
0.000572464
0.000572024
0.000571584
0.000571144
0.000570704
0.000570265
0.000569826
0.000569387
0.000568949
0.000568511
0.000568074
0.000567637
0.0005672
0.000566764
0.000566328
0.000565892
0.000565457
0.000565022
0.000564587
0.000564153
0.000563719
0.000563285
0.000562852
0.000562419
0.000561986
0.000561554
0.000561122
0.000560691
0.00056026
0.000559829
0.000559398
0.000558968
0.000558538
0.000558109
0.00055768
0.000557251
0.000556823
0.000556395
0.000555967
0.000555539
0.000555112
0.000554686
0.000554259
0.000553833
0.000553408
0.000552982
0.000552557
0.000552133
0.000551709
0.000551285
0.000550861
0.000550438
0.000550015
0.000549592
0.00054917
0.000548748
0.000548326
0.000547905
0.000547484
0.000547064
0.000546644
0.000546224
0.000545804
0.000545385
0.000544966
0.000544548
0.000544129
0.000543712
0.000543294
0.000542877
0.00054246
0.000542044
0.000541627
0.000541212
0.000540796
0.000540381
0.000539966
0.000539552
0.000539138
0.000538724
0.00053831
0.000537897
0.000537484
0.000537072
0.00053666
0.000536248
0.000535836
0.000535425
0.000535014
0.000534604
0.000534194
0.000533784
0.000533374
0.000532965
0.000532556
0.000532148
0.00053174
0.000531332
0.000530924
0.000530517
0.00053011
0.000529704
0.000529298
0.000528892
0.000528486
0.000528081
0.000527676
0.000527272
0.000526867
0.000526463
0.00052606
0.000525657
0.000525254
0.000524851
0.000524449
0.000524047
0.000523645
0.000523244
0.000522843
0.000522442
0.000522042
0.000521642
0.000521242
0.000520843
0.000520444
0.000520045
0.000519647
0.000519249
0.000518851
0.000518454
0.000518057
0.00051766
0.000517263
0.000516867
0.000516471
0.000516076
0.000515681
0.000515286
0.000514891
0.000514497
0.000514103
0.00051371
0.000513317
0.000512924
0.000512531
0.000512139
0.000511747
0.000511355
0.000510964
0.000510573
0.000510182
0.000509792
0.000509402
0.000509012
0.000508622
0.000508233
0.000507845
0.000507456
0.000507068
0.00050668
0.000506292
0.000505905
0.000505518
0.000505132
0.000504745
0.00050436
0.000503974
0.000503589
0.000503203
0.000502819
0.000502434
0.00050205
0.000501667
0.000501283
0.0005009
0.000500517
0.000500135
0.000499752
0.00049937
0.000498989
0.000498607
0.000498227
0.000497846
0.000497465
0.000497085
0.000496706
0.000496326
0.000495947
0.000495568
0.00049519
0.000494812
0.000494434
0.000494056
0.000493679
0.000493302
0.000492925
0.000492549
0.000492173
0.000491797
0.000491422
0.000491047
0.000490672
0.000490297
0.000489923
0.000489549
0.000489175
0.000488802
0.000488429
0.000488056
0.000487684
0.000487312
0.00048694
0.000486569
0.000486198
0.000485827
0.000485456
0.000485086
0.000484716
0.000484346
0.000483977
0.000483608
0.000483239
0.000482871
0.000482502
0.000482134
0.000481767
0.0004814
0.000481033
0.000480666
0.0004803
0.000479934
0.000479568
0.000479202
0.000478837
0.000478472
0.000478108
0.000477743
0.00047738
0.000477016
0.000476652
0.000476289
0.000475927
0.000475564
0.000475202
0.00047484
0.000474478
0.000474117
0.000473756
0.000473395
0.000473035
0.000472675
0.000472315
0.000471955
0.000471596
0.000471237
0.000470879
0.00047052
0.000470162
0.000469804
0.000469447
0.00046909
0.000468733
0.000468376
0.00046802
0.000467664
0.000467308
0.000466953
0.000466597
0.000466243
0.000465888
0.000465534
0.00046518
0.000464826
0.000464473
0.000464119
0.000463767
0.000463414
0.000463062
0.00046271
0.000462358
0.000462007
0.000461656
0.000461305
0.000460954
0.000460604
0.000460254
0.000459904
0.000459555
0.000459206
0.000458857
0.000458509
0.00045816
0.000457812
0.000457465
0.000457117
0.00045677
0.000456423
0.000456077
0.000455731
0.000455385
0.000455039
0.000454693
0.000454348
0.000454004
0.000453659
0.000453315
0.000452971
0.000452627
0.000452284
0.00045194
0.000451598
0.000451255
0.000450913
0.000450571
0.000450229
0.000449888
0.000449546
0.000449205
0.000448865
0.000448525
0.000448184
0.000447845
0.000447505
0.000447166
0.000446827
0.000446488
0.00044615
0.000445812
0.000445474
0.000445137
0.000444799
0.000444462
0.000444126
0.000443789
0.000443453
0.000443117
0.000442781
0.000442446
0.000442111
0.000441776
0.000441442
0.000441107
0.000440774
0.00044044
0.000440106
0.000439773
0.00043944
0.000439108
0.000438776
0.000438443
0.000438112
0.00043778
0.000437449
0.000437118
0.000436787
0.000436457
0.000436127
0.000435797
0.000435467
0.000435138
0.000434809
0.00043448
0.000434152
0.000433823
0.000433495
0.000433168
0.00043284
0.000432513
0.000432186
0.00043186
0.000431533
0.000431207
0.000430881
0.000430556
0.000430231
0.000429906
0.000429581
0.000429256
0.000428932
0.000428608
0.000428285
0.000427961
0.000427638
0.000427315
0.000426993
0.00042667
0.000426348
0.000426026
0.000425705
0.000425384
0.000425063
0.000424742
0.000424421
0.000424101
0.000423781
0.000423461
0.000423142
0.000422823
0.000422504
0.000422185
0.000421867
0.000421549
0.000421231
0.000420913
0.000420596
0.000420279
0.000419962
0.000419646
0.000419329
0.000419013
0.000418698
0.000418382
0.000418067
0.000417752
0.000417437
0.000417123
0.000416808
0.000416495
0.000416181
0.000415867
0.000415554
0.000415241
0.000414929
0.000414616
0.000414304
0.000413992
0.000413681
0.000413369
0.000413058
0.000412747
0.000412437
0.000412127
0.000411816
0.000411507
0.000411197
0.000410888
0.000410579
0.00041027
0.000409961
0.000409653
0.000409345
0.000409037
0.00040873
0.000408423
0.000408116
0.000407809
0.000407502
0.000407196
0.00040689
0.000406584
0.000406279
0.000405974
0.000405669
0.000405364
0.00040506
0.000404755
0.000404451
0.000404148
0.000403844
0.000403541
0.000403238
0.000402935
0.000402633
0.000402331
0.000402029
0.000401727
0.000401425
0.000401124
0.000400823
0.000400523
0.000400222
0.000399922
0.000399622
0.000399322
0.000399023
0.000398724
0.000398425
0.000398126
0.000397827
0.000397529
0.000397231
0.000396933
0.000396636
0.000396339
0.000396042
0.000395745
0.000395448
0.000395152
0.000394856
0.00039456
0.000394265
0.00039397
0.000393675
0.00039338
0.000393085
0.000392791
0.000392497
0.000392203
0.000391909
0.000391616
0.000391323
0.00039103
0.000390738
0.000390445
0.000390153
0.000389861
0.00038957
0.000389278
0.000388987
0.000388696
0.000388406
0.000388115
0.000387825
0.000387535
0.000387245
0.000386956
0.000386667
0.000386378
0.000386089
0.000385801
0.000385512
0.000385224
0.000384937
0.000384649
0.000384362
0.000384075
0.000383788
0.000383501
0.000383215
0.000382929
0.000382643
0.000382357
0.000382072
0.000381787
0.000381502
0.000381217
0.000380933
0.000380649
0.000380365
0.000380081
0.000379797
0.000379514
0.000379231
0.000378948
0.000378666
0.000378384
0.000378101
0.00037782
0.000377538
0.000377257
0.000376975
0.000376695
0.000376414
0.000376133
0.000375853
0.000375573
0.000375293
0.000375014
0.000374735
0.000374456
0.000374177
0.000373898
0.00037362
0.000373342
0.000373064
0.000372786
0.000372509
0.000372232
0.000371955
0.000371678
0.000371401
0.000371125
0.000370849
0.000370573
0.000370298
0.000370022
0.000369747
0.000369472
0.000369198
0.000368923
0.000368649
0.000368375
0.000368101
0.000367828
0.000367555
0.000367282
0.000367009
0.000366736
0.000366464
0.000366192
0.00036592
0.000365648
0.000365376
0.000365105
0.000364834
0.000364563
0.000364293
0.000364022
0.000363752
0.000363482
0.000363213
0.000362943
0.000362674
0.000362405
0.000362136
0.000361868
0.0003616
0.000361331
0.000361064
0.000360796
0.000360529
0.000360261
0.000359994
0.000359728
0.000359461
0.000359195
0.000358929
0.000358663
0.000358397
0.000358132
0.000357867
0.000357602
0.000357337
0.000357072
0.000356808
0.000356544
0.00035628
0.000356016
0.000355753
0.00035549
0.000355227
0.000354964
0.000354701
0.000354439
0.000354177
0.000353915
0.000353653
0.000353392
0.000353131
0.00035287
0.000352609
0.000352348
0.000352088
0.000351828
0.000351568
0.000351308
0.000351049
0.000350789
0.00035053
0.000350271
0.000350013
0.000349754
0.000349496
0.000349238
0.00034898
0.000348723
0.000348466
0.000348208
0.000347952
0.000347695
0.000347438
0.000347182
0.000346926
0.00034667
0.000346415
0.000346159
0.000345904
0.000345649
0.000345394
0.00034514
0.000344885
0.000344631
0.000344377
0.000344124
0.00034387
0.000343617
0.000343364
0.000343111
0.000342858
0.000342606
0.000342354
0.000342102
0.00034185
0.000341598
0.000341347
0.000341096
0.000340845
0.000340594
0.000340344
0.000340093
0.000339843
0.000339593
0.000339344
0.000339094
0.000338845
0.000338596
0.000338347
0.000338098
0.00033785
0.000337602
0.000337354
0.000337106
0.000336858
0.000336611
0.000336364
0.000336117
0.00033587
0.000335623
0.000335377
0.000335131
0.000334885
0.000334639
0.000334394
0.000334148
0.000333903
0.000333658
0.000333414
0.000333169
0.000332925
0.000332681
0.000332437
0.000332193
0.00033195
0.000331706
0.000331463
0.000331221
0.000330978
0.000330735
0.000330493
0.000330251
0.000330009
0.000329768
0.000329526
0.000329285
0.000329044
0.000328803
0.000328562
0.000328322
0.000328082
0.000327842
0.000327602
0.000327362
0.000327123
0.000326884
0.000326645
0.000326406
0.000326167
0.000325929
0.000325691
0.000325453
0.000325215
0.000324977
0.00032474
0.000324503
0.000324265
0.000324029
0.000323792
0.000323556
0.000323319
0.000323083
0.000322848
0.000322612
0.000322377
0.000322141
0.000321906
0.000321671
0.000321437
0.000321202
0.000320968
0.000320734
0.0003205
0.000320267
0.000320033
0.0003198
0.000319567
0.000319334
0.000319101
0.000318869
0.000318636
0.000318404
0.000318173
0.000317941
0.000317709
0.000317478
0.000317247
0.000317016
0.000316785
0.000316555
0.000316324
0.000316094
0.000315864
0.000315635
0.000315405
0.000315176
0.000314947
0.000314718
0.000314489
0.00031426
0.000314032
0.000313804
0.000313576
0.000313348
0.00031312
0.000312893
0.000312665
0.000312438
0.000312211
0.000311985
0.000311758
0.000311532
0.000311306
0.00031108
0.000310854
0.000310629
0.000310403
0.000310178
0.000309953
0.000309729
0.000309504
0.00030928
0.000309055
0.000308831
0.000308608
0.000308384
0.00030816
0.000307937
0.000307714
0.000307491
0.000307269
0.000307046
0.000306824
0.000306602
0.00030638
0.000306158
0.000305936
0.000305715
0.000305494
0.000305273
0.000305052
0.000304831
0.000304611
0.000304391
0.000304171
0.000303951
0.000303731
0.000303511
0.000303292
0.000303073
0.000302854
0.000302635
0.000302417
0.000302198
0.00030198
0.000301762
0.000301544
0.000301326
0.000301109
0.000300892
0.000300674
0.000300458
0.000300241
0.000300024
0.000299808
0.000299592
0.000299376
0.00029916
0.000298944
0.000298729
0.000298513
0.000298298
0.000298083
0.000297869
0.000297654
0.00029744
0.000297225
0.000297011
0.000296797
0.000296584
0.00029637
0.000296157
0.000295944
0.000295731
0.000295518
0.000295306
0.000295093
0.000294881
0.000294669
0.000294457
0.000294245
0.000294034
0.000293823
0.000293611
0.0002934
0.00029319
0.000292979
0.000292769
0.000292558
0.000292348
0.000292138
0.000291929
0.000291719
0.00029151
0.000291301
0.000291092
0.000290883
0.000290674
0.000290466
0.000290257
0.000290049
0.000289841
0.000289633
0.000289426
0.000289218
0.000289011
0.000288804
0.000288597
0.00028839
0.000288184
0.000287977
0.000287771
0.000287565
0.000287359
0.000287154
0.000286948
0.000286743
0.000286538
0.000286333
0.000286128
0.000285923
0.000285719
0.000285514
0.00028531
0.000285106
0.000284903
0.000284699
0.000284496
0.000284292
0.000284089
0.000283886
0.000283684
0.000283481
0.000283279
0.000283076
0.000282874
0.000282673
0.000282471
0.000282269
0.000282068
0.000281867
0.000281666
0.000281465
0.000281264
0.000281064
0.000280863
0.000280663
0.000280463
0.000280263
0.000280064
0.000279864
0.000279665
0.000279466
0.000279267
0.000279068
0.000278869
0.000278671
0.000278472
0.000278274
0.000278076
0.000277878
0.000277681
0.000277483
0.000277286
0.000277089
0.000276892
0.000276695
0.000276498
0.000276302
0.000276106
0.000275909
0.000275713
0.000275518
0.000275322
0.000275127
0.000274931
0.000274736
0.000274541
0.000274346
0.000274152
0.000273957
0.000273763
0.000273569
0.000273375
0.000273181
0.000272987
0.000272794
0.0002726
0.000272407
0.000272214
0.000272021
0.000271829
0.000271636
0.000271444
0.000271252
0.00027106
0.000270868
0.000270676
0.000270485
0.000270293
0.000270102
0.000269911
0.00026972
0.000269529
0.000269339
0.000269148
0.000268958
0.000268768
0.000268578
0.000268388
0.000268199
0.000268009
0.00026782
0.000267631
0.000267442
0.000267253
0.000267065
0.000266876
0.000266688
0.0002665
0.000266312
0.000266124
0.000265936
0.000265749
0.000265562
0.000265374
0.000265187
0.000265
0.000264814
0.000264627
0.000264441
0.000264255
0.000264068
0.000263883
0.000263697
0.000263511
0.000263326
0.000263141
0.000262955
0.00026277
0.000262586
0.000262401
0.000262216
0.000262032
0.000261848
0.000261664
0.00026148
0.000261296
0.000261113
0.000260929
0.000260746
0.000260563
0.00026038
0.000260197
0.000260015
0.000259832
0.00025965
0.000259468
0.000259286
0.000259104
0.000258922
0.000258741
0.000258559
0.000258378
0.000258197
0.000258016
0.000257835
0.000257655
0.000257474
0.000257294
0.000257114
0.000256934
0.000256754
0.000256574
0.000256395
0.000256215
0.000256036
0.000255857
0.000255678
0.000255499
0.000255321
0.000255142
0.000254964
0.000254786
0.000254608
0.00025443
0.000254252
0.000254075
0.000253897
0.00025372
0.000253543
0.000253366
0.000253189
0.000253012
0.000252836
0.00025266
0.000252483
0.000252307
0.000252131
0.000251956
0.00025178
0.000251605
0.000251429
0.000251254
0.000251079
0.000250904
0.00025073
0.000250555
0.000250381
0.000250206
0.000250032
0.000249858
0.000249685
0.000249511
0.000249337
0.000249164
0.000248991
0.000248818
0.000248645
0.000248472
0.000248299
0.000248127
0.000247955
0.000247782
0.00024761
0.000247438
0.000247267
0.000247095
0.000246924
0.000246752
0.000246581
0.00024641
0.000246239
0.000246069
0.000245898
0.000245728
0.000245557
0.000245387
0.000245217
0.000245047
0.000244878
0.000244708
0.000244539
0.000244369
0.0002442
0.000244031
0.000243862
0.000243694
0.000243525
0.000243357
0.000243188
0.00024302
0.000242852
0.000242685
0.000242517
0.000242349
0.000242182
0.000242015
0.000241848
0.000241681
0.000241514
0.000241347
0.00024118
0.000241014
0.000240848
0.000240682
0.000240516
0.00024035
0.000240184
0.000240019
0.000239853
0.000239688
0.000239523
0.000239358
0.000239193
0.000239028
0.000238864
0.000238699
0.000238535
0.000238371
0.000238207
0.000238043
0.000237879
0.000237716
0.000237552
0.000237389
0.000237226
0.000237063
0.0002369
0.000236737
0.000236575
0.000236412
0.00023625
0.000236088
0.000235925
0.000235764
0.000235602
0.00023544
0.000235279
0.000235117
0.000234956
0.000234795
0.000234634
0.000234473
0.000234313
0.000234152
0.000233992
0.000233831
0.000233671
0.000233511
0.000233351
0.000233192
0.000233032
0.000232873
0.000232713
0.000232554
0.000232395
0.000232236
0.000232078
0.000231919
0.00023176
0.000231602
0.000231444
0.000231286
0.000231128
0.00023097
0.000230812
0.000230655
0.000230497
0.00023034
0.000230183
0.000230026
0.000229869
0.000229712
0.000229556
0.000229399
0.000229243
0.000229087
0.000228931
0.000228775
0.000228619
0.000228463
0.000228308
0.000228153
0.000227997
0.000227842
0.000227687
0.000227532
0.000227378
0.000227223
0.000227068
0.000226914
0.00022676
0.000226606
0.000226452
0.000226298
0.000226144
0.000225991
0.000225838
0.000225684
0.000225531
0.000225378
0.000225225
0.000225072
0.00022492
0.000224767
0.000224615
0.000224463
0.000224311
0.000224159
0.000224007
0.000223855
0.000223704
0.000223552
0.000223401
0.00022325
0.000223099
0.000222948
0.000222797
0.000222646
0.000222496
0.000222345
0.000222195
0.000222045
0.000221895
0.000221745
0.000221595
0.000221445
0.000221296
0.000221146
0.000220997
0.000220848
0.000220699
0.00022055
0.000220401
0.000220253
0.000220104
0.000219956
0.000219808
0.00021966
0.000219512
0.000219364
0.000219216
0.000219069
0.000218921
0.000218774
0.000218626
0.000218479
0.000218332
0.000218186
0.000218039
0.000217892
0.000217746
0.000217599
0.000217453
0.000217307
0.000217161
0.000217015
0.00021687
0.000216724
0.000216579
0.000216433
0.000216288
0.000216143
0.000215998
0.000215853
0.000215708
0.000215564
0.000215419
0.000215275
0.000215131
0.000214987
0.000214843
0.000214699
0.000214555
0.000214412
0.000214268
0.000214125
0.000213982
0.000213838
0.000213695
0.000213553
0.00021341
0.000213267
0.000213125
0.000212982
0.00021284
0.000212698
0.000212556
0.000212414
0.000212272
0.000212131
0.000211989
0.000211848
0.000211707
0.000211565
0.000211424
0.000211283
0.000211143
0.000211002
0.000210861
0.000210721
0.000210581
0.00021044
0.0002103
0.00021016
0.000210021
0.000209881
0.000209741
0.000209602
0.000209463
0.000209323
0.000209184
0.000209045
0.000208906
0.000208768
0.000208629
0.000208491
0.000208352
0.000208214
0.000208076
0.000207938
0.0002078
0.000207662
0.000207524
0.000207387
0.000207249
0.000207112
0.000206975
0.000206838
0.000206701
0.000206564
0.000206427
0.000206291
0.000206154
0.000206018
0.000205881
0.000205745
0.000205609
0.000205473
0.000205337
0.000205202
0.000205066
0.000204931
0.000204795
0.00020466
0.000204525
0.00020439
0.000204255
0.000204121
0.000203986
0.000203851
0.000203717
0.000203583
0.000203449
0.000203315
0.000203181
0.000203047
0.000202913
0.000202779
0.000202646
0.000202513
0.000202379
0.000202246
0.000202113
0.00020198
0.000201848
0.000201715
0.000201582
0.00020145
0.000201318
0.000201185
0.000201053
0.000200921
0.000200789
0.000200658
0.000200526
0.000200394
0.000200263
0.000200132
0.0002
0.000199869
0.000199738
0.000199608
0.000199477
0.000199346
0.000199216
0.000199085
0.000198955
0.000198825
0.000198695
0.000198565
0.000198435
0.000198305
0.000198176
0.000198046
0.000197917
0.000197787
0.000197658
0.000197529
0.0001974
0.000197271
0.000197143
0.000197014
0.000196885
0.000196757
0.000196629
0.000196501
0.000196373
0.000196245
0.000196117
0.000195989
0.000195861
0.000195734
0.000195606
0.000195479
0.000195352
0.000195225
0.000195098
0.000194971
0.000194844
0.000194718
0.000194591
0.000194465
0.000194338
0.000194212
0.000194086
0.00019396
0.000193834
0.000193708
0.000193583
0.000193457
0.000193332
0.000193206
0.000193081
0.000192956
0.000192831
0.000192706
0.000192581
0.000192457
0.000192332
0.000192208
0.000192083
0.000191959
0.000191835
0.000191711
0.000191587
0.000191463
0.000191339
0.000191216
0.000191092
0.000190969
0.000190845
0.000190722
0.000190599
0.000190476
0.000190353
0.000190231
0.000190108
0.000189985
0.000189863
0.000189741
0.000189618
0.000189496
0.000189374
0.000189252
0.00018913
0.000189009
0.000188887
0.000188766
0.000188644
0.000188523
0.000188402
0.000188281
0.00018816
0.000188039
0.000187918
0.000187797
0.000187677
0.000187556
0.000187436
0.000187316
0.000187196
0.000187076
0.000186956
0.000186836
0.000186716
0.000186596
0.000186477
0.000186357
0.000186238
0.000186119
0.000186
0.000185881
0.000185762
0.000185643
0.000185524
0.000185406
0.000185287
0.000185169
0.000185051
0.000184932
0.000184814
0.000184696
0.000184578
0.000184461
0.000184343
0.000184225
0.000184108
0.000183991
0.000183873
0.000183756
0.000183639
0.000183522
0.000183405
0.000183288
0.000183172
0.000183055
0.000182939
0.000182822
0.000182706
0.00018259
0.000182474
0.000182358
0.000182242
0.000182126
0.000182011
0.000181895
0.00018178
0.000181664
0.000181549
0.000181434
0.000181319
0.000181204
0.000181089
0.000180974
0.000180859
0.000180745
0.00018063
0.000180516
0.000180402
0.000180288
0.000180173
0.000180059
0.000179946
0.000179832
0.000179718
0.000179605
0.000179491
0.000179378
0.000179264
0.000179151
0.000179038
0.000178925
0.000178812
0.000178699
0.000178587
0.000178474
0.000178362
0.000178249
0.000178137
0.000178025
0.000177913
0.000177801
0.000177689
0.000177577
0.000177465
0.000177353
0.000177242
0.00017713
0.000177019
0.000176908
0.000176797
0.000176686
0.000176575
0.000176464
0.000176353
0.000176242
0.000176132
0.000176021
0.000175911
0.000175801
0.00017569
0.00017558
0.00017547
0.00017536
0.000175251
0.000175141
0.000175031
0.000174922
0.000174812
0.000174703
0.000174594
0.000174485
0.000174376
0.000174267
0.000174158
0.000174049
0.00017394
0.000173832
0.000173723
0.000173615
0.000173506
0.000173398
0.00017329
0.000173182
0.000173074
0.000172966
0.000172859
0.000172751
0.000172643
0.000172536
0.000172429
0.000172321
0.000172214
0.000172107
0.000172
0.000171893
0.000171786
0.00017168
0.000171573
0.000171466
0.00017136
0.000171254
0.000171147
0.000171041
0.000170935
0.000170829
0.000170723
0.000170617
0.000170512
0.000170406
0.000170301
0.000170195
0.00017009
0.000169985
0.000169879
0.000169774
0.000169669
0.000169565
0.00016946
0.000169355
0.00016925
0.000169146
0.000169041
0.000168937
0.000168833
0.000168729
0.000168625
0.000168521
0.000168417
0.000168313
0.000168209
0.000168106
0.000168002
0.000167899
0.000167795
0.000167692
0.000167589
0.000167486
0.000167383
0.00016728
0.000167177
0.000167074
0.000166972
0.000166869
0.000166767
0.000166664
0.000166562
0.00016646
0.000166358
0.000166256
0.000166154
0.000166052
0.00016595
0.000165849
0.000165747
0.000165645
0.000165544
0.000165443
0.000165342
0.00016524
0.000165139
0.000165038
0.000164937
0.000164837
0.000164736
0.000164635
0.000164535
0.000164434
0.000164334
0.000164234
0.000164134
0.000164034
0.000163934
0.000163834
0.000163734
0.000163634
0.000163534
0.000163435
0.000163335
0.000163236
0.000163137
0.000163037
0.000162938
0.000162839
0.00016274
0.000162641
0.000162543
0.000162444
0.000162345
0.000162247
0.000162148
0.00016205
0.000161952
0.000161853
0.000161755
0.000161657
0.000161559
0.000161462
0.000161364
0.000161266
0.000161168
0.000161071
0.000160973
0.000160876
0.000160779
0.000160682
0.000160585
0.000160488
0.000160391
0.000160294
0.000160197
0.0001601
0.000160004
0.000159907
0.000159811
0.000159715
0.000159618
0.000159522
0.000159426
0.00015933
0.000159234
0.000159138
0.000159043
0.000158947
0.000158851
0.000158756
0.00015866
0.000158565
0.00015847
0.000158375
0.000158279
0.000158184
0.00015809
0.000157995
0.0001579
0.000157805
0.000157711
0.000157616
0.000157522
0.000157427
0.000157333
0.000157239
0.000157145
0.000157051
0.000156957
0.000156863
0.000156769
0.000156675
0.000156582
0.000156488
0.000156395
0.000156302
0.000156208
0.000156115
0.000156022
0.000155929
0.000155836
0.000155743
0.00015565
0.000155557
0.000155465
0.000155372
0.00015528
0.000155187
0.000155095
0.000155003
0.000154911
0.000154819
0.000154727
0.000154635
0.000154543
0.000154451
0.000154359
0.000154268
0.000154176
0.000154085
0.000153993
0.000153902
0.000153811
0.00015372
0.000153629
0.000153538
0.000153447
0.000153356
0.000153265
0.000153175
0.000153084
0.000152994
0.000152903
0.000152813
0.000152723
0.000152632
0.000152542
0.000152452
0.000152362
0.000152272
0.000152183
0.000152093
0.000152003
0.000151914
0.000151824
0.000151735
0.000151646
0.000151556
0.000151467
0.000151378
0.000151289
0.0001512
0.000151111
0.000151022
0.000150934
0.000150845
0.000150757
0.000150668
0.00015058
0.000150491
0.000150403
0.000150315
0.000150227
0.000150139
0.000150051
0.000149963
0.000149875
0.000149788
0.0001497
0.000149612
0.000149525
0.000149437
0.00014935
0.000149263
0.000149176
0.000149089
0.000149002
0.000148915
0.000148828
0.000148741
0.000148654
0.000148568
0.000148481
0.000148395
0.000148308
0.000148222
0.000148136
0.000148049
0.000147963
0.000147877
0.000147791
0.000147705
0.00014762
0.000147534
0.000147448
0.000147362
0.000147277
0.000147192
0.000147106
0.000147021
0.000146936
0.00014685
0.000146765
0.00014668
0.000146595
0.000146511
0.000146426
0.000146341
0.000146257
0.000146172
0.000146087
0.000146003
0.000145919
0.000145834
0.00014575
0.000145666
0.000145582
0.000145498
0.000145414
0.00014533
0.000145247
0.000145163
0.000145079
0.000144996
0.000144912
0.000144829
0.000144746
0.000144662
0.000144579
0.000144496
0.000144413
0.00014433
0.000144247
0.000144164
0.000144082
0.000143999
0.000143916
0.000143834
0.000143751
0.000143669
0.000143587
0.000143505
0.000143422
0.00014334
0.000143258
0.000143176
0.000143094
0.000143013
0.000142931
0.000142849
0.000142768
0.000142686
0.000142605
0.000142523
0.000142442
0.000142361
0.00014228
0.000142199
0.000142117
0.000142037
0.000141956
0.000141875
0.000141794
0.000141713
0.000141633
0.000141552
0.000141472
0.000141391
0.000141311
0.000141231
0.000141151
0.000141071
0.000140991
0.000140911
0.000140831
0.000140751
0.000140671
0.000140591
0.000140512
0.000140432
0.000140353
0.000140273
0.000140194
0.000140115
0.000140035
0.000139956
0.000139877
0.000139798
0.000139719
0.00013964
0.000139562
0.000139483
0.000139404
0.000139326
0.000139247
0.000139169
0.00013909
0.000139012
0.000138934
0.000138855
0.000138777
0.000138699
0.000138621
0.000138543
0.000138466
0.000138388
0.00013831
0.000138232
0.000138155
0.000138077
0.000138
0.000137923
0.000137845
0.000137768
0.000137691
0.000137614
0.000137537
0.00013746
0.000137383
0.000137306
0.000137229
0.000137153
0.000137076
0.000136999
0.000136923
0.000136847
0.00013677
0.000136694
0.000136618
0.000136541
0.000136465
0.000136389
0.000136313
0.000136237
0.000136162
0.000136086
0.00013601
0.000135935
0.000135859
0.000135783
0.000135708
0.000135633
0.000135557
0.000135482
0.000135407
0.000135332
0.000135257
0.000135182
0.000135107
0.000135032
0.000134957
0.000134883
0.000134808
0.000134733
0.000134659
0.000134584
0.00013451
0.000134436
0.000134361
0.000134287
0.000134213
0.000134139
0.000134065
0.000133991
0.000133917
0.000133843
0.00013377
0.000133696
0.000133622
0.000133549
0.000133475
0.000133402
0.000133329
0.000133255
0.000133182
0.000133109
0.000133036
0.000132963
0.00013289
0.000132817
0.000132744
0.000132671
0.000132598
0.000132526
0.000132453
0.000132381
0.000132308
0.000132236
0.000132163
0.000132091
0.000132019
0.000131947
0.000131875
0.000131803
0.000131731
0.000131659
0.000131587
0.000131515
0.000131444
0.000131372
0.0001313
0.000131229
0.000131157
0.000131086
0.000131015
0.000130943
0.000130872
0.000130801
0.00013073
0.000130659
0.000130588
0.000130517
0.000130446
0.000130375
0.000130305
0.000130234
0.000130163
0.000130093
0.000130022
0.000129952
0.000129882
0.000129811
0.000129741
0.000129671
0.000129601
0.000129531
0.000129461
0.000129391
0.000129321
0.000129251
0.000129181
0.000129112
0.000129042
0.000128973
0.000128903
0.000128834
0.000128764
0.000128695
0.000128626
0.000128557
0.000128487
0.000128418
0.000128349
0.00012828
0.000128212
0.000128143
0.000128074
0.000128005
0.000127937
0.000127868
0.000127799
0.000127731
0.000127663
0.000127594
0.000127526
0.000127458
0.00012739
0.000127321
0.000127253
0.000127185
0.000127117
0.00012705
0.000126982
0.000126914
0.000126846
0.000126779
0.000126711
0.000126644
0.000126576
0.000126509
0.000126441
0.000126374
0.000126307
0.00012624
0.000126173
0.000126106
0.000126039
0.000125972
0.000125905
0.000125838
0.000125771
0.000125705
0.000125638
0.000125571
0.000125505
0.000125438
0.000125372
0.000125306
0.000125239
0.000125173
0.000125107
0.000125041
0.000124975
0.000124909
0.000124843
0.000124777
0.000124711
0.000124645
0.00012458
0.000124514
0.000124448
0.000124383
0.000124317
0.000124252
0.000124186
0.000124121
0.000124056
0.000123991
0.000123926
0.000123861
0.000123795
0.000123731
0.000123666
0.000123601
0.000123536
0.000123471
0.000123407
0.000123342
0.000123277
0.000123213
0.000123148
0.000123084
0.00012302
0.000122955
0.000122891
0.000122827
0.000122763
0.000122699
0.000122635
0.000122571
0.000122507
0.000122443
0.000122379
0.000122315
0.000122252
0.000122188
0.000122125
0.000122061
0.000121998
0.000121934
0.000121871
0.000121808
0.000121744
0.000121681
0.000121618
0.000121555
0.000121492
0.000121429
0.000121366
0.000121303
0.00012124
0.000121178
0.000121115
0.000121052
0.00012099
0.000120927
0.000120865
0.000120802
0.00012074
0.000120678
0.000120616
0.000120553
0.000120491
0.000120429
0.000120367
0.000120305
0.000120243
0.000120181
0.00012012
0.000120058
0.000119996
0.000119934
0.000119873
0.000119811
0.00011975
0.000119688
0.000119627
0.000119566
0.000119504
0.000119443
0.000119382
0.000119321
0.00011926
0.000119199
0.000119138
0.000119077
0.000119016
0.000118955
0.000118895
0.000118834
0.000118773
0.000118713
0.000118652
0.000118592
0.000118531
0.000118471
0.000118411
0.00011835
0.00011829
0.00011823
0.00011817
0.00011811
0.00011805
0.00011799
0.00011793
0.00011787
0.00011781
0.000117751
0.000117691
0.000117631
0.000117572
0.000117512
0.000117453
0.000117393
0.000117334
0.000117275
0.000117215
0.000117156
0.000117097
0.000117038
0.000116979
0.00011692
0.000116861
0.000116802
0.000116743
0.000116684
0.000116626
0.000116567
0.000116508
0.00011645
0.000116391
0.000116333
0.000116274
0.000116216
0.000116157
0.000116099
0.000116041
0.000115983
0.000115925
0.000115867
0.000115809
0.000115751
0.000115693
0.000115635
0.000115577
0.000115519
0.000115461
0.000115404
0.000115346
0.000115288
0.000115231
0.000115173
0.000115116
0.000115059
0.000115001
0.000114944
0.000114887
0.00011483
0.000114773
0.000114715
0.000114658
0.000114601
0.000114545
0.000114488
0.000114431
0.000114374
0.000114317
0.000114261
0.000114204
0.000114147
0.000114091
0.000114034
0.000113978
0.000113922
0.000113865
0.000113809
0.000113753
0.000113697
0.00011364
0.000113584
0.000113528
0.000113472
0.000113416
0.000113361
0.000113305
0.000113249
0.000113193
0.000113137
0.000113082
0.000113026
0.000112971
0.000112915
0.00011286
0.000112804
0.000112749
0.000112694
0.000112638
0.000112583
0.000112528
0.000112473
0.000112418
0.000112363
0.000112308
0.000112253
0.000112198
0.000112143
0.000112088
0.000112034
0.000111979
0.000111924
0.00011187
0.000111815
0.000111761
0.000111706
0.000111652
0.000111598
0.000111543
0.000111489
0.000111435
0.000111381
0.000111327
0.000111273
0.000111219
0.000111165
0.000111111
0.000111057
0.000111003
0.000110949
0.000110896
0.000110842
0.000110788
0.000110735
0.000110681
0.000110628
0.000110574
0.000110521
0.000110467
0.000110414
0.000110361
0.000110308
0.000110254
0.000110201
0.000110148
0.000110095
0.000110042
0.000109989
0.000109936
0.000109884
0.000109831
0.000109778
0.000109725
0.000109673
0.00010962
0.000109568
0.000109515
0.000109463
0.00010941
0.000109358
0.000109305
0.000109253
0.000109201
0.000109149
0.000109097
0.000109044
0.000108992
0.00010894
0.000108888
0.000108836
0.000108785
0.000108733
0.000108681
0.000108629
0.000108578
0.000108526
0.000108474
0.000108423
0.000108371
0.00010832
0.000108268
0.000108217
0.000108166
0.000108114
0.000108063
0.000108012
0.000107961
0.00010791
0.000107859
0.000107808
0.000107757
0.000107706
0.000107655
0.000107604
0.000107553
0.000107502
0.000107452
0.000107401
0.00010735
0.0001073
0.000107249
0.000107199
0.000107148
0.000107098
0.000107048
0.000106997
0.000106947
0.000106897
0.000106847
0.000106797
0.000106746
0.000106696
0.000106646
0.000106596
0.000106547
0.000106497
0.000106447
0.000106397
0.000106347
0.000106298
0.000106248
0.000106198
0.000106149
0.000106099
0.00010605
0.000106
0.000105951
0.000105902
0.000105852
0.000105803
0.000105754
0.000105705
0.000105656
0.000105606
0.000105557
0.000105508
0.000105459
0.000105411
0.000105362
0.000105313
0.000105264
0.000105215
0.000105167
0.000105118
0.000105069
0.000105021
0.000104972
0.000104924
0.000104875
0.000104827
0.000104779
0.00010473
0.000104682
0.000104634
0.000104586
0.000104537
0.000104489
0.000104441
0.000104393
0.000104345
0.000104297
0.000104249
0.000104202
0.000104154
0.000104106
0.000104058
0.000104011
0.000103963
0.000103915
0.000103868
0.00010382
0.000103773
0.000103725
0.000103678
0.000103631
0.000103583
0.000103536
0.000103489
0.000103442
0.000103394
0.000103347
0.0001033
0.000103253
0.000103206
0.000103159
0.000103112
0.000103066
0.000103019
0.000102972
0.000102925
0.000102879
0.000102832
0.000102785
0.000102739
0.000102692
0.000102646
0.000102599
0.000102553
0.000102507
0.00010246
0.000102414
0.000102368
0.000102321
0.000102275
0.000102229
0.000102183
0.000102137
0.000102091
0.000102045
0.000101999
0.000101953
0.000101907
0.000101862
0.000101816
0.00010177
0.000101725
0.000101679
0.000101633
0.000101588
0.000101542
0.000101497
0.000101451
0.000101406
0.000101361
0.000101315
0.00010127
0.000101225
0.00010118
0.000101134
0.000101089
0.000101044
0.000100999
0.000100954
0.000100909
0.000100864
0.000100819
0.000100775
0.00010073
0.000100685
0.00010064
0.000100596
0.000100551
0.000100506
0.000100462
0.000100417
0.000100373
0.000100328
0.000100284
0.000100239
0.000100195
0.000100151
0.000100107
0.000100062
0.000100018
9.99741e-05
9.993e-05
9.98859e-05
9.98419e-05
9.97979e-05
9.97539e-05
9.971e-05
9.96662e-05
9.96223e-05
9.95785e-05
9.95348e-05
9.94911e-05
9.94474e-05
9.94038e-05
9.93602e-05
9.93166e-05
9.92731e-05
9.92296e-05
9.91862e-05
9.91427e-05
9.90994e-05
9.9056e-05
9.90127e-05
9.89695e-05
9.89263e-05
9.88831e-05
9.884e-05
9.87968e-05
9.87538e-05
9.87108e-05
9.86678e-05
9.86248e-05
9.85819e-05
9.8539e-05
9.84962e-05
9.84534e-05
9.84106e-05
9.83679e-05
9.83252e-05
9.82825e-05
9.82399e-05
9.81974e-05
9.81548e-05
9.81123e-05
9.80698e-05
9.80274e-05
9.7985e-05
9.79427e-05
9.79004e-05
9.78581e-05
9.78158e-05
9.77736e-05
9.77315e-05
9.76893e-05
9.76472e-05
9.76052e-05
9.75632e-05
9.75212e-05
9.74792e-05
9.74373e-05
9.73955e-05
9.73536e-05
9.73118e-05
9.72701e-05
9.72283e-05
9.71866e-05
9.7145e-05
9.71034e-05
9.70618e-05
9.70203e-05
9.69788e-05
9.69373e-05
9.68959e-05
9.68545e-05
9.68131e-05
9.67718e-05
9.67305e-05
9.66892e-05
9.6648e-05
9.66068e-05
9.65657e-05
9.65246e-05
9.64835e-05
9.64425e-05
9.64015e-05
9.63605e-05
9.63196e-05
9.62787e-05
9.62379e-05
9.6197e-05
9.61563e-05
9.61155e-05
9.60748e-05
9.60341e-05
9.59935e-05
9.59529e-05
9.59123e-05
9.58718e-05
9.58313e-05
9.57908e-05
9.57504e-05
9.571e-05
9.56697e-05
9.56293e-05
9.55891e-05
9.55488e-05
9.55086e-05
9.54684e-05
9.54283e-05
9.53882e-05
9.53481e-05
9.53081e-05
9.52681e-05
9.52281e-05
9.51882e-05
9.51483e-05
9.51084e-05
9.50686e-05
9.50288e-05
9.4989e-05
9.49493e-05
9.49096e-05
9.487e-05
9.48304e-05
9.47908e-05
9.47512e-05
9.47117e-05
9.46722e-05
9.46328e-05
9.45934e-05
9.4554e-05
9.45147e-05
9.44754e-05
9.44361e-05
9.43969e-05
9.43577e-05
9.43185e-05
9.42794e-05
9.42403e-05
9.42012e-05
9.41622e-05
9.41232e-05
9.40842e-05
9.40453e-05
9.40064e-05
9.39676e-05
9.39287e-05
9.389e-05
9.38512e-05
9.38125e-05
9.37738e-05
9.37351e-05
9.36965e-05
9.36579e-05
9.36194e-05
9.35809e-05
9.35424e-05
9.35039e-05
9.34655e-05
9.34271e-05
9.33888e-05
9.33505e-05
9.33122e-05
9.3274e-05
9.32357e-05
9.31976e-05
9.31594e-05
9.31213e-05
9.30832e-05
9.30452e-05
9.30072e-05
9.29692e-05
9.29313e-05
9.28933e-05
9.28555e-05
9.28176e-05
9.27798e-05
9.2742e-05
9.27043e-05
9.26666e-05
9.26289e-05
9.25912e-05
9.25536e-05
9.25161e-05
9.24785e-05
9.2441e-05
9.24035e-05
9.23661e-05
9.23287e-05
9.22913e-05
9.22539e-05
9.22166e-05
9.21793e-05
9.21421e-05
9.21049e-05
9.20677e-05
9.20305e-05
9.19934e-05
9.19563e-05
9.19193e-05
9.18822e-05
9.18453e-05
9.18083e-05
9.17714e-05
9.17345e-05
9.16976e-05
9.16608e-05
9.1624e-05
9.15872e-05
9.15505e-05
9.15138e-05
9.14771e-05
9.14405e-05
9.14039e-05
9.13673e-05
9.13308e-05
9.12943e-05
9.12578e-05
9.12214e-05
9.1185e-05
9.11486e-05
9.11123e-05
9.1076e-05
9.10397e-05
9.10034e-05
9.09672e-05
9.0931e-05
9.08949e-05
9.08588e-05
9.08227e-05
9.07866e-05
9.07506e-05
9.07146e-05
9.06786e-05
9.06427e-05
9.06068e-05
9.05709e-05
9.05351e-05
9.04993e-05
9.04635e-05
9.04278e-05
9.03921e-05
9.03564e-05
9.03208e-05
9.02851e-05
9.02496e-05
9.0214e-05
9.01785e-05
9.0143e-05
9.01075e-05
9.00721e-05
9.00367e-05
9.00013e-05
8.9966e-05
8.99307e-05
8.98954e-05
8.98602e-05
8.9825e-05
8.97898e-05
8.97547e-05
8.97195e-05
8.96844e-05
8.96494e-05
8.96144e-05
8.95794e-05
8.95444e-05
8.95095e-05
8.94746e-05
8.94397e-05
8.94049e-05
8.93701e-05
8.93353e-05
8.93005e-05
8.92658e-05
8.92311e-05
8.91965e-05
8.91618e-05
8.91272e-05
8.90927e-05
8.90581e-05
8.90236e-05
8.89892e-05
8.89547e-05
8.89203e-05
8.88859e-05
8.88516e-05
8.88173e-05
8.8783e-05
8.87487e-05
8.87145e-05
8.86803e-05
8.86461e-05
8.8612e-05
8.85778e-05
8.85438e-05
8.85097e-05
8.84757e-05
8.84417e-05
8.84077e-05
8.83738e-05
8.83399e-05
8.8306e-05
8.82722e-05
8.82384e-05
8.82046e-05
8.81708e-05
8.81371e-05
8.81034e-05
8.80698e-05
8.80361e-05
8.80025e-05
8.79689e-05
8.79354e-05
8.79019e-05
8.78684e-05
8.78349e-05
8.78015e-05
8.77681e-05
8.77347e-05
8.77014e-05
8.76681e-05
8.76348e-05
8.76016e-05
8.75683e-05
8.75351e-05
8.7502e-05
8.74688e-05
8.74357e-05
8.74027e-05
8.73696e-05
8.73366e-05
8.73036e-05
8.72706e-05
8.72377e-05
8.72048e-05
8.71719e-05
8.71391e-05
8.71063e-05
8.70735e-05
8.70407e-05
8.7008e-05
8.69753e-05
8.69426e-05
8.691e-05
8.68774e-05
8.68448e-05
8.68122e-05
8.67797e-05
8.67472e-05
8.67147e-05
8.66823e-05
8.66499e-05
8.66175e-05
8.65852e-05
8.65528e-05
8.65205e-05
8.64883e-05
8.6456e-05
8.64238e-05
8.63916e-05
8.63595e-05
8.63273e-05
8.62952e-05
8.62632e-05
8.62311e-05
8.61991e-05
8.61671e-05
8.61351e-05
8.61032e-05
8.60713e-05
8.60394e-05
8.60076e-05
8.59758e-05
8.5944e-05
8.59122e-05
8.58805e-05
8.58488e-05
8.58171e-05
8.57854e-05
8.57538e-05
8.57222e-05
8.56907e-05
8.56591e-05
8.56276e-05
8.55961e-05
8.55647e-05
8.55332e-05
8.55018e-05
8.54705e-05
8.54391e-05
8.54078e-05
8.53765e-05
8.53452e-05
8.5314e-05
8.52828e-05
8.52516e-05
8.52205e-05
8.51893e-05
8.51582e-05
8.51272e-05
8.50961e-05
8.50651e-05
8.50341e-05
8.50032e-05
8.49722e-05
8.49413e-05
8.49104e-05
8.48796e-05
8.48488e-05
8.4818e-05
8.47872e-05
8.47565e-05
8.47257e-05
8.4695e-05
8.46644e-05
8.46337e-05
8.46031e-05
8.45726e-05
8.4542e-05
8.45115e-05
8.4481e-05
8.44505e-05
8.442e-05
8.43896e-05
8.43592e-05
8.43289e-05
8.42985e-05
8.42682e-05
8.42379e-05
8.42077e-05
8.41774e-05
8.41472e-05
8.4117e-05
8.40869e-05
8.40568e-05
8.40267e-05
8.39966e-05
8.39665e-05
8.39365e-05
8.39065e-05
8.38766e-05
8.38466e-05
8.38167e-05
8.37868e-05
8.37569e-05
8.37271e-05
8.36973e-05
8.36675e-05
8.36378e-05
8.3608e-05
8.35783e-05
8.35486e-05
8.3519e-05
8.34894e-05
8.34598e-05
8.34302e-05
8.34006e-05
8.33711e-05
8.33416e-05
8.33121e-05
8.32827e-05
8.32533e-05
8.32239e-05
8.31945e-05
8.31652e-05
8.31359e-05
8.31066e-05
8.30773e-05
8.30481e-05
8.30189e-05
8.29897e-05
8.29605e-05
8.29314e-05
8.29023e-05
8.28732e-05
8.28441e-05
8.28151e-05
8.27861e-05
8.27571e-05
8.27281e-05
8.26992e-05
8.26703e-05
8.26414e-05
8.26126e-05
8.25838e-05
8.25549e-05
8.25262e-05
8.24974e-05
8.24687e-05
8.244e-05
8.24113e-05
8.23827e-05
8.2354e-05
8.23254e-05
8.22969e-05
8.22683e-05
8.22398e-05
8.22113e-05
8.21828e-05
8.21544e-05
8.21259e-05
8.20975e-05
8.20692e-05
8.20408e-05
8.20125e-05
8.19842e-05
8.19559e-05
8.19277e-05
8.18994e-05
8.18712e-05
8.18431e-05
8.18149e-05
8.17868e-05
8.17587e-05
8.17306e-05
8.17026e-05
8.16745e-05
8.16465e-05
8.16186e-05
8.15906e-05
8.15627e-05
8.15348e-05
8.15069e-05
8.1479e-05
8.14512e-05
8.14234e-05
8.13956e-05
8.13679e-05
8.13401e-05
8.13124e-05
8.12847e-05
8.12571e-05
8.12295e-05
8.12018e-05
8.11743e-05
8.11467e-05
8.11192e-05
8.10916e-05
8.10642e-05
8.10367e-05
8.10093e-05
8.09818e-05
8.09544e-05
8.09271e-05
8.08997e-05
8.08724e-05
8.08451e-05
8.08179e-05
8.07906e-05
8.07634e-05
8.07362e-05
8.0709e-05
8.06819e-05
8.06547e-05
8.06276e-05
8.06006e-05
8.05735e-05
8.05465e-05
8.05195e-05
8.04925e-05
8.04655e-05
8.04386e-05
8.04117e-05
8.03848e-05
8.03579e-05
8.03311e-05
8.03043e-05
8.02775e-05
8.02507e-05
8.02239e-05
8.01972e-05
8.01705e-05
8.01438e-05
8.01172e-05
8.00906e-05
8.0064e-05
8.00374e-05
8.00108e-05
7.99843e-05
7.99578e-05
7.99313e-05
7.99048e-05
7.98784e-05
7.9852e-05
7.98256e-05
7.97992e-05
7.97728e-05
7.97465e-05
7.97202e-05
7.96939e-05
7.96677e-05
7.96414e-05
7.96152e-05
7.9589e-05
7.95629e-05
7.95367e-05
7.95106e-05
7.94845e-05
7.94585e-05
7.94324e-05
7.94064e-05
7.93804e-05
7.93544e-05
7.93284e-05
7.93025e-05
7.92766e-05
7.92507e-05
7.92248e-05
7.9199e-05
7.91732e-05
7.91474e-05
7.91216e-05
7.90959e-05
7.90701e-05
7.90444e-05
7.90187e-05
7.89931e-05
7.89674e-05
7.89418e-05
7.89162e-05
7.88907e-05
7.88651e-05
7.88396e-05
7.88141e-05
7.87886e-05
7.87632e-05
7.87377e-05
7.87123e-05
7.86869e-05
7.86615e-05
7.86362e-05
7.86109e-05
7.85856e-05
7.85603e-05
7.8535e-05
7.85098e-05
7.84846e-05
7.84594e-05
7.84342e-05
7.84091e-05
7.8384e-05
7.83589e-05
7.83338e-05
7.83087e-05
7.82837e-05
7.82587e-05
7.82337e-05
7.82087e-05
7.81838e-05
7.81589e-05
7.8134e-05
7.81091e-05
7.80842e-05
7.80594e-05
7.80346e-05
7.80098e-05
7.7985e-05
7.79602e-05
7.79355e-05
7.79108e-05
7.78861e-05
7.78615e-05
7.78368e-05
7.78122e-05
7.77876e-05
7.7763e-05
7.77385e-05
7.7714e-05
7.76894e-05
7.7665e-05
7.76405e-05
7.7616e-05
7.75916e-05
7.75672e-05
7.75428e-05
7.75185e-05
7.74941e-05
7.74698e-05
7.74455e-05
7.74213e-05
7.7397e-05
7.73728e-05
7.73486e-05
7.73244e-05
7.73002e-05
7.72761e-05
7.72519e-05
7.72278e-05
7.72038e-05
7.71797e-05
7.71557e-05
7.71316e-05
7.71076e-05
7.70837e-05
7.70597e-05
7.70358e-05
7.70119e-05
7.6988e-05
7.69641e-05
7.69403e-05
7.69164e-05
7.68926e-05
7.68688e-05
7.68451e-05
7.68213e-05
7.67976e-05
7.67739e-05
7.67502e-05
7.67266e-05
7.67029e-05
7.66793e-05
7.66557e-05
7.66321e-05
7.66086e-05
7.6585e-05
7.65615e-05
7.6538e-05
7.65146e-05
7.64911e-05
7.64677e-05
7.64443e-05
7.64209e-05
7.63975e-05
7.63742e-05
7.63508e-05
7.63275e-05
7.63042e-05
7.6281e-05
7.62577e-05
7.62345e-05
7.62113e-05
7.61881e-05
7.6165e-05
7.61418e-05
7.61187e-05
7.60956e-05
7.60725e-05
7.60494e-05
7.60264e-05
7.60034e-05
7.59804e-05
7.59574e-05
7.59344e-05
7.59115e-05
7.58886e-05
7.58657e-05
7.58428e-05
7.58199e-05
7.57971e-05
7.57743e-05
7.57515e-05
7.57287e-05
7.57059e-05
7.56832e-05
7.56605e-05
7.56378e-05
7.56151e-05
7.55924e-05
7.55698e-05
7.55472e-05
7.55246e-05
7.5502e-05
7.54795e-05
7.54569e-05
7.54344e-05
7.54119e-05
7.53894e-05
7.5367e-05
7.53445e-05
7.53221e-05
7.52997e-05
7.52773e-05
7.5255e-05
7.52326e-05
7.52103e-05
7.5188e-05
7.51657e-05
7.51435e-05
7.51212e-05
7.5099e-05
7.50768e-05
7.50546e-05
7.50324e-05
7.50103e-05
7.49882e-05
7.49661e-05
7.4944e-05
7.49219e-05
7.48999e-05
7.48778e-05
7.48558e-05
7.48338e-05
7.48119e-05
7.47899e-05
7.4768e-05
7.47461e-05
7.47242e-05
7.47023e-05
7.46805e-05
7.46586e-05
7.46368e-05
7.4615e-05
7.45932e-05
7.45715e-05
7.45497e-05
7.4528e-05
7.45063e-05
7.44846e-05
7.4463e-05
7.44413e-05
7.44197e-05
7.43981e-05
7.43765e-05
7.4355e-05
7.43334e-05
7.43119e-05
7.42904e-05
7.42689e-05
7.42474e-05
7.4226e-05
7.42045e-05
7.41831e-05
7.41617e-05
7.41404e-05
7.4119e-05
7.40977e-05
7.40763e-05
7.4055e-05
7.40338e-05
7.40125e-05
7.39913e-05
7.397e-05
7.39488e-05
7.39276e-05
7.39065e-05
7.38853e-05
7.38642e-05
7.38431e-05
7.3822e-05
7.38009e-05
7.37798e-05
7.37588e-05
7.37378e-05
7.37168e-05
7.36958e-05
7.36748e-05
7.36539e-05
7.3633e-05
7.3612e-05
7.35912e-05
7.35703e-05
7.35494e-05
7.35286e-05
7.35078e-05
7.3487e-05
7.34662e-05
7.34454e-05
7.34247e-05
7.3404e-05
7.33833e-05
7.33626e-05
7.33419e-05
7.33213e-05
7.33006e-05
7.328e-05
7.32594e-05
7.32388e-05
7.32183e-05
7.31977e-05
7.31772e-05
7.31567e-05
7.31362e-05
7.31157e-05
7.30953e-05
7.30748e-05
7.30544e-05
7.3034e-05
7.30136e-05
7.29933e-05
7.29729e-05
7.29526e-05
7.29323e-05
7.2912e-05
7.28917e-05
7.28715e-05
7.28512e-05
7.2831e-05
7.28108e-05
7.27906e-05
7.27705e-05
7.27503e-05
7.27302e-05
7.27101e-05
7.269e-05
7.26699e-05
7.26499e-05
7.26298e-05
7.26098e-05
7.25898e-05
7.25698e-05
7.25498e-05
7.25299e-05
7.25099e-05
7.249e-05
7.24701e-05
7.24502e-05
7.24304e-05
7.24105e-05
7.23907e-05
7.23709e-05
7.23511e-05
7.23313e-05
7.23116e-05
7.22918e-05
7.22721e-05
7.22524e-05
7.22327e-05
7.2213e-05
7.21934e-05
7.21737e-05
7.21541e-05
7.21345e-05
7.21149e-05
7.20953e-05
7.20758e-05
7.20563e-05
7.20367e-05
7.20172e-05
7.19978e-05
7.19783e-05
7.19588e-05
7.19394e-05
7.192e-05
7.19006e-05
7.18812e-05
7.18619e-05
7.18425e-05
7.18232e-05
7.18039e-05
7.17846e-05
7.17653e-05
7.1746e-05
7.17268e-05
7.17076e-05
7.16884e-05
7.16692e-05
7.165e-05
7.16308e-05
7.16117e-05
7.15926e-05
7.15735e-05
7.15544e-05
7.15353e-05
7.15162e-05
7.14972e-05
7.14782e-05
7.14592e-05
7.14402e-05
7.14212e-05
7.14022e-05
7.13833e-05
7.13644e-05
7.13455e-05
7.13266e-05
7.13077e-05
7.12889e-05
7.127e-05
7.12512e-05
7.12324e-05
7.12136e-05
7.11948e-05
7.11761e-05
7.11573e-05
7.11386e-05
7.11199e-05
7.11012e-05
7.10825e-05
7.10639e-05
7.10452e-05
7.10266e-05
7.1008e-05
7.09894e-05
7.09708e-05
7.09523e-05
7.09337e-05
7.09152e-05
7.08967e-05
7.08782e-05
7.08597e-05
7.08413e-05
7.08228e-05
7.08044e-05
7.0786e-05
7.07676e-05
7.07492e-05
7.07308e-05
7.07125e-05
7.06942e-05
7.06759e-05
7.06576e-05
7.06393e-05
7.0621e-05
7.06028e-05
7.05845e-05
7.05663e-05
7.05481e-05
7.05299e-05
7.05117e-05
7.04936e-05
7.04755e-05
7.04573e-05
7.04392e-05
7.04211e-05
7.04031e-05
7.0385e-05
7.0367e-05
7.03489e-05
7.03309e-05
7.03129e-05
7.0295e-05
7.0277e-05
7.02591e-05
7.02411e-05
7.02232e-05
7.02053e-05
7.01874e-05
7.01696e-05
7.01517e-05
7.01339e-05
7.01161e-05
7.00983e-05
7.00805e-05
7.00627e-05
7.00449e-05
7.00272e-05
7.00095e-05
6.99918e-05
6.99741e-05
6.99564e-05
6.99387e-05
6.99211e-05
6.99034e-05
6.98858e-05
6.98682e-05
6.98506e-05
6.98331e-05
6.98155e-05
6.9798e-05
6.97805e-05
6.9763e-05
6.97455e-05
6.9728e-05
6.97105e-05
6.96931e-05
6.96756e-05
6.96582e-05
6.96408e-05
6.96235e-05
6.96061e-05
6.95887e-05
6.95714e-05
6.95541e-05
6.95368e-05
6.95195e-05
6.95022e-05
6.94849e-05
6.94677e-05
6.94505e-05
6.94332e-05
6.9416e-05
6.93989e-05
6.93817e-05
6.93645e-05
6.93474e-05
6.93303e-05
6.93132e-05
6.92961e-05
6.9279e-05
6.92619e-05
6.92449e-05
6.92278e-05
6.92108e-05
6.91938e-05
6.91768e-05
6.91598e-05
6.91429e-05
6.91259e-05
6.9109e-05
6.90921e-05
6.90752e-05
6.90583e-05
6.90414e-05
6.90246e-05
6.90077e-05
6.89909e-05
6.89741e-05
6.89573e-05
6.89405e-05
6.89238e-05
6.8907e-05
6.88903e-05
6.88736e-05
6.88569e-05
6.88402e-05
6.88235e-05
6.88068e-05
6.87902e-05
6.87736e-05
6.87569e-05
6.87403e-05
6.87237e-05
6.87072e-05
6.86906e-05
6.86741e-05
6.86575e-05
6.8641e-05
6.86245e-05
6.8608e-05
6.85916e-05
6.85751e-05
6.85587e-05
6.85422e-05
6.85258e-05
6.85094e-05
6.8493e-05
6.84767e-05
6.84603e-05
6.8444e-05
6.84276e-05
6.84113e-05
6.8395e-05
6.83788e-05
6.83625e-05
6.83462e-05
6.833e-05
6.83138e-05
6.82975e-05
6.82814e-05
6.82652e-05
6.8249e-05
6.82328e-05
6.82167e-05
6.82006e-05
6.81845e-05
6.81684e-05
6.81523e-05
6.81362e-05
6.81202e-05
6.81041e-05
6.80881e-05
6.80721e-05
6.80561e-05
6.80401e-05
6.80241e-05
6.80082e-05
6.79922e-05
6.79763e-05
6.79604e-05
6.79445e-05
6.79286e-05
6.79127e-05
6.78969e-05
6.7881e-05
6.78652e-05
6.78494e-05
6.78336e-05
6.78178e-05
6.7802e-05
6.77863e-05
6.77705e-05
6.77548e-05
6.77391e-05
6.77234e-05
6.77077e-05
6.7692e-05
6.76763e-05
6.76607e-05
6.76451e-05
6.76294e-05
6.76138e-05
6.75982e-05
6.75827e-05
6.75671e-05
6.75515e-05
6.7536e-05
6.75205e-05
6.7505e-05
6.74895e-05
6.7474e-05
6.74585e-05
6.74431e-05
6.74276e-05
6.74122e-05
6.73968e-05
6.73814e-05
6.7366e-05
6.73506e-05
6.73353e-05
6.73199e-05
6.73046e-05
6.72893e-05
6.7274e-05
6.72587e-05
6.72434e-05
6.72281e-05
6.72129e-05
6.71976e-05
6.71824e-05
6.71672e-05
6.7152e-05
6.71368e-05
6.71216e-05
6.71065e-05
6.70913e-05
6.70762e-05
6.70611e-05
6.7046e-05
6.70309e-05
6.70158e-05
6.70007e-05
6.69857e-05
6.69707e-05
6.69556e-05
6.69406e-05
6.69256e-05
6.69106e-05
6.68957e-05
6.68807e-05
6.68658e-05
6.68508e-05
6.68359e-05
6.6821e-05
6.68061e-05
6.67912e-05
6.67764e-05
6.67615e-05
6.67467e-05
6.67319e-05
6.6717e-05
6.67022e-05
6.66874e-05
6.66727e-05
6.66579e-05
6.66432e-05
6.66284e-05
6.66137e-05
6.6599e-05
6.65843e-05
6.65696e-05
6.6555e-05
6.65403e-05
6.65256e-05
6.6511e-05
6.64964e-05
6.64818e-05
6.64672e-05
6.64526e-05
6.64381e-05
6.64235e-05
6.6409e-05
6.63944e-05
6.63799e-05
6.63654e-05
6.63509e-05
6.63364e-05
6.6322e-05
6.63075e-05
6.62931e-05
6.62787e-05
6.62643e-05
6.62499e-05
6.62355e-05
6.62211e-05
6.62067e-05
6.61924e-05
6.6178e-05
6.61637e-05
6.61494e-05
6.61351e-05
6.61208e-05
6.61066e-05
6.60923e-05
6.6078e-05
6.60638e-05
6.60496e-05
6.60354e-05
6.60212e-05
6.6007e-05
6.59928e-05
6.59787e-05
6.59645e-05
6.59504e-05
6.59363e-05
6.59221e-05
6.5908e-05
6.5894e-05
6.58799e-05
6.58658e-05
6.58518e-05
6.58377e-05
6.58237e-05
6.58097e-05
6.57957e-05
6.57817e-05
6.57677e-05
6.57538e-05
6.57398e-05
6.57259e-05
6.5712e-05
6.56981e-05
6.56842e-05
6.56703e-05
6.56564e-05
6.56425e-05
6.56287e-05
6.56149e-05
6.5601e-05
6.55872e-05
6.55734e-05
6.55596e-05
6.55458e-05
6.55321e-05
6.55183e-05
6.55046e-05
6.54909e-05
6.54771e-05
6.54634e-05
6.54497e-05
6.54361e-05
6.54224e-05
6.54087e-05
6.53951e-05
6.53815e-05
6.53678e-05
6.53542e-05
6.53406e-05
6.53271e-05
6.53135e-05
6.52999e-05
6.52864e-05
6.52728e-05
6.52593e-05
6.52458e-05
6.52323e-05
6.52188e-05
6.52053e-05
6.51919e-05
6.51784e-05
6.5165e-05
6.51516e-05
6.51381e-05
6.51247e-05
6.51113e-05
6.5098e-05
6.50846e-05
6.50712e-05
6.50579e-05
6.50446e-05
6.50312e-05
6.50179e-05
6.50046e-05
6.49913e-05
6.49781e-05
6.49648e-05
6.49516e-05
6.49383e-05
6.49251e-05
6.49119e-05
6.48987e-05
6.48855e-05
6.48723e-05
6.48591e-05
6.4846e-05
6.48328e-05
6.48197e-05
6.48066e-05
6.47934e-05
6.47803e-05
6.47673e-05
6.47542e-05
6.47411e-05
6.47281e-05
6.4715e-05
6.4702e-05
6.4689e-05
6.4676e-05
6.4663e-05
6.465e-05
6.4637e-05
6.4624e-05
6.46111e-05
6.45982e-05
6.45852e-05
6.45723e-05
6.45594e-05
6.45465e-05
6.45336e-05
6.45208e-05
6.45079e-05
6.44951e-05
6.44822e-05
6.44694e-05
6.44566e-05
6.44438e-05
6.4431e-05
6.44182e-05
6.44054e-05
6.43927e-05
6.43799e-05
6.43672e-05
6.43545e-05
6.43418e-05
6.43291e-05
6.43164e-05
6.43037e-05
6.4291e-05
6.42784e-05
6.42657e-05
6.42531e-05
6.42405e-05
6.42279e-05
6.42153e-05
6.42027e-05
6.41901e-05
6.41775e-05
6.4165e-05
6.41524e-05
6.41399e-05
6.41274e-05
6.41149e-05
6.41024e-05
6.40899e-05
6.40774e-05
6.40649e-05
6.40525e-05
6.404e-05
6.40276e-05
6.40152e-05
6.40028e-05
6.39904e-05
6.3978e-05
6.39656e-05
6.39532e-05
6.39409e-05
6.39285e-05
6.39162e-05
6.39039e-05
6.38916e-05
6.38793e-05
6.3867e-05
6.38547e-05
6.38424e-05
6.38302e-05
6.38179e-05
6.38057e-05
6.37935e-05
6.37812e-05
6.3769e-05
6.37568e-05
6.37447e-05
6.37325e-05
6.37203e-05
6.37082e-05
6.3696e-05
6.36839e-05
6.36718e-05
6.36597e-05
6.36476e-05
6.36355e-05
6.36234e-05
6.36113e-05
6.35993e-05
6.35872e-05
6.35752e-05
6.35632e-05
6.35512e-05
6.35392e-05
6.35272e-05
6.35152e-05
6.35032e-05
6.34913e-05
6.34793e-05
6.34674e-05
6.34555e-05
6.34436e-05
6.34316e-05
6.34197e-05
6.34079e-05
6.3396e-05
6.33841e-05
6.33723e-05
6.33604e-05
6.33486e-05
6.33368e-05
6.3325e-05
6.33132e-05
6.33014e-05
6.32896e-05
6.32778e-05
6.32661e-05
6.32543e-05
6.32426e-05
6.32308e-05
6.32191e-05
6.32074e-05
6.31957e-05
6.3184e-05
6.31724e-05
6.31607e-05
6.3149e-05
6.31374e-05
6.31258e-05
6.31141e-05
6.31025e-05
6.30909e-05
6.30793e-05
6.30677e-05
6.30562e-05
6.30446e-05
6.3033e-05
6.30215e-05
6.301e-05
6.29984e-05
6.29869e-05
6.29754e-05
6.29639e-05
6.29525e-05
6.2941e-05
6.29295e-05
6.29181e-05
6.29066e-05
6.28952e-05
6.28838e-05
6.28724e-05
6.2861e-05
6.28496e-05
6.28382e-05
6.28268e-05
6.28155e-05
6.28041e-05
6.27928e-05
6.27814e-05
6.27701e-05
6.27588e-05
6.27475e-05
6.27362e-05
6.27249e-05
6.27137e-05
6.27024e-05
6.26912e-05
6.26799e-05
6.26687e-05
6.26575e-05
6.26463e-05
6.26351e-05
6.26239e-05
6.26127e-05
6.26015e-05
6.25904e-05
6.25792e-05
6.25681e-05
6.25569e-05
6.25458e-05
6.25347e-05
6.25236e-05
6.25125e-05
6.25014e-05
6.24903e-05
6.24793e-05
6.24682e-05
6.24572e-05
6.24461e-05
6.24351e-05
6.24241e-05
6.24131e-05
6.24021e-05
6.23911e-05
6.23802e-05
6.23692e-05
6.23582e-05
6.23473e-05
6.23363e-05
6.23254e-05
6.23145e-05
6.23036e-05
6.22927e-05
6.22818e-05
6.22709e-05
6.22601e-05
6.22492e-05
6.22384e-05
6.22275e-05
6.22167e-05
6.22059e-05
6.21951e-05
6.21843e-05
6.21735e-05
6.21627e-05
6.21519e-05
6.21411e-05
6.21304e-05
6.21196e-05
6.21089e-05
6.20982e-05
6.20875e-05
6.20768e-05
6.20661e-05
6.20554e-05
6.20447e-05
6.2034e-05
6.20234e-05
6.20127e-05
6.20021e-05
6.19914e-05
6.19808e-05
6.19702e-05
6.19596e-05
6.1949e-05
6.19384e-05
6.19279e-05
6.19173e-05
6.19067e-05
6.18962e-05
6.18857e-05
6.18751e-05
6.18646e-05
6.18541e-05
6.18436e-05
6.18331e-05
6.18226e-05
6.18122e-05
6.18017e-05
6.17912e-05
6.17808e-05
6.17704e-05
6.17599e-05
6.17495e-05
6.17391e-05
6.17287e-05
6.17183e-05
6.17079e-05
6.16976e-05
6.16872e-05
6.16769e-05
6.16665e-05
6.16562e-05
6.16459e-05
6.16355e-05
6.16252e-05
6.16149e-05
6.16046e-05
6.15944e-05
6.15841e-05
6.15738e-05
6.15636e-05
6.15533e-05
6.15431e-05
6.15329e-05
6.15227e-05
6.15125e-05
6.15023e-05
6.14921e-05
6.14819e-05
6.14717e-05
6.14616e-05
6.14514e-05
6.14413e-05
6.14311e-05
6.1421e-05
6.14109e-05
6.14008e-05
6.13907e-05
6.13806e-05
6.13705e-05
6.13604e-05
6.13504e-05
6.13403e-05
6.13303e-05
6.13202e-05
6.13102e-05
6.13002e-05
6.12902e-05
6.12802e-05
6.12702e-05
6.12602e-05
6.12502e-05
6.12403e-05
6.12303e-05
6.12204e-05
6.12104e-05
6.12005e-05
6.11906e-05
6.11807e-05
6.11707e-05
6.11609e-05
6.1151e-05
6.11411e-05
6.11312e-05
6.11214e-05
6.11115e-05
6.11017e-05
6.10918e-05
6.1082e-05
6.10722e-05
6.10624e-05
6.10526e-05
6.10428e-05
6.1033e-05
6.10232e-05
6.10135e-05
6.10037e-05
6.0994e-05
6.09842e-05
6.09745e-05
6.09648e-05
6.09551e-05
6.09454e-05
6.09357e-05
6.0926e-05
6.09163e-05
6.09066e-05
6.0897e-05
6.08873e-05
6.08777e-05
6.0868e-05
6.08584e-05
6.08488e-05
6.08392e-05
6.08296e-05
6.082e-05
6.08104e-05
6.08008e-05
6.07912e-05
6.07817e-05
6.07721e-05
6.07626e-05
6.07531e-05
6.07435e-05
6.0734e-05
6.07245e-05
6.0715e-05
6.07055e-05
6.0696e-05
6.06866e-05
6.06771e-05
6.06676e-05
6.06582e-05
6.06487e-05
6.06393e-05
6.06299e-05
6.06205e-05
6.06111e-05
6.06016e-05
6.05923e-05
6.05829e-05
6.05735e-05
6.05641e-05
6.05548e-05
6.05454e-05
6.05361e-05
6.05267e-05
6.05174e-05
6.05081e-05
6.04988e-05
6.04895e-05
6.04802e-05
6.04709e-05
6.04616e-05
6.04524e-05
6.04431e-05
6.04339e-05
6.04246e-05
6.04154e-05

