5e-05
5e-05
5e-05
5e-05
5e-05
5e-05
5e-05
5e-05
5e-05
5e-05
5e-05
5e-05
5e-05
5e-05
5e-05
5e-05
5e-05
5e-05
5e-05
5e-05
5e-05
5e-05
5e-05
5e-05
5e-05
5e-05
5e-05
5e-05
5e-05
5e-05
5e-05
5e-05
5e-05
5e-05
5e-05
5e-05
5e-05
5e-05
5e-05
5e-05
5e-05
5e-05
5e-05
5e-05
5e-05
5e-05
5e-05
5e-05
5e-05
5e-05
5e-05
5e-05
5e-05
5e-05
5e-05
5e-05
5e-05
5e-05
5e-05
5e-05
5e-05
5e-05
5e-05
5e-05
5e-05
5e-05
5e-05
5e-05
5e-05
5e-05
5e-05
5e-05
5e-05
5e-05
5e-05
5e-05
5e-05
5e-05
5e-05
5e-05
5e-05
5e-05
5e-05
5e-05
5e-05
5e-05
5e-05
5e-05
5e-05
5e-05
5e-05
5e-05
5e-05
5e-05
5e-05
5e-05
5e-05
5e-05
5e-05
5e-05
5e-05
5e-05
5e-05
5e-05
5e-05
5e-05
5e-05
5e-05
5e-05
5e-05
5e-05
5e-05
5e-05
5e-05
5e-05
5e-05
5e-05
5e-05
5e-05
5e-05
5e-05
5e-05
5e-05
5e-05
5e-05
5e-05
5e-05
5e-05
5e-05
5e-05
5e-05
5e-05
5e-05
5e-05
5e-05
5e-05
5e-05
5e-05
5e-05
5e-05
5e-05
5e-05
5e-05
5e-05
5e-05
5e-05
5e-05
5e-05
5e-05
5e-05
5e-05
5e-05
5e-05
5e-05
5e-05
5e-05
5e-05
5e-05
5e-05
5e-05
5e-05
5e-05
5e-05
5e-05
5e-05
5e-05
5e-05
5e-05
5e-05
5e-05
5e-05
5e-05
5e-05
5e-05
5e-05
5e-05
5e-05
5e-05
5e-05
5e-05
5e-05
5e-05
5e-05
5e-05
5e-05
5e-05
5e-05
5e-05
5e-05
5e-05
5e-05
5e-05
5e-05
5e-05
5e-05
5e-05
5e-05
5e-05
5e-05
5e-05
5e-05
5e-05
5e-05
5e-05
5e-05
5e-05
5e-05
5e-05
5e-05
5e-05
5e-05
5e-05
5e-05
5e-05
5e-05
5e-05
5e-05
5e-05
5e-05
5e-05
5e-05
5e-05
5e-05
5e-05
5e-05
5e-05
5e-05
5e-05
5e-05
5e-05
5e-05
5e-05
5e-05
5e-05
5e-05
5e-05
5e-05
5e-05
5e-05
5e-05
5e-05
5e-05
5e-05
5e-05
5e-05
5e-05
5e-05
5e-05
5e-05
5e-05
5e-05
5e-05
5e-05
5e-05
5e-05
5e-05
5e-05
5e-05
5e-05
5e-05
5e-05
5e-05
5e-05
5e-05
5e-05
5e-05
5e-05
5e-05
5e-05
5e-05
5e-05
5e-05
5e-05
5e-05
5e-05
5e-05
5e-05
5e-05
5e-05
5e-05
5e-05
5e-05
5e-05
5e-05
5e-05
5e-05
5e-05
5e-05
5e-05
5e-05
5e-05
5e-05
5e-05
5e-05
5e-05
5e-05
5e-05
5e-05
5e-05
5e-05
5e-05
5e-05
5e-05
5e-05
5e-05
5e-05
5e-05
5e-05
5e-05
5e-05
5e-05
5e-05
5e-05
5e-05
5e-05
5e-05
5e-05
5e-05
5e-05
5e-05
5e-05
5e-05
5e-05
5e-05
5e-05
5e-05
5e-05
5e-05
5e-05
5e-05
5e-05
5e-05
5e-05
5e-05
5e-05
5e-05
5e-05
5e-05
5e-05
5e-05
5e-05
5e-05
5e-05
5e-05
5e-05
5e-05
5e-05
5e-05
5e-05
5e-05
5e-05
5e-05
5e-05
5e-05
5e-05
5e-05
5e-05
5e-05
5e-05
5e-05
5e-05
5e-05
5e-05
5e-05
5e-05
5e-05
5e-05
5e-05
5e-05
5e-05
5e-05
5e-05
5e-05
5e-05
5e-05
5e-05
5e-05
5e-05
5e-05
5e-05
5e-05
5e-05
5e-05
5e-05
5e-05
5e-05
5e-05
5e-05
5e-05
5e-05
5e-05
5e-05
5e-05
5e-05
5e-05
5e-05
5e-05
5e-05
5e-05
5e-05
5e-05
5e-05
5e-05
5e-05
5e-05
5e-05
5e-05
5e-05
5e-05
5e-05
5e-05
5e-05
5e-05
5e-05
5e-05
5e-05
5e-05
5e-05
5e-05
5e-05
5e-05
5e-05
5e-05
5e-05
5e-05
5e-05
5e-05
5e-05
5e-05
5e-05
5e-05
5e-05
5e-05
5e-05
5e-05
5e-05
5e-05
5e-05
5e-05
5e-05
5e-05
5e-05
5e-05
5e-05
5e-05
5e-05
5e-05
5e-05
5e-05
5e-05
5e-05
5e-05
5e-05
5e-05
5e-05
5e-05
5e-05
5e-05
5e-05
5e-05
5e-05
5e-05
5e-05
5e-05
5e-05
5e-05
5e-05
5e-05
5e-05
5e-05
5e-05
5e-05
5e-05
5e-05
5e-05
5e-05
5e-05
5e-05
5e-05
5e-05
5e-05
5e-05
5e-05
5e-05
5e-05
5e-05
5e-05
5e-05
5e-05
5e-05
5e-05
5e-05
5e-05
5e-05
5e-05
5e-05
5e-05
5e-05
5e-05
5e-05
5e-05
5e-05
5e-05
5e-05
5e-05
5e-05
5e-05
5e-05
5e-05
5e-05
5e-05
5e-05
5e-05
5e-05
5e-05
5e-05
5e-05
5e-05
5e-05
5e-05
5e-05
5e-05
5e-05
5e-05
5e-05
5e-05
5e-05
5e-05
5e-05
5e-05
5e-05
5e-05
5e-05
5e-05
5e-05
5e-05
5e-05
5e-05
5e-05
5e-05
5e-05
5e-05
5e-05
5e-05
5e-05
5e-05
5e-05
5e-05
5e-05
5e-05
5e-05
5e-05
5e-05
5e-05
5e-05
5e-05
5e-05
5e-05
5e-05
5e-05
5e-05
5e-05
5e-05
5e-05
5e-05
5e-05
5e-05
5e-05
5e-05
5e-05
5e-05
5e-05
5e-05
5e-05
5e-05
5e-05
5e-05
5e-05
5e-05
5e-05
5e-05
5e-05
5e-05
5e-05
5e-05
5e-05
5e-05
5e-05
5e-05
5e-05
5e-05
5e-05
5e-05
5e-05
5e-05
5e-05
5e-05
5e-05
5e-05
5e-05
5e-05
5e-05
5e-05
5e-05
5e-05
5e-05
5e-05
5e-05
5e-05
5e-05
5e-05
5e-05
5e-05
5e-05
5e-05
5e-05
5e-05
5e-05
5e-05
5e-05
5e-05
5e-05
5e-05
5e-05
5e-05
5e-05
5e-05
5e-05
5e-05
5e-05
5e-05
5e-05
5e-05
5e-05
5e-05
5e-05
5e-05
5e-05
5e-05
5e-05
5e-05
5e-05
5e-05
5e-05
5e-05
5e-05
5e-05
5e-05
5e-05
5e-05
5e-05
5e-05
5e-05
5e-05
5e-05
5e-05
5e-05
5e-05
5e-05
5e-05
5e-05
5e-05
5e-05
5e-05
5e-05
5e-05
5e-05
5e-05
5e-05
5e-05
5e-05
5e-05
5e-05
5e-05
5e-05
5e-05
5e-05
5e-05
5e-05
5e-05
5e-05
5e-05
5e-05
5e-05
5e-05
5e-05
5e-05
5e-05
5e-05
5e-05
5e-05
5e-05
5e-05
5e-05
5e-05
5e-05
5e-05
5e-05
5e-05
5e-05
5e-05
5e-05
5e-05
5e-05
5e-05
5e-05
5e-05
5e-05
5e-05
5e-05
5e-05
5e-05
5e-05
5e-05
5e-05
5e-05
5e-05
5e-05
5e-05
5e-05
5e-05
5e-05
5e-05
5e-05
5e-05
5e-05
5e-05
5e-05
5e-05
5e-05
5e-05
5e-05
5e-05
5e-05
5e-05
5e-05
5e-05
5e-05
5e-05
5e-05
5e-05
5e-05
5e-05
5e-05
5e-05
5e-05
5e-05
5e-05
5e-05
5e-05
5e-05
5e-05
5e-05
5e-05
5e-05
5e-05
5e-05
5e-05
5e-05
5e-05
5e-05
5e-05
5e-05
5e-05
5e-05
5e-05
5e-05
5e-05
5e-05
5e-05
5e-05
5e-05
5e-05
5e-05
5e-05
5e-05
5e-05
5e-05
5e-05
5e-05
5e-05
5e-05
5e-05
5e-05
5e-05
5e-05
5e-05
5e-05
5e-05
5e-05
5e-05
5e-05
5e-05
5e-05
5e-05
5e-05
5e-05
5e-05
5e-05
5e-05
5e-05
5.12719e-05
5.25381e-05
5.37985e-05
5.50531e-05
5.6302e-05
5.75453e-05
5.87829e-05
6.00149e-05
6.12413e-05
6.24621e-05
6.36774e-05
6.48872e-05
6.60916e-05
6.72905e-05
6.84839e-05
6.9672e-05
7.08548e-05
7.20322e-05
7.32043e-05
7.43712e-05
7.55328e-05
7.66892e-05
7.78404e-05
7.89865e-05
8.01274e-05
8.12632e-05
8.23939e-05
8.35196e-05
8.46403e-05
8.5756e-05
8.68667e-05
8.79724e-05
8.90732e-05
9.01692e-05
9.12602e-05
9.23465e-05
9.34279e-05
9.45045e-05
9.55764e-05
9.66435e-05
9.77059e-05
9.87636e-05
9.98167e-05
0.000100865
0.000101909
0.000102948
0.000103983
0.000105013
0.000106038
0.00010706
0.000108076
0.000109088
0.000110096
0.000111099
0.000112098
0.000113093
0.000114083
0.000115069
0.000116051
0.000117028
0.000118002
0.000118971
0.000119935
0.000120896
0.000121852
0.000122805
0.000123753
0.000124697
0.000125637
0.000126573
0.000127505
0.000128433
0.000129357
0.000130277
0.000131194
0.000132106
0.000133014
0.000133919
0.000134819
0.000135716
0.000135337
0.00013496
0.000134585
0.000134212
0.000133841
0.000133472
0.000133105
0.00013274
0.000132376
0.000132015
0.000131656
0.000131298
0.000130943
0.000130589
0.000130237
0.000129887
0.000129539
0.000129192
0.000128848
0.000128505
0.000128164
0.000127825
0.000127488
0.000127153
0.000126819
0.000126487
0.000126157
0.000125828
0.000125502
0.000125177
0.000124853
0.000124532
0.000124212
0.000123894
0.000123577
0.000123262
0.000122949
0.000122638
0.000122328
0.00012202
0.000121713
0.000121408
0.000121105
0.000120803
0.000120503
0.000120204
0.000119907
0.000119612
0.000119318
0.000119025
0.000118735
0.000118445
0.000118158
0.000117871
0.000117587
0.000117303
0.000117022
0.000116741
0.000116463
0.000116185
0.000115909
0.000115635
0.000115362
0.000115091
0.000114821
0.000114552
0.000114285
0.000114019
0.000113755
0.000113492
0.00011323
0.00011297
0.000112711
0.000112453
0.000112197
0.000111942
0.000111689
0.000111437
0.000111186
0.000110936
0.000110688
0.000110441
0.000110196
0.000109951
0.000109708
0.000109467
0.000109226
0.000108987
0.000108749
0.000108512
0.000108277
0.000108043
0.00010781
0.000107578
0.000107348
0.000107118
0.00010689
0.000106663
0.000106438
0.000106213
0.00010599
0.000105768
0.000105547
0.000105327
0.000105108
0.000104891
0.000104674
0.000104459
0.000104245
0.000104032
0.00010382
0.000103609
0.0001034
0.000103191
0.000102984
0.000102777
0.000102572
0.000102368
0.000102165
0.000101963
0.000101762
0.000101562
0.000101363
0.000101165
0.000100968
0.000100772
0.000100577
0.000100384
0.000100191
9.99993e-05
9.98086e-05
9.96189e-05
9.94301e-05
9.92424e-05
9.90557e-05
9.88699e-05
9.86851e-05
9.85013e-05
9.83184e-05
9.81365e-05
9.79556e-05
9.77756e-05
9.75965e-05
9.74184e-05
9.72412e-05
9.7065e-05
9.68897e-05
9.67152e-05
9.65417e-05
9.63691e-05
9.61974e-05
9.60266e-05
9.58567e-05
9.56877e-05
9.55196e-05
9.53524e-05
9.5186e-05
9.50205e-05
9.48559e-05
9.46921e-05
9.45292e-05
9.43671e-05
9.42059e-05
9.40455e-05
9.3886e-05
9.37272e-05
9.35694e-05
9.34123e-05
9.32561e-05
9.31007e-05
9.29461e-05
9.27923e-05
9.26393e-05
9.24871e-05
9.23357e-05
9.21851e-05
9.20353e-05
9.18862e-05
9.17379e-05
9.15905e-05
9.14437e-05
9.12978e-05
9.11526e-05
9.10082e-05
9.08645e-05
9.07215e-05
9.05793e-05
9.04379e-05
9.02972e-05
9.01572e-05
9.0018e-05
8.98794e-05
8.97416e-05
8.96046e-05
8.94682e-05
8.93325e-05
8.91976e-05
8.90633e-05
8.89298e-05
8.87969e-05
8.86648e-05
8.85333e-05
8.84025e-05
8.82724e-05
8.8143e-05
8.80142e-05
8.78861e-05
8.77587e-05
8.76319e-05
8.75058e-05
8.73804e-05
8.72556e-05
8.71314e-05
8.70079e-05
8.68851e-05
8.67629e-05
8.66413e-05
8.65203e-05
8.64e-05
8.62803e-05
8.61612e-05
8.60428e-05
8.59249e-05
8.58077e-05
8.5691e-05
8.5575e-05
8.54596e-05
8.53448e-05
8.52306e-05
8.51169e-05
8.50039e-05
8.48914e-05
8.47796e-05
8.46683e-05
8.45575e-05
8.44474e-05
8.43378e-05
8.42288e-05
8.41204e-05
8.40125e-05
8.39052e-05
8.37984e-05
8.36922e-05
8.35865e-05
8.34814e-05
8.33768e-05
8.32728e-05
8.31693e-05
8.30663e-05
8.29639e-05
8.2862e-05
8.27607e-05
8.26598e-05
8.25595e-05
8.24597e-05
8.23604e-05
8.22616e-05
8.21633e-05
8.20656e-05
8.19683e-05
8.18716e-05
8.17753e-05
8.16795e-05
8.15843e-05
8.14895e-05
8.13952e-05
8.13014e-05
8.12081e-05
8.11153e-05
8.10229e-05
8.0931e-05
8.08396e-05
8.07487e-05
8.06582e-05
8.05682e-05
8.04787e-05
8.03896e-05
8.0301e-05
8.02128e-05
8.01251e-05
8.00379e-05
7.99511e-05
7.98647e-05
7.97788e-05
7.96933e-05
7.96083e-05
7.95237e-05
7.94395e-05
7.93558e-05
7.92725e-05
7.91896e-05
7.91072e-05
7.90251e-05
7.89435e-05
7.88623e-05
7.87816e-05
7.87012e-05
7.86213e-05
7.85417e-05
7.84626e-05
7.83839e-05
7.83056e-05
7.82277e-05
7.81501e-05
7.8073e-05
7.79963e-05
7.792e-05
7.7844e-05
7.77685e-05
7.76933e-05
7.76185e-05
7.75441e-05
7.74701e-05
7.73965e-05
7.73232e-05
7.72503e-05
7.71778e-05
7.71057e-05
7.70339e-05
7.69625e-05
7.68914e-05
7.68208e-05
7.67504e-05
7.66805e-05
7.66109e-05
7.65416e-05
7.64727e-05
7.64042e-05
7.6336e-05
7.62681e-05
7.62006e-05
7.61335e-05
7.60666e-05
7.60002e-05
7.5934e-05
7.58682e-05
7.58027e-05
7.57376e-05
7.56728e-05
7.56083e-05
7.55442e-05
7.54804e-05
7.54169e-05
7.53537e-05
7.52908e-05
7.52283e-05
7.51661e-05
7.51042e-05
7.50426e-05
7.49813e-05
7.49204e-05
7.48597e-05
7.47994e-05
7.47393e-05
7.46796e-05
7.46201e-05
7.4561e-05
7.45022e-05
7.44436e-05
7.43854e-05
7.43275e-05
7.42698e-05
7.42124e-05
7.41554e-05
7.40986e-05
7.40421e-05
7.39859e-05
7.393e-05
7.38743e-05
7.3819e-05
7.37639e-05
7.37091e-05
7.36545e-05
7.36003e-05
7.35463e-05
7.34926e-05
7.34392e-05
7.3386e-05
7.33331e-05
7.32805e-05
7.32281e-05
7.3176e-05
7.31241e-05
7.30726e-05
7.30212e-05
7.29702e-05
7.29194e-05
7.28688e-05
7.28185e-05
7.27685e-05
7.27187e-05
7.26691e-05
7.26198e-05
7.25708e-05
7.2522e-05
7.24734e-05
7.24251e-05
7.2377e-05
7.23292e-05
7.22816e-05
7.22342e-05
7.21871e-05
7.21402e-05
7.20936e-05
7.20472e-05
7.2001e-05
7.1955e-05
7.19093e-05
7.18638e-05
7.18186e-05
7.17735e-05
7.17287e-05
7.16841e-05
7.16397e-05
7.15956e-05
7.15517e-05
7.15079e-05
7.14644e-05
7.14212e-05
7.13781e-05
7.13353e-05
7.12926e-05
7.12502e-05
7.1208e-05
7.1166e-05
7.11242e-05
7.10826e-05
7.10412e-05
7.10001e-05
7.09591e-05
7.09183e-05
7.08778e-05
7.08374e-05
7.07972e-05
7.07573e-05
7.07175e-05
7.06779e-05
7.06386e-05
7.05994e-05
7.05604e-05
7.05216e-05
7.0483e-05
7.04446e-05
7.04064e-05
7.03684e-05
7.03305e-05
7.02928e-05
7.02554e-05
7.02181e-05
7.0181e-05
7.01441e-05
7.01073e-05
7.00708e-05
7.00344e-05
6.99982e-05
6.99622e-05
6.99263e-05
6.98907e-05
6.98552e-05
6.98198e-05
6.97847e-05
6.97497e-05
6.97149e-05
6.96803e-05
6.96458e-05
6.96115e-05
6.95774e-05
6.95435e-05
6.95097e-05
6.9476e-05
6.94426e-05
6.94093e-05
6.93761e-05
6.93432e-05
6.93104e-05
6.92777e-05
6.92452e-05
6.92129e-05
6.91807e-05
6.91487e-05
6.91168e-05
6.90851e-05
6.90535e-05
6.90221e-05
6.89909e-05
6.89598e-05
6.89289e-05
6.88981e-05
6.88674e-05
6.88369e-05
6.88066e-05
6.87764e-05
6.87463e-05
6.87164e-05
6.86866e-05
6.8657e-05
6.86275e-05
6.85982e-05
6.8569e-05
6.85399e-05
6.8511e-05
6.84822e-05
6.84536e-05
6.84251e-05
6.83967e-05
6.83685e-05
6.83404e-05
6.83125e-05
6.82847e-05
6.8257e-05
6.82294e-05
6.8202e-05
6.81747e-05
6.81476e-05
6.81205e-05
6.80936e-05
6.80669e-05
6.80402e-05
6.80137e-05
6.79873e-05
6.79611e-05
6.7935e-05
6.79089e-05
6.78831e-05
6.78573e-05
6.78317e-05
6.78061e-05
6.77808e-05
6.77555e-05
6.77303e-05
6.77053e-05
6.76804e-05
6.76556e-05
6.76309e-05
6.76064e-05
6.75819e-05
6.75576e-05
6.75334e-05
6.75093e-05
6.74853e-05
6.74614e-05
6.74377e-05
6.7414e-05
6.73905e-05
6.73671e-05
6.73438e-05
6.73206e-05
6.72975e-05
6.72745e-05
6.72516e-05
6.72289e-05
6.72062e-05
6.71836e-05
6.71612e-05
6.71389e-05
6.71166e-05
6.70945e-05
6.70725e-05
6.70505e-05
6.70287e-05
6.7007e-05
6.69854e-05
6.69639e-05
6.69425e-05
6.69211e-05
6.68999e-05
6.68788e-05
6.68578e-05
6.68369e-05
6.68161e-05
6.67953e-05
6.67747e-05
6.67542e-05
6.67337e-05
6.67134e-05
6.66931e-05
6.6673e-05
6.66529e-05
6.6633e-05
6.66131e-05
6.65933e-05
6.65736e-05
6.6554e-05
6.65345e-05
6.65151e-05
6.64958e-05
6.64765e-05
6.64574e-05
6.64383e-05
6.64193e-05
6.64004e-05
6.63816e-05
6.63629e-05
6.63443e-05
6.63258e-05
6.63073e-05
6.62889e-05
6.62706e-05
6.62524e-05
6.62343e-05
6.62163e-05
6.61983e-05
6.61804e-05
6.61626e-05
6.61449e-05
6.61273e-05
6.61098e-05
6.60923e-05
6.60749e-05
6.60576e-05
6.60403e-05
6.60232e-05
6.60061e-05
6.59891e-05
6.59722e-05
6.59553e-05
6.59386e-05
6.59219e-05
6.59053e-05
6.58887e-05
6.58723e-05
6.58559e-05
6.58395e-05
6.58233e-05
6.58071e-05
6.5791e-05
6.5775e-05
6.5759e-05
6.57431e-05
6.57273e-05
6.57116e-05
6.56959e-05
6.56803e-05
6.56648e-05
6.56493e-05
6.56339e-05
6.56186e-05
6.56033e-05
6.55881e-05
6.5573e-05
6.5558e-05
6.5543e-05
6.55281e-05
6.55132e-05
6.54984e-05
6.54837e-05
6.5469e-05
6.54544e-05
6.54399e-05
6.54254e-05
6.5411e-05
6.53967e-05
6.53824e-05
6.53682e-05
6.53541e-05
6.534e-05
6.5326e-05
6.5312e-05
6.52981e-05
6.52843e-05
6.52705e-05
6.52568e-05
6.52431e-05
6.52295e-05
6.5216e-05
6.52025e-05
6.5189e-05
6.51757e-05
6.51624e-05
6.51491e-05
6.51359e-05
6.51228e-05
6.51097e-05
6.50967e-05
6.50837e-05
6.50708e-05
6.5058e-05
6.50452e-05
6.50324e-05
6.50198e-05
6.50071e-05
6.49945e-05
6.4982e-05
6.49696e-05
6.49571e-05
6.49448e-05
6.49325e-05
6.49202e-05
6.4908e-05
6.48958e-05
6.48837e-05
6.48717e-05
6.48597e-05
6.48478e-05
6.48359e-05
6.4824e-05
6.48122e-05
6.48005e-05
6.47888e-05
6.47771e-05
6.47655e-05
6.4754e-05
6.47425e-05
6.4731e-05
6.47196e-05
6.47083e-05
6.4697e-05
6.46857e-05
6.46745e-05
6.46633e-05
6.46522e-05
6.46412e-05
6.46301e-05
6.46191e-05
6.46082e-05
6.45973e-05
6.45865e-05
6.45757e-05
6.45649e-05
6.45542e-05
6.45436e-05
6.45329e-05
6.45224e-05
6.45118e-05
6.45014e-05
6.44909e-05
6.44805e-05
6.44702e-05
6.44598e-05
6.44496e-05
6.44393e-05
6.44291e-05
6.4419e-05
6.44089e-05
6.43988e-05
6.43888e-05
6.43788e-05
6.43689e-05
6.4359e-05
6.43491e-05
6.43393e-05
6.43295e-05
6.43198e-05
6.43101e-05
6.43004e-05
6.42908e-05
6.42812e-05
6.42717e-05
6.42622e-05
6.42527e-05
6.42433e-05
6.42339e-05
6.42245e-05
6.42152e-05
6.42059e-05
6.41967e-05
6.41875e-05
6.41783e-05
6.41692e-05
6.41601e-05
6.4151e-05
6.4142e-05
6.4133e-05
6.4124e-05
6.41151e-05
6.41062e-05
6.40974e-05
6.40886e-05
6.40798e-05
6.40711e-05
6.40624e-05
6.40537e-05
6.4045e-05
6.40364e-05
6.40279e-05
6.40193e-05
6.40108e-05
6.40023e-05
6.39939e-05
6.39855e-05
6.39771e-05
6.39688e-05
6.39605e-05
6.39522e-05
6.3944e-05
6.39357e-05
6.39276e-05
6.39194e-05
6.39113e-05
6.39032e-05
6.38951e-05
6.38871e-05
6.38791e-05
6.38712e-05
6.38632e-05
6.38553e-05
6.38475e-05
6.38396e-05
6.38318e-05
6.3824e-05
6.38163e-05
6.38085e-05
6.38008e-05
6.37932e-05
6.37855e-05
6.37779e-05
6.37704e-05
6.37628e-05
6.37553e-05
6.37478e-05
6.37403e-05
6.37329e-05
6.37255e-05
6.37181e-05
6.37107e-05
6.37034e-05
6.36961e-05
6.36888e-05
6.36816e-05
6.36744e-05
6.36672e-05
6.366e-05
6.36529e-05
6.36457e-05
6.36387e-05
6.36316e-05
6.36246e-05
6.36176e-05
6.36106e-05
6.36036e-05
6.35967e-05
6.35898e-05
6.35829e-05
6.3576e-05
6.35692e-05
6.35624e-05
6.35556e-05
6.35488e-05
6.35421e-05
6.35354e-05
6.35287e-05
6.3522e-05
6.35154e-05
6.35088e-05
6.35022e-05
6.34956e-05
6.34891e-05
6.34826e-05
6.34761e-05
6.34696e-05
6.34631e-05
6.34567e-05
6.34503e-05
6.34439e-05
6.34376e-05
6.34312e-05
6.34249e-05
6.34186e-05
6.34123e-05
6.34061e-05
6.33999e-05
6.33937e-05
6.33875e-05
6.33813e-05
6.33752e-05
6.3369e-05
6.33629e-05
6.33569e-05
6.33508e-05
6.33448e-05
6.33388e-05
6.33328e-05
6.33268e-05
6.33208e-05
6.33149e-05
6.3309e-05
6.33031e-05
6.32972e-05
6.32914e-05
6.32855e-05
6.32797e-05
6.32739e-05
6.32682e-05
6.32624e-05
6.32567e-05
6.3251e-05
6.32453e-05
6.32396e-05
6.32339e-05
6.32283e-05
6.32227e-05
6.32171e-05
6.32115e-05
6.32059e-05
6.32004e-05
6.31948e-05
6.31893e-05
6.31838e-05
6.31784e-05
6.31729e-05
6.31675e-05
6.31621e-05
6.31567e-05
6.31513e-05
6.31459e-05
6.31406e-05
6.31352e-05
6.31299e-05
6.31246e-05
6.31193e-05
6.31141e-05
6.31088e-05
6.31036e-05
6.30984e-05
6.30932e-05
6.3088e-05
6.30829e-05
6.30777e-05
6.30726e-05
6.30675e-05
6.30624e-05
6.30573e-05
6.30522e-05
6.30472e-05
6.30421e-05
6.30371e-05
6.30321e-05
6.30271e-05
6.30222e-05
6.30172e-05
6.30123e-05
6.30074e-05
6.30025e-05
6.29976e-05
6.29927e-05
6.29878e-05
6.2983e-05
6.29782e-05
6.29733e-05
6.29685e-05
6.29637e-05
6.2959e-05
6.29542e-05
6.29495e-05
6.29447e-05
6.294e-05
6.29353e-05
6.29306e-05
6.2926e-05
6.29213e-05
6.29167e-05
6.2912e-05
6.29074e-05
6.29028e-05
6.28982e-05
6.28937e-05
6.28891e-05
6.28846e-05
6.288e-05
6.28755e-05
6.2871e-05
6.28665e-05
6.2862e-05
6.28576e-05
6.28531e-05
6.28487e-05
6.28442e-05
6.28398e-05
6.28354e-05
6.2831e-05
6.28267e-05
6.28223e-05
6.2818e-05
6.28136e-05
6.28093e-05
6.2805e-05
6.28007e-05
6.27964e-05
6.27921e-05
6.27879e-05
6.27836e-05
6.27794e-05
6.27751e-05
6.27709e-05
6.27667e-05
6.27625e-05
6.27583e-05
6.27542e-05
6.275e-05
6.27459e-05
6.27417e-05
6.27376e-05
6.27335e-05
6.27294e-05
6.27253e-05
6.27213e-05
6.27172e-05
6.27131e-05
6.27091e-05
6.27051e-05
6.27011e-05
6.2697e-05
6.26931e-05
6.26891e-05
6.26851e-05
6.26811e-05
6.26772e-05
6.26732e-05
6.26693e-05
6.26654e-05
6.26615e-05
6.26576e-05
6.26537e-05
6.26498e-05
6.26459e-05
6.26421e-05
6.26382e-05
6.26344e-05
6.26306e-05
6.26267e-05
6.26229e-05
6.26191e-05
6.26154e-05
6.26116e-05
6.26078e-05
6.26041e-05
6.26003e-05
6.25966e-05
6.25928e-05
6.25891e-05
6.25854e-05
6.25817e-05
6.2578e-05
6.25743e-05
6.25707e-05
6.2567e-05
6.25634e-05
6.25597e-05
6.25561e-05
6.25525e-05
6.25488e-05
6.25452e-05
6.25416e-05
6.25381e-05
6.25345e-05
6.25309e-05
6.25274e-05
6.25238e-05
6.25203e-05
6.25167e-05
6.25132e-05
6.25097e-05
6.25062e-05
6.25027e-05
6.24992e-05
6.24957e-05
6.24922e-05
6.24888e-05
6.24853e-05
6.24819e-05
6.24784e-05
6.2475e-05
6.24716e-05
6.24682e-05
6.24648e-05
6.24614e-05
6.2458e-05
6.24546e-05
6.24512e-05
6.24479e-05
6.24445e-05
6.24412e-05
6.24378e-05
6.24345e-05
6.24312e-05
6.24278e-05
6.24245e-05
6.24212e-05
6.24179e-05
6.24147e-05
6.24114e-05
6.24081e-05
6.24048e-05
6.24016e-05
6.23983e-05
6.23951e-05
6.23919e-05
6.23886e-05
6.23854e-05
6.23822e-05
6.2379e-05
6.23758e-05
6.23726e-05
6.23694e-05
6.23663e-05
6.23631e-05
6.236e-05
6.23568e-05
6.23537e-05
6.23505e-05
6.23474e-05
6.23443e-05
6.23411e-05
6.2338e-05
6.23349e-05
6.23318e-05
6.23287e-05
6.23257e-05
6.23226e-05
6.23195e-05
6.23165e-05
6.23134e-05
6.23104e-05
6.23073e-05
6.23043e-05
6.23013e-05
6.22982e-05
6.22952e-05
6.22922e-05
6.22892e-05
6.22862e-05
6.22832e-05
6.22802e-05
6.22773e-05
6.22743e-05
6.22713e-05
6.22684e-05
6.22654e-05
6.22625e-05
6.22595e-05
6.22566e-05
6.22537e-05
6.22508e-05
6.22478e-05
6.22449e-05
6.2242e-05
6.22391e-05
6.22362e-05
6.22334e-05
6.22305e-05
6.22276e-05
6.22247e-05
6.22219e-05
6.2219e-05
6.22162e-05
6.22133e-05
6.22105e-05
6.22077e-05
6.22048e-05
6.2202e-05
6.21992e-05
6.21964e-05
6.21936e-05
6.21908e-05
6.2188e-05
6.21852e-05
6.21824e-05
6.21797e-05
6.21769e-05
6.21741e-05
6.21714e-05
6.21686e-05
6.21659e-05
6.21631e-05
6.21604e-05
6.21577e-05
6.21549e-05
6.21522e-05
6.21495e-05
6.21468e-05
6.21441e-05
6.21414e-05
6.21387e-05
6.2136e-05
6.21333e-05
6.21306e-05
6.2128e-05
6.21253e-05
6.21226e-05
6.212e-05
6.21173e-05
6.21147e-05
6.2112e-05
6.21094e-05
6.21068e-05
6.21041e-05
6.21015e-05
6.20989e-05
6.20963e-05
6.20937e-05
6.20911e-05
6.20885e-05
6.20859e-05
6.20833e-05
6.20807e-05
6.20781e-05
6.20755e-05
6.2073e-05
6.20704e-05
6.20678e-05
6.20653e-05
6.20627e-05
6.20602e-05
6.20576e-05
6.20551e-05
6.20526e-05
6.205e-05
6.20475e-05
6.2045e-05
6.20425e-05
6.204e-05
6.20374e-05
6.20349e-05
6.20324e-05
6.20299e-05
6.20275e-05
6.2025e-05
6.20225e-05
6.202e-05
6.20175e-05
6.20151e-05
6.20126e-05
6.20102e-05
6.20077e-05
6.20052e-05
6.20028e-05
6.20004e-05
6.19979e-05
6.19955e-05
6.19931e-05
6.19906e-05
6.19882e-05
6.19858e-05
6.19834e-05
6.1981e-05
6.19786e-05
6.19762e-05
6.19738e-05
6.19714e-05
6.1969e-05
6.19666e-05
6.19642e-05
6.19618e-05
6.19595e-05
6.19571e-05
6.19547e-05
6.19524e-05
6.195e-05
6.19476e-05
6.19453e-05
6.19429e-05
6.19406e-05
6.19383e-05
6.19359e-05
6.19336e-05
6.19313e-05
6.19289e-05
6.19266e-05
6.19243e-05
6.1922e-05
6.19197e-05
6.19174e-05
6.19151e-05
6.19128e-05
6.19105e-05
6.19082e-05
6.19059e-05
6.19036e-05
6.19013e-05
6.18991e-05
6.18968e-05
6.18945e-05
6.18923e-05
6.189e-05
6.18877e-05
6.18855e-05
6.18832e-05
6.1881e-05
6.18787e-05
6.18765e-05
6.18743e-05
6.1872e-05
6.18698e-05
6.18676e-05
6.18653e-05
6.18631e-05
6.18609e-05
6.18587e-05
6.18565e-05
6.18543e-05
6.18521e-05
6.18499e-05
6.18477e-05
6.18455e-05
6.18433e-05
6.18411e-05
6.18389e-05
6.18367e-05
6.18345e-05
6.18324e-05
6.18302e-05
6.1828e-05
6.18259e-05
6.18237e-05
6.18215e-05
6.18194e-05
6.18172e-05
6.18151e-05
6.18129e-05
6.18108e-05
6.18086e-05
6.18065e-05
6.18044e-05
6.18022e-05
6.18001e-05
6.1798e-05
6.17959e-05
6.17937e-05
6.17916e-05
6.17895e-05
6.17874e-05
6.17853e-05
6.17832e-05
6.17811e-05
6.1779e-05
6.17769e-05
6.17748e-05
6.17727e-05
6.17706e-05
6.17685e-05
6.17665e-05
6.17644e-05
6.17623e-05
6.17602e-05
6.17582e-05
6.17561e-05
6.1754e-05
6.1752e-05
6.17499e-05
6.17479e-05
6.17458e-05
6.17437e-05
6.17417e-05
6.17397e-05
6.17376e-05
6.17356e-05
6.17335e-05
6.17315e-05
6.17295e-05
6.17274e-05
6.17254e-05
6.17234e-05
6.17214e-05
6.17194e-05
6.17173e-05
6.17153e-05
6.17133e-05
6.17113e-05
6.17093e-05
6.17073e-05
6.17053e-05
6.17033e-05
6.17013e-05
6.16993e-05
6.16973e-05
6.16954e-05
6.16934e-05
6.16914e-05
6.16894e-05
6.16874e-05
6.16855e-05
6.16835e-05
6.16815e-05
6.16796e-05
6.16776e-05
6.16756e-05
6.16737e-05
6.16717e-05
6.16698e-05
6.16678e-05
6.16659e-05
6.16639e-05
6.1662e-05
6.166e-05
6.16581e-05
6.16562e-05
6.16542e-05
6.16523e-05
6.16504e-05
6.16484e-05
6.16465e-05
6.16446e-05
6.16427e-05
6.16408e-05
6.16388e-05
6.16369e-05
6.1635e-05
6.16331e-05
6.16312e-05
6.16293e-05
6.16274e-05
6.16255e-05
6.16236e-05
6.16217e-05
6.16198e-05
6.16179e-05
6.1616e-05
6.16142e-05
6.16123e-05
6.16104e-05
6.16085e-05
6.16066e-05
6.16048e-05
6.16029e-05
6.1601e-05
6.15992e-05
6.15973e-05
6.15954e-05
6.15936e-05
6.15917e-05
6.15898e-05
6.1588e-05
6.15861e-05
6.15843e-05
6.15824e-05
6.15806e-05
6.15788e-05
6.15769e-05
6.15751e-05
6.15732e-05
6.15714e-05
6.15696e-05
6.15677e-05
6.15659e-05
6.15641e-05
6.15623e-05
6.15604e-05
6.15586e-05
6.15568e-05
6.1555e-05
6.15532e-05
6.15514e-05
6.15495e-05
6.15477e-05
6.15459e-05
6.15441e-05
6.15423e-05
6.15405e-05
6.15387e-05
6.15369e-05
6.15351e-05
6.15334e-05
6.15316e-05
6.15298e-05
6.1528e-05
6.15262e-05
6.15244e-05
6.15226e-05
6.15209e-05
6.15191e-05
6.15173e-05
6.15155e-05
6.15138e-05
6.1512e-05
6.15102e-05
6.15085e-05
6.15067e-05
6.1505e-05
6.15032e-05
6.15014e-05
6.14997e-05
6.14979e-05
6.14962e-05
6.14944e-05
6.14927e-05
6.14909e-05
6.14892e-05
6.14875e-05
6.14857e-05
6.1484e-05
6.14822e-05
6.14805e-05
6.14788e-05
6.1477e-05
6.14753e-05
6.14736e-05
6.14719e-05
6.14701e-05
6.14684e-05
6.14667e-05
6.1465e-05
6.14633e-05
6.14615e-05
6.14598e-05
6.14581e-05
6.14564e-05
6.14547e-05
6.1453e-05
6.14513e-05
6.14496e-05
6.14479e-05
6.14462e-05
6.14445e-05
6.14428e-05
6.14411e-05
6.14394e-05
6.14377e-05
6.1436e-05
6.14344e-05
6.14327e-05
6.1431e-05
6.14293e-05
6.14276e-05
6.1426e-05
6.14243e-05
6.14226e-05
6.14209e-05
6.14193e-05
6.14176e-05
6.14159e-05
6.14143e-05
6.14126e-05
6.14109e-05
6.14093e-05
6.14076e-05
6.1406e-05
6.14043e-05
6.14026e-05
6.1401e-05
6.13993e-05
6.13977e-05
6.1396e-05
6.13944e-05
6.13928e-05
6.13911e-05
6.13895e-05
6.13878e-05
6.13862e-05
6.13846e-05
6.13829e-05
6.13813e-05
6.13797e-05
6.1378e-05
6.13764e-05
6.13748e-05
6.13732e-05
6.13715e-05
6.13699e-05
6.13683e-05
6.13667e-05
6.13651e-05
6.13634e-05
6.13618e-05
6.13602e-05
6.13586e-05
6.1357e-05
6.13554e-05
6.13538e-05
6.13522e-05
6.13506e-05
6.1349e-05
6.13474e-05
6.13458e-05
6.13442e-05
6.13426e-05
6.1341e-05
6.13394e-05
6.13378e-05
6.13362e-05
6.13346e-05
6.1333e-05
6.13314e-05
6.13299e-05
6.13283e-05
6.13267e-05
6.13251e-05
6.13235e-05
6.1322e-05
6.13204e-05
6.13188e-05
6.13172e-05
6.13157e-05
6.13141e-05
6.13125e-05
6.1311e-05
6.13094e-05
6.13078e-05
6.13063e-05
6.13047e-05
6.13032e-05
6.13016e-05
6.13001e-05
6.12985e-05
6.12969e-05
6.12954e-05
6.12938e-05
6.12923e-05
6.12907e-05
6.12892e-05
6.12877e-05
6.12861e-05
6.12846e-05
6.1283e-05
6.12815e-05
6.128e-05
6.12784e-05
6.12769e-05
6.12754e-05
6.12738e-05
6.12723e-05
6.12708e-05
6.12692e-05
6.12677e-05
6.12662e-05
6.12647e-05
6.12631e-05
6.12616e-05
6.12601e-05
6.12586e-05
6.12571e-05
6.12555e-05
6.1254e-05
6.12525e-05
6.1251e-05
6.12495e-05
6.1248e-05
6.12465e-05
6.1245e-05
6.12435e-05
6.1242e-05
6.12405e-05
6.1239e-05
6.12375e-05
6.1236e-05
6.12345e-05
6.1233e-05
6.12315e-05
6.123e-05
6.12285e-05
6.1227e-05
6.12255e-05
6.1224e-05
6.12225e-05
6.12211e-05
6.12196e-05
6.12181e-05
6.12166e-05
6.12151e-05
6.12136e-05
6.12122e-05
6.12107e-05
6.12092e-05
6.12077e-05
6.12063e-05
6.12048e-05
6.12033e-05
6.12019e-05
6.12004e-05
6.11989e-05
6.11975e-05
6.1196e-05
6.11945e-05
6.11931e-05
6.11916e-05
6.11902e-05
6.11887e-05
6.11872e-05
6.11858e-05
6.11843e-05
6.11829e-05
6.11814e-05
6.118e-05
6.11785e-05
6.11771e-05
6.11756e-05
6.11742e-05
6.11728e-05
6.11713e-05
6.11699e-05
6.11684e-05
6.1167e-05
6.11656e-05
6.11641e-05
6.11627e-05
6.11612e-05
6.11598e-05
6.11584e-05
6.1157e-05
6.11555e-05
6.11541e-05
6.11527e-05
6.11512e-05
6.11498e-05
6.11484e-05
6.1147e-05
6.11456e-05
6.11441e-05
6.11427e-05
6.11413e-05
6.11399e-05
6.11385e-05
6.11371e-05
6.11356e-05
6.11342e-05
6.11328e-05
6.11314e-05
6.113e-05
6.11286e-05
6.11272e-05
6.11258e-05
6.11244e-05
6.1123e-05
6.11216e-05
6.11202e-05
6.11188e-05
6.11174e-05
6.1116e-05
6.11146e-05
6.11132e-05
6.11118e-05
6.11104e-05
6.1109e-05
6.11076e-05
6.11062e-05
6.11049e-05
6.11035e-05
6.11021e-05
6.11007e-05
6.10993e-05
6.10979e-05
6.10966e-05
6.10952e-05
6.10938e-05
6.10924e-05
6.1091e-05
6.10897e-05
6.10883e-05
6.10869e-05
6.10855e-05
6.10842e-05
6.10828e-05
6.10814e-05
6.10801e-05
6.10787e-05
6.10773e-05
6.1076e-05
6.10746e-05
6.10733e-05
6.10719e-05
6.10705e-05
6.10692e-05
6.10678e-05
6.10665e-05
6.10651e-05
6.10638e-05
6.10624e-05
6.1061e-05
6.10597e-05
6.10583e-05
6.1057e-05
6.10556e-05
6.10543e-05
6.1053e-05
6.10516e-05
6.10503e-05
6.10489e-05
6.10476e-05
6.10462e-05
6.10449e-05
6.10436e-05
6.10422e-05
6.10409e-05
6.10396e-05
6.10382e-05
6.10369e-05
6.10356e-05
6.10342e-05
6.10329e-05
6.10316e-05
6.10302e-05
6.10289e-05
6.10276e-05
6.10263e-05
6.10249e-05
6.10236e-05
6.10223e-05
6.1021e-05
6.10197e-05
6.10183e-05
6.1017e-05
6.10157e-05
6.10144e-05
6.10131e-05
6.10118e-05
6.10104e-05
6.10091e-05
6.10078e-05
6.10065e-05
6.10052e-05
6.10039e-05
6.10026e-05
6.10013e-05
6.1e-05
6.09987e-05
6.09974e-05
6.09961e-05
6.09948e-05
6.09935e-05
6.09922e-05
6.09909e-05
6.09896e-05
6.09883e-05
6.0987e-05
6.09857e-05
6.09844e-05
6.09831e-05
6.09818e-05
6.09805e-05
6.09792e-05
6.0978e-05
6.09767e-05
6.09754e-05
6.09741e-05
6.09728e-05
6.09715e-05
6.09703e-05
6.0969e-05
6.09677e-05
6.09664e-05
6.09651e-05
6.09639e-05
6.09626e-05
6.09613e-05
6.096e-05
6.09588e-05
6.09575e-05
6.09562e-05
6.0955e-05
6.09537e-05
6.09524e-05
6.09511e-05
6.09499e-05
6.09486e-05
6.09474e-05
6.09461e-05
6.09448e-05
6.09436e-05
6.09423e-05
6.0941e-05
6.09398e-05
6.09385e-05
6.09373e-05
6.0936e-05
6.09348e-05
6.09335e-05
6.09323e-05
6.0931e-05
6.09298e-05
6.09285e-05
6.09273e-05
6.0926e-05
6.09248e-05
6.09235e-05
6.09223e-05
6.0921e-05
6.09198e-05
6.09185e-05
6.09173e-05
6.09161e-05
6.09148e-05
6.09136e-05
6.09123e-05
6.09111e-05
6.09099e-05
6.09086e-05
6.09074e-05
6.09062e-05
6.09049e-05
6.09037e-05
6.09025e-05
6.09012e-05
6.09e-05
6.08988e-05
6.08976e-05
6.08963e-05
6.08951e-05
6.08939e-05
6.08927e-05
6.08914e-05
6.08902e-05
6.0889e-05
6.08878e-05
6.08866e-05
6.08853e-05
6.08841e-05
6.08829e-05
6.08817e-05
6.08805e-05
6.08793e-05
6.0878e-05
6.08768e-05
6.08756e-05
6.08744e-05
6.08732e-05
6.0872e-05
6.08708e-05
6.08696e-05
6.08684e-05
6.08672e-05
6.0866e-05
6.08648e-05
6.08636e-05
6.08624e-05
6.08612e-05
6.086e-05
6.08588e-05
6.08576e-05
6.08564e-05
6.08552e-05
6.0854e-05
6.08528e-05
6.08516e-05
6.08504e-05
6.08492e-05
6.0848e-05
6.08468e-05
6.08456e-05
6.08445e-05
6.08433e-05
6.08421e-05
6.08409e-05
6.08397e-05
6.08385e-05
6.08373e-05
6.08362e-05
6.0835e-05
6.08338e-05
6.08326e-05
6.08314e-05
6.08303e-05
6.08291e-05
6.08279e-05
6.08267e-05
6.08256e-05
6.08244e-05
6.08232e-05
6.08221e-05
6.08209e-05
6.08197e-05
6.08185e-05
6.08174e-05
6.08162e-05
6.0815e-05
6.08139e-05
6.08127e-05
6.08115e-05
6.08104e-05
6.08092e-05
6.08081e-05
6.08069e-05
6.08057e-05
6.08046e-05
6.08034e-05
6.08023e-05
6.08011e-05
6.07999e-05
6.07988e-05
6.07976e-05
6.07965e-05
6.07953e-05
6.07942e-05
6.0793e-05
6.07919e-05
6.07907e-05
6.07896e-05
6.07884e-05
6.07873e-05
6.07861e-05
6.0785e-05
6.07839e-05
6.07827e-05
6.07816e-05
6.07804e-05
6.07793e-05
6.07781e-05
6.0777e-05
6.07759e-05
6.07747e-05
6.07736e-05
6.07725e-05
6.07713e-05
6.07702e-05
6.07691e-05
6.07679e-05
6.07668e-05
6.07657e-05
6.07645e-05
6.07634e-05
6.07623e-05
6.07611e-05
6.076e-05
6.07589e-05
6.07578e-05
6.07566e-05
6.07555e-05
6.07544e-05
6.07533e-05
6.07521e-05
6.0751e-05
6.07499e-05
6.07488e-05
6.07477e-05
6.07465e-05
6.07454e-05
6.07443e-05
6.07432e-05
6.07421e-05
6.0741e-05
6.07399e-05
6.07387e-05
6.07376e-05
6.07365e-05
6.07354e-05
6.07343e-05
6.07332e-05
6.07321e-05
6.0731e-05
6.07299e-05
6.07288e-05
6.07277e-05
6.07266e-05
6.07255e-05
6.07244e-05
6.07233e-05
6.07222e-05
6.07211e-05
6.072e-05
6.07189e-05
6.07178e-05
6.07167e-05
6.07156e-05
6.07145e-05
6.07134e-05
6.07123e-05
6.07112e-05
6.07101e-05
6.0709e-05
6.07079e-05
6.07068e-05
6.07057e-05
6.07047e-05
6.07036e-05
6.07025e-05
6.07014e-05
6.07003e-05
6.06992e-05
6.06981e-05
6.06971e-05
6.0696e-05
6.06949e-05
6.06938e-05
6.06927e-05
6.06917e-05
6.06906e-05
6.06895e-05
6.06884e-05
6.06873e-05
6.06863e-05
6.06852e-05
6.06841e-05
6.0683e-05
6.0682e-05
6.06809e-05
6.06798e-05
6.06788e-05
6.06777e-05
6.06766e-05
6.06756e-05
6.06745e-05
6.06734e-05
6.06724e-05
6.06713e-05
6.06702e-05
6.06692e-05
6.06681e-05
6.0667e-05
6.0666e-05
6.06649e-05
6.06639e-05
6.06628e-05
6.06617e-05
6.06607e-05
6.06596e-05
6.06586e-05
6.06575e-05
6.06565e-05
6.06554e-05
6.06544e-05
6.06533e-05
6.06522e-05
6.06512e-05
6.06501e-05
6.06491e-05
6.0648e-05
6.0647e-05
6.0646e-05
6.06449e-05
6.06439e-05
6.06428e-05
6.06418e-05
6.06407e-05
6.06397e-05
6.06386e-05
6.06376e-05
6.06366e-05
6.06355e-05
6.06345e-05
6.06334e-05
6.06324e-05
6.06314e-05
6.06303e-05
6.06293e-05
6.06283e-05
6.06272e-05
6.06262e-05
6.06252e-05
6.06241e-05
6.06231e-05
6.06221e-05
6.0621e-05
6.062e-05
6.0619e-05
6.06179e-05
6.06169e-05
6.06159e-05
6.06149e-05
6.06138e-05
6.06128e-05
6.06118e-05
6.06108e-05
6.06097e-05
6.06087e-05
6.06077e-05
6.06067e-05
6.06057e-05
6.06046e-05
6.06036e-05
6.06026e-05
6.06016e-05
6.06006e-05
6.05996e-05
6.05985e-05
6.05975e-05
6.05965e-05
6.05955e-05
6.05945e-05
6.05935e-05
6.05925e-05
6.05915e-05
6.05904e-05
6.05894e-05
6.05884e-05
6.05874e-05
6.05864e-05
6.05854e-05
6.05844e-05
6.05834e-05
6.05824e-05
6.05814e-05
6.05804e-05
6.05794e-05
6.05784e-05
6.05774e-05
6.05764e-05
6.05754e-05
6.05744e-05
6.05734e-05
6.05724e-05
6.05714e-05
6.05704e-05
6.05694e-05
6.05684e-05
6.05674e-05
6.05664e-05
6.05654e-05
6.05644e-05
6.05635e-05
6.05625e-05
6.05615e-05
6.05605e-05
6.05595e-05
6.05585e-05
6.05575e-05
6.05565e-05
6.05555e-05
6.05546e-05
6.05536e-05
6.05526e-05
6.05516e-05
6.05506e-05
6.05496e-05
6.05487e-05
6.05477e-05
6.05467e-05
6.05457e-05
6.05447e-05
6.05438e-05
6.05428e-05
6.05418e-05
6.05408e-05
6.05399e-05
6.05389e-05
6.05379e-05
6.05369e-05
6.0536e-05
6.0535e-05
6.0534e-05
6.05331e-05
6.05321e-05
6.05311e-05
6.05302e-05
6.05292e-05
6.05282e-05
6.05273e-05
6.05263e-05
6.05253e-05
6.05244e-05
6.05234e-05
6.05224e-05
6.05215e-05
6.05205e-05
6.05195e-05
6.05186e-05
6.05176e-05
6.05167e-05
6.05157e-05
6.05147e-05
6.05138e-05
6.05128e-05
6.05119e-05
6.05109e-05
6.051e-05
6.0509e-05
6.05081e-05
6.05071e-05
6.05062e-05
6.05052e-05
6.05043e-05
6.05033e-05
6.05024e-05
6.05014e-05
6.05005e-05
6.04995e-05
6.04986e-05
6.04976e-05
6.04967e-05
6.04957e-05
6.04948e-05
6.04938e-05
6.04929e-05
6.04919e-05
6.0491e-05
6.04901e-05
6.04891e-05
6.04882e-05
6.04872e-05
6.04863e-05
6.04854e-05
6.04844e-05
6.04835e-05
6.04826e-05
6.04816e-05
6.04807e-05
6.04798e-05
6.04788e-05
6.04779e-05
6.0477e-05
6.0476e-05
6.04751e-05
6.04742e-05
6.04732e-05
6.04723e-05
6.04714e-05
6.04704e-05
6.04695e-05
6.04686e-05
6.04677e-05
6.04667e-05
6.04658e-05
6.04649e-05
6.0464e-05
6.0463e-05
6.04621e-05
6.04612e-05
6.04603e-05
6.04593e-05
6.04584e-05
6.04575e-05
6.04566e-05
6.04557e-05
6.04548e-05
6.04538e-05
6.04529e-05
6.0452e-05
6.04511e-05
6.04502e-05
6.04493e-05
6.04483e-05
6.04474e-05
6.04465e-05
6.04456e-05
6.04447e-05
6.04438e-05
6.04429e-05
6.0442e-05
6.04411e-05
6.04402e-05
6.04392e-05
6.04383e-05
6.04374e-05
6.04365e-05
6.04356e-05
6.04347e-05
6.04338e-05
6.04329e-05
6.0432e-05
6.04311e-05
6.04302e-05
6.04293e-05
6.04284e-05
6.04275e-05
6.04266e-05
6.04257e-05
6.04248e-05
6.04239e-05
6.0423e-05
6.04221e-05
6.04212e-05
6.04203e-05
6.04194e-05
6.04185e-05
6.04176e-05
6.04168e-05
6.04159e-05
6.0415e-05
6.04141e-05
6.04132e-05
6.04123e-05
6.04114e-05
6.04105e-05
6.04096e-05
6.04087e-05
6.04079e-05
6.0407e-05
6.04061e-05
6.04052e-05
6.04043e-05
6.04034e-05
6.04026e-05
6.04017e-05
6.04008e-05
6.03999e-05
6.0399e-05
6.03981e-05
6.03973e-05
6.03964e-05
6.03955e-05
6.03946e-05
6.03938e-05
6.03929e-05
6.0392e-05
6.03911e-05
6.03902e-05
6.03894e-05
6.03885e-05
6.03876e-05
6.03868e-05
6.03859e-05
6.0385e-05
6.03841e-05
6.03833e-05
6.03824e-05
6.03815e-05
6.03807e-05
6.03798e-05
6.03789e-05
6.03781e-05
6.03772e-05
6.03763e-05
6.03755e-05
6.03746e-05
6.03737e-05
6.03729e-05
6.0372e-05
6.03711e-05
6.03703e-05
6.03694e-05
6.03686e-05
6.03677e-05
6.03668e-05
6.0366e-05
6.03651e-05
6.03643e-05
6.03634e-05
6.03625e-05
6.03617e-05
6.03608e-05
6.036e-05
6.03591e-05
6.03583e-05
6.03574e-05
6.03566e-05
6.03557e-05
6.03549e-05
6.0354e-05
6.03532e-05
6.03523e-05
6.03515e-05
6.03506e-05
6.03498e-05
6.03489e-05
6.03481e-05
6.03472e-05
6.03464e-05
6.03455e-05
6.03447e-05
6.03438e-05
6.0343e-05
6.03422e-05
6.03413e-05
6.03405e-05
6.03396e-05
6.03388e-05
6.03379e-05
6.03371e-05
6.03363e-05
6.03354e-05
6.03346e-05
6.03337e-05
6.03329e-05
6.03321e-05
6.03312e-05
6.03304e-05
6.03296e-05
6.03287e-05
6.03279e-05
6.03271e-05
6.03262e-05
6.03254e-05
6.03246e-05
6.03237e-05
6.03229e-05
6.03221e-05
6.03212e-05
6.03204e-05
6.03196e-05
6.03188e-05
6.03179e-05
6.03171e-05
6.03163e-05
6.03155e-05
6.03146e-05
6.03138e-05
6.0313e-05
6.03122e-05
6.03113e-05
6.03105e-05
6.03097e-05
6.03089e-05
6.0308e-05
6.03072e-05
6.03064e-05
6.03056e-05
6.03048e-05
6.03039e-05
6.03031e-05
6.03023e-05
6.03015e-05
6.03007e-05
6.02999e-05
6.0299e-05
6.02982e-05
6.02974e-05
6.02966e-05
6.02958e-05
6.0295e-05
6.02942e-05
6.02934e-05
6.02925e-05
6.02917e-05
6.02909e-05
6.02901e-05
6.02893e-05
6.02885e-05
6.02877e-05
6.02869e-05
6.02861e-05
6.02853e-05
6.02845e-05
6.02837e-05
6.02829e-05
6.0282e-05
6.02812e-05
6.02804e-05
6.02796e-05
6.02788e-05
6.0278e-05
6.02772e-05
6.02764e-05
6.02756e-05
6.02748e-05
6.0274e-05
6.02732e-05
6.02724e-05
6.02716e-05
6.02708e-05
6.027e-05
6.02693e-05
6.02685e-05
6.02677e-05
6.02669e-05
6.02661e-05
6.02653e-05
6.02645e-05
6.02637e-05
6.02629e-05
6.02621e-05
6.02613e-05
6.02605e-05
6.02597e-05
6.0259e-05
6.02582e-05
6.02574e-05
6.02566e-05
6.02558e-05
6.0255e-05
6.02542e-05
6.02534e-05
6.02527e-05
6.02519e-05
6.02511e-05
6.02503e-05
6.02495e-05
6.02487e-05
6.0248e-05
6.02472e-05
6.02464e-05
6.02456e-05
6.02448e-05
6.02441e-05
6.02433e-05
6.02425e-05
6.02417e-05
6.02409e-05
6.02402e-05
6.02394e-05
6.02386e-05
6.02378e-05
6.02371e-05
6.02363e-05
6.02355e-05
6.02347e-05
6.0234e-05
6.02332e-05
6.02324e-05
6.02317e-05
6.02309e-05
6.02301e-05
6.02293e-05
6.02286e-05
6.02278e-05
6.0227e-05
6.02263e-05
6.02255e-05
6.02247e-05
6.0224e-05
6.02232e-05
6.02224e-05
6.02217e-05
6.02209e-05
6.02201e-05
6.02194e-05
6.02186e-05
6.02178e-05
6.02171e-05
6.02163e-05
6.02156e-05
6.02148e-05
6.0214e-05
6.02133e-05
6.02125e-05
6.02118e-05
6.0211e-05
6.02102e-05
6.02095e-05
6.02087e-05
6.0208e-05
6.02072e-05
6.02065e-05
6.02057e-05
6.0205e-05
6.02042e-05
6.02034e-05
6.02027e-05
6.02019e-05
6.02012e-05
6.02004e-05
6.01997e-05
6.01989e-05
6.01982e-05
6.01974e-05
6.01967e-05
6.01959e-05
6.01952e-05
6.01944e-05
6.01937e-05
6.0193e-05
6.01922e-05
6.01915e-05
6.01907e-05
6.019e-05
6.01892e-05
6.01885e-05
6.01877e-05
6.0187e-05
6.01863e-05
6.01855e-05
6.01848e-05
6.0184e-05
6.01833e-05
6.01825e-05
6.01818e-05
6.01811e-05
6.01803e-05
6.01796e-05
6.01789e-05
6.01781e-05
6.01774e-05
6.01766e-05
6.01759e-05
6.01752e-05
6.01744e-05
6.01737e-05
6.0173e-05
6.01722e-05
6.01715e-05
6.01708e-05
6.017e-05
6.01693e-05
6.01686e-05
6.01678e-05
6.01671e-05
6.01664e-05
6.01657e-05
6.01649e-05
6.01642e-05
6.01635e-05
6.01627e-05
6.0162e-05
6.01613e-05
6.01606e-05
6.01598e-05
6.01591e-05
6.01584e-05
6.01577e-05
6.01569e-05
6.01562e-05
6.01555e-05
6.01548e-05
6.01541e-05
6.01533e-05
6.01526e-05
6.01519e-05
6.01512e-05
6.01505e-05
6.01497e-05
6.0149e-05
6.01483e-05
6.01476e-05
6.01469e-05
6.01461e-05
6.01454e-05
6.01447e-05
6.0144e-05
6.01433e-05
6.01426e-05
6.01419e-05
6.01411e-05
6.01404e-05
6.01397e-05
6.0139e-05
6.01383e-05
6.01376e-05
6.01369e-05
6.01362e-05
6.01354e-05
6.01347e-05
6.0134e-05
6.01333e-05
6.01326e-05
6.01319e-05
6.01312e-05
6.01305e-05
6.01298e-05
6.01291e-05
6.01284e-05
6.01277e-05
6.0127e-05
6.01263e-05
6.01256e-05
6.01249e-05
6.01242e-05
6.01234e-05
6.01227e-05
6.0122e-05
6.01213e-05
6.01206e-05
6.01199e-05
6.01192e-05
6.01185e-05
6.01178e-05
6.01171e-05
6.01164e-05
6.01158e-05
6.01151e-05
6.01144e-05
6.01137e-05
6.0113e-05
6.01123e-05
6.01116e-05
6.01109e-05
6.01102e-05
6.01095e-05
6.01088e-05
6.01081e-05
6.01074e-05
6.01067e-05
6.0106e-05
6.01053e-05
6.01047e-05
6.0104e-05
6.01033e-05
6.01026e-05
6.01019e-05
6.01012e-05
6.01005e-05
6.00998e-05
6.00991e-05
6.00985e-05
6.00978e-05
6.00971e-05
6.00964e-05
6.00957e-05
6.0095e-05
6.00943e-05
6.00937e-05
6.0093e-05
6.00923e-05
6.00916e-05
6.00909e-05
6.00903e-05
6.00896e-05
6.00889e-05
6.00882e-05
6.00875e-05
6.00869e-05
6.00862e-05
6.00855e-05
6.00848e-05
6.00841e-05
6.00835e-05
6.00828e-05
6.00821e-05
6.00814e-05
6.00808e-05
6.00801e-05
6.00794e-05
6.00787e-05
6.00781e-05
6.00774e-05
6.00767e-05
6.0076e-05
6.00754e-05
6.00747e-05
6.0074e-05
6.00734e-05
6.00727e-05
6.0072e-05
6.00714e-05
6.00707e-05
6.007e-05
6.00693e-05
6.00687e-05
6.0068e-05
6.00673e-05
6.00667e-05
6.0066e-05
6.00653e-05
6.00647e-05
6.0064e-05
6.00634e-05
6.00627e-05
6.0062e-05
6.00614e-05
6.00607e-05
6.006e-05
6.00594e-05
6.00587e-05
6.00581e-05
6.00574e-05
6.00567e-05
6.00561e-05
6.00554e-05
6.00548e-05
6.00541e-05
6.00534e-05
6.00528e-05
6.00521e-05
6.00515e-05
6.00508e-05
6.00502e-05
6.00495e-05
6.00488e-05
6.00482e-05
6.00475e-05
6.00469e-05
6.00462e-05
6.00456e-05
6.00449e-05
6.00443e-05
6.00436e-05
6.0043e-05
6.00423e-05
6.00417e-05
6.0041e-05
6.00404e-05
6.00397e-05
6.00391e-05
6.00384e-05
6.00378e-05
6.00371e-05
6.00365e-05
6.00358e-05
6.00352e-05
6.00345e-05
6.00339e-05
6.00332e-05
6.00326e-05
6.00319e-05
6.00313e-05
6.00307e-05
6.003e-05
6.00294e-05
6.00287e-05
6.00281e-05
6.00274e-05
6.00268e-05
6.00262e-05
6.00255e-05
6.00249e-05
6.00242e-05
6.00236e-05
6.0023e-05
6.00223e-05
6.00217e-05
6.0021e-05
6.00204e-05
6.00198e-05
6.00191e-05
6.00185e-05
6.00179e-05
6.00172e-05
6.00166e-05
6.0016e-05
6.00153e-05
6.00147e-05
6.00141e-05
6.00134e-05
6.00128e-05
6.00122e-05
6.00115e-05
6.00109e-05
6.00103e-05
6.00096e-05
6.0009e-05
6.00084e-05
6.00077e-05
6.00071e-05
6.00065e-05
6.00059e-05
6.00052e-05
6.00046e-05
6.0004e-05
6.00033e-05
6.00027e-05
6.00021e-05
6.00015e-05
6.00008e-05
6.00002e-05
5.99996e-05
5.9999e-05
5.99983e-05
5.99977e-05
5.99971e-05
5.99965e-05
5.99959e-05
5.99952e-05
5.99946e-05
5.9994e-05
5.99934e-05
5.99928e-05
5.99921e-05
5.99915e-05
5.99909e-05
5.99903e-05
5.99897e-05
5.9989e-05
5.99884e-05
5.99878e-05
5.99872e-05
5.99866e-05
5.9986e-05
5.99853e-05
5.99847e-05
5.99841e-05
5.99835e-05
5.99829e-05
5.99823e-05
5.99817e-05
5.9981e-05
5.99804e-05
5.99798e-05
5.99792e-05
5.99786e-05
5.9978e-05
5.99774e-05
5.99768e-05
5.99761e-05
5.99755e-05
5.99749e-05
5.99743e-05
5.99737e-05
5.99731e-05
5.99725e-05
5.99719e-05
5.99713e-05
5.99707e-05
5.99701e-05
5.99695e-05
5.99689e-05
5.99683e-05
5.99676e-05
5.9967e-05
5.99664e-05
5.99658e-05
5.99652e-05
5.99646e-05
5.9964e-05
5.99634e-05
5.99628e-05
5.99622e-05
5.99616e-05
5.9961e-05
5.99604e-05
5.99598e-05
5.99592e-05
5.99586e-05
5.9958e-05
5.99574e-05
5.99568e-05
5.99562e-05
5.99556e-05
5.9955e-05
5.99544e-05
5.99538e-05
5.99532e-05
5.99527e-05
5.99521e-05
5.99515e-05
5.99509e-05
5.99503e-05
5.99497e-05
5.99491e-05
5.99485e-05
5.99479e-05
5.99473e-05
5.99467e-05
5.99461e-05
5.99455e-05
5.99449e-05
5.99444e-05
5.99438e-05
5.99432e-05
5.99426e-05
5.9942e-05
5.99414e-05
5.99408e-05
5.99402e-05
5.99396e-05
5.99391e-05
5.99385e-05
5.99379e-05
5.99373e-05
5.99367e-05
5.99361e-05
5.99355e-05
5.9935e-05
5.99344e-05
5.99338e-05
5.99332e-05
5.99326e-05
5.9932e-05
5.99315e-05
5.99309e-05
5.99303e-05
5.99297e-05
5.99291e-05
5.99286e-05
5.9928e-05
5.99274e-05
5.99268e-05
5.99262e-05
5.99257e-05
5.99251e-05
5.99245e-05
5.99239e-05
5.99233e-05
5.99228e-05
5.99222e-05
5.99216e-05
5.9921e-05
5.99205e-05
5.99199e-05
5.99193e-05
5.99187e-05
5.99182e-05
5.99176e-05
5.9917e-05
5.99164e-05
5.99159e-05
5.99153e-05
5.99147e-05
5.99142e-05
5.99136e-05
5.9913e-05
5.99124e-05
5.99119e-05
5.99113e-05
5.99107e-05
5.99102e-05
5.99096e-05
5.9909e-05
5.99085e-05
5.99079e-05
5.99073e-05
5.99067e-05
5.99062e-05
5.99056e-05
5.9905e-05
5.99045e-05
5.99039e-05
5.99034e-05
5.99028e-05
5.99022e-05
5.99017e-05
5.99011e-05
5.99005e-05
5.99e-05
5.98994e-05
5.98988e-05
5.98983e-05
5.98977e-05
5.98972e-05
5.98966e-05
5.9896e-05
5.98955e-05
5.98949e-05
5.98944e-05
5.98938e-05
5.98932e-05
5.98927e-05
5.98921e-05
5.98916e-05
5.9891e-05
5.98904e-05
5.98899e-05
5.98893e-05
5.98888e-05
5.98882e-05
5.98877e-05
5.98871e-05
5.98866e-05
5.9886e-05
5.98854e-05
5.98849e-05
5.98843e-05
5.98838e-05
5.98832e-05
5.98827e-05
5.98821e-05
5.98816e-05
5.9881e-05
5.98805e-05
5.98799e-05
5.98794e-05
5.98788e-05
5.98783e-05
5.98777e-05
5.98772e-05
5.98766e-05
5.98761e-05
5.98755e-05
5.9875e-05
5.98744e-05
5.98739e-05
5.98733e-05
5.98728e-05
5.98722e-05
5.98717e-05
5.98712e-05
5.98706e-05
5.98701e-05
5.98695e-05
5.9869e-05
5.98684e-05
5.98679e-05
5.98673e-05
5.98668e-05
5.98663e-05
5.98657e-05
5.98652e-05
5.98646e-05
5.98641e-05
5.98635e-05
5.9863e-05
5.98625e-05
5.98619e-05
5.98614e-05
5.98608e-05
5.98603e-05
5.98598e-05
5.98592e-05
5.98587e-05
5.98582e-05
5.98576e-05
5.98571e-05
5.98565e-05
5.9856e-05
5.98555e-05
5.98549e-05
5.98544e-05
5.98539e-05
5.98533e-05
5.98528e-05
5.98523e-05
5.98517e-05
5.98512e-05
5.98507e-05
5.98501e-05
5.98496e-05
5.98491e-05
5.98485e-05
5.9848e-05
5.98475e-05
5.98469e-05
5.98464e-05
5.98459e-05
5.98453e-05
5.98448e-05
5.98443e-05
5.98438e-05
5.98432e-05
5.98427e-05
5.98422e-05
5.98416e-05
5.98411e-05
5.98406e-05
5.98401e-05
5.98395e-05
5.9839e-05
5.98385e-05
5.9838e-05
5.98374e-05
5.98369e-05
5.98364e-05
5.98359e-05
5.98353e-05
5.98348e-05
5.98343e-05
5.98338e-05
5.98332e-05
5.98327e-05
5.98322e-05
5.98317e-05
5.98312e-05
5.98306e-05
5.98301e-05
5.98296e-05
5.98291e-05
5.98286e-05
5.9828e-05
5.98275e-05
5.9827e-05
5.98265e-05
5.9826e-05
5.98254e-05
5.98249e-05
5.98244e-05
5.98239e-05
5.98234e-05
5.98229e-05
5.98223e-05
5.98218e-05
5.98213e-05
5.98208e-05
5.98203e-05
5.98198e-05
5.98192e-05
5.98187e-05
5.98182e-05
5.98177e-05
5.98172e-05
5.98167e-05
5.98162e-05
5.98157e-05
5.98151e-05
5.98146e-05
5.98141e-05
5.98136e-05
5.98131e-05
5.98126e-05
5.98121e-05
5.98116e-05
5.98111e-05
5.98106e-05
5.981e-05
5.98095e-05
5.9809e-05
5.98085e-05
5.9808e-05
5.98075e-05
5.9807e-05
5.98065e-05
5.9806e-05
5.98055e-05
5.9805e-05
5.98045e-05
5.9804e-05
5.98035e-05
5.9803e-05
5.98024e-05
5.98019e-05
5.98014e-05
5.98009e-05
5.98004e-05
5.97999e-05
5.97994e-05
5.97989e-05
5.97984e-05
5.97979e-05
5.97974e-05
5.97969e-05
5.97964e-05
5.97959e-05
5.97954e-05
5.97949e-05
5.97944e-05
5.97939e-05
5.97934e-05
5.97929e-05
5.97924e-05
5.97919e-05
5.97914e-05
5.97909e-05
5.97904e-05
5.97899e-05
5.97894e-05
5.97889e-05
5.97884e-05
5.9788e-05
5.97875e-05
5.9787e-05
5.97865e-05
5.9786e-05
5.97855e-05
5.9785e-05
5.97845e-05
5.9784e-05
5.97835e-05
5.9783e-05
5.97825e-05
5.9782e-05
5.97815e-05
5.9781e-05
5.97806e-05
5.97801e-05
5.97796e-05
5.97791e-05
5.97786e-05
5.97781e-05
5.97776e-05
5.97771e-05
5.97766e-05
5.97761e-05
5.97757e-05
5.97752e-05
5.97747e-05
5.97742e-05
5.97737e-05
5.97732e-05
5.97727e-05
5.97722e-05
5.97718e-05
5.97713e-05
5.97708e-05
5.97703e-05
5.97698e-05
5.97693e-05
5.97688e-05
5.97684e-05
5.97679e-05
5.97674e-05
5.97669e-05
5.97664e-05
5.97659e-05
5.97655e-05
5.9765e-05
5.97645e-05
5.9764e-05
5.97635e-05
5.97631e-05
5.97626e-05
5.97621e-05
5.97616e-05
5.97611e-05
5.97607e-05
5.97602e-05
5.97597e-05
5.97592e-05
5.97587e-05
5.97583e-05
5.97578e-05
5.97573e-05
5.97568e-05
5.97564e-05
5.97559e-05
5.97554e-05
5.97549e-05
5.97544e-05
5.9754e-05
5.97535e-05
5.9753e-05
5.97525e-05
5.97521e-05
5.97516e-05
5.97511e-05
5.97507e-05
5.97502e-05
5.97497e-05
5.97492e-05
5.97488e-05
5.97483e-05
5.97478e-05
5.97473e-05
5.97469e-05
5.97464e-05
5.97459e-05
5.97455e-05
5.9745e-05
5.97445e-05
5.97441e-05
5.97436e-05
5.97431e-05
5.97426e-05
5.97422e-05
5.97417e-05
5.97412e-05
5.97408e-05
5.97403e-05
5.97398e-05
5.97394e-05
5.97389e-05
5.97384e-05
5.9738e-05
5.97375e-05
5.9737e-05
5.97366e-05
5.97361e-05
5.97356e-05
5.97352e-05
5.97347e-05
5.97343e-05
5.97338e-05
5.97333e-05
5.97329e-05
5.97324e-05
5.97319e-05
5.97315e-05
5.9731e-05
5.97305e-05
5.97301e-05
5.97296e-05
5.97292e-05
5.97287e-05
5.97282e-05
5.97278e-05
5.97273e-05
5.97269e-05
5.97264e-05
5.97259e-05
5.97255e-05
5.9725e-05
5.97246e-05
5.97241e-05
5.97237e-05
5.97232e-05
5.97227e-05
5.97223e-05
5.97218e-05
5.97214e-05
5.97209e-05
5.97205e-05
5.972e-05
5.97195e-05
5.97191e-05
5.97186e-05
5.97182e-05
5.97177e-05
5.97173e-05
5.97168e-05
5.97164e-05
5.97159e-05
5.97155e-05
5.9715e-05
5.97146e-05
5.97141e-05
5.97136e-05
5.97132e-05
5.97127e-05
5.97123e-05
5.97118e-05
5.97114e-05
5.97109e-05
5.97105e-05
5.971e-05
5.97096e-05
5.97091e-05
5.97087e-05
5.97082e-05
5.97078e-05
5.97073e-05
5.97069e-05
5.97065e-05
5.9706e-05
5.97056e-05
5.97051e-05
5.97047e-05
5.97042e-05
5.97038e-05
5.97033e-05
5.97029e-05
5.97024e-05
5.9702e-05
5.97015e-05
5.97011e-05
5.97007e-05
5.97002e-05
5.96998e-05
5.96993e-05
5.96989e-05
5.96984e-05
5.9698e-05
5.96976e-05
5.96971e-05
5.96967e-05
5.96962e-05
5.96958e-05
5.96953e-05
5.96949e-05
5.96945e-05
5.9694e-05
5.96936e-05
5.96931e-05
5.96927e-05
5.96923e-05
5.96918e-05
5.96914e-05
5.96909e-05
5.96905e-05
5.96901e-05
5.96896e-05
5.96892e-05
5.96888e-05
5.96883e-05
5.96879e-05
5.96874e-05
5.9687e-05
5.96866e-05
5.96861e-05
5.96857e-05
5.96853e-05
5.96848e-05
5.96844e-05
5.9684e-05
5.96835e-05
5.96831e-05
5.96827e-05
5.96822e-05
5.96818e-05
5.96814e-05
5.96809e-05
5.96805e-05
5.96801e-05
5.96796e-05
5.96792e-05
5.96788e-05
5.96783e-05
5.96779e-05
5.96775e-05
5.9677e-05
5.96766e-05
5.96762e-05
5.96757e-05
5.96753e-05
5.96749e-05
5.96745e-05
5.9674e-05
5.96736e-05
5.96732e-05
5.96727e-05
5.96723e-05
5.96719e-05
5.96715e-05
5.9671e-05
5.96706e-05
5.96702e-05
5.96697e-05
5.96693e-05
5.96689e-05
5.96685e-05
5.9668e-05
5.96676e-05
5.96672e-05
5.96668e-05
5.96663e-05
5.96659e-05
5.96655e-05
5.96651e-05
5.96646e-05
5.96642e-05
5.96638e-05
5.96634e-05
5.9663e-05
5.96625e-05
5.96621e-05
5.96617e-05
5.96613e-05
5.96608e-05
5.96604e-05
5.966e-05
5.96596e-05
5.96592e-05
5.96587e-05
5.96583e-05
5.96579e-05
5.96575e-05
5.96571e-05
5.96566e-05
5.96562e-05
5.96558e-05
5.96554e-05
5.9655e-05
5.96546e-05
5.96541e-05
5.96537e-05
5.96533e-05
5.96529e-05
5.96525e-05
5.96521e-05
5.96516e-05
5.96512e-05
5.96508e-05
5.96504e-05
5.965e-05
5.96496e-05
5.96491e-05
5.96487e-05
5.96483e-05
5.96479e-05
5.96475e-05
5.96471e-05
5.96467e-05
5.96462e-05
5.96458e-05
5.96454e-05
5.9645e-05
5.96446e-05
5.96442e-05
5.96438e-05
5.96434e-05
5.96429e-05
5.96425e-05
5.96421e-05
5.96417e-05
5.96413e-05
5.96409e-05
5.96405e-05
5.96401e-05
5.96397e-05
5.96393e-05
5.96388e-05
5.96384e-05
5.9638e-05
5.96376e-05
5.96372e-05
5.96368e-05
5.96364e-05
5.9636e-05
5.96356e-05
5.96352e-05
5.96348e-05
5.96344e-05
5.9634e-05
5.96336e-05
5.96331e-05
5.96327e-05
5.96323e-05
5.96319e-05
5.96315e-05
5.96311e-05
5.96307e-05
5.96303e-05
5.96299e-05
5.96295e-05
5.96291e-05
5.96287e-05
5.96283e-05
5.96279e-05
5.96275e-05
5.96271e-05
5.96267e-05
5.96263e-05
5.96259e-05
5.96255e-05
5.96251e-05
5.96247e-05
5.96243e-05
5.96239e-05
5.96235e-05
5.96231e-05
5.96227e-05
5.96223e-05
5.96219e-05
5.96215e-05
5.96211e-05
5.96207e-05
5.96203e-05
5.96199e-05
5.96195e-05
5.96191e-05
5.96187e-05
5.96183e-05
5.96179e-05
5.96175e-05
5.96171e-05
5.96167e-05
5.96163e-05
5.96159e-05
5.96155e-05
5.96151e-05
5.96147e-05
5.96143e-05
5.96139e-05
5.96135e-05
5.96132e-05
5.96128e-05
5.96124e-05
5.9612e-05
5.96116e-05
5.96112e-05
5.96108e-05
5.96104e-05
5.961e-05
5.96096e-05
5.96092e-05
5.96088e-05
5.96084e-05
5.9608e-05
5.96077e-05
5.96073e-05
5.96069e-05
5.96065e-05
5.96061e-05
5.96057e-05
5.96053e-05
5.96049e-05
5.96045e-05
5.96041e-05
5.96037e-05
5.96034e-05
5.9603e-05
5.96026e-05
5.96022e-05
5.96018e-05
5.96014e-05
5.9601e-05
5.96006e-05
5.96003e-05
5.95999e-05
5.95995e-05
5.95991e-05
5.95987e-05
5.95983e-05
5.95979e-05
5.95976e-05
5.95972e-05
5.95968e-05
5.95964e-05
5.9596e-05
5.95956e-05
5.95952e-05
5.95949e-05
5.95945e-05
5.95941e-05
5.95937e-05
5.95933e-05
5.95929e-05
5.95926e-05
5.95922e-05
5.95918e-05
5.95914e-05
5.9591e-05
5.95906e-05
5.95903e-05
5.95899e-05
5.95895e-05
5.95891e-05
5.95887e-05
5.95884e-05
5.9588e-05
5.95876e-05
5.95872e-05
5.95868e-05
5.95865e-05
5.95861e-05
5.95857e-05
5.95853e-05
5.95849e-05
5.95846e-05
5.95842e-05
5.95838e-05
5.95834e-05
5.95831e-05
5.95827e-05
5.95823e-05
5.95819e-05
5.95815e-05
5.95812e-05
5.95808e-05
5.95804e-05
5.958e-05
5.95797e-05
5.95793e-05
5.95789e-05
5.95785e-05
5.95782e-05
5.95778e-05
5.95774e-05
5.9577e-05
5.95767e-05
5.95763e-05
5.95759e-05
5.95755e-05
5.95752e-05
5.95748e-05
5.95744e-05
5.95741e-05
5.95737e-05
5.95733e-05
5.95729e-05
5.95726e-05
5.95722e-05
5.95718e-05
5.95715e-05
5.95711e-05
5.95707e-05
5.95703e-05
5.957e-05
5.95696e-05
5.95692e-05
5.95689e-05
5.95685e-05
5.95681e-05
5.95678e-05
5.95674e-05
5.9567e-05
5.95666e-05
5.95663e-05
5.95659e-05
5.95655e-05
5.95652e-05
5.95648e-05
5.95644e-05
5.95641e-05
5.95637e-05
5.95633e-05
5.9563e-05
5.95626e-05
5.95622e-05
5.95619e-05
5.95615e-05
5.95611e-05
5.95608e-05
5.95604e-05
5.956e-05
5.95597e-05
5.95593e-05
5.9559e-05
5.95586e-05
5.95582e-05
5.95579e-05
5.95575e-05
5.95571e-05
5.95568e-05
5.95564e-05
5.9556e-05
5.95557e-05
5.95553e-05
5.9555e-05
5.95546e-05
5.95542e-05
5.95539e-05
5.95535e-05
5.95531e-05
5.95528e-05
5.95524e-05
5.95521e-05
5.95517e-05
5.95513e-05
5.9551e-05
5.95506e-05
5.95503e-05
5.95499e-05
5.95495e-05
5.95492e-05
5.95488e-05
5.95485e-05
5.95481e-05
5.95478e-05
5.95474e-05
5.9547e-05
5.95467e-05
5.95463e-05
5.9546e-05
5.95456e-05
5.95453e-05
5.95449e-05
5.95445e-05
5.95442e-05
5.95438e-05
5.95435e-05
5.95431e-05
5.95428e-05
5.95424e-05
5.95421e-05
5.95417e-05
5.95413e-05
5.9541e-05
5.95406e-05
5.95403e-05
5.95399e-05
5.95396e-05
5.95392e-05
5.95389e-05
5.95385e-05
5.95382e-05
5.95378e-05
5.95375e-05
5.95371e-05
5.95367e-05
5.95364e-05
5.9536e-05
5.95357e-05
5.95353e-05
5.9535e-05
5.95346e-05
5.95343e-05
5.95339e-05
5.95336e-05
5.95332e-05
5.95329e-05
5.95325e-05
5.95322e-05
5.95318e-05
5.95315e-05
5.95311e-05
5.95308e-05
5.95304e-05
5.95301e-05
5.95297e-05
5.95294e-05
5.9529e-05
5.95287e-05
5.95284e-05
5.9528e-05
5.95277e-05
5.95273e-05
5.9527e-05
5.95266e-05
5.95263e-05
5.95259e-05
5.95256e-05
5.95252e-05
5.95249e-05
5.95245e-05
5.95242e-05
5.95239e-05
5.95235e-05
5.95232e-05
5.95228e-05
5.95225e-05
5.95221e-05
5.95218e-05
5.95214e-05
5.95211e-05
5.95208e-05
5.95204e-05
5.95201e-05
5.95197e-05
5.95194e-05
5.9519e-05
5.95187e-05
5.95184e-05
5.9518e-05
5.95177e-05
5.95173e-05
5.9517e-05
5.95166e-05
5.95163e-05
5.9516e-05
5.95156e-05
5.95153e-05
5.95149e-05
5.95146e-05
5.95143e-05
5.95139e-05
5.95136e-05
5.95132e-05
5.95129e-05
5.95126e-05
5.95122e-05
5.95119e-05
5.95115e-05
5.95112e-05
5.95109e-05
5.95105e-05
5.95102e-05
5.95099e-05
5.95095e-05
5.95092e-05
5.95088e-05
5.95085e-05
5.95082e-05
5.95078e-05
5.95075e-05
5.95072e-05
5.95068e-05
5.95065e-05
5.95062e-05
5.95058e-05
5.95055e-05
5.95051e-05
5.95048e-05
5.95045e-05
5.95041e-05
5.95038e-05
5.95035e-05
5.95031e-05
5.95028e-05
5.95025e-05
5.95021e-05
5.95018e-05
5.95015e-05
5.95011e-05
5.95008e-05
5.95005e-05
5.95001e-05
5.94998e-05
5.94995e-05
5.94991e-05
5.94988e-05
5.94985e-05
5.94982e-05
5.94978e-05
5.94975e-05
5.94972e-05
5.94968e-05
5.94965e-05
5.94962e-05
5.94958e-05
5.94955e-05
5.94952e-05
5.94948e-05
5.94945e-05
5.94942e-05
5.94939e-05
5.94935e-05
5.94932e-05
5.94929e-05
5.94925e-05
5.94922e-05
5.94919e-05
5.94916e-05
5.94912e-05
5.94909e-05
5.94906e-05
5.94903e-05
5.94899e-05
5.94896e-05
5.94893e-05
5.94889e-05
5.94886e-05
5.94883e-05
5.9488e-05
5.94876e-05
5.94873e-05
5.9487e-05
5.94867e-05
5.94863e-05
5.9486e-05
5.94857e-05
5.94854e-05
5.9485e-05
5.94847e-05
5.94844e-05
5.94841e-05
5.94837e-05
5.94834e-05
5.94831e-05
5.94828e-05
5.94824e-05
5.94821e-05
5.94818e-05
5.94815e-05
5.94812e-05
5.94808e-05
5.94805e-05
5.94802e-05
5.94799e-05
5.94795e-05
5.94792e-05
5.94789e-05
5.94786e-05
5.94783e-05
5.94779e-05
5.94776e-05
5.94773e-05
5.9477e-05
5.94767e-05
5.94763e-05
5.9476e-05
5.94757e-05
5.94754e-05
5.94751e-05
5.94747e-05
5.94744e-05
5.94741e-05
5.94738e-05
5.94735e-05
5.94732e-05
5.94728e-05
5.94725e-05
5.94722e-05
5.94719e-05
5.94716e-05
5.94712e-05
5.94709e-05
5.94706e-05
5.94703e-05
5.947e-05
5.94697e-05
5.94693e-05
5.9469e-05
5.94687e-05
5.94684e-05
5.94681e-05
5.94678e-05
5.94675e-05
5.94671e-05
5.94668e-05
5.94665e-05
5.94662e-05
5.94659e-05
5.94656e-05
5.94653e-05
5.94649e-05
5.94646e-05
5.94643e-05
5.9464e-05
5.94637e-05
5.94634e-05
5.94631e-05
5.94627e-05
5.94624e-05
5.94621e-05
5.94618e-05
5.94615e-05
5.94612e-05
5.94609e-05
5.94606e-05
5.94603e-05
5.94599e-05
5.94596e-05
5.94593e-05
5.9459e-05
5.94587e-05
5.94584e-05
5.94581e-05
5.94578e-05
5.94575e-05
5.94571e-05
5.94568e-05
5.94565e-05
5.94562e-05
5.94559e-05
5.94556e-05
5.94553e-05
5.9455e-05
5.94547e-05
5.94544e-05
5.94541e-05
5.94537e-05
5.94534e-05
5.94531e-05
5.94528e-05
5.94525e-05
5.94522e-05
5.94519e-05
5.94516e-05
5.94513e-05
5.9451e-05
5.94507e-05
5.94504e-05
5.94501e-05
5.94498e-05
5.94495e-05
5.94491e-05
5.94488e-05
5.94485e-05
5.94482e-05
5.94479e-05
5.94476e-05
5.94473e-05
5.9447e-05
5.94467e-05
5.94464e-05
5.94461e-05
5.94458e-05
5.94455e-05
5.94452e-05
5.94449e-05
5.94446e-05
5.94443e-05
5.9444e-05
5.94437e-05
5.94434e-05
5.94431e-05
5.94428e-05
5.94425e-05
5.94422e-05
5.94419e-05
5.94416e-05
5.94413e-05
5.9441e-05
5.94407e-05
5.94404e-05
5.94401e-05
5.94397e-05
5.94394e-05
5.94391e-05
5.94388e-05
5.94385e-05
5.94382e-05
5.94379e-05
5.94376e-05
5.94373e-05
5.9437e-05
5.94368e-05
5.94365e-05
5.94362e-05
5.94359e-05
5.94356e-05
5.94353e-05
5.9435e-05
5.94347e-05
5.94344e-05
5.94341e-05
5.94338e-05
5.94335e-05
5.94332e-05
5.94329e-05
5.94326e-05
5.94323e-05
5.9432e-05
5.94317e-05
5.94314e-05
5.94311e-05
5.94308e-05
5.94305e-05
5.94302e-05
5.94299e-05
5.94296e-05
5.94293e-05
5.9429e-05
5.94287e-05
5.94284e-05
5.94281e-05
5.94278e-05
5.94275e-05
5.94273e-05
5.9427e-05
5.94267e-05
5.94264e-05
5.94261e-05
5.94258e-05
5.94255e-05
5.94252e-05
5.94249e-05
5.94246e-05
5.94243e-05
5.9424e-05
5.94237e-05
5.94234e-05
5.94231e-05
5.94229e-05
5.94226e-05
5.94223e-05
5.9422e-05
5.94217e-05
5.94214e-05
5.94211e-05
5.94208e-05
5.94205e-05
5.94202e-05
5.94199e-05
5.94197e-05
5.94194e-05
5.94191e-05
5.94188e-05
5.94185e-05
5.94182e-05
5.94179e-05
5.94176e-05
5.94173e-05
5.9417e-05
5.94168e-05
5.94165e-05
5.94162e-05
5.94159e-05
5.94156e-05
5.94153e-05
5.9415e-05
5.94147e-05
5.94144e-05
5.94142e-05
5.94139e-05
5.94136e-05
5.94133e-05
5.9413e-05
5.94127e-05
5.94124e-05
5.94121e-05
5.94119e-05
5.94116e-05
5.94113e-05
5.9411e-05
5.94107e-05
5.94104e-05
5.94101e-05
5.94099e-05
5.94096e-05
5.94093e-05
5.9409e-05
5.94087e-05
5.94084e-05
5.94082e-05
5.94079e-05
5.94076e-05
5.94073e-05
5.9407e-05
5.94067e-05
5.94064e-05
5.94062e-05
5.94059e-05
5.94056e-05
5.94053e-05
5.9405e-05
5.94047e-05
5.94045e-05
5.94042e-05
5.94039e-05
5.94036e-05
5.94033e-05
5.9403e-05
5.94028e-05
5.94025e-05
5.94022e-05
5.94019e-05
5.94016e-05
5.94014e-05
5.94011e-05
5.94008e-05
5.94005e-05
5.94002e-05
5.94e-05
5.93997e-05
5.93994e-05
5.93991e-05
5.93988e-05
5.93986e-05
5.93983e-05
5.9398e-05
5.93977e-05
5.93974e-05
5.93972e-05
5.93969e-05
5.93966e-05
5.93963e-05
5.9396e-05
5.93958e-05
5.93955e-05
5.93952e-05
5.93949e-05
5.93947e-05
5.93944e-05
5.93941e-05
5.93938e-05
5.93935e-05
5.93933e-05
5.9393e-05
5.93927e-05
5.93924e-05
5.93922e-05
5.93919e-05
5.93916e-05
5.93913e-05
5.9391e-05
5.93908e-05
5.93905e-05
5.93902e-05
5.93899e-05
5.93897e-05
5.93894e-05
5.93891e-05
5.93888e-05
5.93886e-05
5.93883e-05
5.9388e-05
5.93877e-05
5.93875e-05
5.93872e-05
5.93869e-05
5.93866e-05
5.93864e-05
5.93861e-05
5.93858e-05
5.93856e-05
5.93853e-05
5.9385e-05
5.93847e-05
5.93845e-05
5.93842e-05
5.93839e-05
5.93836e-05
5.93834e-05
5.93831e-05
5.93828e-05
5.93826e-05
5.93823e-05
5.9382e-05
5.93817e-05
5.93815e-05
5.93812e-05
5.93809e-05
5.93807e-05
5.93804e-05
5.93801e-05
5.93798e-05
5.93796e-05
5.93793e-05
5.9379e-05
5.93788e-05
5.93785e-05
5.93782e-05
5.9378e-05
5.93777e-05
5.93774e-05
5.93771e-05
5.93769e-05
5.93766e-05
5.93763e-05
5.93761e-05
5.93758e-05
5.93755e-05
5.93753e-05
5.9375e-05
5.93747e-05
5.93745e-05
5.93742e-05
5.93739e-05
5.93737e-05
5.93734e-05
5.93731e-05
5.93729e-05
5.93726e-05
5.93723e-05
5.93721e-05
5.93718e-05
5.93715e-05
5.93713e-05
5.9371e-05
5.93707e-05
5.93705e-05
5.93702e-05
5.93699e-05
5.93697e-05
5.93694e-05
5.93691e-05
5.93689e-05
5.93686e-05
5.93683e-05
5.93681e-05
5.93678e-05
5.93675e-05
5.93673e-05
5.9367e-05
5.93667e-05
5.93665e-05
5.93662e-05
5.9366e-05
5.93657e-05
5.93654e-05
5.93652e-05
5.93649e-05
5.93646e-05
5.93644e-05
5.93641e-05
5.93638e-05
5.93636e-05
5.93633e-05
5.93631e-05
5.93628e-05
5.93625e-05
5.93623e-05
5.9362e-05
5.93617e-05
5.93615e-05
5.93612e-05
5.9361e-05
5.93607e-05
5.93604e-05
5.93602e-05
5.93599e-05
5.93597e-05
5.93594e-05
5.93591e-05
5.93589e-05
5.93586e-05
5.93584e-05
5.93581e-05
5.93578e-05
5.93576e-05
5.93573e-05
5.93571e-05
5.93568e-05
5.93565e-05
5.93563e-05
5.9356e-05
5.93558e-05
5.93555e-05
5.93552e-05
5.9355e-05
5.93547e-05
5.93545e-05
5.93542e-05
5.9354e-05
5.93537e-05
5.93534e-05
5.93532e-05
5.93529e-05
5.93527e-05
5.93524e-05
5.93522e-05
5.93519e-05
5.93516e-05
5.93514e-05
5.93511e-05
5.93509e-05
5.93506e-05
5.93504e-05
5.93501e-05
5.93498e-05
5.93496e-05
5.93493e-05
5.93491e-05
5.93488e-05
5.93486e-05
5.93483e-05
5.93481e-05
5.93478e-05
5.93475e-05
5.93473e-05
5.9347e-05
5.93468e-05
5.93465e-05
5.93463e-05
5.9346e-05
5.93458e-05
5.93455e-05
5.93453e-05
5.9345e-05
5.93447e-05
5.93445e-05
5.93442e-05
5.9344e-05
5.93437e-05
5.93435e-05
5.93432e-05
5.9343e-05
5.93427e-05
5.93425e-05
5.93422e-05
5.9342e-05
5.93417e-05
5.93415e-05
5.93412e-05
5.9341e-05
5.93407e-05
5.93405e-05
5.93402e-05
5.934e-05
5.93397e-05
5.93395e-05
5.93392e-05
5.93389e-05
5.93387e-05
5.93384e-05
5.93382e-05
5.93379e-05
5.93377e-05
5.93374e-05
5.93372e-05
5.93369e-05
5.93367e-05
5.93364e-05
5.93362e-05
5.93359e-05
5.93357e-05
5.93354e-05
5.93352e-05
5.9335e-05
5.93347e-05
5.93345e-05
5.93342e-05
5.9334e-05
5.93337e-05
5.93335e-05
5.93332e-05
5.9333e-05
5.93327e-05
5.93325e-05
5.93322e-05
5.9332e-05
5.93317e-05
5.93315e-05
5.93312e-05
5.9331e-05
5.93307e-05
5.93305e-05
5.93302e-05
5.933e-05
5.93298e-05
5.93295e-05
5.93293e-05
5.9329e-05
5.93288e-05
5.93285e-05
5.93283e-05
5.9328e-05
5.93278e-05
5.93275e-05
5.93273e-05
5.9327e-05
5.93268e-05
5.93266e-05
5.93263e-05
5.93261e-05
5.93258e-05
5.93256e-05
5.93253e-05
5.93251e-05
5.93248e-05
5.93246e-05
5.93244e-05
5.93241e-05
5.93239e-05
5.93236e-05
5.93234e-05
5.93231e-05
5.93229e-05
5.93227e-05
5.93224e-05
5.93222e-05
5.93219e-05
5.93217e-05
5.93214e-05
5.93212e-05
5.9321e-05
5.93207e-05
5.93205e-05
5.93202e-05
5.932e-05
5.93197e-05
5.93195e-05
5.93193e-05
5.9319e-05
5.93188e-05
5.93185e-05
5.93183e-05
5.93181e-05
5.93178e-05
5.93176e-05
5.93173e-05
5.93171e-05
5.93169e-05
5.93166e-05
5.93164e-05
5.93161e-05
5.93159e-05
5.93157e-05
5.93154e-05
5.93152e-05
5.93149e-05
5.93147e-05
5.93145e-05
5.93142e-05
5.9314e-05
5.93137e-05
5.93135e-05
5.93133e-05
5.9313e-05
5.93128e-05
5.93125e-05
5.93123e-05
5.93121e-05
5.93118e-05
5.93116e-05
5.93114e-05
5.93111e-05
5.93109e-05
5.93106e-05
5.93104e-05
5.93102e-05
5.93099e-05
5.93097e-05
5.93095e-05
5.93092e-05
5.9309e-05
5.93087e-05
5.93085e-05
5.93083e-05
5.9308e-05
5.93078e-05
5.93076e-05
5.93073e-05
5.93071e-05
5.93069e-05
5.93066e-05
5.93064e-05
5.93061e-05
5.93059e-05
5.93057e-05
5.93054e-05
5.93052e-05
5.9305e-05
5.93047e-05
5.93045e-05
5.93043e-05
5.9304e-05
5.93038e-05
5.93036e-05
5.93033e-05
5.93031e-05
5.93029e-05
5.93026e-05
5.93024e-05
5.93022e-05
5.93019e-05
5.93017e-05
5.93015e-05
5.93012e-05
5.9301e-05
5.93008e-05
5.93005e-05
5.93003e-05
5.93001e-05
5.92998e-05
5.92996e-05
5.92994e-05
5.92991e-05
5.92989e-05
5.92987e-05
5.92984e-05
5.92982e-05
5.9298e-05
5.92977e-05
5.92975e-05
5.92973e-05
5.9297e-05
5.92968e-05
5.92966e-05
5.92964e-05
5.92961e-05
5.92959e-05
5.92957e-05
5.92954e-05
5.92952e-05
5.9295e-05
5.92947e-05
5.92945e-05
5.92943e-05
5.92941e-05
5.92938e-05
5.92936e-05
5.92934e-05
5.92931e-05
5.92929e-05
5.92927e-05
5.92924e-05
5.92922e-05
5.9292e-05
5.92918e-05
5.92915e-05
5.92913e-05
5.92911e-05
5.92908e-05
5.92906e-05
5.92904e-05
5.92902e-05
5.92899e-05
5.92897e-05
5.92895e-05
5.92892e-05
5.9289e-05
5.92888e-05
5.92886e-05
5.92883e-05
5.92881e-05
5.92879e-05
5.92877e-05
5.92874e-05
5.92872e-05
5.9287e-05
5.92867e-05
5.92865e-05
5.92863e-05
5.92861e-05
5.92858e-05
5.92856e-05
5.92854e-05
5.92852e-05
5.92849e-05
5.92847e-05
5.92845e-05
5.92843e-05
5.9284e-05
5.92838e-05
5.92836e-05
5.92834e-05
5.92831e-05
5.92829e-05
5.92827e-05
5.92825e-05
5.92822e-05
5.9282e-05
5.92818e-05
5.92816e-05
5.92813e-05
5.92811e-05
5.92809e-05
5.92807e-05
5.92804e-05
5.92802e-05
5.928e-05
5.92798e-05
5.92795e-05
5.92793e-05
5.92791e-05
5.92789e-05
5.92787e-05
5.92784e-05
5.92782e-05
5.9278e-05
5.92778e-05
5.92775e-05
5.92773e-05
5.92771e-05
5.92769e-05
5.92767e-05
5.92764e-05
5.92762e-05
5.9276e-05
5.92758e-05
5.92755e-05
5.92753e-05
5.92751e-05
5.92749e-05
5.92747e-05
5.92744e-05
5.92742e-05
5.9274e-05
5.92738e-05
5.92736e-05
5.92733e-05
5.92731e-05
5.92729e-05
5.92727e-05
5.92725e-05
5.92722e-05
5.9272e-05
5.92718e-05
5.92716e-05
5.92714e-05
5.92711e-05
5.92709e-05
5.92707e-05
5.92705e-05
5.92703e-05
5.927e-05
5.92698e-05
5.92696e-05
5.92694e-05
5.92692e-05
5.92689e-05
5.92687e-05
5.92685e-05
5.92683e-05
5.92681e-05
5.92678e-05
5.92676e-05
5.92674e-05
5.92672e-05
5.9267e-05
5.92668e-05
5.92665e-05
5.92663e-05
5.92661e-05
5.92659e-05
5.92657e-05
5.92655e-05
5.92652e-05
5.9265e-05
5.92648e-05
5.92646e-05
5.92644e-05
5.92642e-05
5.92639e-05
5.92637e-05
5.92635e-05
5.92633e-05
5.92631e-05
5.92629e-05
5.92626e-05
5.92624e-05
5.92622e-05
5.9262e-05
5.92618e-05
5.92616e-05
5.92613e-05
5.92611e-05
5.92609e-05
5.92607e-05
5.92605e-05
5.92603e-05
5.92601e-05
5.92598e-05
5.92596e-05
5.92594e-05
5.92592e-05
5.9259e-05
5.92588e-05
5.92586e-05
5.92583e-05
5.92581e-05
5.92579e-05
5.92577e-05
5.92575e-05
5.92573e-05
5.92571e-05
5.92568e-05
5.92566e-05
5.92564e-05
5.92562e-05
5.9256e-05
5.92558e-05
5.92556e-05
5.92554e-05
5.92551e-05
5.92549e-05
5.92547e-05
5.92545e-05
5.92543e-05
5.92541e-05
5.92539e-05
5.92537e-05
5.92534e-05
5.92532e-05
5.9253e-05
5.92528e-05
5.92526e-05
5.92524e-05
5.92522e-05
5.9252e-05
5.92517e-05
5.92515e-05
5.92513e-05
5.92511e-05
5.92509e-05
5.92507e-05
5.92505e-05
5.92503e-05
5.92501e-05
5.92499e-05
5.92496e-05
5.92494e-05
5.92492e-05
5.9249e-05
5.92488e-05
5.92486e-05
5.92484e-05
5.92482e-05
5.9248e-05
5.92478e-05
5.92475e-05
5.92473e-05
5.92471e-05
5.92469e-05
5.92467e-05
5.92465e-05
5.92463e-05
5.92461e-05
5.92459e-05
5.92457e-05
5.92455e-05
5.92452e-05
5.9245e-05
5.92448e-05
5.92446e-05
5.92444e-05
5.92442e-05
5.9244e-05
5.92438e-05
5.92436e-05
5.92434e-05
5.92432e-05
5.9243e-05
5.92428e-05
5.92425e-05
5.92423e-05
5.92421e-05
5.92419e-05
5.92417e-05
5.92415e-05
5.92413e-05
5.92411e-05
5.92409e-05
5.92407e-05
5.92405e-05
5.92403e-05
5.92401e-05
5.92399e-05
5.92397e-05
5.92394e-05
5.92392e-05
5.9239e-05
5.92388e-05
5.92386e-05
5.92384e-05
5.92382e-05
5.9238e-05
5.92378e-05
5.92376e-05
5.92374e-05
5.92372e-05
5.9237e-05
5.92368e-05
5.92366e-05
5.92364e-05
5.92362e-05
5.9236e-05
5.92358e-05
5.92356e-05
5.92353e-05
5.92351e-05
5.92349e-05
5.92347e-05
5.92345e-05
5.92343e-05
5.92341e-05
5.92339e-05
5.92337e-05
5.92335e-05
5.92333e-05
5.92331e-05
5.92329e-05
5.92327e-05
5.92325e-05
5.92323e-05
5.92321e-05
5.92319e-05
5.92317e-05
5.92315e-05
5.92313e-05
5.92311e-05
5.92309e-05
5.92307e-05
5.92305e-05
5.92303e-05
5.92301e-05
5.92299e-05
5.92297e-05
5.92295e-05
5.92293e-05
5.92291e-05
5.92289e-05
5.92287e-05
5.92285e-05
5.92283e-05
5.92281e-05
5.92279e-05
5.92277e-05
5.92275e-05
5.92272e-05
5.9227e-05
5.92268e-05
5.92266e-05
5.92264e-05
5.92262e-05
5.9226e-05
5.92258e-05
5.92256e-05
5.92254e-05
5.92252e-05
5.9225e-05
5.92248e-05
5.92246e-05
5.92244e-05
5.92242e-05
5.9224e-05
5.92238e-05
5.92236e-05
5.92235e-05
5.92233e-05
5.92231e-05
5.92229e-05
5.92227e-05
5.92225e-05
5.92223e-05
5.92221e-05
5.92219e-05
5.92217e-05
5.92215e-05
5.92213e-05
5.92211e-05
5.92209e-05
5.92207e-05
5.92205e-05
5.92203e-05
5.92201e-05
5.92199e-05
5.92197e-05
5.92195e-05
5.92193e-05
5.92191e-05
5.92189e-05
5.92187e-05
5.92185e-05
5.92183e-05
5.92181e-05
5.92179e-05
5.92177e-05
5.92175e-05
5.92173e-05
5.92171e-05
5.92169e-05
5.92167e-05
5.92165e-05
5.92163e-05
5.92161e-05
5.92159e-05
5.92157e-05
5.92155e-05
5.92154e-05
5.92152e-05
5.9215e-05
5.92148e-05
5.92146e-05
5.92144e-05
5.92142e-05
5.9214e-05
5.92138e-05
5.92136e-05
5.92134e-05
5.92132e-05
5.9213e-05
5.92128e-05
5.92126e-05
5.92124e-05
5.92122e-05

