5e-05
5e-05
5e-05
5e-05
5e-05
5e-05
5e-05
5e-05
5e-05
5e-05
5e-05
5e-05
5e-05
5e-05
5e-05
5e-05
5e-05
5e-05
5e-05
5e-05
5e-05
5e-05
5e-05
5e-05
5e-05
5e-05
5e-05
5e-05
5e-05
5e-05
5e-05
5e-05
5e-05
5e-05
5e-05
5e-05
5e-05
5e-05
5e-05
5e-05
5e-05
5e-05
5e-05
5e-05
5e-05
5e-05
5e-05
5e-05
5e-05
5e-05
5e-05
5e-05
5e-05
5e-05
5e-05
5e-05
5e-05
5e-05
5e-05
5e-05
5e-05
5e-05
5e-05
5e-05
5e-05
5e-05
5e-05
5e-05
5e-05
5e-05
5e-05
5e-05
5e-05
5e-05
5e-05
5e-05
5e-05
5e-05
5e-05
5e-05
5e-05
5e-05
5e-05
5e-05
5e-05
5e-05
5e-05
5e-05
5e-05
5e-05
5e-05
5e-05
5e-05
5e-05
5e-05
5e-05
5e-05
5e-05
5e-05
5e-05
5e-05
5e-05
5e-05
5e-05
5e-05
5e-05
5e-05
5e-05
5e-05
5e-05
5e-05
5e-05
5e-05
5e-05
5e-05
5e-05
5e-05
5e-05
5e-05
5e-05
5e-05
5e-05
5e-05
5e-05
5e-05
5e-05
5e-05
5e-05
5e-05
5e-05
5e-05
5e-05
5e-05
5e-05
5e-05
5e-05
5e-05
5e-05
5e-05
5e-05
5e-05
5e-05
5e-05
5e-05
5e-05
5e-05
5e-05
5e-05
5e-05
5e-05
5e-05
5e-05
5e-05
5e-05
5e-05
5e-05
5e-05
5e-05
5e-05
5e-05
5e-05
5e-05
5e-05
5e-05
5e-05
5e-05
5e-05
5e-05
5e-05
5e-05
5e-05
5e-05
5e-05
5e-05
5e-05
5e-05
5e-05
5e-05
5e-05
5e-05
5e-05
5e-05
5e-05
5e-05
5e-05
5e-05
5e-05
5e-05
5e-05
5e-05
5e-05
5e-05
5e-05
5e-05
5e-05
5e-05
5e-05
5e-05
5e-05
5e-05
5e-05
5e-05
5e-05
5e-05
5e-05
5e-05
5e-05
5e-05
5e-05
5e-05
5e-05
5e-05
5e-05
5e-05
5e-05
5e-05
5e-05
5e-05
5e-05
5e-05
5e-05
5e-05
5e-05
5e-05
5e-05
5e-05
5e-05
5e-05
5e-05
5e-05
5e-05
5e-05
5e-05
5e-05
5e-05
5e-05
5e-05
5e-05
5e-05
5e-05
5e-05
5e-05
5e-05
5e-05
5e-05
5e-05
5e-05
5e-05
5e-05
5e-05
5e-05
5e-05
5e-05
5e-05
5e-05
5e-05
5e-05
5e-05
5e-05
5e-05
5e-05
5e-05
5e-05
5e-05
5e-05
5e-05
5e-05
5e-05
5e-05
5e-05
5e-05
5e-05
5e-05
5e-05
5e-05
5e-05
5e-05
5e-05
5e-05
5e-05
5e-05
5e-05
5e-05
5e-05
5e-05
5e-05
5e-05
5e-05
5e-05
5e-05
5e-05
5e-05
5e-05
5e-05
5e-05
5e-05
5e-05
5e-05
5e-05
5e-05
5e-05
5e-05
5e-05
5e-05
5e-05
5e-05
5e-05
5e-05
5e-05
5e-05
5e-05
5e-05
5e-05
5e-05
5e-05
5e-05
5e-05
5e-05
5e-05
5e-05
5e-05
5e-05
5e-05
5e-05
5e-05
5e-05
5e-05
5e-05
5e-05
5e-05
5e-05
5e-05
5e-05
5e-05
5e-05
5e-05
5e-05
5e-05
5e-05
5e-05
5e-05
5e-05
5e-05
5e-05
5e-05
5e-05
5e-05
5e-05
5e-05
5e-05
5e-05
5e-05
5e-05
5e-05
5e-05
5e-05
5e-05
5e-05
5e-05
5e-05
5e-05
5e-05
5e-05
5e-05
5e-05
5e-05
5e-05
5e-05
5e-05
5e-05
5e-05
5e-05
5e-05
5e-05
5e-05
5e-05
5e-05
5e-05
5e-05
5e-05
5e-05
5e-05
5e-05
5e-05
5e-05
5e-05
5e-05
5e-05
5e-05
5e-05
5e-05
5e-05
5e-05
5e-05
5e-05
5e-05
5e-05
5e-05
5e-05
5e-05
5e-05
5e-05
5e-05
5e-05
5e-05
5e-05
5e-05
5e-05
5e-05
5e-05
5e-05
5e-05
5e-05
5e-05
5e-05
5e-05
5e-05
5e-05
5e-05
5e-05
5e-05
5e-05
5e-05
5e-05
5e-05
5e-05
5e-05
5e-05
5e-05
5e-05
5e-05
5e-05
5e-05
5e-05
5e-05
5e-05
5e-05
5e-05
5e-05
5e-05
5e-05
5e-05
5e-05
5e-05
5e-05
5e-05
5e-05
5e-05
5e-05
5e-05
5e-05
5e-05
5e-05
5e-05
5e-05
5e-05
5e-05
5e-05
5e-05
5e-05
5e-05
5e-05
5e-05
5e-05
5e-05
5e-05
5e-05
5e-05
5e-05
5e-05
5e-05
5e-05
5e-05
5e-05
5e-05
5e-05
5e-05
5e-05
5e-05
5e-05
5e-05
5e-05
5e-05
5e-05
5e-05
5e-05
5e-05
5e-05
5e-05
5e-05
5e-05
5e-05
5e-05
5e-05
5e-05
5e-05
5e-05
5e-05
5e-05
5e-05
5e-05
5e-05
5e-05
5e-05
5e-05
5e-05
5e-05
5e-05
5e-05
5e-05
5e-05
5e-05
5e-05
5e-05
5e-05
5e-05
5e-05
5e-05
5e-05
5e-05
5e-05
5e-05
5e-05
5e-05
5e-05
5e-05
5e-05
5e-05
5e-05
5e-05
5e-05
5e-05
5e-05
5e-05
5e-05
5e-05
5e-05
5e-05
5e-05
5e-05
5e-05
5e-05
5e-05
5e-05
5e-05
5e-05
5e-05
5e-05
5e-05
5e-05
5e-05
5e-05
5e-05
5e-05
5e-05
5e-05
5e-05
5e-05
5e-05
5e-05
5e-05
5e-05
5e-05
5e-05
5e-05
5e-05
5e-05
5e-05
5e-05
5e-05
5e-05
5e-05
5e-05
5e-05
5e-05
5e-05
5e-05
5e-05
5e-05
5e-05
5e-05
5e-05
5e-05
5e-05
5e-05
5e-05
5e-05
5e-05
5e-05
5e-05
5e-05
5e-05
5e-05
5e-05
5e-05
5e-05
5e-05
5e-05
5e-05
5e-05
5e-05
5e-05
5e-05
5e-05
5e-05
5e-05
5e-05
5e-05
5e-05
5e-05
5e-05
5e-05
5e-05
5e-05
5e-05
5e-05
5e-05
5e-05
5e-05
5e-05
5e-05
5e-05
5e-05
5e-05
5e-05
5e-05
5e-05
5e-05
5e-05
5e-05
5e-05
5e-05
5e-05
5e-05
5e-05
5e-05
5e-05
5e-05
5e-05
5e-05
5e-05
5e-05
5e-05
5e-05
5e-05
5e-05
5e-05
5e-05
5e-05
5e-05
5e-05
5e-05
5e-05
5e-05
5e-05
5e-05
5e-05
5e-05
5e-05
5e-05
5e-05
5e-05
5e-05
5e-05
5e-05
5e-05
5e-05
5e-05
5e-05
5e-05
5e-05
5e-05
5e-05
5e-05
5e-05
5e-05
5e-05
5e-05
5e-05
5e-05
5e-05
5e-05
5e-05
5e-05
5e-05
5e-05
5e-05
5e-05
5e-05
5e-05
5e-05
5e-05
5e-05
5e-05
5e-05
5e-05
5e-05
5e-05
5e-05
5e-05
5e-05
5e-05
5e-05
5e-05
5e-05
5e-05
5e-05
5e-05
5e-05
5e-05
5e-05
5e-05
5e-05
5e-05
5e-05
5e-05
5e-05
5e-05
5e-05
5e-05
5e-05
5e-05
5e-05
5e-05
5e-05
5e-05
5e-05
5e-05
5e-05
5e-05
5e-05
5e-05
5e-05
5e-05
5e-05
5e-05
5e-05
5e-05
5e-05
5e-05
5e-05
5e-05
5e-05
5e-05
5e-05
5e-05
5e-05
5e-05
5e-05
5e-05
5e-05
5e-05
5e-05
5e-05
5e-05
5e-05
5e-05
5e-05
5e-05
5e-05
5e-05
5e-05
5e-05
5e-05
5e-05
5e-05
5e-05
5e-05
5e-05
5e-05
5e-05
5e-05
5e-05
5e-05
5e-05
5e-05
5e-05
5e-05
5e-05
5e-05
5e-05
5e-05
5e-05
5e-05
5e-05
5e-05
5e-05
5e-05
5e-05
5e-05
5e-05
5e-05
5e-05
5e-05
5e-05
5e-05
5e-05
5e-05
5e-05
5e-05
5e-05
7.85282e-05
0.00010302
0.000124096
0.000142282
0.000158017
0.000171673
0.000183564
0.000193953
0.000203063
0.00021108
0.000218164
0.000224448
0.000230046
0.000235053
0.00023955
0.000243607
0.000247281
0.000250623
0.000253674
0.000256472
0.000259047
0.000261425
0.000263629
0.00026568
0.000267593
0.000269384
0.000271065
0.000272647
0.000274139
0.000275551
0.00027689
0.000278162
0.000279372
0.000280527
0.00028163
0.000282686
0.000283698
0.00028467
0.000285605
0.000286504
0.000287372
0.000288209
0.000289018
0.000289801
0.000290559
0.000291294
0.000292008
0.000292701
0.000293376
0.000294033
0.000294673
0.000295297
0.000295906
0.000296502
0.000297084
0.000297654
0.000298212
0.000298759
0.000299295
0.000299822
0.00030034
0.000300848
0.000301349
0.000301841
0.000302327
0.000302805
0.000303276
0.000303742
0.000304201
0.000304655
0.000305103
0.000305547
0.000305986
0.00030642
0.00030685
0.000307276
0.000307698
0.000308117
0.000308532
0.000308944
0.00028071
0.000256424
0.000235487
0.000217398
0.000201731
0.000188127
0.000176283
0.000165942
0.000156887
0.000148934
0.000141925
0.00013573
0.000130234
0.000125344
0.000120976
0.000117062
0.000113543
0.000110368
0.000107493
0.000104883
0.000102504
0.000100331
9.83386e-05
9.65075e-05
9.48198e-05
9.32606e-05
9.18165e-05
9.0476e-05
8.92291e-05
8.8067e-05
8.6982e-05
8.59672e-05
8.50167e-05
8.4125e-05
8.32874e-05
8.24998e-05
8.17581e-05
8.10592e-05
8.03998e-05
7.97772e-05
7.91888e-05
7.86324e-05
7.81058e-05
7.76072e-05
7.71347e-05
7.66867e-05
7.62618e-05
7.58586e-05
7.54757e-05
7.5112e-05
7.47664e-05
7.44379e-05
7.41254e-05
7.38281e-05
7.35452e-05
7.32758e-05
7.30193e-05
7.27749e-05
7.25419e-05
7.23199e-05
7.21081e-05
7.19061e-05
7.17134e-05
7.15294e-05
7.13537e-05
7.11858e-05
7.10255e-05
7.08722e-05
7.07257e-05
7.05856e-05
7.04515e-05
7.03232e-05
7.02003e-05
7.00826e-05
6.99699e-05
6.98619e-05
6.97583e-05
6.96589e-05
6.95636e-05
6.94721e-05
6.93842e-05
6.92998e-05
6.92187e-05
6.91407e-05
6.90657e-05
6.89936e-05
6.89241e-05
6.88572e-05
6.87928e-05
6.87307e-05
6.86708e-05
6.8613e-05
6.85573e-05
6.85034e-05
6.84514e-05
6.84012e-05
6.83526e-05
6.83056e-05
6.82601e-05
6.82161e-05
6.81735e-05
6.81321e-05
6.80921e-05
6.80532e-05
6.80155e-05
6.79789e-05
6.79433e-05
6.79087e-05
6.78751e-05
6.78424e-05
6.78106e-05
6.77797e-05
6.77495e-05
6.77201e-05
6.76915e-05
6.76636e-05
6.76363e-05
6.76097e-05
6.75837e-05
6.75584e-05
6.75336e-05
6.75093e-05
6.74856e-05
6.74624e-05
6.74397e-05
6.74174e-05
6.73956e-05
6.73743e-05
6.73534e-05
6.73328e-05
6.73127e-05
6.7293e-05
6.72736e-05
6.72545e-05
6.72358e-05
6.72175e-05
6.71994e-05
6.71816e-05
6.71642e-05
6.7147e-05
6.71301e-05
6.71135e-05
6.70971e-05
6.7081e-05
6.70651e-05
6.70495e-05
6.70341e-05
6.70189e-05
6.70039e-05
6.69892e-05
6.69746e-05
6.69602e-05
6.69461e-05
6.69321e-05
6.69183e-05
6.69047e-05
6.68913e-05
6.6878e-05
6.68649e-05
6.68519e-05
6.68391e-05
6.68265e-05
6.6814e-05
6.68017e-05
6.67895e-05
6.67774e-05
6.67655e-05
6.67537e-05
6.67421e-05
6.67305e-05
6.67191e-05
6.67079e-05
6.66967e-05
6.66857e-05
6.66748e-05
6.6664e-05
6.66533e-05
6.66427e-05
6.66322e-05
6.66218e-05
6.66116e-05
6.66014e-05
6.65914e-05
6.65814e-05
6.65716e-05
6.65618e-05
6.65521e-05
6.65426e-05
6.65331e-05
6.65237e-05
6.65144e-05
6.65052e-05
6.64961e-05
6.6487e-05
6.64781e-05
6.64692e-05
6.64604e-05
6.64517e-05
6.64431e-05
6.64345e-05
6.64261e-05
6.64177e-05
6.64093e-05
6.64011e-05
6.63929e-05
6.63848e-05
6.63768e-05
6.63689e-05
6.6361e-05
6.63532e-05
6.63454e-05
6.63378e-05
6.63302e-05
6.63226e-05
6.63152e-05
6.63077e-05
6.63004e-05
6.62931e-05
6.62859e-05
6.62788e-05
6.62717e-05
6.62646e-05
6.62577e-05
6.62508e-05
6.62439e-05
6.62371e-05
6.62304e-05
6.62237e-05
6.62171e-05
6.62105e-05
6.6204e-05
6.61976e-05
6.61912e-05
6.61848e-05
6.61785e-05
6.61723e-05
6.61661e-05
6.616e-05
6.61539e-05
6.61479e-05
6.61419e-05
6.6136e-05
6.61301e-05
6.61243e-05
6.61185e-05
6.61127e-05
6.61071e-05
6.61014e-05
6.60958e-05
6.60903e-05
6.60848e-05
6.60793e-05
6.60739e-05
6.60686e-05
6.60632e-05
6.6058e-05
6.60527e-05
6.60475e-05
6.60424e-05
6.60373e-05
6.60322e-05
6.60272e-05
6.60222e-05
6.60173e-05
6.60124e-05
6.60075e-05
6.60027e-05
6.59979e-05
6.59932e-05
6.59885e-05
6.59838e-05
6.59792e-05
6.59746e-05
6.59701e-05
6.59656e-05
6.59611e-05
6.59567e-05
6.59523e-05
6.59479e-05
6.59436e-05
6.59393e-05
6.5935e-05
6.59308e-05
6.59266e-05
6.59224e-05
6.59183e-05
6.59142e-05
6.59101e-05
6.59061e-05
6.59021e-05
6.58981e-05
6.58942e-05
6.58903e-05
6.58865e-05
6.58826e-05
6.58788e-05
6.5875e-05
6.58713e-05
6.58676e-05
6.58639e-05
6.58602e-05
6.58566e-05
6.5853e-05
6.58494e-05
6.58459e-05
6.58424e-05
6.58389e-05
6.58354e-05
6.5832e-05
6.58286e-05
6.58252e-05
6.58219e-05
6.58186e-05
6.58153e-05
6.5812e-05
6.58087e-05
6.58055e-05
6.58023e-05
6.57992e-05
6.5796e-05
6.57929e-05
6.57898e-05
6.57867e-05
6.57837e-05
6.57807e-05
6.57777e-05
6.57747e-05
6.57717e-05
6.57688e-05
6.57659e-05
6.5763e-05
6.57602e-05
6.57573e-05
6.57545e-05
6.57517e-05
6.5749e-05
6.57462e-05
6.57435e-05
6.57408e-05
6.57381e-05
6.57354e-05
6.57328e-05
6.57301e-05
6.57275e-05
6.57249e-05
6.57224e-05
6.57198e-05
6.57173e-05
6.57148e-05
6.57123e-05
6.57099e-05
6.57074e-05
6.5705e-05
6.57026e-05
6.57002e-05
6.56978e-05
6.56954e-05
6.56931e-05
6.56908e-05
6.56885e-05
6.56862e-05
6.56839e-05
6.56817e-05
6.56794e-05
6.56772e-05
6.5675e-05
6.56728e-05
6.56707e-05
6.56685e-05
6.56664e-05
6.56643e-05
6.56622e-05
6.56601e-05
6.5658e-05
6.5656e-05
6.56539e-05
6.56519e-05
6.56499e-05
6.56479e-05
6.56459e-05
6.56439e-05
6.5642e-05
6.56401e-05
6.56381e-05
6.56362e-05
6.56343e-05
6.56324e-05
6.56306e-05
6.56287e-05
6.56269e-05
6.56251e-05
6.56233e-05
6.56215e-05
6.56197e-05
6.56179e-05
6.56161e-05
6.56144e-05
6.56127e-05
6.5611e-05
6.56092e-05
6.56075e-05
6.56059e-05
6.56042e-05
6.56025e-05
6.56009e-05
6.55993e-05
6.55976e-05
6.5596e-05
6.55944e-05
6.55928e-05
6.55913e-05
6.55897e-05
6.55881e-05
6.55866e-05
6.55851e-05
6.55835e-05
6.5582e-05
6.55805e-05
6.5579e-05
6.55776e-05
6.55761e-05
6.55746e-05
6.55732e-05
6.55718e-05
6.55703e-05
6.55689e-05
6.55675e-05
6.55661e-05
6.55647e-05
6.55634e-05
6.5562e-05
6.55606e-05
6.55593e-05
6.55579e-05
6.55566e-05
6.55553e-05
6.5554e-05
6.55527e-05
6.55514e-05
6.55501e-05
6.55488e-05
6.55476e-05
6.55463e-05
6.5545e-05
6.55438e-05
6.55426e-05
6.55413e-05
6.55401e-05
6.55389e-05
6.55377e-05
6.55365e-05
6.55353e-05
6.55342e-05
6.5533e-05
6.55318e-05
6.55307e-05
6.55296e-05
6.55284e-05
6.55273e-05
6.55262e-05
6.5525e-05
6.55239e-05
6.55228e-05
6.55217e-05
6.55207e-05
6.55196e-05
6.55185e-05
6.55175e-05
6.55164e-05
6.55153e-05
6.55143e-05
6.55133e-05
6.55122e-05
6.55112e-05
6.55102e-05
6.55092e-05
6.55082e-05
6.55072e-05
6.55062e-05
6.55052e-05
6.55042e-05
6.55033e-05
6.55023e-05
6.55013e-05
6.55004e-05
6.54994e-05
6.54985e-05
6.54976e-05
6.54966e-05
6.54957e-05
6.54948e-05
6.54939e-05
6.5493e-05
6.54921e-05
6.54912e-05
6.54903e-05
6.54894e-05
6.54885e-05
6.54876e-05
6.54868e-05
6.54859e-05
6.54851e-05
6.54842e-05
6.54834e-05
6.54825e-05
6.54817e-05
6.54808e-05
6.548e-05
6.54792e-05
6.54784e-05
6.54776e-05
6.54768e-05
6.5476e-05
6.54752e-05
6.54744e-05
6.54736e-05
6.54728e-05
6.5472e-05
6.54712e-05
6.54705e-05
6.54697e-05
6.54689e-05
6.54682e-05
6.54674e-05
6.54667e-05
6.54659e-05
6.54652e-05
6.54645e-05
6.54637e-05
6.5463e-05
6.54623e-05
6.54615e-05
6.54608e-05
6.54601e-05
6.54594e-05
6.54587e-05
6.5458e-05
6.54573e-05
6.54566e-05
6.54559e-05
6.54552e-05
6.54546e-05
6.54539e-05
6.54532e-05
6.54525e-05
6.54519e-05
6.54512e-05
6.54506e-05
6.54499e-05
6.54492e-05
6.54486e-05
6.5448e-05
6.54473e-05
6.54467e-05
6.5446e-05
6.54454e-05
6.54448e-05
6.54442e-05
6.54435e-05
6.54429e-05
6.54423e-05
6.54417e-05
6.54411e-05
6.54405e-05
6.54399e-05
6.54393e-05
6.54387e-05
6.54381e-05
6.54375e-05
6.54369e-05
6.54363e-05
6.54357e-05
6.54351e-05
6.54346e-05
6.5434e-05
6.54334e-05
6.54329e-05
6.54323e-05
6.54317e-05
6.54312e-05
6.54306e-05
6.543e-05
6.54295e-05
6.54289e-05
6.54284e-05
6.54279e-05
6.54273e-05
6.54268e-05
6.54262e-05
6.54257e-05
6.54252e-05
6.54246e-05
6.54241e-05
6.54236e-05
6.54231e-05
6.54225e-05
6.5422e-05
6.54215e-05
6.5421e-05
6.54205e-05
6.542e-05
6.54195e-05
6.5419e-05
6.54185e-05
6.5418e-05
6.54175e-05
6.5417e-05
6.54165e-05
6.5416e-05
6.54155e-05
6.5415e-05
6.54145e-05
6.5414e-05
6.54136e-05
6.54131e-05
6.54126e-05
6.54121e-05
6.54117e-05
6.54112e-05
6.54107e-05
6.54102e-05
6.54098e-05
6.54093e-05
6.54089e-05
6.54084e-05
6.54079e-05
6.54075e-05
6.5407e-05
6.54066e-05
6.54061e-05
6.54057e-05
6.54052e-05
6.54048e-05
6.54043e-05
6.54039e-05
6.54034e-05
6.5403e-05
6.54026e-05
6.54021e-05
6.54017e-05
6.54013e-05
6.54008e-05
6.54004e-05
6.54e-05
6.53996e-05
6.53991e-05
6.53987e-05
6.53983e-05
6.53979e-05
6.53974e-05
6.5397e-05
6.53966e-05
6.53962e-05
6.53958e-05
6.53954e-05
6.5395e-05
6.53946e-05
6.53941e-05
6.53937e-05
6.53933e-05
6.53929e-05
6.53925e-05
6.53921e-05
6.53917e-05
6.53913e-05
6.53909e-05
6.53905e-05
6.53901e-05
6.53898e-05
6.53894e-05
6.5389e-05
6.53886e-05
6.53882e-05
6.53878e-05
6.53874e-05
6.5387e-05
6.53867e-05
6.53863e-05
6.53859e-05
6.53855e-05
6.53851e-05
6.53848e-05
6.53844e-05
6.5384e-05
6.53836e-05
6.53833e-05
6.53829e-05
6.53825e-05
6.53821e-05
6.53818e-05
6.53814e-05
6.5381e-05
6.53807e-05
6.53803e-05
6.53799e-05
6.53796e-05
6.53792e-05
6.53789e-05
6.53785e-05
6.53781e-05
6.53778e-05
6.53774e-05
6.53771e-05
6.53767e-05
6.53764e-05
6.5376e-05
6.53757e-05
6.53753e-05
6.5375e-05
6.53746e-05
6.53743e-05
6.53739e-05
6.53736e-05
6.53732e-05
6.53729e-05
6.53725e-05
6.53722e-05
6.53718e-05
6.53715e-05
6.53712e-05
6.53708e-05
6.53705e-05
6.53701e-05
6.53698e-05
6.53695e-05
6.53691e-05
6.53688e-05
6.53685e-05
6.53681e-05
6.53678e-05
6.53675e-05
6.53671e-05
6.53668e-05
6.53665e-05
6.53661e-05
6.53658e-05
6.53655e-05
6.53652e-05
6.53648e-05
6.53645e-05
6.53642e-05
6.53639e-05
6.53635e-05
6.53632e-05
6.53629e-05
6.53626e-05
6.53622e-05
6.53619e-05
6.53616e-05
6.53613e-05
6.5361e-05
6.53607e-05
6.53603e-05
6.536e-05
6.53597e-05
6.53594e-05
6.53591e-05
6.53588e-05
6.53584e-05
6.53581e-05
6.53578e-05
6.53575e-05
6.53572e-05
6.53569e-05
6.53566e-05
6.53563e-05
6.5356e-05
6.53556e-05
6.53553e-05
6.5355e-05
6.53547e-05
6.53544e-05
6.53541e-05
6.53538e-05
6.53535e-05
6.53532e-05
6.53529e-05
6.53526e-05
6.53523e-05
6.5352e-05
6.53517e-05
6.53514e-05
6.53511e-05
6.53508e-05
6.53505e-05
6.53502e-05
6.53499e-05
6.53496e-05
6.53493e-05
6.5349e-05
6.53487e-05
6.53484e-05
6.53481e-05
6.53478e-05
6.53475e-05
6.53472e-05
6.53469e-05
6.53466e-05
6.53463e-05
6.5346e-05
6.53457e-05
6.53455e-05
6.53452e-05
6.53449e-05
6.53446e-05
6.53443e-05
6.5344e-05
6.53437e-05
6.53434e-05
6.53431e-05
6.53428e-05
6.53426e-05
6.53423e-05
6.5342e-05
6.53417e-05
6.53414e-05
6.53411e-05
6.53408e-05
6.53405e-05
6.53403e-05
6.534e-05
6.53397e-05
6.53394e-05
6.53391e-05
6.53388e-05
6.53385e-05
6.53383e-05
6.5338e-05
6.53377e-05
6.53374e-05
6.53371e-05
6.53369e-05
6.53366e-05
6.53363e-05
6.5336e-05
6.53357e-05
6.53355e-05
6.53352e-05
6.53349e-05
6.53346e-05
6.53343e-05
6.53341e-05
6.53338e-05
6.53335e-05
6.53332e-05
6.53329e-05
6.53327e-05
6.53324e-05
6.53321e-05
6.53318e-05
6.53316e-05
6.53313e-05
6.5331e-05
6.53307e-05
6.53305e-05
6.53302e-05
6.53299e-05
6.53296e-05
6.53294e-05
6.53291e-05
6.53288e-05
6.53285e-05
6.53283e-05
6.5328e-05
6.53277e-05
6.53275e-05
6.53272e-05
6.53269e-05
6.53266e-05
6.53264e-05
6.53261e-05
6.53258e-05
6.53256e-05
6.53253e-05
6.5325e-05
6.53247e-05
6.53245e-05
6.53242e-05
6.53239e-05
6.53237e-05
6.53234e-05
6.53231e-05
6.53229e-05
6.53226e-05
6.53223e-05
6.53221e-05
6.53218e-05
6.53215e-05
6.53213e-05
6.5321e-05
6.53207e-05
6.53205e-05
6.53202e-05
6.53199e-05
6.53197e-05
6.53194e-05
6.53191e-05
6.53189e-05
6.53186e-05
6.53183e-05
6.53181e-05
6.53178e-05
6.53175e-05
6.53173e-05
6.5317e-05
6.53167e-05
6.53165e-05
6.53162e-05
6.53159e-05
6.53157e-05
6.53154e-05
6.53152e-05
6.53149e-05
6.53146e-05
6.53144e-05
6.53141e-05
6.53138e-05
6.53136e-05
6.53133e-05
6.53131e-05
6.53128e-05
6.53125e-05
6.53123e-05
6.5312e-05
6.53117e-05
6.53115e-05
6.53112e-05
6.5311e-05
6.53107e-05
6.53104e-05
6.53102e-05
6.53099e-05
6.53097e-05
6.53094e-05
6.53091e-05
6.53089e-05
6.53086e-05
6.53084e-05
6.53081e-05
6.53078e-05
6.53076e-05
6.53073e-05
6.53071e-05
6.53068e-05
6.53066e-05
6.53063e-05
6.5306e-05
6.53058e-05
6.53055e-05
6.53053e-05
6.5305e-05
6.53047e-05
6.53045e-05
6.53042e-05
6.5304e-05
6.53037e-05
6.53035e-05
6.53032e-05
6.53029e-05
6.53027e-05
6.53024e-05
6.53022e-05
6.53019e-05
6.53017e-05
6.53014e-05
6.53012e-05
6.53009e-05
6.53006e-05
6.53004e-05
6.53001e-05
6.52999e-05
6.52996e-05
6.52994e-05
6.52991e-05
6.52989e-05
6.52986e-05
6.52983e-05
6.52981e-05
6.52978e-05
6.52976e-05
6.52973e-05
6.52971e-05
6.52968e-05
6.52966e-05
6.52963e-05
6.52961e-05
6.52958e-05
6.52955e-05
6.52953e-05
6.5295e-05
6.52948e-05
6.52945e-05
6.52943e-05
6.5294e-05
6.52938e-05
6.52935e-05
6.52933e-05
6.5293e-05
6.52928e-05
6.52925e-05
6.52923e-05
6.5292e-05
6.52917e-05
6.52915e-05
6.52912e-05
6.5291e-05
6.52907e-05
6.52905e-05
6.52902e-05
6.529e-05
6.52897e-05
6.52895e-05
6.52892e-05
6.5289e-05
6.52887e-05
6.52885e-05
6.52882e-05
6.5288e-05
6.52877e-05
6.52875e-05
6.52872e-05
6.5287e-05
6.52867e-05
6.52865e-05
6.52862e-05
6.5286e-05
6.52857e-05
6.52855e-05
6.52852e-05
6.5285e-05
6.52847e-05
6.52844e-05
6.52842e-05
6.52839e-05
6.52837e-05
6.52834e-05
6.52832e-05
6.52829e-05
6.52827e-05
6.52824e-05
6.52822e-05
6.52819e-05
6.52817e-05
6.52814e-05
6.52812e-05
6.52809e-05
6.52807e-05
6.52804e-05
6.52802e-05
6.52799e-05
6.52797e-05
6.52794e-05
6.52792e-05
6.52789e-05
6.52787e-05
6.52784e-05
6.52782e-05
6.5278e-05
6.52777e-05
6.52775e-05
6.52772e-05
6.5277e-05
6.52767e-05
6.52765e-05
6.52762e-05
6.5276e-05
6.52757e-05
6.52755e-05
6.52752e-05
6.5275e-05
6.52747e-05
6.52745e-05
6.52742e-05
6.5274e-05
6.52737e-05
6.52735e-05
6.52732e-05
6.5273e-05
6.52727e-05
6.52725e-05
6.52722e-05
6.5272e-05
6.52717e-05
6.52715e-05
6.52712e-05
6.5271e-05
6.52707e-05
6.52705e-05
6.52702e-05
6.527e-05
6.52698e-05
6.52695e-05
6.52693e-05
6.5269e-05
6.52688e-05
6.52685e-05
6.52683e-05
6.5268e-05
6.52678e-05
6.52675e-05
6.52673e-05
6.5267e-05
6.52668e-05
6.52665e-05
6.52663e-05
6.5266e-05
6.52658e-05
6.52655e-05
6.52653e-05
6.5265e-05
6.52648e-05
6.52646e-05
6.52643e-05
6.52641e-05
6.52638e-05
6.52636e-05
6.52633e-05
6.52631e-05
6.52628e-05
6.52626e-05
6.52623e-05
6.52621e-05
6.52618e-05
6.52616e-05
6.52613e-05
6.52611e-05
6.52609e-05
6.52606e-05
6.52604e-05
6.52601e-05
6.52599e-05
6.52596e-05
6.52594e-05
6.52591e-05
6.52589e-05
6.52586e-05
6.52584e-05
6.52581e-05
6.52579e-05
6.52576e-05
6.52574e-05
6.52572e-05
6.52569e-05
6.52567e-05
6.52564e-05
6.52562e-05
6.52559e-05
6.52557e-05
6.52554e-05
6.52552e-05
6.52549e-05
6.52547e-05
6.52545e-05
6.52542e-05
6.5254e-05
6.52537e-05
6.52535e-05
6.52532e-05
6.5253e-05
6.52527e-05
6.52525e-05
6.52522e-05
6.5252e-05
6.52517e-05
6.52515e-05
6.52513e-05
6.5251e-05
6.52508e-05
6.52505e-05
6.52503e-05
6.525e-05
6.52498e-05
6.52495e-05
6.52493e-05
6.5249e-05
6.52488e-05
6.52486e-05
6.52483e-05
6.52481e-05
6.52478e-05
6.52476e-05
6.52473e-05
6.52471e-05
6.52468e-05
6.52466e-05
6.52463e-05
6.52461e-05
6.52459e-05
6.52456e-05
6.52454e-05
6.52451e-05
6.52449e-05
6.52446e-05
6.52444e-05
6.52441e-05
6.52439e-05
6.52437e-05
6.52434e-05
6.52432e-05
6.52429e-05
6.52427e-05
6.52424e-05
6.52422e-05
6.52419e-05
6.52417e-05
6.52414e-05
6.52412e-05
6.5241e-05
6.52407e-05
6.52405e-05
6.52402e-05
6.524e-05
6.52397e-05
6.52395e-05
6.52392e-05
6.5239e-05
6.52388e-05
6.52385e-05
6.52383e-05
6.5238e-05
6.52378e-05
6.52375e-05
6.52373e-05
6.5237e-05
6.52368e-05
6.52366e-05
6.52363e-05
6.52361e-05
6.52358e-05
6.52356e-05
6.52353e-05
6.52351e-05
6.52348e-05
6.52346e-05
6.52344e-05
6.52341e-05
6.52339e-05
6.52336e-05
6.52334e-05
6.52331e-05
6.52329e-05
6.52326e-05
6.52324e-05
6.52322e-05
6.52319e-05
6.52317e-05
6.52314e-05
6.52312e-05
6.52309e-05
6.52307e-05
6.52304e-05
6.52302e-05
6.523e-05
6.52297e-05
6.52295e-05
6.52292e-05
6.5229e-05
6.52287e-05
6.52285e-05
6.52283e-05
6.5228e-05
6.52278e-05
6.52275e-05
6.52273e-05
6.5227e-05
6.52268e-05
6.52265e-05
6.52263e-05
6.52261e-05
6.52258e-05
6.52256e-05
6.52253e-05
6.52251e-05
6.52248e-05
6.52246e-05
6.52244e-05
6.52241e-05
6.52239e-05
6.52236e-05
6.52234e-05
6.52231e-05
6.52229e-05
6.52226e-05
6.52224e-05
6.52222e-05
6.52219e-05
6.52217e-05
6.52214e-05
6.52212e-05
6.52209e-05
6.52207e-05
6.52205e-05
6.52202e-05
6.522e-05
6.52197e-05
6.52195e-05
6.52192e-05
6.5219e-05
6.52187e-05
6.52185e-05
6.52183e-05
6.5218e-05
6.52178e-05
6.52175e-05
6.52173e-05
6.5217e-05
6.52168e-05
6.52166e-05
6.52163e-05
6.52161e-05
6.52158e-05
6.52156e-05
6.52153e-05
6.52151e-05
6.52149e-05
6.52146e-05
6.52144e-05
6.52141e-05
6.52139e-05
6.52136e-05
6.52134e-05
6.52131e-05
6.52129e-05
6.52127e-05
6.52124e-05
6.52122e-05
6.52119e-05
6.52117e-05
6.52114e-05
6.52112e-05
6.5211e-05
6.52107e-05
6.52105e-05
6.52102e-05
6.521e-05
6.52097e-05
6.52095e-05
6.52093e-05
6.5209e-05
6.52088e-05
6.52085e-05
6.52083e-05
6.5208e-05
6.52078e-05
6.52076e-05
6.52073e-05
6.52071e-05
6.52068e-05
6.52066e-05
6.52063e-05
6.52061e-05
6.52059e-05
6.52056e-05
6.52054e-05
6.52051e-05
6.52049e-05
6.52046e-05
6.52044e-05
6.52041e-05
6.52039e-05
6.52037e-05
6.52034e-05
6.52032e-05
6.52029e-05
6.52027e-05
6.52024e-05
6.52022e-05
6.5202e-05
6.52017e-05
6.52015e-05
6.52012e-05
6.5201e-05
6.52007e-05
6.52005e-05
6.52003e-05
6.52e-05
6.51998e-05
6.51995e-05
6.51993e-05
6.5199e-05
6.51988e-05
6.51986e-05
6.51983e-05
6.51981e-05
6.51978e-05
6.51976e-05
6.51973e-05
6.51971e-05
6.51969e-05
6.51966e-05
6.51964e-05
6.51961e-05
6.51959e-05
6.51956e-05
6.51954e-05
6.51952e-05
6.51949e-05
6.51947e-05
6.51944e-05
6.51942e-05
6.51939e-05
6.51937e-05
6.51935e-05
6.51932e-05
6.5193e-05
6.51927e-05
6.51925e-05
6.51922e-05
6.5192e-05
6.51918e-05
6.51915e-05
6.51913e-05
6.5191e-05
6.51908e-05
6.51905e-05
6.51903e-05
6.51901e-05
6.51898e-05
6.51896e-05
6.51893e-05
6.51891e-05
6.51889e-05
6.51886e-05
6.51884e-05
6.51881e-05
6.51879e-05
6.51876e-05
6.51874e-05
6.51872e-05
6.51869e-05
6.51867e-05
6.51864e-05
6.51862e-05
6.51859e-05
6.51857e-05
6.51855e-05
6.51852e-05
6.5185e-05
6.51847e-05
6.51845e-05
6.51842e-05
6.5184e-05
6.51838e-05
6.51835e-05
6.51833e-05
6.5183e-05
6.51828e-05
6.51825e-05
6.51823e-05
6.51821e-05
6.51818e-05
6.51816e-05
6.51813e-05
6.51811e-05
6.51808e-05
6.51806e-05
6.51804e-05
6.51801e-05
6.51799e-05
6.51796e-05
6.51794e-05
6.51792e-05
6.51789e-05
6.51787e-05
6.51784e-05
6.51782e-05
6.51779e-05
6.51777e-05
6.51775e-05
6.51772e-05
6.5177e-05
6.51767e-05
6.51765e-05
6.51762e-05
6.5176e-05
6.51758e-05
6.51755e-05
6.51753e-05
6.5175e-05
6.51748e-05
6.51745e-05
6.51743e-05
6.51741e-05
6.51738e-05
6.51736e-05
6.51733e-05
6.51731e-05
6.51729e-05
6.51726e-05
6.51724e-05
6.51721e-05
6.51719e-05
6.51716e-05
6.51714e-05
6.51712e-05
6.51709e-05
6.51707e-05
6.51704e-05
6.51702e-05
6.51699e-05
6.51697e-05
6.51695e-05
6.51692e-05
6.5169e-05
6.51687e-05
6.51685e-05
6.51683e-05
6.5168e-05
6.51678e-05
6.51675e-05
6.51673e-05
6.5167e-05
6.51668e-05
6.51666e-05
6.51663e-05
6.51661e-05
6.51658e-05
6.51656e-05
6.51653e-05
6.51651e-05
6.51649e-05
6.51646e-05
6.51644e-05
6.51641e-05
6.51639e-05
6.51637e-05
6.51634e-05
6.51632e-05
6.51629e-05
6.51627e-05
6.51624e-05
6.51622e-05
6.5162e-05
6.51617e-05
6.51615e-05
6.51612e-05
6.5161e-05
6.51607e-05
6.51605e-05
6.51603e-05
6.516e-05
6.51598e-05
6.51595e-05
6.51593e-05
6.51591e-05
6.51588e-05
6.51586e-05
6.51583e-05
6.51581e-05
6.51578e-05
6.51576e-05
6.51574e-05
6.51571e-05
6.51569e-05
6.51566e-05
6.51564e-05
6.51562e-05
6.51559e-05
6.51557e-05
6.51554e-05
6.51552e-05
6.51549e-05
6.51547e-05
6.51545e-05
6.51542e-05
6.5154e-05
6.51537e-05
6.51535e-05
6.51533e-05
6.5153e-05
6.51528e-05
6.51525e-05
6.51523e-05
6.5152e-05
6.51518e-05
6.51516e-05
6.51513e-05
6.51511e-05
6.51508e-05
6.51506e-05
6.51504e-05
6.51501e-05
6.51499e-05
6.51496e-05
6.51494e-05
6.51491e-05
6.51489e-05
6.51487e-05
6.51484e-05
6.51482e-05
6.51479e-05
6.51477e-05
6.51474e-05
6.51472e-05
6.5147e-05
6.51467e-05
6.51465e-05
6.51462e-05
6.5146e-05
6.51458e-05
6.51455e-05
6.51453e-05
6.5145e-05
6.51448e-05
6.51445e-05
6.51443e-05
6.51441e-05
6.51438e-05
6.51436e-05
6.51433e-05
6.51431e-05
6.51429e-05
6.51426e-05
6.51424e-05
6.51421e-05
6.51419e-05
6.51417e-05
6.51414e-05
6.51412e-05
6.51409e-05
6.51407e-05
6.51404e-05
6.51402e-05
6.514e-05
6.51397e-05
6.51395e-05
6.51392e-05
6.5139e-05
6.51388e-05
6.51385e-05
6.51383e-05
6.5138e-05
6.51378e-05
6.51375e-05
6.51373e-05
6.51371e-05
6.51368e-05
6.51366e-05
6.51363e-05
6.51361e-05
6.51359e-05
6.51356e-05
6.51354e-05
6.51351e-05
6.51349e-05
6.51346e-05
6.51344e-05
6.51342e-05
6.51339e-05
6.51337e-05
6.51334e-05
6.51332e-05
6.5133e-05
6.51327e-05
6.51325e-05
6.51322e-05
6.5132e-05
6.51318e-05
6.51315e-05
6.51313e-05
6.5131e-05
6.51308e-05
6.51305e-05
6.51303e-05
6.51301e-05
6.51298e-05
6.51296e-05
6.51293e-05
6.51291e-05
6.51289e-05
6.51286e-05
6.51284e-05
6.51281e-05
6.51279e-05
6.51276e-05
6.51274e-05
6.51272e-05
6.51269e-05
6.51267e-05
6.51264e-05
6.51262e-05
6.5126e-05
6.51257e-05
6.51255e-05
6.51252e-05
6.5125e-05
6.51248e-05
6.51245e-05
6.51243e-05
6.5124e-05
6.51238e-05
6.51235e-05
6.51233e-05
6.51231e-05
6.51228e-05
6.51226e-05
6.51223e-05
6.51221e-05
6.51219e-05
6.51216e-05
6.51214e-05
6.51211e-05
6.51209e-05
6.51207e-05
6.51204e-05
6.51202e-05
6.51199e-05
6.51197e-05
6.51194e-05
6.51192e-05
6.5119e-05
6.51187e-05
6.51185e-05
6.51182e-05
6.5118e-05
6.51178e-05
6.51175e-05
6.51173e-05
6.5117e-05
6.51168e-05
6.51166e-05
6.51163e-05
6.51161e-05
6.51158e-05
6.51156e-05
6.51153e-05
6.51151e-05
6.51149e-05
6.51146e-05
6.51144e-05
6.51141e-05
6.51139e-05
6.51137e-05
6.51134e-05
6.51132e-05
6.51129e-05
6.51127e-05
6.51125e-05
6.51122e-05
6.5112e-05
6.51117e-05
6.51115e-05
6.51112e-05
6.5111e-05
6.51108e-05
6.51105e-05
6.51103e-05
6.511e-05
6.51098e-05
6.51096e-05
6.51093e-05
6.51091e-05
6.51088e-05
6.51086e-05
6.51084e-05
6.51081e-05
6.51079e-05
6.51076e-05
6.51074e-05
6.51072e-05
6.51069e-05
6.51067e-05
6.51064e-05
6.51062e-05
6.51059e-05
6.51057e-05
6.51055e-05
6.51052e-05
6.5105e-05
6.51047e-05
6.51045e-05
6.51043e-05
6.5104e-05
6.51038e-05
6.51035e-05
6.51033e-05
6.51031e-05
6.51028e-05
6.51026e-05
6.51023e-05
6.51021e-05
6.51019e-05
6.51016e-05
6.51014e-05
6.51011e-05
6.51009e-05
6.51006e-05
6.51004e-05
6.51002e-05
6.50999e-05
6.50997e-05
6.50994e-05
6.50992e-05
6.5099e-05
6.50987e-05
6.50985e-05
6.50982e-05
6.5098e-05
6.50978e-05
6.50975e-05
6.50973e-05
6.5097e-05
6.50968e-05
6.50966e-05
6.50963e-05
6.50961e-05
6.50958e-05
6.50956e-05
6.50954e-05
6.50951e-05
6.50949e-05
6.50946e-05
6.50944e-05
6.50941e-05
6.50939e-05
6.50937e-05
6.50934e-05
6.50932e-05
6.50929e-05
6.50927e-05
6.50925e-05
6.50922e-05
6.5092e-05
6.50917e-05
6.50915e-05
6.50913e-05
6.5091e-05
6.50908e-05
6.50905e-05
6.50903e-05
6.50901e-05
6.50898e-05
6.50896e-05
6.50893e-05
6.50891e-05
6.50889e-05
6.50886e-05
6.50884e-05
6.50881e-05
6.50879e-05
6.50877e-05
6.50874e-05
6.50872e-05
6.50869e-05
6.50867e-05
6.50864e-05
6.50862e-05
6.5086e-05
6.50857e-05
6.50855e-05
6.50852e-05
6.5085e-05
6.50848e-05
6.50845e-05
6.50843e-05
6.5084e-05
6.50838e-05
6.50836e-05
6.50833e-05
6.50831e-05
6.50828e-05
6.50826e-05
6.50824e-05
6.50821e-05
6.50819e-05
6.50816e-05
6.50814e-05
6.50812e-05
6.50809e-05
6.50807e-05
6.50804e-05
6.50802e-05
6.508e-05
6.50797e-05
6.50795e-05
6.50792e-05
6.5079e-05
6.50788e-05
6.50785e-05
6.50783e-05
6.5078e-05
6.50778e-05
6.50776e-05
6.50773e-05
6.50771e-05
6.50768e-05
6.50766e-05
6.50763e-05
6.50761e-05
6.50759e-05
6.50756e-05
6.50754e-05
6.50751e-05
6.50749e-05
6.50747e-05
6.50744e-05
6.50742e-05
6.50739e-05
6.50737e-05
6.50735e-05
6.50732e-05
6.5073e-05
6.50727e-05
6.50725e-05
6.50723e-05
6.5072e-05
6.50718e-05
6.50715e-05
6.50713e-05
6.50711e-05
6.50708e-05
6.50706e-05
6.50703e-05
6.50701e-05
6.50699e-05
6.50696e-05
6.50694e-05
6.50691e-05
6.50689e-05
6.50687e-05
6.50684e-05
6.50682e-05
6.50679e-05
6.50677e-05
6.50675e-05
6.50672e-05
6.5067e-05
6.50667e-05
6.50665e-05
6.50663e-05
6.5066e-05
6.50658e-05
6.50655e-05
6.50653e-05
6.50651e-05
6.50648e-05
6.50646e-05
6.50643e-05
6.50641e-05
6.50639e-05
6.50636e-05
6.50634e-05
6.50631e-05
6.50629e-05
6.50627e-05
6.50624e-05
6.50622e-05
6.50619e-05
6.50617e-05
6.50615e-05
6.50612e-05
6.5061e-05
6.50607e-05
6.50605e-05
6.50603e-05
6.506e-05
6.50598e-05
6.50595e-05
6.50593e-05
6.50591e-05
6.50588e-05
6.50586e-05
6.50583e-05
6.50581e-05
6.50579e-05
6.50576e-05
6.50574e-05
6.50571e-05
6.50569e-05
6.50567e-05
6.50564e-05
6.50562e-05
6.50559e-05
6.50557e-05
6.50555e-05
6.50552e-05
6.5055e-05
6.50547e-05
6.50545e-05
6.50543e-05
6.5054e-05
6.50538e-05
6.50535e-05
6.50533e-05
6.50531e-05
6.50528e-05
6.50526e-05
6.50523e-05
6.50521e-05
6.50519e-05
6.50516e-05
6.50514e-05
6.50511e-05
6.50509e-05
6.50507e-05
6.50504e-05
6.50502e-05
6.50499e-05
6.50497e-05
6.50495e-05
6.50492e-05
6.5049e-05
6.50487e-05
6.50485e-05
6.50483e-05
6.5048e-05
6.50478e-05
6.50475e-05
6.50473e-05
6.50471e-05
6.50468e-05
6.50466e-05
6.50463e-05
6.50461e-05
6.50459e-05
6.50456e-05
6.50454e-05
6.50451e-05
6.50449e-05
6.50447e-05
6.50444e-05
6.50442e-05
6.50439e-05
6.50437e-05
6.50435e-05
6.50432e-05
6.5043e-05
6.50427e-05
6.50425e-05
6.50423e-05
6.5042e-05
6.50418e-05
6.50415e-05
6.50413e-05
6.50411e-05
6.50408e-05
6.50406e-05
6.50403e-05
6.50401e-05
6.50399e-05
6.50396e-05
6.50394e-05
6.50391e-05
6.50389e-05
6.50387e-05
6.50384e-05
6.50382e-05
6.50379e-05
6.50377e-05
6.50375e-05
6.50372e-05
6.5037e-05
6.50367e-05
6.50365e-05
6.50363e-05
6.5036e-05
6.50358e-05
6.50355e-05
6.50353e-05
6.50351e-05
6.50348e-05
6.50346e-05
6.50343e-05
6.50341e-05
6.50339e-05
6.50336e-05
6.50334e-05
6.50332e-05
6.50329e-05
6.50327e-05
6.50324e-05
6.50322e-05
6.5032e-05
6.50317e-05
6.50315e-05
6.50312e-05
6.5031e-05
6.50308e-05
6.50305e-05
6.50303e-05
6.503e-05
6.50298e-05
6.50296e-05
6.50293e-05
6.50291e-05
6.50288e-05
6.50286e-05
6.50284e-05
6.50281e-05
6.50279e-05
6.50276e-05
6.50274e-05
6.50272e-05
6.50269e-05
6.50267e-05
6.50264e-05
6.50262e-05
6.5026e-05
6.50257e-05
6.50255e-05
6.50252e-05
6.5025e-05
6.50248e-05
6.50245e-05
6.50243e-05
6.5024e-05
6.50238e-05
6.50236e-05
6.50233e-05
6.50231e-05
6.50229e-05
6.50226e-05
6.50224e-05
6.50221e-05
6.50219e-05
6.50217e-05
6.50214e-05
6.50212e-05
6.50209e-05
6.50207e-05
6.50205e-05
6.50202e-05
6.502e-05
6.50197e-05
6.50195e-05
6.50193e-05
6.5019e-05
6.50188e-05
6.50185e-05
6.50183e-05
6.50181e-05
6.50178e-05
6.50176e-05
6.50173e-05
6.50171e-05
6.50169e-05
6.50166e-05
6.50164e-05
6.50161e-05
6.50159e-05
6.50157e-05
6.50154e-05
6.50152e-05
6.5015e-05
6.50147e-05
6.50145e-05
6.50142e-05
6.5014e-05
6.50138e-05
6.50135e-05
6.50133e-05
6.5013e-05
6.50128e-05
6.50126e-05
6.50123e-05
6.50121e-05
6.50118e-05
6.50116e-05
6.50114e-05
6.50111e-05
6.50109e-05
6.50106e-05
6.50104e-05
6.50102e-05
6.50099e-05
6.50097e-05
6.50094e-05
6.50092e-05
6.5009e-05
6.50087e-05
6.50085e-05
6.50083e-05
6.5008e-05
6.50078e-05
6.50075e-05
6.50073e-05
6.50071e-05
6.50068e-05
6.50066e-05
6.50063e-05
6.50061e-05
6.50059e-05
6.50056e-05
6.50054e-05
6.50051e-05
6.50049e-05
6.50047e-05
6.50044e-05
6.50042e-05
6.50039e-05
6.50037e-05
6.50035e-05
6.50032e-05
6.5003e-05
6.50028e-05
6.50025e-05
6.50023e-05
6.5002e-05
6.50018e-05
6.50016e-05
6.50013e-05
6.50011e-05
6.50008e-05
6.50006e-05
6.50004e-05
6.50001e-05
6.49999e-05
6.49996e-05
6.49994e-05
6.49992e-05
6.49989e-05
6.49987e-05
6.49985e-05
6.49982e-05
6.4998e-05
6.49977e-05
6.49975e-05
6.49973e-05
6.4997e-05
6.49968e-05
6.49965e-05
6.49963e-05
6.49961e-05
6.49958e-05
6.49956e-05
6.49953e-05
6.49951e-05
6.49949e-05
6.49946e-05
6.49944e-05
6.49941e-05
6.49939e-05
6.49937e-05
6.49934e-05
6.49932e-05
6.4993e-05
6.49927e-05
6.49925e-05
6.49922e-05
6.4992e-05
6.49918e-05
6.49915e-05
6.49913e-05
6.4991e-05
6.49908e-05
6.49906e-05
6.49903e-05
6.49901e-05
6.49898e-05
6.49896e-05
6.49894e-05
6.49891e-05
6.49889e-05
6.49887e-05
6.49884e-05
6.49882e-05
6.49879e-05
6.49877e-05
6.49875e-05
6.49872e-05
6.4987e-05
6.49867e-05
6.49865e-05
6.49863e-05
6.4986e-05
6.49858e-05
6.49856e-05
6.49853e-05
6.49851e-05
6.49848e-05
6.49846e-05
6.49844e-05
6.49841e-05
6.49839e-05
6.49836e-05
6.49834e-05
6.49832e-05
6.49829e-05
6.49827e-05
6.49824e-05
6.49822e-05
6.4982e-05
6.49817e-05
6.49815e-05
6.49813e-05
6.4981e-05
6.49808e-05
6.49805e-05
6.49803e-05
6.49801e-05
6.49798e-05
6.49796e-05
6.49793e-05
6.49791e-05
6.49789e-05
6.49786e-05
6.49784e-05
6.49782e-05
6.49779e-05
6.49777e-05
6.49774e-05
6.49772e-05
6.4977e-05
6.49767e-05
6.49765e-05
6.49762e-05
6.4976e-05
6.49758e-05
6.49755e-05
6.49753e-05
6.4975e-05
6.49748e-05
6.49746e-05
6.49743e-05
6.49741e-05
6.49739e-05
6.49736e-05
6.49734e-05
6.49731e-05
6.49729e-05
6.49727e-05
6.49724e-05
6.49722e-05
6.49719e-05
6.49717e-05
6.49715e-05
6.49712e-05
6.4971e-05
6.49708e-05
6.49705e-05
6.49703e-05
6.497e-05
6.49698e-05
6.49696e-05
6.49693e-05
6.49691e-05
6.49688e-05
6.49686e-05
6.49684e-05
6.49681e-05
6.49679e-05
6.49677e-05
6.49674e-05
6.49672e-05
6.49669e-05
6.49667e-05
6.49665e-05
6.49662e-05
6.4966e-05
6.49657e-05
6.49655e-05
6.49653e-05
6.4965e-05
6.49648e-05
6.49646e-05
6.49643e-05
6.49641e-05
6.49638e-05
6.49636e-05
6.49634e-05
6.49631e-05
6.49629e-05
6.49626e-05
6.49624e-05
6.49622e-05
6.49619e-05
6.49617e-05
6.49615e-05
6.49612e-05
6.4961e-05
6.49607e-05
6.49605e-05
6.49603e-05
6.496e-05
6.49598e-05
6.49595e-05
6.49593e-05
6.49591e-05
6.49588e-05
6.49586e-05
6.49584e-05
6.49581e-05
6.49579e-05
6.49576e-05
6.49574e-05
6.49572e-05
6.49569e-05
6.49567e-05
6.49565e-05
6.49562e-05
6.4956e-05
6.49557e-05
6.49555e-05
6.49553e-05
6.4955e-05
6.49548e-05
6.49545e-05
6.49543e-05
6.49541e-05
6.49538e-05
6.49536e-05
6.49534e-05
6.49531e-05
6.49529e-05
6.49526e-05
6.49524e-05
6.49522e-05
6.49519e-05
6.49517e-05
6.49514e-05
6.49512e-05
6.4951e-05
6.49507e-05
6.49505e-05
6.49503e-05
6.495e-05
6.49498e-05
6.49495e-05
6.49493e-05
6.49491e-05
6.49488e-05
6.49486e-05
6.49484e-05
6.49481e-05
6.49479e-05
6.49476e-05
6.49474e-05
6.49472e-05
6.49469e-05
6.49467e-05
6.49464e-05
6.49462e-05
6.4946e-05
6.49457e-05
6.49455e-05
6.49453e-05
6.4945e-05
6.49448e-05
6.49445e-05
6.49443e-05
6.49441e-05
6.49438e-05
6.49436e-05
6.49434e-05
6.49431e-05
6.49429e-05
6.49426e-05
6.49424e-05
6.49422e-05
6.49419e-05
6.49417e-05
6.49415e-05
6.49412e-05
6.4941e-05
6.49407e-05
6.49405e-05
6.49403e-05
6.494e-05
6.49398e-05
6.49395e-05
6.49393e-05
6.49391e-05
6.49388e-05
6.49386e-05
6.49384e-05
6.49381e-05
6.49379e-05
6.49376e-05
6.49374e-05
6.49372e-05
6.49369e-05
6.49367e-05
6.49365e-05
6.49362e-05
6.4936e-05
6.49357e-05
6.49355e-05
6.49353e-05
6.4935e-05
6.49348e-05
6.49346e-05
6.49343e-05
6.49341e-05
6.49338e-05
6.49336e-05
6.49334e-05
6.49331e-05
6.49329e-05
6.49326e-05
6.49324e-05
6.49322e-05
6.49319e-05
6.49317e-05
6.49315e-05
6.49312e-05
6.4931e-05
6.49307e-05
6.49305e-05
6.49303e-05
6.493e-05
6.49298e-05
6.49296e-05
6.49293e-05
6.49291e-05
6.49288e-05
6.49286e-05
6.49284e-05
6.49281e-05
6.49279e-05
6.49277e-05
6.49274e-05
6.49272e-05
6.49269e-05
6.49267e-05
6.49265e-05
6.49262e-05
6.4926e-05
6.49258e-05
6.49255e-05
6.49253e-05
6.4925e-05
6.49248e-05
6.49246e-05
6.49243e-05
6.49241e-05
6.49238e-05
6.49236e-05
6.49234e-05
6.49231e-05
6.49229e-05
6.49227e-05
6.49224e-05
6.49222e-05
6.49219e-05
6.49217e-05
6.49215e-05
6.49212e-05
6.4921e-05
6.49208e-05
6.49205e-05
6.49203e-05
6.492e-05
6.49198e-05
6.49196e-05
6.49193e-05
6.49191e-05
6.49189e-05
6.49186e-05
6.49184e-05
6.49181e-05
6.49179e-05
6.49177e-05
6.49174e-05
6.49172e-05
6.4917e-05
6.49167e-05
6.49165e-05
6.49162e-05
6.4916e-05
6.49158e-05
6.49155e-05
6.49153e-05
6.49151e-05
6.49148e-05
6.49146e-05
6.49143e-05
6.49141e-05
6.49139e-05
6.49136e-05
6.49134e-05
6.49132e-05
6.49129e-05
6.49127e-05
6.49124e-05
6.49122e-05
6.4912e-05
6.49117e-05
6.49115e-05
6.49113e-05
6.4911e-05
6.49108e-05
6.49105e-05
6.49103e-05
6.49101e-05
6.49098e-05
6.49096e-05
6.49094e-05
6.49091e-05
6.49089e-05
6.49086e-05
6.49084e-05
6.49082e-05
6.49079e-05
6.49077e-05
6.49075e-05
6.49072e-05
6.4907e-05
6.49067e-05
6.49065e-05
6.49063e-05
6.4906e-05
6.49058e-05
6.49056e-05
6.49053e-05
6.49051e-05
6.49048e-05
6.49046e-05
6.49044e-05
6.49041e-05
6.49039e-05
6.49037e-05
6.49034e-05
6.49032e-05
6.49029e-05
6.49027e-05
6.49025e-05
6.49022e-05
6.4902e-05
6.49018e-05
6.49015e-05
6.49013e-05
6.49011e-05
6.49008e-05
6.49006e-05
6.49003e-05
6.49001e-05
6.48999e-05
6.48996e-05
6.48994e-05
6.48992e-05
6.48989e-05
6.48987e-05
6.48984e-05
6.48982e-05
6.4898e-05
6.48977e-05
6.48975e-05
6.48973e-05
6.4897e-05
6.48968e-05
6.48965e-05
6.48963e-05
6.48961e-05
6.48958e-05
6.48956e-05
6.48954e-05
6.48951e-05
6.48949e-05
6.48946e-05
6.48944e-05
6.48942e-05
6.48939e-05
6.48937e-05
6.48935e-05
6.48932e-05
6.4893e-05
6.48927e-05
6.48925e-05
6.48923e-05
6.4892e-05
6.48918e-05
6.48916e-05
6.48913e-05
6.48911e-05
6.48909e-05
6.48906e-05
6.48904e-05
6.48901e-05
6.48899e-05
6.48897e-05
6.48894e-05
6.48892e-05
6.4889e-05
6.48887e-05
6.48885e-05
6.48882e-05
6.4888e-05
6.48878e-05
6.48875e-05
6.48873e-05
6.48871e-05
6.48868e-05
6.48866e-05
6.48863e-05
6.48861e-05
6.48859e-05
6.48856e-05
6.48854e-05
6.48852e-05
6.48849e-05
6.48847e-05
6.48845e-05
6.48842e-05
6.4884e-05
6.48837e-05
6.48835e-05
6.48833e-05
6.4883e-05
6.48828e-05
6.48826e-05
6.48823e-05
6.48821e-05
6.48818e-05
6.48816e-05
6.48814e-05
6.48811e-05
6.48809e-05
6.48807e-05
6.48804e-05
6.48802e-05
6.48799e-05
6.48797e-05
6.48795e-05
6.48792e-05
6.4879e-05
6.48788e-05
6.48785e-05
6.48783e-05
6.48781e-05
6.48778e-05
6.48776e-05
6.48773e-05
6.48771e-05
6.48769e-05
6.48766e-05
6.48764e-05
6.48762e-05
6.48759e-05
6.48757e-05
6.48754e-05
6.48752e-05
6.4875e-05
6.48747e-05
6.48745e-05
6.48743e-05
6.4874e-05
6.48738e-05
6.48736e-05
6.48733e-05
6.48731e-05
6.48728e-05
6.48726e-05
6.48724e-05
6.48721e-05
6.48719e-05
6.48717e-05
6.48714e-05
6.48712e-05
6.48709e-05
6.48707e-05
6.48705e-05
6.48702e-05
6.487e-05
6.48698e-05
6.48695e-05
6.48693e-05
6.48691e-05
6.48688e-05
6.48686e-05
6.48683e-05
6.48681e-05
6.48679e-05
6.48676e-05
6.48674e-05
6.48672e-05
6.48669e-05
6.48667e-05
6.48665e-05
6.48662e-05
6.4866e-05
6.48657e-05
6.48655e-05
6.48653e-05
6.4865e-05
6.48648e-05
6.48646e-05
6.48643e-05
6.48641e-05
6.48638e-05
6.48636e-05
6.48634e-05
6.48631e-05
6.48629e-05
6.48627e-05
6.48624e-05
6.48622e-05
6.4862e-05
6.48617e-05
6.48615e-05
6.48612e-05
6.4861e-05
6.48608e-05
6.48605e-05
6.48603e-05
6.48601e-05
6.48598e-05
6.48596e-05
6.48594e-05
6.48591e-05
6.48589e-05
6.48586e-05
6.48584e-05
6.48582e-05
6.48579e-05
6.48577e-05
6.48575e-05
6.48572e-05
6.4857e-05
6.48568e-05
6.48565e-05
6.48563e-05
6.4856e-05
6.48558e-05
6.48556e-05
6.48553e-05
6.48551e-05
6.48549e-05
6.48546e-05
6.48544e-05
6.48542e-05
6.48539e-05
6.48537e-05
6.48534e-05
6.48532e-05
6.4853e-05
6.48527e-05
6.48525e-05
6.48523e-05
6.4852e-05
6.48518e-05
6.48515e-05
6.48513e-05
6.48511e-05
6.48508e-05
6.48506e-05
6.48504e-05
6.48501e-05
6.48499e-05
6.48497e-05
6.48494e-05
6.48492e-05
6.48489e-05
6.48487e-05
6.48485e-05
6.48482e-05
6.4848e-05
6.48478e-05
6.48475e-05
6.48473e-05
6.48471e-05
6.48468e-05
6.48466e-05
6.48463e-05
6.48461e-05
6.48459e-05
6.48456e-05
6.48454e-05
6.48452e-05
6.48449e-05
6.48447e-05
6.48445e-05
6.48442e-05
6.4844e-05
6.48438e-05
6.48435e-05
6.48433e-05
6.4843e-05
6.48428e-05
6.48426e-05
6.48423e-05
6.48421e-05
6.48419e-05
6.48416e-05
6.48414e-05
6.48412e-05
6.48409e-05
6.48407e-05
6.48404e-05
6.48402e-05
6.484e-05
6.48397e-05
6.48395e-05
6.48393e-05
6.4839e-05
6.48388e-05
6.48386e-05
6.48383e-05
6.48381e-05
6.48378e-05
6.48376e-05
6.48374e-05
6.48371e-05
6.48369e-05
6.48367e-05
6.48364e-05
6.48362e-05
6.4836e-05
6.48357e-05
6.48355e-05
6.48352e-05
6.4835e-05
6.48348e-05
6.48345e-05
6.48343e-05
6.48341e-05
6.48338e-05
6.48336e-05
6.48334e-05
6.48331e-05
6.48329e-05
6.48327e-05
6.48324e-05
6.48322e-05
6.48319e-05
6.48317e-05
6.48315e-05
6.48312e-05
6.4831e-05
6.48308e-05
6.48305e-05
6.48303e-05
6.48301e-05
6.48298e-05
6.48296e-05
6.48293e-05
6.48291e-05
6.48289e-05
6.48286e-05
6.48284e-05
6.48282e-05
6.48279e-05
6.48277e-05
6.48275e-05
6.48272e-05
6.4827e-05
6.48267e-05
6.48265e-05
6.48263e-05
6.4826e-05
6.48258e-05
6.48256e-05
6.48253e-05
6.48251e-05
6.48249e-05
6.48246e-05
6.48244e-05
6.48242e-05
6.48239e-05
6.48237e-05
6.48234e-05
6.48232e-05
6.4823e-05
6.48227e-05
6.48225e-05
6.48223e-05
6.4822e-05
6.48218e-05
6.48216e-05
6.48213e-05
6.48211e-05
6.48209e-05
6.48206e-05
6.48204e-05
6.48201e-05
6.48199e-05
6.48197e-05
6.48194e-05
6.48192e-05
6.4819e-05
6.48187e-05
6.48185e-05
6.48183e-05
6.4818e-05
6.48178e-05
6.48175e-05
6.48173e-05
6.48171e-05
6.48168e-05
6.48166e-05
6.48164e-05
6.48161e-05
6.48159e-05
6.48157e-05
6.48154e-05
6.48152e-05
6.4815e-05
6.48147e-05
6.48145e-05
6.48142e-05
6.4814e-05
6.48138e-05
6.48135e-05
6.48133e-05
6.48131e-05
6.48128e-05
6.48126e-05
6.48124e-05
6.48121e-05
6.48119e-05
6.48117e-05
6.48114e-05
6.48112e-05
6.48109e-05
6.48107e-05
6.48105e-05
6.48102e-05
6.481e-05
6.48098e-05
6.48095e-05
6.48093e-05
6.48091e-05
6.48088e-05
6.48086e-05
6.48084e-05
6.48081e-05
6.48079e-05
6.48076e-05
6.48074e-05
6.48072e-05
6.48069e-05
6.48067e-05
6.48065e-05
6.48062e-05
6.4806e-05
6.48058e-05
6.48055e-05
6.48053e-05
6.48051e-05
6.48048e-05
6.48046e-05
6.48044e-05
6.48041e-05
6.48039e-05
6.48036e-05
6.48034e-05
6.48032e-05
6.48029e-05
6.48027e-05
6.48025e-05
6.48022e-05
6.4802e-05
6.48018e-05
6.48015e-05
6.48013e-05
6.48011e-05
6.48008e-05
6.48006e-05
6.48003e-05
6.48001e-05
6.47999e-05
6.47996e-05
6.47994e-05
6.47992e-05
6.47989e-05
6.47987e-05
6.47985e-05
6.47982e-05
6.4798e-05
6.47978e-05
6.47975e-05
6.47973e-05
6.4797e-05
6.47968e-05
6.47966e-05
6.47963e-05
6.47961e-05
6.47959e-05
6.47956e-05
6.47954e-05
6.47952e-05
6.47949e-05
6.47947e-05
6.47945e-05
6.47942e-05
6.4794e-05
6.47938e-05
6.47935e-05
6.47933e-05
6.4793e-05
6.47928e-05
6.47926e-05
6.47923e-05
6.47921e-05
6.47919e-05
6.47916e-05
6.47914e-05
6.47912e-05
6.47909e-05
6.47907e-05
6.47905e-05
6.47902e-05
6.479e-05
6.47898e-05
6.47895e-05
6.47893e-05
6.4789e-05
6.47888e-05
6.47886e-05
6.47883e-05
6.47881e-05
6.47879e-05
6.47876e-05
6.47874e-05
6.47872e-05
6.47869e-05
6.47867e-05
6.47865e-05
6.47862e-05
6.4786e-05
6.47858e-05
6.47855e-05
6.47853e-05
6.4785e-05
6.47848e-05
6.47846e-05
6.47843e-05
6.47841e-05
6.47839e-05
6.47836e-05
6.47834e-05
6.47832e-05
6.47829e-05
6.47827e-05
6.47825e-05
6.47822e-05
6.4782e-05
6.47818e-05
6.47815e-05
6.47813e-05
6.4781e-05
6.47808e-05
6.47806e-05
6.47803e-05
6.47801e-05
6.47799e-05
6.47796e-05
6.47794e-05
6.47792e-05
6.47789e-05
6.47787e-05
6.47785e-05
6.47782e-05
6.4778e-05
6.47778e-05
6.47775e-05
6.47773e-05
6.47771e-05
6.47768e-05
6.47766e-05
6.47763e-05
6.47761e-05
6.47759e-05
6.47756e-05
6.47754e-05
6.47752e-05
6.47749e-05
6.47747e-05
6.47745e-05
6.47742e-05
6.4774e-05
6.47738e-05
6.47735e-05
6.47733e-05
6.47731e-05
6.47728e-05
6.47726e-05
6.47723e-05
6.47721e-05
6.47719e-05
6.47716e-05
6.47714e-05
6.47712e-05
6.47709e-05
6.47707e-05
6.47705e-05
6.47702e-05
6.477e-05
6.47698e-05
6.47695e-05
6.47693e-05
6.47691e-05
6.47688e-05
6.47686e-05
6.47684e-05
6.47681e-05
6.47679e-05
6.47676e-05
6.47674e-05
6.47672e-05
6.47669e-05
6.47667e-05
6.47665e-05
6.47662e-05
6.4766e-05
6.47658e-05
6.47655e-05
6.47653e-05
6.47651e-05
6.47648e-05
6.47646e-05
6.47644e-05
6.47641e-05
6.47639e-05
6.47637e-05
6.47634e-05
6.47632e-05
6.4763e-05
6.47627e-05
6.47625e-05
6.47622e-05
6.4762e-05
6.47618e-05
6.47615e-05
6.47613e-05
6.47611e-05
6.47608e-05
6.47606e-05
6.47604e-05
6.47601e-05
6.47599e-05
6.47597e-05
6.47594e-05
6.47592e-05
6.4759e-05
6.47587e-05
6.47585e-05
6.47583e-05
6.4758e-05
6.47578e-05
6.47576e-05
6.47573e-05
6.47571e-05
6.47568e-05
6.47566e-05
6.47564e-05
6.47561e-05
6.47559e-05
6.47557e-05
6.47554e-05
6.47552e-05
6.4755e-05
6.47547e-05
6.47545e-05
6.47543e-05
6.4754e-05
6.47538e-05
6.47536e-05
6.47533e-05
6.47531e-05
6.47529e-05
6.47526e-05
6.47524e-05
6.47522e-05
6.47519e-05
6.47517e-05
6.47514e-05
6.47512e-05
6.4751e-05
6.47507e-05
6.47505e-05
6.47503e-05
6.475e-05
6.47498e-05
6.47496e-05
6.47493e-05
6.47491e-05
6.47489e-05
6.47486e-05
6.47484e-05
6.47482e-05
6.47479e-05
6.47477e-05
6.47475e-05
6.47472e-05
6.4747e-05
6.47468e-05
6.47465e-05
6.47463e-05
6.47461e-05
6.47458e-05
6.47456e-05
6.47453e-05
6.47451e-05
6.47449e-05
6.47446e-05
6.47444e-05
6.47442e-05
6.47439e-05
6.47437e-05
6.47435e-05
6.47432e-05
6.4743e-05
6.47428e-05
6.47425e-05
6.47423e-05
6.47421e-05
6.47418e-05
6.47416e-05
6.47414e-05
6.47411e-05
6.47409e-05
6.47407e-05
6.47404e-05
6.47402e-05
6.474e-05
6.47397e-05
6.47395e-05
6.47393e-05
6.4739e-05
6.47388e-05
6.47385e-05
6.47383e-05
6.47381e-05
6.47378e-05
6.47376e-05
6.47374e-05
6.47371e-05
6.47369e-05
6.47367e-05
6.47364e-05
6.47362e-05
6.4736e-05
6.47357e-05
6.47355e-05
6.47353e-05
6.4735e-05
6.47348e-05
6.47346e-05
6.47343e-05
6.47341e-05
6.47339e-05
6.47336e-05
6.47334e-05
6.47332e-05
6.47329e-05
6.47327e-05
6.47325e-05
6.47322e-05
6.4732e-05
6.47318e-05
6.47315e-05
6.47313e-05
6.4731e-05
6.47308e-05
6.47306e-05
6.47303e-05
6.47301e-05
6.47299e-05
6.47296e-05
6.47294e-05
6.47292e-05
6.47289e-05
6.47287e-05
6.47285e-05
6.47282e-05
6.4728e-05
6.47278e-05
6.47275e-05
6.47273e-05
6.47271e-05
6.47268e-05
6.47266e-05
6.47264e-05
6.47261e-05
6.47259e-05
6.47257e-05
6.47254e-05
6.47252e-05
6.4725e-05
6.47247e-05
6.47245e-05
6.47243e-05
6.4724e-05
6.47238e-05
6.47236e-05
6.47233e-05
6.47231e-05
6.47229e-05
6.47226e-05
6.47224e-05
6.47221e-05
6.47219e-05
6.47217e-05
6.47214e-05
6.47212e-05
6.4721e-05
6.47207e-05
6.47205e-05
6.47203e-05
6.472e-05
6.47198e-05
6.47196e-05
6.47193e-05
6.47191e-05
6.47189e-05
6.47186e-05
6.47184e-05
6.47182e-05
6.47179e-05
6.47177e-05
6.47175e-05
6.47172e-05
6.4717e-05
6.47168e-05
6.47165e-05
6.47163e-05
6.47161e-05
6.47158e-05
6.47156e-05
6.47154e-05
6.47151e-05
6.47149e-05
6.47147e-05
6.47144e-05
6.47142e-05
6.4714e-05
6.47137e-05
6.47135e-05
6.47133e-05
6.4713e-05
6.47128e-05
6.47126e-05
6.47123e-05
6.47121e-05
6.47119e-05
6.47116e-05
6.47114e-05
6.47111e-05
6.47109e-05
6.47107e-05
6.47104e-05
6.47102e-05
6.471e-05
6.47097e-05
6.47095e-05
6.47093e-05
6.4709e-05
6.47088e-05
6.47086e-05
6.47083e-05
6.47081e-05
6.47079e-05
6.47076e-05
6.47074e-05
6.47072e-05
6.47069e-05
6.47067e-05
6.47065e-05
6.47062e-05
6.4706e-05
6.47058e-05
6.47055e-05
6.47053e-05
6.47051e-05
6.47048e-05
6.47046e-05
6.47044e-05
6.47041e-05
6.47039e-05
6.47037e-05
6.47034e-05
6.47032e-05
6.4703e-05
6.47027e-05
6.47025e-05
6.47023e-05
6.4702e-05
6.47018e-05
6.47016e-05
6.47013e-05
6.47011e-05
6.47009e-05
6.47006e-05
6.47004e-05
6.47002e-05
6.46999e-05
6.46997e-05
6.46995e-05
6.46992e-05
6.4699e-05
6.46988e-05
6.46985e-05
6.46983e-05
6.46981e-05
6.46978e-05
6.46976e-05
6.46974e-05
6.46971e-05
6.46969e-05
6.46967e-05
6.46964e-05
6.46962e-05
6.4696e-05
6.46957e-05
6.46955e-05
6.46952e-05
6.4695e-05
6.46948e-05
6.46945e-05
6.46943e-05
6.46941e-05
6.46938e-05
6.46936e-05
6.46934e-05
6.46931e-05
6.46929e-05
6.46927e-05
6.46924e-05
6.46922e-05
6.4692e-05
6.46917e-05
6.46915e-05
6.46913e-05
6.4691e-05
6.46908e-05
6.46906e-05
6.46903e-05
6.46901e-05
6.46899e-05
6.46896e-05
6.46894e-05
6.46892e-05
6.46889e-05
6.46887e-05
6.46885e-05
6.46882e-05
6.4688e-05
6.46878e-05
6.46875e-05
6.46873e-05
6.46871e-05
6.46868e-05
6.46866e-05
6.46864e-05
6.46861e-05
6.46859e-05
6.46857e-05
6.46854e-05
6.46852e-05
6.4685e-05
6.46847e-05
6.46845e-05
6.46843e-05
6.4684e-05
6.46838e-05
6.46836e-05
6.46833e-05
6.46831e-05
6.46829e-05
6.46826e-05
6.46824e-05
6.46822e-05
6.46819e-05
6.46817e-05
6.46815e-05
6.46812e-05
6.4681e-05
6.46808e-05
6.46805e-05
6.46803e-05
6.46801e-05
6.46798e-05
6.46796e-05
6.46794e-05
6.46791e-05
6.46789e-05
6.46787e-05
6.46784e-05
6.46782e-05
6.4678e-05
6.46777e-05
6.46775e-05
6.46773e-05
6.4677e-05
6.46768e-05
6.46766e-05
6.46763e-05
6.46761e-05
6.46759e-05
6.46756e-05
6.46754e-05
6.46752e-05
6.46749e-05
6.46747e-05
6.46745e-05
6.46742e-05
6.4674e-05
6.46738e-05
6.46735e-05
6.46733e-05
6.46731e-05
6.46728e-05
6.46726e-05
6.46724e-05
6.46721e-05
6.46719e-05
6.46717e-05
6.46714e-05
6.46712e-05
6.4671e-05
6.46707e-05
6.46705e-05
6.46703e-05
6.467e-05
6.46698e-05
6.46696e-05
6.46693e-05
6.46691e-05
6.46689e-05
6.46686e-05
6.46684e-05
6.46682e-05
6.46679e-05
6.46677e-05
6.46675e-05
6.46672e-05
6.4667e-05
6.46668e-05
6.46665e-05
6.46663e-05
6.46661e-05
6.46658e-05
6.46656e-05
6.46654e-05
6.46651e-05
6.46649e-05
6.46647e-05
6.46644e-05
6.46642e-05
6.4664e-05
6.46637e-05
6.46635e-05
6.46633e-05
6.4663e-05
6.46628e-05
6.46626e-05
6.46623e-05
6.46621e-05
6.46619e-05
6.46616e-05
6.46614e-05
6.46612e-05
6.46609e-05
6.46607e-05
6.46605e-05
6.46602e-05
6.466e-05
6.46598e-05
6.46595e-05
6.46593e-05
6.46591e-05
6.46588e-05
6.46586e-05
6.46584e-05
6.46581e-05
6.46579e-05
6.46577e-05
6.46574e-05
6.46572e-05
6.4657e-05
6.46567e-05
6.46565e-05
6.46563e-05
6.46561e-05
6.46558e-05
6.46556e-05
6.46554e-05
6.46551e-05
6.46549e-05
6.46547e-05
6.46544e-05
6.46542e-05
6.4654e-05
6.46537e-05
6.46535e-05
6.46533e-05
6.4653e-05
6.46528e-05
6.46526e-05
6.46523e-05
6.46521e-05
6.46519e-05
6.46516e-05
6.46514e-05
6.46512e-05
6.46509e-05
6.46507e-05
6.46505e-05
6.46502e-05
6.465e-05
6.46498e-05
6.46495e-05
6.46493e-05
6.46491e-05
6.46488e-05
6.46486e-05
6.46484e-05
6.46481e-05
6.46479e-05
6.46477e-05
6.46474e-05
6.46472e-05
6.4647e-05
6.46467e-05
6.46465e-05
6.46463e-05
6.4646e-05
6.46458e-05
6.46456e-05
6.46453e-05
6.46451e-05
6.46449e-05
6.46446e-05
6.46444e-05
6.46442e-05
6.46439e-05
6.46437e-05
6.46435e-05
6.46432e-05
6.4643e-05
6.46428e-05
6.46425e-05
6.46423e-05
6.46421e-05
6.46418e-05
6.46416e-05
6.46414e-05
6.46411e-05
6.46409e-05
6.46407e-05
6.46404e-05
6.46402e-05
6.464e-05
6.46398e-05
6.46395e-05
6.46393e-05
6.46391e-05
6.46388e-05
6.46386e-05
6.46384e-05
6.46381e-05
6.46379e-05
6.46377e-05
6.46374e-05
6.46372e-05
6.4637e-05
6.46367e-05
6.46365e-05
6.46363e-05
6.4636e-05
6.46358e-05
6.46356e-05
6.46353e-05
6.46351e-05
6.46349e-05
6.46346e-05
6.46344e-05
6.46342e-05
6.46339e-05
6.46337e-05
6.46335e-05
6.46332e-05
6.4633e-05
6.46328e-05
6.46325e-05
6.46323e-05
6.46321e-05
6.46318e-05
6.46316e-05
6.46314e-05
6.46311e-05
6.46309e-05
6.46307e-05
6.46304e-05
6.46302e-05
6.463e-05
6.46297e-05
6.46295e-05
6.46293e-05
6.46291e-05
6.46288e-05
6.46286e-05
6.46284e-05
6.46281e-05
6.46279e-05
6.46277e-05
6.46274e-05
6.46272e-05
6.4627e-05
6.46267e-05
6.46265e-05
6.46263e-05
6.4626e-05
6.46258e-05
6.46256e-05
6.46253e-05
6.46251e-05
6.46249e-05
6.46246e-05
6.46244e-05
6.46242e-05
6.46239e-05
6.46237e-05
6.46235e-05
6.46232e-05
6.4623e-05
6.46228e-05
6.46225e-05
6.46223e-05
6.46221e-05
6.46218e-05
6.46216e-05
6.46214e-05
6.46211e-05
6.46209e-05
6.46207e-05
6.46205e-05
6.46202e-05
6.462e-05
6.46198e-05
6.46195e-05
6.46193e-05
6.46191e-05
6.46188e-05
6.46186e-05
6.46184e-05
6.46181e-05
6.46179e-05
6.46177e-05
6.46174e-05
6.46172e-05
6.4617e-05
6.46167e-05
6.46165e-05
6.46163e-05
6.4616e-05
6.46158e-05
6.46156e-05
6.46153e-05
6.46151e-05
6.46149e-05
6.46146e-05
6.46144e-05
6.46142e-05
6.46139e-05
6.46137e-05
6.46135e-05
6.46133e-05
6.4613e-05
6.46128e-05
6.46126e-05
6.46123e-05
6.46121e-05
6.46119e-05
6.46116e-05
6.46114e-05
6.46112e-05
6.46109e-05
6.46107e-05
6.46105e-05
6.46102e-05
6.461e-05
6.46098e-05
6.46095e-05
6.46093e-05
6.46091e-05
6.46088e-05
6.46086e-05
6.46084e-05
6.46081e-05
6.46079e-05
6.46077e-05
6.46074e-05
6.46072e-05
6.4607e-05
6.46068e-05
6.46065e-05
6.46063e-05
6.46061e-05
6.46058e-05
6.46056e-05
6.46054e-05
6.46051e-05
6.46049e-05
6.46047e-05
6.46044e-05
6.46042e-05
6.4604e-05
6.46037e-05
6.46035e-05
6.46033e-05
6.4603e-05
6.46028e-05
6.46026e-05
6.46023e-05
6.46021e-05
6.46019e-05
6.46016e-05
6.46014e-05
6.46012e-05
6.46009e-05
6.46007e-05
6.46005e-05
6.46003e-05
6.46e-05
6.45998e-05
6.45996e-05
6.45993e-05
6.45991e-05
6.45989e-05
6.45986e-05
6.45984e-05
6.45982e-05
6.45979e-05
6.45977e-05
6.45975e-05
6.45972e-05
6.4597e-05
6.45968e-05
6.45965e-05
6.45963e-05
6.45961e-05
6.45958e-05
6.45956e-05
6.45954e-05
6.45951e-05
6.45949e-05
6.45947e-05
6.45945e-05
6.45942e-05
6.4594e-05
6.45938e-05
6.45935e-05
6.45933e-05
6.45931e-05
6.45928e-05
6.45926e-05
6.45924e-05
6.45921e-05
6.45919e-05
6.45917e-05
6.45914e-05
6.45912e-05
6.4591e-05
6.45907e-05
6.45905e-05
6.45903e-05
6.459e-05
6.45898e-05
6.45896e-05
6.45894e-05
6.45891e-05
6.45889e-05
6.45887e-05
6.45884e-05
6.45882e-05
6.4588e-05
6.45877e-05
6.45875e-05
6.45873e-05
6.4587e-05
6.45868e-05
6.45866e-05
6.45863e-05
6.45861e-05
6.45859e-05
6.45856e-05
6.45854e-05
6.45852e-05
6.45849e-05
6.45847e-05
6.45845e-05
6.45843e-05
6.4584e-05
6.45838e-05
6.45836e-05
6.45833e-05
6.45831e-05
6.45829e-05
6.45826e-05
6.45824e-05
6.45822e-05
6.45819e-05
6.45817e-05
6.45815e-05
6.45812e-05
6.4581e-05
6.45808e-05
6.45805e-05
6.45803e-05
6.45801e-05
6.45799e-05
6.45796e-05
6.45794e-05
6.45792e-05
6.45789e-05
6.45787e-05
6.45785e-05
6.45782e-05
6.4578e-05
6.45778e-05
6.45775e-05
6.45773e-05
6.45771e-05
6.45768e-05
6.45766e-05
6.45764e-05
6.45761e-05
6.45759e-05
6.45757e-05
6.45755e-05
6.45752e-05
6.4575e-05
6.45748e-05
6.45745e-05
6.45743e-05
6.45741e-05
6.45738e-05
6.45736e-05
6.45734e-05
6.45731e-05
6.45729e-05
6.45727e-05
6.45724e-05
6.45722e-05
6.4572e-05
6.45717e-05
6.45715e-05
6.45713e-05
6.45711e-05
6.45708e-05
6.45706e-05
6.45704e-05
6.45701e-05
6.45699e-05
6.45697e-05
6.45694e-05
6.45692e-05
6.4569e-05
6.45687e-05
6.45685e-05
6.45683e-05
6.4568e-05
6.45678e-05
6.45676e-05
6.45673e-05
6.45671e-05
6.45669e-05
6.45667e-05
6.45664e-05
6.45662e-05
6.4566e-05
6.45657e-05
6.45655e-05
6.45653e-05
6.4565e-05
6.45648e-05
6.45646e-05
6.45643e-05
6.45641e-05
6.45639e-05
6.45636e-05
6.45634e-05
6.45632e-05
6.4563e-05
6.45627e-05
6.45625e-05
6.45623e-05
6.4562e-05
6.45618e-05
6.45616e-05
6.45613e-05
6.45611e-05
6.45609e-05
6.45606e-05
6.45604e-05
6.45602e-05
6.45599e-05
6.45597e-05
6.45595e-05
6.45593e-05
6.4559e-05
6.45588e-05
6.45586e-05
6.45583e-05
6.45581e-05
6.45579e-05
6.45576e-05
6.45574e-05
6.45572e-05
6.45569e-05
6.45567e-05
6.45565e-05
6.45562e-05
6.4556e-05
6.45558e-05
6.45556e-05
6.45553e-05
6.45551e-05
6.45549e-05
6.45546e-05
6.45544e-05
6.45542e-05
6.45539e-05
6.45537e-05
6.45535e-05
6.45532e-05
6.4553e-05
6.45528e-05
6.45525e-05
6.45523e-05
6.45521e-05
6.45519e-05
6.45516e-05
6.45514e-05
6.45512e-05
6.45509e-05
6.45507e-05
6.45505e-05
6.45502e-05
6.455e-05
6.45498e-05
6.45495e-05
6.45493e-05
6.45491e-05
6.45488e-05
6.45486e-05
6.45484e-05
6.45482e-05
6.45479e-05
6.45477e-05
6.45475e-05
6.45472e-05
6.4547e-05
6.45468e-05
6.45465e-05
6.45463e-05
6.45461e-05
6.45458e-05
6.45456e-05
6.45454e-05
6.45452e-05
6.45449e-05
6.45447e-05
6.45445e-05
6.45442e-05
6.4544e-05
6.45438e-05
6.45435e-05
6.45433e-05
6.45431e-05
6.45428e-05
6.45426e-05
6.45424e-05
6.45421e-05
6.45419e-05
6.45417e-05
6.45415e-05
6.45412e-05
6.4541e-05
6.45408e-05
6.45405e-05
6.45403e-05
6.45401e-05
6.45398e-05
6.45396e-05
6.45394e-05
6.45391e-05
6.45389e-05
6.45387e-05
6.45385e-05
6.45382e-05
6.4538e-05
6.45378e-05
6.45375e-05
6.45373e-05
6.45371e-05
6.45368e-05
6.45366e-05
6.45364e-05
6.45361e-05
6.45359e-05
6.45357e-05
6.45355e-05
6.45352e-05
6.4535e-05
6.45348e-05
6.45345e-05
6.45343e-05
6.45341e-05
6.45338e-05
6.45336e-05
6.45334e-05
6.45331e-05
6.45329e-05
6.45327e-05
6.45324e-05
6.45322e-05
6.4532e-05
6.45318e-05
6.45315e-05
6.45313e-05
6.45311e-05
6.45308e-05
6.45306e-05
6.45304e-05
6.45301e-05
6.45299e-05
6.45297e-05
6.45294e-05
6.45292e-05
6.4529e-05
6.45288e-05
6.45285e-05
6.45283e-05
6.45281e-05
6.45278e-05
6.45276e-05
6.45274e-05
6.45271e-05
6.45269e-05
6.45267e-05
6.45264e-05
6.45262e-05
6.4526e-05
6.45258e-05
6.45255e-05
6.45253e-05
6.45251e-05
6.45248e-05
6.45246e-05
6.45244e-05
6.45241e-05
6.45239e-05
6.45237e-05
6.45235e-05
6.45232e-05
6.4523e-05
6.45228e-05
6.45225e-05
6.45223e-05
6.45221e-05
6.45218e-05
6.45216e-05
6.45214e-05
6.45211e-05
6.45209e-05
6.45207e-05
6.45205e-05
6.45202e-05
6.452e-05
6.45198e-05
6.45195e-05
6.45193e-05
6.45191e-05
6.45188e-05
6.45186e-05
6.45184e-05
6.45181e-05
6.45179e-05
6.45177e-05
6.45175e-05
6.45172e-05
6.4517e-05
6.45168e-05
6.45165e-05
6.45163e-05
6.45161e-05
6.45158e-05
6.45156e-05
6.45154e-05
6.45151e-05
6.45149e-05
6.45147e-05
6.45145e-05
6.45142e-05
6.4514e-05
6.45138e-05
6.45135e-05
6.45133e-05
6.45131e-05
6.45128e-05
6.45126e-05
6.45124e-05
6.45122e-05
6.45119e-05
6.45117e-05
6.45115e-05
6.45112e-05
6.4511e-05
6.45108e-05
6.45105e-05
6.45103e-05
6.45101e-05
6.45098e-05
6.45096e-05
6.45094e-05
6.45092e-05
6.45089e-05
6.45087e-05
6.45085e-05
6.45082e-05
6.4508e-05
6.45078e-05
6.45075e-05
6.45073e-05
6.45071e-05
6.45069e-05
6.45066e-05
6.45064e-05
6.45062e-05
6.45059e-05
6.45057e-05
6.45055e-05
6.45052e-05
6.4505e-05
6.45048e-05
6.45046e-05
6.45043e-05
6.45041e-05
6.45039e-05
6.45036e-05
6.45034e-05
6.45032e-05
6.45029e-05
6.45027e-05
6.45025e-05
6.45022e-05
6.4502e-05
6.45018e-05
6.45016e-05
6.45013e-05
6.45011e-05
6.45009e-05
6.45006e-05
6.45004e-05
6.45002e-05
6.44999e-05
6.44997e-05
6.44995e-05
6.44993e-05
6.4499e-05
6.44988e-05
6.44986e-05
6.44983e-05
6.44981e-05
6.44979e-05
6.44976e-05
6.44974e-05
6.44972e-05
6.4497e-05
6.44967e-05
6.44965e-05
6.44963e-05
6.4496e-05
6.44958e-05
6.44956e-05
6.44953e-05
6.44951e-05
6.44949e-05
6.44946e-05
6.44944e-05
6.44942e-05
6.4494e-05
6.44937e-05
6.44935e-05
6.44933e-05
6.4493e-05
6.44928e-05
6.44926e-05
6.44923e-05
6.44921e-05
6.44919e-05
6.44917e-05
6.44914e-05
6.44912e-05
6.4491e-05
6.44907e-05
6.44905e-05
6.44903e-05
6.449e-05
6.44898e-05
6.44896e-05
6.44894e-05
6.44891e-05
6.44889e-05
6.44887e-05
6.44884e-05
6.44882e-05
6.4488e-05
6.44877e-05
6.44875e-05
6.44873e-05
6.44871e-05
6.44868e-05
6.44866e-05
6.44864e-05
6.44861e-05
6.44859e-05
6.44857e-05
6.44854e-05
6.44852e-05
6.4485e-05
6.44848e-05
6.44845e-05
6.44843e-05
6.44841e-05
6.44838e-05
6.44836e-05
6.44834e-05
6.44831e-05
6.44829e-05
6.44827e-05
6.44825e-05
6.44822e-05
6.4482e-05
6.44818e-05
6.44815e-05
6.44813e-05
6.44811e-05
6.44808e-05
6.44806e-05
6.44804e-05
6.44802e-05
6.44799e-05
6.44797e-05
6.44795e-05
6.44792e-05
6.4479e-05
6.44788e-05
6.44785e-05
6.44783e-05
6.44781e-05
6.44779e-05
6.44776e-05
6.44774e-05
6.44772e-05
6.44769e-05
6.44767e-05
6.44765e-05
6.44763e-05
6.4476e-05
6.44758e-05
6.44756e-05
6.44753e-05
6.44751e-05
6.44749e-05
6.44746e-05
6.44744e-05
6.44742e-05
6.4474e-05
6.44737e-05
6.44735e-05
6.44733e-05
6.4473e-05
6.44728e-05
6.44726e-05
6.44723e-05
6.44721e-05
6.44719e-05
6.44717e-05
6.44714e-05
6.44712e-05
6.4471e-05
6.44707e-05
6.44705e-05
6.44703e-05
6.447e-05
6.44698e-05
6.44696e-05
6.44694e-05
6.44691e-05
6.44689e-05
6.44687e-05
6.44684e-05
6.44682e-05
6.4468e-05
6.44677e-05
6.44675e-05
6.44673e-05
6.44671e-05
6.44668e-05
6.44666e-05
6.44664e-05
6.44661e-05
6.44659e-05
6.44657e-05
6.44655e-05
6.44652e-05
6.4465e-05
6.44648e-05
6.44645e-05
6.44643e-05
6.44641e-05
6.44638e-05
6.44636e-05
6.44634e-05
6.44632e-05
6.44629e-05
6.44627e-05
6.44625e-05
6.44622e-05
6.4462e-05
6.44618e-05
6.44615e-05
6.44613e-05
6.44611e-05
6.44609e-05
6.44606e-05
6.44604e-05
6.44602e-05
6.44599e-05
6.44597e-05
6.44595e-05
6.44593e-05
6.4459e-05
6.44588e-05
6.44586e-05
6.44583e-05
6.44581e-05
6.44579e-05
6.44576e-05
6.44574e-05
6.44572e-05
6.4457e-05
6.44567e-05
6.44565e-05
6.44563e-05
6.4456e-05
6.44558e-05
6.44556e-05
6.44554e-05
6.44551e-05
6.44549e-05
6.44547e-05
6.44544e-05
6.44542e-05
6.4454e-05
6.44537e-05
6.44535e-05
6.44533e-05
6.44531e-05
6.44528e-05
6.44526e-05
6.44524e-05
6.44521e-05
6.44519e-05
6.44517e-05
6.44515e-05
6.44512e-05
6.4451e-05
6.44508e-05
6.44505e-05
6.44503e-05
6.44501e-05
6.44498e-05
6.44496e-05
6.44494e-05
6.44492e-05
6.44489e-05
6.44487e-05
6.44485e-05
6.44482e-05
6.4448e-05
6.44478e-05
6.44476e-05
6.44473e-05
6.44471e-05
6.44469e-05
6.44466e-05
6.44464e-05
6.44462e-05
6.44459e-05
6.44457e-05
6.44455e-05
6.44453e-05
6.4445e-05
6.44448e-05
6.44446e-05
6.44443e-05
6.44441e-05
6.44439e-05
6.44437e-05
6.44434e-05
6.44432e-05
6.4443e-05
6.44427e-05
6.44425e-05
6.44423e-05
6.4442e-05
6.44418e-05
6.44416e-05
6.44414e-05
6.44411e-05
6.44409e-05
6.44407e-05
6.44404e-05
6.44402e-05
6.444e-05
6.44398e-05
6.44395e-05
6.44393e-05
6.44391e-05
6.44388e-05
6.44386e-05
6.44384e-05
6.44382e-05
6.44379e-05
6.44377e-05
6.44375e-05
6.44372e-05
6.4437e-05
6.44368e-05
6.44365e-05
6.44363e-05
6.44361e-05
6.44359e-05
6.44356e-05
6.44354e-05
6.44352e-05
6.44349e-05
6.44347e-05
6.44345e-05
6.44343e-05
6.4434e-05
6.44338e-05
6.44336e-05
6.44333e-05
6.44331e-05
6.44329e-05
6.44327e-05
6.44324e-05
6.44322e-05
6.4432e-05
6.44317e-05
6.44315e-05
6.44313e-05
6.44311e-05
6.44308e-05
6.44306e-05
6.44304e-05
6.44301e-05
6.44299e-05
6.44297e-05
6.44294e-05
6.44292e-05
6.4429e-05
6.44288e-05
6.44285e-05
6.44283e-05
6.44281e-05
6.44278e-05
6.44276e-05
6.44274e-05
6.44272e-05
6.44269e-05
6.44267e-05
6.44265e-05
6.44262e-05
6.4426e-05
6.44258e-05
6.44256e-05
6.44253e-05
6.44251e-05
6.44249e-05
6.44246e-05
6.44244e-05
6.44242e-05
6.4424e-05
6.44237e-05
6.44235e-05
6.44233e-05
6.4423e-05
6.44228e-05
6.44226e-05
6.44224e-05
6.44221e-05
6.44219e-05
6.44217e-05
6.44214e-05
6.44212e-05
6.4421e-05
6.44207e-05
6.44205e-05
6.44203e-05
6.44201e-05
6.44198e-05
6.44196e-05
6.44194e-05
6.44191e-05
6.44189e-05
6.44187e-05
6.44185e-05
6.44182e-05
6.4418e-05
6.44178e-05
6.44175e-05
6.44173e-05
6.44171e-05
6.44169e-05
6.44166e-05
6.44164e-05
6.44162e-05
6.44159e-05
6.44157e-05
6.44155e-05
6.44153e-05
6.4415e-05
6.44148e-05
6.44146e-05
6.44143e-05
6.44141e-05
6.44139e-05
6.44137e-05
6.44134e-05
6.44132e-05
6.4413e-05
6.44127e-05
6.44125e-05
6.44123e-05
6.44121e-05
6.44118e-05
6.44116e-05
6.44114e-05
6.44111e-05
6.44109e-05
6.44107e-05
6.44105e-05
6.44102e-05
6.441e-05
6.44098e-05
6.44095e-05
6.44093e-05
6.44091e-05
6.44089e-05
6.44086e-05
6.44084e-05
6.44082e-05
6.44079e-05
6.44077e-05
6.44075e-05
6.44073e-05
6.4407e-05
6.44068e-05
6.44066e-05
6.44063e-05
6.44061e-05
6.44059e-05
6.44057e-05
6.44054e-05
6.44052e-05
6.4405e-05
6.44047e-05
6.44045e-05
6.44043e-05
6.44041e-05
6.44038e-05
6.44036e-05
6.44034e-05
6.44031e-05
6.44029e-05
6.44027e-05
6.44025e-05
6.44022e-05
6.4402e-05
6.44018e-05
6.44015e-05
6.44013e-05
6.44011e-05
6.44009e-05
6.44006e-05
6.44004e-05
6.44002e-05
6.43999e-05
6.43997e-05
6.43995e-05
6.43993e-05
6.4399e-05
6.43988e-05
6.43986e-05
6.43983e-05
6.43981e-05
6.43979e-05
6.43977e-05
6.43974e-05
6.43972e-05
6.4397e-05
6.43967e-05
6.43965e-05
6.43963e-05
6.43961e-05
6.43958e-05
6.43956e-05
6.43954e-05
6.43951e-05
6.43949e-05
6.43947e-05
6.43945e-05
6.43942e-05
6.4394e-05
6.43938e-05
6.43935e-05
6.43933e-05
6.43931e-05
6.43929e-05
6.43926e-05
6.43924e-05
6.43922e-05
6.43919e-05
6.43917e-05
6.43915e-05
6.43913e-05
6.4391e-05
6.43908e-05
6.43906e-05
6.43903e-05
6.43901e-05
6.43899e-05
6.43897e-05
6.43894e-05
6.43892e-05
6.4389e-05
6.43887e-05
6.43885e-05
6.43883e-05
6.43881e-05
6.43878e-05
6.43876e-05
6.43874e-05
6.43871e-05
6.43869e-05
6.43867e-05
6.43865e-05
6.43862e-05
6.4386e-05
6.43858e-05
6.43856e-05
6.43853e-05
6.43851e-05
6.43849e-05
6.43846e-05
6.43844e-05
6.43842e-05
6.4384e-05
6.43837e-05
6.43835e-05
6.43833e-05
6.4383e-05
6.43828e-05
6.43826e-05
6.43824e-05
6.43821e-05
6.43819e-05
6.43817e-05
6.43814e-05
6.43812e-05
6.4381e-05
6.43808e-05
6.43805e-05
6.43803e-05
6.43801e-05
6.43798e-05
6.43796e-05
6.43794e-05
6.43792e-05
6.43789e-05
6.43787e-05
6.43785e-05
6.43782e-05
6.4378e-05
6.43778e-05
6.43776e-05
6.43773e-05
6.43771e-05
6.43769e-05
6.43767e-05
6.43764e-05
6.43762e-05
6.4376e-05
6.43757e-05
6.43755e-05
6.43753e-05
6.43751e-05
6.43748e-05
6.43746e-05
6.43744e-05
6.43741e-05
6.43739e-05
6.43737e-05
6.43735e-05
6.43732e-05
6.4373e-05
6.43728e-05
6.43725e-05
6.43723e-05
6.43721e-05
6.43719e-05
6.43716e-05
6.43714e-05
6.43712e-05
6.4371e-05
6.43707e-05
6.43705e-05
6.43703e-05
6.437e-05
6.43698e-05
6.43696e-05
6.43694e-05
6.43691e-05
6.43689e-05
6.43687e-05
6.43684e-05
6.43682e-05
6.4368e-05
6.43678e-05
6.43675e-05
6.43673e-05
6.43671e-05
6.43668e-05
6.43666e-05
6.43664e-05
6.43662e-05
6.43659e-05
6.43657e-05
6.43655e-05
6.43653e-05
6.4365e-05
6.43648e-05
6.43646e-05
6.43643e-05
6.43641e-05
6.43639e-05
6.43637e-05
6.43634e-05
6.43632e-05
6.4363e-05
6.43627e-05
6.43625e-05
6.43623e-05
6.43621e-05
6.43618e-05
6.43616e-05
6.43614e-05
6.43612e-05
6.43609e-05
6.43607e-05
6.43605e-05
6.43602e-05
6.436e-05
6.43598e-05
6.43596e-05
6.43593e-05
6.43591e-05
6.43589e-05
6.43586e-05
6.43584e-05
6.43582e-05
6.4358e-05
6.43577e-05
6.43575e-05
6.43573e-05
6.43571e-05
6.43568e-05
6.43566e-05
6.43564e-05
6.43561e-05
6.43559e-05
6.43557e-05
6.43555e-05
6.43552e-05
6.4355e-05
6.43548e-05
6.43545e-05
6.43543e-05
6.43541e-05
6.43539e-05
6.43536e-05
6.43534e-05
6.43532e-05
6.4353e-05
6.43527e-05
6.43525e-05
6.43523e-05
6.4352e-05
6.43518e-05
6.43516e-05
6.43514e-05
6.43511e-05
6.43509e-05
6.43507e-05
6.43504e-05
6.43502e-05
6.435e-05
6.43498e-05
6.43495e-05
6.43493e-05
6.43491e-05
6.43489e-05
6.43486e-05
6.43484e-05
6.43482e-05
6.43479e-05
6.43477e-05
6.43475e-05
6.43473e-05
6.4347e-05
6.43468e-05
6.43466e-05
6.43464e-05
6.43461e-05
6.43459e-05
6.43457e-05
6.43454e-05
6.43452e-05
6.4345e-05
6.43448e-05
6.43445e-05
6.43443e-05
6.43441e-05
6.43438e-05
6.43436e-05
6.43434e-05
6.43432e-05
6.43429e-05
6.43427e-05
6.43425e-05
6.43423e-05
6.4342e-05
6.43418e-05
6.43416e-05
6.43413e-05
6.43411e-05
6.43409e-05
6.43407e-05
6.43404e-05
6.43402e-05
6.434e-05
6.43398e-05
6.43395e-05
6.43393e-05
6.43391e-05
6.43388e-05
6.43386e-05
6.43384e-05
6.43382e-05
6.43379e-05
6.43377e-05
6.43375e-05
6.43373e-05
6.4337e-05
6.43368e-05
6.43366e-05
6.43363e-05
6.43361e-05
6.43359e-05
6.43357e-05
6.43354e-05
6.43352e-05
6.4335e-05
6.43348e-05
6.43345e-05
6.43343e-05
6.43341e-05
6.43338e-05
6.43336e-05
6.43334e-05
6.43332e-05
6.43329e-05
6.43327e-05
6.43325e-05
6.43323e-05
6.4332e-05
6.43318e-05
6.43316e-05
6.43313e-05
6.43311e-05
6.43309e-05
6.43307e-05
6.43304e-05
6.43302e-05
6.433e-05
6.43297e-05
6.43295e-05
6.43293e-05
6.43291e-05
6.43288e-05
6.43286e-05
6.43284e-05
6.43282e-05
6.43279e-05
6.43277e-05
6.43275e-05
6.43273e-05
6.4327e-05
6.43268e-05
6.43266e-05
6.43263e-05
6.43261e-05
6.43259e-05
6.43257e-05
6.43254e-05
6.43252e-05
6.4325e-05
6.43248e-05
6.43245e-05
6.43243e-05
6.43241e-05
6.43238e-05
6.43236e-05
6.43234e-05
6.43232e-05
6.43229e-05
6.43227e-05
6.43225e-05
6.43223e-05
6.4322e-05
6.43218e-05
6.43216e-05
6.43213e-05

