5e-05
5e-05
5e-05
5e-05
5e-05
5e-05
5e-05
5e-05
5e-05
5e-05
5e-05
5e-05
5e-05
5e-05
5e-05
5e-05
5e-05
5e-05
5e-05
5e-05
5e-05
5e-05
5e-05
5e-05
5e-05
5e-05
5e-05
5e-05
5e-05
5e-05
5e-05
5e-05
5e-05
5e-05
5e-05
5e-05
5e-05
5e-05
5e-05
5e-05
5e-05
5e-05
5e-05
5e-05
5e-05
5e-05
5e-05
5e-05
5e-05
5e-05
5e-05
5e-05
5e-05
5e-05
5e-05
5e-05
5e-05
5e-05
5e-05
5e-05
5e-05
5e-05
5e-05
5e-05
5e-05
5e-05
5e-05
5e-05
5e-05
5e-05
5e-05
5e-05
5e-05
5e-05
5e-05
5e-05
5e-05
5e-05
5e-05
5e-05
5e-05
5e-05
5e-05
5e-05
5e-05
5e-05
5e-05
5e-05
5e-05
5e-05
5e-05
5e-05
5e-05
5e-05
5e-05
5e-05
5e-05
5e-05
5e-05
5e-05
5e-05
5e-05
5e-05
5e-05
5e-05
5e-05
5e-05
5e-05
5e-05
5e-05
5e-05
5e-05
5e-05
5e-05
5e-05
5e-05
5e-05
5e-05
5e-05
5e-05
5e-05
5e-05
5e-05
5e-05
5e-05
5e-05
5e-05
5e-05
5e-05
5e-05
5e-05
5e-05
5e-05
5e-05
5e-05
5e-05
5e-05
5e-05
5e-05
5e-05
5e-05
5e-05
5e-05
5e-05
5e-05
5e-05
5e-05
5e-05
5e-05
5e-05
5e-05
5e-05
5e-05
5e-05
5e-05
5e-05
5e-05
5e-05
5e-05
5e-05
5e-05
5e-05
5e-05
5e-05
5e-05
5e-05
5e-05
5e-05
5e-05
5e-05
5e-05
5e-05
5e-05
5e-05
5e-05
5e-05
5e-05
5e-05
5e-05
5e-05
5e-05
5e-05
5e-05
5e-05
5e-05
5e-05
5e-05
5e-05
5e-05
5e-05
5e-05
5e-05
5e-05
5e-05
5e-05
5e-05
5e-05
5e-05
5e-05
5e-05
5e-05
5e-05
5e-05
5e-05
5e-05
5e-05
5e-05
5e-05
5e-05
5e-05
5e-05
5e-05
5e-05
5e-05
5e-05
5e-05
5e-05
5e-05
5e-05
5e-05
5e-05
5e-05
5e-05
5e-05
5e-05
5e-05
5e-05
5e-05
5e-05
5e-05
5e-05
5e-05
5e-05
5e-05
5e-05
5e-05
5e-05
5e-05
5e-05
5e-05
5e-05
5e-05
5e-05
5e-05
5e-05
5e-05
5e-05
5e-05
5e-05
5e-05
5e-05
5e-05
5e-05
5e-05
5e-05
5e-05
5e-05
5e-05
5e-05
5e-05
5e-05
5e-05
5e-05
5e-05
5e-05
5e-05
5e-05
5e-05
5e-05
5e-05
5e-05
5e-05
5e-05
5e-05
5e-05
5e-05
5e-05
5e-05
5e-05
5e-05
5e-05
5e-05
5e-05
5e-05
5e-05
5e-05
5e-05
5e-05
5e-05
5e-05
5e-05
5e-05
5e-05
5e-05
5e-05
5e-05
5e-05
5e-05
5e-05
5e-05
5e-05
5e-05
5e-05
5e-05
5e-05
5e-05
5e-05
5e-05
5e-05
5e-05
5e-05
5e-05
5e-05
5e-05
5e-05
5e-05
5e-05
5e-05
5e-05
5e-05
5e-05
5e-05
5e-05
5e-05
5e-05
5e-05
5e-05
5e-05
5e-05
5e-05
5e-05
5e-05
5e-05
5e-05
5e-05
5e-05
5e-05
5e-05
5e-05
5e-05
5e-05
5e-05
5e-05
5e-05
5e-05
5e-05
5e-05
5e-05
5e-05
5e-05
5e-05
5e-05
5e-05
5e-05
5e-05
5e-05
5e-05
5e-05
5e-05
5e-05
5e-05
5e-05
5e-05
5e-05
5e-05
5e-05
5e-05
5e-05
5e-05
5e-05
5e-05
5e-05
5e-05
5e-05
5e-05
5e-05
5e-05
5e-05
5e-05
5e-05
5e-05
5e-05
5e-05
5e-05
5e-05
5e-05
5e-05
5e-05
5e-05
5e-05
5e-05
5e-05
5e-05
5e-05
5e-05
5e-05
5e-05
5e-05
5e-05
5e-05
5e-05
5e-05
5e-05
5e-05
5e-05
5e-05
5e-05
5e-05
5e-05
5e-05
5e-05
5e-05
5e-05
5e-05
5e-05
5e-05
5e-05
5e-05
5e-05
5e-05
5e-05
5e-05
5e-05
5e-05
5e-05
5e-05
5e-05
5e-05
5e-05
5e-05
5e-05
5e-05
5e-05
5e-05
5e-05
5e-05
5e-05
5e-05
5e-05
5e-05
5e-05
5e-05
5e-05
5e-05
5e-05
5e-05
5e-05
5e-05
5e-05
5e-05
5e-05
5e-05
5e-05
5e-05
5e-05
5e-05
5e-05
5e-05
5e-05
5e-05
5e-05
5e-05
5e-05
5e-05
5e-05
5e-05
5e-05
5e-05
5e-05
5e-05
5e-05
5e-05
5e-05
5e-05
5e-05
5e-05
5e-05
5e-05
5e-05
5e-05
5e-05
5e-05
5e-05
5e-05
5e-05
5e-05
5e-05
5e-05
5e-05
5e-05
5e-05
5e-05
5e-05
5e-05
5e-05
5e-05
5e-05
5e-05
5e-05
5e-05
5e-05
5e-05
5e-05
5e-05
5e-05
5e-05
5e-05
5e-05
5e-05
5e-05
5e-05
5e-05
5e-05
5e-05
5e-05
5e-05
5e-05
5e-05
5e-05
5e-05
5e-05
5e-05
5e-05
5e-05
5e-05
5e-05
5e-05
5e-05
5e-05
5e-05
5e-05
5e-05
5e-05
5e-05
5e-05
5e-05
5e-05
5e-05
5e-05
5e-05
5e-05
5e-05
5e-05
5e-05
5e-05
5e-05
5e-05
5e-05
5e-05
5e-05
5e-05
5e-05
5e-05
5e-05
5e-05
5e-05
5e-05
5e-05
5e-05
5e-05
5e-05
5e-05
5e-05
5e-05
5e-05
5e-05
5e-05
5e-05
5e-05
5e-05
5e-05
5e-05
5e-05
5e-05
5e-05
5e-05
5e-05
5e-05
5e-05
5e-05
5e-05
5e-05
5e-05
5e-05
5e-05
5e-05
5e-05
5e-05
5e-05
5e-05
5e-05
5e-05
5e-05
5e-05
5e-05
5e-05
5e-05
5e-05
5e-05
5e-05
5e-05
5e-05
5e-05
5e-05
5e-05
5e-05
5e-05
5e-05
5e-05
5e-05
5e-05
5e-05
5e-05
5e-05
5e-05
5e-05
5e-05
5e-05
5e-05
5e-05
5e-05
5e-05
5e-05
5e-05
5e-05
5e-05
5e-05
5e-05
5e-05
5e-05
5e-05
5e-05
5e-05
5e-05
5e-05
5e-05
5e-05
5e-05
5e-05
5e-05
5e-05
5e-05
5e-05
5e-05
5e-05
5e-05
5e-05
5e-05
5e-05
5e-05
5e-05
5e-05
5e-05
5e-05
5e-05
5e-05
5e-05
5e-05
5e-05
5e-05
5e-05
5e-05
5e-05
5e-05
5e-05
5e-05
5e-05
5e-05
5e-05
5e-05
5e-05
5e-05
5e-05
5e-05
5e-05
5e-05
5e-05
5e-05
5e-05
5e-05
5e-05
5e-05
5e-05
5e-05
5e-05
5e-05
5e-05
5e-05
5e-05
5e-05
5e-05
5e-05
5e-05
5e-05
5e-05
5e-05
5e-05
5e-05
5e-05
5e-05
5e-05
5e-05
5e-05
5e-05
5e-05
5e-05
5e-05
5e-05
5e-05
5e-05
5e-05
5e-05
5e-05
5e-05
5e-05
5e-05
5e-05
5e-05
5e-05
5e-05
5e-05
5e-05
5e-05
5e-05
5e-05
5e-05
5e-05
5e-05
5e-05
5e-05
5e-05
5e-05
5e-05
5e-05
5e-05
5e-05
5e-05
5e-05
5e-05
5e-05
5e-05
5e-05
5e-05
5e-05
5e-05
5e-05
5e-05
5e-05
5e-05
5e-05
5e-05
5e-05
5e-05
5e-05
5e-05
5e-05
5e-05
5e-05
5e-05
5e-05
5e-05
5e-05
5e-05
5e-05
5e-05
5e-05
5e-05
5e-05
5e-05
5e-05
5e-05
5e-05
5e-05
5e-05
5e-05
5e-05
5e-05
5e-05
5e-05
5e-05
5e-05
5e-05
5e-05
5e-05
5e-05
5e-05
5e-05
5e-05
5e-05
5e-05
5e-05
5e-05
5e-05
5e-05
5e-05
5e-05
5e-05
5e-05
5e-05
5e-05
5e-05
0.000205165
0.000281313
0.000322165
0.000347234
0.00036524
0.000380082
0.000393503
0.000406282
0.000418768
0.000431118
0.0004434
0.000455647
0.000467873
0.000480083
0.00049228
0.000504466
0.000516642
0.000528807
0.000540961
0.000553106
0.00056524
0.000577365
0.000589479
0.000601583
0.000613678
0.000625762
0.000637836
0.000649901
0.000661955
0.000674
0.000686035
0.00069806
0.000710076
0.000722082
0.000734078
0.000746064
0.000758041
0.000770008
0.000781965
0.000793913
0.000805851
0.00081778
0.0008297
0.00084161
0.00085351
0.000865401
0.000877283
0.000889156
0.000901019
0.000912872
0.000924717
0.000936552
0.000948378
0.000960195
0.000972003
0.000983802
0.000995591
0.00100737
0.00101914
0.00103091
0.00104266
0.0010544
0.00106614
0.00107786
0.00108958
0.00110129
0.00111299
0.00112468
0.00113636
0.00114804
0.0011597
0.00117136
0.001183
0.00119464
0.00120627
0.00121789
0.00122951
0.00124111
0.00125271
0.00126429
0.00112071
0.0010558
0.00102621
0.00101248
0.00100586
0.00100243
0.00100043
0.000999068
0.000997999
0.000997059
0.000996178
0.000995323
0.00099448
0.000993644
0.00099281
0.000991979
0.000991148
0.000990318
0.000989489
0.000988661
0.000987833
0.000987007
0.00098618
0.000985355
0.00098453
0.000983706
0.000982882
0.000982059
0.000981237
0.000980415
0.000979595
0.000978774
0.000977955
0.000977136
0.000976318
0.0009755
0.000974683
0.000973867
0.000973051
0.000972237
0.000971422
0.000970609
0.000969796
0.000968983
0.000968172
0.000967361
0.000966551
0.000965741
0.000964932
0.000964124
0.000963316
0.000962509
0.000961703
0.000960897
0.000960092
0.000959287
0.000958484
0.000957681
0.000956878
0.000956076
0.000955275
0.000954475
0.000953675
0.000952876
0.000952077
0.000951279
0.000950482
0.000949686
0.00094889
0.000948094
0.0009473
0.000946506
0.000945712
0.00094492
0.000944128
0.000943336
0.000942546
0.000941755
0.000940966
0.000940177
0.000939389
0.000938601
0.000937815
0.000937028
0.000936243
0.000935458
0.000934673
0.00093389
0.000933107
0.000932324
0.000931543
0.000930761
0.000929981
0.000929201
0.000928422
0.000927643
0.000926865
0.000926088
0.000925311
0.000924535
0.00092376
0.000922985
0.000922211
0.000921438
0.000920665
0.000919892
0.000919121
0.00091835
0.00091758
0.00091681
0.000916041
0.000915272
0.000914505
0.000913737
0.000912971
0.000912205
0.00091144
0.000910675
0.000909911
0.000909147
0.000908385
0.000907622
0.000906861
0.0009061
0.00090534
0.00090458
0.000903821
0.000903063
0.000902305
0.000901548
0.000900791
0.000900035
0.00089928
0.000898525
0.000897771
0.000897018
0.000896265
0.000895513
0.000894761
0.00089401
0.00089326
0.00089251
0.000891761
0.000891012
0.000890264
0.000889517
0.00088877
0.000888024
0.000887279
0.000886534
0.00088579
0.000885046
0.000884303
0.000883561
0.000882819
0.000882078
0.000881338
0.000880598
0.000879858
0.00087912
0.000878381
0.000877644
0.000876907
0.000876171
0.000875435
0.0008747
0.000873966
0.000873232
0.000872499
0.000871766
0.000871034
0.000870302
0.000869572
0.000868841
0.000868112
0.000867383
0.000866654
0.000865927
0.000865199
0.000864473
0.000863747
0.000863021
0.000862297
0.000861572
0.000860849
0.000860126
0.000859403
0.000858682
0.00085796
0.00085724
0.00085652
0.0008558
0.000855082
0.000854363
0.000853646
0.000852929
0.000852212
0.000851496
0.000850781
0.000850066
0.000849352
0.000848639
0.000847926
0.000847214
0.000846502
0.000845791
0.00084508
0.00084437
0.000843661
0.000842952
0.000842244
0.000841536
0.000840829
0.000840123
0.000839417
0.000838712
0.000838007
0.000837303
0.0008366
0.000835897
0.000835195
0.000834493
0.000833792
0.000833091
0.000832391
0.000831692
0.000830993
0.000830295
0.000829597
0.0008289
0.000828203
0.000827508
0.000826812
0.000826117
0.000825423
0.00082473
0.000824037
0.000823344
0.000822652
0.000821961
0.00082127
0.00082058
0.000819891
0.000819202
0.000818513
0.000817825
0.000817138
0.000816451
0.000815765
0.00081508
0.000814395
0.00081371
0.000813026
0.000812343
0.00081166
0.000810978
0.000810297
0.000809616
0.000808935
0.000808256
0.000807576
0.000806898
0.000806219
0.000805542
0.000804865
0.000804188
0.000803512
0.000802837
0.000802162
0.000801488
0.000800815
0.000800141
0.000799469
0.000798797
0.000798126
0.000797455
0.000796785
0.000796115
0.000795446
0.000794777
0.000794109
0.000793442
0.000792775
0.000792108
0.000791443
0.000790777
0.000790113
0.000789449
0.000788785
0.000788122
0.00078746
0.000786798
0.000786136
0.000785476
0.000784815
0.000784156
0.000783497
0.000782838
0.00078218
0.000781523
0.000780866
0.000780209
0.000779554
0.000778898
0.000778244
0.000777589
0.000776936
0.000776283
0.00077563
0.000774978
0.000774327
0.000773676
0.000773026
0.000772376
0.000771727
0.000771078
0.00077043
0.000769782
0.000769135
0.000768489
0.000767843
0.000767197
0.000766553
0.000765908
0.000765264
0.000764621
0.000763978
0.000763336
0.000762695
0.000762054
0.000761413
0.000760773
0.000760134
0.000759495
0.000758856
0.000758218
0.000757581
0.000756944
0.000756308
0.000755672
0.000755037
0.000754403
0.000753769
0.000753135
0.000752502
0.000751869
0.000751238
0.000750606
0.000749975
0.000749345
0.000748715
0.000748086
0.000747457
0.000746829
0.000746201
0.000745574
0.000744947
0.000744321
0.000743696
0.00074307
0.000742446
0.000741822
0.000741198
0.000740576
0.000739953
0.000739331
0.00073871
0.000738089
0.000737469
0.000736849
0.00073623
0.000735611
0.000734993
0.000734375
0.000733758
0.000733141
0.000732525
0.000731909
0.000731294
0.00073068
0.000730066
0.000729452
0.000728839
0.000728227
0.000727615
0.000727003
0.000726392
0.000725782
0.000725172
0.000724563
0.000723954
0.000723345
0.000722738
0.00072213
0.000721523
0.000720917
0.000720311
0.000719706
0.000719101
0.000718497
0.000717893
0.00071729
0.000716688
0.000716085
0.000715484
0.000714883
0.000714282
0.000713682
0.000713082
0.000712483
0.000711884
0.000711286
0.000710689
0.000710092
0.000709495
0.000708899
0.000708303
0.000707708
0.000707114
0.00070652
0.000705926
0.000705333
0.000704741
0.000704149
0.000703557
0.000702966
0.000702376
0.000701786
0.000701196
0.000700607
0.000700019
0.000699431
0.000698843
0.000698256
0.00069767
0.000697084
0.000696498
0.000695913
0.000695328
0.000694744
0.000694161
0.000693578
0.000692995
0.000692413
0.000691832
0.000691251
0.00069067
0.00069009
0.000689511
0.000688932
0.000688353
0.000687775
0.000687197
0.00068662
0.000686044
0.000685468
0.000684892
0.000684317
0.000683742
0.000683168
0.000682595
0.000682021
0.000681449
0.000680877
0.000680305
0.000679734
0.000679163
0.000678593
0.000678023
0.000677454
0.000676885
0.000676317
0.000675749
0.000675182
0.000674615
0.000674049
0.000673483
0.000672917
0.000672353
0.000671788
0.000671224
0.000670661
0.000670098
0.000669535
0.000668974
0.000668412
0.000667851
0.00066729
0.00066673
0.000666171
0.000665612
0.000665053
0.000664495
0.000663937
0.00066338
0.000662823
0.000662267
0.000661711
0.000661156
0.000660601
0.000660047
0.000659493
0.00065894
0.000658387
0.000657835
0.000657283
0.000656731
0.00065618
0.00065563
0.00065508
0.00065453
0.000653981
0.000653432
0.000652884
0.000652336
0.000651789
0.000651242
0.000650696
0.00065015
0.000649605
0.00064906
0.000648516
0.000647972
0.000647428
0.000646885
0.000646343
0.000645801
0.000645259
0.000644718
0.000644177
0.000643637
0.000643097
0.000642558
0.000642019
0.000641481
0.000640943
0.000640405
0.000639868
0.000639332
0.000638796
0.00063826
0.000637725
0.00063719
0.000636656
0.000636123
0.000635589
0.000635056
0.000634524
0.000633992
0.000633461
0.00063293
0.000632399
0.000631869
0.00063134
0.00063081
0.000630282
0.000629753
0.000629226
0.000628698
0.000628171
0.000627645
0.000627119
0.000626593
0.000626068
0.000625544
0.00062502
0.000624496
0.000623973
0.00062345
0.000622928
0.000622406
0.000621884
0.000621363
0.000620843
0.000620323
0.000619803
0.000619284
0.000618765
0.000618247
0.000617729
0.000617211
0.000616694
0.000616178
0.000615662
0.000615146
0.000614631
0.000614116
0.000613602
0.000613088
0.000612575
0.000612062
0.000611549
0.000611037
0.000610526
0.000610014
0.000609504
0.000608993
0.000608484
0.000607974
0.000607465
0.000606957
0.000606449
0.000605941
0.000605434
0.000604927
0.000604421
0.000603915
0.000603409
0.000602904
0.0006024
0.000601896
0.000601392
0.000600889
0.000600386
0.000599883
0.000599381
0.00059888
0.000598379
0.000597878
0.000597378
0.000596878
0.000596379
0.00059588
0.000595381
0.000594883
0.000594386
0.000593889
0.000593392
0.000592895
0.0005924
0.000591904
0.000591409
0.000590914
0.00059042
0.000589927
0.000589433
0.00058894
0.000588448
0.000587956
0.000587464
0.000586973
0.000586482
0.000585992
0.000585502
0.000585013
0.000584524
0.000584035
0.000583547
0.000583059
0.000582572
0.000582085
0.000581598
0.000581112
0.000580626
0.000580141
0.000579656
0.000579172
0.000578688
0.000578205
0.000577721
0.000577239
0.000576756
0.000576275
0.000575793
0.000575312
0.000574832
0.000574351
0.000573872
0.000573392
0.000572913
0.000572435
0.000571957
0.000571479
0.000571002
0.000570525
0.000570048
0.000569572
0.000569097
0.000568622
0.000568147
0.000567673
0.000567199
0.000566725
0.000566252
0.000565779
0.000565307
0.000564835
0.000564364
0.000563893
0.000563422
0.000562952
0.000562482
0.000562012
0.000561543
0.000561075
0.000560607
0.000560139
0.000559672
0.000559205
0.000558738
0.000558272
0.000557806
0.000557341
0.000556876
0.000556411
0.000555947
0.000555484
0.00055502
0.000554557
0.000554095
0.000553633
0.000553171
0.00055271
0.000552249
0.000551788
0.000551328
0.000550869
0.000550409
0.000549951
0.000549492
0.000549034
0.000548576
0.000548119
0.000547662
0.000547206
0.00054675
0.000546294
0.000545839
0.000545384
0.00054493
0.000544475
0.000544022
0.000543569
0.000543116
0.000542663
0.000542211
0.000541759
0.000541308
0.000540857
0.000540407
0.000539957
0.000539507
0.000539058
0.000538609
0.00053816
0.000537712
0.000537264
0.000536817
0.00053637
0.000535923
0.000535477
0.000535032
0.000534586
0.000534141
0.000533697
0.000533252
0.000532809
0.000532365
0.000531922
0.000531479
0.000531037
0.000530595
0.000530154
0.000529713
0.000529272
0.000528832
0.000528392
0.000527952
0.000527513
0.000527074
0.000526636
0.000526198
0.00052576
0.000525323
0.000524886
0.00052445
0.000524013
0.000523578
0.000523142
0.000522707
0.000522273
0.000521839
0.000521405
0.000520972
0.000520538
0.000520106
0.000519674
0.000519242
0.00051881
0.000518379
0.000517948
0.000517518
0.000517088
0.000516658
0.000516229
0.0005158
0.000515372
0.000514944
0.000514516
0.000514089
0.000513662
0.000513235
0.000512809
0.000512383
0.000511957
0.000511532
0.000511108
0.000510683
0.000510259
0.000509836
0.000509412
0.00050899
0.000508567
0.000508145
0.000507723
0.000507302
0.000506881
0.00050646
0.00050604
0.00050562
0.000505201
0.000504782
0.000504363
0.000503944
0.000503526
0.000503109
0.000502691
0.000502274
0.000501858
0.000501442
0.000501026
0.00050061
0.000500195
0.000499781
0.000499366
0.000498952
0.000498539
0.000498125
0.000497713
0.0004973
0.000496888
0.000496476
0.000496065
0.000495654
0.000495243
0.000494833
0.000494423
0.000494013
0.000493604
0.000493195
0.000492786
0.000492378
0.00049197
0.000491563
0.000491156
0.000490749
0.000490343
0.000489937
0.000489531
0.000489126
0.000488721
0.000488316
0.000487912
0.000487508
0.000487105
0.000486701
0.000486299
0.000485896
0.000485494
0.000485092
0.000484691
0.00048429
0.000483889
0.000483489
0.000483089
0.00048269
0.00048229
0.000481891
0.000481493
0.000481095
0.000480697
0.000480299
0.000479902
0.000479506
0.000479109
0.000478713
0.000478317
0.000477922
0.000477527
0.000477132
0.000476738
0.000476344
0.00047595
0.000475557
0.000475164
0.000474772
0.00047438
0.000473988
0.000473596
0.000473205
0.000472814
0.000472424
0.000472034
0.000471644
0.000471254
0.000470865
0.000470476
0.000470088
0.0004697
0.000469312
0.000468925
0.000468538
0.000468151
0.000467765
0.000467379
0.000466993
0.000466608
0.000466223
0.000465838
0.000465454
0.00046507
0.000464687
0.000464303
0.00046392
0.000463538
0.000463156
0.000462774
0.000462392
0.000462011
0.00046163
0.000461249
0.000460869
0.000460489
0.00046011
0.000459731
0.000459352
0.000458973
0.000458595
0.000458217
0.00045784
0.000457463
0.000457086
0.000456709
0.000456333
0.000455957
0.000455582
0.000455207
0.000454832
0.000454457
0.000454083
0.000453709
0.000453336
0.000452963
0.00045259
0.000452217
0.000451845
0.000451473
0.000451102
0.000450731
0.00045036
0.000449989
0.000449619
0.000449249
0.00044888
0.000448511
0.000448142
0.000447773
0.000447405
0.000447037
0.00044667
0.000446302
0.000445936
0.000445569
0.000445203
0.000444837
0.000444471
0.000444106
0.000443741
0.000443377
0.000443012
0.000442648
0.000442285
0.000441921
0.000441558
0.000441196
0.000440833
0.000440471
0.00044011
0.000439748
0.000439387
0.000439027
0.000438666
0.000438306
0.000437946
0.000437587
0.000437228
0.000436869
0.000436511
0.000436152
0.000435795
0.000435437
0.00043508
0.000434723
0.000434367
0.00043401
0.000433654
0.000433299
0.000432943
0.000432589
0.000432234
0.00043188
0.000431526
0.000431172
0.000430819
0.000430465
0.000430113
0.00042976
0.000429408
0.000429056
0.000428705
0.000428354
0.000428003
0.000427652
0.000427302
0.000426952
0.000426603
0.000426253
0.000425904
0.000425556
0.000425207
0.000424859
0.000424512
0.000424164
0.000423817
0.00042347
0.000423124
0.000422778
0.000422432
0.000422086
0.000421741
0.000421396
0.000421051
0.000420707
0.000420363
0.000420019
0.000419676
0.000419333
0.00041899
0.000418648
0.000418306
0.000417964
0.000417622
0.000417281
0.00041694
0.000416599
0.000416259
0.000415919
0.000415579
0.00041524
0.000414901
0.000414562
0.000414224
0.000413885
0.000413547
0.00041321
0.000412873
0.000412536
0.000412199
0.000411863
0.000411526
0.000411191
0.000410855
0.00041052
0.000410185
0.000409851
0.000409516
0.000409182
0.000408849
0.000408515
0.000408182
0.00040785
0.000407517
0.000407185
0.000406853
0.000406521
0.00040619
0.000405859
0.000405529
0.000405198
0.000404868
0.000404538
0.000404209
0.00040388
0.000403551
0.000403222
0.000402894
0.000402566
0.000402238
0.000401911
0.000401583
0.000401257
0.00040093
0.000400604
0.000400278
0.000399952
0.000399627
0.000399302
0.000398977
0.000398653
0.000398328
0.000398004
0.000397681
0.000397357
0.000397034
0.000396712
0.000396389
0.000396067
0.000395745
0.000395424
0.000395102
0.000394781
0.000394461
0.00039414
0.00039382
0.0003935
0.000393181
0.000392861
0.000392542
0.000392224
0.000391905
0.000391587
0.000391269
0.000390952
0.000390634
0.000390318
0.000390001
0.000389684
0.000389368
0.000389052
0.000388737
0.000388422
0.000388107
0.000387792
0.000387478
0.000387163
0.00038685
0.000386536
0.000386223
0.00038591
0.000385597
0.000385285
0.000384972
0.00038466
0.000384349
0.000384038
0.000383727
0.000383416
0.000383105
0.000382795
0.000382485
0.000382176
0.000381866
0.000381557
0.000381248
0.00038094
0.000380632
0.000380324
0.000380016
0.000379709
0.000379401
0.000379095
0.000378788
0.000378482
0.000378176
0.00037787
0.000377565
0.000377259
0.000376954
0.00037665
0.000376345
0.000376041
0.000375738
0.000375434
0.000375131
0.000374828
0.000374525
0.000374223
0.00037392
0.000373619
0.000373317
0.000373016
0.000372715
0.000372414
0.000372113
0.000371813
0.000371513
0.000371213
0.000370914
0.000370615
0.000370316
0.000370017
0.000369719
0.000369421
0.000369123
0.000368825
0.000368528
0.000368231
0.000367934
0.000367638
0.000367342
0.000367046
0.00036675
0.000366454
0.000366159
0.000365864
0.00036557
0.000365276
0.000364981
0.000364688
0.000364394
0.000364101
0.000363808
0.000363515
0.000363223
0.00036293
0.000362638
0.000362347
0.000362055
0.000361764
0.000361473
0.000361183
0.000360892
0.000360602
0.000360312
0.000360023
0.000359733
0.000359444
0.000359156
0.000358867
0.000358579
0.000358291
0.000358003
0.000357716
0.000357428
0.000357141
0.000356855
0.000356568
0.000356282
0.000355996
0.000355711
0.000355425
0.00035514
0.000354855
0.00035457
0.000354286
0.000354002
0.000353718
0.000353435
0.000353151
0.000352868
0.000352585
0.000352303
0.00035202
0.000351738
0.000351457
0.000351175
0.000350894
0.000350613
0.000350332
0.000350051
0.000349771
0.000349491
0.000349211
0.000348932
0.000348653
0.000348374
0.000348095
0.000347816
0.000347538
0.00034726
0.000346982
0.000346705
0.000346428
0.000346151
0.000345874
0.000345598
0.000345321
0.000345045
0.00034477
0.000344494
0.000344219
0.000343944
0.000343669
0.000343395
0.000343121
0.000342847
0.000342573
0.000342299
0.000342026
0.000341753
0.00034148
0.000341208
0.000340936
0.000340664
0.000340392
0.000340121
0.000339849
0.000339578
0.000339308
0.000339037
0.000338767
0.000338497
0.000338227
0.000337957
0.000337688
0.000337419
0.00033715
0.000336882
0.000336614
0.000336345
0.000336078
0.00033581
0.000335543
0.000335276
0.000335009
0.000334742
0.000334476
0.00033421
0.000333944
0.000333678
0.000333413
0.000333148
0.000332883
0.000332618
0.000332354
0.00033209
0.000331826
0.000331562
0.000331299
0.000331035
0.000330772
0.00033051
0.000330247
0.000329985
0.000329723
0.000329461
0.0003292
0.000328938
0.000328677
0.000328416
0.000328156
0.000327896
0.000327635
0.000327376
0.000327116
0.000326857
0.000326597
0.000326338
0.00032608
0.000325821
0.000325563
0.000325305
0.000325047
0.00032479
0.000324533
0.000324276
0.000324019
0.000323762
0.000323506
0.00032325
0.000322994
0.000322738
0.000322483
0.000322228
0.000321973
0.000321718
0.000321463
0.000321209
0.000320955
0.000320701
0.000320448
0.000320195
0.000319942
0.000319689
0.000319436
0.000319184
0.000318931
0.00031868
0.000318428
0.000318176
0.000317925
0.000317674
0.000317423
0.000317173
0.000316922
0.000316672
0.000316423
0.000316173
0.000315923
0.000315674
0.000315425
0.000315177
0.000314928
0.00031468
0.000314432
0.000314184
0.000313936
0.000313689
0.000313442
0.000313195
0.000312948
0.000312702
0.000312456
0.00031221
0.000311964
0.000311718
0.000311473
0.000311228
0.000310983
0.000310738
0.000310494
0.00031025
0.000310006
0.000309762
0.000309518
0.000309275
0.000309032
0.000308789
0.000308546
0.000308304
0.000308062
0.00030782
0.000307578
0.000307336
0.000307095
0.000306854
0.000306613
0.000306372
0.000306132
0.000305892
0.000305652
0.000305412
0.000305172
0.000304933
0.000304694
0.000304455
0.000304216
0.000303978
0.00030374
0.000303501
0.000303264
0.000303026
0.000302789
0.000302552
0.000302315
0.000302078
0.000301841
0.000301605
0.000301369
0.000301133
0.000300897
0.000300662
0.000300427
0.000300192
0.000299957
0.000299722
0.000299488
0.000299254
0.00029902
0.000298786
0.000298553
0.00029832
0.000298086
0.000297854
0.000297621
0.000297389
0.000297156
0.000296924
0.000296693
0.000296461
0.00029623
0.000295998
0.000295767
0.000295537
0.000295306
0.000295076
0.000294846
0.000294616
0.000294386
0.000294157
0.000293928
0.000293699
0.00029347
0.000293241
0.000293013
0.000292784
0.000292556
0.000292329
0.000292101
0.000291874
0.000291647
0.00029142
0.000291193
0.000290966
0.00029074
0.000290514
0.000290288
0.000290062
0.000289837
0.000289612
0.000289386
0.000289162
0.000288937
0.000288712
0.000288488
0.000288264
0.00028804
0.000287817
0.000287593
0.00028737
0.000287147
0.000286924
0.000286702
0.000286479
0.000286257
0.000286035
0.000285813
0.000285592
0.00028537
0.000285149
0.000284928
0.000284707
0.000284487
0.000284266
0.000284046
0.000283826
0.000283606
0.000283387
0.000283168
0.000282948
0.000282729
0.000282511
0.000282292
0.000282074
0.000281856
0.000281638
0.00028142
0.000281202
0.000280985
0.000280768
0.000280551
0.000280334
0.000280118
0.000279901
0.000279685
0.000279469
0.000279253
0.000279038
0.000278822
0.000278607
0.000278392
0.000278178
0.000277963
0.000277749
0.000277534
0.000277321
0.000277107
0.000276893
0.00027668
0.000276467
0.000276254
0.000276041
0.000275828
0.000275616
0.000275404
0.000275192
0.00027498
0.000274768
0.000274557
0.000274345
0.000274134
0.000273924
0.000273713
0.000273502
0.000273292
0.000273082
0.000272872
0.000272663
0.000272453
0.000272244
0.000272035
0.000271826
0.000271617
0.000271409
0.0002712
0.000270992
0.000270784
0.000270576
0.000270369
0.000270161
0.000269954
0.000269747
0.00026954
0.000269334
0.000269127
0.000268921
0.000268715
0.000268509
0.000268304
0.000268098
0.000267893
0.000267688
0.000267483
0.000267278
0.000267074
0.000266869
0.000266665
0.000266461
0.000266257
0.000266054
0.00026585
0.000265647
0.000265444
0.000265241
0.000265039
0.000264836
0.000264634
0.000264432
0.00026423
0.000264028
0.000263827
0.000263625
0.000263424
0.000263223
0.000263022
0.000262822
0.000262621
0.000262421
0.000262221
0.000262021
0.000261822
0.000261622
0.000261423
0.000261224
0.000261025
0.000260826
0.000260627
0.000260429
0.000260231
0.000260033
0.000259835
0.000259637
0.00025944
0.000259243
0.000259045
0.000258848
0.000258652
0.000258455
0.000258259
0.000258063
0.000257867
0.000257671
0.000257475
0.00025728
0.000257084
0.000256889
0.000256694
0.000256499
0.000256305
0.00025611
0.000255916
0.000255722
0.000255528
0.000255335
0.000255141
0.000254948
0.000254755
0.000254562
0.000254369
0.000254176
0.000253984
0.000253792
0.0002536
0.000253408
0.000253216
0.000253024
0.000252833
0.000252642
0.000252451
0.00025226
0.000252069
0.000251879
0.000251689
0.000251498
0.000251309
0.000251119
0.000250929
0.00025074
0.00025055
0.000250361
0.000250172
0.000249984
0.000249795
0.000249607
0.000249419
0.000249231
0.000249043
0.000248855
0.000248668
0.00024848
0.000248293
0.000248106
0.000247919
0.000247733
0.000247546
0.00024736
0.000247174
0.000246988
0.000246802
0.000246616
0.000246431
0.000246246
0.000246061
0.000245876
0.000245691
0.000245506
0.000245322
0.000245138
0.000244954
0.00024477
0.000244586
0.000244402
0.000244219
0.000244036
0.000243853
0.00024367
0.000243487
0.000243305
0.000243122
0.00024294
0.000242758
0.000242576
0.000242394
0.000242213
0.000242032
0.00024185
0.000241669
0.000241489
0.000241308
0.000241127
0.000240947
0.000240767
0.000240587
0.000240407
0.000240227
0.000240048
0.000239868
0.000239689
0.00023951
0.000239331
0.000239153
0.000238974
0.000238796
0.000238618
0.00023844
0.000238262
0.000238084
0.000237906
0.000237729
0.000237552
0.000237375
0.000237198
0.000237021
0.000236845
0.000236668
0.000236492
0.000236316
0.00023614
0.000235964
0.000235789
0.000235613
0.000235438
0.000235263
0.000235088
0.000234913
0.000234739
0.000234564
0.00023439
0.000234216
0.000234042
0.000233868
0.000233695
0.000233521
0.000233348
0.000233175
0.000233002
0.000232829
0.000232656
0.000232484
0.000232312
0.000232139
0.000231967
0.000231795
0.000231624
0.000231452
0.000231281
0.00023111
0.000230939
0.000230768
0.000230597
0.000230426
0.000230256
0.000230086
0.000229916
0.000229746
0.000229576
0.000229406
0.000229237
0.000229067
0.000228898
0.000228729
0.00022856
0.000228392
0.000228223
0.000228055
0.000227887
0.000227718
0.000227551
0.000227383
0.000227215
0.000227048
0.00022688
0.000226713
0.000226546
0.00022638
0.000226213
0.000226046
0.00022588
0.000225714
0.000225548
0.000225382
0.000225216
0.000225051
0.000224885
0.00022472
0.000224555
0.00022439
0.000224225
0.00022406
0.000223896
0.000223731
0.000223567
0.000223403
0.000223239
0.000223075
0.000222912
0.000222748
0.000222585
0.000222422
0.000222259
0.000222096
0.000221933
0.000221771
0.000221609
0.000221446
0.000221284
0.000221122
0.000220961
0.000220799
0.000220637
0.000220476
0.000220315
0.000220154
0.000219993
0.000219832
0.000219672
0.000219511
0.000219351
0.000219191
0.000219031
0.000218871
0.000218711
0.000218552
0.000218392
0.000218233
0.000218074
0.000217915
0.000217756
0.000217598
0.000217439
0.000217281
0.000217123
0.000216965
0.000216807
0.000216649
0.000216491
0.000216334
0.000216177
0.000216019
0.000215862
0.000215705
0.000215549
0.000215392
0.000215236
0.000215079
0.000214923
0.000214767
0.000214611
0.000214456
0.0002143
0.000214145
0.000213989
0.000213834
0.000213679
0.000213524
0.00021337
0.000213215
0.000213061
0.000212906
0.000212752
0.000212598
0.000212444
0.000212291
0.000212137
0.000211984
0.00021183
0.000211677
0.000211524
0.000211371
0.000211219
0.000211066
0.000210914
0.000210762
0.000210609
0.000210457
0.000210306
0.000210154
0.000210002
0.000209851
0.0002097
0.000209548
0.000209397
0.000209247
0.000209096
0.000208945
0.000208795
0.000208645
0.000208494
0.000208344
0.000208194
0.000208045
0.000207895
0.000207746
0.000207596
0.000207447
0.000207298
0.000207149
0.000207
0.000206852
0.000206703
0.000206555
0.000206407
0.000206259
0.000206111
0.000205963
0.000205815
0.000205668
0.00020552
0.000205373
0.000205226
0.000205079
0.000204932
0.000204786
0.000204639
0.000204493
0.000204346
0.0002042
0.000204054
0.000203908
0.000203763
0.000203617
0.000203471
0.000203326
0.000203181
0.000203036
0.000202891
0.000202746
0.000202601
0.000202457
0.000202313
0.000202168
0.000202024
0.00020188
0.000201736
0.000201593
0.000201449
0.000201306
0.000201162
0.000201019
0.000200876
0.000200733
0.00020059
0.000200448
0.000200305
0.000200163
0.000200021
0.000199879
0.000199737
0.000199595
0.000199453
0.000199311
0.00019917
0.000199029
0.000198887
0.000198746
0.000198605
0.000198465
0.000198324
0.000198183
0.000198043
0.000197903
0.000197763
0.000197623
0.000197483
0.000197343
0.000197203
0.000197064
0.000196925
0.000196785
0.000196646
0.000196507
0.000196369
0.00019623
0.000196091
0.000195953
0.000195815
0.000195676
0.000195538
0.0001954
0.000195263
0.000195125
0.000194987
0.00019485
0.000194713
0.000194576
0.000194438
0.000194302
0.000194165
0.000194028
0.000193892
0.000193755
0.000193619
0.000193483
0.000193347
0.000193211
0.000193075
0.00019294
0.000192804
0.000192669
0.000192534
0.000192398
0.000192263
0.000192129
0.000191994
0.000191859
0.000191725
0.00019159
0.000191456
0.000191322
0.000191188
0.000191054
0.00019092
0.000190787
0.000190653
0.00019052
0.000190387
0.000190254
0.000190121
0.000189988
0.000189855
0.000189723
0.00018959
0.000189458
0.000189325
0.000189193
0.000189061
0.000188929
0.000188798
0.000188666
0.000188535
0.000188403
0.000188272
0.000188141
0.00018801
0.000187879
0.000187748
0.000187618
0.000187487
0.000187357
0.000187226
0.000187096
0.000186966
0.000186836
0.000186707
0.000186577
0.000186447
0.000186318
0.000186189
0.000186059
0.00018593
0.000185801
0.000185673
0.000185544
0.000185415
0.000185287
0.000185159
0.00018503
0.000184902
0.000184774
0.000184646
0.000184519
0.000184391
0.000184264
0.000184136
0.000184009
0.000183882
0.000183755
0.000183628
0.000183501
0.000183374
0.000183248
0.000183121
0.000182995
0.000182869
0.000182743
0.000182617
0.000182491
0.000182365
0.00018224
0.000182114
0.000181989
0.000181864
0.000181739
0.000181614
0.000181489
0.000181364
0.000181239
0.000181115
0.00018099
0.000180866
0.000180742
0.000180618
0.000180494
0.00018037
0.000180246
0.000180123
0.000179999
0.000179876
0.000179752
0.000179629
0.000179506
0.000179383
0.000179261
0.000179138
0.000179015
0.000178893
0.000178771
0.000178648
0.000178526
0.000178404
0.000178282
0.000178161
0.000178039
0.000177917
0.000177796
0.000177675
0.000177553
0.000177432
0.000177311
0.00017719
0.00017707
0.000176949
0.000176829
0.000176708
0.000176588
0.000176468
0.000176348
0.000176228
0.000176108
0.000175988
0.000175868
0.000175749
0.00017563
0.00017551
0.000175391
0.000175272
0.000175153
0.000175034
0.000174916
0.000174797
0.000174678
0.00017456
0.000174442
0.000174324
0.000174206
0.000174088
0.00017397
0.000173852
0.000173734
0.000173617
0.0001735
0.000173382
0.000173265
0.000173148
0.000173031
0.000172914
0.000172798
0.000172681
0.000172564
0.000172448
0.000172332
0.000172215
0.000172099
0.000171983
0.000171868
0.000171752
0.000171636
0.000171521
0.000171405
0.00017129
0.000171175
0.00017106
0.000170945
0.00017083
0.000170715
0.0001706
0.000170486
0.000170371
0.000170257
0.000170143
0.000170029
0.000169915
0.000169801
0.000169687
0.000169573
0.00016946
0.000169346
0.000169233
0.000169119
0.000169006
0.000168893
0.00016878
0.000168667
0.000168555
0.000168442
0.000168329
0.000168217
0.000168105
0.000167992
0.00016788
0.000167768
0.000167656
0.000167545
0.000167433
0.000167321
0.00016721
0.000167099
0.000166987
0.000166876
0.000166765
0.000166654
0.000166543
0.000166432
0.000166322
0.000166211
0.000166101
0.000165991
0.00016588
0.00016577
0.00016566
0.00016555
0.00016544
0.000165331
0.000165221
0.000165112
0.000165002
0.000164893
0.000164784
0.000164675
0.000164566
0.000164457
0.000164348
0.000164239
0.000164131
0.000164022
0.000163914
0.000163805
0.000163697
0.000163589
0.000163481
0.000163373
0.000163266
0.000163158
0.00016305
0.000162943
0.000162836
0.000162728
0.000162621
0.000162514
0.000162407
0.0001623
0.000162193
0.000162087
0.00016198
0.000161874
0.000161767
0.000161661
0.000161555
0.000161449
0.000161343
0.000161237
0.000161131
0.000161026
0.00016092
0.000160815
0.000160709
0.000160604
0.000160499
0.000160394
0.000160289
0.000160184
0.000160079
0.000159975
0.00015987
0.000159766
0.000159661
0.000159557
0.000159453
0.000159349
0.000159245
0.000159141
0.000159037
0.000158933
0.00015883
0.000158726
0.000158623
0.00015852
0.000158416
0.000158313
0.00015821
0.000158107
0.000158004
0.000157902
0.000157799
0.000157697
0.000157594
0.000157492
0.00015739
0.000157287
0.000157185
0.000157083
0.000156982
0.00015688
0.000156778
0.000156677
0.000156575
0.000156474
0.000156373
0.000156271
0.00015617
0.000156069
0.000155968
0.000155868
0.000155767
0.000155666
0.000155566
0.000155465
0.000155365
0.000155265
0.000155165
0.000155065
0.000154965
0.000154865
0.000154765
0.000154665
0.000154566
0.000154466
0.000154367
0.000154268
0.000154168
0.000154069
0.00015397
0.000153871
0.000153773
0.000153674
0.000153575
0.000153477
0.000153378
0.00015328
0.000153182
0.000153083
0.000152985
0.000152887
0.000152789
0.000152692
0.000152594
0.000152496
0.000152399
0.000152301
0.000152204
0.000152107
0.00015201
0.000151912
0.000151815
0.000151719
0.000151622
0.000151525
0.000151428
0.000151332
0.000151236
0.000151139
0.000151043
0.000150947
0.000150851
0.000150755
0.000150659
0.000150563
0.000150467
0.000150372
0.000150276
0.000150181
0.000150085
0.00014999
0.000149895
0.0001498
0.000149705
0.00014961
0.000149515
0.00014942
0.000149326
0.000149231
0.000149137
0.000149042
0.000148948
0.000148854
0.00014876
0.000148666
0.000148572
0.000148478
0.000148384
0.000148291
0.000148197
0.000148104
0.00014801
0.000147917
0.000147824
0.000147731
0.000147638
0.000147545
0.000147452
0.000147359
0.000147266
0.000147174
0.000147081
0.000146989
0.000146897
0.000146804
0.000146712
0.00014662
0.000146528
0.000146436
0.000146344
0.000146253
0.000146161
0.000146069
0.000145978
0.000145887
0.000145795
0.000145704
0.000145613
0.000145522
0.000145431
0.00014534
0.000145249
0.000145159
0.000145068
0.000144977
0.000144887
0.000144797
0.000144706
0.000144616
0.000144526
0.000144436
0.000144346
0.000144256
0.000144167
0.000144077
0.000143987
0.000143898
0.000143808
0.000143719
0.00014363
0.000143541
0.000143452
0.000143363
0.000143274
0.000143185
0.000143096
0.000143007
0.000142919
0.00014283
0.000142742
0.000142654
0.000142565
0.000142477
0.000142389
0.000142301
0.000142213
0.000142125
0.000142038
0.00014195
0.000141862
0.000141775
0.000141687
0.0001416
0.000141513
0.000141426
0.000141339
0.000141252
0.000141165
0.000141078
0.000140991
0.000140904
0.000140818
0.000140731
0.000140645
0.000140558
0.000140472
0.000140386
0.0001403
0.000140214
0.000140128
0.000140042
0.000139956
0.000139871
0.000139785
0.000139699
0.000139614
0.000139529
0.000139443
0.000139358
0.000139273
0.000139188
0.000139103
0.000139018
0.000138933
0.000138848
0.000138764
0.000138679
0.000138595
0.00013851
0.000138426
0.000138342
0.000138258
0.000138174
0.000138089
0.000138006
0.000137922
0.000137838
0.000137754
0.000137671
0.000137587
0.000137504
0.00013742
0.000137337
0.000137254
0.000137171
0.000137087
0.000137004
0.000136922
0.000136839
0.000136756
0.000136673
0.000136591
0.000136508
0.000136426
0.000136343
0.000136261
0.000136179
0.000136097
0.000136015
0.000135933
0.000135851
0.000135769
0.000135687
0.000135606
0.000135524
0.000135443
0.000135361
0.00013528
0.000135198
0.000135117
0.000135036
0.000134955
0.000134874
0.000134793
0.000134712
0.000134632
0.000134551
0.00013447
0.00013439
0.000134309
0.000134229
0.000134149
0.000134069
0.000133988
0.000133908
0.000133828
0.000133748
0.000133669
0.000133589
0.000133509
0.00013343
0.00013335
0.000133271
0.000133191
0.000133112
0.000133033
0.000132954
0.000132874
0.000132795
0.000132717
0.000132638
0.000132559
0.00013248
0.000132402
0.000132323
0.000132245
0.000132166
0.000132088
0.00013201
0.000131931
0.000131853
0.000131775
0.000131697
0.000131619
0.000131541
0.000131464
0.000131386
0.000131308
0.000131231
0.000131153
0.000131076
0.000130999
0.000130922
0.000130844
0.000130767
0.00013069
0.000130613
0.000130537
0.00013046
0.000130383
0.000130306
0.00013023
0.000130153
0.000130077
0.00013
0.000129924
0.000129848
0.000129772
0.000129696
0.00012962
0.000129544
0.000129468
0.000129392
0.000129317
0.000129241
0.000129165
0.00012909
0.000129014
0.000128939
0.000128864
0.000128789
0.000128713
0.000128638
0.000128563
0.000128488
0.000128414
0.000128339
0.000128264
0.000128189
0.000128115
0.00012804
0.000127966
0.000127892
0.000127817
0.000127743
0.000127669
0.000127595
0.000127521
0.000127447
0.000127373
0.000127299
0.000127225
0.000127152
0.000127078
0.000127005
0.000126931
0.000126858
0.000126785
0.000126711
0.000126638
0.000126565
0.000126492
0.000126419
0.000126346
0.000126273
0.000126201
0.000126128
0.000126055
0.000125983
0.00012591
0.000125838
0.000125765
0.000125693
0.000125621
0.000125549
0.000125477
0.000125405
0.000125333
0.000125261
0.000125189
0.000125117
0.000125046
0.000124974
0.000124903
0.000124831
0.00012476
0.000124688
0.000124617
0.000124546
0.000124475
0.000124404
0.000124333
0.000124262
0.000124191
0.00012412
0.00012405
0.000123979
0.000123908
0.000123838
0.000123767
0.000123697
0.000123627
0.000123556
0.000123486
0.000123416
0.000123346
0.000123276
0.000123206
0.000123136
0.000123066
0.000122997
0.000122927
0.000122858
0.000122788
0.000122719
0.000122649
0.00012258
0.000122511
0.000122441
0.000122372
0.000122303
0.000122234
0.000122165
0.000122096
0.000122028
0.000121959
0.00012189
0.000121822
0.000121753
0.000121685
0.000121616
0.000121548
0.00012148
0.000121411
0.000121343
0.000121275
0.000121207
0.000121139
0.000121071
0.000121003
0.000120936
0.000120868
0.0001208
0.000120733
0.000120665
0.000120598
0.00012053
0.000120463
0.000120396
0.000120329
0.000120261
0.000120194
0.000120127
0.00012006
0.000119994
0.000119927
0.00011986
0.000119793
0.000119727
0.00011966
0.000119594
0.000119527
0.000119461
0.000119395
0.000119328
0.000119262
0.000119196
0.00011913
0.000119064
0.000118998
0.000118932
0.000118866
0.000118801
0.000118735
0.000118669
0.000118604
0.000118538
0.000118473
0.000118408
0.000118342
0.000118277
0.000118212
0.000118147
0.000118082
0.000118017
0.000117952
0.000117887
0.000117822
0.000117757
0.000117693
0.000117628
0.000117563
0.000117499
0.000117434
0.00011737
0.000117306
0.000117242
0.000117177
0.000117113
0.000117049
0.000116985
0.000116921
0.000116857
0.000116793
0.00011673
0.000116666
0.000116602
0.000116539
0.000116475
0.000116412
0.000116348
0.000116285
0.000116222
0.000116158
0.000116095
0.000116032
0.000115969
0.000115906
0.000115843
0.00011578
0.000115717
0.000115655
0.000115592
0.000115529
0.000115467
0.000115404
0.000115342
0.000115279
0.000115217
0.000115155
0.000115093
0.00011503
0.000114968
0.000114906
0.000114844
0.000114782
0.000114721
0.000114659
0.000114597
0.000114535
0.000114474
0.000114412
0.000114351
0.000114289
0.000114228
0.000114166
0.000114105
0.000114044
0.000113983
0.000113922
0.000113861
0.0001138
0.000113739
0.000113678
0.000113617
0.000113556
0.000113496
0.000113435
0.000113374
0.000113314
0.000113253
0.000113193
0.000113133
0.000113072
0.000113012
0.000112952
0.000112892
0.000112832
0.000112772
0.000112712
0.000112652
0.000112592
0.000112532
0.000112472
0.000112413
0.000112353
0.000112294
0.000112234
0.000112175
0.000112115
0.000112056
0.000111997
0.000111937
0.000111878
0.000111819
0.00011176
0.000111701
0.000111642
0.000111583
0.000111524
0.000111466
0.000111407
0.000111348
0.00011129
0.000111231
0.000111173
0.000111114
0.000111056
0.000110997
0.000110939
0.000110881
0.000110823
0.000110765
0.000110707
0.000110649
0.000110591
0.000110533
0.000110475
0.000110417
0.00011036
0.000110302
0.000110244
0.000110187
0.000110129
0.000110072
0.000110014
0.000109957
0.0001099
0.000109843
0.000109785
0.000109728
0.000109671
0.000109614
0.000109557
0.0001095
0.000109443
0.000109387
0.00010933
0.000109273
0.000109217
0.00010916
0.000109103
0.000109047
0.000108991
0.000108934
0.000108878
0.000108822
0.000108765
0.000108709
0.000108653
0.000108597
0.000108541
0.000108485
0.000108429
0.000108374
0.000108318
0.000108262
0.000108206
0.000108151
0.000108095
0.00010804
0.000107984
0.000107929
0.000107873
0.000107818
0.000107763
0.000107708
0.000107653
0.000107597
0.000107542
0.000107487
0.000107432
0.000107378
0.000107323
0.000107268
0.000107213
0.000107159
0.000107104
0.000107049
0.000106995
0.00010694
0.000106886
0.000106832
0.000106777
0.000106723
0.000106669
0.000106615
0.000106561
0.000106507
0.000106453
0.000106399
0.000106345
0.000106291
0.000106237
0.000106183
0.00010613
0.000106076
0.000106022
0.000105969
0.000105915
0.000105862
0.000105808
0.000105755
0.000105702
0.000105649
0.000105595
0.000105542
0.000105489
0.000105436
0.000105383
0.00010533
0.000105277
0.000105224
0.000105172
0.000105119
0.000105066
0.000105014
0.000104961
0.000104909
0.000104856
0.000104804
0.000104751
0.000104699
0.000104647
0.000104594
0.000104542
0.00010449
0.000104438
0.000104386
0.000104334
0.000104282
0.00010423
0.000104178
0.000104126
0.000104075
0.000104023
0.000103971
0.00010392
0.000103868
0.000103817
0.000103765
0.000103714
0.000103663
0.000103611
0.00010356
0.000103509
0.000103458
0.000103407
0.000103356
0.000103305
0.000103254
0.000103203
0.000103152
0.000103101
0.00010305
0.000102999
0.000102949
0.000102898
0.000102848
0.000102797
0.000102747
0.000102696
0.000102646
0.000102595
0.000102545
0.000102495
0.000102445
0.000102395
0.000102345
0.000102294
0.000102244
0.000102195
0.000102145
0.000102095
0.000102045
0.000101995
0.000101946
0.000101896
0.000101846
0.000101797
0.000101747
0.000101698
0.000101648
0.000101599
0.000101549
0.0001015
0.000101451
0.000101402
0.000101353
0.000101304
0.000101254
0.000101205
0.000101156
0.000101108
0.000101059
0.00010101
0.000100961
0.000100912
0.000100864
0.000100815
0.000100766
0.000100718
0.000100669
0.000100621
0.000100573
0.000100524
0.000100476
0.000100428
0.000100379
0.000100331
0.000100283
0.000100235
0.000100187
0.000100139
0.000100091
0.000100043
9.99953e-05
9.99475e-05
9.98997e-05
9.9852e-05
9.98043e-05
9.97567e-05
9.97091e-05
9.96616e-05
9.96141e-05
9.95666e-05
9.95192e-05
9.94719e-05
9.94245e-05
9.93773e-05
9.93301e-05
9.92829e-05
9.92357e-05
9.91887e-05
9.91416e-05
9.90946e-05
9.90477e-05
9.90008e-05
9.89539e-05
9.89071e-05
9.88603e-05
9.88136e-05
9.87669e-05
9.87202e-05
9.86736e-05
9.86271e-05
9.85806e-05
9.85341e-05
9.84877e-05
9.84413e-05
9.8395e-05
9.83487e-05
9.83025e-05
9.82563e-05
9.82101e-05
9.8164e-05
9.81179e-05
9.80719e-05
9.80259e-05
9.798e-05
9.79341e-05
9.78883e-05
9.78424e-05
9.77967e-05
9.7751e-05
9.77053e-05
9.76597e-05
9.76141e-05
9.75685e-05
9.7523e-05
9.74776e-05
9.74322e-05
9.73868e-05
9.73415e-05
9.72962e-05
9.72509e-05
9.72057e-05
9.71606e-05
9.71155e-05
9.70704e-05
9.70254e-05
9.69804e-05
9.69355e-05
9.68906e-05
9.68457e-05
9.68009e-05
9.67561e-05
9.67114e-05
9.66667e-05
9.66221e-05
9.65775e-05
9.65329e-05
9.64884e-05
9.64439e-05
9.63995e-05
9.63551e-05
9.63108e-05
9.62665e-05
9.62222e-05
9.6178e-05
9.61338e-05
9.60897e-05
9.60456e-05
9.60015e-05
9.59575e-05
9.59136e-05
9.58696e-05
9.58258e-05
9.57819e-05
9.57381e-05
9.56944e-05
9.56506e-05
9.5607e-05
9.55633e-05
9.55197e-05
9.54762e-05
9.54327e-05
9.53892e-05
9.53458e-05
9.53024e-05
9.52591e-05
9.52158e-05
9.51725e-05
9.51293e-05
9.50861e-05
9.5043e-05
9.49999e-05
9.49568e-05
9.49138e-05
9.48709e-05
9.48279e-05
9.4785e-05
9.47422e-05
9.46994e-05
9.46566e-05
9.46139e-05
9.45712e-05
9.45285e-05
9.44859e-05
9.44434e-05
9.44009e-05
9.43584e-05
9.43159e-05
9.42735e-05
9.42312e-05
9.41888e-05
9.41466e-05
9.41043e-05
9.40621e-05
9.402e-05
9.39778e-05
9.39358e-05
9.38937e-05
9.38517e-05
9.38098e-05
9.37678e-05
9.3726e-05
9.36841e-05
9.36423e-05
9.36006e-05
9.35588e-05
9.35172e-05
9.34755e-05
9.34339e-05
9.33924e-05
9.33508e-05
9.33093e-05
9.32679e-05
9.32265e-05
9.31851e-05
9.31438e-05
9.31025e-05
9.30613e-05
9.30201e-05
9.29789e-05
9.29378e-05
9.28967e-05
9.28556e-05
9.28146e-05
9.27737e-05
9.27327e-05
9.26918e-05
9.2651e-05
9.26102e-05
9.25694e-05
9.25286e-05
9.24879e-05
9.24473e-05
9.24067e-05
9.23661e-05
9.23255e-05
9.2285e-05
9.22446e-05
9.22041e-05
9.21637e-05
9.21234e-05
9.20831e-05
9.20428e-05
9.20026e-05
9.19624e-05
9.19222e-05
9.18821e-05
9.1842e-05
9.1802e-05
9.1762e-05
9.1722e-05
9.16821e-05
9.16422e-05
9.16023e-05
9.15625e-05
9.15227e-05
9.1483e-05
9.14433e-05
9.14036e-05
9.1364e-05
9.13244e-05
9.12849e-05
9.12453e-05
9.12059e-05
9.11664e-05
9.1127e-05
9.10877e-05
9.10483e-05
9.1009e-05
9.09698e-05
9.09306e-05
9.08914e-05
9.08523e-05
9.08132e-05
9.07741e-05
9.07351e-05
9.06961e-05
9.06571e-05
9.06182e-05
9.05793e-05
9.05405e-05
9.05017e-05
9.04629e-05
9.04242e-05
9.03855e-05
9.03469e-05
9.03082e-05
9.02697e-05
9.02311e-05
9.01926e-05
9.01541e-05
9.01157e-05
9.00773e-05
9.00389e-05
9.00006e-05
8.99623e-05
8.99241e-05
8.98858e-05
8.98477e-05
8.98095e-05
8.97714e-05
8.97333e-05
8.96953e-05
8.96573e-05
8.96194e-05
8.95814e-05
8.95435e-05
8.95057e-05
8.94679e-05
8.94301e-05
8.93923e-05
8.93546e-05
8.9317e-05
8.92793e-05
8.92417e-05
8.92042e-05
8.91666e-05
8.91291e-05
8.90917e-05
8.90543e-05
8.90169e-05
8.89795e-05
8.89422e-05
8.89049e-05
8.88677e-05
8.88305e-05
8.87933e-05
8.87562e-05
8.87191e-05
8.8682e-05
8.8645e-05
8.8608e-05
8.8571e-05
8.85341e-05
8.84972e-05
8.84603e-05
8.84235e-05
8.83867e-05
8.835e-05
8.83133e-05
8.82766e-05
8.82399e-05
8.82033e-05
8.81668e-05
8.81302e-05
8.80937e-05
8.80572e-05
8.80208e-05
8.79844e-05
8.7948e-05
8.79117e-05
8.78754e-05
8.78391e-05
8.78029e-05
8.77667e-05
8.77306e-05
8.76944e-05
8.76584e-05
8.76223e-05
8.75863e-05
8.75503e-05
8.75143e-05
8.74784e-05
8.74425e-05
8.74067e-05
8.73709e-05
8.73351e-05
8.72993e-05
8.72636e-05
8.7228e-05
8.71923e-05
8.71567e-05
8.71211e-05
8.70856e-05
8.70501e-05
8.70146e-05
8.69792e-05
8.69438e-05
8.69084e-05
8.6873e-05
8.68377e-05
8.68025e-05
8.67672e-05
8.6732e-05
8.66968e-05
8.66617e-05
8.66266e-05
8.65915e-05
8.65565e-05
8.65215e-05
8.64865e-05
8.64516e-05
8.64167e-05
8.63818e-05
8.6347e-05
8.63122e-05
8.62774e-05
8.62427e-05
8.6208e-05
8.61733e-05
8.61387e-05
8.6104e-05
8.60695e-05
8.60349e-05
8.60004e-05
8.5966e-05
8.59315e-05
8.58971e-05
8.58627e-05
8.58284e-05
8.57941e-05
8.57598e-05
8.57256e-05
8.56914e-05
8.56572e-05
8.5623e-05
8.55889e-05
8.55548e-05
8.55208e-05
8.54868e-05
8.54528e-05
8.54188e-05
8.53849e-05
8.5351e-05
8.53172e-05
8.52834e-05
8.52496e-05
8.52158e-05
8.51821e-05
8.51484e-05
8.51147e-05
8.50811e-05
8.50475e-05
8.5014e-05
8.49804e-05
8.49469e-05
8.49135e-05
8.488e-05
8.48466e-05
8.48132e-05
8.47799e-05
8.47466e-05
8.47133e-05
8.46801e-05
8.46469e-05
8.46137e-05
8.45805e-05
8.45474e-05
8.45143e-05
8.44813e-05
8.44482e-05
8.44153e-05
8.43823e-05
8.43494e-05
8.43165e-05
8.42836e-05
8.42508e-05
8.4218e-05
8.41852e-05
8.41525e-05
8.41197e-05
8.40871e-05
8.40544e-05
8.40218e-05
8.39892e-05
8.39567e-05
8.39241e-05
8.38917e-05
8.38592e-05
8.38268e-05
8.37944e-05
8.3762e-05
8.37297e-05
8.36974e-05
8.36651e-05
8.36328e-05
8.36006e-05
8.35684e-05
8.35363e-05
8.35042e-05
8.34721e-05
8.344e-05
8.3408e-05
8.3376e-05
8.3344e-05
8.33121e-05
8.32802e-05
8.32483e-05
8.32165e-05
8.31846e-05
8.31529e-05
8.31211e-05
8.30894e-05
8.30577e-05
8.3026e-05
8.29944e-05
8.29628e-05
8.29312e-05
8.28997e-05
8.28681e-05
8.28367e-05
8.28052e-05
8.27738e-05
8.27424e-05
8.2711e-05
8.26797e-05
8.26484e-05
8.26171e-05
8.25859e-05
8.25547e-05
8.25235e-05
8.24923e-05
8.24612e-05
8.24301e-05
8.2399e-05
8.2368e-05
8.2337e-05
8.2306e-05
8.22751e-05
8.22442e-05
8.22133e-05
8.21824e-05
8.21516e-05
8.21208e-05
8.209e-05
8.20593e-05
8.20286e-05
8.19979e-05
8.19672e-05
8.19366e-05
8.1906e-05
8.18755e-05
8.18449e-05
8.18144e-05
8.17839e-05
8.17535e-05
8.17231e-05
8.16927e-05
8.16623e-05
8.1632e-05
8.16017e-05
8.15714e-05
8.15412e-05
8.1511e-05
8.14808e-05
8.14506e-05
8.14205e-05
8.13904e-05
8.13603e-05
8.13303e-05
8.13003e-05
8.12703e-05
8.12403e-05
8.12104e-05
8.11805e-05
8.11506e-05
8.11208e-05
8.1091e-05
8.10612e-05
8.10314e-05
8.10017e-05
8.0972e-05
8.09423e-05
8.09127e-05
8.0883e-05
8.08535e-05
8.08239e-05
8.07944e-05
8.07649e-05
8.07354e-05
8.07059e-05
8.06765e-05
8.06471e-05
8.06178e-05
8.05884e-05
8.05591e-05
8.05299e-05
8.05006e-05
8.04714e-05
8.04422e-05
8.0413e-05
8.03839e-05
8.03548e-05
8.03257e-05
8.02966e-05
8.02676e-05
8.02386e-05
8.02096e-05
8.01807e-05
8.01518e-05
8.01229e-05
8.0094e-05
8.00652e-05
8.00364e-05
8.00076e-05
7.99789e-05
7.99501e-05
7.99214e-05
7.98928e-05
7.98641e-05
7.98355e-05
7.98069e-05
7.97784e-05
7.97498e-05
7.97213e-05
7.96929e-05
7.96644e-05
7.9636e-05
7.96076e-05
7.95792e-05
7.95509e-05
7.95226e-05
7.94943e-05
7.9466e-05
7.94378e-05
7.94096e-05
7.93814e-05
7.93532e-05
7.93251e-05
7.9297e-05
7.9269e-05
7.92409e-05
7.92129e-05
7.91849e-05
7.91569e-05
7.9129e-05
7.91011e-05
7.90732e-05
7.90453e-05
7.90175e-05
7.89897e-05
7.89619e-05
7.89342e-05
7.89064e-05
7.88787e-05
7.88511e-05
7.88234e-05
7.87958e-05
7.87682e-05
7.87407e-05
7.87131e-05
7.86856e-05
7.86581e-05
7.86306e-05
7.86032e-05
7.85758e-05
7.85484e-05
7.85211e-05
7.84937e-05
7.84664e-05
7.84392e-05
7.84119e-05
7.83847e-05
7.83575e-05
7.83303e-05
7.83031e-05
7.8276e-05
7.82489e-05
7.82219e-05
7.81948e-05
7.81678e-05
7.81408e-05
7.81138e-05
7.80869e-05
7.806e-05
7.80331e-05
7.80062e-05
7.79794e-05
7.79526e-05
7.79258e-05
7.7899e-05
7.78723e-05
7.78456e-05
7.78189e-05
7.77922e-05
7.77656e-05
7.7739e-05
7.77124e-05
7.76859e-05
7.76593e-05
7.76328e-05
7.76063e-05
7.75799e-05
7.75534e-05
7.7527e-05
7.75007e-05
7.74743e-05
7.7448e-05
7.74217e-05
7.73954e-05
7.73691e-05
7.73429e-05
7.73167e-05
7.72905e-05
7.72644e-05
7.72382e-05
7.72121e-05
7.71861e-05
7.716e-05
7.7134e-05
7.7108e-05
7.7082e-05
7.7056e-05
7.70301e-05
7.70042e-05
7.69783e-05
7.69525e-05
7.69266e-05
7.69008e-05
7.6875e-05
7.68493e-05
7.68235e-05
7.67978e-05
7.67722e-05
7.67465e-05
7.67209e-05
7.66953e-05
7.66697e-05
7.66441e-05
7.66186e-05
7.65931e-05
7.65676e-05
7.65421e-05
7.65167e-05
7.64913e-05
7.64659e-05
7.64405e-05
7.64152e-05
7.63898e-05
7.63645e-05
7.63393e-05
7.6314e-05
7.62888e-05
7.62636e-05
7.62384e-05
7.62133e-05
7.61882e-05
7.61631e-05
7.6138e-05
7.61129e-05
7.60879e-05
7.60629e-05
7.60379e-05
7.6013e-05
7.5988e-05
7.59631e-05
7.59382e-05
7.59134e-05
7.58885e-05
7.58637e-05
7.58389e-05
7.58142e-05
7.57894e-05
7.57647e-05
7.574e-05
7.57153e-05
7.56907e-05
7.56661e-05
7.56415e-05
7.56169e-05
7.55923e-05
7.55678e-05
7.55433e-05
7.55188e-05
7.54943e-05
7.54699e-05
7.54455e-05
7.54211e-05
7.53967e-05
7.53724e-05
7.53481e-05
7.53238e-05
7.52995e-05
7.52753e-05
7.5251e-05
7.52268e-05
7.52026e-05
7.51785e-05
7.51543e-05
7.51302e-05
7.51061e-05
7.50821e-05
7.5058e-05
7.5034e-05
7.501e-05
7.4986e-05
7.49621e-05
7.49382e-05
7.49143e-05
7.48904e-05
7.48665e-05
7.48427e-05
7.48189e-05
7.47951e-05
7.47713e-05
7.47476e-05
7.47238e-05
7.47001e-05
7.46765e-05
7.46528e-05
7.46292e-05
7.46056e-05
7.4582e-05
7.45584e-05
7.45349e-05
7.45113e-05
7.44879e-05
7.44644e-05
7.44409e-05
7.44175e-05
7.43941e-05
7.43707e-05
7.43473e-05
7.4324e-05
7.43007e-05
7.42774e-05
7.42541e-05
7.42309e-05
7.42076e-05
7.41844e-05
7.41612e-05
7.41381e-05
7.41149e-05
7.40918e-05
7.40687e-05
7.40456e-05
7.40226e-05
7.39996e-05
7.39766e-05
7.39536e-05
7.39306e-05
7.39077e-05
7.38847e-05
7.38619e-05
7.3839e-05
7.38161e-05
7.37933e-05
7.37705e-05
7.37477e-05
7.37249e-05
7.37022e-05
7.36795e-05
7.36568e-05
7.36341e-05
7.36114e-05
7.35888e-05
7.35662e-05
7.35436e-05
7.3521e-05
7.34985e-05
7.34759e-05
7.34534e-05
7.34309e-05
7.34085e-05
7.3386e-05
7.33636e-05
7.33412e-05
7.33188e-05
7.32965e-05
7.32741e-05
7.32518e-05
7.32295e-05
7.32073e-05
7.3185e-05
7.31628e-05
7.31406e-05
7.31184e-05
7.30962e-05
7.30741e-05
7.3052e-05
7.30299e-05
7.30078e-05
7.29857e-05
7.29637e-05
7.29417e-05
7.29197e-05
7.28977e-05
7.28757e-05
7.28538e-05
7.28319e-05
7.281e-05
7.27881e-05
7.27663e-05
7.27445e-05
7.27226e-05
7.27009e-05
7.26791e-05
7.26574e-05
7.26356e-05
7.26139e-05
7.25922e-05
7.25706e-05
7.25489e-05
7.25273e-05
7.25057e-05
7.24841e-05
7.24626e-05
7.2441e-05
7.24195e-05
7.2398e-05
7.23766e-05
7.23551e-05
7.23337e-05
7.23123e-05
7.22909e-05
7.22695e-05
7.22481e-05
7.22268e-05
7.22055e-05
7.21842e-05
7.21629e-05
7.21417e-05
7.21204e-05
7.20992e-05
7.2078e-05
7.20569e-05
7.20357e-05
7.20146e-05
7.19935e-05
7.19724e-05
7.19513e-05
7.19303e-05
7.19093e-05
7.18883e-05
7.18673e-05
7.18463e-05
7.18253e-05
7.18044e-05
7.17835e-05
7.17626e-05
7.17418e-05
7.17209e-05
7.17001e-05
7.16793e-05
7.16585e-05
7.16377e-05
7.1617e-05
7.15962e-05
7.15755e-05
7.15548e-05
7.15342e-05
7.15135e-05
7.14929e-05
7.14723e-05
7.14517e-05
7.14311e-05
7.14106e-05
7.139e-05
7.13695e-05
7.1349e-05
7.13286e-05
7.13081e-05
7.12877e-05
7.12673e-05
7.12469e-05
7.12265e-05
7.12062e-05
7.11858e-05
7.11655e-05
7.11452e-05
7.11249e-05
7.11047e-05
7.10844e-05
7.10642e-05
7.1044e-05
7.10238e-05
7.10037e-05
7.09835e-05
7.09634e-05
7.09433e-05
7.09232e-05
7.09032e-05
7.08831e-05
7.08631e-05
7.08431e-05
7.08231e-05
7.08031e-05
7.07832e-05
7.07632e-05
7.07433e-05
7.07234e-05
7.07036e-05
7.06837e-05
7.06639e-05
7.06441e-05
7.06243e-05
7.06045e-05
7.05847e-05
7.0565e-05
7.05453e-05
7.05256e-05
7.05059e-05
7.04862e-05
7.04666e-05
7.04469e-05
7.04273e-05
7.04077e-05
7.03882e-05
7.03686e-05
7.03491e-05
7.03296e-05
7.03101e-05
7.02906e-05
7.02711e-05
7.02517e-05
7.02323e-05
7.02129e-05
7.01935e-05
7.01741e-05
7.01548e-05
7.01354e-05
7.01161e-05
7.00968e-05
7.00776e-05
7.00583e-05
7.00391e-05
7.00199e-05
7.00007e-05
6.99815e-05
6.99623e-05
6.99432e-05
6.9924e-05
6.99049e-05
6.98859e-05
6.98668e-05
6.98477e-05
6.98287e-05
6.98097e-05
6.97907e-05
6.97717e-05
6.97527e-05
6.97338e-05
6.97149e-05
6.9696e-05
6.96771e-05
6.96582e-05
6.96393e-05
6.96205e-05
6.96017e-05
6.95829e-05
6.95641e-05
6.95453e-05
6.95266e-05
6.95079e-05
6.94892e-05
6.94705e-05
6.94518e-05
6.94331e-05
6.94145e-05
6.93959e-05
6.93773e-05
6.93587e-05
6.93401e-05
6.93216e-05
6.9303e-05
6.92845e-05
6.9266e-05
6.92476e-05
6.92291e-05
6.92107e-05
6.91922e-05
6.91738e-05
6.91554e-05
6.91371e-05
6.91187e-05
6.91004e-05
6.90821e-05
6.90637e-05
6.90455e-05
6.90272e-05
6.90089e-05
6.89907e-05
6.89725e-05
6.89543e-05
6.89361e-05
6.8918e-05
6.88998e-05
6.88817e-05
6.88636e-05
6.88455e-05
6.88274e-05
6.88094e-05
6.87913e-05
6.87733e-05
6.87553e-05
6.87373e-05
6.87193e-05
6.87014e-05
6.86834e-05
6.86655e-05
6.86476e-05
6.86297e-05
6.86119e-05
6.8594e-05
6.85762e-05
6.85583e-05
6.85405e-05
6.85228e-05
6.8505e-05
6.84872e-05
6.84695e-05
6.84518e-05
6.84341e-05
6.84164e-05
6.83988e-05
6.83811e-05
6.83635e-05
6.83459e-05
6.83283e-05
6.83107e-05
6.82931e-05
6.82756e-05
6.8258e-05
6.82405e-05
6.8223e-05
6.82056e-05
6.81881e-05
6.81706e-05
6.81532e-05
6.81358e-05
6.81184e-05
6.8101e-05
6.80837e-05
6.80663e-05
6.8049e-05
6.80317e-05
6.80144e-05
6.79971e-05
6.79798e-05
6.79626e-05
6.79454e-05
6.79281e-05
6.7911e-05
6.78938e-05
6.78766e-05
6.78595e-05
6.78423e-05
6.78252e-05
6.78081e-05
6.7791e-05
6.7774e-05
6.77569e-05
6.77399e-05
6.77229e-05
6.77059e-05
6.76889e-05
6.76719e-05
6.7655e-05
6.7638e-05
6.76211e-05
6.76042e-05
6.75873e-05
6.75704e-05
6.75536e-05
6.75368e-05
6.75199e-05
6.75031e-05
6.74863e-05
6.74696e-05
6.74528e-05
6.74361e-05
6.74193e-05
6.74026e-05
6.73859e-05
6.73693e-05
6.73526e-05
6.73359e-05
6.73193e-05
6.73027e-05
6.72861e-05
6.72695e-05
6.7253e-05
6.72364e-05
6.72199e-05
6.72033e-05
6.71868e-05
6.71704e-05
6.71539e-05
6.71374e-05
6.7121e-05
6.71046e-05
6.70882e-05
6.70718e-05
6.70554e-05
6.7039e-05
6.70227e-05
6.70064e-05
6.699e-05
6.69737e-05
6.69575e-05
6.69412e-05
6.69249e-05
6.69087e-05
6.68925e-05
6.68763e-05
6.68601e-05
6.68439e-05
6.68278e-05
6.68116e-05
6.67955e-05
6.67794e-05
6.67633e-05
6.67472e-05
6.67311e-05
6.67151e-05
6.6699e-05
6.6683e-05
6.6667e-05
6.6651e-05
6.6635e-05
6.66191e-05
6.66031e-05
6.65872e-05
6.65713e-05
6.65554e-05
6.65395e-05
6.65237e-05
6.65078e-05
6.6492e-05
6.64761e-05
6.64603e-05
6.64445e-05
6.64288e-05
6.6413e-05
6.63973e-05
6.63815e-05
6.63658e-05
6.63501e-05
6.63344e-05
6.63188e-05
6.63031e-05
6.62875e-05
6.62718e-05
6.62562e-05
6.62406e-05
6.62251e-05
6.62095e-05
6.61939e-05
6.61784e-05
6.61629e-05
6.61474e-05
6.61319e-05
6.61164e-05
6.61009e-05
6.60855e-05
6.60701e-05
6.60546e-05
6.60392e-05
6.60239e-05
6.60085e-05
6.59931e-05
6.59778e-05
6.59624e-05
6.59471e-05
6.59318e-05
6.59165e-05
6.59013e-05
6.5886e-05
6.58708e-05
6.58556e-05
6.58403e-05
6.58251e-05
6.581e-05
6.57948e-05
6.57796e-05
6.57645e-05
6.57494e-05
6.57343e-05
6.57192e-05
6.57041e-05
6.5689e-05
6.5674e-05
6.56589e-05
6.56439e-05
6.56289e-05
6.56139e-05
6.55989e-05
6.5584e-05
6.5569e-05
6.55541e-05
6.55391e-05
6.55242e-05
6.55093e-05
6.54945e-05
6.54796e-05
6.54647e-05
6.54499e-05
6.54351e-05
6.54203e-05
6.54055e-05
6.53907e-05
6.53759e-05
6.53612e-05
6.53464e-05
6.53317e-05
6.5317e-05
6.53023e-05
6.52876e-05
6.5273e-05
6.52583e-05
6.52437e-05
6.5229e-05
6.52144e-05
6.51998e-05
6.51852e-05
6.51707e-05
6.51561e-05
6.51416e-05
6.5127e-05
6.51125e-05
6.5098e-05
6.50835e-05
6.50691e-05
6.50546e-05
6.50402e-05
6.50257e-05
6.50113e-05
6.49969e-05
6.49825e-05
6.49682e-05
6.49538e-05
6.49394e-05
6.49251e-05
6.49108e-05
6.48965e-05
6.48822e-05
6.48679e-05
6.48536e-05
6.48394e-05
6.48252e-05
6.48109e-05
6.47967e-05
6.47825e-05
6.47683e-05
6.47542e-05
6.474e-05
6.47259e-05
6.47117e-05
6.46976e-05
6.46835e-05
6.46694e-05
6.46554e-05
6.46413e-05
6.46272e-05
6.46132e-05
6.45992e-05
6.45852e-05
6.45712e-05
6.45572e-05
6.45432e-05
6.45293e-05
6.45153e-05
6.45014e-05
6.44875e-05
6.44736e-05
6.44597e-05
6.44458e-05
6.4432e-05
6.44181e-05
6.44043e-05
6.43905e-05
6.43767e-05
6.43629e-05
6.43491e-05
6.43353e-05
6.43216e-05
6.43078e-05
6.42941e-05
6.42804e-05
6.42667e-05
6.4253e-05
6.42393e-05
6.42256e-05
6.4212e-05
6.41983e-05
6.41847e-05
6.41711e-05
6.41575e-05
6.41439e-05
6.41304e-05
6.41168e-05
6.41032e-05
6.40897e-05
6.40762e-05
6.40627e-05
6.40492e-05
6.40357e-05
6.40222e-05
6.40088e-05
6.39953e-05
6.39819e-05
6.39685e-05
6.39551e-05
6.39417e-05
6.39283e-05
6.3915e-05
6.39016e-05
6.38883e-05
6.38749e-05
6.38616e-05
6.38483e-05
6.3835e-05
6.38218e-05
6.38085e-05
6.37952e-05
6.3782e-05
6.37688e-05
6.37556e-05
6.37424e-05
6.37292e-05
6.3716e-05
6.37028e-05
6.36897e-05
6.36766e-05
6.36634e-05
6.36503e-05
6.36372e-05
6.36241e-05
6.36111e-05
6.3598e-05
6.3585e-05
6.35719e-05
6.35589e-05
6.35459e-05
6.35329e-05
6.35199e-05
6.35069e-05
6.3494e-05
6.3481e-05
6.34681e-05
6.34551e-05
6.34422e-05
6.34293e-05
6.34165e-05
6.34036e-05
6.33907e-05
6.33779e-05
6.3365e-05
6.33522e-05
6.33394e-05
6.33266e-05
6.33138e-05
6.3301e-05
6.32883e-05
6.32755e-05
6.32628e-05
6.325e-05
6.32373e-05
6.32246e-05
6.32119e-05
6.31992e-05
6.31866e-05
6.31739e-05
6.31613e-05
6.31487e-05
6.3136e-05
6.31234e-05
6.31108e-05
6.30983e-05
6.30857e-05
6.30731e-05
6.30606e-05
6.3048e-05
6.30355e-05
6.3023e-05
6.30105e-05
6.2998e-05
6.29856e-05
6.29731e-05
6.29606e-05
6.29482e-05
6.29358e-05
6.29234e-05
6.2911e-05
6.28986e-05
6.28862e-05
6.28738e-05
6.28615e-05
6.28491e-05
6.28368e-05
6.28245e-05
6.28122e-05
6.27999e-05
6.27876e-05
6.27753e-05
6.27631e-05
6.27508e-05
6.27386e-05
6.27263e-05
6.27141e-05
6.27019e-05
6.26897e-05
6.26776e-05
6.26654e-05
6.26532e-05
6.26411e-05
6.2629e-05
6.26168e-05
6.26047e-05
6.25926e-05
6.25806e-05
6.25685e-05
6.25564e-05
6.25444e-05
6.25323e-05
6.25203e-05
6.25083e-05
6.24963e-05
6.24843e-05
6.24723e-05
6.24603e-05
6.24484e-05
6.24364e-05
6.24245e-05
6.24126e-05
6.24007e-05
6.23888e-05
6.23769e-05
6.2365e-05
6.23531e-05
6.23413e-05
6.23294e-05
6.23176e-05
6.23058e-05
6.2294e-05
6.22822e-05
6.22704e-05
6.22586e-05
6.22468e-05
6.22351e-05
6.22233e-05
6.22116e-05
6.21999e-05
6.21882e-05
6.21765e-05
6.21648e-05
6.21531e-05
6.21414e-05
6.21298e-05
6.21182e-05
6.21065e-05
6.20949e-05
6.20833e-05
6.20717e-05
6.20601e-05
6.20485e-05
6.2037e-05
6.20254e-05
6.20139e-05
6.20023e-05
6.19908e-05
6.19793e-05
6.19678e-05
6.19563e-05
6.19449e-05
6.19334e-05
6.19219e-05
6.19105e-05
6.18991e-05
6.18877e-05
6.18762e-05
6.18648e-05
6.18535e-05
6.18421e-05
6.18307e-05
6.18194e-05
6.1808e-05
6.17967e-05
6.17854e-05
6.1774e-05
6.17627e-05
6.17515e-05
6.17402e-05
6.17289e-05
6.17177e-05
6.17064e-05
6.16952e-05
6.16839e-05
6.16727e-05
6.16615e-05
6.16503e-05
6.16392e-05
6.1628e-05
6.16168e-05
6.16057e-05
6.15945e-05
6.15834e-05
6.15723e-05
6.15612e-05
6.15501e-05
6.1539e-05
6.15279e-05
6.15169e-05
6.15058e-05
6.14948e-05
6.14837e-05
6.14727e-05
6.14617e-05
6.14507e-05
6.14397e-05
6.14287e-05
6.14177e-05
6.14068e-05
6.13958e-05
6.13849e-05
6.1374e-05
6.13631e-05
6.13522e-05
6.13413e-05
6.13304e-05
6.13195e-05
6.13086e-05
6.12978e-05
6.12869e-05
6.12761e-05
6.12653e-05
6.12545e-05
6.12437e-05
6.12329e-05
6.12221e-05
6.12113e-05
6.12006e-05
6.11898e-05
6.11791e-05
6.11683e-05
6.11576e-05
6.11469e-05
6.11362e-05
6.11255e-05
6.11148e-05
6.11042e-05
6.10935e-05
6.10829e-05
6.10722e-05
6.10616e-05
6.1051e-05
6.10404e-05
6.10298e-05
6.10192e-05
6.10086e-05
6.0998e-05
6.09875e-05
6.09769e-05
6.09664e-05
6.09559e-05
6.09454e-05
6.09349e-05
6.09244e-05
6.09139e-05
6.09034e-05
6.08929e-05
6.08825e-05
6.0872e-05
6.08616e-05
6.08512e-05
6.08408e-05
6.08303e-05
6.082e-05
6.08096e-05
6.07992e-05
6.07888e-05
6.07785e-05
6.07681e-05
6.07578e-05
6.07475e-05
6.07371e-05
6.07268e-05
6.07165e-05
6.07063e-05
6.0696e-05
6.06857e-05
6.06755e-05
6.06652e-05
6.0655e-05
6.06447e-05
6.06345e-05
6.06243e-05
6.06141e-05
6.06039e-05
6.05937e-05
6.05836e-05
6.05734e-05
6.05633e-05
6.05531e-05
6.0543e-05
6.05329e-05
6.05228e-05
6.05127e-05
6.05026e-05
6.04925e-05
6.04824e-05
6.04724e-05
6.04623e-05
6.04523e-05
6.04422e-05
6.04322e-05
6.04222e-05
6.04122e-05
6.04022e-05
6.03922e-05
6.03822e-05
6.03723e-05
6.03623e-05
6.03524e-05
6.03424e-05
6.03325e-05
6.03226e-05
6.03127e-05
6.03028e-05
6.02929e-05
6.0283e-05
6.02731e-05
6.02633e-05
6.02534e-05
6.02436e-05
6.02337e-05
6.02239e-05
6.02141e-05
6.02043e-05
6.01945e-05
6.01847e-05
6.01749e-05
6.01652e-05
6.01554e-05
6.01457e-05
6.01359e-05
6.01262e-05
6.01165e-05
6.01068e-05
6.00971e-05
6.00874e-05
6.00777e-05
6.0068e-05
6.00584e-05
6.00487e-05
6.00391e-05
6.00294e-05
6.00198e-05
6.00102e-05
6.00006e-05
5.9991e-05
5.99814e-05
5.99718e-05
5.99622e-05
5.99527e-05
5.99431e-05
5.99336e-05
5.9924e-05
5.99145e-05
5.9905e-05
5.98955e-05
5.9886e-05
5.98765e-05
5.9867e-05
5.98575e-05
5.98481e-05
5.98386e-05
5.98292e-05
5.98197e-05
5.98103e-05
5.98009e-05
5.97915e-05
5.97821e-05
5.97727e-05
5.97633e-05
5.97539e-05
5.97446e-05
5.97352e-05
5.97259e-05
5.97165e-05
5.97072e-05
5.96979e-05
5.96886e-05
5.96793e-05
5.967e-05
5.96607e-05
5.96514e-05
5.96422e-05
5.96329e-05
5.96237e-05
5.96144e-05
5.96052e-05
5.9596e-05
5.95868e-05
5.95775e-05
5.95684e-05
5.95592e-05
5.955e-05
5.95408e-05
5.95317e-05
5.95225e-05
5.95134e-05
5.95042e-05
5.94951e-05
5.9486e-05
5.94769e-05
5.94678e-05
5.94587e-05
5.94496e-05
5.94406e-05
5.94315e-05
5.94224e-05
5.94134e-05
5.94044e-05
5.93953e-05
5.93863e-05
5.93773e-05
5.93683e-05
5.93593e-05
5.93503e-05
5.93413e-05
5.93324e-05
5.93234e-05
5.93145e-05
5.93055e-05
5.92966e-05
5.92877e-05
5.92787e-05
5.92698e-05
5.92609e-05
5.9252e-05
5.92432e-05
5.92343e-05
5.92254e-05
5.92166e-05
5.92077e-05
5.91989e-05
5.91901e-05
5.91812e-05
5.91724e-05
5.91636e-05
5.91548e-05
5.9146e-05
5.91372e-05
5.91285e-05
5.91197e-05
5.91109e-05
5.91022e-05
5.90935e-05
5.90847e-05
5.9076e-05
5.90673e-05
5.90586e-05
5.90499e-05
5.90412e-05
5.90325e-05
5.90239e-05
5.90152e-05
5.90065e-05
5.89979e-05
5.89893e-05
5.89806e-05
5.8972e-05
5.89634e-05
5.89548e-05
5.89462e-05
5.89376e-05
5.8929e-05
5.89204e-05
5.89119e-05
5.89033e-05
5.88948e-05
5.88862e-05
5.88777e-05
5.88692e-05
5.88607e-05
5.88522e-05
5.88437e-05
5.88352e-05
5.88267e-05
5.88182e-05
5.88098e-05
5.88013e-05
5.87928e-05
5.87844e-05
5.8776e-05
5.87675e-05
5.87591e-05
5.87507e-05
5.87423e-05
5.87339e-05
5.87255e-05
5.87172e-05
5.87088e-05
5.87004e-05
5.86921e-05
5.86837e-05
5.86754e-05
5.86671e-05
5.86587e-05
5.86504e-05
5.86421e-05
5.86338e-05
5.86255e-05
5.86173e-05
5.8609e-05
5.86007e-05
5.85925e-05
5.85842e-05
5.8576e-05
5.85677e-05
5.85595e-05
5.85513e-05
5.85431e-05
5.85349e-05
5.85267e-05
5.85185e-05
5.85103e-05
5.85022e-05
5.8494e-05
5.84858e-05
5.84777e-05
5.84695e-05
5.84614e-05
5.84533e-05
5.84452e-05
5.84371e-05
5.8429e-05
5.84209e-05
5.84128e-05
5.84047e-05
5.83966e-05
5.83886e-05
5.83805e-05
5.83725e-05
5.83644e-05
5.83564e-05
5.83484e-05
5.83404e-05
5.83324e-05
5.83244e-05
5.83164e-05
5.83084e-05
5.83004e-05
5.82924e-05
5.82845e-05
5.82765e-05
5.82686e-05
5.82606e-05
5.82527e-05
5.82448e-05
5.82369e-05
5.8229e-05
5.82211e-05
5.82132e-05
5.82053e-05
5.81974e-05
5.81895e-05
5.81817e-05
5.81738e-05
5.8166e-05
5.81581e-05
5.81503e-05
5.81425e-05
5.81347e-05
5.81268e-05
5.8119e-05
5.81112e-05
5.81035e-05
5.80957e-05
5.80879e-05
5.80801e-05
5.80724e-05
5.80646e-05
5.80569e-05
5.80492e-05
5.80414e-05
5.80337e-05
5.8026e-05
5.80183e-05
5.80106e-05
5.80029e-05
5.79952e-05
5.79875e-05
5.79799e-05
5.79722e-05
5.79645e-05
5.79569e-05
5.79493e-05
5.79416e-05
5.7934e-05
5.79264e-05
5.79188e-05
5.79112e-05
5.79036e-05
5.7896e-05
5.78884e-05
5.78808e-05
5.78733e-05
5.78657e-05
5.78582e-05
5.78506e-05
5.78431e-05
5.78355e-05
5.7828e-05
5.78205e-05
5.7813e-05
5.78055e-05
5.7798e-05
5.77905e-05
5.7783e-05
5.77756e-05
5.77681e-05
5.77606e-05
5.77532e-05
5.77457e-05
5.77383e-05
5.77309e-05
5.77234e-05
5.7716e-05
5.77086e-05
5.77012e-05
5.76938e-05
5.76864e-05
5.76791e-05
5.76717e-05
5.76643e-05
5.7657e-05
5.76496e-05
5.76423e-05
5.76349e-05
5.76276e-05

