5e-05
5e-05
5e-05
5e-05
5e-05
5e-05
5e-05
5e-05
5e-05
5e-05
5e-05
5e-05
5e-05
5e-05
5e-05
5e-05
5e-05
5e-05
5e-05
5e-05
5e-05
5e-05
5e-05
5e-05
5e-05
5e-05
5e-05
5e-05
5e-05
5e-05
5e-05
5e-05
5e-05
5e-05
5e-05
5e-05
5e-05
5e-05
5e-05
5e-05
5e-05
5e-05
5e-05
5e-05
5e-05
5e-05
5e-05
5e-05
5e-05
5e-05
5e-05
5e-05
5e-05
5e-05
5e-05
5e-05
5e-05
5e-05
5e-05
5e-05
5e-05
5e-05
5e-05
5e-05
5e-05
5e-05
5e-05
5e-05
5e-05
5e-05
5e-05
5e-05
5e-05
5e-05
5e-05
5e-05
5e-05
5e-05
5e-05
5e-05
5e-05
5e-05
5e-05
5e-05
5e-05
5e-05
5e-05
5e-05
5e-05
5e-05
5e-05
5e-05
5e-05
5e-05
5e-05
5e-05
5e-05
5e-05
5e-05
5e-05
5e-05
5e-05
5e-05
5e-05
5e-05
5e-05
5e-05
5e-05
5e-05
5e-05
5e-05
5e-05
5e-05
5e-05
5e-05
5e-05
5e-05
5e-05
5e-05
5e-05
5e-05
5e-05
5e-05
5e-05
5e-05
5e-05
5e-05
5e-05
5e-05
5e-05
5e-05
5e-05
5e-05
5e-05
5e-05
5e-05
5e-05
5e-05
5e-05
5e-05
5e-05
5e-05
5e-05
5e-05
5e-05
5e-05
5e-05
5e-05
5e-05
5e-05
5e-05
5e-05
5e-05
5e-05
5e-05
5e-05
5e-05
5e-05
5e-05
5e-05
5e-05
5e-05
5e-05
5e-05
5e-05
5e-05
5e-05
5e-05
5e-05
5e-05
5e-05
5e-05
5e-05
5e-05
5e-05
5e-05
5e-05
5e-05
5e-05
5e-05
5e-05
5e-05
5e-05
5e-05
5e-05
5e-05
5e-05
5e-05
5e-05
5e-05
5e-05
5e-05
5e-05
5e-05
5e-05
5e-05
5e-05
5e-05
5e-05
5e-05
5e-05
5e-05
5e-05
5e-05
5e-05
5e-05
5e-05
5e-05
5e-05
5e-05
5e-05
5e-05
5e-05
5e-05
5e-05
5e-05
5e-05
5e-05
5e-05
5e-05
5e-05
5e-05
5e-05
5e-05
5e-05
5e-05
5e-05
5e-05
5e-05
5e-05
5e-05
5e-05
5e-05
5e-05
5e-05
5e-05
5e-05
5e-05
5e-05
5e-05
5e-05
5e-05
5e-05
5e-05
5e-05
5e-05
5e-05
5e-05
5e-05
5e-05
5e-05
5e-05
5e-05
5e-05
5e-05
5e-05
5e-05
5e-05
5e-05
5e-05
5e-05
5e-05
5e-05
5e-05
5e-05
5e-05
5e-05
5e-05
5e-05
5e-05
5e-05
5e-05
5e-05
5e-05
5e-05
5e-05
5e-05
5e-05
5e-05
5e-05
5e-05
5e-05
5e-05
5e-05
5e-05
5e-05
5e-05
5e-05
5e-05
5e-05
5e-05
5e-05
5e-05
5e-05
5e-05
5e-05
5e-05
5e-05
5e-05
5e-05
5e-05
5e-05
5e-05
5e-05
5e-05
5e-05
5e-05
5e-05
5e-05
5e-05
5e-05
5e-05
5e-05
5e-05
5e-05
5e-05
5e-05
5e-05
5e-05
5e-05
5e-05
5e-05
5e-05
5e-05
5e-05
5e-05
5e-05
5e-05
5e-05
5e-05
5e-05
5e-05
5e-05
5e-05
5e-05
5e-05
5e-05
5e-05
5e-05
5e-05
5e-05
5e-05
5e-05
5e-05
5e-05
5e-05
5e-05
5e-05
5e-05
5e-05
5e-05
5e-05
5e-05
5e-05
5e-05
5e-05
5e-05
5e-05
5e-05
5e-05
5e-05
5e-05
5e-05
5e-05
5e-05
5e-05
5e-05
5e-05
5e-05
5e-05
5e-05
5e-05
5e-05
5e-05
5e-05
5e-05
5e-05
5e-05
5e-05
5e-05
5e-05
5e-05
5e-05
5e-05
5e-05
5e-05
5e-05
5e-05
5e-05
5e-05
5e-05
5e-05
5e-05
5e-05
5e-05
5e-05
5e-05
5e-05
5e-05
5e-05
5e-05
5e-05
5e-05
5e-05
5e-05
5e-05
5e-05
5e-05
5e-05
5e-05
5e-05
5e-05
5e-05
5e-05
5e-05
5e-05
5e-05
5e-05
5e-05
5e-05
5e-05
5e-05
5e-05
5e-05
5e-05
5e-05
5e-05
5e-05
5e-05
5e-05
5e-05
5e-05
5e-05
5e-05
5e-05
5e-05
5e-05
5e-05
5e-05
5e-05
5e-05
5e-05
5e-05
5e-05
5e-05
5e-05
5e-05
5e-05
5e-05
5e-05
5e-05
5e-05
5e-05
5e-05
5e-05
5e-05
5e-05
5e-05
5e-05
5e-05
5e-05
5e-05
5e-05
5e-05
5e-05
5e-05
5e-05
5e-05
5e-05
5e-05
5e-05
5e-05
5e-05
5e-05
5e-05
5e-05
5e-05
5e-05
5e-05
5e-05
5e-05
5e-05
5e-05
5e-05
5e-05
5e-05
5e-05
5e-05
5e-05
5e-05
5e-05
5e-05
5e-05
5e-05
5e-05
5e-05
5e-05
5e-05
5e-05
5e-05
5e-05
5e-05
5e-05
5e-05
5e-05
5e-05
5e-05
5e-05
5e-05
5e-05
5e-05
5e-05
5e-05
5e-05
5e-05
5e-05
5e-05
5e-05
5e-05
5e-05
5e-05
5e-05
5e-05
5e-05
5e-05
5e-05
5e-05
5e-05
5e-05
5e-05
5e-05
5e-05
5e-05
5e-05
5e-05
5e-05
5e-05
5e-05
5e-05
5e-05
5e-05
5e-05
5e-05
5e-05
5e-05
5e-05
5e-05
5e-05
5e-05
5e-05
5e-05
5e-05
5e-05
5e-05
5e-05
5e-05
5e-05
5e-05
5e-05
5e-05
5e-05
5e-05
5e-05
5e-05
5e-05
5e-05
5e-05
5e-05
5e-05
5e-05
5e-05
5e-05
5e-05
5e-05
5e-05
5e-05
5e-05
5e-05
5e-05
5e-05
5e-05
5e-05
5e-05
5e-05
5e-05
5e-05
5e-05
5e-05
5e-05
5e-05
5e-05
5e-05
5e-05
5e-05
5e-05
5e-05
5e-05
5e-05
5e-05
5e-05
5e-05
5e-05
5e-05
5e-05
5e-05
5e-05
5e-05
5e-05
5e-05
5e-05
5e-05
5e-05
5e-05
5e-05
5e-05
5e-05
5e-05
5e-05
5e-05
5e-05
5e-05
5e-05
5e-05
5e-05
5e-05
5e-05
5e-05
5e-05
5e-05
5e-05
5e-05
5e-05
5e-05
5e-05
5e-05
5e-05
5e-05
5e-05
5e-05
5e-05
5e-05
5e-05
5e-05
5e-05
5e-05
5e-05
5e-05
5e-05
5e-05
5e-05
5e-05
5e-05
5e-05
5e-05
5e-05
5e-05
5e-05
5e-05
5e-05
5e-05
5e-05
5e-05
5e-05
5e-05
5e-05
5e-05
5e-05
5e-05
5e-05
5e-05
5e-05
5e-05
5e-05
5e-05
5e-05
5e-05
5e-05
5e-05
5e-05
5e-05
5e-05
5e-05
5e-05
5e-05
5e-05
5e-05
5e-05
5e-05
5e-05
5e-05
5e-05
5e-05
5e-05
5e-05
5e-05
5e-05
5e-05
5e-05
5e-05
5e-05
5e-05
5e-05
5e-05
5e-05
5e-05
5e-05
5e-05
5e-05
5e-05
5e-05
5e-05
5e-05
5e-05
5e-05
5e-05
5e-05
5e-05
5e-05
5e-05
5e-05
5e-05
5e-05
5e-05
5e-05
5e-05
5e-05
5e-05
5e-05
5e-05
5e-05
5e-05
5e-05
5e-05
5e-05
5e-05
5e-05
5e-05
5e-05
5e-05
5e-05
5e-05
5e-05
5e-05
5e-05
5e-05
5e-05
5e-05
5e-05
5e-05
5e-05
5e-05
5e-05
5e-05
5e-05
5e-05
5e-05
5e-05
5e-05
5e-05
5e-05
5e-05
5e-05
5e-05
5e-05
5e-05
5e-05
5e-05
5e-05
5e-05
5e-05
5e-05
5e-05
5e-05
5e-05
5e-05
5e-05
5e-05
5e-05
5e-05
5e-05
5e-05
5e-05
5e-05
5e-05
5e-05
5e-05
5e-05
5e-05
5e-05
5e-05
5e-05
5e-05
5e-05
5e-05
5e-05
5e-05
5e-05
5e-05
5e-05
5e-05
5e-05
7.95335e-05
0.000106539
0.000131367
0.000154319
0.000175655
0.000195599
0.000214343
0.000232052
0.00024887
0.000264919
0.000280305
0.000295118
0.000309438
0.000323331
0.000336856
0.000350062
0.000362993
0.000375686
0.000388172
0.00040048
0.000412632
0.000424649
0.000436549
0.000448346
0.000460054
0.000471684
0.000483246
0.000494747
0.000506196
0.000517597
0.000528957
0.00054028
0.000551571
0.000562831
0.000574065
0.000585275
0.000596463
0.00060763
0.000618779
0.000629912
0.000641028
0.000652129
0.000663217
0.000674291
0.000685353
0.000696403
0.000707441
0.000718469
0.000729486
0.000740493
0.00075149
0.000762477
0.000773455
0.000784423
0.000795383
0.000806333
0.000817274
0.000828207
0.000839131
0.000850047
0.000860954
0.000871853
0.000882743
0.000893625
0.000904499
0.000915365
0.000926223
0.000937072
0.000947914
0.000958748
0.000969573
0.000980391
0.000991201
0.001002
0.0010128
0.00102358
0.00103436
0.00104513
0.0010559
0.00106665
0.00104787
0.00103159
0.00101747
0.00100522
0.000994565
0.000985292
0.000977208
0.000970148
0.000963969
0.00095855
0.000953784
0.000949582
0.000945864
0.000942564
0.000939624
0.000936994
0.000934631
0.000932498
0.000930563
0.000928799
0.000927181
0.00092569
0.000924309
0.000923021
0.000921815
0.000920678
0.000919602
0.000918577
0.000917598
0.000916657
0.00091575
0.000914871
0.000914017
0.000913185
0.000912371
0.000911573
0.00091079
0.000910018
0.000909257
0.000908504
0.00090776
0.000907023
0.000906291
0.000905565
0.000904844
0.000904126
0.000903412
0.000902701
0.000901993
0.000901287
0.000900583
0.000899882
0.000899182
0.000898483
0.000897786
0.000897091
0.000896396
0.000895703
0.000895011
0.000894319
0.000893629
0.000892939
0.00089225
0.000891562
0.000890875
0.000890188
0.000889502
0.000888817
0.000888132
0.000887448
0.000886764
0.000886081
0.000885399
0.000884717
0.000884036
0.000883355
0.000882675
0.000881995
0.000881316
0.000880638
0.00087996
0.000879282
0.000878605
0.000877929
0.000877253
0.000876578
0.000875903
0.000875228
0.000874555
0.000873881
0.000873209
0.000872536
0.000871864
0.000871193
0.000870522
0.000869852
0.000869182
0.000868513
0.000867844
0.000867176
0.000866508
0.000865841
0.000865175
0.000864508
0.000863843
0.000863177
0.000862513
0.000861849
0.000861185
0.000860522
0.000859859
0.000859197
0.000858535
0.000857874
0.000857213
0.000856553
0.000855894
0.000855234
0.000854576
0.000853918
0.00085326
0.000852603
0.000851946
0.00085129
0.000850634
0.000849979
0.000849324
0.00084867
0.000848016
0.000847363
0.000846711
0.000846058
0.000845407
0.000844755
0.000844105
0.000843455
0.000842805
0.000842156
0.000841507
0.000840859
0.000840211
0.000839564
0.000838917
0.000838271
0.000837625
0.000836979
0.000836335
0.00083569
0.000835047
0.000834403
0.00083376
0.000833118
0.000832476
0.000831835
0.000831194
0.000830553
0.000829914
0.000829274
0.000828635
0.000827997
0.000827359
0.000826721
0.000826084
0.000825448
0.000824812
0.000824176
0.000823541
0.000822907
0.000822273
0.000821639
0.000821006
0.000820373
0.000819741
0.000819109
0.000818478
0.000817848
0.000817217
0.000816588
0.000815958
0.00081533
0.000814701
0.000814073
0.000813446
0.000812819
0.000812193
0.000811567
0.000810942
0.000810317
0.000809692
0.000809068
0.000808445
0.000807822
0.000807199
0.000806577
0.000805955
0.000805334
0.000804714
0.000804093
0.000803474
0.000802855
0.000802236
0.000801617
0.000801
0.000800382
0.000799765
0.000799149
0.000798533
0.000797918
0.000797303
0.000796688
0.000796074
0.000795461
0.000794848
0.000794235
0.000793623
0.000793011
0.0007924
0.000791789
0.000791179
0.000790569
0.00078996
0.000789351
0.000788742
0.000788134
0.000787527
0.00078692
0.000786313
0.000785707
0.000785102
0.000784497
0.000783892
0.000783288
0.000782684
0.000782081
0.000781478
0.000780876
0.000780274
0.000779672
0.000779071
0.000778471
0.000777871
0.000777271
0.000776672
0.000776073
0.000775475
0.000774877
0.00077428
0.000773683
0.000773087
0.000772491
0.000771896
0.000771301
0.000770706
0.000770112
0.000769518
0.000768925
0.000768333
0.00076774
0.000767148
0.000766557
0.000765966
0.000765376
0.000764786
0.000764196
0.000763607
0.000763019
0.000762431
0.000761843
0.000761256
0.000760669
0.000760083
0.000759497
0.000758911
0.000758326
0.000757742
0.000757158
0.000756574
0.000755991
0.000755408
0.000754826
0.000754244
0.000753663
0.000753082
0.000752501
0.000751921
0.000751342
0.000750762
0.000750184
0.000749606
0.000749028
0.00074845
0.000747874
0.000747297
0.000746721
0.000746146
0.00074557
0.000744996
0.000744422
0.000743848
0.000743274
0.000742702
0.000742129
0.000741557
0.000740985
0.000740414
0.000739844
0.000739273
0.000738704
0.000738134
0.000737565
0.000736997
0.000736429
0.000735861
0.000735294
0.000734727
0.000734161
0.000733595
0.00073303
0.000732465
0.0007319
0.000731336
0.000730773
0.00073021
0.000729647
0.000729084
0.000728523
0.000727961
0.0007274
0.000726839
0.000726279
0.00072572
0.00072516
0.000724601
0.000724043
0.000723485
0.000722928
0.00072237
0.000721814
0.000721257
0.000720702
0.000720146
0.000719591
0.000719037
0.000718483
0.000717929
0.000717376
0.000716823
0.000716271
0.000715719
0.000715167
0.000714616
0.000714065
0.000713515
0.000712965
0.000712416
0.000711867
0.000711319
0.00071077
0.000710223
0.000709676
0.000709129
0.000708582
0.000708036
0.000707491
0.000706946
0.000706401
0.000705857
0.000705313
0.00070477
0.000704227
0.000703684
0.000703142
0.0007026
0.000702059
0.000701518
0.000700978
0.000700438
0.000699898
0.000699359
0.00069882
0.000698282
0.000697744
0.000697206
0.000696669
0.000696132
0.000695596
0.00069506
0.000694525
0.00069399
0.000693455
0.000692921
0.000692388
0.000691854
0.000691321
0.000690789
0.000690257
0.000689725
0.000689194
0.000688663
0.000688133
0.000687603
0.000687073
0.000686544
0.000686015
0.000685487
0.000684959
0.000684431
0.000683904
0.000683377
0.000682851
0.000682325
0.0006818
0.000681275
0.00068075
0.000680226
0.000679702
0.000679179
0.000678656
0.000678133
0.000677611
0.000677089
0.000676568
0.000676047
0.000675526
0.000675006
0.000674487
0.000673967
0.000673448
0.00067293
0.000672412
0.000671894
0.000671377
0.00067086
0.000670343
0.000669827
0.000669312
0.000668796
0.000668282
0.000667767
0.000667253
0.000666739
0.000666226
0.000665713
0.000665201
0.000664689
0.000664177
0.000663666
0.000663155
0.000662645
0.000662135
0.000661625
0.000661116
0.000660607
0.000660099
0.000659591
0.000659083
0.000658576
0.000658069
0.000657563
0.000657056
0.000656551
0.000656046
0.000655541
0.000655036
0.000654532
0.000654029
0.000653525
0.000653023
0.00065252
0.000652018
0.000651516
0.000651015
0.000650514
0.000650014
0.000649514
0.000649014
0.000648515
0.000648016
0.000647517
0.000647019
0.000646521
0.000646024
0.000645527
0.00064503
0.000644534
0.000644039
0.000643543
0.000643048
0.000642554
0.000642059
0.000641566
0.000641072
0.000640579
0.000640086
0.000639594
0.000639102
0.000638611
0.00063812
0.000637629
0.000637139
0.000636649
0.000636159
0.00063567
0.000635181
0.000634693
0.000634205
0.000633717
0.00063323
0.000632743
0.000632257
0.00063177
0.000631285
0.000630799
0.000630314
0.00062983
0.000629346
0.000628862
0.000628379
0.000627896
0.000627413
0.000626931
0.000626449
0.000625967
0.000625486
0.000625005
0.000624525
0.000624045
0.000623565
0.000623086
0.000622607
0.000622129
0.000621651
0.000621173
0.000620696
0.000620219
0.000619742
0.000619266
0.00061879
0.000618315
0.00061784
0.000617365
0.000616891
0.000616417
0.000615943
0.00061547
0.000614997
0.000614525
0.000614053
0.000613581
0.00061311
0.000612639
0.000612168
0.000611698
0.000611228
0.000610759
0.00061029
0.000609821
0.000609353
0.000608885
0.000608417
0.00060795
0.000607483
0.000607017
0.000606551
0.000606085
0.00060562
0.000605155
0.00060469
0.000604226
0.000603762
0.000603298
0.000602835
0.000602372
0.00060191
0.000601448
0.000600986
0.000600525
0.000600064
0.000599603
0.000599143
0.000598683
0.000598224
0.000597765
0.000597306
0.000596848
0.00059639
0.000595932
0.000595475
0.000595018
0.000594561
0.000594105
0.000593649
0.000593194
0.000592738
0.000592284
0.000591829
0.000591375
0.000590922
0.000590468
0.000590015
0.000589563
0.000589111
0.000588659
0.000588207
0.000587756
0.000587305
0.000586855
0.000586405
0.000585955
0.000585506
0.000585057
0.000584608
0.00058416
0.000583712
0.000583264
0.000582817
0.00058237
0.000581924
0.000581478
0.000581032
0.000580586
0.000580141
0.000579697
0.000579252
0.000578808
0.000578364
0.000577921
0.000577478
0.000577036
0.000576593
0.000576151
0.00057571
0.000575269
0.000574828
0.000574387
0.000573947
0.000573508
0.000573068
0.000572629
0.00057219
0.000571752
0.000571314
0.000570876
0.000570439
0.000570002
0.000569565
0.000569129
0.000568693
0.000568258
0.000567822
0.000567387
0.000566953
0.000566519
0.000566085
0.000565651
0.000565218
0.000564785
0.000564353
0.000563921
0.000563489
0.000563058
0.000562627
0.000562196
0.000561765
0.000561335
0.000560906
0.000560476
0.000560047
0.000559619
0.00055919
0.000558762
0.000558335
0.000557907
0.000557481
0.000557054
0.000556628
0.000556202
0.000555776
0.000555351
0.000554926
0.000554501
0.000554077
0.000553653
0.00055323
0.000552807
0.000552384
0.000551961
0.000551539
0.000551117
0.000550696
0.000550275
0.000549854
0.000549433
0.000549013
0.000548593
0.000548174
0.000547755
0.000547336
0.000546917
0.000546499
0.000546081
0.000545664
0.000545247
0.00054483
0.000544413
0.000543997
0.000543582
0.000543166
0.000542751
0.000542336
0.000541922
0.000541508
0.000541094
0.00054068
0.000540267
0.000539854
0.000539442
0.00053903
0.000538618
0.000538207
0.000537795
0.000537385
0.000536974
0.000536564
0.000536154
0.000535745
0.000535335
0.000534927
0.000534518
0.00053411
0.000533702
0.000533295
0.000532887
0.000532481
0.000532074
0.000531668
0.000531262
0.000530856
0.000530451
0.000530046
0.000529642
0.000529237
0.000528833
0.00052843
0.000528027
0.000527624
0.000527221
0.000526819
0.000526417
0.000526015
0.000525614
0.000525213
0.000524812
0.000524412
0.000524012
0.000523612
0.000523212
0.000522813
0.000522415
0.000522016
0.000521618
0.00052122
0.000520823
0.000520426
0.000520029
0.000519632
0.000519236
0.00051884
0.000518445
0.00051805
0.000517655
0.00051726
0.000516866
0.000516472
0.000516078
0.000515685
0.000515292
0.000514899
0.000514507
0.000514115
0.000513723
0.000513332
0.000512941
0.00051255
0.000512159
0.000511769
0.000511379
0.00051099
0.000510601
0.000510212
0.000509823
0.000509435
0.000509047
0.000508659
0.000508272
0.000507885
0.000507498
0.000507112
0.000506726
0.00050634
0.000505955
0.000505569
0.000505185
0.0005048
0.000504416
0.000504032
0.000503648
0.000503265
0.000502882
0.000502499
0.000502117
0.000501735
0.000501353
0.000500972
0.000500591
0.00050021
0.00049983
0.000499449
0.000499069
0.00049869
0.000498311
0.000497932
0.000497553
0.000497175
0.000496797
0.000496419
0.000496042
0.000495664
0.000495288
0.000494911
0.000494535
0.000494159
0.000493783
0.000493408
0.000493033
0.000492658
0.000492284
0.00049191
0.000491536
0.000491163
0.00049079
0.000490417
0.000490044
0.000489672
0.0004893
0.000488928
0.000488557
0.000488186
0.000487815
0.000487445
0.000487075
0.000486705
0.000486335
0.000485966
0.000485597
0.000485228
0.00048486
0.000484492
0.000484124
0.000483757
0.00048339
0.000483023
0.000482656
0.00048229
0.000481924
0.000481558
0.000481193
0.000480828
0.000480463
0.000480099
0.000479735
0.000479371
0.000479007
0.000478644
0.000478281
0.000477918
0.000477556
0.000477194
0.000476832
0.00047647
0.000476109
0.000475748
0.000475387
0.000475027
0.000474667
0.000474307
0.000473948
0.000473589
0.00047323
0.000472871
0.000472513
0.000472155
0.000471797
0.00047144
0.000471083
0.000470726
0.000470369
0.000470013
0.000469657
0.000469301
0.000468946
0.000468591
0.000468236
0.000467881
0.000467527
0.000467173
0.000466819
0.000466466
0.000466113
0.00046576
0.000465408
0.000465055
0.000464704
0.000464352
0.000464001
0.000463649
0.000463299
0.000462948
0.000462598
0.000462248
0.000461898
0.000461549
0.0004612
0.000460851
0.000460503
0.000460154
0.000459806
0.000459459
0.000459111
0.000458764
0.000458418
0.000458071
0.000457725
0.000457379
0.000457033
0.000456688
0.000456343
0.000455998
0.000455653
0.000455309
0.000454965
0.000454621
0.000454278
0.000453935
0.000453592
0.000453249
0.000452907
0.000452565
0.000452223
0.000451882
0.000451541
0.0004512
0.000450859
0.000450519
0.000450179
0.000449839
0.000449499
0.00044916
0.000448821
0.000448482
0.000448144
0.000447806
0.000447468
0.00044713
0.000446793
0.000446456
0.000446119
0.000445783
0.000445447
0.000445111
0.000444775
0.00044444
0.000444105
0.00044377
0.000443435
0.000443101
0.000442767
0.000442433
0.0004421
0.000441766
0.000441434
0.000441101
0.000440769
0.000440436
0.000440105
0.000439773
0.000439442
0.000439111
0.00043878
0.00043845
0.000438119
0.000437789
0.00043746
0.00043713
0.000436801
0.000436472
0.000436144
0.000435815
0.000435487
0.00043516
0.000434832
0.000434505
0.000434178
0.000433851
0.000433525
0.000433199
0.000432873
0.000432547
0.000432222
0.000431897
0.000431572
0.000431247
0.000430923
0.000430599
0.000430275
0.000429952
0.000429628
0.000429305
0.000428983
0.00042866
0.000428338
0.000428016
0.000427695
0.000427373
0.000427052
0.000426731
0.000426411
0.00042609
0.00042577
0.00042545
0.000425131
0.000424812
0.000424493
0.000424174
0.000423855
0.000423537
0.000423219
0.000422901
0.000422584
0.000422267
0.00042195
0.000421633
0.000421317
0.000421001
0.000420685
0.000420369
0.000420054
0.000419739
0.000419424
0.000419109
0.000418795
0.000418481
0.000418167
0.000417853
0.00041754
0.000417227
0.000416914
0.000416602
0.000416289
0.000415977
0.000415666
0.000415354
0.000415043
0.000414732
0.000414421
0.000414111
0.000413801
0.000413491
0.000413181
0.000412871
0.000412562
0.000412253
0.000411945
0.000411636
0.000411328
0.00041102
0.000410712
0.000410405
0.000410098
0.000409791
0.000409484
0.000409178
0.000408872
0.000408566
0.00040826
0.000407955
0.000407649
0.000407345
0.00040704
0.000406736
0.000406431
0.000406127
0.000405824
0.00040552
0.000405217
0.000404914
0.000404612
0.000404309
0.000404007
0.000403705
0.000403404
0.000403102
0.000402801
0.0004025
0.000402199
0.000401899
0.000401599
0.000401299
0.000400999
0.0004007
0.000400401
0.000400102
0.000399803
0.000399505
0.000399207
0.000398909
0.000398611
0.000398313
0.000398016
0.000397719
0.000397423
0.000397126
0.00039683
0.000396534
0.000396238
0.000395943
0.000395647
0.000395352
0.000395058
0.000394763
0.000394469
0.000394175
0.000393881
0.000393587
0.000393294
0.000393001
0.000392708
0.000392416
0.000392123
0.000391831
0.000391539
0.000391248
0.000390956
0.000390665
0.000390374
0.000390084
0.000389793
0.000389503
0.000389213
0.000388924
0.000388634
0.000388345
0.000388056
0.000387767
0.000387479
0.00038719
0.000386902
0.000386615
0.000386327
0.00038604
0.000385753
0.000385466
0.000385179
0.000384893
0.000384607
0.000384321
0.000384035
0.00038375
0.000383465
0.00038318
0.000382895
0.000382611
0.000382326
0.000382042
0.000381759
0.000381475
0.000381192
0.000380909
0.000380626
0.000380343
0.000380061
0.000379779
0.000379497
0.000379215
0.000378934
0.000378653
0.000378372
0.000378091
0.000377811
0.00037753
0.00037725
0.000376971
0.000376691
0.000376412
0.000376133
0.000375854
0.000375575
0.000375297
0.000375019
0.000374741
0.000374463
0.000374185
0.000373908
0.000373631
0.000373354
0.000373078
0.000372802
0.000372525
0.00037225
0.000371974
0.000371698
0.000371423
0.000371148
0.000370874
0.000370599
0.000370325
0.000370051
0.000369777
0.000369503
0.00036923
0.000368957
0.000368684
0.000368411
0.000368139
0.000367867
0.000367595
0.000367323
0.000367051
0.00036678
0.000366509
0.000366238
0.000365967
0.000365697
0.000365427
0.000365157
0.000364887
0.000364617
0.000364348
0.000364079
0.00036381
0.000363541
0.000363273
0.000363005
0.000362737
0.000362469
0.000362202
0.000361934
0.000361667
0.0003614
0.000361134
0.000360867
0.000360601
0.000360335
0.000360069
0.000359804
0.000359539
0.000359273
0.000359009
0.000358744
0.000358479
0.000358215
0.000357951
0.000357688
0.000357424
0.000357161
0.000356898
0.000356635
0.000356372
0.00035611
0.000355847
0.000355585
0.000355323
0.000355062
0.0003548
0.000354539
0.000354278
0.000354018
0.000353757
0.000353497
0.000353237
0.000352977
0.000352717
0.000352458
0.000352199
0.00035194
0.000351681
0.000351422
0.000351164
0.000350906
0.000350648
0.00035039
0.000350133
0.000349876
0.000349619
0.000349362
0.000349105
0.000348849
0.000348593
0.000348337
0.000348081
0.000347825
0.00034757
0.000347315
0.00034706
0.000346805
0.000346551
0.000346296
0.000346042
0.000345788
0.000345535
0.000345281
0.000345028
0.000344775
0.000344522
0.00034427
0.000344017
0.000343765
0.000343513
0.000343262
0.00034301
0.000342759
0.000342508
0.000342257
0.000342006
0.000341755
0.000341505
0.000341255
0.000341005
0.000340756
0.000340506
0.000340257
0.000340008
0.000339759
0.00033951
0.000339262
0.000339014
0.000338766
0.000338518
0.00033827
0.000338023
0.000337776
0.000337529
0.000337282
0.000337036
0.000336789
0.000336543
0.000336297
0.000336051
0.000335806
0.000335561
0.000335316
0.000335071
0.000334826
0.000334581
0.000334337
0.000334093
0.000333849
0.000333605
0.000333362
0.000333119
0.000332876
0.000332633
0.00033239
0.000332148
0.000331905
0.000331663
0.000331421
0.00033118
0.000330938
0.000330697
0.000330456
0.000330215
0.000329975
0.000329734
0.000329494
0.000329254
0.000329014
0.000328774
0.000328535
0.000328296
0.000328057
0.000327818
0.000327579
0.000327341
0.000327102
0.000326864
0.000326627
0.000326389
0.000326151
0.000325914
0.000325677
0.00032544
0.000325204
0.000324967
0.000324731
0.000324495
0.000324259
0.000324023
0.000323788
0.000323553
0.000323318
0.000323083
0.000322848
0.000322614
0.000322379
0.000322145
0.000321911
0.000321678
0.000321444
0.000321211
0.000320978
0.000320745
0.000320512
0.000320279
0.000320047
0.000319815
0.000319583
0.000319351
0.00031912
0.000318888
0.000318657
0.000318426
0.000318196
0.000317965
0.000317735
0.000317504
0.000317274
0.000317045
0.000316815
0.000316585
0.000316356
0.000316127
0.000315898
0.00031567
0.000315441
0.000315213
0.000314985
0.000314757
0.000314529
0.000314302
0.000314074
0.000313847
0.00031362
0.000313394
0.000313167
0.000312941
0.000312714
0.000312488
0.000312263
0.000312037
0.000311812
0.000311586
0.000311361
0.000311136
0.000310912
0.000310687
0.000310463
0.000310239
0.000310015
0.000309791
0.000309568
0.000309344
0.000309121
0.000308898
0.000308675
0.000308453
0.00030823
0.000308008
0.000307786
0.000307564
0.000307343
0.000307121
0.0003069
0.000306679
0.000306458
0.000306237
0.000306017
0.000305796
0.000305576
0.000305356
0.000305136
0.000304917
0.000304697
0.000304478
0.000304259
0.00030404
0.000303821
0.000303603
0.000303384
0.000303166
0.000302948
0.00030273
0.000302513
0.000302295
0.000302078
0.000301861
0.000301644
0.000301427
0.000301211
0.000300995
0.000300778
0.000300562
0.000300347
0.000300131
0.000299916
0.0002997
0.000299485
0.00029927
0.000299056
0.000298841
0.000298627
0.000298413
0.000298199
0.000297985
0.000297771
0.000297558
0.000297345
0.000297132
0.000296919
0.000296706
0.000296493
0.000296281
0.000296069
0.000295857
0.000295645
0.000295433
0.000295222
0.000295011
0.000294799
0.000294589
0.000294378
0.000294167
0.000293957
0.000293747
0.000293536
0.000293327
0.000293117
0.000292907
0.000292698
0.000292489
0.00029228
0.000292071
0.000291862
0.000291654
0.000291446
0.000291238
0.00029103
0.000290822
0.000290614
0.000290407
0.0002902
0.000289992
0.000289786
0.000289579
0.000289372
0.000289166
0.00028896
0.000288754
0.000288548
0.000288342
0.000288137
0.000287931
0.000287726
0.000287521
0.000287316
0.000287112
0.000286907
0.000286703
0.000286499
0.000286295
0.000286091
0.000285888
0.000285684
0.000285481
0.000285278
0.000285075
0.000284872
0.00028467
0.000284467
0.000284265
0.000284063
0.000283861
0.000283659
0.000283458
0.000283256
0.000283055
0.000282854
0.000282653
0.000282452
0.000282252
0.000282052
0.000281851
0.000281651
0.000281451
0.000281252
0.000281052
0.000280853
0.000280654
0.000280455
0.000280256
0.000280057
0.000279859
0.00027966
0.000279462
0.000279264
0.000279066
0.000278869
0.000278671
0.000278474
0.000278277
0.000278079
0.000277883
0.000277686
0.000277489
0.000277293
0.000277097
0.000276901
0.000276705
0.000276509
0.000276314
0.000276118
0.000275923
0.000275728
0.000275533
0.000275339
0.000275144
0.00027495
0.000274756
0.000274562
0.000274368
0.000274174
0.00027398
0.000273787
0.000273594
0.000273401
0.000273208
0.000273015
0.000272823
0.00027263
0.000272438
0.000272246
0.000272054
0.000271862
0.000271671
0.000271479
0.000271288
0.000271097
0.000270906
0.000270715
0.000270524
0.000270334
0.000270144
0.000269954
0.000269764
0.000269574
0.000269384
0.000269195
0.000269005
0.000268816
0.000268627
0.000268438
0.000268249
0.000268061
0.000267873
0.000267684
0.000267496
0.000267308
0.000267121
0.000266933
0.000266746
0.000266558
0.000266371
0.000266184
0.000265997
0.000265811
0.000265624
0.000265438
0.000265252
0.000265066
0.00026488
0.000264694
0.000264509
0.000264323
0.000264138
0.000263953
0.000263768
0.000263584
0.000263399
0.000263214
0.00026303
0.000262846
0.000262662
0.000262478
0.000262295
0.000262111
0.000261928
0.000261745
0.000261562
0.000261379
0.000261196
0.000261013
0.000260831
0.000260649
0.000260467
0.000260285
0.000260103
0.000259921
0.00025974
0.000259558
0.000259377
0.000259196
0.000259015
0.000258835
0.000258654
0.000258474
0.000258293
0.000258113
0.000257933
0.000257753
0.000257574
0.000257394
0.000257215
0.000257036
0.000256857
0.000256678
0.000256499
0.000256321
0.000256142
0.000255964
0.000255786
0.000255608
0.00025543
0.000255252
0.000255075
0.000254897
0.00025472
0.000254543
0.000254366
0.000254189
0.000254013
0.000253836
0.00025366
0.000253484
0.000253308
0.000253132
0.000252956
0.00025278
0.000252605
0.00025243
0.000252255
0.00025208
0.000251905
0.00025173
0.000251555
0.000251381
0.000251207
0.000251033
0.000250859
0.000250685
0.000250511
0.000250338
0.000250164
0.000249991
0.000249818
0.000249645
0.000249472
0.0002493
0.000249127
0.000248955
0.000248783
0.000248611
0.000248439
0.000248267
0.000248096
0.000247924
0.000247753
0.000247582
0.000247411
0.00024724
0.000247069
0.000246898
0.000246728
0.000246558
0.000246387
0.000246217
0.000246048
0.000245878
0.000245708
0.000245539
0.00024537
0.0002452
0.000245031
0.000244863
0.000244694
0.000244525
0.000244357
0.000244189
0.00024402
0.000243852
0.000243685
0.000243517
0.000243349
0.000243182
0.000243015
0.000242847
0.00024268
0.000242514
0.000242347
0.00024218
0.000242014
0.000241848
0.000241681
0.000241515
0.00024135
0.000241184
0.000241018
0.000240853
0.000240687
0.000240522
0.000240357
0.000240192
0.000240028
0.000239863
0.000239699
0.000239534
0.00023937
0.000239206
0.000239042
0.000238878
0.000238715
0.000238551
0.000238388
0.000238225
0.000238062
0.000237899
0.000237736
0.000237573
0.000237411
0.000237248
0.000237086
0.000236924
0.000236762
0.0002366
0.000236439
0.000236277
0.000236116
0.000235954
0.000235793
0.000235632
0.000235471
0.000235311
0.00023515
0.00023499
0.000234829
0.000234669
0.000234509
0.000234349
0.000234189
0.00023403
0.00023387
0.000233711
0.000233552
0.000233393
0.000233234
0.000233075
0.000232916
0.000232757
0.000232599
0.000232441
0.000232283
0.000232125
0.000231967
0.000231809
0.000231651
0.000231494
0.000231337
0.000231179
0.000231022
0.000230865
0.000230709
0.000230552
0.000230395
0.000230239
0.000230083
0.000229927
0.000229771
0.000229615
0.000229459
0.000229303
0.000229148
0.000228993
0.000228837
0.000228682
0.000228527
0.000228372
0.000228218
0.000228063
0.000227909
0.000227755
0.0002276
0.000227446
0.000227292
0.000227139
0.000226985
0.000226832
0.000226678
0.000226525
0.000226372
0.000226219
0.000226066
0.000225913
0.000225761
0.000225608
0.000225456
0.000225304
0.000225152
0.000225
0.000224848
0.000224696
0.000224545
0.000224393
0.000224242
0.000224091
0.00022394
0.000223789
0.000223638
0.000223488
0.000223337
0.000223187
0.000223036
0.000222886
0.000222736
0.000222586
0.000222437
0.000222287
0.000222138
0.000221988
0.000221839
0.00022169
0.000221541
0.000221392
0.000221243
0.000221095
0.000220946
0.000220798
0.00022065
0.000220502
0.000220354
0.000220206
0.000220058
0.00021991
0.000219763
0.000219616
0.000219468
0.000219321
0.000219174
0.000219028
0.000218881
0.000218734
0.000218588
0.000218441
0.000218295
0.000218149
0.000218003
0.000217857
0.000217712
0.000217566
0.000217421
0.000217275
0.00021713
0.000216985
0.00021684
0.000216695
0.000216551
0.000216406
0.000216261
0.000216117
0.000215973
0.000215829
0.000215685
0.000215541
0.000215397
0.000215254
0.00021511
0.000214967
0.000214824
0.00021468
0.000214537
0.000214395
0.000214252
0.000214109
0.000213967
0.000213824
0.000213682
0.00021354
0.000213398
0.000213256
0.000213114
0.000212973
0.000212831
0.00021269
0.000212548
0.000212407
0.000212266
0.000212125
0.000211984
0.000211844
0.000211703
0.000211563
0.000211422
0.000211282
0.000211142
0.000211002
0.000210862
0.000210722
0.000210583
0.000210443
0.000210304
0.000210165
0.000210026
0.000209887
0.000209748
0.000209609
0.00020947
0.000209332
0.000209193
0.000209055
0.000208917
0.000208779
0.000208641
0.000208503
0.000208365
0.000208228
0.00020809
0.000207953
0.000207816
0.000207678
0.000207541
0.000207405
0.000207268
0.000207131
0.000206995
0.000206858
0.000206722
0.000206586
0.00020645
0.000206314
0.000206178
0.000206042
0.000205906
0.000205771
0.000205636
0.0002055
0.000205365
0.00020523
0.000205095
0.00020496
0.000204826
0.000204691
0.000204557
0.000204422
0.000204288
0.000204154
0.00020402
0.000203886
0.000203752
0.000203619
0.000203485
0.000203352
0.000203219
0.000203085
0.000202952
0.000202819
0.000202687
0.000202554
0.000202421
0.000202289
0.000202156
0.000202024
0.000201892
0.00020176
0.000201628
0.000201496
0.000201364
0.000201233
0.000201101
0.00020097
0.000200839
0.000200707
0.000200576
0.000200445
0.000200315
0.000200184
0.000200053
0.000199923
0.000199793
0.000199662
0.000199532
0.000199402
0.000199272
0.000199142
0.000199013
0.000198883
0.000198754
0.000198624
0.000198495
0.000198366
0.000198237
0.000198108
0.000197979
0.00019785
0.000197722
0.000197593
0.000197465
0.000197337
0.000197209
0.000197081
0.000196953
0.000196825
0.000196697
0.000196569
0.000196442
0.000196315
0.000196187
0.00019606
0.000195933
0.000195806
0.000195679
0.000195553
0.000195426
0.000195299
0.000195173
0.000195047
0.000194921
0.000194795
0.000194669
0.000194543
0.000194417
0.000194291
0.000194166
0.00019404
0.000193915
0.00019379
0.000193665
0.00019354
0.000193415
0.00019329
0.000193165
0.000193041
0.000192916
0.000192792
0.000192668
0.000192544
0.00019242
0.000192296
0.000192172
0.000192048
0.000191924
0.000191801
0.000191678
0.000191554
0.000191431
0.000191308
0.000191185
0.000191062
0.000190939
0.000190817
0.000190694
0.000190572
0.000190449
0.000190327
0.000190205
0.000190083
0.000189961
0.000189839
0.000189718
0.000189596
0.000189474
0.000189353
0.000189232
0.00018911
0.000188989
0.000188868
0.000188748
0.000188627
0.000188506
0.000188386
0.000188265
0.000188145
0.000188024
0.000187904
0.000187784
0.000187664
0.000187544
0.000187425
0.000187305
0.000187186
0.000187066
0.000186947
0.000186828
0.000186708
0.000186589
0.00018647
0.000186352
0.000186233
0.000186114
0.000185996
0.000185877
0.000185759
0.000185641
0.000185523
0.000185405
0.000185287
0.000185169
0.000185051
0.000184934
0.000184816
0.000184699
0.000184581
0.000184464
0.000184347
0.00018423
0.000184113
0.000183997
0.00018388
0.000183763
0.000183647
0.00018353
0.000183414
0.000183298
0.000183182
0.000183066
0.00018295
0.000182834
0.000182718
0.000182603
0.000182487
0.000182372
0.000182257
0.000182141
0.000182026
0.000181911
0.000181796
0.000181682
0.000181567
0.000181452
0.000181338
0.000181223
0.000181109
0.000180995
0.000180881
0.000180767
0.000180653
0.000180539
0.000180425
0.000180312
0.000180198
0.000180085
0.000179971
0.000179858
0.000179745
0.000179632
0.000179519
0.000179406
0.000179293
0.000179181
0.000179068
0.000178956
0.000178843
0.000178731
0.000178619
0.000178507
0.000178395
0.000178283
0.000178171
0.00017806
0.000177948
0.000177836
0.000177725
0.000177614
0.000177503
0.000177391
0.00017728
0.00017717
0.000177059
0.000176948
0.000176837
0.000176727
0.000176616
0.000176506
0.000176396
0.000176286
0.000176176
0.000176066
0.000175956
0.000175846
0.000175736
0.000175627
0.000175517
0.000175408
0.000175298
0.000175189
0.00017508
0.000174971
0.000174862
0.000174753
0.000174645
0.000174536
0.000174427
0.000174319
0.000174211
0.000174102
0.000173994
0.000173886
0.000173778
0.00017367
0.000173562
0.000173455
0.000173347
0.000173239
0.000173132
0.000173025
0.000172917
0.00017281
0.000172703
0.000172596
0.000172489
0.000172383
0.000172276
0.000172169
0.000172063
0.000171956
0.00017185
0.000171744
0.000171638
0.000171532
0.000171426
0.00017132
0.000171214
0.000171108
0.000171003
0.000170897
0.000170792
0.000170686
0.000170581
0.000170476
0.000170371
0.000170266
0.000170161
0.000170056
0.000169952
0.000169847
0.000169742
0.000169638
0.000169534
0.000169429
0.000169325
0.000169221
0.000169117
0.000169013
0.00016891
0.000168806
0.000168702
0.000168599
0.000168495
0.000168392
0.000168289
0.000168186
0.000168082
0.000167979
0.000167877
0.000167774
0.000167671
0.000167568
0.000167466
0.000167363
0.000167261
0.000167159
0.000167056
0.000166954
0.000166852
0.00016675
0.000166649
0.000166547
0.000166445
0.000166344
0.000166242
0.000166141
0.000166039
0.000165938
0.000165837
0.000165736
0.000165635
0.000165534
0.000165433
0.000165333
0.000165232
0.000165131
0.000165031
0.000164931
0.00016483
0.00016473
0.00016463
0.00016453
0.00016443
0.00016433
0.00016423
0.000164131
0.000164031
0.000163932
0.000163832
0.000163733
0.000163634
0.000163535
0.000163436
0.000163337
0.000163238
0.000163139
0.00016304
0.000162941
0.000162843
0.000162744
0.000162646
0.000162548
0.00016245
0.000162351
0.000162253
0.000162155
0.000162057
0.00016196
0.000161862
0.000161764
0.000161667
0.000161569
0.000161472
0.000161375
0.000161277
0.00016118
0.000161083
0.000160986
0.00016089
0.000160793
0.000160696
0.000160599
0.000160503
0.000160406
0.00016031
0.000160214
0.000160118
0.000160021
0.000159925
0.000159829
0.000159734
0.000159638
0.000159542
0.000159446
0.000159351
0.000159255
0.00015916
0.000159065
0.00015897
0.000158874
0.000158779
0.000158684
0.00015859
0.000158495
0.0001584
0.000158305
0.000158211
0.000158116
0.000158022
0.000157928
0.000157833
0.000157739
0.000157645
0.000157551
0.000157457
0.000157364
0.00015727
0.000157176
0.000157083
0.000156989
0.000156896
0.000156802
0.000156709
0.000156616
0.000156523
0.00015643
0.000156337
0.000156244
0.000156151
0.000156058
0.000155966
0.000155873
0.000155781
0.000155689
0.000155596
0.000155504
0.000155412
0.00015532
0.000155228
0.000155136
0.000155044
0.000154952
0.000154861
0.000154769
0.000154678
0.000154586
0.000154495
0.000154404
0.000154312
0.000154221
0.00015413
0.000154039
0.000153949
0.000153858
0.000153767
0.000153676
0.000153586
0.000153495
0.000153405
0.000153315
0.000153224
0.000153134
0.000153044
0.000152954
0.000152864
0.000152774
0.000152685
0.000152595
0.000152505
0.000152416
0.000152326
0.000152237
0.000152148
0.000152058
0.000151969
0.00015188
0.000151791
0.000151702
0.000151613
0.000151525
0.000151436
0.000151347
0.000151259
0.00015117
0.000151082
0.000150994
0.000150905
0.000150817
0.000150729
0.000150641
0.000150553
0.000150465
0.000150378
0.00015029
0.000150202
0.000150115
0.000150027
0.00014994
0.000149852
0.000149765
0.000149678
0.000149591
0.000149504
0.000149417
0.00014933
0.000149243
0.000149157
0.00014907
0.000148983
0.000148897
0.00014881
0.000148724
0.000148638
0.000148552
0.000148466
0.000148379
0.000148294
0.000148208
0.000148122
0.000148036
0.00014795
0.000147865
0.000147779
0.000147694
0.000147608
0.000147523
0.000147438
0.000147353
0.000147268
0.000147183
0.000147098
0.000147013
0.000146928
0.000146843
0.000146759
0.000146674
0.00014659
0.000146505
0.000146421
0.000146337
0.000146252
0.000146168
0.000146084
0.000146
0.000145916
0.000145832
0.000145749
0.000145665
0.000145581
0.000145498
0.000145414
0.000145331
0.000145248
0.000145164
0.000145081
0.000144998
0.000144915
0.000144832
0.000144749
0.000144666
0.000144584
0.000144501
0.000144418
0.000144336
0.000144253
0.000144171
0.000144089
0.000144006
0.000143924
0.000143842
0.00014376
0.000143678
0.000143596
0.000143514
0.000143432
0.000143351
0.000143269
0.000143188
0.000143106
0.000143025
0.000142943
0.000142862
0.000142781
0.0001427
0.000142619
0.000142538
0.000142457
0.000142376
0.000142295
0.000142215
0.000142134
0.000142053
0.000141973
0.000141892
0.000141812
0.000141732
0.000141652
0.000141571
0.000141491
0.000141411
0.000141331
0.000141252
0.000141172
0.000141092
0.000141012
0.000140933
0.000140853
0.000140774
0.000140694
0.000140615
0.000140536
0.000140457
0.000140378
0.000140299
0.00014022
0.000140141
0.000140062
0.000139983
0.000139904
0.000139826
0.000139747
0.000139669
0.00013959
0.000139512
0.000139434
0.000139355
0.000139277
0.000139199
0.000139121
0.000139043
0.000138965
0.000138887
0.00013881
0.000138732
0.000138654
0.000138577
0.000138499
0.000138422
0.000138345
0.000138267
0.00013819
0.000138113
0.000138036
0.000137959
0.000137882
0.000137805
0.000137728
0.000137652
0.000137575
0.000137498
0.000137422
0.000137345
0.000137269
0.000137193
0.000137116
0.00013704
0.000136964
0.000136888
0.000136812
0.000136736
0.00013666
0.000136584
0.000136508
0.000136433
0.000136357
0.000136282
0.000136206
0.000136131
0.000136055
0.00013598
0.000135905
0.00013583
0.000135755
0.000135679
0.000135605
0.00013553
0.000135455
0.00013538
0.000135305
0.000135231
0.000135156
0.000135082
0.000135007
0.000134933
0.000134858
0.000134784
0.00013471
0.000134636
0.000134562
0.000134488
0.000134414
0.00013434
0.000134266
0.000134192
0.000134119
0.000134045
0.000133972
0.000133898
0.000133825
0.000133751
0.000133678
0.000133605
0.000133532
0.000133459
0.000133386
0.000133313
0.00013324
0.000133167
0.000133094
0.000133021
0.000132949
0.000132876
0.000132804
0.000132731
0.000132659
0.000132586
0.000132514
0.000132442
0.00013237
0.000132298
0.000132226
0.000132154
0.000132082
0.00013201
0.000131938
0.000131866
0.000131795
0.000131723
0.000131652
0.00013158
0.000131509
0.000131437
0.000131366
0.000131295
0.000131224
0.000131153
0.000131082
0.000131011
0.00013094
0.000130869
0.000130798
0.000130727
0.000130657
0.000130586
0.000130515
0.000130445
0.000130375
0.000130304
0.000130234
0.000130164
0.000130093
0.000130023
0.000129953
0.000129883
0.000129813
0.000129744
0.000129674
0.000129604
0.000129534
0.000129465
0.000129395
0.000129326
0.000129256
0.000129187
0.000129117
0.000129048
0.000128979
0.00012891
0.000128841
0.000128772
0.000128703
0.000128634
0.000128565
0.000128496
0.000128427
0.000128359
0.00012829
0.000128222
0.000128153
0.000128085
0.000128016
0.000127948
0.00012788
0.000127812
0.000127743
0.000127675
0.000127607
0.000127539
0.000127471
0.000127404
0.000127336
0.000127268
0.0001272
0.000127133
0.000127065
0.000126998
0.00012693
0.000126863
0.000126796
0.000126728
0.000126661
0.000126594
0.000126527
0.00012646
0.000126393
0.000126326
0.000126259
0.000126193
0.000126126
0.000126059
0.000125993
0.000125926
0.00012586
0.000125793
0.000125727
0.00012566
0.000125594
0.000125528
0.000125462
0.000125396
0.00012533
0.000125264
0.000125198
0.000125132
0.000125066
0.000125
0.000124935
0.000124869
0.000124803
0.000124738
0.000124672
0.000124607
0.000124542
0.000124476
0.000124411
0.000124346
0.000124281
0.000124216
0.000124151
0.000124086
0.000124021
0.000123956
0.000123891
0.000123827
0.000123762
0.000123697
0.000123633
0.000123568
0.000123504
0.000123439
0.000123375
0.000123311
0.000123247
0.000123182
0.000123118
0.000123054
0.00012299
0.000122926
0.000122862
0.000122799
0.000122735
0.000122671
0.000122608
0.000122544
0.00012248
0.000122417
0.000122353
0.00012229
0.000122227
0.000122163
0.0001221
0.000122037
0.000121974
0.000121911
0.000121848
0.000121785
0.000121722
0.000121659
0.000121596
0.000121534
0.000121471
0.000121408
0.000121346
0.000121283
0.000121221
0.000121158
0.000121096
0.000121034
0.000120972
0.000120909
0.000120847
0.000120785
0.000120723
0.000120661
0.000120599
0.000120537
0.000120476
0.000120414
0.000120352
0.00012029
0.000120229
0.000120167
0.000120106
0.000120044
0.000119983
0.000119922
0.00011986
0.000119799
0.000119738
0.000119677
0.000119616
0.000119555
0.000119494
0.000119433
0.000119372
0.000119311
0.000119251
0.00011919
0.000119129
0.000119069
0.000119008
0.000118948
0.000118887
0.000118827
0.000118767
0.000118706
0.000118646
0.000118586
0.000118526
0.000118466
0.000118406
0.000118346
0.000118286
0.000118226
0.000118166
0.000118107
0.000118047
0.000117987
0.000117928
0.000117868
0.000117809
0.000117749
0.00011769
0.000117631
0.000117571
0.000117512
0.000117453
0.000117394
0.000117335
0.000117276
0.000117217
0.000117158
0.000117099
0.00011704
0.000116981
0.000116923
0.000116864
0.000116805
0.000116747
0.000116688
0.00011663
0.000116571
0.000116513
0.000116455
0.000116396
0.000116338
0.00011628
0.000116222
0.000116164
0.000116106
0.000116048
0.00011599
0.000115932
0.000115874
0.000115817
0.000115759
0.000115701
0.000115644
0.000115586
0.000115529
0.000115471
0.000115414
0.000115357
0.000115299
0.000115242
0.000115185
0.000115128
0.000115071
0.000115014
0.000114957
0.0001149
0.000114843
0.000114786
0.000114729
0.000114672
0.000114616
0.000114559
0.000114502
0.000114446
0.000114389
0.000114333
0.000114276
0.00011422
0.000114164
0.000114108
0.000114051
0.000113995
0.000113939
0.000113883
0.000113827
0.000113771
0.000113715
0.000113659
0.000113603
0.000113548
0.000113492
0.000113436
0.000113381
0.000113325
0.00011327
0.000113214
0.000113159
0.000113103
0.000113048
0.000112993
0.000112937
0.000112882
0.000112827
0.000112772
0.000112717
0.000112662
0.000112607
0.000112552
0.000112497
0.000112442
0.000112388
0.000112333
0.000112278
0.000112224
0.000112169
0.000112115
0.00011206
0.000112006
0.000111951
0.000111897
0.000111843
0.000111788
0.000111734
0.00011168
0.000111626
0.000111572
0.000111518
0.000111464
0.00011141
0.000111356
0.000111302
0.000111249
0.000111195
0.000111141
0.000111088
0.000111034
0.000110981
0.000110927
0.000110874
0.00011082
0.000110767
0.000110714
0.00011066
0.000110607
0.000110554
0.000110501
0.000110448
0.000110395
0.000110342
0.000110289
0.000110236
0.000110183
0.00011013
0.000110078
0.000110025
0.000109972
0.00010992
0.000109867
0.000109815
0.000109762
0.00010971
0.000109657
0.000109605
0.000109553
0.000109501
0.000109448
0.000109396
0.000109344
0.000109292
0.00010924
0.000109188
0.000109136
0.000109084
0.000109032
0.000108981
0.000108929
0.000108877
0.000108826
0.000108774
0.000108722
0.000108671
0.000108619
0.000108568
0.000108517
0.000108465
0.000108414
0.000108363
0.000108312
0.00010826
0.000108209
0.000108158
0.000108107
0.000108056
0.000108005
0.000107954
0.000107904
0.000107853
0.000107802
0.000107751
0.000107701
0.00010765
0.000107599
0.000107549
0.000107498
0.000107448
0.000107398
0.000107347
0.000107297
0.000107247
0.000107196
0.000107146
0.000107096
0.000107046
0.000106996
0.000106946
0.000106896
0.000106846
0.000106796
0.000106746
0.000106697
0.000106647
0.000106597
0.000106547
0.000106498
0.000106448
0.000106399
0.000106349
0.0001063
0.00010625
0.000106201
0.000106152
0.000106102
0.000106053
0.000106004
0.000105955
0.000105906
0.000105857
0.000105808
0.000105759
0.00010571
0.000105661
0.000105612
0.000105563
0.000105515
0.000105466
0.000105417
0.000105369
0.00010532
0.000105271
0.000105223
0.000105174
0.000105126
0.000105078
0.000105029
0.000104981
0.000104933
0.000104885
0.000104836
0.000104788
0.00010474
0.000104692
0.000104644
0.000104596
0.000104548
0.0001045
0.000104453
0.000104405
0.000104357
0.000104309
0.000104262
0.000104214
0.000104167
0.000104119
0.000104071
0.000104024
0.000103977
0.000103929
0.000103882
0.000103835
0.000103787
0.00010374
0.000103693
0.000103646
0.000103599
0.000103552
0.000103505
0.000103458
0.000103411
0.000103364
0.000103317
0.00010327
0.000103224
0.000103177
0.00010313
0.000103084
0.000103037
0.00010299
0.000102944
0.000102897
0.000102851
0.000102805
0.000102758
0.000102712
0.000102666
0.000102619
0.000102573
0.000102527
0.000102481
0.000102435
0.000102389
0.000102343
0.000102297
0.000102251
0.000102205
0.000102159
0.000102114
0.000102068
0.000102022
0.000101977
0.000101931
0.000101885
0.00010184
0.000101794
0.000101749
0.000101703
0.000101658
0.000101613
0.000101567
0.000101522
0.000101477
0.000101432
0.000101387
0.000101341
0.000101296
0.000101251
0.000101206
0.000101161
0.000101116
0.000101072
0.000101027
0.000100982
0.000100937
0.000100892
0.000100848
0.000100803
0.000100759
0.000100714
0.000100669
0.000100625
0.000100581
0.000100536
0.000100492
0.000100447
0.000100403
0.000100359
0.000100315
0.00010027
0.000100226
0.000100182
0.000100138
0.000100094
0.00010005
0.000100006
9.99624e-05
9.99185e-05
9.98747e-05
9.98309e-05
9.97871e-05
9.97434e-05
9.96997e-05
9.96561e-05
9.96125e-05
9.95689e-05
9.95254e-05
9.94819e-05
9.94385e-05
9.93951e-05
9.93517e-05
9.93084e-05
9.92651e-05
9.92218e-05
9.91786e-05
9.91354e-05
9.90923e-05
9.90492e-05
9.90061e-05
9.89631e-05
9.89201e-05
9.88771e-05
9.88342e-05
9.87913e-05
9.87485e-05
9.87057e-05
9.86629e-05
9.86202e-05
9.85775e-05
9.85348e-05
9.84922e-05
9.84496e-05
9.84071e-05
9.83646e-05
9.83221e-05
9.82797e-05
9.82373e-05
9.81949e-05
9.81526e-05
9.81103e-05
9.80681e-05
9.80259e-05
9.79837e-05
9.79415e-05
9.78994e-05
9.78574e-05
9.78154e-05
9.77734e-05
9.77314e-05
9.76895e-05
9.76476e-05
9.76058e-05
9.7564e-05
9.75222e-05
9.74805e-05
9.74388e-05
9.73971e-05
9.73555e-05
9.73139e-05
9.72723e-05
9.72308e-05
9.71893e-05
9.71479e-05
9.71065e-05
9.70651e-05
9.70238e-05
9.69825e-05
9.69412e-05
9.69e-05
9.68588e-05
9.68177e-05
9.67765e-05
9.67355e-05
9.66944e-05
9.66534e-05
9.66124e-05
9.65715e-05
9.65306e-05
9.64897e-05
9.64489e-05
9.64081e-05
9.63673e-05
9.63266e-05
9.62859e-05
9.62453e-05
9.62047e-05
9.61641e-05
9.61235e-05
9.6083e-05
9.60425e-05
9.60021e-05
9.59617e-05
9.59213e-05
9.5881e-05
9.58407e-05
9.58004e-05
9.57602e-05
9.572e-05
9.56799e-05
9.56397e-05
9.55996e-05
9.55596e-05
9.55196e-05
9.54796e-05
9.54396e-05
9.53997e-05
9.53599e-05
9.532e-05
9.52802e-05
9.52404e-05
9.52007e-05
9.5161e-05
9.51213e-05
9.50817e-05
9.50421e-05
9.50025e-05
9.4963e-05
9.49235e-05
9.4884e-05
9.48446e-05
9.48052e-05
9.47659e-05
9.47265e-05
9.46872e-05
9.4648e-05
9.46088e-05
9.45696e-05
9.45304e-05
9.44913e-05
9.44522e-05
9.44132e-05
9.43742e-05
9.43352e-05
9.42962e-05
9.42573e-05
9.42184e-05
9.41796e-05
9.41408e-05
9.4102e-05
9.40633e-05
9.40246e-05
9.39859e-05
9.39472e-05
9.39086e-05
9.38701e-05
9.38315e-05
9.3793e-05
9.37545e-05
9.37161e-05
9.36777e-05
9.36393e-05
9.3601e-05
9.35627e-05
9.35244e-05
9.34862e-05
9.3448e-05
9.34098e-05
9.33717e-05
9.33336e-05
9.32955e-05
9.32575e-05
9.32195e-05
9.31815e-05
9.31435e-05
9.31056e-05
9.30678e-05
9.30299e-05
9.29921e-05
9.29544e-05
9.29166e-05
9.28789e-05
9.28412e-05
9.28036e-05
9.2766e-05
9.27284e-05
9.26909e-05
9.26534e-05
9.26159e-05
9.25784e-05
9.2541e-05
9.25037e-05
9.24663e-05
9.2429e-05
9.23917e-05
9.23545e-05
9.23173e-05
9.22801e-05
9.22429e-05
9.22058e-05
9.21687e-05
9.21317e-05
9.20947e-05
9.20577e-05
9.20207e-05
9.19838e-05
9.19469e-05
9.19101e-05
9.18732e-05
9.18364e-05
9.17997e-05
9.17629e-05
9.17262e-05
9.16896e-05
9.1653e-05
9.16164e-05
9.15798e-05
9.15432e-05
9.15067e-05
9.14703e-05
9.14338e-05
9.13974e-05
9.1361e-05
9.13247e-05
9.12884e-05
9.12521e-05
9.12159e-05
9.11796e-05
9.11435e-05
9.11073e-05
9.10712e-05
9.10351e-05
9.0999e-05
9.0963e-05
9.0927e-05
9.0891e-05
9.08551e-05
9.08192e-05
9.07833e-05
9.07475e-05
9.07117e-05
9.06759e-05
9.06402e-05
9.06045e-05
9.05688e-05
9.05331e-05
9.04975e-05
9.04619e-05
9.04264e-05
9.03908e-05
9.03553e-05
9.03199e-05
9.02844e-05
9.0249e-05
9.02137e-05
9.01783e-05
9.0143e-05
9.01077e-05
9.00725e-05
9.00373e-05
9.00021e-05
8.99669e-05
8.99318e-05
8.98967e-05
8.98616e-05
8.98266e-05
8.97916e-05
8.97566e-05
8.97217e-05
8.96868e-05
8.96519e-05
8.96171e-05
8.95822e-05
8.95475e-05
8.95127e-05
8.9478e-05
8.94433e-05
8.94086e-05
8.9374e-05
8.93394e-05
8.93048e-05
8.92703e-05
8.92357e-05
8.92013e-05
8.91668e-05
8.91324e-05
8.9098e-05
8.90636e-05
8.90293e-05
8.8995e-05
8.89607e-05
8.89265e-05
8.88922e-05
8.88581e-05
8.88239e-05
8.87898e-05
8.87557e-05
8.87216e-05
8.86876e-05
8.86536e-05
8.86196e-05
8.85857e-05
8.85518e-05
8.85179e-05
8.8484e-05
8.84502e-05
8.84164e-05
8.83826e-05
8.83489e-05
8.83152e-05
8.82815e-05
8.82479e-05
8.82142e-05
8.81806e-05
8.81471e-05
8.81136e-05
8.80801e-05
8.80466e-05
8.80131e-05
8.79797e-05
8.79463e-05
8.7913e-05
8.78797e-05
8.78464e-05
8.78131e-05
8.77799e-05
8.77466e-05
8.77135e-05
8.76803e-05
8.76472e-05
8.76141e-05
8.7581e-05
8.7548e-05
8.7515e-05
8.7482e-05
8.74491e-05
8.74162e-05
8.73833e-05
8.73504e-05
8.73176e-05
8.72848e-05
8.7252e-05
8.72192e-05
8.71865e-05
8.71538e-05
8.71212e-05
8.70885e-05
8.70559e-05
8.70234e-05
8.69908e-05
8.69583e-05
8.69258e-05
8.68933e-05
8.68609e-05
8.68285e-05
8.67961e-05
8.67638e-05
8.67315e-05
8.66992e-05
8.66669e-05
8.66347e-05
8.66025e-05
8.65703e-05
8.65381e-05
8.6506e-05
8.64739e-05
8.64419e-05
8.64098e-05
8.63778e-05
8.63458e-05
8.63139e-05
8.6282e-05
8.62501e-05
8.62182e-05
8.61863e-05
8.61545e-05
8.61227e-05
8.6091e-05
8.60593e-05
8.60276e-05
8.59959e-05
8.59642e-05
8.59326e-05
8.5901e-05
8.58695e-05
8.58379e-05
8.58064e-05
8.57749e-05
8.57435e-05
8.57121e-05
8.56807e-05
8.56493e-05
8.56179e-05
8.55866e-05
8.55553e-05
8.55241e-05
8.54928e-05
8.54616e-05
8.54305e-05
8.53993e-05
8.53682e-05
8.53371e-05
8.5306e-05
8.5275e-05
8.5244e-05
8.5213e-05
8.5182e-05
8.51511e-05
8.51202e-05
8.50893e-05
8.50584e-05
8.50276e-05
8.49968e-05
8.4966e-05
8.49353e-05
8.49046e-05
8.48739e-05
8.48432e-05
8.48126e-05
8.4782e-05
8.47514e-05
8.47208e-05
8.46903e-05
8.46598e-05
8.46293e-05
8.45989e-05
8.45685e-05
8.45381e-05
8.45077e-05
8.44774e-05
8.4447e-05
8.44168e-05
8.43865e-05
8.43563e-05
8.4326e-05
8.42959e-05
8.42657e-05
8.42356e-05
8.42055e-05
8.41754e-05
8.41453e-05
8.41153e-05
8.40853e-05
8.40553e-05
8.40254e-05
8.39955e-05
8.39656e-05
8.39357e-05
8.39059e-05
8.38761e-05
8.38463e-05
8.38165e-05
8.37868e-05
8.37571e-05
8.37274e-05
8.36977e-05
8.36681e-05
8.36385e-05
8.36089e-05
8.35793e-05
8.35498e-05
8.35203e-05
8.34908e-05
8.34614e-05
8.3432e-05
8.34026e-05
8.33732e-05
8.33438e-05
8.33145e-05
8.32852e-05
8.32559e-05
8.32267e-05
8.31975e-05
8.31683e-05
8.31391e-05
8.311e-05
8.30809e-05
8.30518e-05
8.30227e-05
8.29937e-05
8.29646e-05
8.29356e-05
8.29067e-05
8.28777e-05
8.28488e-05
8.28199e-05
8.27911e-05
8.27622e-05
8.27334e-05
8.27046e-05
8.26759e-05
8.26471e-05
8.26184e-05
8.25897e-05
8.25611e-05
8.25324e-05
8.25038e-05
8.24752e-05
8.24467e-05
8.24181e-05
8.23896e-05
8.23611e-05
8.23327e-05
8.23043e-05
8.22758e-05
8.22475e-05
8.22191e-05
8.21908e-05
8.21624e-05
8.21342e-05
8.21059e-05
8.20777e-05
8.20494e-05
8.20213e-05
8.19931e-05
8.1965e-05
8.19368e-05
8.19088e-05
8.18807e-05
8.18526e-05
8.18246e-05
8.17966e-05
8.17687e-05
8.17407e-05
8.17128e-05
8.16849e-05
8.16571e-05
8.16292e-05
8.16014e-05
8.15736e-05
8.15458e-05
8.15181e-05
8.14904e-05
8.14627e-05
8.1435e-05
8.14073e-05
8.13797e-05
8.13521e-05
8.13245e-05
8.1297e-05
8.12695e-05
8.1242e-05
8.12145e-05
8.1187e-05
8.11596e-05
8.11322e-05
8.11048e-05
8.10774e-05
8.10501e-05
8.10228e-05
8.09955e-05
8.09682e-05
8.0941e-05
8.09138e-05
8.08866e-05
8.08594e-05
8.08323e-05
8.08052e-05
8.07781e-05
8.0751e-05
8.07239e-05
8.06969e-05
8.06699e-05
8.06429e-05
8.0616e-05
8.0589e-05
8.05621e-05
8.05353e-05
8.05084e-05
8.04816e-05
8.04547e-05
8.0428e-05
8.04012e-05
8.03744e-05
8.03477e-05
8.0321e-05
8.02944e-05
8.02677e-05
8.02411e-05
8.02145e-05
8.01879e-05
8.01614e-05
8.01348e-05
8.01083e-05
8.00818e-05
8.00554e-05
8.00289e-05
8.00025e-05
7.99761e-05
7.99497e-05
7.99234e-05
7.98971e-05
7.98708e-05
7.98445e-05
7.98182e-05
7.9792e-05
7.97658e-05
7.97396e-05
7.97135e-05
7.96873e-05
7.96612e-05
7.96351e-05
7.9609e-05
7.9583e-05
7.9557e-05
7.9531e-05
7.9505e-05
7.9479e-05
7.94531e-05
7.94272e-05
7.94013e-05
7.93754e-05
7.93496e-05
7.93238e-05
7.9298e-05
7.92722e-05
7.92464e-05
7.92207e-05
7.9195e-05
7.91693e-05
7.91437e-05
7.9118e-05
7.90924e-05
7.90668e-05
7.90412e-05
7.90157e-05
7.89902e-05
7.89647e-05
7.89392e-05
7.89137e-05
7.88883e-05
7.88629e-05
7.88375e-05
7.88121e-05
7.87867e-05
7.87614e-05
7.87361e-05
7.87108e-05
7.86856e-05
7.86603e-05
7.86351e-05
7.86099e-05
7.85848e-05
7.85596e-05
7.85345e-05
7.85094e-05
7.84843e-05
7.84592e-05
7.84342e-05
7.84092e-05
7.83842e-05
7.83592e-05
7.83343e-05
7.83093e-05
7.82844e-05
7.82595e-05
7.82347e-05
7.82098e-05
7.8185e-05
7.81602e-05
7.81354e-05
7.81107e-05
7.80859e-05
7.80612e-05
7.80365e-05
7.80119e-05
7.79872e-05
7.79626e-05
7.7938e-05
7.79134e-05
7.78889e-05
7.78643e-05
7.78398e-05
7.78153e-05
7.77908e-05
7.77664e-05
7.7742e-05
7.77175e-05
7.76932e-05
7.76688e-05
7.76444e-05
7.76201e-05
7.75958e-05
7.75715e-05
7.75473e-05
7.7523e-05
7.74988e-05
7.74746e-05
7.74504e-05
7.74263e-05
7.74022e-05
7.7378e-05
7.7354e-05
7.73299e-05
7.73058e-05
7.72818e-05
7.72578e-05
7.72338e-05
7.72099e-05
7.71859e-05
7.7162e-05
7.71381e-05
7.71142e-05
7.70904e-05
7.70665e-05
7.70427e-05
7.70189e-05
7.69951e-05
7.69714e-05
7.69476e-05
7.69239e-05
7.69002e-05
7.68766e-05
7.68529e-05
7.68293e-05
7.68057e-05
7.67821e-05
7.67585e-05
7.6735e-05
7.67115e-05
7.66879e-05
7.66645e-05
7.6641e-05
7.66176e-05
7.65941e-05
7.65707e-05
7.65473e-05
7.6524e-05
7.65006e-05
7.64773e-05
7.6454e-05
7.64307e-05
7.64075e-05
7.63842e-05
7.6361e-05
7.63378e-05
7.63147e-05
7.62915e-05
7.62684e-05
7.62452e-05
7.62222e-05
7.61991e-05
7.6176e-05
7.6153e-05
7.613e-05
7.6107e-05
7.6084e-05
7.6061e-05
7.60381e-05
7.60152e-05
7.59923e-05
7.59694e-05
7.59466e-05
7.59237e-05
7.59009e-05
7.58781e-05
7.58554e-05
7.58326e-05
7.58099e-05
7.57872e-05
7.57645e-05
7.57418e-05
7.57191e-05
7.56965e-05
7.56739e-05
7.56513e-05
7.56287e-05
7.56062e-05
7.55836e-05
7.55611e-05
7.55386e-05
7.55161e-05
7.54937e-05
7.54712e-05
7.54488e-05
7.54264e-05
7.54041e-05
7.53817e-05
7.53594e-05
7.5337e-05
7.53147e-05
7.52925e-05
7.52702e-05
7.5248e-05
7.52257e-05
7.52035e-05
7.51814e-05
7.51592e-05
7.51371e-05
7.51149e-05
7.50928e-05
7.50707e-05
7.50487e-05
7.50266e-05
7.50046e-05
7.49826e-05
7.49606e-05
7.49386e-05
7.49167e-05
7.48948e-05
7.48729e-05
7.4851e-05
7.48291e-05
7.48072e-05
7.47854e-05
7.47636e-05
7.47418e-05
7.472e-05
7.46983e-05
7.46765e-05
7.46548e-05
7.46331e-05
7.46114e-05
7.45898e-05
7.45681e-05
7.45465e-05
7.45249e-05
7.45033e-05
7.44817e-05
7.44602e-05
7.44387e-05
7.44172e-05
7.43957e-05
7.43742e-05
7.43527e-05
7.43313e-05
7.43099e-05
7.42885e-05
7.42671e-05
7.42458e-05
7.42244e-05
7.42031e-05
7.41818e-05
7.41605e-05
7.41392e-05
7.4118e-05
7.40968e-05
7.40756e-05
7.40544e-05
7.40332e-05
7.4012e-05
7.39909e-05
7.39698e-05
7.39487e-05
7.39276e-05
7.39065e-05
7.38855e-05
7.38645e-05
7.38435e-05
7.38225e-05
7.38015e-05
7.37806e-05
7.37596e-05
7.37387e-05
7.37178e-05
7.36969e-05
7.36761e-05
7.36552e-05
7.36344e-05
7.36136e-05
7.35928e-05
7.35721e-05
7.35513e-05
7.35306e-05
7.35099e-05
7.34892e-05
7.34685e-05
7.34478e-05
7.34272e-05
7.34066e-05
7.3386e-05
7.33654e-05
7.33448e-05
7.33243e-05
7.33037e-05
7.32832e-05
7.32627e-05
7.32423e-05
7.32218e-05
7.32014e-05
7.31809e-05
7.31605e-05
7.31401e-05
7.31198e-05
7.30994e-05
7.30791e-05
7.30588e-05
7.30385e-05
7.30182e-05
7.29979e-05
7.29777e-05
7.29575e-05
7.29373e-05
7.29171e-05
7.28969e-05
7.28767e-05
7.28566e-05
7.28365e-05
7.28164e-05
7.27963e-05
7.27762e-05
7.27562e-05
7.27361e-05
7.27161e-05
7.26961e-05
7.26761e-05
7.26562e-05
7.26362e-05
7.26163e-05
7.25964e-05
7.25765e-05
7.25566e-05
7.25368e-05
7.25169e-05
7.24971e-05
7.24773e-05
7.24575e-05
7.24378e-05
7.2418e-05
7.23983e-05
7.23785e-05
7.23588e-05
7.23392e-05
7.23195e-05
7.22998e-05
7.22802e-05
7.22606e-05
7.2241e-05
7.22214e-05
7.22019e-05
7.21823e-05
7.21628e-05
7.21433e-05
7.21238e-05
7.21043e-05
7.20848e-05
7.20654e-05
7.2046e-05
7.20266e-05
7.20072e-05
7.19878e-05
7.19684e-05
7.19491e-05
7.19298e-05
7.19105e-05
7.18912e-05
7.18719e-05
7.18527e-05
7.18334e-05
7.18142e-05
7.1795e-05
7.17758e-05
7.17566e-05
7.17375e-05
7.17183e-05
7.16992e-05
7.16801e-05
7.1661e-05
7.1642e-05
7.16229e-05
7.16039e-05
7.15848e-05
7.15658e-05
7.15469e-05
7.15279e-05
7.15089e-05
7.149e-05
7.14711e-05
7.14522e-05
7.14333e-05
7.14144e-05
7.13956e-05
7.13767e-05
7.13579e-05
7.13391e-05
7.13203e-05
7.13015e-05
7.12828e-05
7.1264e-05
7.12453e-05
7.12266e-05
7.12079e-05
7.11893e-05
7.11706e-05
7.1152e-05
7.11333e-05
7.11147e-05
7.10961e-05
7.10776e-05
7.1059e-05
7.10405e-05
7.10219e-05
7.10034e-05
7.09849e-05
7.09665e-05
7.0948e-05
7.09296e-05
7.09111e-05
7.08927e-05
7.08743e-05
7.08559e-05
7.08376e-05
7.08192e-05
7.08009e-05
7.07826e-05
7.07643e-05
7.0746e-05
7.07277e-05
7.07095e-05
7.06913e-05
7.0673e-05
7.06548e-05
7.06367e-05
7.06185e-05
7.06003e-05
7.05822e-05
7.05641e-05
7.0546e-05
7.05279e-05
7.05098e-05
7.04917e-05
7.04737e-05
7.04557e-05
7.04377e-05
7.04197e-05
7.04017e-05
7.03837e-05
7.03658e-05
7.03478e-05
7.03299e-05
7.0312e-05
7.02941e-05
7.02763e-05
7.02584e-05
7.02406e-05
7.02228e-05
7.02049e-05
7.01872e-05
7.01694e-05
7.01516e-05
7.01339e-05
7.01161e-05
7.00984e-05
7.00807e-05
7.00631e-05
7.00454e-05
7.00277e-05
7.00101e-05
6.99925e-05
6.99749e-05
6.99573e-05
6.99397e-05
6.99222e-05
6.99046e-05
6.98871e-05
6.98696e-05
6.98521e-05
6.98346e-05
6.98171e-05
6.97997e-05
6.97822e-05
6.97648e-05
6.97474e-05
6.973e-05
6.97127e-05
6.96953e-05
6.9678e-05
6.96606e-05
6.96433e-05
6.9626e-05
6.96087e-05
6.95915e-05
6.95742e-05
6.9557e-05
6.95398e-05
6.95226e-05
6.95054e-05
6.94882e-05
6.9471e-05
6.94539e-05
6.94368e-05
6.94196e-05
6.94025e-05
6.93855e-05
6.93684e-05
6.93513e-05
6.93343e-05
6.93173e-05
6.93002e-05
6.92833e-05
6.92663e-05
6.92493e-05
6.92324e-05
6.92154e-05
6.91985e-05
6.91816e-05
6.91647e-05
6.91478e-05
6.9131e-05
6.91141e-05
6.90973e-05
6.90805e-05
6.90637e-05
6.90469e-05
6.90301e-05
6.90133e-05
6.89966e-05
6.89799e-05
6.89632e-05
6.89465e-05
6.89298e-05
6.89131e-05
6.88964e-05
6.88798e-05
6.88632e-05
6.88466e-05
6.883e-05
6.88134e-05
6.87968e-05
6.87803e-05
6.87637e-05
6.87472e-05
6.87307e-05
6.87142e-05
6.86977e-05
6.86812e-05
6.86648e-05
6.86484e-05
6.86319e-05
6.86155e-05
6.85991e-05
6.85828e-05
6.85664e-05
6.855e-05
6.85337e-05
6.85174e-05
6.85011e-05
6.84848e-05
6.84685e-05
6.84522e-05
6.8436e-05
6.84197e-05
6.84035e-05
6.83873e-05
6.83711e-05
6.83549e-05
6.83388e-05
6.83226e-05
6.83065e-05
6.82904e-05
6.82743e-05
6.82582e-05
6.82421e-05
6.8226e-05
6.821e-05
6.81939e-05
6.81779e-05
6.81619e-05
6.81459e-05
6.81299e-05
6.8114e-05
6.8098e-05
6.80821e-05
6.80661e-05
6.80502e-05
6.80343e-05
6.80185e-05
6.80026e-05
6.79867e-05
6.79709e-05
6.79551e-05
6.79392e-05
6.79234e-05
6.79077e-05
6.78919e-05
6.78761e-05
6.78604e-05
6.78447e-05
6.78289e-05
6.78132e-05
6.77975e-05
6.77819e-05
6.77662e-05
6.77506e-05
6.77349e-05
6.77193e-05
6.77037e-05
6.76881e-05
6.76725e-05
6.7657e-05
6.76414e-05
6.76259e-05
6.76104e-05
6.75948e-05
6.75794e-05
6.75639e-05
6.75484e-05
6.75329e-05
6.75175e-05
6.75021e-05
6.74867e-05
6.74713e-05
6.74559e-05
6.74405e-05
6.74251e-05
6.74098e-05
6.73945e-05
6.73791e-05
6.73638e-05
6.73485e-05
6.73332e-05
6.7318e-05
6.73027e-05
6.72875e-05
6.72723e-05
6.72571e-05
6.72419e-05
6.72267e-05
6.72115e-05
6.71963e-05
6.71812e-05
6.71661e-05
6.71509e-05
6.71358e-05
6.71207e-05
6.71057e-05
6.70906e-05
6.70755e-05
6.70605e-05
6.70455e-05
6.70305e-05
6.70155e-05
6.70005e-05
6.69855e-05
6.69705e-05
6.69556e-05
6.69406e-05
6.69257e-05
6.69108e-05
6.68959e-05
6.6881e-05
6.68662e-05
6.68513e-05
6.68365e-05
6.68216e-05
6.68068e-05
6.6792e-05
6.67772e-05
6.67625e-05
6.67477e-05
6.67329e-05
6.67182e-05
6.67035e-05
6.66888e-05
6.66741e-05
6.66594e-05
6.66447e-05
6.663e-05
6.66154e-05
6.66008e-05
6.65861e-05
6.65715e-05
6.65569e-05
6.65423e-05
6.65278e-05
6.65132e-05
6.64987e-05
6.64841e-05
6.64696e-05
6.64551e-05
6.64406e-05
6.64261e-05
6.64117e-05
6.63972e-05
6.63828e-05
6.63683e-05
6.63539e-05
6.63395e-05
6.63251e-05
6.63107e-05
6.62964e-05
6.6282e-05
6.62677e-05
6.62533e-05
6.6239e-05
6.62247e-05
6.62104e-05
6.61961e-05
6.61819e-05
6.61676e-05
6.61534e-05
6.61392e-05
6.61249e-05
6.61107e-05
6.60965e-05
6.60824e-05
6.60682e-05
6.6054e-05
6.60399e-05
6.60258e-05
6.60117e-05
6.59976e-05
6.59835e-05
6.59694e-05
6.59553e-05
6.59413e-05
6.59272e-05
6.59132e-05
6.58992e-05
6.58852e-05
6.58712e-05
6.58572e-05
6.58432e-05
6.58293e-05
6.58153e-05
6.58014e-05
6.57875e-05
6.57736e-05
6.57597e-05
6.57458e-05
6.57319e-05
6.57181e-05
6.57042e-05
6.56904e-05
6.56766e-05
6.56627e-05
6.56489e-05
6.56352e-05
6.56214e-05
6.56076e-05
6.55939e-05
6.55801e-05
6.55664e-05
6.55527e-05
6.5539e-05
6.55253e-05
6.55116e-05
6.5498e-05
6.54843e-05
6.54707e-05
6.54571e-05
6.54434e-05
6.54298e-05
6.54162e-05
6.54027e-05
6.53891e-05
6.53755e-05
6.5362e-05
6.53485e-05
6.53349e-05
6.53214e-05
6.53079e-05
6.52944e-05
6.5281e-05
6.52675e-05
6.52541e-05
6.52406e-05
6.52272e-05
6.52138e-05
6.52004e-05
6.5187e-05
6.51736e-05
6.51602e-05
6.51469e-05
6.51335e-05
6.51202e-05
6.51069e-05
6.50936e-05
6.50803e-05
6.5067e-05
6.50537e-05
6.50405e-05
6.50272e-05
6.5014e-05
6.50007e-05
6.49875e-05
6.49743e-05
6.49611e-05
6.4948e-05
6.49348e-05
6.49216e-05
6.49085e-05
6.48953e-05
6.48822e-05
6.48691e-05
6.4856e-05
6.48429e-05
6.48298e-05
6.48168e-05
6.48037e-05
6.47907e-05
6.47777e-05
6.47646e-05
6.47516e-05
6.47386e-05
6.47257e-05
6.47127e-05
6.46997e-05
6.46868e-05
6.46738e-05
6.46609e-05
6.4648e-05
6.46351e-05
6.46222e-05
6.46093e-05
6.45964e-05
6.45836e-05
6.45707e-05
6.45579e-05
6.45451e-05
6.45322e-05
6.45194e-05
6.45067e-05
6.44939e-05
6.44811e-05
6.44683e-05
6.44556e-05
6.44429e-05
6.44301e-05
6.44174e-05
6.44047e-05
6.4392e-05
6.43793e-05
6.43667e-05
6.4354e-05
6.43414e-05
6.43287e-05
6.43161e-05
6.43035e-05
6.42909e-05
6.42783e-05
6.42657e-05
6.42532e-05
6.42406e-05
6.42281e-05
6.42155e-05
6.4203e-05
6.41905e-05
6.4178e-05
6.41655e-05
6.4153e-05
6.41405e-05
6.41281e-05
6.41156e-05
6.41032e-05
6.40908e-05
6.40784e-05
6.4066e-05
6.40536e-05
6.40412e-05
6.40288e-05
6.40165e-05
6.40041e-05
6.39918e-05
6.39794e-05
6.39671e-05
6.39548e-05
6.39425e-05
6.39302e-05
6.3918e-05
6.39057e-05
6.38934e-05
6.38812e-05
6.3869e-05
6.38568e-05
6.38445e-05
6.38323e-05
6.38202e-05
6.3808e-05
6.37958e-05
6.37837e-05
6.37715e-05
6.37594e-05
6.37473e-05
6.37351e-05
6.3723e-05
6.3711e-05
6.36989e-05
6.36868e-05
6.36747e-05
6.36627e-05
6.36507e-05
6.36386e-05
6.36266e-05
6.36146e-05
6.36026e-05
6.35906e-05
6.35787e-05
6.35667e-05
6.35547e-05
6.35428e-05
6.35309e-05
6.35189e-05
6.3507e-05
6.34951e-05
6.34832e-05
6.34714e-05
6.34595e-05
6.34476e-05
6.34358e-05
6.34239e-05
6.34121e-05
6.34003e-05
6.33885e-05
6.33767e-05
6.33649e-05
6.33531e-05
6.33414e-05
6.33296e-05
6.33179e-05
6.33061e-05
6.32944e-05
6.32827e-05
6.3271e-05
6.32593e-05
6.32476e-05
6.32359e-05
6.32243e-05
6.32126e-05
6.3201e-05
6.31893e-05
6.31777e-05
6.31661e-05
6.31545e-05
6.31429e-05
6.31313e-05
6.31198e-05
6.31082e-05
6.30967e-05
6.30851e-05
6.30736e-05
6.30621e-05
6.30506e-05
6.30391e-05
6.30276e-05
6.30161e-05
6.30046e-05
6.29932e-05
6.29817e-05
6.29703e-05
6.29589e-05
6.29474e-05
6.2936e-05
6.29246e-05
6.29132e-05
6.29019e-05
6.28905e-05
6.28791e-05
6.28678e-05
6.28564e-05
6.28451e-05
6.28338e-05
6.28225e-05
6.28112e-05
6.27999e-05
6.27886e-05
6.27774e-05
6.27661e-05
6.27548e-05
6.27436e-05
6.27324e-05
6.27212e-05
6.27099e-05
6.26987e-05
6.26876e-05
6.26764e-05
6.26652e-05
6.2654e-05
6.26429e-05
6.26318e-05
6.26206e-05
6.26095e-05
6.25984e-05
6.25873e-05
6.25762e-05
6.25651e-05
6.2554e-05
6.2543e-05
6.25319e-05
6.25209e-05
6.25099e-05
6.24988e-05
6.24878e-05
6.24768e-05
6.24658e-05
6.24548e-05
6.24439e-05
6.24329e-05
6.24219e-05
6.2411e-05
6.24001e-05
6.23891e-05
6.23782e-05
6.23673e-05
6.23564e-05
6.23455e-05
6.23346e-05
6.23238e-05
6.23129e-05
6.23021e-05
6.22912e-05
6.22804e-05
6.22696e-05
6.22588e-05
6.2248e-05
6.22372e-05
6.22264e-05
6.22156e-05
6.22048e-05
6.21941e-05
6.21833e-05
6.21726e-05
6.21619e-05
6.21512e-05
6.21405e-05
6.21298e-05
6.21191e-05
6.21084e-05
6.20977e-05
6.20871e-05
6.20764e-05
6.20658e-05
6.20551e-05
6.20445e-05
6.20339e-05
6.20233e-05
6.20127e-05
6.20021e-05
6.19915e-05
6.1981e-05
6.19704e-05
6.19599e-05
6.19493e-05
6.19388e-05
6.19283e-05
6.19178e-05
6.19072e-05
6.18968e-05
6.18863e-05
6.18758e-05
6.18653e-05
6.18549e-05
6.18444e-05
6.1834e-05
6.18236e-05
6.18131e-05
6.18027e-05
6.17923e-05
6.17819e-05
6.17716e-05
6.17612e-05
6.17508e-05
6.17405e-05
6.17301e-05
6.17198e-05
6.17095e-05
6.16991e-05
6.16888e-05
6.16785e-05
6.16682e-05
6.16579e-05
6.16477e-05
6.16374e-05
6.16272e-05
6.16169e-05
6.16067e-05
6.15964e-05
6.15862e-05
6.1576e-05
6.15658e-05
6.15556e-05
6.15454e-05
6.15353e-05
6.15251e-05
6.15149e-05
6.15048e-05
6.14946e-05
6.14845e-05
6.14744e-05
6.14643e-05
6.14542e-05
6.14441e-05
6.1434e-05
6.14239e-05
6.14139e-05
6.14038e-05
6.13938e-05
6.13837e-05
6.13737e-05
6.13637e-05
6.13536e-05
6.13436e-05
6.13336e-05
6.13236e-05
6.13137e-05
6.13037e-05
6.12937e-05
6.12838e-05
6.12738e-05
6.12639e-05
6.1254e-05
6.12441e-05
6.12341e-05
6.12242e-05
6.12144e-05
6.12045e-05
6.11946e-05
6.11847e-05
6.11749e-05
6.1165e-05
6.11552e-05
6.11454e-05
6.11355e-05
6.11257e-05
6.11159e-05
6.11061e-05
6.10963e-05
6.10866e-05
6.10768e-05
6.1067e-05
6.10573e-05
6.10475e-05
6.10378e-05
6.10281e-05
6.10183e-05
6.10086e-05
6.09989e-05
6.09892e-05
6.09795e-05
6.09699e-05
6.09602e-05
6.09505e-05
6.09409e-05
6.09312e-05
6.09216e-05
6.0912e-05
6.09024e-05
6.08928e-05
6.08832e-05
6.08736e-05
6.0864e-05
6.08544e-05
6.08448e-05
6.08353e-05
6.08257e-05
6.08162e-05
6.08067e-05
6.07971e-05
6.07876e-05
6.07781e-05
6.07686e-05
6.07591e-05
6.07496e-05
6.07402e-05
6.07307e-05
6.07213e-05
6.07118e-05
6.07024e-05
6.06929e-05
6.06835e-05
6.06741e-05
6.06647e-05
6.06553e-05
6.06459e-05
6.06365e-05
6.06271e-05
6.06178e-05
6.06084e-05
6.05991e-05
6.05897e-05
6.05804e-05
6.05711e-05
6.05617e-05
6.05524e-05
6.05431e-05
6.05338e-05

