5e-05
5e-05
5e-05
5e-05
5e-05
5e-05
5e-05
5e-05
5e-05
5e-05
5e-05
5e-05
5e-05
5e-05
5e-05
5e-05
5e-05
5e-05
5e-05
5e-05
5e-05
5e-05
5e-05
5e-05
5e-05
5e-05
5e-05
5e-05
5e-05
5e-05
5e-05
5e-05
5e-05
5e-05
5e-05
5e-05
5e-05
5e-05
5e-05
5e-05
5e-05
5e-05
5e-05
5e-05
5e-05
5e-05
5e-05
5e-05
5e-05
5e-05
5e-05
5e-05
5e-05
5e-05
5e-05
5e-05
5e-05
5e-05
5e-05
5e-05
5e-05
5e-05
5e-05
5e-05
5e-05
5e-05
5e-05
5e-05
5e-05
5e-05
5e-05
5e-05
5e-05
5e-05
5e-05
5e-05
5e-05
5e-05
5e-05
5e-05
5e-05
5e-05
5e-05
5e-05
5e-05
5e-05
5e-05
5e-05
5e-05
5e-05
5e-05
5e-05
5e-05
5e-05
5e-05
5e-05
5e-05
5e-05
5e-05
5e-05
5e-05
5e-05
5e-05
5e-05
5e-05
5e-05
5e-05
5e-05
5e-05
5e-05
5e-05
5e-05
5e-05
5e-05
5e-05
5e-05
5e-05
5e-05
5e-05
5e-05
5e-05
5e-05
5e-05
5e-05
5e-05
5e-05
5e-05
5e-05
5e-05
5e-05
5e-05
5e-05
5e-05
5e-05
5e-05
5e-05
5e-05
5e-05
5e-05
5e-05
5e-05
5e-05
5e-05
5e-05
5e-05
5e-05
5e-05
5e-05
5e-05
5e-05
5e-05
5e-05
5e-05
5e-05
5e-05
5e-05
5e-05
5e-05
5e-05
5e-05
5e-05
5e-05
5e-05
5e-05
5e-05
5e-05
5e-05
5e-05
5e-05
5e-05
5e-05
5e-05
5e-05
5e-05
5e-05
5e-05
5e-05
5e-05
5e-05
5e-05
5e-05
5e-05
5e-05
5e-05
5e-05
5e-05
5e-05
5e-05
5e-05
5e-05
5e-05
5e-05
5e-05
5e-05
5e-05
5e-05
5e-05
5e-05
5e-05
5e-05
5e-05
5e-05
5e-05
5e-05
5e-05
5e-05
5e-05
5e-05
5e-05
5e-05
5e-05
5e-05
5e-05
5e-05
5e-05
5e-05
5e-05
5e-05
5e-05
5e-05
5e-05
5e-05
5e-05
5e-05
5e-05
5e-05
5e-05
5e-05
5e-05
5e-05
5e-05
5e-05
5e-05
5e-05
5e-05
5e-05
5e-05
5e-05
5e-05
5e-05
5e-05
5e-05
5e-05
5e-05
5e-05
5e-05
5e-05
5e-05
5e-05
5e-05
5e-05
5e-05
5e-05
5e-05
5e-05
5e-05
5e-05
5e-05
5e-05
5e-05
5e-05
5e-05
5e-05
5e-05
5e-05
5e-05
5e-05
5e-05
5e-05
5e-05
5e-05
5e-05
5e-05
5e-05
5e-05
5e-05
5e-05
5e-05
5e-05
5e-05
5e-05
5e-05
5e-05
5e-05
5e-05
5e-05
5e-05
5e-05
5e-05
5e-05
5e-05
5e-05
5e-05
5e-05
5e-05
5e-05
5e-05
5e-05
5e-05
5e-05
5e-05
5e-05
5e-05
5e-05
5e-05
5e-05
5e-05
5e-05
5e-05
5e-05
5e-05
5e-05
5e-05
5e-05
5e-05
5e-05
5e-05
5e-05
5e-05
5e-05
5e-05
5e-05
5e-05
5e-05
5e-05
5e-05
5e-05
5e-05
5e-05
5e-05
5e-05
5e-05
5e-05
5e-05
5e-05
5e-05
5e-05
5e-05
5e-05
5e-05
5e-05
5e-05
5e-05
5e-05
5e-05
5e-05
5e-05
5e-05
5e-05
5e-05
5e-05
5e-05
5e-05
5e-05
5e-05
5e-05
5e-05
5e-05
5e-05
5e-05
5e-05
5e-05
5e-05
5e-05
5e-05
5e-05
5e-05
5e-05
5e-05
5e-05
5e-05
5e-05
5e-05
5e-05
5e-05
5e-05
5e-05
5e-05
5e-05
5e-05
5e-05
5e-05
5e-05
5e-05
5e-05
5e-05
5e-05
5e-05
5e-05
5e-05
5e-05
5e-05
5e-05
5e-05
5e-05
5e-05
5e-05
5e-05
5e-05
5e-05
5e-05
5e-05
5e-05
5e-05
5e-05
5e-05
5e-05
5e-05
5e-05
5e-05
5e-05
5e-05
5e-05
5e-05
5e-05
5e-05
5e-05
5e-05
5e-05
5e-05
5e-05
5e-05
5e-05
5e-05
5e-05
5e-05
5e-05
5e-05
5e-05
5e-05
5e-05
5e-05
5e-05
5e-05
5e-05
5e-05
5e-05
5e-05
5e-05
5e-05
5e-05
5e-05
5e-05
5e-05
5e-05
5e-05
5e-05
5e-05
5e-05
5e-05
5e-05
5e-05
5e-05
5e-05
5e-05
5e-05
5e-05
5e-05
5e-05
5e-05
5e-05
5e-05
5e-05
5e-05
5e-05
5e-05
5e-05
5e-05
5e-05
5e-05
5e-05
5e-05
5e-05
5e-05
5e-05
5e-05
5e-05
5e-05
5e-05
5e-05
5e-05
5e-05
5e-05
5e-05
5e-05
5e-05
5e-05
5e-05
5e-05
5e-05
5e-05
5e-05
5e-05
5e-05
5e-05
5e-05
5e-05
5e-05
5e-05
5e-05
5e-05
5e-05
5e-05
5e-05
5e-05
5e-05
5e-05
5e-05
5e-05
5e-05
5e-05
5e-05
5e-05
5e-05
5e-05
5e-05
5e-05
5e-05
5e-05
5e-05
5e-05
5e-05
5e-05
5e-05
5e-05
5e-05
5e-05
5e-05
5e-05
5e-05
5e-05
5e-05
5e-05
5e-05
5e-05
5e-05
5e-05
5e-05
5e-05
5e-05
5e-05
5e-05
5e-05
5e-05
5e-05
5e-05
5e-05
5e-05
5e-05
5e-05
5e-05
5e-05
5e-05
5e-05
5e-05
5e-05
5e-05
5e-05
5e-05
5e-05
5e-05
5e-05
5e-05
5e-05
5e-05
5e-05
5e-05
5e-05
5e-05
5e-05
5e-05
5e-05
5e-05
5e-05
5e-05
5e-05
5e-05
5e-05
5e-05
5e-05
5e-05
5e-05
5e-05
5e-05
5e-05
5e-05
5e-05
5e-05
5e-05
5e-05
5e-05
5e-05
5e-05
5e-05
5e-05
5e-05
5e-05
5e-05
5e-05
5e-05
5e-05
5e-05
5e-05
5e-05
5e-05
5e-05
5e-05
5e-05
5e-05
5e-05
5e-05
5e-05
5e-05
5e-05
5e-05
5e-05
5e-05
5e-05
5e-05
5e-05
5e-05
5e-05
5e-05
5e-05
5e-05
5e-05
5e-05
5e-05
5e-05
5e-05
5e-05
5e-05
5e-05
5e-05
5e-05
5e-05
5e-05
5e-05
5e-05
5e-05
5e-05
5e-05
5e-05
5e-05
5e-05
5e-05
5e-05
5e-05
5e-05
5e-05
5e-05
5e-05
5e-05
5e-05
5e-05
5e-05
5e-05
5e-05
5e-05
5e-05
5e-05
5e-05
5e-05
5e-05
5e-05
5e-05
5e-05
5e-05
5e-05
5e-05
5e-05
5e-05
5e-05
5e-05
5e-05
5e-05
5e-05
5e-05
5e-05
5e-05
5e-05
5e-05
5e-05
5e-05
5e-05
5e-05
5e-05
5e-05
5e-05
5e-05
5e-05
5e-05
5e-05
5e-05
5e-05
5e-05
5e-05
5e-05
5e-05
5e-05
5e-05
5e-05
5e-05
5e-05
5e-05
5e-05
5e-05
5e-05
5e-05
5e-05
5e-05
5e-05
5e-05
5e-05
5e-05
5e-05
5e-05
5e-05
5e-05
5e-05
5e-05
5e-05
5e-05
5e-05
5e-05
5e-05
5e-05
5e-05
5e-05
5e-05
5e-05
5e-05
5e-05
5e-05
5e-05
5e-05
5e-05
5e-05
5e-05
5e-05
5e-05
5e-05
5e-05
5e-05
5e-05
5e-05
5e-05
5e-05
5e-05
5e-05
5e-05
5e-05
5e-05
5e-05
5e-05
5e-05
5e-05
5e-05
5e-05
5e-05
5e-05
5e-05
5e-05
5e-05
5e-05
5e-05
5e-05
5e-05
5e-05
5e-05
5e-05
5e-05
5e-05
5e-05
5e-05
5e-05
5e-05
5e-05
5e-05
5e-05
5e-05
5e-05
5e-05
5e-05
5e-05
5e-05
5e-05
5e-05
5e-05
5e-05
5e-05
5e-05
5e-05
5e-05
5e-05
5e-05
5e-05
5e-05
5e-05
5e-05
5e-05
8.23614e-05
0.000114696
0.000147003
0.000179284
0.000211538
0.000243765
0.000275965
0.000308138
0.000340284
0.000372404
0.000404497
0.000436563
0.000468603
0.000500616
0.000532602
0.000564561
0.000596494
0.000628401
0.00066028
0.000692134
0.00072396
0.000755761
0.000787534
0.000819282
0.000851002
0.000882697
0.000914365
0.000946007
0.000977622
0.00100921
0.00104077
0.00107231
0.00110382
0.0011353
0.00116676
0.00119819
0.0012296
0.00126098
0.00129233
0.00132366
0.00135496
0.00138623
0.00141748
0.00144871
0.0014799
0.00151107
0.00154222
0.00157334
0.00160443
0.0016355
0.00166654
0.00169755
0.00172854
0.00175951
0.00179044
0.00182136
0.00185224
0.0018831
0.00191394
0.00194475
0.00197553
0.00200629
0.00203702
0.00206773
0.00209841
0.00212907
0.0021597
0.0021903
0.00222088
0.00225144
0.00228196
0.00231247
0.00234294
0.0023734
0.00240382
0.00243422
0.0024646
0.00249495
0.00252528
0.00255558
0.00255349
0.00255141
0.00254932
0.00254724
0.00254516
0.00254309
0.00254101
0.00253894
0.00253686
0.00253479
0.00253272
0.00253066
0.00252859
0.00252653
0.00252447
0.00252241
0.00252035
0.00251829
0.00251623
0.00251418
0.00251213
0.00251008
0.00250803
0.00250598
0.00250394
0.0025019
0.00249985
0.00249781
0.00249578
0.00249374
0.00249171
0.00248967
0.00248764
0.00248561
0.00248358
0.00248156
0.00247953
0.00247751
0.00247549
0.00247347
0.00247145
0.00246943
0.00246742
0.00246541
0.0024634
0.00246139
0.00245938
0.00245737
0.00245537
0.00245337
0.00245136
0.00244936
0.00244737
0.00244537
0.00244338
0.00244138
0.00243939
0.0024374
0.00243541
0.00243343
0.00243144
0.00242946
0.00242748
0.0024255
0.00242352
0.00242155
0.00241957
0.0024176
0.00241563
0.00241366
0.00241169
0.00240972
0.00240776
0.0024058
0.00240383
0.00240187
0.00239992
0.00239796
0.002396
0.00239405
0.0023921
0.00239015
0.0023882
0.00238625
0.00238431
0.00238236
0.00238042
0.00237848
0.00237654
0.00237461
0.00237267
0.00237074
0.0023688
0.00236687
0.00236494
0.00236302
0.00236109
0.00235917
0.00235724
0.00235532
0.0023534
0.00235149
0.00234957
0.00234765
0.00234574
0.00234383
0.00234192
0.00234001
0.0023381
0.0023362
0.0023343
0.00233239
0.00233049
0.00232859
0.0023267
0.0023248
0.00232291
0.00232102
0.00231912
0.00231723
0.00231535
0.00231346
0.00231158
0.00230969
0.00230781
0.00230593
0.00230405
0.00230218
0.0023003
0.00229843
0.00229656
0.00229468
0.00229282
0.00229095
0.00228908
0.00228722
0.00228536
0.00228349
0.00228163
0.00227978
0.00227792
0.00227606
0.00227421
0.00227236
0.00227051
0.00226866
0.00226681
0.00226497
0.00226312
0.00226128
0.00225944
0.0022576
0.00225576
0.00225392
0.00225209
0.00225026
0.00224842
0.00224659
0.00224476
0.00224294
0.00224111
0.00223929
0.00223746
0.00223564
0.00223382
0.002232
0.00223019
0.00222837
0.00222656
0.00222475
0.00222293
0.00222113
0.00221932
0.00221751
0.00221571
0.0022139
0.0022121
0.0022103
0.0022085
0.00220671
0.00220491
0.00220312
0.00220132
0.00219953
0.00219774
0.00219595
0.00219417
0.00219238
0.0021906
0.00218881
0.00218703
0.00218525
0.00218348
0.0021817
0.00217993
0.00217815
0.00217638
0.00217461
0.00217284
0.00217107
0.00216931
0.00216754
0.00216578
0.00216402
0.00216226
0.0021605
0.00215874
0.00215699
0.00215523
0.00215348
0.00215173
0.00214998
0.00214823
0.00214648
0.00214474
0.00214299
0.00214125
0.00213951
0.00213777
0.00213603
0.00213429
0.00213256
0.00213082
0.00212909
0.00212736
0.00212563
0.0021239
0.00212217
0.00212045
0.00211872
0.002117
0.00211528
0.00211356
0.00211184
0.00211013
0.00210841
0.0021067
0.00210499
0.00210327
0.00210156
0.00209986
0.00209815
0.00209644
0.00209474
0.00209304
0.00209134
0.00208964
0.00208794
0.00208624
0.00208455
0.00208285
0.00208116
0.00207947
0.00207778
0.00207609
0.0020744
0.00207272
0.00207103
0.00206935
0.00206767
0.00206599
0.00206431
0.00206263
0.00206096
0.00205928
0.00205761
0.00205594
0.00205427
0.0020526
0.00205093
0.00204927
0.0020476
0.00204594
0.00204428
0.00204262
0.00204096
0.0020393
0.00203764
0.00203599
0.00203433
0.00203268
0.00203103
0.00202938
0.00202773
0.00202609
0.00202444
0.0020228
0.00202115
0.00201951
0.00201787
0.00201623
0.0020146
0.00201296
0.00201133
0.00200969
0.00200806
0.00200643
0.0020048
0.00200318
0.00200155
0.00199992
0.0019983
0.00199668
0.00199506
0.00199344
0.00199182
0.0019902
0.00198859
0.00198697
0.00198536
0.00198375
0.00198214
0.00198053
0.00197892
0.00197732
0.00197571
0.00197411
0.00197251
0.00197091
0.00196931
0.00196771
0.00196611
0.00196452
0.00196292
0.00196133
0.00195974
0.00195815
0.00195656
0.00195497
0.00195338
0.0019518
0.00195022
0.00194863
0.00194705
0.00194547
0.0019439
0.00194232
0.00194074
0.00193917
0.0019376
0.00193602
0.00193445
0.00193288
0.00193132
0.00192975
0.00192819
0.00192662
0.00192506
0.0019235
0.00192194
0.00192038
0.00191882
0.00191727
0.00191571
0.00191416
0.00191261
0.00191105
0.0019095
0.00190796
0.00190641
0.00190486
0.00190332
0.00190178
0.00190023
0.00189869
0.00189715
0.00189562
0.00189408
0.00189254
0.00189101
0.00188948
0.00188795
0.00188642
0.00188489
0.00188336
0.00188183
0.00188031
0.00187878
0.00187726
0.00187574
0.00187422
0.0018727
0.00187118
0.00186967
0.00186815
0.00186664
0.00186512
0.00186361
0.0018621
0.00186059
0.00185909
0.00185758
0.00185607
0.00185457
0.00185307
0.00185157
0.00185007
0.00184857
0.00184707
0.00184557
0.00184408
0.00184259
0.00184109
0.0018396
0.00183811
0.00183662
0.00183513
0.00183365
0.00183216
0.00183068
0.0018292
0.00182772
0.00182624
0.00182476
0.00182328
0.0018218
0.00182033
0.00181885
0.00181738
0.00181591
0.00181444
0.00181297
0.0018115
0.00181003
0.00180857
0.0018071
0.00180564
0.00180418
0.00180272
0.00180126
0.0017998
0.00179834
0.00179689
0.00179543
0.00179398
0.00179253
0.00179108
0.00178963
0.00178818
0.00178673
0.00178529
0.00178384
0.0017824
0.00178096
0.00177951
0.00177807
0.00177663
0.0017752
0.00177376
0.00177233
0.00177089
0.00176946
0.00176803
0.0017666
0.00176517
0.00176374
0.00176231
0.00176089
0.00175946
0.00175804
0.00175662
0.0017552
0.00175378
0.00175236
0.00175094
0.00174952
0.00174811
0.00174669
0.00174528
0.00174387
0.00174246
0.00174105
0.00173964
0.00173824
0.00173683
0.00173543
0.00173402
0.00173262
0.00173122
0.00172982
0.00172842
0.00172702
0.00172563
0.00172423
0.00172284
0.00172144
0.00172005
0.00171866
0.00171727
0.00171588
0.0017145
0.00171311
0.00171173
0.00171034
0.00170896
0.00170758
0.0017062
0.00170482
0.00170344
0.00170207
0.00170069
0.00169932
0.00169794
0.00169657
0.0016952
0.00169383
0.00169246
0.00169109
0.00168973
0.00168836
0.001687
0.00168563
0.00168427
0.00168291
0.00168155
0.00168019
0.00167884
0.00167748
0.00167612
0.00167477
0.00167342
0.00167207
0.00167072
0.00166937
0.00166802
0.00166667
0.00166532
0.00166398
0.00166264
0.00166129
0.00165995
0.00165861
0.00165727
0.00165593
0.0016546
0.00165326
0.00165192
0.00165059
0.00164926
0.00164793
0.0016466
0.00164527
0.00164394
0.00164261
0.00164128
0.00163996
0.00163864
0.00163731
0.00163599
0.00163467
0.00163335
0.00163203
0.00163072
0.0016294
0.00162808
0.00162677
0.00162546
0.00162415
0.00162284
0.00162153
0.00162022
0.00161891
0.0016176
0.0016163
0.00161499
0.00161369
0.00161239
0.00161109
0.00160979
0.00160849
0.00160719
0.0016059
0.0016046
0.00160331
0.00160201
0.00160072
0.00159943
0.00159814
0.00159685
0.00159556
0.00159427
0.00159299
0.0015917
0.00159042
0.00158914
0.00158786
0.00158658
0.0015853
0.00158402
0.00158274
0.00158146
0.00158019
0.00157892
0.00157764
0.00157637
0.0015751
0.00157383
0.00157256
0.00157129
0.00157003
0.00156876
0.0015675
0.00156623
0.00156497
0.00156371
0.00156245
0.00156119
0.00155993
0.00155867
0.00155742
0.00155616
0.00155491
0.00155365
0.0015524
0.00155115
0.0015499
0.00154865
0.00154741
0.00154616
0.00154491
0.00154367
0.00154242
0.00154118
0.00153994
0.0015387
0.00153746
0.00153622
0.00153498
0.00153375
0.00153251
0.00153128
0.00153004
0.00152881
0.00152758
0.00152635
0.00152512
0.00152389
0.00152267
0.00152144
0.00152021
0.00151899
0.00151777
0.00151654
0.00151532
0.0015141
0.00151288
0.00151167
0.00151045
0.00150923
0.00150802
0.0015068
0.00150559
0.00150438
0.00150317
0.00150196
0.00150075
0.00149954
0.00149833
0.00149713
0.00149592
0.00149472
0.00149352
0.00149231
0.00149111
0.00148991
0.00148872
0.00148752
0.00148632
0.00148512
0.00148393
0.00148274
0.00148154
0.00148035
0.00147916
0.00147797
0.00147678
0.00147559
0.00147441
0.00147322
0.00147203
0.00147085
0.00146967
0.00146849
0.0014673
0.00146612
0.00146495
0.00146377
0.00146259
0.00146141
0.00146024
0.00145906
0.00145789
0.00145672
0.00145555
0.00145438
0.00145321
0.00145204
0.00145087
0.00144971
0.00144854
0.00144738
0.00144621
0.00144505
0.00144389
0.00144273
0.00144157
0.00144041
0.00143925
0.00143809
0.00143694
0.00143578
0.00143463
0.00143348
0.00143233
0.00143117
0.00143002
0.00142888
0.00142773
0.00142658
0.00142543
0.00142429
0.00142314
0.001422
0.00142086
0.00141972
0.00141858
0.00141744
0.0014163
0.00141516
0.00141402
0.00141289
0.00141175
0.00141062
0.00140949
0.00140835
0.00140722
0.00140609
0.00140496
0.00140384
0.00140271
0.00140158
0.00140046
0.00139933
0.00139821
0.00139709
0.00139597
0.00139484
0.00139372
0.00139261
0.00139149
0.00139037
0.00138926
0.00138814
0.00138703
0.00138591
0.0013848
0.00138369
0.00138258
0.00138147
0.00138036
0.00137925
0.00137815
0.00137704
0.00137593
0.00137483
0.00137373
0.00137263
0.00137152
0.00137042
0.00136932
0.00136823
0.00136713
0.00136603
0.00136494
0.00136384
0.00136275
0.00136165
0.00136056
0.00135947
0.00135838
0.00135729
0.0013562
0.00135511
0.00135403
0.00135294
0.00135186
0.00135077
0.00134969
0.00134861
0.00134753
0.00134645
0.00134537
0.00134429
0.00134321
0.00134213
0.00134106
0.00133998
0.00133891
0.00133784
0.00133676
0.00133569
0.00133462
0.00133355
0.00133248
0.00133142
0.00133035
0.00132928
0.00132822
0.00132715
0.00132609
0.00132503
0.00132397
0.0013229
0.00132184
0.00132079
0.00131973
0.00131867
0.00131761
0.00131656
0.0013155
0.00131445
0.0013134
0.00131235
0.00131129
0.00131024
0.00130919
0.00130815
0.0013071
0.00130605
0.00130501
0.00130396
0.00130292
0.00130187
0.00130083
0.00129979
0.00129875
0.00129771
0.00129667
0.00129563
0.0012946
0.00129356
0.00129252
0.00129149
0.00129046
0.00128942
0.00128839
0.00128736
0.00128633
0.0012853
0.00128427
0.00128324
0.00128222
0.00128119
0.00128017
0.00127914
0.00127812
0.0012771
0.00127607
0.00127505
0.00127403
0.00127301
0.001272
0.00127098
0.00126996
0.00126895
0.00126793
0.00126692
0.0012659
0.00126489
0.00126388
0.00126287
0.00126186
0.00126085
0.00125984
0.00125883
0.00125783
0.00125682
0.00125582
0.00125481
0.00125381
0.00125281
0.00125181
0.00125081
0.00124981
0.00124881
0.00124781
0.00124681
0.00124581
0.00124482
0.00124382
0.00124283
0.00124184
0.00124084
0.00123985
0.00123886
0.00123787
0.00123688
0.00123589
0.00123491
0.00123392
0.00123294
0.00123195
0.00123097
0.00122998
0.001229
0.00122802
0.00122704
0.00122606
0.00122508
0.0012241
0.00122312
0.00122215
0.00122117
0.00122019
0.00121922
0.00121825
0.00121727
0.0012163
0.00121533
0.00121436
0.00121339
0.00121242
0.00121145
0.00121049
0.00120952
0.00120856
0.00120759
0.00120663
0.00120566
0.0012047
0.00120374
0.00120278
0.00120182
0.00120086
0.0011999
0.00119894
0.00119799
0.00119703
0.00119608
0.00119512
0.00119417
0.00119322
0.00119227
0.00119131
0.00119036
0.00118941
0.00118847
0.00118752
0.00118657
0.00118562
0.00118468
0.00118373
0.00118279
0.00118185
0.0011809
0.00117996
0.00117902
0.00117808
0.00117714
0.0011762
0.00117527
0.00117433
0.00117339
0.00117246
0.00117152
0.00117059
0.00116966
0.00116872
0.00116779
0.00116686
0.00116593
0.001165
0.00116407
0.00116315
0.00116222
0.00116129
0.00116037
0.00115944
0.00115852
0.0011576
0.00115667
0.00115575
0.00115483
0.00115391
0.00115299
0.00115208
0.00115116
0.00115024
0.00114932
0.00114841
0.00114749
0.00114658
0.00114567
0.00114476
0.00114384
0.00114293
0.00114202
0.00114111
0.00114021
0.0011393
0.00113839
0.00113748
0.00113658
0.00113567
0.00113477
0.00113387
0.00113296
0.00113206
0.00113116
0.00113026
0.00112936
0.00112846
0.00112757
0.00112667
0.00112577
0.00112488
0.00112398
0.00112309
0.00112219
0.0011213
0.00112041
0.00111952
0.00111863
0.00111774
0.00111685
0.00111596
0.00111507
0.00111419
0.0011133
0.00111241
0.00111153
0.00111065
0.00110976
0.00110888
0.001108
0.00110712
0.00110624
0.00110536
0.00110448
0.0011036
0.00110272
0.00110185
0.00110097
0.0011001
0.00109922
0.00109835
0.00109748
0.0010966
0.00109573
0.00109486
0.00109399
0.00109312
0.00109225
0.00109139
0.00109052
0.00108965
0.00108879
0.00108792
0.00108706
0.00108619
0.00108533
0.00108447
0.00108361
0.00108275
0.00108189
0.00108103
0.00108017
0.00107931
0.00107845
0.0010776
0.00107674
0.00107589
0.00107503
0.00107418
0.00107333
0.00107247
0.00107162
0.00107077
0.00106992
0.00106907
0.00106823
0.00106738
0.00106653
0.00106568
0.00106484
0.00106399
0.00106315
0.00106231
0.00106146
0.00106062
0.00105978
0.00105894
0.0010581
0.00105726
0.00105642
0.00105558
0.00105474
0.00105391
0.00105307
0.00105224
0.0010514
0.00105057
0.00104974
0.0010489
0.00104807
0.00104724
0.00104641
0.00104558
0.00104475
0.00104392
0.0010431
0.00104227
0.00104144
0.00104062
0.00103979
0.00103897
0.00103814
0.00103732
0.0010365
0.00103568
0.00103486
0.00103404
0.00103322
0.0010324
0.00103158
0.00103076
0.00102995
0.00102913
0.00102832
0.0010275
0.00102669
0.00102587
0.00102506
0.00102425
0.00102344
0.00102263
0.00102182
0.00102101
0.0010202
0.00101939
0.00101859
0.00101778
0.00101697
0.00101617
0.00101536
0.00101456
0.00101376
0.00101295
0.00101215
0.00101135
0.00101055
0.00100975
0.00100895
0.00100815
0.00100736
0.00100656
0.00100576
0.00100497
0.00100417
0.00100338
0.00100258
0.00100179
0.001001
0.00100021
0.000999415
0.000998624
0.000997834
0.000997045
0.000996256
0.000995469
0.000994681
0.000993895
0.000993109
0.000992324
0.000991539
0.000990755
0.000989972
0.000989189
0.000988407
0.000987626
0.000986845
0.000986065
0.000985285
0.000984507
0.000983729
0.000982951
0.000982174
0.000981398
0.000980623
0.000979848
0.000979074
0.0009783
0.000977527
0.000976755
0.000975983
0.000975212
0.000974442
0.000973672
0.000972903
0.000972134
0.000971367
0.000970599
0.000969833
0.000969067
0.000968302
0.000967537
0.000966773
0.00096601
0.000965247
0.000964485
0.000963724
0.000962963
0.000962203
0.000961443
0.000960684
0.000959926
0.000959168
0.000958411
0.000957655
0.000956899
0.000956144
0.00095539
0.000954636
0.000953882
0.00095313
0.000952378
0.000951627
0.000950876
0.000950126
0.000949376
0.000948627
0.000947879
0.000947132
0.000946385
0.000945638
0.000944892
0.000944147
0.000943403
0.000942659
0.000941916
0.000941173
0.000940431
0.00093969
0.000938949
0.000938209
0.000937469
0.00093673
0.000935992
0.000935254
0.000934517
0.00093378
0.000933045
0.000932309
0.000931575
0.000930841
0.000930107
0.000929374
0.000928642
0.000927911
0.00092718
0.000926449
0.00092572
0.00092499
0.000924262
0.000923534
0.000922807
0.00092208
0.000921354
0.000920628
0.000919903
0.000919179
0.000918455
0.000917732
0.00091701
0.000916288
0.000915566
0.000914846
0.000914126
0.000913406
0.000912687
0.000911969
0.000911251
0.000910534
0.000909818
0.000909102
0.000908386
0.000907672
0.000906957
0.000906244
0.000905531
0.000904819
0.000904107
0.000903396
0.000902685
0.000901975
0.000901266
0.000900557
0.000899849
0.000899141
0.000898434
0.000897728
0.000897022
0.000896317
0.000895612
0.000894908
0.000894204
0.000893501
0.000892799
0.000892097
0.000891396
0.000890696
0.000889996
0.000889296
0.000888597
0.000887899
0.000887201
0.000886504
0.000885808
0.000885112
0.000884416
0.000883722
0.000883028
0.000882334
0.000881641
0.000880948
0.000880257
0.000879565
0.000878875
0.000878184
0.000877495
0.000876806
0.000876117
0.000875429
0.000874742
0.000874055
0.000873369
0.000872684
0.000871999
0.000871314
0.00087063
0.000869947
0.000869264
0.000868582
0.000867901
0.00086722
0.000866539
0.000865859
0.00086518
0.000864501
0.000863823
0.000863146
0.000862468
0.000861792
0.000861116
0.000860441
0.000859766
0.000859092
0.000858418
0.000857745
0.000857072
0.0008564
0.000855729
0.000855058
0.000854388
0.000853718
0.000853049
0.00085238
0.000851712
0.000851044
0.000850377
0.000849711
0.000849045
0.00084838
0.000847715
0.000847051
0.000846387
0.000845724
0.000845061
0.000844399
0.000843738
0.000843077
0.000842417
0.000841757
0.000841098
0.000840439
0.000839781
0.000839123
0.000838466
0.00083781
0.000837154
0.000836498
0.000835843
0.000835189
0.000834535
0.000833882
0.000833229
0.000832577
0.000831926
0.000831275
0.000830624
0.000829974
0.000829325
0.000828676
0.000828027
0.00082738
0.000826732
0.000826086
0.000825439
0.000824794
0.000824149
0.000823504
0.00082286
0.000822216
0.000821574
0.000820931
0.000820289
0.000819648
0.000819007
0.000818367
0.000817727
0.000817088
0.000816449
0.000815811
0.000815173
0.000814536
0.000813899
0.000813263
0.000812628
0.000811993
0.000811358
0.000810724
0.000810091
0.000809458
0.000808826
0.000808194
0.000807563
0.000806932
0.000806302
0.000805672
0.000805043
0.000804414
0.000803786
0.000803158
0.000802531
0.000801905
0.000801278
0.000800653
0.000800028
0.000799403
0.000798779
0.000798156
0.000797533
0.000796911
0.000796289
0.000795667
0.000795046
0.000794426
0.000793806
0.000793187
0.000792568
0.00079195
0.000791332
0.000790715
0.000790098
0.000789482
0.000788866
0.000788251
0.000787636
0.000787022
0.000786408
0.000785795
0.000785182
0.00078457
0.000783959
0.000783348
0.000782737
0.000782127
0.000781517
0.000780908
0.0007803
0.000779692
0.000779084
0.000778477
0.00077787
0.000777264
0.000776659
0.000776054
0.000775449
0.000774845
0.000774242
0.000773639
0.000773036
0.000772434
0.000771832
0.000771231
0.000770631
0.000770031
0.000769431
0.000768832
0.000768234
0.000767636
0.000767038
0.000766441
0.000765845
0.000765249
0.000764653
0.000764058
0.000763463
0.000762869
0.000762276
0.000761683
0.00076109
0.000760498
0.000759907
0.000759315
0.000758725
0.000758135
0.000757545
0.000756956
0.000756367
0.000755779
0.000755192
0.000754604
0.000754018
0.000753431
0.000752846
0.000752261
0.000751676
0.000751092
0.000750508
0.000749925
0.000749342
0.000748759
0.000748178
0.000747596
0.000747015
0.000746435
0.000745855
0.000745276
0.000744697
0.000744118
0.000743541
0.000742963
0.000742386
0.00074181
0.000741234
0.000740658
0.000740083
0.000739508
0.000738934
0.000738361
0.000737787
0.000737215
0.000736643
0.000736071
0.0007355
0.000734929
0.000734359
0.000733789
0.000733219
0.00073265
0.000732082
0.000731514
0.000730947
0.00073038
0.000729813
0.000729247
0.000728682
0.000728116
0.000727552
0.000726988
0.000726424
0.000725861
0.000725298
0.000724736
0.000724174
0.000723613
0.000723052
0.000722491
0.000721931
0.000721372
0.000720813
0.000720254
0.000719696
0.000719139
0.000718581
0.000718025
0.000717469
0.000716913
0.000716358
0.000715803
0.000715248
0.000714694
0.000714141
0.000713588
0.000713035
0.000712483
0.000711932
0.000711381
0.00071083
0.00071028
0.00070973
0.000709181
0.000708632
0.000708083
0.000707535
0.000706988
0.000706441
0.000705894
0.000705348
0.000704802
0.000704257
0.000703713
0.000703168
0.000702624
0.000702081
0.000701538
0.000700996
0.000700453
0.000699912
0.000699371
0.00069883
0.00069829
0.00069775
0.000697211
0.000696672
0.000696133
0.000695595
0.000695058
0.000694521
0.000693984
0.000693448
0.000692912
0.000692377
0.000691842
0.000691307
0.000690773
0.00069024
0.000689707
0.000689174
0.000688642
0.00068811
0.000687579
0.000687048
0.000686518
0.000685988
0.000685458
0.000684929
0.0006844
0.000683872
0.000683344
0.000682817
0.00068229
0.000681764
0.000681238
0.000680712
0.000680187
0.000679662
0.000679138
0.000678614
0.000678091
0.000677568
0.000677045
0.000676523
0.000676001
0.00067548
0.000674959
0.000674439
0.000673919
0.000673399
0.00067288
0.000672362
0.000671844
0.000671326
0.000670808
0.000670292
0.000669775
0.000669259
0.000668743
0.000668228
0.000667713
0.000667199
0.000666685
0.000666172
0.000665659
0.000665146
0.000664634
0.000664122
0.000663611
0.0006631
0.000662589
0.000662079
0.00066157
0.00066106
0.000660552
0.000660043
0.000659535
0.000659028
0.000658521
0.000658014
0.000657508
0.000657002
0.000656496
0.000655991
0.000655487
0.000654983
0.000654479
0.000653976
0.000653473
0.00065297
0.000652468
0.000651967
0.000651465
0.000650965
0.000650464
0.000649964
0.000649465
0.000648966
0.000648467
0.000647969
0.000647471
0.000646973
0.000646476
0.000645979
0.000645483
0.000644987
0.000644492
0.000643997
0.000643502
0.000643008
0.000642514
0.000642021
0.000641528
0.000641036
0.000640544
0.000640052
0.000639561
0.00063907
0.000638579
0.000638089
0.000637599
0.00063711
0.000636621
0.000636133
0.000635645
0.000635157
0.00063467
0.000634183
0.000633697
0.000633211
0.000632725
0.00063224
0.000631755
0.000631271
0.000630787
0.000630303
0.00062982
0.000629337
0.000628855
0.000628373
0.000627891
0.00062741
0.000626929
0.000626449
0.000625969
0.000625489
0.00062501
0.000624531
0.000624053
0.000623575
0.000623097
0.00062262
0.000622144
0.000621667
0.000621191
0.000620716
0.00062024
0.000619766
0.000619291
0.000618817
0.000618343
0.00061787
0.000617397
0.000616925
0.000616453
0.000615981
0.00061551
0.000615039
0.000614569
0.000614099
0.000613629
0.00061316
0.000612691
0.000612222
0.000611754
0.000611286
0.000610819
0.000610352
0.000609885
0.000609419
0.000608953
0.000608488
0.000608023
0.000607558
0.000607094
0.00060663
0.000606167
0.000605704
0.000605241
0.000604779
0.000604317
0.000603855
0.000603394
0.000602933
0.000602473
0.000602013
0.000601553
0.000601094
0.000600635
0.000600177
0.000599719
0.000599261
0.000598804
0.000598347
0.00059789
0.000597434
0.000596978
0.000596523
0.000596068
0.000595613
0.000595159
0.000594705
0.000594251
0.000593798
0.000593345
0.000592893
0.000592441
0.000591989
0.000591538
0.000591087
0.000590636
0.000590186
0.000589736
0.000589287
0.000588838
0.000588389
0.000587941
0.000587493
0.000587046
0.000586598
0.000586152
0.000585705
0.000585259
0.000584813
0.000584368
0.000583923
0.000583479
0.000583034
0.000582591
0.000582147
0.000581704
0.000581261
0.000580819
0.000580377
0.000579935
0.000579494
0.000579053
0.000578613
0.000578173
0.000577733
0.000577293
0.000576854
0.000576416
0.000575977
0.000575539
0.000575102
0.000574665
0.000574228
0.000573791
0.000573355
0.000572919
0.000572484
0.000572049
0.000571614
0.00057118
0.000570746
0.000570312
0.000569879
0.000569446
0.000569014
0.000568582
0.00056815
0.000567718
0.000567287
0.000566857
0.000566426
0.000565996
0.000565567
0.000565137
0.000564708
0.00056428
0.000563852
0.000563424
0.000562996
0.000562569
0.000562142
0.000561716
0.00056129
0.000560864
0.000560439
0.000560014
0.000559589
0.000559165
0.000558741
0.000558317
0.000557894
0.000557471
0.000557049
0.000556626
0.000556205
0.000555783
0.000555362
0.000554941
0.000554521
0.000554101
0.000553681
0.000553262
0.000552842
0.000552424
0.000552005
0.000551587
0.00055117
0.000550753
0.000550336
0.000549919
0.000549503
0.000549087
0.000548671
0.000548256
0.000547841
0.000547427
0.000547013
0.000546599
0.000546185
0.000545772
0.000545359
0.000544947
0.000544535
0.000544123
0.000543711
0.0005433
0.00054289
0.000542479
0.000542069
0.000541659
0.00054125
0.000540841
0.000540432
0.000540024
0.000539616
0.000539208
0.000538801
0.000538394
0.000537987
0.000537581
0.000537175
0.000536769
0.000536364
0.000535959
0.000535555
0.00053515
0.000534746
0.000534343
0.000533939
0.000533536
0.000533134
0.000532732
0.00053233
0.000531928
0.000531527
0.000531126
0.000530725
0.000530325
0.000529925
0.000529525
0.000529126
0.000528727
0.000528329
0.00052793
0.000527532
0.000527135
0.000526737
0.00052634
0.000525944
0.000525548
0.000525152
0.000524756
0.000524361
0.000523966
0.000523571
0.000523177
0.000522783
0.000522389
0.000521996
0.000521603
0.00052121
0.000520818
0.000520426
0.000520034
0.000519643
0.000519252
0.000518861
0.000518471
0.00051808
0.000517691
0.000517301
0.000516912
0.000516523
0.000516135
0.000515747
0.000515359
0.000514972
0.000514584
0.000514198
0.000513811
0.000513425
0.000513039
0.000512653
0.000512268
0.000511883
0.000511499
0.000511115
0.000510731
0.000510347
0.000509964
0.000509581
0.000509198
0.000508816
0.000508434
0.000508052
0.000507671
0.000507289
0.000506909
0.000506528
0.000506148
0.000505768
0.000505389
0.00050501
0.000504631
0.000504252
0.000503874
0.000503496
0.000503119
0.000502741
0.000502364
0.000501988
0.000501611
0.000501235
0.00050086
0.000500484
0.000500109
0.000499734
0.00049936
0.000498986
0.000498612
0.000498238
0.000497865
0.000497492
0.00049712
0.000496747
0.000496375
0.000496004
0.000495632
0.000495261
0.00049489
0.00049452
0.00049415
0.00049378
0.000493411
0.000493041
0.000492672
0.000492304
0.000491936
0.000491568
0.0004912
0.000490833
0.000490466
0.000490099
0.000489732
0.000489366
0.000489
0.000488635
0.00048827
0.000487905
0.00048754
0.000487176
0.000486812
0.000486448
0.000486085
0.000485722
0.000485359
0.000484996
0.000484634
0.000484272
0.000483911
0.000483549
0.000483188
0.000482828
0.000482467
0.000482107
0.000481747
0.000481388
0.000481029
0.00048067
0.000480311
0.000479953
0.000479595
0.000479237
0.00047888
0.000478523
0.000478166
0.000477809
0.000477453
0.000477097
0.000476742
0.000476386
0.000476031
0.000475677
0.000475322
0.000474968
0.000474614
0.000474261
0.000473907
0.000473554
0.000473202
0.000472849
0.000472497
0.000472145
0.000471794
0.000471443
0.000471092
0.000470741
0.000470391
0.000470041
0.000469691
0.000469342
0.000468992
0.000468644
0.000468295
0.000467947
0.000467599
0.000467251
0.000466904
0.000466556
0.00046621
0.000465863
0.000465517
0.000465171
0.000464825
0.00046448
0.000464135
0.00046379
0.000463445
0.000463101
0.000462757
0.000462413
0.00046207
0.000461727
0.000461384
0.000461042
0.000460699
0.000460357
0.000460016
0.000459674
0.000459333
0.000458992
0.000458652
0.000458312
0.000457972
0.000457632
0.000457292
0.000456953
0.000456614
0.000456276
0.000455938
0.0004556
0.000455262
0.000454924
0.000454587
0.00045425
0.000453914
0.000453578
0.000453241
0.000452906
0.00045257
0.000452235
0.0004519
0.000451566
0.000451231
0.000450897
0.000450563
0.00045023
0.000449896
0.000449564
0.000449231
0.000448898
0.000448566
0.000448234
0.000447903
0.000447572
0.00044724
0.00044691
0.000446579
0.000446249
0.000445919
0.000445589
0.00044526
0.000444931
0.000444602
0.000444274
0.000443945
0.000443617
0.00044329
0.000442962
0.000442635
0.000442308
0.000441981
0.000441655
0.000441329
0.000441003
0.000440677
0.000440352
0.000440027
0.000439702
0.000439378
0.000439054
0.00043873
0.000438406
0.000438083
0.000437759
0.000437437
0.000437114
0.000436792
0.00043647
0.000436148
0.000435826
0.000435505
0.000435184
0.000434863
0.000434543
0.000434223
0.000433903
0.000433583
0.000433264
0.000432945
0.000432626
0.000432307
0.000431989
0.000431671
0.000431353
0.000431036
0.000430718
0.000430401
0.000430084
0.000429768
0.000429452
0.000429136
0.00042882
0.000428505
0.00042819
0.000427875
0.00042756
0.000427246
0.000426932
0.000426618
0.000426304
0.000425991
0.000425678
0.000425365
0.000425052
0.00042474
0.000424428
0.000424116
0.000423805
0.000423494
0.000423183
0.000422872
0.000422561
0.000422251
0.000421941
0.000421632
0.000421322
0.000421013
0.000420704
0.000420395
0.000420087
0.000419779
0.000419471
0.000419163
0.000418856
0.000418549
0.000418242
0.000417935
0.000417629
0.000417323
0.000417017
0.000416711
0.000416406
0.000416101
0.000415796
0.000415492
0.000415187
0.000414883
0.000414579
0.000414276
0.000413972
0.000413669
0.000413367
0.000413064
0.000412762
0.00041246
0.000412158
0.000411856
0.000411555
0.000411254
0.000410953
0.000410653
0.000410352
0.000410052
0.000409753
0.000409453
0.000409154
0.000408855
0.000408556
0.000408257
0.000407959
0.000407661
0.000407363
0.000407066
0.000406768
0.000406471
0.000406174
0.000405878
0.000405582
0.000405286
0.00040499
0.000404694
0.000404399
0.000404104
0.000403809
0.000403514
0.00040322
0.000402926
0.000402632
0.000402338
0.000402045
0.000401752
0.000401459
0.000401166
0.000400874
0.000400582
0.00040029
0.000399998
0.000399707
0.000399416
0.000399125
0.000398834
0.000398543
0.000398253
0.000397963
0.000397674
0.000397384
0.000397095
0.000396806
0.000396517
0.000396229
0.00039594
0.000395652
0.000395364
0.000395077
0.00039479
0.000394502
0.000394216
0.000393929
0.000393643
0.000393356
0.000393071
0.000392785
0.0003925
0.000392214
0.000391929
0.000391645
0.00039136
0.000391076
0.000390792
0.000390508
0.000390225
0.000389941
0.000389658
0.000389376
0.000389093
0.000388811
0.000388529
0.000388247
0.000387965
0.000387684
0.000387402
0.000387122
0.000386841
0.00038656
0.00038628
0.000386
0.00038572
0.000385441
0.000385162
0.000384882
0.000384604
0.000384325
0.000384047
0.000383769
0.000383491
0.000383213
0.000382935
0.000382658
0.000382381
0.000382105
0.000381828
0.000381552
0.000381276
0.000381
0.000380724
0.000380449
0.000380174
0.000379899
0.000379624
0.00037935
0.000379075
0.000378801
0.000378528
0.000378254
0.000377981
0.000377708
0.000377435
0.000377162
0.00037689
0.000376618
0.000376346
0.000376074
0.000375802
0.000375531
0.00037526
0.000374989
0.000374719
0.000374448
0.000374178
0.000373908
0.000373639
0.000373369
0.0003731
0.000372831
0.000372562
0.000372293
0.000372025
0.000371757
0.000371489
0.000371221
0.000370954
0.000370687
0.00037042
0.000370153
0.000369886
0.00036962
0.000369354
0.000369088
0.000368822
0.000368557
0.000368291
0.000368026
0.000367762
0.000367497
0.000367233
0.000366969
0.000366705
0.000366441
0.000366177
0.000365914
0.000365651
0.000365388
0.000365126
0.000364863
0.000364601
0.000364339
0.000364077
0.000363816
0.000363555
0.000363294
0.000363033
0.000362772
0.000362512
0.000362251
0.000361991
0.000361732
0.000361472
0.000361213
0.000360954
0.000360695
0.000360436
0.000360178
0.000359919
0.000359661
0.000359403
0.000359146
0.000358888
0.000358631
0.000358374
0.000358117
0.000357861
0.000357605
0.000357348
0.000357093
0.000356837
0.000356581
0.000356326
0.000356071
0.000355816
0.000355562
0.000355307
0.000355053
0.000354799
0.000354545
0.000354292
0.000354038
0.000353785
0.000353532
0.000353279
0.000353027
0.000352775
0.000352522
0.000352271
0.000352019
0.000351767
0.000351516
0.000351265
0.000351014
0.000350764
0.000350513
0.000350263
0.000350013
0.000349763
0.000349514
0.000349264
0.000349015
0.000348766
0.000348517
0.000348269
0.00034802
0.000347772
0.000347524
0.000347276
0.000347029
0.000346782
0.000346535
0.000346288
0.000346041
0.000345794
0.000345548
0.000345302
0.000345056
0.00034481
0.000344565
0.00034432
0.000344075
0.00034383
0.000343585
0.000343341
0.000343096
0.000342852
0.000342609
0.000342365
0.000342122
0.000341878
0.000341635
0.000341392
0.00034115
0.000340907
0.000340665
0.000340423
0.000340181
0.00033994
0.000339698
0.000339457
0.000339216
0.000338975
0.000338735
0.000338494
0.000338254
0.000338014
0.000337774
0.000337535
0.000337295
0.000337056
0.000336817
0.000336578
0.00033634
0.000336101
0.000335863
0.000335625
0.000335387
0.000335149
0.000334912
0.000334675
0.000334438
0.000334201
0.000333964
0.000333728
0.000333492
0.000333256
0.00033302
0.000332784
0.000332549
0.000332313
0.000332078
0.000331843
0.000331609
0.000331374
0.00033114
0.000330906
0.000330672
0.000330438
0.000330205
0.000329971
0.000329738
0.000329505
0.000329273
0.00032904
0.000328808
0.000328576
0.000328344
0.000328112
0.00032788
0.000327649
0.000327418
0.000327187
0.000326956
0.000326725
0.000326495
0.000326265
0.000326035
0.000325805
0.000325575
0.000325346
0.000325117
0.000324887
0.000324659
0.00032443
0.000324201
0.000323973
0.000323745
0.000323517
0.000323289
0.000323062
0.000322834
0.000322607
0.00032238
0.000322153
0.000321927
0.0003217
0.000321474
0.000321248
0.000321022
0.000320797
0.000320571
0.000320346
0.000320121
0.000319896
0.000319671
0.000319447
0.000319222
0.000318998
0.000318774
0.00031855
0.000318327
0.000318103
0.00031788
0.000317657
0.000317434
0.000317211
0.000316989
0.000316767
0.000316545
0.000316323
0.000316101
0.000315879
0.000315658
0.000315437
0.000315216
0.000314995
0.000314774
0.000314554
0.000314333
0.000314113
0.000313893
0.000313674
0.000313454
0.000313235
0.000313016
0.000312797
0.000312578
0.000312359
0.000312141
0.000311923
0.000311704
0.000311487
0.000311269
0.000311051
0.000310834
0.000310617
0.0003104
0.000310183
0.000309966
0.00030975
0.000309534
0.000309317
0.000309102
0.000308886
0.00030867
0.000308455
0.00030824
0.000308025
0.00030781
0.000307595
0.000307381
0.000307166
0.000306952
0.000306738
0.000306524
0.000306311
0.000306097
0.000305884
0.000305671
0.000305458
0.000305246
0.000305033
0.000304821
0.000304609
0.000304397
0.000304185
0.000303973
0.000303762
0.00030355
0.000303339
0.000303128
0.000302917
0.000302707
0.000302496
0.000302286
0.000302076
0.000301866
0.000301657
0.000301447
0.000301238
0.000301028
0.000300819
0.000300611
0.000300402
0.000300193
0.000299985
0.000299777
0.000299569
0.000299361
0.000299154
0.000298946
0.000298739
0.000298532
0.000298325
0.000298118
0.000297911
0.000297705
0.000297499
0.000297293
0.000297087
0.000296881
0.000296675
0.00029647
0.000296265
0.00029606
0.000295855
0.00029565
0.000295446
0.000295241
0.000295037
0.000294833
0.000294629
0.000294426
0.000294222
0.000294019
0.000293816
0.000293613
0.00029341
0.000293207
0.000293004
0.000292802
0.0002926
0.000292398
0.000292196
0.000291995
0.000291793
0.000291592
0.000291391
0.00029119
0.000290989
0.000290788
0.000290588
0.000290387
0.000290187
0.000289987
0.000289787
0.000289588
0.000289388
0.000289189
0.00028899
0.000288791
0.000288592
0.000288393
0.000288195
0.000287996
0.000287798
0.0002876
0.000287402
0.000287205
0.000287007
0.00028681
0.000286613
0.000286416
0.000286219
0.000286022
0.000285826
0.000285629
0.000285433
0.000285237
0.000285041
0.000284845
0.00028465
0.000284454
0.000284259
0.000284064
0.000283869
0.000283675
0.00028348
0.000283286
0.000283091
0.000282897
0.000282703
0.00028251
0.000282316
0.000282123
0.000281929
0.000281736
0.000281543
0.00028135
0.000281158
0.000280965
0.000280773
0.000280581
0.000280389
0.000280197
0.000280005
0.000279814
0.000279623
0.000279431
0.00027924
0.000279049
0.000278859
0.000278668
0.000278478
0.000278288
0.000278097
0.000277908
0.000277718
0.000277528
0.000277339
0.000277149
0.00027696
0.000276771
0.000276582
0.000276394
0.000276205
0.000276017
0.000275829
0.000275641
0.000275453
0.000275265
0.000275078
0.00027489
0.000274703
0.000274516
0.000274329
0.000274142
0.000273955
0.000273769
0.000273583
0.000273397
0.000273211
0.000273025
0.000272839
0.000272653
0.000272468
0.000272283
0.000272098
0.000271913
0.000271728
0.000271543
0.000271359
0.000271175
0.00027099
0.000270806
0.000270623
0.000270439
0.000270255
0.000270072
0.000269889
0.000269706
0.000269523
0.00026934
0.000269157
0.000268975
0.000268792
0.00026861
0.000268428
0.000268246
0.000268065
0.000267883
0.000267702
0.00026752
0.000267339
0.000267158
0.000266978
0.000266797
0.000266616
0.000266436
0.000266256
0.000266076
0.000265896
0.000265716
0.000265536
0.000265357
0.000265178
0.000264998
0.000264819
0.000264641
0.000264462
0.000264283
0.000264105
0.000263927
0.000263748
0.000263571
0.000263393
0.000263215
0.000263037
0.00026286
0.000262683
0.000262506
0.000262329
0.000262152
0.000261975
0.000261799
0.000261623
0.000261446
0.00026127
0.000261094
0.000260919
0.000260743
0.000260568
0.000260392
0.000260217
0.000260042
0.000259867
0.000259692
0.000259518
0.000259343
0.000259169
0.000258995
0.000258821
0.000258647
0.000258473
0.0002583
0.000258126
0.000257953
0.00025778
0.000257607
0.000257434
0.000257261
0.000257089
0.000256916
0.000256744
0.000256572
0.0002564
0.000256228
0.000256056
0.000255885
0.000255713
0.000255542
0.000255371
0.0002552
0.000255029
0.000254858
0.000254688
0.000254517
0.000254347
0.000254177
0.000254007
0.000253837
0.000253667
0.000253498
0.000253328
0.000253159
0.00025299
0.000252821
0.000252652
0.000252483
0.000252314
0.000252146
0.000251978
0.000251809
0.000251641
0.000251474
0.000251306
0.000251138
0.000250971
0.000250803
0.000250636
0.000250469
0.000250302
0.000250135
0.000249969
0.000249802
0.000249636
0.00024947
0.000249304
0.000249138
0.000248972
0.000248806
0.000248641
0.000248475
0.00024831
0.000248145
0.00024798
0.000247815
0.00024765
0.000247486
0.000247321
0.000247157
0.000246993
0.000246829
0.000246665
0.000246501
0.000246338
0.000246174
0.000246011
0.000245848
0.000245684
0.000245522
0.000245359
0.000245196
0.000245034
0.000244871
0.000244709
0.000244547
0.000244385
0.000244223
0.000244061
0.0002439
0.000243738
0.000243577
0.000243416
0.000243255
0.000243094
0.000242933
0.000242772
0.000242612
0.000242451
0.000242291
0.000242131
0.000241971
0.000241811
0.000241652
0.000241492
0.000241333
0.000241173
0.000241014
0.000240855
0.000240696
0.000240537
0.000240379
0.00024022
0.000240062
0.000239903
0.000239745
0.000239587
0.00023943
0.000239272
0.000239114
0.000238957
0.000238799
0.000238642
0.000238485
0.000238328
0.000238171
0.000238015
0.000237858
0.000237702
0.000237545
0.000237389
0.000237233
0.000237077
0.000236922
0.000236766
0.00023661
0.000236455
0.0002363
0.000236145
0.00023599
0.000235835
0.00023568
0.000235526
0.000235371
0.000235217
0.000235062
0.000234908
0.000234754
0.000234601
0.000234447
0.000234293
0.00023414
0.000233987
0.000233833
0.00023368
0.000233527
0.000233375
0.000233222
0.000233069
0.000232917
0.000232765
0.000232612
0.00023246
0.000232308
0.000232157
0.000232005
0.000231853
0.000231702
0.000231551
0.000231399
0.000231248
0.000231098
0.000230947
0.000230796
0.000230646
0.000230495
0.000230345
0.000230195
0.000230045
0.000229895
0.000229745
0.000229595
0.000229446
0.000229296
0.000229147
0.000228998
0.000228849
0.0002287
0.000228551
0.000228402
0.000228254
0.000228105
0.000227957
0.000227809
0.000227661
0.000227513
0.000227365
0.000227218
0.00022707
0.000226923
0.000226775
0.000226628
0.000226481
0.000226334
0.000226187
0.000226041
0.000225894
0.000225747
0.000225601
0.000225455
0.000225309
0.000225163
0.000225017
0.000224871
0.000224726
0.00022458
0.000224435
0.00022429
0.000224145
0.000224
0.000223855
0.00022371
0.000223565
0.000223421
0.000223276
0.000223132
0.000222988
0.000222844
0.0002227
0.000222556
0.000222412
0.000222269
0.000222125
0.000221982
0.000221839
0.000221696
0.000221553
0.00022141
0.000221267
0.000221125
0.000220982
0.00022084
0.000220698
0.000220556
0.000220413
0.000220272
0.00022013
0.000219988
0.000219847
0.000219705
0.000219564
0.000219423
0.000219282
0.000219141
0.000219
0.000218859
0.000218719
0.000218578
0.000218438
0.000218297
0.000218157
0.000218017
0.000217877
0.000217738
0.000217598
0.000217458
0.000217319
0.00021718
0.00021704
0.000216901
0.000216762
0.000216624
0.000216485
0.000216346
0.000216208
0.000216069
0.000215931
0.000215793
0.000215655
0.000215517
0.000215379
0.000215241
0.000215104
0.000214966
0.000214829
0.000214692
0.000214555
0.000214418
0.000214281
0.000214144
0.000214007
0.000213871
0.000213734
0.000213598
0.000213462
0.000213326
0.00021319
0.000213054
0.000212918
0.000212782
0.000212647
0.000212511
0.000212376
0.000212241
0.000212106
0.000211971
0.000211836
0.000211701
0.000211566
0.000211432
0.000211298
0.000211163
0.000211029
0.000210895
0.000210761
0.000210627
0.000210493
0.00021036
0.000210226
0.000210093
0.00020996
0.000209826
0.000209693
0.00020956
0.000209427
0.000209295
0.000209162
0.00020903
0.000208897
0.000208765
0.000208633
0.000208501
0.000208369
0.000208237
0.000208105
0.000207973
0.000207842
0.00020771
0.000207579
0.000207448
0.000207317
0.000207186
0.000207055
0.000206924
0.000206793
0.000206663
0.000206532
0.000206402
0.000206272
0.000206142
0.000206012
0.000205882
0.000205752
0.000205622
0.000205493
0.000205363
0.000205234
0.000205105
0.000204976
0.000204847
0.000204718
0.000204589
0.00020446
0.000204331
0.000204203
0.000204075
0.000203946
0.000203818
0.00020369
0.000203562
0.000203434
0.000203306
0.000203179
0.000203051
0.000202924
0.000202796
0.000202669
0.000202542
0.000202415
0.000202288
0.000202161
0.000202035
0.000201908
0.000201782
0.000201655
0.000201529
0.000201403
0.000201277
0.000201151
0.000201025
0.000200899
0.000200774
0.000200648
0.000200523
0.000200397
0.000200272
0.000200147
0.000200022
0.000199897
0.000199772
0.000199647
0.000199523
0.000199398
0.000199274
0.00019915
0.000199025
0.000198901
0.000198777
0.000198653
0.00019853
0.000198406
0.000198282
0.000198159
0.000198036
0.000197912
0.000197789
0.000197666
0.000197543
0.00019742
0.000197298
0.000197175
0.000197052
0.00019693
0.000196808
0.000196685
0.000196563
0.000196441
0.000196319
0.000196197
0.000196076
0.000195954
0.000195833
0.000195711
0.00019559
0.000195469
0.000195347
0.000195226
0.000195106
0.000194985
0.000194864
0.000194743
0.000194623
0.000194502
0.000194382
0.000194262
0.000194142
0.000194022
0.000193902
0.000193782
0.000193662
0.000193543
0.000193423
0.000193304
0.000193184
0.000193065
0.000192946
0.000192827
0.000192708
0.000192589
0.000192471
0.000192352
0.000192233
0.000192115
0.000191997
0.000191878
0.00019176
0.000191642
0.000191524
0.000191407
0.000191289
0.000191171
0.000191054
0.000190936
0.000190819
0.000190702
0.000190584
0.000190467
0.00019035
0.000190234
0.000190117
0.00019
0.000189884
0.000189767
0.000189651
0.000189534
0.000189418
0.000189302
0.000189186
0.00018907
0.000188954
0.000188839
0.000188723
0.000188608
0.000188492
0.000188377
0.000188262
0.000188147
0.000188032
0.000187917
0.000187802
0.000187687
0.000187572
0.000187458
0.000187343
0.000187229
0.000187115
0.000187001
0.000186887
0.000186773
0.000186659
0.000186545
0.000186431
0.000186318
0.000186204
0.000186091
0.000185977
0.000185864
0.000185751
0.000185638
0.000185525
0.000185412
0.000185299
0.000185187
0.000185074
0.000184962
0.000184849
0.000184737
0.000184625
0.000184513
0.000184401
0.000184289
0.000184177
0.000184065
0.000183954
0.000183842
0.000183731
0.000183619
0.000183508
0.000183397
0.000183286
0.000183175
0.000183064
0.000182953
0.000182843
0.000182732
0.000182621
0.000182511
0.000182401
0.00018229
0.00018218
0.00018207
0.00018196
0.00018185
0.000181741
0.000181631
0.000181521
0.000181412
0.000181302
0.000181193
0.000181084
0.000180975
0.000180866
0.000180757
0.000180648
0.000180539
0.00018043
0.000180322
0.000180213
0.000180105
0.000179996
0.000179888
0.00017978
0.000179672
0.000179564
0.000179456
0.000179348
0.000179241
0.000179133
0.000179026
0.000178918
0.000178811
0.000178704
0.000178596
0.000178489
0.000178382
0.000178275
0.000178169
0.000178062
0.000177955
0.000177849
0.000177742
0.000177636
0.00017753
0.000177423
0.000177317
0.000177211
0.000177105
0.000177
0.000176894
0.000176788
0.000176683
0.000176577
0.000176472
0.000176366
0.000176261
0.000176156
0.000176051
0.000175946
0.000175841
0.000175736
0.000175632
0.000175527
0.000175423
0.000175318
0.000175214
0.00017511
0.000175005
0.000174901
0.000174797
0.000174693
0.00017459
0.000174486
0.000174382
0.000174279
0.000174175
0.000174072
0.000173968
0.000173865
0.000173762
0.000173659
0.000173556
0.000173453
0.00017335
0.000173248
0.000173145
0.000173043
0.00017294
0.000172838
0.000172735
0.000172633
0.000172531
0.000172429
0.000172327
0.000172225
0.000172124
0.000172022
0.00017192
0.000171819
0.000171717
0.000171616
0.000171515
0.000171414
0.000171312
0.000171211
0.000171111
0.00017101
0.000170909
0.000170808
0.000170708
0.000170607
0.000170507
0.000170406
0.000170306
0.000170206
0.000170106
0.000170006
0.000169906
0.000169806
0.000169706
0.000169607
0.000169507
0.000169408
0.000169308
0.000169209
0.00016911
0.00016901
0.000168911
0.000168812
0.000168713
0.000168614
0.000168516
0.000168417
0.000168318
0.00016822
0.000168122
0.000168023
0.000167925
0.000167827
0.000167729
0.000167631
0.000167533
0.000167435
0.000167337
0.000167239
0.000167142
0.000167044
0.000166947
0.000166849
0.000166752
0.000166655
0.000166558
0.000166461
0.000166364
0.000166267
0.00016617
0.000166073
0.000165977
0.00016588
0.000165784
0.000165687
0.000165591
0.000165495
0.000165398
0.000165302
0.000165206
0.00016511
0.000165015
0.000164919
0.000164823
0.000164727
0.000164632
0.000164536
0.000164441
0.000164346
0.000164251
0.000164155
0.00016406
0.000163965
0.000163871
0.000163776
0.000163681
0.000163586
0.000163492
0.000163397
0.000163303
0.000163209
0.000163114
0.00016302
0.000162926
0.000162832
0.000162738
0.000162644
0.00016255
0.000162457
0.000162363
0.000162269
0.000162176
0.000162083
0.000161989
0.000161896
0.000161803
0.00016171
0.000161617
0.000161524
0.000161431
0.000161338
0.000161245
0.000161153
0.00016106
0.000160968
0.000160875
0.000160783
0.000160691
0.000160599
0.000160507
0.000160415
0.000160323
0.000160231
0.000160139
0.000160047
0.000159956
0.000159864
0.000159773
0.000159681
0.00015959
0.000159499
0.000159407
0.000159316
0.000159225
0.000159134
0.000159044
0.000158953
0.000158862
0.000158771
0.000158681
0.00015859
0.0001585
0.00015841
0.000158319
0.000158229
0.000158139
0.000158049
0.000157959
0.000157869
0.000157779
0.00015769
0.0001576
0.00015751
0.000157421
0.000157331
0.000157242
0.000157153
0.000157063
0.000156974
0.000156885
0.000156796
0.000156707
0.000156618
0.00015653
0.000156441
0.000156352
0.000156264
0.000156175
0.000156087
0.000155999
0.00015591
0.000155822
0.000155734
0.000155646
0.000155558
0.00015547
0.000155382
0.000155295
0.000155207
0.000155119
0.000155032
0.000154944
0.000154857
0.00015477
0.000154682
0.000154595
0.000154508
0.000154421
0.000154334
0.000154247
0.00015416
0.000154074
0.000153987
0.000153901
0.000153814
0.000153728
0.000153641
0.000153555
0.000153469
0.000153383
0.000153296
0.00015321
0.000153125
0.000153039
0.000152953
0.000152867
0.000152781
0.000152696
0.00015261
0.000152525
0.00015244
0.000152354
0.000152269
0.000152184
0.000152099
0.000152014
0.000151929
0.000151844
0.000151759
0.000151674
0.00015159
0.000151505
0.000151421
0.000151336
0.000151252
0.000151168
0.000151083
0.000150999
0.000150915
0.000150831
0.000150747
0.000150663
0.000150579
0.000150496
0.000150412
0.000150328
0.000150245
0.000150161
0.000150078
0.000149995
0.000149911
0.000149828
0.000149745
0.000149662
0.000149579
0.000149496
0.000149413
0.00014933
0.000149248
0.000149165
0.000149083
0.000149
0.000148918
0.000148835
0.000148753
0.000148671
0.000148589
0.000148507
0.000148425
0.000148343
0.000148261
0.000148179
0.000148097
0.000148015
0.000147934
0.000147852
0.000147771
0.000147689
0.000147608
0.000147527
0.000147446
0.000147364
0.000147283
0.000147202
0.000147121
0.000147041
0.00014696
0.000146879
0.000146798
0.000146718
0.000146637
0.000146557
0.000146476
0.000146396
0.000146316
0.000146236
0.000146155
0.000146075
0.000145995
0.000145915
0.000145836
0.000145756
0.000145676
0.000145596
0.000145517
0.000145437
0.000145358
0.000145278
0.000145199
0.00014512
0.000145041
0.000144961
0.000144882
0.000144803
0.000144724
0.000144646
0.000144567
0.000144488
0.000144409
0.000144331
0.000144252
0.000144174
0.000144095
0.000144017
0.000143939
0.00014386
0.000143782
0.000143704
0.000143626
0.000143548
0.00014347
0.000143393
0.000143315
0.000143237
0.000143159
0.000143082
0.000143004
0.000142927
0.00014285
0.000142772
0.000142695
0.000142618
0.000142541
0.000142464
0.000142387
0.00014231
0.000142233
0.000142156
0.000142079
0.000142003
0.000141926
0.00014185
0.000141773
0.000141697
0.00014162
0.000141544
0.000141468
0.000141392
0.000141316
0.00014124
0.000141164
0.000141088
0.000141012
0.000140936
0.00014086
0.000140785
0.000140709
0.000140634
0.000140558
0.000140483
0.000140407
0.000140332
0.000140257
0.000140182
0.000140107
0.000140032
0.000139957
0.000139882
0.000139807
0.000139732
0.000139657
0.000139583
0.000139508
0.000139434
0.000139359
0.000139285
0.00013921
0.000139136
0.000139062
0.000138988
0.000138914
0.00013884
0.000138766
0.000138692
0.000138618
0.000138544
0.00013847
0.000138397
0.000138323
0.00013825
0.000138176
0.000138103
0.000138029
0.000137956
0.000137883
0.00013781
0.000137736
0.000137663
0.00013759
0.000137517
0.000137445
0.000137372
0.000137299
0.000137226
0.000137154
0.000137081
0.000137009
0.000136936
0.000136864
0.000136792
0.000136719
0.000136647
0.000136575
0.000136503
0.000136431
0.000136359
0.000136287
0.000136215
0.000136143
0.000136072
0.000136
0.000135928
0.000135857
0.000135785
0.000135714
0.000135642
0.000135571
0.0001355
0.000135429
0.000135358
0.000135286
0.000135215
0.000135145
0.000135074
0.000135003
0.000134932
0.000134861
0.000134791
0.00013472
0.00013465
0.000134579
0.000134509
0.000134438
0.000134368
0.000134298
0.000134227
0.000134157
0.000134087
0.000134017
0.000133947
0.000133877
0.000133808
0.000133738
0.000133668
0.000133598
0.000133529
0.000133459
0.00013339
0.00013332
0.000133251
0.000133182
0.000133112
0.000133043
0.000132974
0.000132905
0.000132836
0.000132767
0.000132698
0.000132629
0.00013256
0.000132492
0.000132423
0.000132354
0.000132286
0.000132217
0.000132149
0.00013208
0.000132012
0.000131944
0.000131876
0.000131807
0.000131739
0.000131671
0.000131603
0.000131535
0.000131467
0.000131399
0.000131332
0.000131264
0.000131196
0.000131129
0.000131061
0.000130994
0.000130926
0.000130859
0.000130792
0.000130724
0.000130657
0.00013059
0.000130523
0.000130456
0.000130389
0.000130322
0.000130255
0.000130188
0.000130121
0.000130055
0.000129988
0.000129921
0.000129855
0.000129788
0.000129722
0.000129656
0.000129589
0.000129523
0.000129457
0.000129391
0.000129324
0.000129258
0.000129192
0.000129126
0.000129061
0.000128995
0.000128929
0.000128863
0.000128798
0.000128732
0.000128666
0.000128601
0.000128535
0.00012847
0.000128405
0.000128339
0.000128274
0.000128209
0.000128144
0.000128079
0.000128014
0.000127949
0.000127884
0.000127819
0.000127754
0.00012769
0.000127625
0.00012756
0.000127496
0.000127431
0.000127367
0.000127302
0.000127238
0.000127174
0.000127109
0.000127045
0.000126981
0.000126917
0.000126853
0.000126789
0.000126725
0.000126661
0.000126597
0.000126533
0.00012647
0.000126406
0.000126342
0.000126279
0.000126215
0.000126152
0.000126088
0.000126025
0.000125962
0.000125899
0.000125835
0.000125772
0.000125709
0.000125646
0.000125583
0.00012552
0.000125457
0.000125394
0.000125332
0.000125269
0.000125206
0.000125144
0.000125081
0.000125019
0.000124956
0.000124894
0.000124831
0.000124769
0.000124707
0.000124645
0.000124582
0.00012452
0.000124458
0.000124396
0.000124334
0.000124272
0.000124211
0.000124149
0.000124087
0.000124025
0.000123964
0.000123902
0.000123841
0.000123779
0.000123718
0.000123656
0.000123595
0.000123534
0.000123473
0.000123411
0.00012335
0.000123289
0.000123228
0.000123167
0.000123106
0.000123045
0.000122985
0.000122924
0.000122863
0.000122802
0.000122742
0.000122681
0.000122621
0.00012256
0.0001225
0.000122439
0.000122379
0.000122319
0.000122259
0.000122198
0.000122138
0.000122078
0.000122018
0.000121958
0.000121898
0.000121839
0.000121779
0.000121719
0.000121659
0.0001216
0.00012154
0.00012148
0.000121421
0.000121361
0.000121302
0.000121243
0.000121183
0.000121124
0.000121065
0.000121006
0.000120947
0.000120887
0.000120828
0.000120769
0.000120711
0.000120652
0.000120593
0.000120534
0.000120475
0.000120417
0.000120358
0.000120299
0.000120241
0.000120182
0.000120124
0.000120066
0.000120007
0.000119949
0.000119891
0.000119832
0.000119774
0.000119716
0.000119658
0.0001196
0.000119542
0.000119484
0.000119426
0.000119369
0.000119311
0.000119253
0.000119196
0.000119138
0.00011908
0.000119023
0.000118965
0.000118908
0.000118851
0.000118793
0.000118736
0.000118679
0.000118622
0.000118564
0.000118507
0.00011845
0.000118393
0.000118336
0.000118279
0.000118223
0.000118166
0.000118109
0.000118052
0.000117996
0.000117939
0.000117882
0.000117826
0.000117769
0.000117713
0.000117657
0.0001176
0.000117544
0.000117488
0.000117432
0.000117375
0.000117319
0.000117263
0.000117207
0.000117151
0.000117095
0.00011704
0.000116984
0.000116928
0.000116872
0.000116817
0.000116761
0.000116705
0.00011665
0.000116594
0.000116539
0.000116483
0.000116428
0.000116373
0.000116318
0.000116262
0.000116207
0.000116152
0.000116097
0.000116042
0.000115987
0.000115932
0.000115877
0.000115822
0.000115767
0.000115713
0.000115658
0.000115603
0.000115549
0.000115494
0.00011544
0.000115385
0.000115331
0.000115276
0.000115222
0.000115168
0.000115113
0.000115059
0.000115005
0.000114951
0.000114897
0.000114843
0.000114789
0.000114735
0.000114681
0.000114627
0.000114573
0.000114519
0.000114466
0.000114412
0.000114358
0.000114305
0.000114251
0.000114198
0.000114144
0.000114091
0.000114038
0.000113984
0.000113931
0.000113878
0.000113824
0.000113771
0.000113718
0.000113665
0.000113612
0.000113559
0.000113506
0.000113453
0.000113401
0.000113348
0.000113295
0.000113242
0.00011319
0.000113137
0.000113085
0.000113032
0.000112979
0.000112927
0.000112875
0.000112822
0.00011277
0.000112718
0.000112666
0.000112613
0.000112561
0.000112509
0.000112457
0.000112405
0.000112353
0.000112301
0.000112249
0.000112197
0.000112146
0.000112094
0.000112042
0.000111991
0.000111939
0.000111887
0.000111836
0.000111784
0.000111733
0.000111682
0.00011163
0.000111579
0.000111528
0.000111476
0.000111425
0.000111374
0.000111323
0.000111272
0.000111221
0.00011117
0.000111119
0.000111068
0.000111017
0.000110966
0.000110916
0.000110865
0.000110814
0.000110764
0.000110713
0.000110662
0.000110612
0.000110561
0.000110511
0.000110461
0.00011041
0.00011036
0.00011031
0.00011026
0.000110209
0.000110159
0.000110109
0.000110059
0.000110009
0.000109959
0.000109909
0.000109859
0.000109809
0.00010976
0.00010971
0.00010966
0.000109611
0.000109561
0.000109511
0.000109462
0.000109412
0.000109363
0.000109313
0.000109264
0.000109215
0.000109165
0.000109116
0.000109067
0.000109018
0.000108968
0.000108919
0.00010887
0.000108821
0.000108772
0.000108723
0.000108675
0.000108626
0.000108577
0.000108528
0.000108479
0.000108431
0.000108382
0.000108333
0.000108285
0.000108236
0.000108188
0.000108139
0.000108091
0.000108043
0.000107994
0.000107946
0.000107898
0.000107849
0.000107801
0.000107753
0.000107705
0.000107657
0.000107609
0.000107561
0.000107513
0.000107465
0.000107417
0.00010737
0.000107322
0.000107274
0.000107226
0.000107179
0.000107131
0.000107084
0.000107036
0.000106989
0.000106941
0.000106894
0.000106846
0.000106799
0.000106752
0.000106704
0.000106657
0.00010661
0.000106563
0.000106516
0.000106469
0.000106422
0.000106375
0.000106328
0.000106281
0.000106234
0.000106187
0.00010614
0.000106094
0.000106047
0.000106
0.000105954
0.000105907
0.000105861
0.000105814
0.000105768
0.000105721
0.000105675
0.000105628
0.000105582
0.000105536
0.00010549
0.000105443
0.000105397
0.000105351
0.000105305
0.000105259
0.000105213
0.000105167
0.000105121
0.000105075
0.000105029
0.000104983
0.000104938
0.000104892
0.000104846
0.000104801
0.000104755
0.000104709
0.000104664
0.000104618
0.000104573
0.000104527
0.000104482
0.000104437
0.000104391
0.000104346
0.000104301
0.000104256
0.00010421
0.000104165
0.00010412
0.000104075
0.00010403
0.000103985
0.00010394
0.000103895
0.00010385
0.000103805
0.000103761
0.000103716
0.000103671
0.000103626
0.000103582
0.000103537
0.000103493
0.000103448
0.000103404
0.000103359
0.000103315
0.00010327
0.000103226
0.000103182
0.000103137
0.000103093
0.000103049
0.000103005
0.000102961
0.000102916
0.000102872
0.000102828
0.000102784
0.00010274
0.000102697
0.000102653
0.000102609
0.000102565
0.000102521
0.000102478
0.000102434
0.00010239
0.000102347
0.000102303
0.000102259
0.000102216
0.000102172
0.000102129
0.000102086
0.000102042
0.000101999
0.000101956
0.000101912
0.000101869
0.000101826
0.000101783
0.00010174
0.000101697
0.000101654
0.000101611
0.000101568
0.000101525
0.000101482
0.000101439
0.000101396
0.000101353
0.00010131
0.000101268
0.000101225
0.000101182
0.00010114
0.000101097
0.000101055
0.000101012
0.00010097
0.000100927
0.000100885
0.000100842
0.0001008
0.000100758
0.000100716
0.000100673
0.000100631
0.000100589
0.000100547
0.000100505
0.000100463
0.000100421
0.000100379
0.000100337
0.000100295
0.000100253
0.000100211
0.000100169
0.000100128
0.000100086
0.000100044
0.000100002
9.99608e-05
9.99192e-05
9.98776e-05
9.98361e-05
9.97946e-05
9.97532e-05
9.97117e-05
9.96703e-05
9.9629e-05
9.95877e-05
9.95464e-05
9.95051e-05
9.94639e-05
9.94227e-05
9.93816e-05
9.93404e-05
9.92994e-05
9.92583e-05
9.92173e-05
9.91763e-05
9.91354e-05
9.90945e-05
9.90536e-05
9.90127e-05
9.89719e-05
9.89312e-05
9.88904e-05
9.88497e-05
9.8809e-05
9.87684e-05
9.87278e-05
9.86872e-05
9.86467e-05
9.86062e-05
9.85657e-05
9.85253e-05
9.84849e-05
9.84445e-05
9.84041e-05
9.83638e-05
9.83236e-05
9.82833e-05
9.82431e-05
9.8203e-05
9.81628e-05
9.81227e-05
9.80827e-05
9.80426e-05
9.80026e-05
9.79627e-05
9.79227e-05
9.78828e-05
9.78429e-05
9.78031e-05
9.77633e-05
9.77235e-05
9.76838e-05
9.76441e-05
9.76044e-05
9.75648e-05
9.75252e-05
9.74856e-05
9.74461e-05
9.74066e-05
9.73671e-05
9.73277e-05
9.72883e-05
9.72489e-05
9.72095e-05
9.71702e-05
9.7131e-05
9.70917e-05
9.70525e-05
9.70133e-05
9.69742e-05
9.69351e-05
9.6896e-05
9.68569e-05
9.68179e-05
9.67789e-05
9.674e-05
9.67011e-05
9.66622e-05
9.66233e-05
9.65845e-05
9.65457e-05
9.6507e-05
9.64682e-05
9.64296e-05
9.63909e-05
9.63523e-05
9.63137e-05
9.62751e-05
9.62366e-05
9.61981e-05
9.61596e-05
9.61212e-05
9.60828e-05
9.60444e-05
9.60061e-05
9.59678e-05
9.59295e-05
9.58912e-05
9.5853e-05
9.58149e-05
9.57767e-05
9.57386e-05
9.57005e-05
9.56625e-05
9.56244e-05
9.55864e-05
9.55485e-05
9.55106e-05
9.54727e-05
9.54348e-05
9.5397e-05
9.53592e-05
9.53214e-05
9.52837e-05
9.5246e-05
9.52083e-05
9.51707e-05
9.5133e-05
9.50955e-05
9.50579e-05
9.50204e-05
9.49829e-05
9.49455e-05
9.4908e-05
9.48706e-05
9.48333e-05
9.4796e-05
9.47587e-05
9.47214e-05
9.46841e-05
9.46469e-05
9.46098e-05
9.45726e-05
9.45355e-05
9.44984e-05
9.44614e-05
9.44244e-05
9.43874e-05
9.43504e-05
9.43135e-05
9.42766e-05
9.42397e-05
9.42029e-05
9.41661e-05
9.41293e-05
9.40926e-05
9.40558e-05
9.40192e-05
9.39825e-05
9.39459e-05
9.39093e-05
9.38727e-05
9.38362e-05
9.37997e-05
9.37632e-05
9.37268e-05
9.36904e-05
9.3654e-05
9.36177e-05
9.35813e-05
9.35451e-05
9.35088e-05
9.34726e-05
9.34364e-05
9.34002e-05
9.33641e-05
9.3328e-05
9.32919e-05
9.32558e-05
9.32198e-05
9.31838e-05
9.31479e-05
9.3112e-05
9.30761e-05
9.30402e-05
9.30044e-05
9.29685e-05
9.29328e-05
9.2897e-05
9.28613e-05
9.28256e-05
9.279e-05
9.27543e-05
9.27187e-05
9.26832e-05
9.26476e-05
9.26121e-05
9.25766e-05
9.25412e-05
9.25058e-05
9.24704e-05
9.2435e-05
9.23997e-05
9.23644e-05
9.23291e-05
9.22939e-05
9.22586e-05
9.22234e-05
9.21883e-05
9.21532e-05
9.21181e-05
9.2083e-05
9.2048e-05
9.20129e-05
9.1978e-05
9.1943e-05
9.19081e-05
9.18732e-05
9.18383e-05
9.18035e-05
9.17687e-05
9.17339e-05
9.16992e-05
9.16644e-05
9.16297e-05
9.15951e-05
9.15604e-05
9.15258e-05
9.14913e-05
9.14567e-05
9.14222e-05
9.13877e-05
9.13533e-05
9.13188e-05
9.12844e-05
9.125e-05
9.12157e-05
9.11814e-05
9.11471e-05
9.11128e-05
9.10786e-05
9.10444e-05
9.10102e-05
9.09761e-05
9.0942e-05
9.09079e-05
9.08738e-05
9.08398e-05
9.08058e-05
9.07718e-05
9.07378e-05
9.07039e-05
9.067e-05
9.06362e-05
9.06023e-05
9.05685e-05
9.05347e-05
9.0501e-05
9.04673e-05
9.04336e-05
9.03999e-05
9.03663e-05
9.03327e-05
9.02991e-05
9.02655e-05
9.0232e-05
9.01985e-05
9.0165e-05
9.01316e-05
9.00982e-05
9.00648e-05
9.00314e-05
8.99981e-05
8.99648e-05
8.99315e-05
8.98983e-05
8.9865e-05
8.98318e-05
8.97987e-05
8.97655e-05
8.97324e-05
8.96993e-05
8.96663e-05
8.96333e-05
8.96003e-05
8.95673e-05
8.95343e-05
8.95014e-05
8.94685e-05
8.94357e-05
8.94028e-05
8.937e-05
8.93372e-05
8.93045e-05
8.92718e-05
8.92391e-05
8.92064e-05
8.91738e-05
8.91411e-05
8.91085e-05
8.9076e-05
8.90434e-05
8.90109e-05
8.89785e-05
8.8946e-05
8.89136e-05
8.88812e-05
8.88488e-05
8.88164e-05
8.87841e-05
8.87518e-05
8.87196e-05
8.86873e-05
8.86551e-05
8.86229e-05
8.85908e-05
8.85586e-05
8.85265e-05
8.84945e-05
8.84624e-05
8.84304e-05
8.83984e-05
8.83664e-05
8.83345e-05
8.83025e-05
8.82707e-05
8.82388e-05
8.82069e-05
8.81751e-05
8.81433e-05
8.81116e-05
8.80799e-05
8.80481e-05
8.80165e-05
8.79848e-05
8.79532e-05
8.79216e-05
8.789e-05
8.78585e-05
8.78269e-05
8.77954e-05
8.7764e-05
8.77325e-05
8.77011e-05
8.76697e-05
8.76384e-05
8.7607e-05
8.75757e-05
8.75444e-05
8.75132e-05
8.74819e-05
8.74507e-05
8.74195e-05
8.73884e-05
8.73572e-05
8.73261e-05
8.72951e-05
8.7264e-05
8.7233e-05
8.7202e-05
8.7171e-05
8.714e-05
8.71091e-05
8.70782e-05
8.70474e-05
8.70165e-05
8.69857e-05
8.69549e-05
8.69241e-05
8.68934e-05
8.68627e-05
8.6832e-05
8.68013e-05
8.67707e-05
8.674e-05
8.67094e-05
8.66789e-05
8.66483e-05
8.66178e-05
8.65873e-05
8.65569e-05
8.65264e-05
8.6496e-05
8.64656e-05
8.64353e-05
8.64049e-05
8.63746e-05
8.63443e-05
8.63141e-05
8.62838e-05
8.62536e-05
8.62234e-05
8.61933e-05
8.61631e-05
8.6133e-05
8.61029e-05
8.60729e-05
8.60428e-05
8.60128e-05
8.59828e-05
8.59529e-05
8.5923e-05
8.5893e-05
8.58632e-05
8.58333e-05
8.58035e-05
8.57736e-05
8.57439e-05
8.57141e-05
8.56844e-05
8.56546e-05
8.5625e-05
8.55953e-05
8.55657e-05
8.5536e-05
8.55065e-05
8.54769e-05
8.54474e-05
8.54178e-05
8.53883e-05
8.53589e-05
8.53294e-05
8.53e-05
8.52706e-05
8.52413e-05

