5e-05
5e-05
5e-05
5e-05
5e-05
5e-05
5e-05
5e-05
5e-05
5e-05
5e-05
5e-05
5e-05
5e-05
5e-05
5e-05
5e-05
5e-05
5e-05
5e-05
5e-05
5e-05
5e-05
5e-05
5e-05
5e-05
5e-05
5e-05
5e-05
5e-05
5e-05
5e-05
5e-05
5e-05
5e-05
5e-05
5e-05
5e-05
5e-05
5e-05
5e-05
5e-05
5e-05
5e-05
5e-05
5e-05
5e-05
5e-05
5e-05
5e-05
5e-05
5e-05
5e-05
5e-05
5e-05
5e-05
5e-05
5e-05
5e-05
5e-05
5e-05
5e-05
5e-05
5e-05
5e-05
5e-05
5e-05
5e-05
5e-05
5e-05
5e-05
5e-05
5e-05
5e-05
5e-05
5e-05
5e-05
5e-05
5e-05
5e-05
5e-05
5e-05
5e-05
5e-05
5e-05
5e-05
5e-05
5e-05
5e-05
5e-05
5e-05
5e-05
5e-05
5e-05
5e-05
5e-05
5e-05
5e-05
5e-05
5e-05
5e-05
5e-05
5e-05
5e-05
5e-05
5e-05
5e-05
5e-05
5e-05
5e-05
5e-05
5e-05
5e-05
5e-05
5e-05
5e-05
5e-05
5e-05
5e-05
5e-05
5e-05
5e-05
5e-05
5e-05
5e-05
5e-05
5e-05
5e-05
5e-05
5e-05
5e-05
5e-05
5e-05
5e-05
5e-05
5e-05
5e-05
5e-05
5e-05
5e-05
5e-05
5e-05
5e-05
5e-05
5e-05
5e-05
5e-05
5e-05
5e-05
5e-05
5e-05
5e-05
5e-05
5e-05
5e-05
5e-05
5e-05
5e-05
5e-05
5e-05
5e-05
5e-05
5e-05
5e-05
5e-05
5e-05
5e-05
5e-05
5e-05
5e-05
5e-05
5e-05
5e-05
5e-05
5e-05
5e-05
5e-05
5e-05
5e-05
5e-05
5e-05
5e-05
5e-05
5e-05
5e-05
5e-05
5e-05
5e-05
5e-05
5e-05
5e-05
5e-05
5e-05
5e-05
5e-05
5e-05
5e-05
5e-05
5e-05
5e-05
5e-05
5e-05
5e-05
5e-05
5e-05
5e-05
5e-05
5e-05
5e-05
5e-05
5e-05
5e-05
5e-05
5e-05
5e-05
5e-05
5e-05
5e-05
5e-05
5e-05
5e-05
5e-05
5e-05
5e-05
5e-05
5e-05
5e-05
5e-05
5e-05
5e-05
5e-05
5e-05
5e-05
5e-05
5e-05
5e-05
5e-05
5e-05
5e-05
5e-05
5e-05
5e-05
5e-05
5e-05
5e-05
5e-05
5e-05
5e-05
5e-05
5e-05
5e-05
5e-05
5e-05
5e-05
5e-05
5e-05
5e-05
5e-05
5e-05
5e-05
5e-05
5e-05
5e-05
5e-05
5e-05
5e-05
5e-05
5e-05
5e-05
5e-05
5e-05
5e-05
5e-05
5e-05
5e-05
5e-05
5e-05
5e-05
5e-05
5e-05
5e-05
5e-05
5e-05
5e-05
5e-05
5e-05
5e-05
5e-05
5e-05
5e-05
5e-05
5e-05
5e-05
5e-05
5e-05
5e-05
5e-05
5e-05
5e-05
5e-05
5e-05
5e-05
5e-05
5e-05
5e-05
5e-05
5e-05
5e-05
5e-05
5e-05
5e-05
5e-05
5e-05
5e-05
5e-05
5e-05
5e-05
5e-05
5e-05
5e-05
5e-05
5e-05
5e-05
5e-05
5e-05
5e-05
5e-05
5e-05
5e-05
5e-05
5e-05
5e-05
5e-05
5e-05
5e-05
5e-05
5e-05
5e-05
5e-05
5e-05
5e-05
5e-05
5e-05
5e-05
5e-05
5e-05
5e-05
5e-05
5e-05
5e-05
5e-05
5e-05
5e-05
5e-05
5e-05
5e-05
5e-05
5e-05
5e-05
5e-05
5e-05
5e-05
5e-05
5e-05
5e-05
5e-05
5e-05
5e-05
5e-05
5e-05
5e-05
5e-05
5e-05
5e-05
5e-05
5e-05
5e-05
5e-05
5e-05
5e-05
5e-05
5e-05
5e-05
5e-05
5e-05
5e-05
5e-05
5e-05
5e-05
5e-05
5e-05
5e-05
5e-05
5e-05
5e-05
5e-05
5e-05
5e-05
5e-05
5e-05
5e-05
5e-05
5e-05
5e-05
5e-05
5e-05
5e-05
5e-05
5e-05
5e-05
5e-05
5e-05
5e-05
5e-05
5e-05
5e-05
5e-05
5e-05
5e-05
5e-05
5e-05
5e-05
5e-05
5e-05
5e-05
5e-05
5e-05
5e-05
5e-05
5e-05
5e-05
5e-05
5e-05
5e-05
5e-05
5e-05
5e-05
5e-05
5e-05
5e-05
5e-05
5e-05
5e-05
5e-05
5e-05
5e-05
5e-05
5e-05
5e-05
5e-05
5e-05
5e-05
5e-05
5e-05
5e-05
5e-05
5e-05
5e-05
5e-05
5e-05
5e-05
5e-05
5e-05
5e-05
5e-05
5e-05
5e-05
5e-05
5e-05
5e-05
5e-05
5e-05
5e-05
5e-05
5e-05
5e-05
5e-05
5e-05
5e-05
5e-05
5e-05
5e-05
5e-05
5e-05
5e-05
5e-05
5e-05
5e-05
5e-05
5e-05
5e-05
5e-05
5e-05
5e-05
5e-05
5e-05
5e-05
5e-05
5e-05
5e-05
5e-05
5e-05
5e-05
5e-05
5e-05
5e-05
5e-05
5e-05
5e-05
5e-05
5e-05
5e-05
5e-05
5e-05
5e-05
5e-05
5e-05
5e-05
5e-05
5e-05
5e-05
5e-05
5e-05
5e-05
5e-05
5e-05
5e-05
5e-05
5e-05
5e-05
5e-05
5e-05
5e-05
5e-05
5e-05
5e-05
5e-05
5e-05
5e-05
5e-05
5e-05
5e-05
5e-05
5e-05
5e-05
5e-05
5e-05
5e-05
5e-05
5e-05
5e-05
5e-05
5e-05
5e-05
5e-05
5e-05
5e-05
5e-05
5e-05
5e-05
5e-05
5e-05
5e-05
5e-05
5e-05
5e-05
5e-05
5e-05
5e-05
5e-05
5e-05
5e-05
5e-05
5e-05
5e-05
5e-05
5e-05
5e-05
5e-05
5e-05
5e-05
5e-05
5e-05
5e-05
5e-05
5e-05
5e-05
5e-05
5e-05
5e-05
5e-05
5e-05
5e-05
5e-05
5e-05
5e-05
5e-05
5e-05
5e-05
5e-05
5e-05
5e-05
5e-05
5e-05
5e-05
5e-05
5e-05
5e-05
5e-05
5e-05
5e-05
5e-05
5e-05
5e-05
5e-05
5e-05
5e-05
5e-05
5e-05
5e-05
5e-05
5e-05
5e-05
5e-05
5e-05
5e-05
5e-05
5e-05
5e-05
5e-05
5e-05
5e-05
5e-05
5e-05
5e-05
5e-05
5e-05
5e-05
5e-05
5e-05
5e-05
5e-05
5e-05
5e-05
5e-05
5e-05
5e-05
5e-05
5e-05
5e-05
5e-05
5e-05
5e-05
5e-05
5e-05
5e-05
5e-05
5e-05
5e-05
5e-05
5e-05
5e-05
5e-05
5e-05
5e-05
5e-05
5e-05
5e-05
5e-05
5e-05
5e-05
5e-05
5e-05
5e-05
5e-05
5e-05
5e-05
5e-05
5e-05
5e-05
5e-05
5e-05
5e-05
5e-05
5e-05
5e-05
5e-05
5e-05
5e-05
5e-05
5e-05
5e-05
5e-05
5e-05
5e-05
5e-05
5e-05
5e-05
5e-05
5e-05
5e-05
5e-05
5e-05
5e-05
5e-05
5e-05
5e-05
5e-05
5e-05
5e-05
5e-05
5e-05
5e-05
5e-05
5e-05
5e-05
5e-05
5e-05
5e-05
5e-05
5e-05
5e-05
5e-05
5e-05
5e-05
5e-05
5e-05
5e-05
5e-05
5e-05
5e-05
5e-05
5e-05
5e-05
5e-05
5e-05
5e-05
5e-05
5e-05
5e-05
5e-05
5e-05
5e-05
5e-05
5e-05
5e-05
5e-05
5e-05
5e-05
5e-05
5e-05
5e-05
5e-05
5e-05
5e-05
5e-05
5e-05
5e-05
5e-05
5e-05
5e-05
5e-05
5e-05
5e-05
5e-05
5e-05
5e-05
5e-05
5e-05
5e-05
5e-05
5e-05
5e-05
5e-05
5e-05
5e-05
5e-05
5e-05
5e-05
5e-05
5e-05
5e-05
5e-05
5e-05
5e-05
5e-05
5e-05
5e-05
5e-05
5e-05
5e-05
5e-05
5e-05
5e-05
5e-05
5e-05
5e-05
5e-05
5e-05
5e-05
5e-05
7.97664e-05
0.00010643
0.00013037
0.00015192
0.000171373
0.000188983
0.000204974
0.000219543
0.000232862
0.000245081
0.000256333
0.000266732
0.000276382
0.00028537
0.000293775
0.000301664
0.000309099
0.000316132
0.000322808
0.000329168
0.000335249
0.00034108
0.00034669
0.000352103
0.000357339
0.000362417
0.000367354
0.000372164
0.000376859
0.000381451
0.00038595
0.000390363
0.000394699
0.000398965
0.000403166
0.000407308
0.000411395
0.000415431
0.00041942
0.000423365
0.00042727
0.000431136
0.000434966
0.000438763
0.000442526
0.00044626
0.000449964
0.000453641
0.000457291
0.000460916
0.000464516
0.000468092
0.000471646
0.000475178
0.000478688
0.000482178
0.000485648
0.000489098
0.000492529
0.000495941
0.000499335
0.000502711
0.00050607
0.000509412
0.000512738
0.000516047
0.000519339
0.000522617
0.000525878
0.000529125
0.000532357
0.000535573
0.000538776
0.000541964
0.000545139
0.000548299
0.000551446
0.00055458
0.0005577
0.000560808
0.000534136
0.000510549
0.000489668
0.000471162
0.00045474
0.000440147
0.000427161
0.000415586
0.000405249
0.000396001
0.00038771
0.00038026
0.00037355
0.000367491
0.000362006
0.000357026
0.000352491
0.000348348
0.000344553
0.000341063
0.000337844
0.000334865
0.000332097
0.000329519
0.000327107
0.000324844
0.000322714
0.000320702
0.000318795
0.000316983
0.000315256
0.000313606
0.000312024
0.000310504
0.000309041
0.000307629
0.000306264
0.000304941
0.000303657
0.000302409
0.000301194
0.000300009
0.000298853
0.000297723
0.000296618
0.000295536
0.000294476
0.000293436
0.000292415
0.000291413
0.000290427
0.000289459
0.000288506
0.000287568
0.000286645
0.000285735
0.000284839
0.000283956
0.000283085
0.000282226
0.000281378
0.000280542
0.000279717
0.000278903
0.000278099
0.000277305
0.00027652
0.000275746
0.00027498
0.000274224
0.000273477
0.000272738
0.000272008
0.000271286
0.000270572
0.000269866
0.000269168
0.000268477
0.000267794
0.000267119
0.00026645
0.000265788
0.000265134
0.000264486
0.000263844
0.000263209
0.000262581
0.000261959
0.000261343
0.000260732
0.000260128
0.00025953
0.000258937
0.00025835
0.000257768
0.000257192
0.000256621
0.000256055
0.000255494
0.000254938
0.000254387
0.000253841
0.0002533
0.000252763
0.000252231
0.000251703
0.00025118
0.000250661
0.000250146
0.000249636
0.000249129
0.000248627
0.000248128
0.000247634
0.000247143
0.000246656
0.000246173
0.000245693
0.000245217
0.000244744
0.000244275
0.00024381
0.000243347
0.000242888
0.000242432
0.00024198
0.00024153
0.000241084
0.00024064
0.0002402
0.000239762
0.000239327
0.000238895
0.000238466
0.00023804
0.000237616
0.000237195
0.000236777
0.000236361
0.000235948
0.000235537
0.000235128
0.000234722
0.000234319
0.000233917
0.000233518
0.000233122
0.000232727
0.000232335
0.000231944
0.000231556
0.00023117
0.000230786
0.000230405
0.000230025
0.000229647
0.000229271
0.000228897
0.000228525
0.000228154
0.000227786
0.000227419
0.000227054
0.000226691
0.000226329
0.00022597
0.000225612
0.000225255
0.0002249
0.000224547
0.000224196
0.000223846
0.000223497
0.00022315
0.000222805
0.000222461
0.000222118
0.000221777
0.000221437
0.000221099
0.000220762
0.000220427
0.000220093
0.00021976
0.000219428
0.000219098
0.000218769
0.000218441
0.000218115
0.00021779
0.000217466
0.000217143
0.000216821
0.000216501
0.000216182
0.000215864
0.000215547
0.000215231
0.000214916
0.000214602
0.00021429
0.000213978
0.000213668
0.000213358
0.00021305
0.000212743
0.000212436
0.000212131
0.000211827
0.000211523
0.000211221
0.000210919
0.000210619
0.000210319
0.00021002
0.000209723
0.000209426
0.00020913
0.000208835
0.000208541
0.000208247
0.000207955
0.000207663
0.000207373
0.000207083
0.000206794
0.000206505
0.000206218
0.000205931
0.000205646
0.000205361
0.000205076
0.000204793
0.00020451
0.000204228
0.000203947
0.000203667
0.000203387
0.000203108
0.00020283
0.000202552
0.000202275
0.000201999
0.000201724
0.000201449
0.000201175
0.000200902
0.00020063
0.000200358
0.000200086
0.000199816
0.000199546
0.000199277
0.000199008
0.00019874
0.000198473
0.000198206
0.00019794
0.000197675
0.00019741
0.000197146
0.000196883
0.00019662
0.000196357
0.000196096
0.000195835
0.000195574
0.000195314
0.000195055
0.000194796
0.000194538
0.000194281
0.000194024
0.000193767
0.000193511
0.000193256
0.000193001
0.000192747
0.000192494
0.000192241
0.000191988
0.000191736
0.000191485
0.000191234
0.000190984
0.000190734
0.000190485
0.000190236
0.000189988
0.00018974
0.000189493
0.000189246
0.000189
0.000188754
0.000188509
0.000188265
0.000188021
0.000187777
0.000187534
0.000187291
0.000187049
0.000186808
0.000186566
0.000186326
0.000186086
0.000185846
0.000185607
0.000185368
0.00018513
0.000184892
0.000184655
0.000184418
0.000184182
0.000183946
0.00018371
0.000183475
0.000183241
0.000183007
0.000182773
0.00018254
0.000182308
0.000182075
0.000181844
0.000181612
0.000181382
0.000181151
0.000180921
0.000180692
0.000180463
0.000180234
0.000180006
0.000179778
0.000179551
0.000179324
0.000179097
0.000178871
0.000178646
0.00017842
0.000178196
0.000177971
0.000177747
0.000177524
0.000177301
0.000177078
0.000176856
0.000176634
0.000176413
0.000176192
0.000175971
0.000175751
0.000175531
0.000175312
0.000175093
0.000174874
0.000174656
0.000174438
0.000174221
0.000174004
0.000173788
0.000173571
0.000173356
0.00017314
0.000172925
0.000172711
0.000172497
0.000172283
0.000172069
0.000171857
0.000171644
0.000171432
0.00017122
0.000171008
0.000170797
0.000170587
0.000170376
0.000170167
0.000169957
0.000169748
0.000169539
0.000169331
0.000169123
0.000168915
0.000168708
0.000168501
0.000168294
0.000168088
0.000167882
0.000167677
0.000167472
0.000167267
0.000167063
0.000166859
0.000166656
0.000166452
0.000166249
0.000166047
0.000165845
0.000165643
0.000165442
0.000165241
0.00016504
0.00016484
0.00016464
0.00016444
0.000164241
0.000164042
0.000163844
0.000163645
0.000163448
0.00016325
0.000163053
0.000162856
0.00016266
0.000162464
0.000162268
0.000162073
0.000161877
0.000161683
0.000161488
0.000161294
0.000161101
0.000160907
0.000160715
0.000160522
0.00016033
0.000160138
0.000159946
0.000159755
0.000159564
0.000159373
0.000159183
0.000158993
0.000158803
0.000158614
0.000158425
0.000158237
0.000158048
0.00015786
0.000157673
0.000157486
0.000157299
0.000157112
0.000156926
0.00015674
0.000156554
0.000156369
0.000156184
0.000155999
0.000155815
0.000155631
0.000155447
0.000155264
0.000155081
0.000154898
0.000154716
0.000154534
0.000154352
0.000154171
0.000153989
0.000153809
0.000153628
0.000153448
0.000153268
0.000153089
0.000152909
0.00015273
0.000152552
0.000152374
0.000152196
0.000152018
0.000151841
0.000151664
0.000151487
0.00015131
0.000151134
0.000150959
0.000150783
0.000150608
0.000150433
0.000150258
0.000150084
0.00014991
0.000149736
0.000149563
0.00014939
0.000149217
0.000149045
0.000148873
0.000148701
0.000148529
0.000148358
0.000148187
0.000148016
0.000147846
0.000147676
0.000147506
0.000147337
0.000147168
0.000146999
0.00014683
0.000146662
0.000146494
0.000146326
0.000146159
0.000145992
0.000145825
0.000145658
0.000145492
0.000145326
0.00014516
0.000144995
0.00014483
0.000144665
0.000144501
0.000144336
0.000144173
0.000144009
0.000143845
0.000143682
0.00014352
0.000143357
0.000143195
0.000143033
0.000142871
0.00014271
0.000142549
0.000142388
0.000142227
0.000142067
0.000141907
0.000141747
0.000141588
0.000141429
0.00014127
0.000141111
0.000140953
0.000140795
0.000140637
0.00014048
0.000140322
0.000140165
0.000140009
0.000139852
0.000139696
0.00013954
0.000139385
0.000139229
0.000139074
0.00013892
0.000138765
0.000138611
0.000138457
0.000138303
0.00013815
0.000137997
0.000137844
0.000137691
0.000137539
0.000137387
0.000137235
0.000137083
0.000136932
0.000136781
0.00013663
0.000136479
0.000136329
0.000136179
0.000136029
0.00013588
0.000135731
0.000135582
0.000135433
0.000135285
0.000135136
0.000134988
0.000134841
0.000134693
0.000134546
0.000134399
0.000134253
0.000134106
0.00013396
0.000133814
0.000133668
0.000133523
0.000133378
0.000133233
0.000133088
0.000132944
0.0001328
0.000132656
0.000132512
0.000132369
0.000132226
0.000132083
0.00013194
0.000131798
0.000131656
0.000131514
0.000131372
0.000131231
0.00013109
0.000130949
0.000130808
0.000130668
0.000130528
0.000130388
0.000130248
0.000130109
0.000129969
0.00012983
0.000129692
0.000129553
0.000129415
0.000129277
0.000129139
0.000129002
0.000128864
0.000128727
0.000128591
0.000128454
0.000128318
0.000128182
0.000128046
0.00012791
0.000127775
0.00012764
0.000127505
0.00012737
0.000127236
0.000127101
0.000126967
0.000126834
0.0001267
0.000126567
0.000126434
0.000126301
0.000126168
0.000126036
0.000125904
0.000125772
0.00012564
0.000125509
0.000125378
0.000125247
0.000125116
0.000124986
0.000124855
0.000124725
0.000124595
0.000124466
0.000124336
0.000124207
0.000124078
0.000123949
0.000123821
0.000123693
0.000123565
0.000123437
0.000123309
0.000123182
0.000123055
0.000122928
0.000122801
0.000122674
0.000122548
0.000122422
0.000122296
0.000122171
0.000122045
0.00012192
0.000121795
0.00012167
0.000121546
0.000121421
0.000121297
0.000121173
0.00012105
0.000120926
0.000120803
0.00012068
0.000120557
0.000120434
0.000120312
0.00012019
0.000120068
0.000119946
0.000119825
0.000119703
0.000119582
0.000119461
0.00011934
0.00011922
0.0001191
0.00011898
0.00011886
0.00011874
0.000118621
0.000118501
0.000118382
0.000118264
0.000118145
0.000118026
0.000117908
0.00011779
0.000117672
0.000117555
0.000117437
0.00011732
0.000117203
0.000117086
0.00011697
0.000116854
0.000116737
0.000116621
0.000116506
0.00011639
0.000116275
0.000116159
0.000116044
0.00011593
0.000115815
0.000115701
0.000115587
0.000115473
0.000115359
0.000115245
0.000115132
0.000115019
0.000114906
0.000114793
0.00011468
0.000114568
0.000114456
0.000114344
0.000114232
0.00011412
0.000114009
0.000113898
0.000113786
0.000113676
0.000113565
0.000113455
0.000113344
0.000113234
0.000113124
0.000113015
0.000112905
0.000112796
0.000112687
0.000112578
0.000112469
0.00011236
0.000112252
0.000112144
0.000112036
0.000111928
0.00011182
0.000111713
0.000111606
0.000111499
0.000111392
0.000111285
0.000111179
0.000111072
0.000110966
0.00011086
0.000110754
0.000110649
0.000110543
0.000110438
0.000110333
0.000110228
0.000110124
0.000110019
0.000109915
0.000109811
0.000109707
0.000109603
0.000109499
0.000109396
0.000109293
0.00010919
0.000109087
0.000108984
0.000108882
0.000108779
0.000108677
0.000108575
0.000108473
0.000108372
0.00010827
0.000108169
0.000108068
0.000107967
0.000107866
0.000107766
0.000107665
0.000107565
0.000107465
0.000107365
0.000107265
0.000107166
0.000107067
0.000106967
0.000106868
0.00010677
0.000106671
0.000106572
0.000106474
0.000106376
0.000106278
0.00010618
0.000106082
0.000105985
0.000105888
0.000105791
0.000105694
0.000105597
0.0001055
0.000105404
0.000105307
0.000105211
0.000105115
0.00010502
0.000104924
0.000104828
0.000104733
0.000104638
0.000104543
0.000104448
0.000104354
0.000104259
0.000104165
0.000104071
0.000103977
0.000103883
0.000103789
0.000103696
0.000103602
0.000103509
0.000103416
0.000103323
0.000103231
0.000103138
0.000103046
0.000102954
0.000102862
0.00010277
0.000102678
0.000102587
0.000102495
0.000102404
0.000102313
0.000102222
0.000102131
0.00010204
0.00010195
0.00010186
0.00010177
0.00010168
0.00010159
0.0001015
0.000101411
0.000101321
0.000101232
0.000101143
0.000101054
0.000100965
0.000100877
0.000100788
0.0001007
0.000100612
0.000100524
0.000100436
0.000100349
0.000100261
0.000100174
0.000100086
9.99994e-05
9.99125e-05
9.98257e-05
9.97391e-05
9.96527e-05
9.95664e-05
9.94802e-05
9.93942e-05
9.93084e-05
9.92227e-05
9.91371e-05
9.90517e-05
9.89665e-05
9.88813e-05
9.87964e-05
9.87116e-05
9.86269e-05
9.85424e-05
9.8458e-05
9.83738e-05
9.82897e-05
9.82058e-05
9.8122e-05
9.80383e-05
9.79548e-05
9.78715e-05
9.77883e-05
9.77052e-05
9.76223e-05
9.75395e-05
9.74569e-05
9.73744e-05
9.72921e-05
9.72098e-05
9.71278e-05
9.70459e-05
9.69641e-05
9.68825e-05
9.6801e-05
9.67196e-05
9.66384e-05
9.65574e-05
9.64764e-05
9.63956e-05
9.6315e-05
9.62345e-05
9.61541e-05
9.60739e-05
9.59938e-05
9.59139e-05
9.58341e-05
9.57544e-05
9.56749e-05
9.55955e-05
9.55162e-05
9.54371e-05
9.53581e-05
9.52793e-05
9.52006e-05
9.5122e-05
9.50436e-05
9.49653e-05
9.48871e-05
9.48091e-05
9.47312e-05
9.46535e-05
9.45759e-05
9.44984e-05
9.4421e-05
9.43438e-05
9.42667e-05
9.41898e-05
9.4113e-05
9.40363e-05
9.39597e-05
9.38833e-05
9.38071e-05
9.37309e-05
9.36549e-05
9.3579e-05
9.35033e-05
9.34276e-05
9.33522e-05
9.32768e-05
9.32016e-05
9.31265e-05
9.30515e-05
9.29767e-05
9.2902e-05
9.28274e-05
9.2753e-05
9.26786e-05
9.26045e-05
9.25304e-05
9.24565e-05
9.23827e-05
9.2309e-05
9.22355e-05
9.2162e-05
9.20888e-05
9.20156e-05
9.19426e-05
9.18696e-05
9.17969e-05
9.17242e-05
9.16517e-05
9.15793e-05
9.1507e-05
9.14349e-05
9.13628e-05
9.12909e-05
9.12192e-05
9.11475e-05
9.1076e-05
9.10046e-05
9.09333e-05
9.08621e-05
9.07911e-05
9.07202e-05
9.06494e-05
9.05788e-05
9.05082e-05
9.04378e-05
9.03675e-05
9.02973e-05
9.02273e-05
9.01574e-05
9.00876e-05
9.00179e-05
8.99483e-05
8.98789e-05
8.98096e-05
8.97404e-05
8.96713e-05
8.96023e-05
8.95335e-05
8.94647e-05
8.93961e-05
8.93277e-05
8.92593e-05
8.91911e-05
8.91229e-05
8.90549e-05
8.8987e-05
8.89193e-05
8.88516e-05
8.87841e-05
8.87166e-05
8.86493e-05
8.85822e-05
8.85151e-05
8.84481e-05
8.83813e-05
8.83146e-05
8.8248e-05
8.81815e-05
8.81151e-05
8.80489e-05
8.79827e-05
8.79167e-05
8.78508e-05
8.7785e-05
8.77193e-05
8.76537e-05
8.75883e-05
8.75229e-05
8.74577e-05
8.73926e-05
8.73276e-05
8.72627e-05
8.71979e-05
8.71333e-05
8.70687e-05
8.70043e-05
8.69399e-05
8.68757e-05
8.68116e-05
8.67476e-05
8.66838e-05
8.662e-05
8.65563e-05
8.64928e-05
8.64293e-05
8.6366e-05
8.63028e-05
8.62397e-05
8.61767e-05
8.61138e-05
8.6051e-05
8.59884e-05
8.59258e-05
8.58633e-05
8.5801e-05
8.57388e-05
8.56766e-05
8.56146e-05
8.55527e-05
8.54909e-05
8.54292e-05
8.53676e-05
8.53061e-05
8.52447e-05
8.51835e-05
8.51223e-05
8.50613e-05
8.50003e-05
8.49395e-05
8.48787e-05
8.48181e-05
8.47576e-05
8.46971e-05
8.46368e-05
8.45766e-05
8.45165e-05
8.44565e-05
8.43966e-05
8.43368e-05
8.42771e-05
8.42175e-05
8.4158e-05
8.40987e-05
8.40394e-05
8.39802e-05
8.39211e-05
8.38622e-05
8.38033e-05
8.37445e-05
8.36859e-05
8.36273e-05
8.35689e-05
8.35105e-05
8.34522e-05
8.33941e-05
8.3336e-05
8.32781e-05
8.32202e-05
8.31625e-05
8.31048e-05
8.30473e-05
8.29898e-05
8.29325e-05
8.28752e-05
8.28181e-05
8.2761e-05
8.27041e-05
8.26472e-05
8.25905e-05
8.25338e-05
8.24772e-05
8.24208e-05
8.23644e-05
8.23082e-05
8.2252e-05
8.21959e-05
8.214e-05
8.20841e-05
8.20283e-05
8.19726e-05
8.1917e-05
8.18616e-05
8.18062e-05
8.17509e-05
8.16957e-05
8.16406e-05
8.15856e-05
8.15307e-05
8.14758e-05
8.14211e-05
8.13665e-05
8.1312e-05
8.12575e-05
8.12032e-05
8.11489e-05
8.10948e-05
8.10407e-05
8.09868e-05
8.09329e-05
8.08791e-05
8.08254e-05
8.07719e-05
8.07184e-05
8.0665e-05
8.06116e-05
8.05584e-05
8.05053e-05
8.04523e-05
8.03993e-05
8.03465e-05
8.02937e-05
8.02411e-05
8.01885e-05
8.0136e-05
8.00836e-05
8.00313e-05
7.99791e-05
7.9927e-05
7.9875e-05
7.9823e-05
7.97712e-05
7.97194e-05
7.96677e-05
7.96162e-05
7.95647e-05
7.95133e-05
7.9462e-05
7.94108e-05
7.93596e-05
7.93086e-05
7.92576e-05
7.92068e-05
7.9156e-05
7.91053e-05
7.90547e-05
7.90042e-05
7.89538e-05
7.89034e-05
7.88532e-05
7.8803e-05
7.87529e-05
7.8703e-05
7.86531e-05
7.86032e-05
7.85535e-05
7.85039e-05
7.84543e-05
7.84048e-05
7.83555e-05
7.83062e-05
7.8257e-05
7.82078e-05
7.81588e-05
7.81098e-05
7.8061e-05
7.80122e-05
7.79635e-05
7.79149e-05
7.78663e-05
7.78179e-05
7.77695e-05
7.77212e-05
7.76731e-05
7.76249e-05
7.75769e-05
7.7529e-05
7.74811e-05
7.74333e-05
7.73856e-05
7.7338e-05
7.72905e-05
7.72431e-05
7.71957e-05
7.71484e-05
7.71012e-05
7.70541e-05
7.70071e-05
7.69601e-05
7.69132e-05
7.68664e-05
7.68197e-05
7.67731e-05
7.67266e-05
7.66801e-05
7.66337e-05
7.65874e-05
7.65412e-05
7.6495e-05
7.6449e-05
7.6403e-05
7.63571e-05
7.63113e-05
7.62655e-05
7.62199e-05
7.61743e-05
7.61288e-05
7.60833e-05
7.6038e-05
7.59927e-05
7.59475e-05
7.59024e-05
7.58574e-05
7.58124e-05
7.57676e-05
7.57228e-05
7.5678e-05
7.56334e-05
7.55888e-05
7.55443e-05
7.54999e-05
7.54556e-05
7.54113e-05
7.53672e-05
7.53231e-05
7.5279e-05
7.52351e-05
7.51912e-05
7.51474e-05
7.51037e-05
7.506e-05
7.50165e-05
7.4973e-05
7.49296e-05
7.48862e-05
7.4843e-05
7.47998e-05
7.47566e-05
7.47136e-05
7.46706e-05
7.46277e-05
7.45849e-05
7.45422e-05
7.44995e-05
7.44569e-05
7.44144e-05
7.4372e-05
7.43296e-05
7.42873e-05
7.42451e-05
7.42029e-05
7.41608e-05
7.41188e-05
7.40769e-05
7.4035e-05
7.39932e-05
7.39515e-05
7.39099e-05
7.38683e-05
7.38268e-05
7.37854e-05
7.3744e-05
7.37028e-05
7.36615e-05
7.36204e-05
7.35793e-05
7.35383e-05
7.34974e-05
7.34566e-05
7.34158e-05
7.33751e-05
7.33344e-05
7.32939e-05
7.32534e-05
7.32129e-05
7.31726e-05
7.31323e-05
7.30921e-05
7.30519e-05
7.30118e-05
7.29718e-05
7.29319e-05
7.2892e-05
7.28522e-05
7.28125e-05
7.27728e-05
7.27332e-05
7.26937e-05
7.26543e-05
7.26149e-05
7.25755e-05
7.25363e-05
7.24971e-05
7.2458e-05
7.2419e-05
7.238e-05
7.23411e-05
7.23022e-05
7.22634e-05
7.22247e-05
7.21861e-05
7.21475e-05
7.2109e-05
7.20706e-05
7.20322e-05
7.19939e-05
7.19557e-05
7.19175e-05
7.18794e-05
7.18413e-05
7.18034e-05
7.17655e-05
7.17276e-05
7.16898e-05
7.16521e-05
7.16145e-05
7.15769e-05
7.15394e-05
7.15019e-05
7.14645e-05
7.14272e-05
7.139e-05
7.13528e-05
7.13157e-05
7.12786e-05
7.12416e-05
7.12047e-05
7.11678e-05
7.1131e-05
7.10943e-05
7.10576e-05
7.1021e-05
7.09844e-05
7.09479e-05
7.09115e-05
7.08752e-05
7.08389e-05
7.08026e-05
7.07665e-05
7.07304e-05
7.06943e-05
7.06583e-05
7.06224e-05
7.05866e-05
7.05508e-05
7.0515e-05
7.04794e-05
7.04438e-05
7.04082e-05
7.03727e-05
7.03373e-05
7.03019e-05
7.02667e-05
7.02314e-05
7.01962e-05
7.01611e-05
7.01261e-05
7.00911e-05
7.00561e-05
7.00213e-05
6.99865e-05
6.99517e-05
6.9917e-05
6.98824e-05
6.98478e-05
6.98133e-05
6.97789e-05
6.97445e-05
6.97101e-05
6.96759e-05
6.96417e-05
6.96075e-05
6.95734e-05
6.95394e-05
6.95054e-05
6.94715e-05
6.94376e-05
6.94039e-05
6.93701e-05
6.93364e-05
6.93028e-05
6.92693e-05
6.92358e-05
6.92023e-05
6.91689e-05
6.91356e-05
6.91023e-05
6.90691e-05
6.9036e-05
6.90029e-05
6.89698e-05
6.89368e-05
6.89039e-05
6.8871e-05
6.88382e-05
6.88055e-05
6.87728e-05
6.87401e-05
6.87075e-05
6.8675e-05
6.86426e-05
6.86101e-05
6.85778e-05
6.85455e-05
6.85132e-05
6.8481e-05
6.84489e-05
6.84168e-05
6.83848e-05
6.83528e-05
6.83209e-05
6.82891e-05
6.82573e-05
6.82255e-05
6.81938e-05
6.81622e-05
6.81306e-05
6.80991e-05
6.80676e-05
6.80362e-05
6.80049e-05
6.79736e-05
6.79423e-05
6.79111e-05
6.788e-05
6.78489e-05
6.78178e-05
6.77869e-05
6.77559e-05
6.77251e-05
6.76943e-05
6.76635e-05
6.76328e-05
6.76021e-05
6.75715e-05
6.7541e-05
6.75105e-05
6.748e-05
6.74496e-05
6.74193e-05
6.7389e-05
6.73588e-05
6.73286e-05
6.72984e-05
6.72684e-05
6.72383e-05
6.72084e-05
6.71784e-05
6.71486e-05
6.71188e-05
6.7089e-05
6.70593e-05
6.70296e-05
6.7e-05
6.69705e-05
6.69409e-05
6.69115e-05
6.68821e-05
6.68527e-05
6.68234e-05
6.67942e-05
6.6765e-05
6.67358e-05
6.67067e-05
6.66777e-05
6.66487e-05
6.66197e-05
6.65908e-05
6.6562e-05
6.65332e-05
6.65044e-05
6.64757e-05
6.64471e-05
6.64185e-05
6.639e-05
6.63615e-05
6.6333e-05
6.63046e-05
6.62763e-05
6.6248e-05
6.62197e-05
6.61915e-05
6.61634e-05
6.61352e-05
6.61072e-05
6.60792e-05
6.60512e-05
6.60233e-05
6.59955e-05
6.59676e-05
6.59399e-05
6.59122e-05
6.58845e-05
6.58569e-05
6.58293e-05
6.58018e-05
6.57743e-05
6.57469e-05
6.57195e-05
6.56922e-05
6.56649e-05
6.56376e-05
6.56105e-05
6.55833e-05
6.55562e-05
6.55292e-05
6.55022e-05
6.54752e-05
6.54483e-05
6.54214e-05
6.53946e-05
6.53679e-05
6.53411e-05
6.53145e-05
6.52878e-05
6.52613e-05
6.52347e-05
6.52082e-05
6.51818e-05
6.51554e-05
6.5129e-05
6.51027e-05
6.50765e-05
6.50503e-05
6.50241e-05
6.4998e-05
6.49719e-05
6.49459e-05
6.49199e-05
6.48939e-05
6.4868e-05
6.48422e-05
6.48164e-05
6.47906e-05
6.47649e-05
6.47392e-05
6.47136e-05
6.4688e-05
6.46625e-05
6.4637e-05
6.46115e-05
6.45861e-05
6.45607e-05
6.45354e-05
6.45102e-05
6.44849e-05
6.44597e-05
6.44346e-05
6.44095e-05
6.43844e-05
6.43594e-05
6.43345e-05
6.43095e-05
6.42847e-05
6.42598e-05
6.4235e-05
6.42103e-05
6.41856e-05
6.41609e-05
6.41363e-05
6.41117e-05
6.40872e-05
6.40627e-05
6.40382e-05
6.40138e-05
6.39894e-05
6.39651e-05
6.39408e-05
6.39166e-05
6.38924e-05
6.38682e-05
6.38441e-05
6.382e-05
6.3796e-05
6.3772e-05
6.37481e-05
6.37242e-05
6.37003e-05
6.36765e-05
6.36527e-05
6.3629e-05
6.36053e-05
6.35816e-05
6.3558e-05
6.35344e-05
6.35109e-05
6.34874e-05
6.34639e-05
6.34405e-05
6.34172e-05
6.33938e-05
6.33705e-05
6.33473e-05
6.33241e-05
6.33009e-05
6.32778e-05
6.32547e-05
6.32317e-05
6.32086e-05
6.31857e-05
6.31628e-05
6.31399e-05
6.3117e-05
6.30942e-05
6.30714e-05
6.30487e-05
6.3026e-05
6.30034e-05
6.29808e-05
6.29582e-05
6.29357e-05
6.29132e-05
6.28907e-05
6.28683e-05
6.28459e-05
6.28236e-05
6.28013e-05
6.2779e-05
6.27568e-05
6.27346e-05
6.27125e-05
6.26904e-05
6.26683e-05
6.26463e-05
6.26243e-05
6.26023e-05
6.25804e-05
6.25586e-05
6.25367e-05
6.25149e-05
6.24932e-05
6.24714e-05
6.24497e-05
6.24281e-05
6.24065e-05
6.23849e-05
6.23634e-05
6.23419e-05
6.23204e-05
6.2299e-05
6.22776e-05
6.22563e-05
6.2235e-05
6.22137e-05
6.21924e-05
6.21712e-05
6.21501e-05
6.21289e-05
6.21079e-05
6.20868e-05
6.20658e-05
6.20448e-05
6.20239e-05
6.2003e-05
6.19821e-05
6.19613e-05
6.19405e-05
6.19197e-05
6.1899e-05
6.18783e-05
6.18576e-05
6.1837e-05
6.18164e-05
6.17959e-05
6.17754e-05
6.17549e-05
6.17344e-05
6.1714e-05
6.16937e-05
6.16733e-05
6.1653e-05
6.16328e-05
6.16125e-05
6.15924e-05
6.15722e-05
6.15521e-05
6.1532e-05
6.15119e-05
6.14919e-05
6.14719e-05
6.1452e-05
6.14321e-05
6.14122e-05
6.13924e-05
6.13725e-05
6.13528e-05
6.1333e-05
6.13133e-05
6.12936e-05
6.1274e-05
6.12544e-05
6.12348e-05
6.12153e-05
6.11958e-05
6.11763e-05
6.11569e-05
6.11375e-05
6.11181e-05
6.10988e-05
6.10795e-05
6.10602e-05
6.1041e-05
6.10218e-05
6.10026e-05
6.09835e-05
6.09644e-05
6.09453e-05
6.09263e-05
6.09073e-05
6.08883e-05
6.08694e-05
6.08505e-05
6.08316e-05
6.08128e-05
6.0794e-05
6.07752e-05
6.07565e-05
6.07378e-05
6.07191e-05
6.07005e-05
6.06819e-05
6.06633e-05
6.06448e-05
6.06263e-05
6.06078e-05
6.05893e-05
6.05709e-05
6.05525e-05
6.05342e-05
6.05159e-05
6.04976e-05
6.04793e-05
6.04611e-05
6.04429e-05
6.04248e-05
6.04066e-05
6.03885e-05
6.03705e-05
6.03524e-05
6.03344e-05
6.03165e-05
6.02985e-05
6.02806e-05
6.02627e-05
6.02449e-05
6.02271e-05
6.02093e-05
6.01915e-05
6.01738e-05
6.01561e-05
6.01385e-05
6.01208e-05
6.01032e-05
6.00857e-05
6.00681e-05
6.00506e-05
6.00332e-05
6.00157e-05
5.99983e-05
5.99809e-05
5.99635e-05
5.99462e-05
5.99289e-05
5.99117e-05
5.98944e-05
5.98772e-05
5.986e-05
5.98429e-05
5.98258e-05
5.98087e-05
5.97916e-05
5.97746e-05
5.97576e-05
5.97407e-05
5.97237e-05
5.97068e-05
5.96899e-05
5.96731e-05
5.96563e-05
5.96395e-05
5.96227e-05
5.9606e-05
5.95893e-05
5.95726e-05
5.95559e-05
5.95393e-05
5.95227e-05
5.95062e-05
5.94897e-05
5.94732e-05
5.94567e-05
5.94402e-05
5.94238e-05
5.94074e-05
5.93911e-05
5.93747e-05
5.93584e-05
5.93422e-05
5.93259e-05
5.93097e-05
5.92935e-05
5.92774e-05
5.92612e-05
5.92451e-05
5.9229e-05
5.9213e-05
5.9197e-05
5.9181e-05
5.9165e-05
5.91491e-05
5.91332e-05
5.91173e-05
5.91014e-05
5.90856e-05
5.90698e-05
5.9054e-05
5.90383e-05
5.90226e-05
5.90069e-05
5.89912e-05
5.89756e-05
5.896e-05
5.89444e-05
5.89289e-05
5.89133e-05
5.88978e-05
5.88824e-05
5.88669e-05
5.88515e-05
5.88361e-05
5.88207e-05
5.88054e-05
5.87901e-05
5.87748e-05
5.87595e-05
5.87443e-05
5.87291e-05
5.87139e-05
5.86988e-05
5.86836e-05
5.86685e-05
5.86535e-05
5.86384e-05
5.86234e-05
5.86084e-05
5.85934e-05
5.85785e-05
5.85636e-05
5.85487e-05
5.85338e-05
5.8519e-05
5.85042e-05
5.84894e-05
5.84746e-05
5.84599e-05
5.84452e-05
5.84305e-05
5.84158e-05
5.84012e-05
5.83866e-05
5.8372e-05
5.83574e-05
5.83429e-05
5.83284e-05
5.83139e-05
5.82995e-05
5.8285e-05
5.82706e-05
5.82562e-05
5.82419e-05
5.82276e-05
5.82132e-05
5.8199e-05
5.81847e-05
5.81705e-05
5.81563e-05
5.81421e-05
5.81279e-05
5.81138e-05
5.80997e-05
5.80856e-05
5.80715e-05
5.80575e-05
5.80435e-05
5.80295e-05
5.80155e-05
5.80016e-05
5.79877e-05
5.79738e-05
5.79599e-05
5.79461e-05
5.79323e-05
5.79185e-05
5.79047e-05
5.7891e-05
5.78772e-05
5.78635e-05
5.78499e-05
5.78362e-05
5.78226e-05
5.7809e-05
5.77954e-05
5.77819e-05
5.77683e-05
5.77548e-05
5.77413e-05
5.77279e-05
5.77144e-05
5.7701e-05
5.76876e-05
5.76743e-05
5.76609e-05
5.76476e-05
5.76343e-05
5.7621e-05
5.76078e-05
5.75945e-05
5.75813e-05
5.75681e-05
5.7555e-05
5.75418e-05
5.75287e-05
5.75156e-05
5.75026e-05
5.74895e-05
5.74765e-05
5.74635e-05
5.74505e-05
5.74376e-05
5.74246e-05
5.74117e-05
5.73988e-05
5.7386e-05
5.73731e-05
5.73603e-05
5.73475e-05
5.73347e-05
5.7322e-05
5.73092e-05
5.72965e-05
5.72838e-05
5.72712e-05
5.72585e-05
5.72459e-05
5.72333e-05
5.72207e-05
5.72082e-05
5.71956e-05
5.71831e-05
5.71706e-05
5.71582e-05
5.71457e-05
5.71333e-05
5.71209e-05
5.71085e-05
5.70961e-05
5.70838e-05
5.70715e-05
5.70592e-05
5.70469e-05
5.70347e-05
5.70224e-05
5.70102e-05
5.6998e-05
5.69859e-05
5.69737e-05
5.69616e-05
5.69495e-05
5.69374e-05
5.69253e-05
5.69133e-05
5.69013e-05
5.68893e-05
5.68773e-05
5.68653e-05
5.68534e-05
5.68415e-05
5.68296e-05
5.68177e-05
5.68058e-05
5.6794e-05
5.67822e-05
5.67704e-05
5.67586e-05
5.67469e-05
5.67351e-05
5.67234e-05
5.67117e-05
5.67001e-05
5.66884e-05
5.66768e-05
5.66652e-05
5.66536e-05
5.6642e-05
5.66305e-05
5.66189e-05
5.66074e-05
5.65959e-05
5.65845e-05
5.6573e-05
5.65616e-05
5.65502e-05
5.65388e-05
5.65274e-05
5.65161e-05
5.65047e-05
5.64934e-05
5.64821e-05
5.64709e-05
5.64596e-05
5.64484e-05
5.64372e-05
5.6426e-05
5.64148e-05
5.64036e-05
5.63925e-05
5.63814e-05
5.63703e-05
5.63592e-05
5.63481e-05
5.63371e-05
5.63261e-05
5.63151e-05
5.63041e-05
5.62931e-05
5.62822e-05
5.62713e-05
5.62604e-05
5.62495e-05
5.62386e-05
5.62278e-05
5.62169e-05
5.62061e-05
5.61953e-05
5.61846e-05
5.61738e-05
5.61631e-05
5.61524e-05
5.61417e-05
5.6131e-05
5.61203e-05
5.61097e-05
5.6099e-05
5.60884e-05
5.60779e-05
5.60673e-05
5.60567e-05
5.60462e-05
5.60357e-05
5.60252e-05
5.60147e-05
5.60043e-05
5.59938e-05
5.59834e-05
5.5973e-05
5.59626e-05
5.59522e-05
5.59419e-05
5.59315e-05
5.59212e-05
5.59109e-05
5.59007e-05
5.58904e-05
5.58802e-05
5.58699e-05
5.58597e-05
5.58495e-05
5.58394e-05
5.58292e-05
5.58191e-05
5.58089e-05
5.57988e-05
5.57888e-05
5.57787e-05
5.57686e-05
5.57586e-05
5.57486e-05
5.57386e-05
5.57286e-05
5.57187e-05
5.57087e-05
5.56988e-05
5.56889e-05
5.5679e-05
5.56691e-05
5.56593e-05
5.56494e-05
5.56396e-05
5.56298e-05
5.562e-05
5.56102e-05
5.56005e-05
5.55907e-05
5.5581e-05
5.55713e-05
5.55616e-05
5.55519e-05
5.55423e-05
5.55326e-05
5.5523e-05
5.55134e-05
5.55038e-05
5.54943e-05
5.54847e-05
5.54752e-05
5.54656e-05
5.54561e-05
5.54467e-05
5.54372e-05
5.54277e-05
5.54183e-05
5.54089e-05
5.53995e-05
5.53901e-05
5.53807e-05
5.53713e-05
5.5362e-05
5.53527e-05
5.53434e-05
5.53341e-05
5.53248e-05
5.53155e-05
5.53063e-05
5.52971e-05
5.52879e-05
5.52787e-05
5.52695e-05
5.52603e-05
5.52512e-05
5.5242e-05
5.52329e-05
5.52238e-05
5.52147e-05
5.52057e-05
5.51966e-05
5.51876e-05
5.51786e-05
5.51696e-05
5.51606e-05
5.51516e-05
5.51426e-05
5.51337e-05
5.51248e-05
5.51159e-05
5.5107e-05
5.50981e-05
5.50892e-05
5.50804e-05
5.50715e-05
5.50627e-05
5.50539e-05
5.50451e-05
5.50363e-05
5.50276e-05
5.50188e-05
5.50101e-05
5.50014e-05
5.49927e-05
5.4984e-05
5.49754e-05
5.49667e-05
5.49581e-05
5.49494e-05
5.49408e-05
5.49322e-05
5.49237e-05
5.49151e-05
5.49066e-05
5.4898e-05
5.48895e-05
5.4881e-05
5.48725e-05
5.4864e-05
5.48556e-05
5.48471e-05
5.48387e-05
5.48303e-05
5.48219e-05
5.48135e-05
5.48051e-05
5.47968e-05
5.47884e-05
5.47801e-05
5.47718e-05
5.47635e-05
5.47552e-05
5.4747e-05
5.47387e-05
5.47305e-05
5.47222e-05
5.4714e-05
5.47058e-05
5.46976e-05
5.46895e-05
5.46813e-05
5.46732e-05
5.46651e-05
5.46569e-05
5.46488e-05
5.46408e-05
5.46327e-05
5.46246e-05
5.46166e-05
5.46086e-05
5.46005e-05
5.45925e-05
5.45846e-05
5.45766e-05
5.45686e-05
5.45607e-05
5.45528e-05
5.45448e-05
5.45369e-05
5.4529e-05
5.45212e-05
5.45133e-05
5.45055e-05
5.44976e-05
5.44898e-05
5.4482e-05
5.44742e-05
5.44664e-05
5.44586e-05
5.44509e-05
5.44432e-05
5.44354e-05
5.44277e-05
5.442e-05
5.44123e-05
5.44047e-05
5.4397e-05
5.43894e-05
5.43817e-05
5.43741e-05
5.43665e-05
5.43589e-05
5.43513e-05
5.43438e-05
5.43362e-05
5.43287e-05
5.43211e-05
5.43136e-05
5.43061e-05
5.42986e-05
5.42912e-05
5.42837e-05
5.42762e-05
5.42688e-05
5.42614e-05
5.4254e-05
5.42466e-05
5.42392e-05
5.42318e-05
5.42245e-05
5.42171e-05
5.42098e-05
5.42025e-05
5.41951e-05
5.41879e-05
5.41806e-05
5.41733e-05
5.4166e-05
5.41588e-05
5.41516e-05
5.41443e-05
5.41371e-05
5.41299e-05
5.41228e-05
5.41156e-05
5.41084e-05
5.41013e-05
5.40942e-05
5.4087e-05
5.40799e-05
5.40728e-05
5.40658e-05
5.40587e-05
5.40516e-05
5.40446e-05
5.40375e-05
5.40305e-05
5.40235e-05
5.40165e-05
5.40095e-05
5.40026e-05
5.39956e-05
5.39887e-05
5.39817e-05
5.39748e-05
5.39679e-05
5.3961e-05
5.39541e-05
5.39472e-05
5.39404e-05
5.39335e-05
5.39267e-05
5.39198e-05
5.3913e-05
5.39062e-05
5.38994e-05
5.38926e-05
5.38859e-05
5.38791e-05
5.38724e-05
5.38656e-05
5.38589e-05
5.38522e-05
5.38455e-05
5.38388e-05
5.38321e-05
5.38255e-05
5.38188e-05
5.38122e-05
5.38055e-05
5.37989e-05
5.37923e-05
5.37857e-05
5.37791e-05
5.37726e-05
5.3766e-05
5.37595e-05
5.37529e-05
5.37464e-05
5.37399e-05
5.37334e-05
5.37269e-05
5.37204e-05
5.37139e-05
5.37075e-05
5.3701e-05
5.36946e-05
5.36882e-05
5.36818e-05
5.36754e-05
5.3669e-05
5.36626e-05
5.36562e-05
5.36499e-05
5.36435e-05
5.36372e-05
5.36308e-05
5.36245e-05
5.36182e-05
5.36119e-05
5.36057e-05
5.35994e-05
5.35931e-05
5.35869e-05
5.35806e-05
5.35744e-05
5.35682e-05
5.3562e-05
5.35558e-05
5.35496e-05
5.35434e-05
5.35373e-05
5.35311e-05
5.3525e-05
5.35189e-05
5.35127e-05
5.35066e-05
5.35005e-05
5.34944e-05
5.34884e-05
5.34823e-05
5.34762e-05
5.34702e-05
5.34642e-05
5.34581e-05
5.34521e-05
5.34461e-05
5.34401e-05
5.34342e-05
5.34282e-05
5.34222e-05
5.34163e-05
5.34103e-05
5.34044e-05
5.33985e-05
5.33926e-05
5.33867e-05
5.33808e-05
5.33749e-05
5.3369e-05
5.33632e-05
5.33573e-05
5.33515e-05
5.33457e-05
5.33398e-05
5.3334e-05
5.33282e-05
5.33224e-05
5.33167e-05
5.33109e-05
5.33051e-05
5.32994e-05
5.32937e-05
5.32879e-05
5.32822e-05
5.32765e-05
5.32708e-05
5.32651e-05
5.32594e-05
5.32538e-05
5.32481e-05
5.32425e-05
5.32368e-05
5.32312e-05
5.32256e-05
5.322e-05
5.32144e-05
5.32088e-05
5.32032e-05
5.31976e-05
5.31921e-05
5.31865e-05
5.3181e-05
5.31754e-05
5.31699e-05
5.31644e-05
5.31589e-05
5.31534e-05
5.31479e-05
5.31425e-05
5.3137e-05
5.31315e-05
5.31261e-05
5.31207e-05
5.31152e-05
5.31098e-05
5.31044e-05
5.3099e-05
5.30936e-05
5.30882e-05
5.30829e-05
5.30775e-05
5.30721e-05
5.30668e-05
5.30615e-05
5.30561e-05
5.30508e-05
5.30455e-05
5.30402e-05
5.30349e-05
5.30297e-05
5.30244e-05
5.30191e-05
5.30139e-05
5.30086e-05
5.30034e-05
5.29982e-05
5.2993e-05
5.29878e-05
5.29826e-05
5.29774e-05
5.29722e-05
5.2967e-05
5.29619e-05
5.29567e-05
5.29516e-05
5.29465e-05
5.29413e-05
5.29362e-05
5.29311e-05
5.2926e-05
5.29209e-05
5.29158e-05
5.29108e-05
5.29057e-05
5.29007e-05
5.28956e-05
5.28906e-05
5.28856e-05
5.28805e-05
5.28755e-05
5.28705e-05
5.28655e-05
5.28606e-05
5.28556e-05
5.28506e-05
5.28457e-05
5.28407e-05
5.28358e-05
5.28308e-05
5.28259e-05
5.2821e-05
5.28161e-05
5.28112e-05
5.28063e-05
5.28014e-05
5.27966e-05
5.27917e-05
5.27868e-05
5.2782e-05
5.27772e-05
5.27723e-05
5.27675e-05
5.27627e-05
5.27579e-05
5.27531e-05
5.27483e-05
5.27435e-05
5.27388e-05
5.2734e-05
5.27292e-05
5.27245e-05
5.27198e-05
5.2715e-05
5.27103e-05
5.27056e-05
5.27009e-05
5.26962e-05
5.26915e-05
5.26868e-05
5.26821e-05
5.26775e-05
5.26728e-05
5.26682e-05
5.26635e-05
5.26589e-05
5.26543e-05
5.26497e-05
5.26451e-05
5.26405e-05
5.26359e-05
5.26313e-05
5.26267e-05
5.26221e-05
5.26176e-05
5.2613e-05
5.26085e-05
5.26039e-05
5.25994e-05
5.25949e-05
5.25904e-05
5.25859e-05
5.25814e-05
5.25769e-05
5.25724e-05
5.25679e-05
5.25635e-05
5.2559e-05
5.25546e-05
5.25501e-05
5.25457e-05
5.25413e-05
5.25368e-05
5.25324e-05
5.2528e-05
5.25236e-05
5.25192e-05
5.25149e-05
5.25105e-05
5.25061e-05
5.25018e-05
5.24974e-05
5.24931e-05
5.24887e-05
5.24844e-05
5.24801e-05
5.24758e-05
5.24715e-05
5.24672e-05
5.24629e-05
5.24586e-05
5.24543e-05
5.245e-05
5.24458e-05
5.24415e-05
5.24373e-05
5.24331e-05
5.24288e-05
5.24246e-05
5.24204e-05
5.24162e-05
5.2412e-05
5.24078e-05
5.24036e-05
5.23994e-05
5.23952e-05
5.23911e-05
5.23869e-05
5.23828e-05
5.23786e-05
5.23745e-05
5.23704e-05
5.23662e-05
5.23621e-05
5.2358e-05
5.23539e-05
5.23498e-05
5.23457e-05
5.23416e-05
5.23376e-05
5.23335e-05
5.23295e-05
5.23254e-05
5.23214e-05
5.23173e-05
5.23133e-05
5.23093e-05
5.23053e-05
5.23012e-05
5.22972e-05
5.22932e-05
5.22893e-05
5.22853e-05
5.22813e-05
5.22773e-05
5.22734e-05
5.22694e-05
5.22655e-05
5.22615e-05
5.22576e-05
5.22537e-05
5.22498e-05
5.22458e-05
5.22419e-05
5.2238e-05
5.22341e-05
5.22303e-05
5.22264e-05
5.22225e-05
5.22186e-05
5.22148e-05
5.22109e-05
5.22071e-05
5.22033e-05
5.21994e-05
5.21956e-05
5.21918e-05
5.2188e-05
5.21842e-05
5.21804e-05
5.21766e-05
5.21728e-05
5.2169e-05
5.21652e-05
5.21615e-05
5.21577e-05
5.2154e-05
5.21502e-05
5.21465e-05
5.21427e-05
5.2139e-05
5.21353e-05
5.21316e-05
5.21279e-05
5.21242e-05
5.21205e-05
5.21168e-05
5.21131e-05
5.21094e-05
5.21058e-05
5.21021e-05
5.20985e-05
5.20948e-05
5.20912e-05
5.20875e-05
5.20839e-05
5.20803e-05
5.20767e-05
5.2073e-05
5.20694e-05
5.20658e-05
5.20622e-05
5.20587e-05
5.20551e-05
5.20515e-05
5.20479e-05
5.20444e-05
5.20408e-05
5.20373e-05
5.20337e-05
5.20302e-05
5.20267e-05
5.20231e-05
5.20196e-05
5.20161e-05
5.20126e-05
5.20091e-05
5.20056e-05
5.20021e-05
5.19986e-05
5.19952e-05
5.19917e-05
5.19882e-05
5.19848e-05
5.19813e-05
5.19779e-05
5.19744e-05
5.1971e-05
5.19676e-05
5.19642e-05
5.19607e-05
5.19573e-05
5.19539e-05
5.19505e-05
5.19471e-05
5.19437e-05
5.19404e-05
5.1937e-05
5.19336e-05
5.19303e-05
5.19269e-05
5.19236e-05
5.19202e-05
5.19169e-05
5.19135e-05
5.19102e-05
5.19069e-05
5.19036e-05
5.19003e-05
5.1897e-05
5.18937e-05
5.18904e-05
5.18871e-05
5.18838e-05
5.18805e-05
5.18772e-05
5.1874e-05
5.18707e-05
5.18675e-05
5.18642e-05
5.1861e-05
5.18577e-05
5.18545e-05
5.18513e-05
5.18481e-05
5.18449e-05
5.18416e-05
5.18384e-05
5.18352e-05
5.18321e-05
5.18289e-05
5.18257e-05
5.18225e-05
5.18193e-05
5.18162e-05
5.1813e-05
5.18099e-05
5.18067e-05
5.18036e-05
5.18004e-05
5.17973e-05
5.17942e-05
5.17911e-05
5.1788e-05
5.17848e-05
5.17817e-05
5.17786e-05
5.17755e-05
5.17725e-05
5.17694e-05
5.17663e-05
5.17632e-05
5.17602e-05
5.17571e-05
5.1754e-05
5.1751e-05
5.17479e-05
5.17449e-05
5.17419e-05
5.17388e-05
5.17358e-05
5.17328e-05
5.17298e-05
5.17268e-05
5.17238e-05
5.17208e-05
5.17178e-05
5.17148e-05
5.17118e-05
5.17088e-05
5.17059e-05
5.17029e-05
5.16999e-05
5.1697e-05
5.1694e-05
5.16911e-05
5.16881e-05
5.16852e-05
5.16823e-05
5.16794e-05
5.16764e-05
5.16735e-05
5.16706e-05
5.16677e-05
5.16648e-05
5.16619e-05
5.1659e-05
5.16561e-05
5.16533e-05
5.16504e-05
5.16475e-05
5.16446e-05
5.16418e-05
5.16389e-05
5.16361e-05
5.16332e-05
5.16304e-05
5.16276e-05
5.16247e-05
5.16219e-05
5.16191e-05
5.16163e-05
5.16135e-05
5.16107e-05
5.16078e-05
5.16051e-05
5.16023e-05
5.15995e-05
5.15967e-05
5.15939e-05
5.15911e-05
5.15884e-05
5.15856e-05
5.15829e-05
5.15801e-05
5.15774e-05
5.15746e-05
5.15719e-05
5.15691e-05
5.15664e-05
5.15637e-05
5.1561e-05
5.15583e-05
5.15555e-05
5.15528e-05
5.15501e-05
5.15474e-05
5.15448e-05
5.15421e-05
5.15394e-05
5.15367e-05
5.1534e-05
5.15314e-05
5.15287e-05
5.1526e-05
5.15234e-05
5.15207e-05
5.15181e-05
5.15155e-05
5.15128e-05
5.15102e-05
5.15076e-05
5.15049e-05
5.15023e-05
5.14997e-05
5.14971e-05
5.14945e-05
5.14919e-05
5.14893e-05
5.14867e-05
5.14841e-05
5.14816e-05
5.1479e-05
5.14764e-05
5.14738e-05
5.14713e-05
5.14687e-05
5.14662e-05
5.14636e-05
5.14611e-05
5.14585e-05
5.1456e-05
5.14535e-05
5.14509e-05
5.14484e-05
5.14459e-05
5.14434e-05
5.14409e-05
5.14384e-05
5.14359e-05
5.14334e-05
5.14309e-05
5.14284e-05
5.14259e-05
5.14234e-05
5.14209e-05
5.14185e-05
5.1416e-05
5.14135e-05
5.14111e-05
5.14086e-05
5.14062e-05
5.14037e-05
5.14013e-05
5.13989e-05
5.13964e-05
5.1394e-05
5.13916e-05
5.13891e-05
5.13867e-05
5.13843e-05
5.13819e-05
5.13795e-05
5.13771e-05
5.13747e-05
5.13723e-05
5.13699e-05
5.13676e-05
5.13652e-05
5.13628e-05
5.13604e-05
5.13581e-05
5.13557e-05
5.13533e-05
5.1351e-05
5.13486e-05
5.13463e-05
5.1344e-05
5.13416e-05
5.13393e-05
5.1337e-05
5.13346e-05
5.13323e-05
5.133e-05
5.13277e-05
5.13254e-05
5.13231e-05
5.13208e-05
5.13185e-05
5.13162e-05
5.13139e-05
5.13116e-05
5.13093e-05
5.1307e-05
5.13048e-05
5.13025e-05
5.13002e-05
5.1298e-05
5.12957e-05
5.12935e-05
5.12912e-05
5.1289e-05
5.12867e-05
5.12845e-05
5.12823e-05
5.128e-05
5.12778e-05
5.12756e-05
5.12734e-05
5.12712e-05
5.12689e-05
5.12667e-05
5.12645e-05
5.12623e-05
5.12601e-05
5.12579e-05
5.12558e-05
5.12536e-05
5.12514e-05
5.12492e-05
5.1247e-05
5.12449e-05
5.12427e-05
5.12406e-05
5.12384e-05
5.12362e-05
5.12341e-05
5.12319e-05
5.12298e-05
5.12277e-05
5.12255e-05
5.12234e-05
5.12213e-05
5.12191e-05
5.1217e-05
5.12149e-05
5.12128e-05
5.12107e-05
5.12086e-05
5.12065e-05
5.12044e-05
5.12023e-05
5.12002e-05
5.11981e-05
5.1196e-05
5.11939e-05
5.11919e-05
5.11898e-05
5.11877e-05
5.11857e-05
5.11836e-05
5.11815e-05
5.11795e-05
5.11774e-05
5.11754e-05
5.11733e-05
5.11713e-05
5.11693e-05
5.11672e-05
5.11652e-05
5.11632e-05
5.11612e-05
5.11591e-05
5.11571e-05
5.11551e-05
5.11531e-05
5.11511e-05
5.11491e-05
5.11471e-05
5.11451e-05
5.11431e-05
5.11411e-05
5.11391e-05
5.11372e-05
5.11352e-05
5.11332e-05
5.11312e-05
5.11293e-05
5.11273e-05
5.11253e-05
5.11234e-05
5.11214e-05
5.11195e-05
5.11175e-05
5.11156e-05
5.11136e-05
5.11117e-05
5.11098e-05
5.11078e-05
5.11059e-05
5.1104e-05
5.11021e-05
5.11002e-05
5.10982e-05
5.10963e-05
5.10944e-05
5.10925e-05
5.10906e-05
5.10887e-05
5.10868e-05
5.10849e-05
5.10831e-05
5.10812e-05
5.10793e-05
5.10774e-05
5.10755e-05
5.10737e-05
5.10718e-05
5.10699e-05
5.10681e-05
5.10662e-05
5.10644e-05
5.10625e-05
5.10607e-05
5.10588e-05
5.1057e-05
5.10552e-05
5.10533e-05
5.10515e-05
5.10497e-05
5.10478e-05
5.1046e-05
5.10442e-05
5.10424e-05
5.10406e-05
5.10387e-05
5.10369e-05
5.10351e-05
5.10333e-05
5.10315e-05
5.10297e-05
5.1028e-05
5.10262e-05
5.10244e-05
5.10226e-05
5.10208e-05
5.10191e-05
5.10173e-05
5.10155e-05
5.10137e-05
5.1012e-05
5.10102e-05
5.10085e-05
5.10067e-05
5.1005e-05
5.10032e-05
5.10015e-05
5.09997e-05
5.0998e-05
5.09963e-05
5.09945e-05
5.09928e-05
5.09911e-05
5.09893e-05
5.09876e-05
5.09859e-05
5.09842e-05
5.09825e-05
5.09808e-05
5.09791e-05
5.09774e-05
5.09757e-05
5.0974e-05
5.09723e-05
5.09706e-05
5.09689e-05
5.09672e-05
5.09655e-05
5.09638e-05
5.09622e-05
5.09605e-05
5.09588e-05
5.09572e-05
5.09555e-05
5.09538e-05
5.09522e-05
5.09505e-05
5.09489e-05
5.09472e-05
5.09456e-05
5.09439e-05
5.09423e-05
5.09406e-05
5.0939e-05
5.09374e-05
5.09357e-05
5.09341e-05
5.09325e-05
5.09309e-05
5.09292e-05
5.09276e-05
5.0926e-05
5.09244e-05
5.09228e-05
5.09212e-05
5.09196e-05
5.0918e-05
5.09164e-05
5.09148e-05
5.09132e-05
5.09116e-05
5.091e-05
5.09085e-05
5.09069e-05
5.09053e-05
5.09037e-05
5.09022e-05
5.09006e-05
5.0899e-05
5.08975e-05
5.08959e-05
5.08943e-05
5.08928e-05
5.08912e-05
5.08897e-05
5.08881e-05
5.08866e-05
5.0885e-05
5.08835e-05
5.0882e-05
5.08804e-05
5.08789e-05
5.08774e-05
5.08759e-05
5.08743e-05
5.08728e-05
5.08713e-05
5.08698e-05
5.08683e-05
5.08668e-05
5.08652e-05
5.08637e-05
5.08622e-05
5.08607e-05
5.08592e-05
5.08577e-05
5.08563e-05
5.08548e-05
5.08533e-05
5.08518e-05
5.08503e-05
5.08488e-05
5.08474e-05
5.08459e-05
5.08444e-05
5.08429e-05
5.08415e-05
5.084e-05
5.08386e-05
5.08371e-05
5.08356e-05
5.08342e-05
5.08327e-05
5.08313e-05
5.08298e-05
5.08284e-05
5.0827e-05
5.08255e-05
5.08241e-05
5.08227e-05
5.08212e-05
5.08198e-05
5.08184e-05
5.08169e-05
5.08155e-05
5.08141e-05
5.08127e-05
5.08113e-05
5.08099e-05
5.08085e-05
5.08071e-05
5.08057e-05
5.08043e-05
5.08029e-05
5.08015e-05
5.08001e-05
5.07987e-05
5.07973e-05
5.07959e-05
5.07945e-05
5.07931e-05
5.07917e-05
5.07904e-05
5.0789e-05
5.07876e-05
5.07863e-05
5.07849e-05
5.07835e-05
5.07822e-05
5.07808e-05
5.07794e-05
5.07781e-05
5.07767e-05
5.07754e-05
5.0774e-05
5.07727e-05
5.07713e-05
5.077e-05
5.07687e-05
5.07673e-05
5.0766e-05
5.07647e-05
5.07633e-05
5.0762e-05
5.07607e-05
5.07594e-05
5.0758e-05
5.07567e-05
5.07554e-05
5.07541e-05
5.07528e-05
5.07515e-05
5.07502e-05
5.07489e-05
5.07476e-05
5.07463e-05
5.0745e-05
5.07437e-05
5.07424e-05
5.07411e-05
5.07398e-05
5.07385e-05
5.07372e-05
5.07359e-05
5.07347e-05
5.07334e-05
5.07321e-05
5.07308e-05
5.07296e-05
5.07283e-05
5.0727e-05
5.07258e-05
5.07245e-05
5.07232e-05
5.0722e-05
5.07207e-05
5.07195e-05
5.07182e-05
5.0717e-05
5.07157e-05
5.07145e-05
5.07132e-05
5.0712e-05
5.07108e-05
5.07095e-05
5.07083e-05
5.07071e-05
5.07058e-05
5.07046e-05
5.07034e-05
5.07021e-05
5.07009e-05
5.06997e-05
5.06985e-05
5.06973e-05
5.06961e-05
5.06949e-05
5.06936e-05
5.06924e-05
5.06912e-05
5.069e-05
5.06888e-05
5.06876e-05
5.06864e-05
5.06852e-05
5.06841e-05
5.06829e-05
5.06817e-05
5.06805e-05
5.06793e-05
5.06781e-05
5.06769e-05
5.06758e-05
5.06746e-05
5.06734e-05
5.06723e-05
5.06711e-05
5.06699e-05
5.06688e-05
5.06676e-05
5.06664e-05
5.06653e-05
5.06641e-05
5.0663e-05
5.06618e-05
5.06607e-05
5.06595e-05
5.06584e-05
5.06572e-05
5.06561e-05
5.06549e-05
5.06538e-05
5.06527e-05
5.06515e-05
5.06504e-05
5.06493e-05
5.06481e-05
5.0647e-05
5.06459e-05
5.06447e-05
5.06436e-05
5.06425e-05
5.06414e-05
5.06403e-05
5.06392e-05
5.0638e-05
5.06369e-05
5.06358e-05
5.06347e-05
5.06336e-05
5.06325e-05
5.06314e-05
5.06303e-05
5.06292e-05
5.06281e-05
5.0627e-05
5.06259e-05
5.06249e-05
5.06238e-05
5.06227e-05
5.06216e-05
5.06205e-05
5.06194e-05
5.06184e-05
5.06173e-05
5.06162e-05
5.06151e-05
5.06141e-05
5.0613e-05
5.06119e-05
5.06109e-05
5.06098e-05
5.06088e-05
5.06077e-05
5.06066e-05
5.06056e-05
5.06045e-05
5.06035e-05
5.06024e-05
5.06014e-05
5.06003e-05
5.05993e-05
5.05983e-05
5.05972e-05
5.05962e-05
5.05951e-05
5.05941e-05
5.05931e-05
5.0592e-05
5.0591e-05
5.059e-05
5.0589e-05
5.05879e-05
5.05869e-05
5.05859e-05
5.05849e-05
5.05839e-05
5.05828e-05
5.05818e-05
5.05808e-05
5.05798e-05
5.05788e-05
5.05778e-05
5.05768e-05
5.05758e-05
5.05748e-05
5.05738e-05
5.05728e-05
5.05718e-05
5.05708e-05
5.05698e-05
5.05688e-05
5.05678e-05
5.05668e-05
5.05658e-05
5.05649e-05
5.05639e-05
5.05629e-05
5.05619e-05
5.05609e-05
5.056e-05
5.0559e-05
5.0558e-05
5.0557e-05
5.05561e-05
5.05551e-05
5.05541e-05
5.05532e-05
5.05522e-05
5.05513e-05
5.05503e-05
5.05493e-05
5.05484e-05
5.05474e-05
5.05465e-05
5.05455e-05
5.05446e-05
5.05436e-05
5.05427e-05
5.05417e-05
5.05408e-05
5.05399e-05
5.05389e-05
5.0538e-05
5.05371e-05
5.05361e-05
5.05352e-05
5.05343e-05
5.05333e-05
5.05324e-05
5.05315e-05
5.05306e-05
5.05296e-05
5.05287e-05
5.05278e-05
5.05269e-05
5.0526e-05
5.0525e-05
5.05241e-05
5.05232e-05
5.05223e-05
5.05214e-05
5.05205e-05
5.05196e-05
5.05187e-05
5.05178e-05
5.05169e-05
5.0516e-05
5.05151e-05
5.05142e-05
5.05133e-05
5.05124e-05
5.05115e-05
5.05106e-05
5.05097e-05
5.05088e-05
5.0508e-05
5.05071e-05
5.05062e-05
5.05053e-05
5.05044e-05
5.05036e-05
5.05027e-05
5.05018e-05
5.05009e-05
5.05001e-05
5.04992e-05
5.04983e-05
5.04975e-05
5.04966e-05
5.04957e-05
5.04949e-05
5.0494e-05
5.04931e-05
5.04923e-05
5.04914e-05
5.04906e-05
5.04897e-05
5.04889e-05
5.0488e-05
5.04872e-05
5.04863e-05
5.04855e-05
5.04846e-05
5.04838e-05
5.0483e-05
5.04821e-05
5.04813e-05
5.04804e-05
5.04796e-05
5.04788e-05
5.04779e-05
5.04771e-05
5.04763e-05
5.04754e-05
5.04746e-05
5.04738e-05
5.0473e-05
5.04721e-05
5.04713e-05
5.04705e-05
5.04697e-05
5.04689e-05
5.04681e-05
5.04672e-05
5.04664e-05
5.04656e-05
5.04648e-05
5.0464e-05
5.04632e-05
5.04624e-05
5.04616e-05
5.04608e-05
5.046e-05
5.04592e-05
5.04584e-05
5.04576e-05
5.04568e-05
5.0456e-05
5.04552e-05
5.04544e-05
5.04536e-05
5.04528e-05
5.0452e-05
5.04513e-05
5.04505e-05
5.04497e-05
5.04489e-05
5.04481e-05
5.04473e-05
5.04466e-05
5.04458e-05
5.0445e-05
5.04442e-05
5.04435e-05
5.04427e-05
5.04419e-05
5.04412e-05
5.04404e-05
5.04396e-05
5.04389e-05
5.04381e-05
5.04373e-05
5.04366e-05
5.04358e-05
5.04351e-05
5.04343e-05
5.04336e-05
5.04328e-05
5.0432e-05
5.04313e-05
5.04305e-05
5.04298e-05
5.0429e-05
5.04283e-05
5.04276e-05
5.04268e-05
5.04261e-05
5.04253e-05
5.04246e-05
5.04239e-05
5.04231e-05
5.04224e-05
5.04216e-05
5.04209e-05
5.04202e-05
5.04194e-05
5.04187e-05
5.0418e-05
5.04173e-05
5.04165e-05
5.04158e-05
5.04151e-05
5.04144e-05
5.04136e-05
5.04129e-05
5.04122e-05
5.04115e-05
5.04108e-05
5.04101e-05
5.04093e-05
5.04086e-05
5.04079e-05
5.04072e-05
5.04065e-05
5.04058e-05
5.04051e-05
5.04044e-05
5.04037e-05
5.0403e-05
5.04023e-05
5.04016e-05
5.04009e-05
5.04002e-05
5.03995e-05
5.03988e-05
5.03981e-05
5.03974e-05
5.03967e-05
5.0396e-05
5.03953e-05
5.03947e-05
5.0394e-05
5.03933e-05
5.03926e-05
5.03919e-05
5.03912e-05
5.03906e-05
5.03899e-05
5.03892e-05
5.03885e-05
5.03878e-05
5.03872e-05
5.03865e-05
5.03858e-05
5.03852e-05
5.03845e-05
5.03838e-05
5.03832e-05
5.03825e-05
5.03818e-05
5.03812e-05
5.03805e-05
5.03798e-05
5.03792e-05
5.03785e-05
5.03779e-05
5.03772e-05
5.03765e-05
5.03759e-05
5.03752e-05
5.03746e-05
5.03739e-05
5.03733e-05
5.03726e-05
5.0372e-05
5.03713e-05
5.03707e-05
5.037e-05
5.03694e-05
5.03688e-05
5.03681e-05
5.03675e-05
5.03668e-05
5.03662e-05
5.03656e-05
5.03649e-05
5.03643e-05
5.03637e-05
5.0363e-05
5.03624e-05
5.03618e-05
5.03611e-05
5.03605e-05
5.03599e-05
5.03593e-05
5.03586e-05
5.0358e-05
5.03574e-05
5.03568e-05
5.03561e-05
5.03555e-05
5.03549e-05
5.03543e-05
5.03537e-05
5.03531e-05
5.03524e-05
5.03518e-05
5.03512e-05
5.03506e-05
5.035e-05
5.03494e-05
5.03488e-05
5.03482e-05
5.03476e-05
5.0347e-05
5.03464e-05
5.03458e-05
5.03452e-05
5.03446e-05
5.0344e-05
5.03434e-05
5.03428e-05
5.03422e-05
5.03416e-05
5.0341e-05
5.03404e-05
5.03398e-05
5.03392e-05
5.03386e-05
5.0338e-05
5.03374e-05
5.03368e-05
5.03363e-05
5.03357e-05
5.03351e-05
5.03345e-05
5.03339e-05
5.03333e-05
5.03328e-05
5.03322e-05
5.03316e-05
5.0331e-05
5.03305e-05
5.03299e-05
5.03293e-05
5.03287e-05
5.03282e-05
5.03276e-05
5.0327e-05
5.03265e-05
5.03259e-05
5.03253e-05
5.03248e-05
5.03242e-05
5.03236e-05
5.03231e-05
5.03225e-05
5.03219e-05
5.03214e-05
5.03208e-05
5.03203e-05
5.03197e-05
5.03192e-05
5.03186e-05
5.0318e-05
5.03175e-05
5.03169e-05
5.03164e-05
5.03158e-05
5.03153e-05
5.03147e-05
5.03142e-05
5.03136e-05
5.03131e-05
5.03126e-05
5.0312e-05
5.03115e-05
5.03109e-05
5.03104e-05
5.03098e-05
5.03093e-05
5.03088e-05
5.03082e-05
5.03077e-05
5.03072e-05
5.03066e-05
5.03061e-05
5.03056e-05
5.0305e-05
5.03045e-05
5.0304e-05
5.03034e-05
5.03029e-05
5.03024e-05
5.03019e-05
5.03013e-05
5.03008e-05
5.03003e-05
5.02998e-05
5.02992e-05
5.02987e-05
5.02982e-05
5.02977e-05
5.02972e-05
5.02967e-05
5.02961e-05
5.02956e-05
5.02951e-05
5.02946e-05
5.02941e-05
5.02936e-05
5.02931e-05
5.02926e-05
5.0292e-05
5.02915e-05
5.0291e-05
5.02905e-05
5.029e-05
5.02895e-05
5.0289e-05
5.02885e-05
5.0288e-05
5.02875e-05
5.0287e-05
5.02865e-05
5.0286e-05
5.02855e-05
5.0285e-05
5.02845e-05
5.0284e-05
5.02835e-05
5.0283e-05
5.02825e-05
5.02821e-05
5.02816e-05
5.02811e-05
5.02806e-05
5.02801e-05
5.02796e-05
5.02791e-05
5.02786e-05
5.02782e-05
5.02777e-05
5.02772e-05
5.02767e-05
5.02762e-05
5.02757e-05
5.02753e-05
5.02748e-05
5.02743e-05
5.02738e-05
5.02734e-05
5.02729e-05
5.02724e-05
5.02719e-05
5.02715e-05
5.0271e-05
5.02705e-05
5.027e-05
5.02696e-05
5.02691e-05
5.02686e-05
5.02682e-05
5.02677e-05
5.02672e-05
5.02668e-05
5.02663e-05
5.02658e-05
5.02654e-05
5.02649e-05
5.02645e-05
5.0264e-05
5.02635e-05
5.02631e-05
5.02626e-05
5.02622e-05
5.02617e-05
5.02613e-05
5.02608e-05
5.02603e-05
5.02599e-05
5.02594e-05
5.0259e-05
5.02585e-05
5.02581e-05
5.02576e-05
5.02572e-05
5.02567e-05
5.02563e-05
5.02559e-05
5.02554e-05
5.0255e-05
5.02545e-05
5.02541e-05
5.02536e-05
5.02532e-05
5.02528e-05
5.02523e-05
5.02519e-05
5.02514e-05
5.0251e-05
5.02506e-05
5.02501e-05
5.02497e-05
5.02493e-05
5.02488e-05
5.02484e-05
5.0248e-05
5.02475e-05
5.02471e-05
5.02467e-05
5.02462e-05
5.02458e-05
5.02454e-05
5.0245e-05
5.02445e-05
5.02441e-05
5.02437e-05
5.02433e-05
5.02428e-05
5.02424e-05
5.0242e-05
5.02416e-05
5.02412e-05
5.02407e-05
5.02403e-05
5.02399e-05
5.02395e-05
5.02391e-05
5.02386e-05
5.02382e-05
5.02378e-05
5.02374e-05
5.0237e-05
5.02366e-05
5.02362e-05
5.02358e-05
5.02353e-05
5.02349e-05
5.02345e-05
5.02341e-05
5.02337e-05
5.02333e-05
5.02329e-05
5.02325e-05
5.02321e-05
5.02317e-05
5.02313e-05
5.02309e-05
5.02305e-05
5.02301e-05
5.02297e-05
5.02293e-05
5.02289e-05
5.02285e-05
5.02281e-05
5.02277e-05
5.02273e-05
5.02269e-05
5.02265e-05
5.02261e-05
5.02257e-05
5.02253e-05
5.02249e-05
5.02245e-05
5.02242e-05
5.02238e-05
5.02234e-05
5.0223e-05
5.02226e-05
5.02222e-05
5.02218e-05
5.02214e-05
5.02211e-05
5.02207e-05
5.02203e-05
5.02199e-05
5.02195e-05
5.02191e-05
5.02188e-05
5.02184e-05
5.0218e-05
5.02176e-05
5.02172e-05
5.02169e-05
5.02165e-05
5.02161e-05
5.02157e-05
5.02154e-05
5.0215e-05
5.02146e-05
5.02142e-05
5.02139e-05
5.02135e-05
5.02131e-05
5.02127e-05
5.02124e-05
5.0212e-05
5.02116e-05
5.02113e-05
5.02109e-05
5.02105e-05
5.02102e-05
5.02098e-05
5.02094e-05
5.02091e-05
5.02087e-05
5.02084e-05
5.0208e-05
5.02076e-05
5.02073e-05
5.02069e-05
5.02065e-05
5.02062e-05
5.02058e-05
5.02055e-05
5.02051e-05
5.02048e-05
5.02044e-05
5.0204e-05
5.02037e-05
5.02033e-05
5.0203e-05
5.02026e-05
5.02023e-05
5.02019e-05
5.02016e-05
5.02012e-05
5.02009e-05
5.02005e-05
5.02002e-05
5.01998e-05
5.01995e-05
5.01991e-05
5.01988e-05
5.01984e-05
5.01981e-05
5.01978e-05
5.01974e-05
5.01971e-05
5.01967e-05
5.01964e-05
5.0196e-05
5.01957e-05
5.01954e-05
5.0195e-05
5.01947e-05
5.01943e-05
5.0194e-05
5.01937e-05
5.01933e-05
5.0193e-05
5.01927e-05
5.01923e-05
5.0192e-05
5.01917e-05
5.01913e-05
5.0191e-05
5.01907e-05
5.01903e-05
5.019e-05
5.01897e-05
5.01893e-05
5.0189e-05
5.01887e-05
5.01883e-05
5.0188e-05
5.01877e-05
5.01874e-05
5.0187e-05
5.01867e-05
5.01864e-05
5.01861e-05
5.01857e-05
5.01854e-05
5.01851e-05
5.01848e-05
5.01845e-05
5.01841e-05
5.01838e-05
5.01835e-05
5.01832e-05
5.01829e-05
5.01825e-05
5.01822e-05
5.01819e-05
5.01816e-05
5.01813e-05
5.0181e-05
5.01806e-05
5.01803e-05
5.018e-05
5.01797e-05
5.01794e-05
5.01791e-05
5.01788e-05
5.01785e-05
5.01781e-05
5.01778e-05
5.01775e-05
5.01772e-05
5.01769e-05
5.01766e-05
5.01763e-05
5.0176e-05
5.01757e-05
5.01754e-05
5.01751e-05
5.01748e-05
5.01745e-05
5.01742e-05
5.01739e-05
5.01736e-05
5.01732e-05
5.01729e-05
5.01726e-05
5.01723e-05
5.0172e-05
5.01717e-05
5.01714e-05
5.01712e-05
5.01709e-05
5.01706e-05
5.01703e-05
5.017e-05
5.01697e-05
5.01694e-05
5.01691e-05
5.01688e-05
5.01685e-05
5.01682e-05
5.01679e-05
5.01676e-05
5.01673e-05
5.0167e-05
5.01667e-05
5.01664e-05
5.01662e-05
5.01659e-05
5.01656e-05
5.01653e-05
5.0165e-05
5.01647e-05
5.01644e-05
5.01641e-05
5.01639e-05
5.01636e-05
5.01633e-05
5.0163e-05
5.01627e-05
5.01624e-05
5.01622e-05
5.01619e-05
5.01616e-05
5.01613e-05
5.0161e-05
5.01608e-05
5.01605e-05
5.01602e-05
5.01599e-05
5.01596e-05
5.01594e-05
5.01591e-05
5.01588e-05
5.01585e-05
5.01583e-05
5.0158e-05
5.01577e-05
5.01574e-05
5.01572e-05
5.01569e-05
5.01566e-05
5.01563e-05
5.01561e-05
5.01558e-05
5.01555e-05
5.01553e-05
5.0155e-05
5.01547e-05
5.01544e-05
5.01542e-05
5.01539e-05
5.01536e-05
5.01534e-05
5.01531e-05
5.01528e-05
5.01526e-05
5.01523e-05
5.0152e-05
5.01518e-05
5.01515e-05
5.01513e-05
5.0151e-05
5.01507e-05
5.01505e-05
5.01502e-05
5.01499e-05
5.01497e-05
5.01494e-05
5.01492e-05
5.01489e-05
5.01486e-05
5.01484e-05
5.01481e-05
5.01479e-05
5.01476e-05
5.01474e-05
5.01471e-05
5.01468e-05
5.01466e-05
5.01463e-05
5.01461e-05
5.01458e-05
5.01456e-05
5.01453e-05
5.01451e-05
5.01448e-05
5.01446e-05
5.01443e-05
5.01441e-05
5.01438e-05
5.01436e-05
5.01433e-05
5.01431e-05
5.01428e-05
5.01426e-05
5.01423e-05
5.01421e-05
5.01418e-05
5.01416e-05
5.01413e-05
5.01411e-05
5.01408e-05
5.01406e-05
5.01403e-05
5.01401e-05
5.01399e-05
5.01396e-05
5.01394e-05
5.01391e-05
5.01389e-05
5.01386e-05
5.01384e-05
5.01382e-05
5.01379e-05
5.01377e-05
5.01374e-05
5.01372e-05
5.0137e-05
5.01367e-05
5.01365e-05
5.01363e-05
5.0136e-05
5.01358e-05
5.01355e-05
5.01353e-05
5.01351e-05
5.01348e-05
5.01346e-05
5.01344e-05
5.01341e-05
5.01339e-05
5.01337e-05
5.01334e-05
5.01332e-05
5.0133e-05
5.01327e-05
5.01325e-05
5.01323e-05
5.01321e-05
5.01318e-05
5.01316e-05
5.01314e-05
5.01311e-05
5.01309e-05
5.01307e-05
5.01305e-05
5.01302e-05
5.013e-05
5.01298e-05
5.01295e-05
5.01293e-05
5.01291e-05
5.01289e-05
5.01286e-05
5.01284e-05
5.01282e-05
5.0128e-05
5.01278e-05
5.01275e-05
5.01273e-05
5.01271e-05
5.01269e-05
5.01266e-05
5.01264e-05
5.01262e-05
5.0126e-05
5.01258e-05
5.01256e-05
5.01253e-05
5.01251e-05
5.01249e-05
5.01247e-05
5.01245e-05
5.01242e-05
5.0124e-05
5.01238e-05
5.01236e-05
5.01234e-05
5.01232e-05
5.0123e-05
5.01227e-05
5.01225e-05
5.01223e-05
5.01221e-05
5.01219e-05
5.01217e-05
5.01215e-05
5.01213e-05
5.0121e-05
5.01208e-05
5.01206e-05
5.01204e-05
5.01202e-05
5.012e-05
5.01198e-05
5.01196e-05
5.01194e-05
5.01192e-05
5.0119e-05
5.01187e-05
5.01185e-05
5.01183e-05
5.01181e-05
5.01179e-05
5.01177e-05
5.01175e-05
5.01173e-05
5.01171e-05
5.01169e-05
5.01167e-05
5.01165e-05
5.01163e-05
5.01161e-05
5.01159e-05
5.01157e-05
5.01155e-05
5.01153e-05
5.01151e-05
5.01149e-05
5.01147e-05
5.01145e-05
5.01143e-05
5.01141e-05
5.01139e-05
5.01137e-05
5.01135e-05
5.01133e-05
5.01131e-05
5.01129e-05
5.01127e-05
5.01125e-05
5.01123e-05
5.01121e-05
5.01119e-05
5.01117e-05
5.01115e-05
5.01113e-05
5.01111e-05
5.0111e-05
5.01108e-05
5.01106e-05
5.01104e-05
5.01102e-05
5.011e-05
5.01098e-05
5.01096e-05
5.01094e-05
5.01092e-05
5.0109e-05
5.01089e-05
5.01087e-05
5.01085e-05
5.01083e-05
5.01081e-05
5.01079e-05
5.01077e-05
5.01075e-05
5.01073e-05
5.01072e-05
5.0107e-05
5.01068e-05
5.01066e-05
5.01064e-05
5.01062e-05
5.0106e-05
5.01059e-05
5.01057e-05
5.01055e-05
5.01053e-05
5.01051e-05
5.01049e-05
5.01048e-05
5.01046e-05
5.01044e-05
5.01042e-05
5.0104e-05
5.01039e-05
5.01037e-05
5.01035e-05
5.01033e-05
5.01031e-05
5.0103e-05
5.01028e-05
5.01026e-05
5.01024e-05
5.01022e-05
5.01021e-05
5.01019e-05
5.01017e-05
5.01015e-05
5.01014e-05
5.01012e-05
5.0101e-05
5.01008e-05
5.01007e-05
5.01005e-05
5.01003e-05
5.01001e-05
5.01e-05
5.00998e-05
5.00996e-05
5.00994e-05
5.00993e-05
5.00991e-05
5.00989e-05
5.00987e-05
5.00986e-05
5.00984e-05
5.00982e-05
5.00981e-05
5.00979e-05
5.00977e-05
5.00975e-05
5.00974e-05
5.00972e-05
5.0097e-05
5.00969e-05
5.00967e-05
5.00965e-05
5.00964e-05
5.00962e-05
5.0096e-05
5.00959e-05
5.00957e-05
5.00955e-05
5.00954e-05
5.00952e-05
5.0095e-05
5.00949e-05
5.00947e-05
5.00945e-05
5.00944e-05
5.00942e-05
5.0094e-05
5.00939e-05
5.00937e-05
5.00936e-05
5.00934e-05
5.00932e-05
5.00931e-05
5.00929e-05
5.00927e-05
5.00926e-05
5.00924e-05
5.00923e-05
5.00921e-05
5.00919e-05
5.00918e-05
5.00916e-05
5.00915e-05
5.00913e-05
5.00911e-05
5.0091e-05
5.00908e-05
5.00907e-05
5.00905e-05
5.00904e-05
5.00902e-05
5.009e-05
5.00899e-05
5.00897e-05
5.00896e-05
5.00894e-05
5.00893e-05
5.00891e-05
5.0089e-05
5.00888e-05
5.00886e-05
5.00885e-05
5.00883e-05
5.00882e-05
5.0088e-05
5.00879e-05
5.00877e-05
5.00876e-05
5.00874e-05
5.00873e-05
5.00871e-05
5.0087e-05
5.00868e-05
5.00867e-05
5.00865e-05
5.00864e-05
5.00862e-05
5.00861e-05
5.00859e-05
5.00858e-05
5.00856e-05
5.00855e-05
5.00853e-05
5.00852e-05
5.0085e-05
5.00849e-05
5.00847e-05
5.00846e-05
5.00844e-05
5.00843e-05
5.00841e-05
5.0084e-05
5.00838e-05
5.00837e-05
5.00835e-05
5.00834e-05
5.00833e-05
5.00831e-05
5.0083e-05
5.00828e-05
5.00827e-05
5.00825e-05
5.00824e-05
5.00822e-05
5.00821e-05
5.0082e-05
5.00818e-05
5.00817e-05
5.00815e-05
5.00814e-05
5.00813e-05
5.00811e-05
5.0081e-05
5.00808e-05
5.00807e-05
5.00805e-05
5.00804e-05
5.00803e-05
5.00801e-05
5.008e-05
5.00799e-05
5.00797e-05
5.00796e-05
5.00794e-05
5.00793e-05
5.00792e-05
5.0079e-05
5.00789e-05
5.00787e-05
5.00786e-05
5.00785e-05
5.00783e-05
5.00782e-05
5.00781e-05
5.00779e-05
5.00778e-05
5.00777e-05
5.00775e-05
5.00774e-05
5.00773e-05
5.00771e-05
5.0077e-05
5.00769e-05
5.00767e-05
5.00766e-05
5.00765e-05
5.00763e-05
5.00762e-05
5.00761e-05
5.00759e-05
5.00758e-05
5.00757e-05
5.00755e-05
5.00754e-05
5.00753e-05
5.00751e-05
5.0075e-05
5.00749e-05
5.00747e-05
5.00746e-05
5.00745e-05
5.00744e-05
5.00742e-05
5.00741e-05
5.0074e-05
5.00738e-05
5.00737e-05
5.00736e-05
5.00735e-05
5.00733e-05
5.00732e-05
5.00731e-05
5.00729e-05
5.00728e-05
5.00727e-05
5.00726e-05
5.00724e-05
5.00723e-05
5.00722e-05
5.00721e-05
5.00719e-05
5.00718e-05
5.00717e-05
5.00716e-05
5.00714e-05
5.00713e-05
5.00712e-05
5.00711e-05
5.00709e-05
5.00708e-05
5.00707e-05
5.00706e-05
5.00704e-05
5.00703e-05
5.00702e-05
5.00701e-05
5.007e-05
5.00698e-05
5.00697e-05
5.00696e-05
5.00695e-05
5.00694e-05
5.00692e-05
5.00691e-05
5.0069e-05
5.00689e-05
5.00688e-05
5.00686e-05
5.00685e-05
5.00684e-05
5.00683e-05
5.00682e-05
5.0068e-05
5.00679e-05
5.00678e-05
5.00677e-05
5.00676e-05
5.00674e-05
5.00673e-05
5.00672e-05
5.00671e-05
5.0067e-05
5.00669e-05
5.00667e-05
5.00666e-05
5.00665e-05
5.00664e-05
5.00663e-05
5.00662e-05
5.00661e-05
5.00659e-05
5.00658e-05
5.00657e-05
5.00656e-05
5.00655e-05
5.00654e-05
5.00653e-05
5.00651e-05
5.0065e-05
5.00649e-05
5.00648e-05
5.00647e-05
5.00646e-05
5.00645e-05
5.00643e-05
5.00642e-05
5.00641e-05
5.0064e-05
5.00639e-05
5.00638e-05
5.00637e-05
5.00636e-05
5.00635e-05
5.00633e-05
5.00632e-05
5.00631e-05
5.0063e-05
5.00629e-05
5.00628e-05
5.00627e-05
5.00626e-05
5.00625e-05
5.00624e-05
5.00623e-05
5.00621e-05
5.0062e-05
5.00619e-05
5.00618e-05
5.00617e-05
5.00616e-05
5.00615e-05
5.00614e-05
5.00613e-05
5.00612e-05
5.00611e-05
5.0061e-05
5.00609e-05
5.00608e-05
5.00607e-05
5.00605e-05
5.00604e-05
5.00603e-05
5.00602e-05
5.00601e-05
5.006e-05
5.00599e-05
5.00598e-05
5.00597e-05
5.00596e-05
5.00595e-05
5.00594e-05
5.00593e-05
5.00592e-05
5.00591e-05
5.0059e-05
5.00589e-05
5.00588e-05
5.00587e-05
5.00586e-05
5.00585e-05
5.00584e-05
5.00583e-05
5.00582e-05
5.00581e-05
5.0058e-05
5.00579e-05
5.00578e-05
5.00577e-05
5.00576e-05
5.00575e-05
5.00574e-05
5.00573e-05
5.00572e-05
5.00571e-05
5.0057e-05
5.00569e-05
5.00568e-05
5.00567e-05
5.00566e-05
5.00565e-05
5.00564e-05
5.00563e-05
5.00562e-05
5.00561e-05
5.0056e-05
5.00559e-05
5.00558e-05
5.00557e-05
5.00556e-05
5.00555e-05
5.00554e-05
5.00553e-05
5.00552e-05
5.00551e-05
5.0055e-05
5.00549e-05
5.00548e-05
5.00547e-05
5.00546e-05
5.00545e-05
5.00544e-05
5.00544e-05
5.00543e-05
5.00542e-05
5.00541e-05
5.0054e-05
5.00539e-05
5.00538e-05
5.00537e-05
5.00536e-05
5.00535e-05
5.00534e-05
5.00533e-05
5.00532e-05
5.00531e-05
5.0053e-05
5.0053e-05
5.00529e-05
5.00528e-05
5.00527e-05
5.00526e-05
5.00525e-05
5.00524e-05
5.00523e-05
5.00522e-05
5.00521e-05
5.0052e-05
5.00519e-05
5.00519e-05
5.00518e-05
5.00517e-05
5.00516e-05
5.00515e-05
5.00514e-05
5.00513e-05
5.00512e-05
5.00511e-05
5.00511e-05
5.0051e-05
5.00509e-05
5.00508e-05
5.00507e-05
5.00506e-05
5.00505e-05
5.00504e-05
5.00503e-05
5.00503e-05
5.00502e-05
5.00501e-05
5.005e-05
5.00499e-05
5.00498e-05
5.00497e-05
5.00496e-05
5.00496e-05
5.00495e-05
5.00494e-05
5.00493e-05
5.00492e-05
5.00491e-05
5.0049e-05
5.0049e-05
5.00489e-05
5.00488e-05
5.00487e-05
5.00486e-05
5.00485e-05
5.00485e-05
5.00484e-05
5.00483e-05
5.00482e-05
5.00481e-05
5.0048e-05
5.0048e-05
5.00479e-05
5.00478e-05
5.00477e-05
5.00476e-05
5.00475e-05
5.00475e-05
5.00474e-05
5.00473e-05
5.00472e-05
5.00471e-05
5.0047e-05
5.0047e-05
5.00469e-05
5.00468e-05
5.00467e-05
5.00466e-05
5.00466e-05
5.00465e-05
5.00464e-05
5.00463e-05
5.00462e-05
5.00461e-05
5.00461e-05
5.0046e-05
5.00459e-05
5.00458e-05
5.00457e-05
5.00457e-05
5.00456e-05
5.00455e-05
5.00454e-05
5.00454e-05
5.00453e-05
5.00452e-05
5.00451e-05
5.0045e-05
5.0045e-05
5.00449e-05
5.00448e-05
5.00447e-05
5.00446e-05
5.00446e-05
5.00445e-05
5.00444e-05
5.00443e-05
5.00443e-05
5.00442e-05
5.00441e-05
5.0044e-05
5.0044e-05
5.00439e-05
5.00438e-05
5.00437e-05
5.00436e-05
5.00436e-05
5.00435e-05
5.00434e-05
5.00433e-05
5.00433e-05
5.00432e-05
5.00431e-05
5.0043e-05
5.0043e-05
5.00429e-05
5.00428e-05
5.00427e-05
5.00427e-05
5.00426e-05
5.00425e-05
5.00425e-05
5.00424e-05
5.00423e-05
5.00422e-05
5.00422e-05
5.00421e-05
5.0042e-05
5.00419e-05
5.00419e-05
5.00418e-05
5.00417e-05
5.00416e-05
5.00416e-05
5.00415e-05
5.00414e-05
5.00414e-05
5.00413e-05
5.00412e-05
5.00411e-05
5.00411e-05
5.0041e-05
5.00409e-05
5.00409e-05
5.00408e-05
5.00407e-05
5.00406e-05
5.00406e-05
5.00405e-05
5.00404e-05
5.00404e-05
5.00403e-05
5.00402e-05
5.00402e-05
5.00401e-05
5.004e-05
5.00399e-05
5.00399e-05
5.00398e-05
5.00397e-05
5.00397e-05
5.00396e-05
5.00395e-05
5.00395e-05
5.00394e-05
5.00393e-05
5.00393e-05
5.00392e-05
5.00391e-05
5.0039e-05
5.0039e-05
5.00389e-05
5.00388e-05
5.00388e-05
5.00387e-05
5.00386e-05
5.00386e-05
5.00385e-05
5.00384e-05
5.00384e-05
5.00383e-05
5.00382e-05
5.00382e-05
5.00381e-05
5.0038e-05
5.0038e-05
5.00379e-05
5.00378e-05
5.00378e-05
5.00377e-05
5.00376e-05
5.00376e-05
5.00375e-05
5.00375e-05
5.00374e-05
5.00373e-05
5.00373e-05
5.00372e-05
5.00371e-05
5.00371e-05
5.0037e-05
5.00369e-05
5.00369e-05
5.00368e-05
5.00367e-05
5.00367e-05
5.00366e-05
5.00365e-05
5.00365e-05
5.00364e-05
5.00364e-05
5.00363e-05
5.00362e-05
5.00362e-05
5.00361e-05
5.0036e-05
5.0036e-05
5.00359e-05
5.00359e-05
5.00358e-05
5.00357e-05
5.00357e-05
5.00356e-05
5.00355e-05
5.00355e-05
5.00354e-05
5.00354e-05
5.00353e-05
5.00352e-05
5.00352e-05
5.00351e-05
5.00351e-05
5.0035e-05
5.00349e-05
5.00349e-05
5.00348e-05
5.00347e-05
5.00347e-05
5.00346e-05
5.00346e-05
5.00345e-05
5.00344e-05
5.00344e-05
5.00343e-05
5.00343e-05
5.00342e-05
5.00342e-05
5.00341e-05
5.0034e-05
5.0034e-05
5.00339e-05
5.00339e-05
5.00338e-05
5.00337e-05
5.00337e-05
5.00336e-05
5.00336e-05
5.00335e-05
5.00334e-05
5.00334e-05
5.00333e-05
5.00333e-05
5.00332e-05
5.00332e-05
5.00331e-05
5.0033e-05
5.0033e-05
5.00329e-05
5.00329e-05
5.00328e-05
5.00328e-05
5.00327e-05
5.00326e-05
5.00326e-05
5.00325e-05
5.00325e-05
5.00324e-05
5.00324e-05
5.00323e-05
5.00322e-05
5.00322e-05
5.00321e-05
5.00321e-05
5.0032e-05
5.0032e-05
5.00319e-05
5.00319e-05
5.00318e-05
5.00317e-05
5.00317e-05
5.00316e-05
5.00316e-05
5.00315e-05
5.00315e-05
5.00314e-05
5.00314e-05
5.00313e-05
5.00312e-05

