5e-05
5e-05
5e-05
5e-05
5e-05
5e-05
5e-05
5e-05
5e-05
5e-05
5e-05
5e-05
5e-05
5e-05
5e-05
5e-05
5e-05
5e-05
5e-05
5e-05
5e-05
5e-05
5e-05
5e-05
5e-05
5e-05
5e-05
5e-05
5e-05
5e-05
5e-05
5e-05
5e-05
5e-05
5e-05
5e-05
5e-05
5e-05
5e-05
5e-05
5e-05
5e-05
5e-05
5e-05
5e-05
5e-05
5e-05
5e-05
5e-05
5e-05
5e-05
5e-05
5e-05
5e-05
5e-05
5e-05
5e-05
5e-05
5e-05
5e-05
5e-05
5e-05
5e-05
5e-05
5e-05
5e-05
5e-05
5e-05
5e-05
5e-05
5e-05
5e-05
5e-05
5e-05
5e-05
5e-05
5e-05
5e-05
5e-05
5e-05
5e-05
5e-05
5e-05
5e-05
5e-05
5e-05
5e-05
5e-05
5e-05
5e-05
5e-05
5e-05
5e-05
5e-05
5e-05
5e-05
5e-05
5e-05
5e-05
5e-05
5e-05
5e-05
5e-05
5e-05
5e-05
5e-05
5e-05
5e-05
5e-05
5e-05
5e-05
5e-05
5e-05
5e-05
5e-05
5e-05
5e-05
5e-05
5e-05
5e-05
5e-05
5e-05
5e-05
5e-05
5e-05
5e-05
5e-05
5e-05
5e-05
5e-05
5e-05
5e-05
5e-05
5e-05
5e-05
5e-05
5e-05
5e-05
5e-05
5e-05
5e-05
5e-05
5e-05
5e-05
5e-05
5e-05
5e-05
5e-05
5e-05
5e-05
5e-05
5e-05
5e-05
5e-05
5e-05
5e-05
5e-05
5e-05
5e-05
5e-05
5e-05
5e-05
5e-05
5e-05
5e-05
5e-05
5e-05
5e-05
5e-05
5e-05
5e-05
5e-05
5e-05
5e-05
5e-05
5e-05
5e-05
5e-05
5e-05
5e-05
5e-05
5e-05
5e-05
5e-05
5e-05
5e-05
5e-05
5e-05
5e-05
5e-05
5e-05
5e-05
5e-05
5e-05
5e-05
5e-05
5e-05
5e-05
5e-05
5e-05
5e-05
5e-05
5e-05
5e-05
5e-05
5e-05
5e-05
5e-05
5e-05
5e-05
5e-05
5e-05
5e-05
5e-05
5e-05
5e-05
5e-05
5e-05
5e-05
5e-05
5e-05
5e-05
5e-05
5e-05
5e-05
5e-05
5e-05
5e-05
5e-05
5e-05
5e-05
5e-05
5e-05
5e-05
5e-05
5e-05
5e-05
5e-05
5e-05
5e-05
5e-05
5e-05
5e-05
5e-05
5e-05
5e-05
5e-05
5e-05
5e-05
5e-05
5e-05
5e-05
5e-05
5e-05
5e-05
5e-05
5e-05
5e-05
5e-05
5e-05
5e-05
5e-05
5e-05
5e-05
5e-05
5e-05
5e-05
5e-05
5e-05
5e-05
5e-05
5e-05
5e-05
5e-05
5e-05
5e-05
5e-05
5e-05
5e-05
5e-05
5e-05
5e-05
5e-05
5e-05
5e-05
5e-05
5e-05
5e-05
5e-05
5e-05
5e-05
5e-05
5e-05
5e-05
5e-05
5e-05
5e-05
5e-05
5e-05
5e-05
5e-05
5e-05
5e-05
5e-05
5e-05
5e-05
5e-05
5e-05
5e-05
5e-05
5e-05
5e-05
5e-05
5e-05
5e-05
5e-05
5e-05
5e-05
5e-05
5e-05
5e-05
5e-05
5e-05
5e-05
5e-05
5e-05
5e-05
5e-05
5e-05
5e-05
5e-05
5e-05
5e-05
5e-05
5e-05
5e-05
5e-05
5e-05
5e-05
5e-05
5e-05
5e-05
5e-05
5e-05
5e-05
5e-05
5e-05
5e-05
5e-05
5e-05
5e-05
5e-05
5e-05
5e-05
5e-05
5e-05
5e-05
5e-05
5e-05
5e-05
5e-05
5e-05
5e-05
5e-05
5e-05
5e-05
5e-05
5e-05
5e-05
5e-05
5e-05
5e-05
5e-05
5e-05
5e-05
5e-05
5e-05
5e-05
5e-05
5e-05
5e-05
5e-05
5e-05
5e-05
5e-05
5e-05
5e-05
5e-05
5e-05
5e-05
5e-05
5e-05
5e-05
5e-05
5e-05
5e-05
5e-05
5e-05
5e-05
5e-05
5e-05
5e-05
5e-05
5e-05
5e-05
5e-05
5e-05
5e-05
5e-05
5e-05
5e-05
5e-05
5e-05
5e-05
5e-05
5e-05
5e-05
5e-05
5e-05
5e-05
5e-05
5e-05
5e-05
5e-05
5e-05
5e-05
5e-05
5e-05
5e-05
5e-05
5e-05
5e-05
5e-05
5e-05
5e-05
5e-05
5e-05
5e-05
5e-05
5e-05
5e-05
5e-05
5e-05
5e-05
5e-05
5e-05
5e-05
5e-05
5e-05
5e-05
5e-05
5e-05
5e-05
5e-05
5e-05
5e-05
5e-05
5e-05
5e-05
5e-05
5e-05
5e-05
5e-05
5e-05
5e-05
5e-05
5e-05
5e-05
5e-05
5e-05
5e-05
5e-05
5e-05
5e-05
5e-05
5e-05
5e-05
5e-05
5e-05
5e-05
5e-05
5e-05
5e-05
5e-05
5e-05
5e-05
5e-05
5e-05
5e-05
5e-05
5e-05
5e-05
5e-05
5e-05
5e-05
5e-05
5e-05
5e-05
5e-05
5e-05
5e-05
5e-05
5e-05
5e-05
5e-05
5e-05
5e-05
5e-05
5e-05
5e-05
5e-05
5e-05
5e-05
5e-05
5e-05
5e-05
5e-05
5e-05
5e-05
5e-05
5e-05
5e-05
5e-05
5e-05
5e-05
5e-05
5e-05
5e-05
5e-05
5e-05
5e-05
5e-05
5e-05
5e-05
5e-05
5e-05
5e-05
5e-05
5e-05
5e-05
5e-05
5e-05
5e-05
5e-05
5e-05
5e-05
5e-05
5e-05
5e-05
5e-05
5e-05
5e-05
5e-05
5e-05
5e-05
5e-05
5e-05
5e-05
5e-05
5e-05
5e-05
5e-05
5e-05
5e-05
5e-05
5e-05
5e-05
5e-05
5e-05
5e-05
5e-05
5e-05
5e-05
5e-05
5e-05
5e-05
5e-05
5e-05
5e-05
5e-05
5e-05
5e-05
5e-05
5e-05
5e-05
5e-05
5e-05
5e-05
5e-05
5e-05
5e-05
5e-05
5e-05
5e-05
5e-05
5e-05
5e-05
5e-05
5e-05
5e-05
5e-05
5e-05
5e-05
5e-05
5e-05
5e-05
5e-05
5e-05
5e-05
5e-05
5e-05
5e-05
5e-05
5e-05
5e-05
5e-05
5e-05
5e-05
5e-05
5e-05
5e-05
5e-05
5e-05
5e-05
5e-05
5e-05
5e-05
5e-05
5e-05
5e-05
5e-05
5e-05
5e-05
5e-05
5e-05
5e-05
5e-05
5e-05
5e-05
5e-05
5e-05
5e-05
5e-05
5e-05
5e-05
5e-05
5e-05
5e-05
5e-05
5e-05
5e-05
5e-05
5e-05
5e-05
5e-05
5e-05
5e-05
5e-05
5e-05
5e-05
5e-05
5e-05
5e-05
5e-05
5e-05
5e-05
5e-05
5e-05
5e-05
5e-05
5e-05
5e-05
5e-05
5e-05
5e-05
5e-05
5e-05
5e-05
5e-05
5e-05
5e-05
5e-05
5e-05
5e-05
5e-05
5e-05
5e-05
5e-05
5e-05
5e-05
5e-05
5e-05
5e-05
5e-05
5e-05
5e-05
5e-05
5e-05
5e-05
5e-05
5e-05
5e-05
5e-05
5e-05
5e-05
5e-05
5e-05
5e-05
5e-05
5e-05
5e-05
5e-05
5e-05
5e-05
5e-05
5e-05
5e-05
5e-05
5e-05
5e-05
5e-05
5e-05
5e-05
5e-05
5e-05
5e-05
5e-05
5e-05
5e-05
5e-05
5e-05
5e-05
5e-05
5e-05
5e-05
5e-05
5e-05
5e-05
5e-05
5e-05
5e-05
5e-05
5e-05
5e-05
5e-05
5e-05
5e-05
5e-05
5e-05
5e-05
5e-05
5e-05
5e-05
5e-05
5e-05
5e-05
5e-05
5e-05
5e-05
5e-05
5e-05
5e-05
5e-05
5e-05
5e-05
5e-05
5e-05
5e-05
5e-05
5e-05
5e-05
5e-05
5e-05
5e-05
5e-05
5e-05
5e-05
5e-05
5e-05
5e-05
5e-05
5e-05
5e-05
5e-05
5e-05
5e-05
5e-05
5e-05
5e-05
5e-05
5e-05
5e-05
5e-05
5e-05
5e-05
5e-05
5e-05
5e-05
5e-05
5e-05
5e-05
7.68605e-05
9.90226e-05
0.000117722
0.000133838
0.000148002
0.00016067
0.000172173
0.000182756
0.000192598
0.000201838
0.000210576
0.000218894
0.000226852
0.0002345
0.000241876
0.000249013
0.000255936
0.000262667
0.000269224
0.000275623
0.000281876
0.000287996
0.000293992
0.000299873
0.000305647
0.000311321
0.000316901
0.000322392
0.000327801
0.00033313
0.000338386
0.000343571
0.000348689
0.000353743
0.000358736
0.000363672
0.000368552
0.00037338
0.000378156
0.000382884
0.000387566
0.000392203
0.000396797
0.000401349
0.000405861
0.000410335
0.000414772
0.000419174
0.00042354
0.000427874
0.000432175
0.000436444
0.000440684
0.000444894
0.000449076
0.00045323
0.000457358
0.00046146
0.000465536
0.000469588
0.000473617
0.000477622
0.000481605
0.000485566
0.000489506
0.000493425
0.000497324
0.000501203
0.000505064
0.000508906
0.000512729
0.000516535
0.000520324
0.000524095
0.000527851
0.00053159
0.000535314
0.000539022
0.000542716
0.000546395
0.000523199
0.000504683
0.000489614
0.000477113
0.00046655
0.00045747
0.000449542
0.000442523
0.000436231
0.000430532
0.000425322
0.000420523
0.000416071
0.00041192
0.000408029
0.000404369
0.000400912
0.000397637
0.000394527
0.000391566
0.000388741
0.000386042
0.000383457
0.000380978
0.000378598
0.00037631
0.000374108
0.000371987
0.00036994
0.000367965
0.000366057
0.000364212
0.000362427
0.000360698
0.000359024
0.0003574
0.000355826
0.000354297
0.000352813
0.000351372
0.000349971
0.000348608
0.000347283
0.000345993
0.000344738
0.000343515
0.000342325
0.000341164
0.000340033
0.00033893
0.000337854
0.000336805
0.000335781
0.000334781
0.000333805
0.000332852
0.000331921
0.000331012
0.000330123
0.000329255
0.000328406
0.000327576
0.000326764
0.000325971
0.000325194
0.000324435
0.000323691
0.000322964
0.000322252
0.000321555
0.000320873
0.000320205
0.000319551
0.00031891
0.000318282
0.000317667
0.000317065
0.000316475
0.000315896
0.000315329
0.000314774
0.000314229
0.000313695
0.000313171
0.000312658
0.000312154
0.000311661
0.000311176
0.000310701
0.000310235
0.000309778
0.000309329
0.000308889
0.000308457
0.000308033
0.000307617
0.000307209
0.000306808
0.000306414
0.000306028
0.000305648
0.000305275
0.00030491
0.00030455
0.000304197
0.00030385
0.00030351
0.000303175
0.000302846
0.000302523
0.000302206
0.000301894
0.000301587
0.000301286
0.000300989
0.000300698
0.000300412
0.00030013
0.000299853
0.000299581
0.000299313
0.00029905
0.000298791
0.000298536
0.000298286
0.000298039
0.000297796
0.000297558
0.000297323
0.000297092
0.000296864
0.00029664
0.000296419
0.000296202
0.000295989
0.000295778
0.000295571
0.000295367
0.000295165
0.000294967
0.000294772
0.00029458
0.000294391
0.000294204
0.00029402
0.000293839
0.00029366
0.000293484
0.00029331
0.000293139
0.00029297
0.000292803
0.000292639
0.000292477
0.000292317
0.00029216
0.000292004
0.000291851
0.000291699
0.00029155
0.000291402
0.000291257
0.000291113
0.000290971
0.000290831
0.000290693
0.000290556
0.000290421
0.000290287
0.000290156
0.000290025
0.000289897
0.00028977
0.000289644
0.00028952
0.000289397
0.000289276
0.000289156
0.000289037
0.000288919
0.000288803
0.000288688
0.000288575
0.000288462
0.000288351
0.000288241
0.000288132
0.000288024
0.000287917
0.000287812
0.000287707
0.000287603
0.000287501
0.000287399
0.000287298
0.000287199
0.0002871
0.000287002
0.000286905
0.000286809
0.000286713
0.000286619
0.000286525
0.000286432
0.00028634
0.000286249
0.000286158
0.000286068
0.000285979
0.00028589
0.000285803
0.000285716
0.000285629
0.000285543
0.000285458
0.000285374
0.00028529
0.000285207
0.000285124
0.000285042
0.00028496
0.000284879
0.000284799
0.000284719
0.000284639
0.00028456
0.000284482
0.000284404
0.000284327
0.00028425
0.000284173
0.000284097
0.000284021
0.000283946
0.000283871
0.000283797
0.000283723
0.00028365
0.000283576
0.000283504
0.000283431
0.000283359
0.000283288
0.000283216
0.000283145
0.000283075
0.000283004
0.000282934
0.000282865
0.000282795
0.000282726
0.000282658
0.000282589
0.000282521
0.000282453
0.000282386
0.000282318
0.000282251
0.000282184
0.000282118
0.000282052
0.000281986
0.00028192
0.000281854
0.000281789
0.000281724
0.000281659
0.000281594
0.00028153
0.000281466
0.000281402
0.000281338
0.000281274
0.000281211
0.000281148
0.000281085
0.000281022
0.000280959
0.000280897
0.000280834
0.000280772
0.00028071
0.000280648
0.000280587
0.000280525
0.000280464
0.000280403
0.000280342
0.000280281
0.00028022
0.00028016
0.000280099
0.000280039
0.000279979
0.000279918
0.000279859
0.000279799
0.000279739
0.000279679
0.00027962
0.000279561
0.000279501
0.000279442
0.000279383
0.000279324
0.000279266
0.000279207
0.000279148
0.00027909
0.000279032
0.000278973
0.000278915
0.000278857
0.000278799
0.000278741
0.000278683
0.000278626
0.000278568
0.00027851
0.000278453
0.000278396
0.000278338
0.000278281
0.000278224
0.000278167
0.00027811
0.000278053
0.000277996
0.000277939
0.000277882
0.000277826
0.000277769
0.000277713
0.000277656
0.0002776
0.000277543
0.000277487
0.000277431
0.000277375
0.000277319
0.000277263
0.000277207
0.000277151
0.000277095
0.000277039
0.000276983
0.000276928
0.000276872
0.000276816
0.000276761
0.000276705
0.00027665
0.000276594
0.000276539
0.000276484
0.000276429
0.000276373
0.000276318
0.000276263
0.000276208
0.000276153
0.000276098
0.000276043
0.000275988
0.000275933
0.000275878
0.000275823
0.000275769
0.000275714
0.000275659
0.000275605
0.00027555
0.000275495
0.000275441
0.000275386
0.000275332
0.000275277
0.000275223
0.000275168
0.000275114
0.00027506
0.000275006
0.000274951
0.000274897
0.000274843
0.000274789
0.000274735
0.00027468
0.000274626
0.000274572
0.000274518
0.000274464
0.00027441
0.000274356
0.000274302
0.000274249
0.000274195
0.000274141
0.000274087
0.000274033
0.00027398
0.000273926
0.000273872
0.000273818
0.000273765
0.000273711
0.000273658
0.000273604
0.00027355
0.000273497
0.000273443
0.00027339
0.000273336
0.000273283
0.00027323
0.000273176
0.000273123
0.000273069
0.000273016
0.000272963
0.000272909
0.000272856
0.000272803
0.00027275
0.000272696
0.000272643
0.00027259
0.000272537
0.000272484
0.000272431
0.000272378
0.000272324
0.000272271
0.000272218
0.000272165
0.000272112
0.000272059
0.000272006
0.000271953
0.000271901
0.000271848
0.000271795
0.000271742
0.000271689
0.000271636
0.000271583
0.000271531
0.000271478
0.000271425
0.000271372
0.000271319
0.000271267
0.000271214
0.000271161
0.000271109
0.000271056
0.000271003
0.000270951
0.000270898
0.000270846
0.000270793
0.00027074
0.000270688
0.000270635
0.000270583
0.00027053
0.000270478
0.000270425
0.000270373
0.00027032
0.000270268
0.000270216
0.000270163
0.000270111
0.000270058
0.000270006
0.000269954
0.000269901
0.000269849
0.000269797
0.000269745
0.000269692
0.00026964
0.000269588
0.000269536
0.000269483
0.000269431
0.000269379
0.000269327
0.000269275
0.000269223
0.000269171
0.000269118
0.000269066
0.000269014
0.000268962
0.00026891
0.000268858
0.000268806
0.000268754
0.000268702
0.00026865
0.000268598
0.000268546
0.000268494
0.000268442
0.00026839
0.000268338
0.000268287
0.000268235
0.000268183
0.000268131
0.000268079
0.000268027
0.000267976
0.000267924
0.000267872
0.00026782
0.000267768
0.000267717
0.000267665
0.000267613
0.000267562
0.00026751
0.000267458
0.000267407
0.000267355
0.000267303
0.000267252
0.0002672
0.000267148
0.000267097
0.000267045
0.000266994
0.000266942
0.000266891
0.000266839
0.000266788
0.000266736
0.000266685
0.000266633
0.000266582
0.00026653
0.000266479
0.000266427
0.000266376
0.000266325
0.000266273
0.000266222
0.000266171
0.000266119
0.000266068
0.000266017
0.000265965
0.000265914
0.000265863
0.000265811
0.00026576
0.000265709
0.000265658
0.000265606
0.000265555
0.000265504
0.000265453
0.000265402
0.000265351
0.000265299
0.000265248
0.000265197
0.000265146
0.000265095
0.000265044
0.000264993
0.000264942
0.000264891
0.00026484
0.000264789
0.000264738
0.000264687
0.000264636
0.000264585
0.000264534
0.000264483
0.000264432
0.000264381
0.00026433
0.000264279
0.000264228
0.000264177
0.000264126
0.000264076
0.000264025
0.000263974
0.000263923
0.000263872
0.000263822
0.000263771
0.00026372
0.000263669
0.000263618
0.000263568
0.000263517
0.000263466
0.000263416
0.000263365
0.000263314
0.000263264
0.000263213
0.000263162
0.000263112
0.000263061
0.00026301
0.00026296
0.000262909
0.000262859
0.000262808
0.000262758
0.000262707
0.000262657
0.000262606
0.000262556
0.000262505
0.000262455
0.000262404
0.000262354
0.000262303
0.000262253
0.000262202
0.000262152
0.000262102
0.000262051
0.000262001
0.000261951
0.0002619
0.00026185
0.0002618
0.000261749
0.000261699
0.000261649
0.000261598
0.000261548
0.000261498
0.000261448
0.000261398
0.000261347
0.000261297
0.000261247
0.000261197
0.000261147
0.000261096
0.000261046
0.000260996
0.000260946
0.000260896
0.000260846
0.000260796
0.000260746
0.000260696
0.000260646
0.000260596
0.000260546
0.000260496
0.000260446
0.000260396
0.000260346
0.000260296
0.000260246
0.000260196
0.000260146
0.000260096
0.000260046
0.000259996
0.000259946
0.000259896
0.000259846
0.000259797
0.000259747
0.000259697
0.000259647
0.000259597
0.000259548
0.000259498
0.000259448
0.000259398
0.000259349
0.000259299
0.000259249
0.000259199
0.00025915
0.0002591
0.00025905
0.000259001
0.000258951
0.000258901
0.000258852
0.000258802
0.000258753
0.000258703
0.000258653
0.000258604
0.000258554
0.000258505
0.000258455
0.000258406
0.000258356
0.000258307
0.000258257
0.000258208
0.000258158
0.000258109
0.000258059
0.00025801
0.00025796
0.000257911
0.000257862
0.000257812
0.000257763
0.000257714
0.000257664
0.000257615
0.000257566
0.000257516
0.000257467
0.000257418
0.000257368
0.000257319
0.00025727
0.000257221
0.000257171
0.000257122
0.000257073
0.000257024
0.000256975
0.000256925
0.000256876
0.000256827
0.000256778
0.000256729
0.00025668
0.000256631
0.000256581
0.000256532
0.000256483
0.000256434
0.000256385
0.000256336
0.000256287
0.000256238
0.000256189
0.00025614
0.000256091
0.000256042
0.000255993
0.000255944
0.000255895
0.000255846
0.000255797
0.000255749
0.0002557
0.000255651
0.000255602
0.000255553
0.000255504
0.000255455
0.000255407
0.000255358
0.000255309
0.00025526
0.000255211
0.000255163
0.000255114
0.000255065
0.000255016
0.000254968
0.000254919
0.00025487
0.000254822
0.000254773
0.000254724
0.000254676
0.000254627
0.000254578
0.00025453
0.000254481
0.000254432
0.000254384
0.000254335
0.000254287
0.000254238
0.00025419
0.000254141
0.000254093
0.000254044
0.000253996
0.000253947
0.000253899
0.00025385
0.000253802
0.000253753
0.000253705
0.000253656
0.000253608
0.00025356
0.000253511
0.000253463
0.000253415
0.000253366
0.000253318
0.00025327
0.000253221
0.000253173
0.000253125
0.000253076
0.000253028
0.00025298
0.000252932
0.000252883
0.000252835
0.000252787
0.000252739
0.000252691
0.000252642
0.000252594
0.000252546
0.000252498
0.00025245
0.000252402
0.000252354
0.000252305
0.000252257
0.000252209
0.000252161
0.000252113
0.000252065
0.000252017
0.000251969
0.000251921
0.000251873
0.000251825
0.000251777
0.000251729
0.000251681
0.000251633
0.000251585
0.000251537
0.00025149
0.000251442
0.000251394
0.000251346
0.000251298
0.00025125
0.000251202
0.000251154
0.000251107
0.000251059
0.000251011
0.000250963
0.000250915
0.000250868
0.00025082
0.000250772
0.000250725
0.000250677
0.000250629
0.000250581
0.000250534
0.000250486
0.000250438
0.000250391
0.000250343
0.000250295
0.000250248
0.0002502
0.000250153
0.000250105
0.000250057
0.00025001
0.000249962
0.000249915
0.000249867
0.00024982
0.000249772
0.000249725
0.000249677
0.00024963
0.000249582
0.000249535
0.000249487
0.00024944
0.000249393
0.000249345
0.000249298
0.00024925
0.000249203
0.000249156
0.000249108
0.000249061
0.000249014
0.000248966
0.000248919
0.000248872
0.000248824
0.000248777
0.00024873
0.000248683
0.000248635
0.000248588
0.000248541
0.000248494
0.000248447
0.000248399
0.000248352
0.000248305
0.000248258
0.000248211
0.000248164
0.000248116
0.000248069
0.000248022
0.000247975
0.000247928
0.000247881
0.000247834
0.000247787
0.00024774
0.000247693
0.000247646
0.000247599
0.000247552
0.000247505
0.000247458
0.000247411
0.000247364
0.000247317
0.00024727
0.000247223
0.000247176
0.000247129
0.000247083
0.000247036
0.000246989
0.000246942
0.000246895
0.000246848
0.000246801
0.000246755
0.000246708
0.000246661
0.000246614
0.000246568
0.000246521
0.000246474
0.000246427
0.000246381
0.000246334
0.000246287
0.000246241
0.000246194
0.000246147
0.000246101
0.000246054
0.000246007
0.000245961
0.000245914
0.000245868
0.000245821
0.000245774
0.000245728
0.000245681
0.000245635
0.000245588
0.000245542
0.000245495
0.000245449
0.000245402
0.000245356
0.000245309
0.000245263
0.000245216
0.00024517
0.000245123
0.000245077
0.000245031
0.000244984
0.000244938
0.000244891
0.000244845
0.000244799
0.000244752
0.000244706
0.00024466
0.000244614
0.000244567
0.000244521
0.000244475
0.000244428
0.000244382
0.000244336
0.00024429
0.000244243
0.000244197
0.000244151
0.000244105
0.000244059
0.000244013
0.000243966
0.00024392
0.000243874
0.000243828
0.000243782
0.000243736
0.00024369
0.000243644
0.000243598
0.000243552
0.000243505
0.000243459
0.000243413
0.000243367
0.000243321
0.000243275
0.000243229
0.000243183
0.000243138
0.000243092
0.000243046
0.000243
0.000242954
0.000242908
0.000242862
0.000242816
0.00024277
0.000242724
0.000242679
0.000242633
0.000242587
0.000242541
0.000242495
0.000242449
0.000242404
0.000242358
0.000242312
0.000242266
0.000242221
0.000242175
0.000242129
0.000242083
0.000242038
0.000241992
0.000241946
0.000241901
0.000241855
0.000241809
0.000241764
0.000241718
0.000241672
0.000241627
0.000241581
0.000241536
0.00024149
0.000241445
0.000241399
0.000241353
0.000241308
0.000241262
0.000241217
0.000241171
0.000241126
0.00024108
0.000241035
0.00024099
0.000240944
0.000240899
0.000240853
0.000240808
0.000240762
0.000240717
0.000240672
0.000240626
0.000240581
0.000240536
0.00024049
0.000240445
0.0002404
0.000240354
0.000240309
0.000240264
0.000240218
0.000240173
0.000240128
0.000240083
0.000240037
0.000239992
0.000239947
0.000239902
0.000239857
0.000239811
0.000239766
0.000239721
0.000239676
0.000239631
0.000239586
0.000239541
0.000239495
0.00023945
0.000239405
0.00023936
0.000239315
0.00023927
0.000239225
0.00023918
0.000239135
0.00023909
0.000239045
0.000239
0.000238955
0.00023891
0.000238865
0.00023882
0.000238775
0.00023873
0.000238685
0.00023864
0.000238595
0.000238551
0.000238506
0.000238461
0.000238416
0.000238371
0.000238326
0.000238282
0.000238237
0.000238192
0.000238147
0.000238102
0.000238058
0.000238013
0.000237968
0.000237923
0.000237879
0.000237834
0.000237789
0.000237744
0.0002377
0.000237655
0.00023761
0.000237566
0.000237521
0.000237476
0.000237432
0.000237387
0.000237343
0.000237298
0.000237253
0.000237209
0.000237164
0.00023712
0.000237075
0.000237031
0.000236986
0.000236942
0.000236897
0.000236853
0.000236808
0.000236764
0.000236719
0.000236675
0.00023663
0.000236586
0.000236542
0.000236497
0.000236453
0.000236408
0.000236364
0.00023632
0.000236275
0.000236231
0.000236187
0.000236142
0.000236098
0.000236054
0.000236009
0.000235965
0.000235921
0.000235877
0.000235832
0.000235788
0.000235744
0.0002357
0.000235655
0.000235611
0.000235567
0.000235523
0.000235479
0.000235435
0.00023539
0.000235346
0.000235302
0.000235258
0.000235214
0.00023517
0.000235126
0.000235082
0.000235038
0.000234994
0.000234949
0.000234905
0.000234861
0.000234817
0.000234773
0.000234729
0.000234685
0.000234641
0.000234597
0.000234554
0.00023451
0.000234466
0.000234422
0.000234378
0.000234334
0.00023429
0.000234246
0.000234202
0.000234158
0.000234115
0.000234071
0.000234027
0.000233983
0.000233939
0.000233895
0.000233852
0.000233808
0.000233764
0.00023372
0.000233677
0.000233633
0.000233589
0.000233545
0.000233502
0.000233458
0.000233414
0.000233371
0.000233327
0.000233283
0.00023324
0.000233196
0.000233153
0.000233109
0.000233065
0.000233022
0.000232978
0.000232935
0.000232891
0.000232847
0.000232804
0.00023276
0.000232717
0.000232673
0.00023263
0.000232586
0.000232543
0.000232499
0.000232456
0.000232412
0.000232369
0.000232326
0.000232282
0.000232239
0.000232195
0.000232152
0.000232109
0.000232065
0.000232022
0.000231979
0.000231935
0.000231892
0.000231849
0.000231805
0.000231762
0.000231719
0.000231675
0.000231632
0.000231589
0.000231546
0.000231502
0.000231459
0.000231416
0.000231373
0.00023133
0.000231286
0.000231243
0.0002312
0.000231157
0.000231114
0.000231071
0.000231027
0.000230984
0.000230941
0.000230898
0.000230855
0.000230812
0.000230769
0.000230726
0.000230683
0.00023064
0.000230597
0.000230554
0.000230511
0.000230468
0.000230425
0.000230382
0.000230339
0.000230296
0.000230253
0.00023021
0.000230167
0.000230124
0.000230081
0.000230038
0.000229995
0.000229953
0.00022991
0.000229867
0.000229824
0.000229781
0.000229738
0.000229696
0.000229653
0.00022961
0.000229567
0.000229524
0.000229482
0.000229439
0.000229396
0.000229353
0.000229311
0.000229268
0.000229225
0.000229183
0.00022914
0.000229097
0.000229055
0.000229012
0.000228969
0.000228927
0.000228884
0.000228841
0.000228799
0.000228756
0.000228714
0.000228671
0.000228628
0.000228586
0.000228543
0.000228501
0.000228458
0.000228416
0.000228373
0.000228331
0.000228288
0.000228246
0.000228203
0.000228161
0.000228118
0.000228076
0.000228034
0.000227991
0.000227949
0.000227906
0.000227864
0.000227822
0.000227779
0.000227737
0.000227695
0.000227652
0.00022761
0.000227568
0.000227525
0.000227483
0.000227441
0.000227398
0.000227356
0.000227314
0.000227272
0.000227229
0.000227187
0.000227145
0.000227103
0.000227061
0.000227018
0.000226976
0.000226934
0.000226892
0.00022685
0.000226808
0.000226765
0.000226723
0.000226681
0.000226639
0.000226597
0.000226555
0.000226513
0.000226471
0.000226429
0.000226387
0.000226345
0.000226303
0.000226261
0.000226219
0.000226177
0.000226135
0.000226093
0.000226051
0.000226009
0.000225967
0.000225925
0.000225883
0.000225841
0.000225799
0.000225757
0.000225716
0.000225674
0.000225632
0.00022559
0.000225548
0.000225506
0.000225464
0.000225423
0.000225381
0.000225339
0.000225297
0.000225255
0.000225214
0.000225172
0.00022513
0.000225088
0.000225047
0.000225005
0.000224963
0.000224922
0.00022488
0.000224838
0.000224797
0.000224755
0.000224713
0.000224672
0.00022463
0.000224588
0.000224547
0.000224505
0.000224464
0.000224422
0.00022438
0.000224339
0.000224297
0.000224256
0.000224214
0.000224173
0.000224131
0.00022409
0.000224048
0.000224007
0.000223965
0.000223924
0.000223882
0.000223841
0.0002238
0.000223758
0.000223717
0.000223675
0.000223634
0.000223593
0.000223551
0.00022351
0.000223468
0.000223427
0.000223386
0.000223344
0.000223303
0.000223262
0.000223221
0.000223179
0.000223138
0.000223097
0.000223055
0.000223014
0.000222973
0.000222932
0.000222891
0.000222849
0.000222808
0.000222767
0.000222726
0.000222685
0.000222643
0.000222602
0.000222561
0.00022252
0.000222479
0.000222438
0.000222397
0.000222356
0.000222314
0.000222273
0.000222232
0.000222191
0.00022215
0.000222109
0.000222068
0.000222027
0.000221986
0.000221945
0.000221904
0.000221863
0.000221822
0.000221781
0.00022174
0.000221699
0.000221658
0.000221618
0.000221577
0.000221536
0.000221495
0.000221454
0.000221413
0.000221372
0.000221331
0.000221291
0.00022125
0.000221209
0.000221168
0.000221127
0.000221086
0.000221046
0.000221005
0.000220964
0.000220923
0.000220883
0.000220842
0.000220801
0.00022076
0.00022072
0.000220679
0.000220638
0.000220598
0.000220557
0.000220516
0.000220476
0.000220435
0.000220394
0.000220354
0.000220313
0.000220273
0.000220232
0.000220191
0.000220151
0.00022011
0.00022007
0.000220029
0.000219989
0.000219948
0.000219908
0.000219867
0.000219827
0.000219786
0.000219746
0.000219705
0.000219665
0.000219624
0.000219584
0.000219543
0.000219503
0.000219462
0.000219422
0.000219382
0.000219341
0.000219301
0.000219261
0.00021922
0.00021918
0.000219139
0.000219099
0.000219059
0.000219019
0.000218978
0.000218938
0.000218898
0.000218857
0.000218817
0.000218777
0.000218737
0.000218696
0.000218656
0.000218616
0.000218576
0.000218536
0.000218495
0.000218455
0.000218415
0.000218375
0.000218335
0.000218295
0.000218254
0.000218214
0.000218174
0.000218134
0.000218094
0.000218054
0.000218014
0.000217974
0.000217934
0.000217894
0.000217854
0.000217814
0.000217774
0.000217734
0.000217694
0.000217654
0.000217614
0.000217574
0.000217534
0.000217494
0.000217454
0.000217414
0.000217374
0.000217334
0.000217294
0.000217254
0.000217214
0.000217174
0.000217135
0.000217095
0.000217055
0.000217015
0.000216975
0.000216935
0.000216896
0.000216856
0.000216816
0.000216776
0.000216736
0.000216697
0.000216657
0.000216617
0.000216577
0.000216538
0.000216498
0.000216458
0.000216419
0.000216379
0.000216339
0.000216299
0.00021626
0.00021622
0.000216181
0.000216141
0.000216101
0.000216062
0.000216022
0.000215982
0.000215943
0.000215903
0.000215864
0.000215824
0.000215785
0.000215745
0.000215706
0.000215666
0.000215626
0.000215587
0.000215547
0.000215508
0.000215469
0.000215429
0.00021539
0.00021535
0.000215311
0.000215271
0.000215232
0.000215192
0.000215153
0.000215114
0.000215074
0.000215035
0.000214996
0.000214956
0.000214917
0.000214877
0.000214838
0.000214799
0.00021476
0.00021472
0.000214681
0.000214642
0.000214602
0.000214563
0.000214524
0.000214485
0.000214445
0.000214406
0.000214367
0.000214328
0.000214289
0.000214249
0.00021421
0.000214171
0.000214132
0.000214093
0.000214054
0.000214014
0.000213975
0.000213936
0.000213897
0.000213858
0.000213819
0.00021378
0.000213741
0.000213702
0.000213663
0.000213624
0.000213585
0.000213545
0.000213506
0.000213467
0.000213428
0.000213389
0.000213351
0.000213312
0.000213273
0.000213234
0.000213195
0.000213156
0.000213117
0.000213078
0.000213039
0.000213
0.000212961
0.000212922
0.000212883
0.000212845
0.000212806
0.000212767
0.000212728
0.000212689
0.00021265
0.000212612
0.000212573
0.000212534
0.000212495
0.000212457
0.000212418
0.000212379
0.00021234
0.000212302
0.000212263
0.000212224
0.000212185
0.000212147
0.000212108
0.000212069
0.000212031
0.000211992
0.000211953
0.000211915
0.000211876
0.000211837
0.000211799
0.00021176
0.000211722
0.000211683
0.000211644
0.000211606
0.000211567
0.000211529
0.00021149
0.000211452
0.000211413
0.000211375
0.000211336
0.000211298
0.000211259
0.000211221
0.000211182
0.000211144
0.000211105
0.000211067
0.000211028
0.00021099
0.000210952
0.000210913
0.000210875
0.000210836
0.000210798
0.00021076
0.000210721
0.000210683
0.000210645
0.000210606
0.000210568
0.00021053
0.000210491
0.000210453
0.000210415
0.000210376
0.000210338
0.0002103
0.000210262
0.000210223
0.000210185
0.000210147
0.000210109
0.000210071
0.000210032
0.000209994
0.000209956
0.000209918
0.00020988
0.000209841
0.000209803
0.000209765
0.000209727
0.000209689
0.000209651
0.000209613
0.000209575
0.000209537
0.000209498
0.00020946
0.000209422
0.000209384
0.000209346
0.000209308
0.00020927
0.000209232
0.000209194
0.000209156
0.000209118
0.00020908
0.000209042
0.000209004
0.000208966
0.000208928
0.000208891
0.000208853
0.000208815
0.000208777
0.000208739
0.000208701
0.000208663
0.000208625
0.000208587
0.00020855
0.000208512
0.000208474
0.000208436
0.000208398
0.00020836
0.000208323
0.000208285
0.000208247
0.000208209
0.000208172
0.000208134
0.000208096
0.000208058
0.000208021
0.000207983
0.000207945
0.000207907
0.00020787
0.000207832
0.000207794
0.000207757
0.000207719
0.000207681
0.000207644
0.000207606
0.000207569
0.000207531
0.000207493
0.000207456
0.000207418
0.000207381
0.000207343
0.000207305
0.000207268
0.00020723
0.000207193
0.000207155
0.000207118
0.00020708
0.000207043
0.000207005
0.000206968
0.00020693
0.000206893
0.000206855
0.000206818
0.000206781
0.000206743
0.000206706
0.000206668
0.000206631
0.000206594
0.000206556
0.000206519
0.000206481
0.000206444
0.000206407
0.000206369
0.000206332
0.000206295
0.000206257
0.00020622
0.000206183
0.000206146
0.000206108
0.000206071
0.000206034
0.000205996
0.000205959
0.000205922
0.000205885
0.000205848
0.00020581
0.000205773
0.000205736
0.000205699
0.000205662
0.000205624
0.000205587
0.00020555
0.000205513
0.000205476
0.000205439
0.000205402
0.000205365
0.000205327
0.00020529
0.000205253
0.000205216
0.000205179
0.000205142
0.000205105
0.000205068
0.000205031
0.000204994
0.000204957
0.00020492
0.000204883
0.000204846
0.000204809
0.000204772
0.000204735
0.000204698
0.000204661
0.000204624
0.000204587
0.000204551
0.000204514
0.000204477
0.00020444
0.000204403
0.000204366
0.000204329
0.000204292
0.000204256
0.000204219
0.000204182
0.000204145
0.000204108
0.000204072
0.000204035
0.000203998
0.000203961
0.000203924
0.000203888
0.000203851
0.000203814
0.000203777
0.000203741
0.000203704
0.000203667
0.000203631
0.000203594
0.000203557
0.000203521
0.000203484
0.000203447
0.000203411
0.000203374
0.000203337
0.000203301
0.000203264
0.000203228
0.000203191
0.000203154
0.000203118
0.000203081
0.000203045
0.000203008
0.000202972
0.000202935
0.000202899
0.000202862
0.000202826
0.000202789
0.000202753
0.000202716
0.00020268
0.000202643
0.000202607
0.00020257
0.000202534
0.000202497
0.000202461
0.000202425
0.000202388
0.000202352
0.000202315
0.000202279
0.000202243
0.000202206
0.00020217
0.000202134
0.000202097
0.000202061
0.000202025
0.000201988
0.000201952
0.000201916
0.000201879
0.000201843
0.000201807
0.000201771
0.000201734
0.000201698
0.000201662
0.000201626
0.00020159
0.000201553
0.000201517
0.000201481
0.000201445
0.000201409
0.000201372
0.000201336
0.0002013
0.000201264
0.000201228
0.000201192
0.000201156
0.00020112
0.000201083
0.000201047
0.000201011
0.000200975
0.000200939
0.000200903
0.000200867
0.000200831
0.000200795
0.000200759
0.000200723
0.000200687
0.000200651
0.000200615
0.000200579
0.000200543
0.000200507
0.000200471
0.000200435
0.000200399
0.000200363
0.000200327
0.000200292
0.000200256
0.00020022
0.000200184
0.000200148
0.000200112
0.000200076
0.00020004
0.000200005
0.000199969
0.000199933
0.000199897
0.000199861
0.000199826
0.00019979
0.000199754
0.000199718
0.000199682
0.000199647
0.000199611
0.000199575
0.000199539
0.000199504
0.000199468
0.000199432
0.000199397
0.000199361
0.000199325
0.00019929
0.000199254
0.000199218
0.000199183
0.000199147
0.000199111
0.000199076
0.00019904
0.000199005
0.000198969
0.000198933
0.000198898
0.000198862
0.000198827
0.000198791
0.000198756
0.00019872
0.000198684
0.000198649
0.000198613
0.000198578
0.000198542
0.000198507
0.000198471
0.000198436
0.000198401
0.000198365
0.00019833
0.000198294
0.000198259
0.000198223
0.000198188
0.000198153
0.000198117
0.000198082
0.000198046
0.000198011
0.000197976
0.00019794
0.000197905
0.00019787
0.000197834
0.000197799
0.000197764
0.000197728
0.000197693
0.000197658
0.000197622
0.000197587
0.000197552
0.000197517
0.000197481
0.000197446
0.000197411
0.000197376
0.000197341
0.000197305
0.00019727
0.000197235
0.0001972
0.000197165
0.000197129
0.000197094
0.000197059
0.000197024
0.000196989
0.000196954
0.000196919
0.000196884
0.000196848
0.000196813
0.000196778
0.000196743
0.000196708
0.000196673
0.000196638
0.000196603
0.000196568
0.000196533
0.000196498
0.000196463
0.000196428
0.000196393
0.000196358
0.000196323
0.000196288
0.000196253
0.000196218
0.000196183
0.000196148
0.000196113
0.000196078
0.000196044
0.000196009
0.000195974
0.000195939
0.000195904
0.000195869
0.000195834
0.000195799
0.000195765
0.00019573
0.000195695
0.00019566
0.000195625
0.000195591
0.000195556
0.000195521
0.000195486
0.000195451
0.000195417
0.000195382
0.000195347
0.000195312
0.000195278
0.000195243
0.000195208
0.000195174
0.000195139
0.000195104
0.00019507
0.000195035
0.000195
0.000194966
0.000194931
0.000194896
0.000194862
0.000194827
0.000194792
0.000194758
0.000194723
0.000194689
0.000194654
0.000194619
0.000194585
0.00019455
0.000194516
0.000194481
0.000194447
0.000194412
0.000194378
0.000194343
0.000194309
0.000194274
0.00019424
0.000194205
0.000194171
0.000194136
0.000194102
0.000194067
0.000194033
0.000193999
0.000193964
0.00019393
0.000193895
0.000193861
0.000193827
0.000193792
0.000193758
0.000193723
0.000193689
0.000193655
0.00019362
0.000193586
0.000193552
0.000193518
0.000193483
0.000193449
0.000193415
0.00019338
0.000193346
0.000193312
0.000193278
0.000193243
0.000193209
0.000193175
0.000193141
0.000193106
0.000193072
0.000193038
0.000193004
0.00019297
0.000192935
0.000192901
0.000192867
0.000192833
0.000192799
0.000192765
0.000192731
0.000192696
0.000192662
0.000192628
0.000192594
0.00019256
0.000192526
0.000192492
0.000192458
0.000192424
0.00019239
0.000192356
0.000192322
0.000192288
0.000192254
0.00019222
0.000192186
0.000192152
0.000192118
0.000192084
0.00019205
0.000192016
0.000191982
0.000191948
0.000191914
0.00019188
0.000191846
0.000191812
0.000191778
0.000191744
0.000191711
0.000191677
0.000191643
0.000191609
0.000191575
0.000191541
0.000191507
0.000191474
0.00019144
0.000191406
0.000191372
0.000191338
0.000191305
0.000191271
0.000191237
0.000191203
0.00019117
0.000191136
0.000191102
0.000191068
0.000191035
0.000191001
0.000190967
0.000190933
0.0001909
0.000190866
0.000190832
0.000190799
0.000190765
0.000190731
0.000190698
0.000190664
0.000190631
0.000190597
0.000190563
0.00019053
0.000190496
0.000190462
0.000190429
0.000190395
0.000190362
0.000190328
0.000190295
0.000190261
0.000190228
0.000190194
0.000190161
0.000190127
0.000190094
0.00019006
0.000190027
0.000189993
0.00018996
0.000189926
0.000189893
0.000189859
0.000189826
0.000189792
0.000189759
0.000189726
0.000189692
0.000189659
0.000189625
0.000189592
0.000189559
0.000189525
0.000189492
0.000189458
0.000189425
0.000189392
0.000189358
0.000189325
0.000189292
0.000189259
0.000189225
0.000189192
0.000189159
0.000189125
0.000189092
0.000189059
0.000189026
0.000188992
0.000188959
0.000188926
0.000188893
0.000188859
0.000188826
0.000188793
0.00018876
0.000188727
0.000188694
0.00018866
0.000188627
0.000188594
0.000188561
0.000188528
0.000188495
0.000188462
0.000188428
0.000188395
0.000188362
0.000188329
0.000188296
0.000188263
0.00018823
0.000188197
0.000188164
0.000188131
0.000188098
0.000188065
0.000188032
0.000187999
0.000187966
0.000187933
0.0001879
0.000187867
0.000187834
0.000187801
0.000187768
0.000187735
0.000187702
0.000187669
0.000187636
0.000187603
0.00018757
0.000187537
0.000187505
0.000187472
0.000187439
0.000187406
0.000187373
0.00018734
0.000187307
0.000187275
0.000187242
0.000187209
0.000187176
0.000187143
0.00018711
0.000187078
0.000187045
0.000187012
0.000186979
0.000186947
0.000186914
0.000186881
0.000186848
0.000186816
0.000186783
0.00018675
0.000186717
0.000186685
0.000186652
0.000186619
0.000186587
0.000186554
0.000186521
0.000186489
0.000186456
0.000186423
0.000186391
0.000186358
0.000186326
0.000186293
0.00018626
0.000186228
0.000186195
0.000186163
0.00018613
0.000186098
0.000186065
0.000186032
0.000186
0.000185967
0.000185935
0.000185902
0.00018587
0.000185837
0.000185805
0.000185772
0.00018574
0.000185707
0.000185675
0.000185642
0.00018561
0.000185578
0.000185545
0.000185513
0.00018548
0.000185448
0.000185416
0.000185383
0.000185351
0.000185318
0.000185286
0.000185254
0.000185221
0.000185189
0.000185157
0.000185124
0.000185092
0.00018506
0.000185027
0.000184995
0.000184963
0.00018493
0.000184898
0.000184866
0.000184834
0.000184801
0.000184769
0.000184737
0.000184705
0.000184672
0.00018464
0.000184608
0.000184576
0.000184544
0.000184511
0.000184479
0.000184447
0.000184415
0.000184383
0.000184351
0.000184319
0.000184286
0.000184254
0.000184222
0.00018419
0.000184158
0.000184126
0.000184094
0.000184062
0.00018403
0.000183998
0.000183966
0.000183933
0.000183901
0.000183869
0.000183837
0.000183805
0.000183773
0.000183741
0.000183709
0.000183677
0.000183645
0.000183613
0.000183581
0.000183549
0.000183518
0.000183486
0.000183454
0.000183422
0.00018339
0.000183358
0.000183326
0.000183294
0.000183262
0.00018323
0.000183198
0.000183167
0.000183135
0.000183103
0.000183071
0.000183039
0.000183007
0.000182976
0.000182944
0.000182912
0.00018288
0.000182848
0.000182817
0.000182785
0.000182753
0.000182721
0.000182689
0.000182658
0.000182626
0.000182594
0.000182563
0.000182531
0.000182499
0.000182467
0.000182436
0.000182404
0.000182372
0.000182341
0.000182309
0.000182277
0.000182246
0.000182214
0.000182182
0.000182151
0.000182119
0.000182088
0.000182056
0.000182024
0.000181993
0.000181961
0.00018193
0.000181898
0.000181867
0.000181835
0.000181803
0.000181772
0.00018174
0.000181709
0.000181677
0.000181646
0.000181614
0.000181583
0.000181551
0.00018152
0.000181488
0.000181457
0.000181425
0.000181394
0.000181363
0.000181331
0.0001813
0.000181268
0.000181237
0.000181205
0.000181174
0.000181143
0.000181111
0.00018108
0.000181049
0.000181017
0.000180986
0.000180955
0.000180923
0.000180892
0.000180861
0.000180829
0.000180798
0.000180767
0.000180735
0.000180704
0.000180673
0.000180641
0.00018061
0.000180579
0.000180548
0.000180516
0.000180485
0.000180454
0.000180423
0.000180392
0.00018036
0.000180329
0.000180298
0.000180267
0.000180236
0.000180204
0.000180173
0.000180142
0.000180111
0.00018008
0.000180049
0.000180018
0.000179987
0.000179955
0.000179924
0.000179893
0.000179862
0.000179831
0.0001798
0.000179769
0.000179738
0.000179707
0.000179676
0.000179645
0.000179614
0.000179583
0.000179552
0.000179521
0.00017949
0.000179459
0.000179428
0.000179397
0.000179366
0.000179335
0.000179304
0.000179273
0.000179242
0.000179211
0.00017918
0.000179149
0.000179118
0.000179087
0.000179056
0.000179026
0.000178995
0.000178964
0.000178933
0.000178902
0.000178871
0.00017884
0.00017881
0.000178779
0.000178748
0.000178717
0.000178686
0.000178656
0.000178625
0.000178594
0.000178563
0.000178532
0.000178502
0.000178471
0.00017844
0.000178409
0.000178379
0.000178348
0.000178317
0.000178286
0.000178256
0.000178225
0.000178194
0.000178164
0.000178133
0.000178102
0.000178072
0.000178041
0.00017801
0.00017798
0.000177949
0.000177918
0.000177888
0.000177857
0.000177827
0.000177796
0.000177765
0.000177735
0.000177704
0.000177674
0.000177643
0.000177613
0.000177582
0.000177552
0.000177521
0.00017749
0.00017746
0.000177429
0.000177399
0.000177368
0.000177338
0.000177307
0.000177277
0.000177247
0.000177216
0.000177186
0.000177155
0.000177125
0.000177094
0.000177064
0.000177033
0.000177003
0.000176973
0.000176942
0.000176912
0.000176881
0.000176851
0.000176821
0.00017679
0.00017676
0.00017673
0.000176699
0.000176669
0.000176639
0.000176608
0.000176578
0.000176548
0.000176517
0.000176487
0.000176457
0.000176427
0.000176396
0.000176366
0.000176336
0.000176306
0.000176275
0.000176245
0.000176215
0.000176185
0.000176155
0.000176124
0.000176094
0.000176064
0.000176034
0.000176004
0.000175973
0.000175943
0.000175913
0.000175883
0.000175853
0.000175823
0.000175793
0.000175762
0.000175732
0.000175702
0.000175672
0.000175642
0.000175612
0.000175582
0.000175552
0.000175522
0.000175492
0.000175462
0.000175432
0.000175402
0.000175372
0.000175342
0.000175312
0.000175282
0.000175252
0.000175222
0.000175192
0.000175162
0.000175132
0.000175102
0.000175072
0.000175042
0.000175012
0.000174982
0.000174952
0.000174922
0.000174892
0.000174862
0.000174832
0.000174802
0.000174773
0.000174743
0.000174713
0.000174683
0.000174653
0.000174623
0.000174593
0.000174564
0.000174534
0.000174504
0.000174474
0.000174444
0.000174415
0.000174385
0.000174355
0.000174325
0.000174295
0.000174266
0.000174236
0.000174206
0.000174176
0.000174147
0.000174117
0.000174087
0.000174058
0.000174028
0.000173998
0.000173968
0.000173939
0.000173909
0.000173879
0.00017385
0.00017382
0.00017379
0.000173761
0.000173731
0.000173702
0.000173672
0.000173642
0.000173613
0.000173583
0.000173554
0.000173524
0.000173494
0.000173465
0.000173435
0.000173406
0.000173376
0.000173347
0.000173317
0.000173287
0.000173258
0.000173228
0.000173199
0.000173169
0.00017314
0.00017311
0.000173081
0.000173051
0.000173022
0.000172993
0.000172963
0.000172934
0.000172904
0.000172875
0.000172845
0.000172816
0.000172787
0.000172757
0.000172728
0.000172698
0.000172669
0.00017264
0.00017261
0.000172581
0.000172552
0.000172522
0.000172493
0.000172463
0.000172434
0.000172405
0.000172376
0.000172346
0.000172317
0.000172288
0.000172258
0.000172229
0.0001722
0.000172171
0.000172141
0.000172112
0.000172083
0.000172054
0.000172024
0.000171995
0.000171966
0.000171937
0.000171907
0.000171878
0.000171849
0.00017182
0.000171791
0.000171762
0.000171732
0.000171703
0.000171674
0.000171645
0.000171616
0.000171587
0.000171558
0.000171528
0.000171499
0.00017147
0.000171441
0.000171412
0.000171383
0.000171354
0.000171325
0.000171296
0.000171267
0.000171238
0.000171209
0.00017118
0.000171151
0.000171122
0.000171093
0.000171064
0.000171035
0.000171006
0.000170977
0.000170948
0.000170919
0.00017089
0.000170861
0.000170832
0.000170803
0.000170774
0.000170745
0.000170716
0.000170687
0.000170658
0.000170629
0.0001706
0.000170572
0.000170543
0.000170514
0.000170485
0.000170456
0.000170427
0.000170398
0.000170369
0.000170341
0.000170312
0.000170283
0.000170254
0.000170225
0.000170197
0.000170168
0.000170139
0.00017011
0.000170081
0.000170053
0.000170024
0.000169995
0.000169966
0.000169938
0.000169909
0.00016988
0.000169852
0.000169823
0.000169794
0.000169765
0.000169737
0.000169708
0.000169679
0.000169651
0.000169622
0.000169593
0.000169565
0.000169536
0.000169507
0.000169479
0.00016945
0.000169422
0.000169393
0.000169364
0.000169336
0.000169307
0.000169279
0.00016925
0.000169222
0.000169193
0.000169164
0.000169136
0.000169107
0.000169079
0.00016905
0.000169022
0.000168993
0.000168965
0.000168936
0.000168908
0.000168879
0.000168851
0.000168822
0.000168794
0.000168765
0.000168737
0.000168708
0.00016868
0.000168652
0.000168623
0.000168595
0.000168566
0.000168538
0.00016851
0.000168481
0.000168453
0.000168424
0.000168396
0.000168368
0.000168339
0.000168311
0.000168283
0.000168254
0.000168226
0.000168198
0.000168169
0.000168141
0.000168113
0.000168084
0.000168056
0.000168028
0.000168
0.000167971
0.000167943
0.000167915
0.000167886
0.000167858
0.00016783
0.000167802
0.000167774
0.000167745
0.000167717
0.000167689
0.000167661
0.000167632
0.000167604
0.000167576
0.000167548
0.00016752
0.000167492
0.000167463
0.000167435
0.000167407
0.000167379
0.000167351
0.000167323
0.000167295
0.000167267
0.000167239
0.00016721
0.000167182
0.000167154
0.000167126
0.000167098
0.00016707
0.000167042
0.000167014
0.000166986
0.000166958
0.00016693
0.000166902
0.000166874
0.000166846
0.000166818
0.00016679
0.000166762
0.000166734
0.000166706
0.000166678
0.00016665
0.000166622
0.000166594
0.000166566
0.000166538
0.00016651
0.000166482
0.000166455
0.000166427
0.000166399
0.000166371
0.000166343
0.000166315
0.000166287
0.000166259
0.000166231
0.000166204
0.000166176
0.000166148
0.00016612
0.000166092
0.000166064
0.000166037
0.000166009
0.000165981
0.000165953
0.000165925
0.000165898
0.00016587
0.000165842
0.000165814
0.000165787
0.000165759
0.000165731
0.000165703
0.000165676
0.000165648
0.00016562
0.000165593
0.000165565
0.000165537
0.000165509
0.000165482
0.000165454
0.000165426
0.000165399
0.000165371
0.000165343
0.000165316
0.000165288
0.000165261
0.000165233
0.000165205
0.000165178
0.00016515
0.000165122
0.000165095
0.000165067
0.00016504
0.000165012
0.000164985
0.000164957
0.00016493
0.000164902
0.000164874
0.000164847
0.000164819
0.000164792
0.000164764
0.000164737
0.000164709
0.000164682
0.000164654
0.000164627
0.000164599
0.000164572
0.000164544
0.000164517
0.00016449
0.000164462
0.000164435
0.000164407
0.00016438
0.000164352
0.000164325
0.000164298
0.00016427
0.000164243
0.000164216
0.000164188
0.000164161
0.000164133
0.000164106
0.000164079
0.000164051
0.000164024
0.000163997
0.000163969
0.000163942
0.000163915
0.000163887
0.00016386
0.000163833
0.000163806
0.000163778
0.000163751
0.000163724
0.000163697
0.000163669
0.000163642
0.000163615
0.000163588
0.00016356
0.000163533
0.000163506
0.000163479
0.000163451
0.000163424
0.000163397
0.00016337
0.000163343
0.000163316
0.000163288
0.000163261
0.000163234
0.000163207
0.00016318
0.000163153
0.000163126
0.000163098
0.000163071
0.000163044
0.000163017
0.00016299
0.000162963
0.000162936
0.000162909
0.000162882
0.000162855
0.000162828
0.000162801
0.000162774
0.000162747
0.00016272
0.000162693
0.000162665
0.000162638
0.000162611
0.000162584
0.000162557
0.000162531
0.000162504
0.000162477
0.00016245
0.000162423
0.000162396
0.000162369
0.000162342
0.000162315
0.000162288
0.000162261
0.000162234
0.000162207
0.00016218
0.000162153
0.000162127
0.0001621
0.000162073
0.000162046
0.000162019
0.000161992
0.000161965
0.000161939
0.000161912
0.000161885
0.000161858
0.000161831
0.000161804
0.000161778
0.000161751
0.000161724
0.000161697
0.00016167
0.000161644
0.000161617
0.00016159
0.000161563
0.000161537
0.00016151
0.000161483
0.000161457
0.00016143
0.000161403
0.000161376
0.00016135
0.000161323
0.000161296
0.00016127
0.000161243
0.000161216
0.00016119
0.000161163
0.000161136
0.00016111
0.000161083
0.000161056
0.00016103
0.000161003
0.000160977
0.00016095
0.000160923
0.000160897
0.00016087
0.000160844
0.000160817
0.00016079
0.000160764
0.000160737
0.000160711
0.000160684
0.000160658
0.000160631
0.000160605
0.000160578
0.000160552
0.000160525
0.000160499
0.000160472
0.000160446
0.000160419
0.000160393
0.000160366
0.00016034
0.000160313
0.000160287
0.00016026
0.000160234
0.000160208
0.000160181
0.000160155
0.000160128
0.000160102
0.000160075
0.000160049
0.000160023
0.000159996
0.00015997
0.000159944
0.000159917
0.000159891
0.000159864
0.000159838
0.000159812
0.000159785
0.000159759
0.000159733
0.000159707
0.00015968
0.000159654
0.000159628
0.000159601
0.000159575
0.000159549
0.000159523
0.000159496
0.00015947
0.000159444
0.000159418
0.000159391
0.000159365
0.000159339
0.000159313
0.000159286
0.00015926
0.000159234
0.000159208
0.000159182
0.000159155
0.000159129
0.000159103
0.000159077
0.000159051
0.000159025
0.000158998
0.000158972
0.000158946
0.00015892
0.000158894
0.000158868
0.000158842
0.000158816
0.00015879
0.000158763
0.000158737
0.000158711
0.000158685
0.000158659
0.000158633
0.000158607
0.000158581
0.000158555
0.000158529
0.000158503
0.000158477
0.000158451
0.000158425
0.000158399
0.000158373
0.000158347
0.000158321
0.000158295
0.000158269
0.000158243
0.000158217
0.000158191
0.000158165
0.000158139
0.000158113
0.000158087
0.000158061
0.000158036
0.00015801
0.000157984
0.000157958
0.000157932
0.000157906
0.00015788
0.000157854
0.000157828
0.000157803
0.000157777
0.000157751
0.000157725
0.000157699
0.000157673
0.000157648
0.000157622
0.000157596
0.00015757
0.000157544
0.000157519
0.000157493
0.000157467
0.000157441
0.000157415
0.00015739
0.000157364
0.000157338
0.000157312
0.000157287
0.000157261
0.000157235
0.00015721
0.000157184
0.000157158
0.000157132
0.000157107
0.000157081
0.000157055
0.00015703
0.000157004
0.000156978
0.000156953
0.000156927
0.000156901
0.000156876
0.00015685
0.000156824
0.000156799
0.000156773
0.000156748
0.000156722
0.000156696
0.000156671
0.000156645
0.00015662
0.000156594
0.000156569
0.000156543
0.000156517
0.000156492
0.000156466
0.000156441
0.000156415
0.00015639
0.000156364
0.000156339
0.000156313
0.000156288
0.000156262
0.000156237
0.000156211
0.000156186
0.00015616
0.000156135
0.000156109
0.000156084
0.000156059
0.000156033
0.000156008
0.000155982
0.000155957
0.000155931
0.000155906
0.000155881
0.000155855
0.00015583
0.000155804
0.000155779
0.000155754
0.000155728
0.000155703
0.000155678
0.000155652
0.000155627
0.000155602
0.000155576
0.000155551
0.000155526
0.0001555
0.000155475
0.00015545
0.000155424
0.000155399
0.000155374
0.000155349
0.000155323
0.000155298
0.000155273
0.000155247
0.000155222
0.000155197
0.000155172
0.000155147
0.000155121
0.000155096
0.000155071
0.000155046
0.00015502
0.000154995
0.00015497
0.000154945
0.00015492
0.000154895
0.000154869
0.000154844
0.000154819
0.000154794
0.000154769
0.000154744
0.000154719
0.000154693
0.000154668
0.000154643
0.000154618
0.000154593
0.000154568
0.000154543
0.000154518
0.000154493
0.000154468
0.000154443
0.000154418
0.000154392
0.000154367
0.000154342
0.000154317
0.000154292
0.000154267
0.000154242
0.000154217
0.000154192
0.000154167
0.000154142
0.000154117
0.000154092
0.000154067
0.000154042
0.000154017
0.000153992
0.000153968
0.000153943
0.000153918
0.000153893
0.000153868
0.000153843
0.000153818
0.000153793
0.000153768
0.000153743
0.000153718
0.000153693
0.000153669
0.000153644
0.000153619
0.000153594
0.000153569
0.000153544
0.000153519
0.000153495
0.00015347
0.000153445
0.00015342
0.000153395
0.000153371
0.000153346
0.000153321
0.000153296
0.000153271
0.000153247
0.000153222
0.000153197
0.000153172
0.000153148
0.000153123
0.000153098
0.000153073
0.000153049
0.000153024
0.000152999
0.000152974
0.00015295
0.000152925
0.0001529
0.000152876
0.000152851
0.000152826
0.000152802
0.000152777
0.000152752
0.000152728
0.000152703
0.000152678
0.000152654
0.000152629
0.000152604
0.00015258
0.000152555
0.000152531
0.000152506
0.000152481
0.000152457
0.000152432
0.000152408
0.000152383
0.000152359
0.000152334
0.000152309
0.000152285
0.00015226
0.000152236
0.000152211
0.000152187
0.000152162
0.000152138
0.000152113
0.000152089
0.000152064
0.00015204
0.000152015
0.000151991
0.000151966
0.000151942
0.000151917
0.000151893
0.000151868
0.000151844
0.00015182
0.000151795
0.000151771
0.000151746
0.000151722
0.000151697
0.000151673
0.000151649
0.000151624
0.0001516
0.000151576
0.000151551
0.000151527
0.000151502
0.000151478
0.000151454
0.000151429
0.000151405
0.000151381
0.000151356
0.000151332
0.000151308
0.000151283
0.000151259
0.000151235
0.000151211
0.000151186
0.000151162
0.000151138
0.000151113
0.000151089
0.000151065
0.000151041
0.000151016
0.000150992
0.000150968
0.000150944
0.000150919
0.000150895
0.000150871
0.000150847
0.000150823
0.000150798
0.000150774
0.00015075
0.000150726
0.000150702
0.000150678
0.000150653
0.000150629
0.000150605
0.000150581
0.000150557
0.000150533
0.000150509
0.000150484
0.00015046
0.000150436
0.000150412
0.000150388
0.000150364
0.00015034
0.000150316
0.000150292
0.000150268
0.000150244
0.000150219
0.000150195
0.000150171
0.000150147
0.000150123
0.000150099
0.000150075
0.000150051
0.000150027
0.000150003
0.000149979
0.000149955
0.000149931
0.000149907
0.000149883
0.000149859
0.000149835
0.000149811
0.000149787
0.000149763
0.00014974
0.000149716
0.000149692
0.000149668
0.000149644
0.00014962
0.000149596
0.000149572
0.000149548
0.000149524
0.0001495
0.000149477
0.000149453
0.000149429
0.000149405
0.000149381
0.000149357
0.000149333
0.00014931
0.000149286
0.000149262
0.000149238
0.000149214
0.00014919
0.000149167
0.000149143
0.000149119
0.000149095
0.000149071
0.000149048
0.000149024
0.000149
0.000148976
0.000148953
0.000148929
0.000148905
0.000148881
0.000148858
0.000148834
0.00014881
0.000148786
0.000148763
0.000148739
0.000148715
0.000148692
0.000148668
0.000148644
0.000148621
0.000148597
0.000148573
0.00014855
0.000148526
0.000148502
0.000148479
0.000148455
0.000148431
0.000148408
0.000148384
0.000148361
0.000148337
0.000148313
0.00014829
0.000148266
0.000148243
0.000148219
0.000148195
0.000148172
0.000148148
0.000148125
0.000148101
0.000148078
0.000148054
0.000148031
0.000148007
0.000147983
0.00014796
0.000147936
0.000147913
0.000147889
0.000147866
0.000147842
0.000147819
0.000147795
0.000147772
0.000147749
0.000147725
0.000147702
0.000147678
0.000147655
0.000147631
0.000147608
0.000147584
0.000147561
0.000147538
0.000147514
0.000147491
0.000147467
0.000147444
0.000147421
0.000147397
0.000147374
0.00014735
0.000147327
0.000147304
0.00014728
0.000147257
0.000147234
0.00014721
0.000147187
0.000147164
0.00014714
0.000147117
0.000147094
0.00014707
0.000147047
0.000147024
0.000147
0.000146977
0.000146954
0.000146931
0.000146907
0.000146884
0.000146861
0.000146838
0.000146814
0.000146791
0.000146768
0.000146745
0.000146721
0.000146698
0.000146675
0.000146652
0.000146629
0.000146605
0.000146582
0.000146559
0.000146536
0.000146513
0.000146489
0.000146466
0.000146443
0.00014642
0.000146397
0.000146374
0.000146351
0.000146327
0.000146304
0.000146281
0.000146258
0.000146235
0.000146212
0.000146189
0.000146166
0.000146143
0.000146119
0.000146096
0.000146073
0.00014605
0.000146027
0.000146004
0.000145981
0.000145958
0.000145935
0.000145912
0.000145889
0.000145866
0.000145843
0.00014582
0.000145797
0.000145774
0.000145751
0.000145728
0.000145705
0.000145682
0.000145659
0.000145636
0.000145613
0.00014559
0.000145567
0.000145544
0.000145521
0.000145498
0.000145475
0.000145452
0.00014543
0.000145407
0.000145384
0.000145361
0.000145338
0.000145315
0.000145292
0.000145269
0.000145246
0.000145224
0.000145201
0.000145178
0.000145155
0.000145132
0.000145109
0.000145086
0.000145064
0.000145041
0.000145018
0.000144995
0.000144972
0.00014495
0.000144927
0.000144904
0.000144881
0.000144858
0.000144836
0.000144813
0.00014479
0.000144767
0.000144745
0.000144722
0.000144699
0.000144676
0.000144654
0.000144631
0.000144608
0.000144585
0.000144563
0.00014454
0.000144517
0.000144495
0.000144472
0.000144449
0.000144427
0.000144404
0.000144381
0.000144359
0.000144336
0.000144313
0.000144291
0.000144268
0.000144245
0.000144223
0.0001442
0.000144177
0.000144155
0.000144132
0.00014411
0.000144087
0.000144064
0.000144042
0.000144019
0.000143997
0.000143974
0.000143952
0.000143929
0.000143906
0.000143884
0.000143861
0.000143839
0.000143816
0.000143794
0.000143771
0.000143749
0.000143726
0.000143704
0.000143681
0.000143659
0.000143636
0.000143614
0.000143591
0.000143569
0.000143546
0.000143524
0.000143501
0.000143479
0.000143456
0.000143434
0.000143412
0.000143389
0.000143367
0.000143344
0.000143322
0.000143299
0.000143277
0.000143255
0.000143232
0.00014321
0.000143187
0.000143165
0.000143143
0.00014312
0.000143098
0.000143076
0.000143053
0.000143031
0.000143009
0.000142986
0.000142964
0.000142942
0.000142919
0.000142897
0.000142875
0.000142852
0.00014283
0.000142808
0.000142785
0.000142763
0.000142741
0.000142719
0.000142696
0.000142674
0.000142652
0.00014263
0.000142607
0.000142585
0.000142563
0.000142541
0.000142518
0.000142496
0.000142474
0.000142452
0.00014243
0.000142407
0.000142385
0.000142363
0.000142341
0.000142319
0.000142296
0.000142274
0.000142252
0.00014223
0.000142208
0.000142186
0.000142164
0.000142141
0.000142119
0.000142097
0.000142075
0.000142053
0.000142031
0.000142009
0.000141987
0.000141965
0.000141942
0.00014192
0.000141898
0.000141876
0.000141854
0.000141832
0.00014181
0.000141788
0.000141766
0.000141744
0.000141722
0.0001417
0.000141678
0.000141656
0.000141634
0.000141612
0.00014159
0.000141568
0.000141546
0.000141524
0.000141502
0.00014148
0.000141458
0.000141436
0.000141414
0.000141392
0.00014137
0.000141348
0.000141326
0.000141304
0.000141282
0.00014126
0.000141238
0.000141216
0.000141195
0.000141173
0.000141151
0.000141129
0.000141107
0.000141085
0.000141063
0.000141041
0.000141019
0.000140998
0.000140976
0.000140954
0.000140932
0.00014091
0.000140888
0.000140867
0.000140845
0.000140823
0.000140801
0.000140779
0.000140757
0.000140736
0.000140714
0.000140692
0.00014067
0.000140649
0.000140627
0.000140605
0.000140583
0.000140561
0.00014054
0.000140518
0.000140496
0.000140474
0.000140453
0.000140431
0.000140409
0.000140388
0.000140366
0.000140344
0.000140322
0.000140301
0.000140279
0.000140257
0.000140236
0.000140214
0.000140192
0.000140171
0.000140149
0.000140127
0.000140106
0.000140084
0.000140062
0.000140041
0.000140019
0.000139998
0.000139976
0.000139954
0.000139933
0.000139911
0.00013989
0.000139868
0.000139846
0.000139825
0.000139803
0.000139782
0.00013976
0.000139738
0.000139717
0.000139695
0.000139674
0.000139652
0.000139631
0.000139609
0.000139588
0.000139566
0.000139545
0.000139523
0.000139502
0.00013948
0.000139459
0.000139437
0.000139416
0.000139394
0.000139373
0.000139351
0.00013933
0.000139308
0.000139287
0.000139265
0.000139244
0.000139222
0.000139201
0.00013918
0.000139158
0.000139137
0.000139115
0.000139094
0.000139073
0.000139051
0.00013903
0.000139008
0.000138987
0.000138966
0.000138944
0.000138923
0.000138902
0.00013888
0.000138859
0.000138837
0.000138816
0.000138795
0.000138773
0.000138752
0.000138731
0.000138709
0.000138688
0.000138667
0.000138646
0.000138624
0.000138603
0.000138582
0.00013856
0.000138539
0.000138518
0.000138497
0.000138475
0.000138454
0.000138433
0.000138412
0.00013839
0.000138369
0.000138348
0.000138327
0.000138305
0.000138284
0.000138263
0.000138242
0.000138221
0.000138199
0.000138178
0.000138157
0.000138136
0.000138115
0.000138093
0.000138072
0.000138051
0.00013803
0.000138009
0.000137988
0.000137967
0.000137945
0.000137924
0.000137903
0.000137882
0.000137861
0.00013784
0.000137819
0.000137798
0.000137777
0.000137755
0.000137734
0.000137713
0.000137692
0.000137671
0.00013765
0.000137629
0.000137608
0.000137587
0.000137566
0.000137545
0.000137524
0.000137503
0.000137482
0.000137461
0.00013744
0.000137419
0.000137398
0.000137377
0.000137356
0.000137335
0.000137314
0.000137293
0.000137272
0.000137251
0.00013723
0.000137209
0.000137188
0.000137167
0.000137146
0.000137125
0.000137104
0.000137083
0.000137062
0.000137041
0.00013702
0.000137
0.000136979
0.000136958
0.000136937
0.000136916
0.000136895
0.000136874
0.000136853
0.000136832
0.000136812
0.000136791
0.00013677
0.000136749
0.000136728
0.000136707
0.000136686
0.000136666
0.000136645
0.000136624
0.000136603
0.000136582
0.000136562
0.000136541
0.00013652
0.000136499
0.000136478
0.000136458
0.000136437
0.000136416
0.000136395
0.000136375
0.000136354
0.000136333
0.000136312
0.000136292
0.000136271
0.00013625
0.000136229
0.000136209
0.000136188
0.000136167
0.000136146
0.000136126
0.000136105
0.000136084
0.000136064
0.000136043
0.000136022
0.000136002
0.000135981
0.00013596
0.00013594
0.000135919
0.000135898
0.000135878
0.000135857
0.000135836
0.000135816
0.000135795
0.000135775
0.000135754
0.000135733
0.000135713
0.000135692
0.000135672
0.000135651
0.00013563
0.00013561
0.000135589
0.000135569
0.000135548
0.000135528
0.000135507
0.000135486
0.000135466
0.000135445
0.000135425
0.000135404
0.000135384
0.000135363
0.000135343
0.000135322
0.000135302
0.000135281
0.000135261
0.00013524
0.00013522
0.000135199
0.000135179
0.000135158
0.000135138
0.000135117
0.000135097
0.000135077
0.000135056
0.000135036
0.000135015
0.000134995
0.000134974
0.000134954
0.000134934
0.000134913
0.000134893
0.000134872
0.000134852
0.000134831
0.000134811
0.000134791
0.00013477
0.00013475
0.00013473
0.000134709
0.000134689
0.000134669
0.000134648
0.000134628
0.000134607
0.000134587
0.000134567
0.000134546
0.000134526
0.000134506
0.000134486
0.000134465
0.000134445
0.000134425
0.000134404
0.000134384
0.000134364
0.000134344
0.000134323
0.000134303
0.000134283
0.000134262
0.000134242
0.000134222
0.000134202
0.000134181
0.000134161
0.000134141
0.000134121
0.000134101
0.00013408
0.00013406
0.00013404
0.00013402
0.000134
0.000133979
0.000133959
0.000133939
0.000133919
0.000133899
0.000133878
0.000133858
0.000133838
0.000133818
0.000133798
0.000133778
0.000133758
0.000133737
0.000133717
0.000133697
0.000133677
0.000133657
0.000133637
0.000133617
0.000133597
0.000133577
0.000133556
0.000133536
0.000133516
0.000133496
0.000133476
0.000133456
0.000133436
0.000133416
0.000133396
0.000133376
0.000133356
0.000133336
0.000133316
0.000133296
0.000133276
0.000133256
0.000133236
0.000133216
0.000133196
0.000133176
0.000133156
0.000133136
0.000133116
0.000133096
0.000133076
0.000133056
0.000133036
0.000133016
0.000132996
0.000132976
0.000132956
0.000132936
0.000132916
0.000132896
0.000132876
0.000132856
0.000132836
0.000132817
0.000132797
0.000132777
0.000132757
0.000132737
0.000132717
0.000132697
0.000132677
0.000132657
0.000132638
0.000132618
0.000132598
0.000132578
0.000132558
0.000132538
0.000132518
0.000132499
0.000132479
0.000132459
0.000132439
0.000132419
0.000132399
0.00013238
0.00013236
0.00013234
0.00013232
0.0001323
0.000132281
0.000132261
0.000132241
0.000132221
0.000132202
0.000132182
0.000132162
0.000132142
0.000132123
0.000132103
0.000132083
0.000132063
0.000132044
0.000132024
0.000132004
0.000131985
0.000131965
0.000131945
0.000131925
0.000131906
0.000131886
0.000131866
0.000131847
0.000131827
0.000131807
0.000131788
0.000131768
0.000131748
0.000131729
0.000131709
0.000131689
0.00013167
0.00013165
0.00013163
0.000131611
0.000131591
0.000131572
0.000131552
0.000131532
0.000131513
0.000131493
0.000131474
0.000131454
0.000131434
0.000131415
0.000131395
0.000131376
0.000131356
0.000131337
0.000131317
0.000131297
0.000131278
0.000131258
0.000131239
0.000131219
0.0001312
0.00013118
0.000131161
0.000131141
0.000131122
0.000131102
0.000131083
0.000131063
0.000131044
0.000131024
0.000131005
0.000130985
0.000130966
0.000130946
0.000130927
0.000130907
0.000130888
0.000130869
0.000130849
0.00013083
0.00013081
0.000130791
0.000130771
0.000130752
0.000130733
0.000130713
0.000130694
0.000130674
0.000130655
0.000130636
0.000130616
0.000130597
0.000130577
0.000130558
0.000130539
0.000130519
0.0001305
0.000130481
0.000130461
0.000130442
0.000130423
0.000130403
0.000130384
0.000130365
0.000130345
0.000130326
0.000130307
0.000130287
0.000130268
0.000130249
0.000130229
0.00013021
0.000130191
0.000130172
0.000130152
0.000130133
0.000130114
0.000130094
0.000130075
0.000130056
0.000130037
0.000130017
0.000129998
0.000129979
0.00012996
0.000129941
0.000129921
0.000129902
0.000129883
0.000129864
0.000129844
0.000129825
0.000129806
0.000129787
0.000129768
0.000129748
0.000129729
0.00012971
0.000129691
0.000129672
0.000129653
0.000129634
0.000129614
0.000129595
0.000129576
0.000129557
0.000129538
0.000129519
0.0001295
0.00012948
0.000129461
0.000129442
0.000129423
0.000129404
0.000129385
0.000129366
0.000129347
0.000129328
0.000129309
0.00012929
0.00012927
0.000129251
0.000129232
0.000129213
0.000129194
0.000129175
0.000129156
0.000129137
0.000129118
0.000129099
0.00012908
0.000129061
0.000129042
0.000129023
0.000129004
0.000128985
0.000128966
0.000128947
0.000128928
0.000128909
0.00012889
0.000128871
0.000128852
0.000128833
0.000128814
0.000128795
0.000128776
0.000128757
0.000128738
0.00012872
0.000128701
0.000128682
0.000128663
0.000128644
0.000128625
0.000128606
0.000128587
0.000128568
0.000128549
0.00012853
0.000128512
0.000128493
0.000128474
0.000128455
0.000128436
0.000128417
0.000128398
0.000128379
0.000128361
0.000128342
0.000128323
0.000128304
0.000128285
0.000128266
0.000128248
0.000128229
0.00012821
0.000128191
0.000128172
0.000128154
0.000128135
0.000128116
0.000128097
0.000128078
0.00012806
0.000128041
0.000128022
0.000128003
0.000127985
0.000127966
0.000127947
0.000127928
0.00012791
0.000127891
0.000127872
0.000127853
0.000127835
0.000127816
0.000127797
0.000127779
0.00012776
0.000127741
0.000127722
0.000127704
0.000127685
0.000127666
0.000127648
0.000127629
0.00012761
0.000127592
0.000127573
0.000127554
0.000127536
0.000127517
0.000127498
0.00012748
0.000127461
0.000127443
0.000127424
0.000127405
0.000127387
0.000127368
0.000127349
0.000127331
0.000127312
0.000127294
0.000127275
0.000127256
0.000127238
0.000127219
0.000127201
0.000127182
0.000127164
0.000127145
0.000127126
0.000127108
0.000127089
0.000127071
0.000127052
0.000127034
0.000127015
0.000126997
0.000126978
0.00012696
0.000126941
0.000126923
0.000126904
0.000126886
0.000126867
0.000126849
0.00012683
0.000126812
0.000126793
0.000126775
0.000126756
0.000126738
0.000126719
0.000126701
0.000126683
0.000126664
0.000126646
0.000126627
0.000126609
0.00012659
0.000126572
0.000126554
0.000126535
0.000126517
0.000126498
0.00012648
0.000126461
0.000126443
0.000126425
0.000126406
0.000126388
0.00012637
0.000126351
0.000126333
0.000126314
0.000126296
0.000126278
0.000126259
0.000126241
0.000126223
0.000126204
0.000126186
0.000126168
0.000126149
0.000126131
0.000126113
0.000126094
0.000126076
0.000126058
0.00012604
0.000126021
0.000126003
0.000125985
0.000125966
0.000125948
0.00012593
0.000125912
0.000125893
0.000125875
0.000125857
0.000125839
0.00012582
0.000125802
0.000125784
0.000125766
0.000125747
0.000125729
0.000125711
0.000125693
0.000125675
0.000125656
0.000125638
0.00012562
0.000125602
0.000125584
0.000125565
0.000125547
0.000125529
0.000125511
0.000125493
0.000125475
0.000125456
0.000125438
0.00012542
0.000125402
0.000125384
0.000125366
0.000125348
0.00012533
0.000125311
0.000125293
0.000125275
0.000125257
0.000125239
0.000125221
0.000125203
0.000125185
0.000125167
0.000125148
0.00012513
0.000125112
0.000125094
0.000125076
0.000125058
0.00012504
0.000125022
0.000125004
0.000124986
0.000124968
0.00012495
0.000124932
0.000124914
0.000124896
0.000124878
0.00012486
0.000124842
0.000124824
0.000124806
0.000124788
0.00012477
0.000124752
0.000124734
0.000124716
0.000124698
0.00012468
0.000124662
0.000124644
0.000124626
0.000124608
0.00012459
0.000124572
0.000124554
0.000124536
0.000124518
0.0001245
0.000124482
0.000124465
0.000124447
0.000124429
0.000124411
0.000124393
0.000124375
0.000124357
0.000124339
0.000124321
0.000124304
0.000124286
0.000124268
0.00012425
0.000124232
0.000124214
0.000124196
0.000124178
0.000124161
0.000124143
0.000124125
0.000124107
0.000124089
0.000124071
0.000124054
0.000124036
0.000124018
0.000124
0.000123982
0.000123965
0.000123947
0.000123929
0.000123911
0.000123893
0.000123876
0.000123858
0.00012384
0.000123822
0.000123805
0.000123787
0.000123769
0.000123751
0.000123734
0.000123716
0.000123698
0.00012368
0.000123663
0.000123645
0.000123627
0.00012361
0.000123592
0.000123574
0.000123556
0.000123539
0.000123521
0.000123503
0.000123486
0.000123468
0.00012345
0.000123433
0.000123415
0.000123397
0.00012338
0.000123362
0.000123344
0.000123327
0.000123309
0.000123291
0.000123274
0.000123256
0.000123238
0.000123221
0.000123203
0.000123186
0.000123168
0.00012315
0.000123133
0.000123115
0.000123098
0.00012308
0.000123062
0.000123045
0.000123027
0.00012301
0.000122992
0.000122975
0.000122957
0.000122939
0.000122922
0.000122904
0.000122887
0.000122869
0.000122852
0.000122834
0.000122817
0.000122799
0.000122782
0.000122764
0.000122747
0.000122729
0.000122712
0.000122694
0.000122677
0.000122659
0.000122642
0.000122624
0.000122607
0.000122589
0.000122572
0.000122554
0.000122537
0.000122519
0.000122502
0.000122485
0.000122467
0.00012245
0.000122432

