5e-05
5e-05
5e-05
5e-05
5e-05
5e-05
5e-05
5e-05
5e-05
5e-05
5e-05
5e-05
5e-05
5e-05
5e-05
5e-05
5e-05
5e-05
5e-05
5e-05
5e-05
5e-05
5e-05
5e-05
5e-05
5e-05
5e-05
5e-05
5e-05
5e-05
5e-05
5e-05
5e-05
5e-05
5e-05
5e-05
5e-05
5e-05
5e-05
5e-05
5e-05
5e-05
5e-05
5e-05
5e-05
5e-05
5e-05
5e-05
5e-05
5e-05
5e-05
5e-05
5e-05
5e-05
5e-05
5e-05
5e-05
5e-05
5e-05
5e-05
5e-05
5e-05
5e-05
5e-05
5e-05
5e-05
5e-05
5e-05
5e-05
5e-05
5e-05
5e-05
5e-05
5e-05
5e-05
5e-05
5e-05
5e-05
5e-05
5e-05
5e-05
5e-05
5e-05
5e-05
5e-05
5e-05
5e-05
5e-05
5e-05
5e-05
5e-05
5e-05
5e-05
5e-05
5e-05
5e-05
5e-05
5e-05
5e-05
5e-05
5e-05
5e-05
5e-05
5e-05
5e-05
5e-05
5e-05
5e-05
5e-05
5e-05
5e-05
5e-05
5e-05
5e-05
5e-05
5e-05
5e-05
5e-05
5e-05
5e-05
5e-05
5e-05
5e-05
5e-05
5e-05
5e-05
5e-05
5e-05
5e-05
5e-05
5e-05
5e-05
5e-05
5e-05
5e-05
5e-05
5e-05
5e-05
5e-05
5e-05
5e-05
5e-05
5e-05
5e-05
5e-05
5e-05
5e-05
5e-05
5e-05
5e-05
5e-05
5e-05
5e-05
5e-05
5e-05
5e-05
5e-05
5e-05
5e-05
5e-05
5e-05
5e-05
5e-05
5e-05
5e-05
5e-05
5e-05
5e-05
5e-05
5e-05
5e-05
5e-05
5e-05
5e-05
5e-05
5e-05
5e-05
5e-05
5e-05
5e-05
5e-05
5e-05
5e-05
5e-05
5e-05
5e-05
5e-05
5e-05
5e-05
5e-05
5e-05
5e-05
5e-05
5e-05
5e-05
5e-05
5e-05
5e-05
5e-05
5e-05
5e-05
5e-05
5e-05
5e-05
5e-05
5e-05
5e-05
5e-05
5e-05
5e-05
5e-05
5e-05
5e-05
5e-05
5e-05
5e-05
5e-05
5e-05
5e-05
5e-05
5e-05
5e-05
5e-05
5e-05
5e-05
5e-05
5e-05
5e-05
5e-05
5e-05
5e-05
5e-05
5e-05
5e-05
5e-05
5e-05
5e-05
5e-05
5e-05
5e-05
5e-05
5e-05
5e-05
5e-05
5e-05
5e-05
5e-05
5e-05
5e-05
5e-05
5e-05
5e-05
5e-05
5e-05
5e-05
5e-05
5e-05
5e-05
5e-05
5e-05
5e-05
5e-05
5e-05
5e-05
5e-05
5e-05
5e-05
5e-05
5e-05
5e-05
5e-05
5e-05
5e-05
5e-05
5e-05
5e-05
5e-05
5e-05
5e-05
5e-05
5e-05
5e-05
5e-05
5e-05
5e-05
5e-05
5e-05
5e-05
5e-05
5e-05
5e-05
5e-05
5e-05
5e-05
5e-05
5e-05
5e-05
5e-05
5e-05
5e-05
5e-05
5e-05
5e-05
5e-05
5e-05
5e-05
5e-05
5e-05
5e-05
5e-05
5e-05
5e-05
5e-05
5e-05
5e-05
5e-05
5e-05
5e-05
5e-05
5e-05
5e-05
5e-05
5e-05
5e-05
5e-05
5e-05
5e-05
5e-05
5e-05
5e-05
5e-05
5e-05
5e-05
5e-05
5e-05
5e-05
5e-05
5e-05
5e-05
5e-05
5e-05
5e-05
5e-05
5e-05
5e-05
5e-05
5e-05
5e-05
5e-05
5e-05
5e-05
5e-05
5e-05
5e-05
5e-05
5e-05
5e-05
5e-05
5e-05
5e-05
5e-05
5e-05
5e-05
5e-05
5e-05
5e-05
5e-05
5e-05
5e-05
5e-05
5e-05
5e-05
5e-05
5e-05
5e-05
5e-05
5e-05
5e-05
5e-05
5e-05
5e-05
5e-05
5e-05
5e-05
5e-05
5e-05
5e-05
5e-05
5e-05
5e-05
5e-05
5e-05
5e-05
5e-05
5e-05
5e-05
5e-05
5e-05
5e-05
5e-05
5e-05
5e-05
5e-05
5e-05
5e-05
5e-05
5e-05
5e-05
5e-05
5e-05
5e-05
5e-05
5e-05
5e-05
5e-05
5e-05
5e-05
5e-05
5e-05
5e-05
5e-05
5e-05
5e-05
5e-05
5e-05
5e-05
5e-05
5e-05
5e-05
5e-05
5e-05
5e-05
5e-05
5e-05
5e-05
5e-05
5e-05
5e-05
5e-05
5e-05
5e-05
5e-05
5e-05
5e-05
5e-05
5e-05
5e-05
5e-05
5e-05
5e-05
5e-05
5e-05
5e-05
5e-05
5e-05
5e-05
5e-05
5e-05
5e-05
5e-05
5e-05
5e-05
5e-05
5e-05
5e-05
5e-05
5e-05
5e-05
5e-05
5e-05
5e-05
5e-05
5e-05
5e-05
5e-05
5e-05
5e-05
5e-05
5e-05
5e-05
5e-05
5e-05
5e-05
5e-05
5e-05
5e-05
5e-05
5e-05
5e-05
5e-05
5e-05
5e-05
5e-05
5e-05
5e-05
5e-05
5e-05
5e-05
5e-05
5e-05
5e-05
5e-05
5e-05
5e-05
5e-05
5e-05
5e-05
5e-05
5e-05
5e-05
5e-05
5e-05
5e-05
5e-05
5e-05
5e-05
5e-05
5e-05
5e-05
5e-05
5e-05
5e-05
5e-05
5e-05
5e-05
5e-05
5e-05
5e-05
5e-05
5e-05
5e-05
5e-05
5e-05
5e-05
5e-05
5e-05
5e-05
5e-05
5e-05
5e-05
5e-05
5e-05
5e-05
5e-05
5e-05
5e-05
5e-05
5e-05
5e-05
5e-05
5e-05
5e-05
5e-05
5e-05
5e-05
5e-05
5e-05
5e-05
5e-05
5e-05
5e-05
5e-05
5e-05
5e-05
5e-05
5e-05
5e-05
5e-05
5e-05
5e-05
5e-05
5e-05
5e-05
5e-05
5e-05
5e-05
5e-05
5e-05
5e-05
5e-05
5e-05
5e-05
5e-05
5e-05
5e-05
5e-05
5e-05
5e-05
5e-05
5e-05
5e-05
5e-05
5e-05
5e-05
5e-05
5e-05
5e-05
5e-05
5e-05
5e-05
5e-05
5e-05
5e-05
5e-05
5e-05
5e-05
5e-05
5e-05
5e-05
5e-05
5e-05
5e-05
5e-05
5e-05
5e-05
5e-05
5e-05
5e-05
5e-05
5e-05
5e-05
5e-05
5e-05
5e-05
5e-05
5e-05
5e-05
5e-05
5e-05
5e-05
5e-05
5e-05
5e-05
5e-05
5e-05
5e-05
5e-05
5e-05
5e-05
5e-05
5e-05
5e-05
5e-05
5e-05
5e-05
5e-05
5e-05
5e-05
5e-05
5e-05
5e-05
5e-05
5e-05
5e-05
5e-05
5e-05
5e-05
5e-05
5e-05
5e-05
5e-05
5e-05
5e-05
5e-05
5e-05
5e-05
5e-05
5e-05
5e-05
5e-05
5e-05
5e-05
5e-05
5e-05
5e-05
5e-05
5e-05
5e-05
5e-05
5e-05
5e-05
5e-05
5e-05
5e-05
5e-05
5e-05
5e-05
5e-05
5e-05
5e-05
5e-05
5e-05
5e-05
5e-05
5e-05
5e-05
5e-05
5e-05
5e-05
5e-05
5e-05
5e-05
5e-05
5e-05
5e-05
5e-05
5e-05
5e-05
5e-05
5e-05
5e-05
5e-05
5e-05
5e-05
5e-05
5e-05
5e-05
5e-05
5e-05
5e-05
5e-05
5e-05
5e-05
5e-05
5e-05
5e-05
5e-05
5e-05
5e-05
5e-05
5e-05
5e-05
5e-05
5e-05
5e-05
5e-05
5e-05
5e-05
5e-05
5e-05
5e-05
5e-05
5e-05
5e-05
5e-05
5e-05
5e-05
5e-05
5e-05
5e-05
5e-05
5e-05
5e-05
5e-05
5e-05
5e-05
5e-05
5e-05
5e-05
5e-05
5e-05
5e-05
5e-05
5e-05
5e-05
5e-05
5e-05
5e-05
5e-05
5e-05
5e-05
5e-05
5e-05
5e-05
5e-05
5e-05
5e-05
5e-05
5e-05
5e-05
5e-05
5e-05
5e-05
5e-05
5e-05
5e-05
5e-05
5e-05
5e-05
5e-05
5e-05
5e-05
5e-05
5e-05
5e-05
5e-05
5e-05
5e-05
5e-05
5e-05
5e-05
8.15084e-05
0.000112088
0.000141768
0.000170579
0.00019855
0.000225707
0.000252077
0.000277686
0.000302558
0.000326718
0.000350189
0.000372993
0.000395151
0.000416686
0.000437616
0.000457962
0.000477742
0.000496976
0.000515679
0.000533871
0.000551567
0.000568783
0.000585534
0.000601837
0.000617705
0.000633152
0.000648192
0.000662837
0.000677102
0.000690998
0.000704536
0.000717729
0.000730587
0.000743121
0.000755342
0.00076726
0.000778885
0.000790225
0.00080129
0.000812089
0.00082263
0.000832923
0.000842973
0.000852791
0.000862382
0.000871754
0.000880914
0.00088987
0.000898626
0.000907191
0.00091557
0.000923768
0.000931793
0.000939649
0.000947341
0.000954875
0.000962257
0.00096949
0.00097658
0.000983531
0.000990348
0.000997034
0.00100359
0.00101003
0.00101635
0.00102256
0.00102866
0.00103465
0.00104053
0.00104631
0.001052
0.0010576
0.0010631
0.00106851
0.00107384
0.00107909
0.00108425
0.00108934
0.00109436
0.0010993
0.00107266
0.00104687
0.0010219
0.000997727
0.000974323
0.000951664
0.000929727
0.000908489
0.000887928
0.000868022
0.000848751
0.000830094
0.000812032
0.000794546
0.000777618
0.00076123
0.000745364
0.000730005
0.000715136
0.000700741
0.000686806
0.000673315
0.000660255
0.000647612
0.000635372
0.000623523
0.000612052
0.000600947
0.000590197
0.00057979
0.000569715
0.000559961
0.000550519
0.000541378
0.000532529
0.000523962
0.000515669
0.00050764
0.000499867
0.000492343
0.000485058
0.000478006
0.000471178
0.000464568
0.000458169
0.000451974
0.000445977
0.00044017
0.000434548
0.000429106
0.000423837
0.000418735
0.000413796
0.000409014
0.000404385
0.000399902
0.000395562
0.00039136
0.000387292
0.000383353
0.000379539
0.000375845
0.00037227
0.000368807
0.000365455
0.000362208
0.000359065
0.000356021
0.000353073
0.000350219
0.000347455
0.000344779
0.000342186
0.000339676
0.000337245
0.000334891
0.000332611
0.000330402
0.000328264
0.000326192
0.000324186
0.000322242
0.00032036
0.000318537
0.00031677
0.00031506
0.000313402
0.000311797
0.000310241
0.000308734
0.000307274
0.00030586
0.000304489
0.000303162
0.000301875
0.000300628
0.00029942
0.000298249
0.000297115
0.000296015
0.000294949
0.000293916
0.000292915
0.000291944
0.000291004
0.000290092
0.000289207
0.00028835
0.000287519
0.000286713
0.000285932
0.000285174
0.000284439
0.000283726
0.000283034
0.000282364
0.000281713
0.000281082
0.00028047
0.000279876
0.000279299
0.00027874
0.000278197
0.00027767
0.000277158
0.000276661
0.000276179
0.000275711
0.000275257
0.000274815
0.000274387
0.00027397
0.000273566
0.000273173
0.000272791
0.00027242
0.000272059
0.000271709
0.000271368
0.000271037
0.000270715
0.000270402
0.000270097
0.000269801
0.000269512
0.000269232
0.000268959
0.000268693
0.000268434
0.000268183
0.000267937
0.000267699
0.000267466
0.000267239
0.000267019
0.000266803
0.000266594
0.000266389
0.00026619
0.000265995
0.000265805
0.00026562
0.00026544
0.000265263
0.000265091
0.000264923
0.000264759
0.000264598
0.000264442
0.000264289
0.000264139
0.000263992
0.000263849
0.000263709
0.000263572
0.000263438
0.000263307
0.000263178
0.000263052
0.000262929
0.000262808
0.00026269
0.000262573
0.00026246
0.000262348
0.000262238
0.000262131
0.000262025
0.000261922
0.00026182
0.00026172
0.000261621
0.000261525
0.00026143
0.000261336
0.000261245
0.000261154
0.000261065
0.000260978
0.000260891
0.000260806
0.000260723
0.00026064
0.000260559
0.000260479
0.0002604
0.000260321
0.000260245
0.000260169
0.000260093
0.000260019
0.000259946
0.000259874
0.000259802
0.000259732
0.000259662
0.000259593
0.000259525
0.000259457
0.00025939
0.000259324
0.000259258
0.000259193
0.000259129
0.000259065
0.000259002
0.00025894
0.000258878
0.000258816
0.000258755
0.000258695
0.000258635
0.000258575
0.000258516
0.000258457
0.000258399
0.000258341
0.000258284
0.000258226
0.00025817
0.000258113
0.000258057
0.000258002
0.000257946
0.000257891
0.000257836
0.000257782
0.000257728
0.000257674
0.00025762
0.000257567
0.000257514
0.000257461
0.000257408
0.000257356
0.000257304
0.000257252
0.0002572
0.000257148
0.000257097
0.000257046
0.000256995
0.000256944
0.000256894
0.000256843
0.000256793
0.000256743
0.000256693
0.000256643
0.000256593
0.000256544
0.000256494
0.000256445
0.000256396
0.000256347
0.000256298
0.000256249
0.0002562
0.000256152
0.000256103
0.000256055
0.000256007
0.000255958
0.00025591
0.000255862
0.000255814
0.000255767
0.000255719
0.000255671
0.000255624
0.000255576
0.000255529
0.000255481
0.000255434
0.000255387
0.00025534
0.000255293
0.000255246
0.000255199
0.000255152
0.000255105
0.000255058
0.000255012
0.000254965
0.000254919
0.000254872
0.000254825
0.000254779
0.000254733
0.000254686
0.00025464
0.000254594
0.000254547
0.000254501
0.000254455
0.000254409
0.000254363
0.000254317
0.000254271
0.000254225
0.000254179
0.000254133
0.000254087
0.000254042
0.000253996
0.00025395
0.000253904
0.000253859
0.000253813
0.000253767
0.000253722
0.000253676
0.000253631
0.000253585
0.00025354
0.000253494
0.000253449
0.000253403
0.000253358
0.000253312
0.000253267
0.000253222
0.000253176
0.000253131
0.000253086
0.000253041
0.000252995
0.00025295
0.000252905
0.00025286
0.000252815
0.00025277
0.000252724
0.000252679
0.000252634
0.000252589
0.000252544
0.000252499
0.000252454
0.000252409
0.000252364
0.000252319
0.000252274
0.000252229
0.000252185
0.00025214
0.000252095
0.00025205
0.000252005
0.00025196
0.000251915
0.000251871
0.000251826
0.000251781
0.000251736
0.000251692
0.000251647
0.000251602
0.000251557
0.000251513
0.000251468
0.000251423
0.000251379
0.000251334
0.000251289
0.000251245
0.0002512
0.000251156
0.000251111
0.000251067
0.000251022
0.000250977
0.000250933
0.000250888
0.000250844
0.000250799
0.000250755
0.00025071
0.000250666
0.000250622
0.000250577
0.000250533
0.000250488
0.000250444
0.0002504
0.000250355
0.000250311
0.000250266
0.000250222
0.000250178
0.000250133
0.000250089
0.000250045
0.000250001
0.000249956
0.000249912
0.000249868
0.000249823
0.000249779
0.000249735
0.000249691
0.000249647
0.000249602
0.000249558
0.000249514
0.00024947
0.000249426
0.000249382
0.000249338
0.000249293
0.000249249
0.000249205
0.000249161
0.000249117
0.000249073
0.000249029
0.000248985
0.000248941
0.000248897
0.000248853
0.000248809
0.000248765
0.000248721
0.000248677
0.000248633
0.000248589
0.000248545
0.000248501
0.000248457
0.000248413
0.000248369
0.000248325
0.000248281
0.000248238
0.000248194
0.00024815
0.000248106
0.000248062
0.000248018
0.000247974
0.000247931
0.000247887
0.000247843
0.000247799
0.000247756
0.000247712
0.000247668
0.000247624
0.000247581
0.000247537
0.000247493
0.000247449
0.000247406
0.000247362
0.000247318
0.000247275
0.000247231
0.000247187
0.000247144
0.0002471
0.000247057
0.000247013
0.000246969
0.000246926
0.000246882
0.000246839
0.000246795
0.000246752
0.000246708
0.000246664
0.000246621
0.000246577
0.000246534
0.00024649
0.000246447
0.000246403
0.00024636
0.000246317
0.000246273
0.00024623
0.000246186
0.000246143
0.000246099
0.000246056
0.000246013
0.000245969
0.000245926
0.000245883
0.000245839
0.000245796
0.000245753
0.000245709
0.000245666
0.000245623
0.000245579
0.000245536
0.000245493
0.00024545
0.000245406
0.000245363
0.00024532
0.000245277
0.000245233
0.00024519
0.000245147
0.000245104
0.000245061
0.000245017
0.000244974
0.000244931
0.000244888
0.000244845
0.000244802
0.000244759
0.000244715
0.000244672
0.000244629
0.000244586
0.000244543
0.0002445
0.000244457
0.000244414
0.000244371
0.000244328
0.000244285
0.000244242
0.000244199
0.000244156
0.000244113
0.00024407
0.000244027
0.000243984
0.000243941
0.000243898
0.000243855
0.000243812
0.00024377
0.000243727
0.000243684
0.000243641
0.000243598
0.000243555
0.000243512
0.00024347
0.000243427
0.000243384
0.000243341
0.000243298
0.000243256
0.000243213
0.00024317
0.000243127
0.000243085
0.000243042
0.000242999
0.000242956
0.000242914
0.000242871
0.000242828
0.000242786
0.000242743
0.0002427
0.000242658
0.000242615
0.000242572
0.00024253
0.000242487
0.000242444
0.000242402
0.000242359
0.000242317
0.000242274
0.000242232
0.000242189
0.000242146
0.000242104
0.000242061
0.000242019
0.000241976
0.000241934
0.000241891
0.000241849
0.000241806
0.000241764
0.000241722
0.000241679
0.000241637
0.000241594
0.000241552
0.000241509
0.000241467
0.000241425
0.000241382
0.00024134
0.000241298
0.000241255
0.000241213
0.000241171
0.000241128
0.000241086
0.000241044
0.000241001
0.000240959
0.000240917
0.000240874
0.000240832
0.00024079
0.000240748
0.000240706
0.000240663
0.000240621
0.000240579
0.000240537
0.000240495
0.000240452
0.00024041
0.000240368
0.000240326
0.000240284
0.000240242
0.000240199
0.000240157
0.000240115
0.000240073
0.000240031
0.000239989
0.000239947
0.000239905
0.000239863
0.000239821
0.000239779
0.000239737
0.000239695
0.000239653
0.000239611
0.000239569
0.000239527
0.000239485
0.000239443
0.000239401
0.000239359
0.000239317
0.000239275
0.000239233
0.000239191
0.00023915
0.000239108
0.000239066
0.000239024
0.000238982
0.00023894
0.000238898
0.000238857
0.000238815
0.000238773
0.000238731
0.000238689
0.000238648
0.000238606
0.000238564
0.000238522
0.000238481
0.000238439
0.000238397
0.000238355
0.000238314
0.000238272
0.00023823
0.000238189
0.000238147
0.000238105
0.000238064
0.000238022
0.00023798
0.000237939
0.000237897
0.000237855
0.000237814
0.000237772
0.000237731
0.000237689
0.000237648
0.000237606
0.000237564
0.000237523
0.000237481
0.00023744
0.000237398
0.000237357
0.000237315
0.000237274
0.000237232
0.000237191
0.00023715
0.000237108
0.000237067
0.000237025
0.000236984
0.000236942
0.000236901
0.00023686
0.000236818
0.000236777
0.000236735
0.000236694
0.000236653
0.000236611
0.00023657
0.000236529
0.000236488
0.000236446
0.000236405
0.000236364
0.000236322
0.000236281
0.00023624
0.000236199
0.000236157
0.000236116
0.000236075
0.000236034
0.000235992
0.000235951
0.00023591
0.000235869
0.000235828
0.000235787
0.000235745
0.000235704
0.000235663
0.000235622
0.000235581
0.00023554
0.000235499
0.000235458
0.000235417
0.000235376
0.000235334
0.000235293
0.000235252
0.000235211
0.00023517
0.000235129
0.000235088
0.000235047
0.000235006
0.000234965
0.000234924
0.000234883
0.000234843
0.000234802
0.000234761
0.00023472
0.000234679
0.000234638
0.000234597
0.000234556
0.000234515
0.000234474
0.000234433
0.000234393
0.000234352
0.000234311
0.00023427
0.000234229
0.000234189
0.000234148
0.000234107
0.000234066
0.000234025
0.000233985
0.000233944
0.000233903
0.000233862
0.000233822
0.000233781
0.00023374
0.0002337
0.000233659
0.000233618
0.000233577
0.000233537
0.000233496
0.000233455
0.000233415
0.000233374
0.000233334
0.000233293
0.000233252
0.000233212
0.000233171
0.000233131
0.00023309
0.000233049
0.000233009
0.000232968
0.000232928
0.000232887
0.000232847
0.000232806
0.000232766
0.000232725
0.000232685
0.000232644
0.000232604
0.000232563
0.000232523
0.000232483
0.000232442
0.000232402
0.000232361
0.000232321
0.000232281
0.00023224
0.0002322
0.000232159
0.000232119
0.000232079
0.000232038
0.000231998
0.000231958
0.000231917
0.000231877
0.000231837
0.000231797
0.000231756
0.000231716
0.000231676
0.000231635
0.000231595
0.000231555
0.000231515
0.000231475
0.000231434
0.000231394
0.000231354
0.000231314
0.000231274
0.000231233
0.000231193
0.000231153
0.000231113
0.000231073
0.000231033
0.000230993
0.000230953
0.000230912
0.000230872
0.000230832
0.000230792
0.000230752
0.000230712
0.000230672
0.000230632
0.000230592
0.000230552
0.000230512
0.000230472
0.000230432
0.000230392
0.000230352
0.000230312
0.000230272
0.000230232
0.000230192
0.000230152
0.000230112
0.000230073
0.000230033
0.000229993
0.000229953
0.000229913
0.000229873
0.000229833
0.000229793
0.000229754
0.000229714
0.000229674
0.000229634
0.000229594
0.000229554
0.000229515
0.000229475
0.000229435
0.000229395
0.000229356
0.000229316
0.000229276
0.000229236
0.000229197
0.000229157
0.000229117
0.000229078
0.000229038
0.000228998
0.000228959
0.000228919
0.000228879
0.00022884
0.0002288
0.00022876
0.000228721
0.000228681
0.000228642
0.000228602
0.000228562
0.000228523
0.000228483
0.000228444
0.000228404
0.000228365
0.000228325
0.000228286
0.000228246
0.000228207
0.000228167
0.000228128
0.000228088
0.000228049
0.000228009
0.00022797
0.00022793
0.000227891
0.000227851
0.000227812
0.000227773
0.000227733
0.000227694
0.000227654
0.000227615
0.000227576
0.000227536
0.000227497
0.000227458
0.000227418
0.000227379
0.00022734
0.0002273
0.000227261
0.000227222
0.000227183
0.000227143
0.000227104
0.000227065
0.000227025
0.000226986
0.000226947
0.000226908
0.000226869
0.000226829
0.00022679
0.000226751
0.000226712
0.000226673
0.000226633
0.000226594
0.000226555
0.000226516
0.000226477
0.000226438
0.000226399
0.00022636
0.000226321
0.000226281
0.000226242
0.000226203
0.000226164
0.000226125
0.000226086
0.000226047
0.000226008
0.000225969
0.00022593
0.000225891
0.000225852
0.000225813
0.000225774
0.000225735
0.000225696
0.000225657
0.000225618
0.000225579
0.000225541
0.000225502
0.000225463
0.000225424
0.000225385
0.000225346
0.000225307
0.000225268
0.000225229
0.000225191
0.000225152
0.000225113
0.000225074
0.000225035
0.000224997
0.000224958
0.000224919
0.00022488
0.000224841
0.000224803
0.000224764
0.000224725
0.000224686
0.000224648
0.000224609
0.00022457
0.000224532
0.000224493
0.000224454
0.000224416
0.000224377
0.000224338
0.0002243
0.000224261
0.000224222
0.000224184
0.000224145
0.000224106
0.000224068
0.000224029
0.000223991
0.000223952
0.000223914
0.000223875
0.000223836
0.000223798
0.000223759
0.000223721
0.000223682
0.000223644
0.000223605
0.000223567
0.000223528
0.00022349
0.000223451
0.000223413
0.000223374
0.000223336
0.000223298
0.000223259
0.000223221
0.000223182
0.000223144
0.000223106
0.000223067
0.000223029
0.00022299
0.000222952
0.000222914
0.000222875
0.000222837
0.000222799
0.00022276
0.000222722
0.000222684
0.000222646
0.000222607
0.000222569
0.000222531
0.000222493
0.000222454
0.000222416
0.000222378
0.00022234
0.000222301
0.000222263
0.000222225
0.000222187
0.000222149
0.00022211
0.000222072
0.000222034
0.000221996
0.000221958
0.00022192
0.000221882
0.000221843
0.000221805
0.000221767
0.000221729
0.000221691
0.000221653
0.000221615
0.000221577
0.000221539
0.000221501
0.000221463
0.000221425
0.000221387
0.000221349
0.000221311
0.000221273
0.000221235
0.000221197
0.000221159
0.000221121
0.000221083
0.000221045
0.000221007
0.000220969
0.000220931
0.000220893
0.000220855
0.000220818
0.00022078
0.000220742
0.000220704
0.000220666
0.000220628
0.00022059
0.000220553
0.000220515
0.000220477
0.000220439
0.000220401
0.000220364
0.000220326
0.000220288
0.00022025
0.000220212
0.000220175
0.000220137
0.000220099
0.000220062
0.000220024
0.000219986
0.000219948
0.000219911
0.000219873
0.000219835
0.000219798
0.00021976
0.000219722
0.000219685
0.000219647
0.000219609
0.000219572
0.000219534
0.000219497
0.000219459
0.000219421
0.000219384
0.000219346
0.000219309
0.000219271
0.000219234
0.000219196
0.000219159
0.000219121
0.000219084
0.000219046
0.000219009
0.000218971
0.000218934
0.000218896
0.000218859
0.000218821
0.000218784
0.000218746
0.000218709
0.000218672
0.000218634
0.000218597
0.000218559
0.000218522
0.000218485
0.000218447
0.00021841
0.000218372
0.000218335
0.000218298
0.00021826
0.000218223
0.000218186
0.000218149
0.000218111
0.000218074
0.000218037
0.000217999
0.000217962
0.000217925
0.000217888
0.00021785
0.000217813
0.000217776
0.000217739
0.000217702
0.000217664
0.000217627
0.00021759
0.000217553
0.000217516
0.000217478
0.000217441
0.000217404
0.000217367
0.00021733
0.000217293
0.000217256
0.000217219
0.000217181
0.000217144
0.000217107
0.00021707
0.000217033
0.000216996
0.000216959
0.000216922
0.000216885
0.000216848
0.000216811
0.000216774
0.000216737
0.0002167
0.000216663
0.000216626
0.000216589
0.000216552
0.000216515
0.000216478
0.000216441
0.000216404
0.000216367
0.000216331
0.000216294
0.000216257
0.00021622
0.000216183
0.000216146
0.000216109
0.000216072
0.000216036
0.000215999
0.000215962
0.000215925
0.000215888
0.000215852
0.000215815
0.000215778
0.000215741
0.000215704
0.000215668
0.000215631
0.000215594
0.000215557
0.000215521
0.000215484
0.000215447
0.000215411
0.000215374
0.000215337
0.0002153
0.000215264
0.000215227
0.00021519
0.000215154
0.000215117
0.000215081
0.000215044
0.000215007
0.000214971
0.000214934
0.000214897
0.000214861
0.000214824
0.000214788
0.000214751
0.000214715
0.000214678
0.000214642
0.000214605
0.000214568
0.000214532
0.000214495
0.000214459
0.000214422
0.000214386
0.00021435
0.000214313
0.000214277
0.00021424
0.000214204
0.000214167
0.000214131
0.000214094
0.000214058
0.000214022
0.000213985
0.000213949
0.000213912
0.000213876
0.00021384
0.000213803
0.000213767
0.000213731
0.000213694
0.000213658
0.000213622
0.000213585
0.000213549
0.000213513
0.000213477
0.00021344
0.000213404
0.000213368
0.000213331
0.000213295
0.000213259
0.000213223
0.000213187
0.00021315
0.000213114
0.000213078
0.000213042
0.000213006
0.000212969
0.000212933
0.000212897
0.000212861
0.000212825
0.000212789
0.000212753
0.000212716
0.00021268
0.000212644
0.000212608
0.000212572
0.000212536
0.0002125
0.000212464
0.000212428
0.000212392
0.000212356
0.00021232
0.000212284
0.000212248
0.000212212
0.000212176
0.00021214
0.000212104
0.000212068
0.000212032
0.000211996
0.00021196
0.000211924
0.000211888
0.000211852
0.000211816
0.00021178
0.000211744
0.000211708
0.000211672
0.000211637
0.000211601
0.000211565
0.000211529
0.000211493
0.000211457
0.000211421
0.000211386
0.00021135
0.000211314
0.000211278
0.000211242
0.000211207
0.000211171
0.000211135
0.000211099
0.000211064
0.000211028
0.000210992
0.000210956
0.000210921
0.000210885
0.000210849
0.000210814
0.000210778
0.000210742
0.000210706
0.000210671
0.000210635
0.0002106
0.000210564
0.000210528
0.000210493
0.000210457
0.000210421
0.000210386
0.00021035
0.000210315
0.000210279
0.000210243
0.000210208
0.000210172
0.000210137
0.000210101
0.000210066
0.00021003
0.000209995
0.000209959
0.000209924
0.000209888
0.000209853
0.000209817
0.000209782
0.000209746
0.000209711
0.000209675
0.00020964
0.000209604
0.000209569
0.000209534
0.000209498
0.000209463
0.000209427
0.000209392
0.000209357
0.000209321
0.000209286
0.00020925
0.000209215
0.00020918
0.000209144
0.000209109
0.000209074
0.000209038
0.000209003
0.000208968
0.000208933
0.000208897
0.000208862
0.000208827
0.000208792
0.000208756
0.000208721
0.000208686
0.000208651
0.000208615
0.00020858
0.000208545
0.00020851
0.000208475
0.000208439
0.000208404
0.000208369
0.000208334
0.000208299
0.000208264
0.000208228
0.000208193
0.000208158
0.000208123
0.000208088
0.000208053
0.000208018
0.000207983
0.000207948
0.000207913
0.000207878
0.000207842
0.000207807
0.000207772
0.000207737
0.000207702
0.000207667
0.000207632
0.000207597
0.000207562
0.000207527
0.000207492
0.000207457
0.000207423
0.000207388
0.000207353
0.000207318
0.000207283
0.000207248
0.000207213
0.000207178
0.000207143
0.000207108
0.000207073
0.000207038
0.000207004
0.000206969
0.000206934
0.000206899
0.000206864
0.000206829
0.000206795
0.00020676
0.000206725
0.00020669
0.000206655
0.000206621
0.000206586
0.000206551
0.000206516
0.000206482
0.000206447
0.000206412
0.000206377
0.000206343
0.000206308
0.000206273
0.000206239
0.000206204
0.000206169
0.000206134
0.0002061
0.000206065
0.00020603
0.000205996
0.000205961
0.000205927
0.000205892
0.000205857
0.000205823
0.000205788
0.000205754
0.000205719
0.000205684
0.00020565
0.000205615
0.000205581
0.000205546
0.000205512
0.000205477
0.000205443
0.000205408
0.000205374
0.000205339
0.000205305
0.00020527
0.000205236
0.000205201
0.000205167
0.000205132
0.000205098
0.000205063
0.000205029
0.000204994
0.00020496
0.000204926
0.000204891
0.000204857
0.000204822
0.000204788
0.000204754
0.000204719
0.000204685
0.000204651
0.000204616
0.000204582
0.000204548
0.000204513
0.000204479
0.000204445
0.00020441
0.000204376
0.000204342
0.000204308
0.000204273
0.000204239
0.000204205
0.000204171
0.000204136
0.000204102
0.000204068
0.000204034
0.000203999
0.000203965
0.000203931
0.000203897
0.000203863
0.000203828
0.000203794
0.00020376
0.000203726
0.000203692
0.000203658
0.000203624
0.000203589
0.000203555
0.000203521
0.000203487
0.000203453
0.000203419
0.000203385
0.000203351
0.000203317
0.000203283
0.000203249
0.000203215
0.000203181
0.000203147
0.000203113
0.000203079
0.000203045
0.000203011
0.000202977
0.000202943
0.000202909
0.000202875
0.000202841
0.000202807
0.000202773
0.000202739
0.000202705
0.000202671
0.000202637
0.000202603
0.000202569
0.000202536
0.000202502
0.000202468
0.000202434
0.0002024
0.000202366
0.000202332
0.000202299
0.000202265
0.000202231
0.000202197
0.000202163
0.00020213
0.000202096
0.000202062
0.000202028
0.000201994
0.000201961
0.000201927
0.000201893
0.000201859
0.000201826
0.000201792
0.000201758
0.000201725
0.000201691
0.000201657
0.000201623
0.00020159
0.000201556
0.000201522
0.000201489
0.000201455
0.000201421
0.000201388
0.000201354
0.000201321
0.000201287
0.000201253
0.00020122
0.000201186
0.000201153
0.000201119
0.000201085
0.000201052
0.000201018
0.000200985
0.000200951
0.000200918
0.000200884
0.000200851
0.000200817
0.000200784
0.00020075
0.000200717
0.000200683
0.00020065
0.000200616
0.000200583
0.000200549
0.000200516
0.000200483
0.000200449
0.000200416
0.000200382
0.000200349
0.000200315
0.000200282
0.000200249
0.000200215
0.000200182
0.000200149
0.000200115
0.000200082
0.000200049
0.000200015
0.000199982
0.000199949
0.000199915
0.000199882
0.000199849
0.000199815
0.000199782
0.000199749
0.000199716
0.000199682
0.000199649
0.000199616
0.000199583
0.000199549
0.000199516
0.000199483
0.00019945
0.000199416
0.000199383
0.00019935
0.000199317
0.000199284
0.000199251
0.000199217
0.000199184
0.000199151
0.000199118
0.000199085
0.000199052
0.000199019
0.000198985
0.000198952
0.000198919
0.000198886
0.000198853
0.00019882
0.000198787
0.000198754
0.000198721
0.000198688
0.000198655
0.000198622
0.000198589
0.000198556
0.000198523
0.00019849
0.000198457
0.000198424
0.000198391
0.000198358
0.000198325
0.000198292
0.000198259
0.000198226
0.000198193
0.00019816
0.000198127
0.000198094
0.000198061
0.000198029
0.000197996
0.000197963
0.00019793
0.000197897
0.000197864
0.000197831
0.000197798
0.000197766
0.000197733
0.0001977
0.000197667
0.000197634
0.000197602
0.000197569
0.000197536
0.000197503
0.00019747
0.000197438
0.000197405
0.000197372
0.000197339
0.000197307
0.000197274
0.000197241
0.000197208
0.000197176
0.000197143
0.00019711
0.000197078
0.000197045
0.000197012
0.00019698
0.000196947
0.000196914
0.000196882
0.000196849
0.000196816
0.000196784
0.000196751
0.000196719
0.000196686
0.000196653
0.000196621
0.000196588
0.000196556
0.000196523
0.00019649
0.000196458
0.000196425
0.000196393
0.00019636
0.000196328
0.000196295
0.000196263
0.00019623
0.000196198
0.000196165
0.000196133
0.0001961
0.000196068
0.000196035
0.000196003
0.00019597
0.000195938
0.000195906
0.000195873
0.000195841
0.000195808
0.000195776
0.000195744
0.000195711
0.000195679
0.000195646
0.000195614
0.000195582
0.000195549
0.000195517
0.000195485
0.000195452
0.00019542
0.000195388
0.000195355
0.000195323
0.000195291
0.000195258
0.000195226
0.000195194
0.000195162
0.000195129
0.000195097
0.000195065
0.000195033
0.000195
0.000194968
0.000194936
0.000194904
0.000194872
0.000194839
0.000194807
0.000194775
0.000194743
0.000194711
0.000194678
0.000194646
0.000194614
0.000194582
0.00019455
0.000194518
0.000194486
0.000194454
0.000194421
0.000194389
0.000194357
0.000194325
0.000194293
0.000194261
0.000194229
0.000194197
0.000194165
0.000194133
0.000194101
0.000194069
0.000194037
0.000194005
0.000193973
0.000193941
0.000193909
0.000193877
0.000193845
0.000193813
0.000193781
0.000193749
0.000193717
0.000193685
0.000193653
0.000193621
0.000193589
0.000193557
0.000193525
0.000193493
0.000193462
0.00019343
0.000193398
0.000193366
0.000193334
0.000193302
0.00019327
0.000193238
0.000193207
0.000193175
0.000193143
0.000193111
0.000193079
0.000193048
0.000193016
0.000192984
0.000192952
0.00019292
0.000192889
0.000192857
0.000192825
0.000192793
0.000192762
0.00019273
0.000192698
0.000192666
0.000192635
0.000192603
0.000192571
0.00019254
0.000192508
0.000192476
0.000192445
0.000192413
0.000192381
0.00019235
0.000192318
0.000192286
0.000192255
0.000192223
0.000192191
0.00019216
0.000192128
0.000192097
0.000192065
0.000192034
0.000192002
0.00019197
0.000191939
0.000191907
0.000191876
0.000191844
0.000191813
0.000191781
0.00019175
0.000191718
0.000191687
0.000191655
0.000191624
0.000191592
0.000191561
0.000191529
0.000191498
0.000191466
0.000191435
0.000191403
0.000191372
0.00019134
0.000191309
0.000191278
0.000191246
0.000191215
0.000191183
0.000191152
0.000191121
0.000191089
0.000191058
0.000191027
0.000190995
0.000190964
0.000190933
0.000190901
0.00019087
0.000190839
0.000190807
0.000190776
0.000190745
0.000190713
0.000190682
0.000190651
0.00019062
0.000190588
0.000190557
0.000190526
0.000190495
0.000190463
0.000190432
0.000190401
0.00019037
0.000190338
0.000190307
0.000190276
0.000190245
0.000190214
0.000190182
0.000190151
0.00019012
0.000190089
0.000190058
0.000190027
0.000189996
0.000189964
0.000189933
0.000189902
0.000189871
0.00018984
0.000189809
0.000189778
0.000189747
0.000189716
0.000189685
0.000189654
0.000189622
0.000189591
0.00018956
0.000189529
0.000189498
0.000189467
0.000189436
0.000189405
0.000189374
0.000189343
0.000189312
0.000189281
0.00018925
0.000189219
0.000189188
0.000189158
0.000189127
0.000189096
0.000189065
0.000189034
0.000189003
0.000188972
0.000188941
0.00018891
0.000188879
0.000188848
0.000188818
0.000188787
0.000188756
0.000188725
0.000188694
0.000188663
0.000188632
0.000188602
0.000188571
0.00018854
0.000188509
0.000188478
0.000188448
0.000188417
0.000188386
0.000188355
0.000188324
0.000188294
0.000188263
0.000188232
0.000188201
0.000188171
0.00018814
0.000188109
0.000188079
0.000188048
0.000188017
0.000187986
0.000187956
0.000187925
0.000187894
0.000187864
0.000187833
0.000187802
0.000187772
0.000187741
0.000187711
0.00018768
0.000187649
0.000187619
0.000187588
0.000187558
0.000187527
0.000187496
0.000187466
0.000187435
0.000187405
0.000187374
0.000187344
0.000187313
0.000187282
0.000187252
0.000187221
0.000187191
0.00018716
0.00018713
0.000187099
0.000187069
0.000187038
0.000187008
0.000186977
0.000186947
0.000186917
0.000186886
0.000186856
0.000186825
0.000186795
0.000186764
0.000186734
0.000186704
0.000186673
0.000186643
0.000186612
0.000186582
0.000186552
0.000186521
0.000186491
0.00018646
0.00018643
0.0001864
0.000186369
0.000186339
0.000186309
0.000186278
0.000186248
0.000186218
0.000186188
0.000186157
0.000186127
0.000186097
0.000186066
0.000186036
0.000186006
0.000185976
0.000185945
0.000185915
0.000185885
0.000185855
0.000185825
0.000185794
0.000185764
0.000185734
0.000185704
0.000185674
0.000185643
0.000185613
0.000185583
0.000185553
0.000185523
0.000185493
0.000185462
0.000185432
0.000185402
0.000185372
0.000185342
0.000185312
0.000185282
0.000185252
0.000185222
0.000185192
0.000185161
0.000185131
0.000185101
0.000185071
0.000185041
0.000185011
0.000184981
0.000184951
0.000184921
0.000184891
0.000184861
0.000184831
0.000184801
0.000184771
0.000184741
0.000184711
0.000184681
0.000184651
0.000184621
0.000184591
0.000184561
0.000184531
0.000184502
0.000184472
0.000184442
0.000184412
0.000184382
0.000184352
0.000184322
0.000184292
0.000184262
0.000184233
0.000184203
0.000184173
0.000184143
0.000184113
0.000184083
0.000184053
0.000184024
0.000183994
0.000183964
0.000183934
0.000183904
0.000183875
0.000183845
0.000183815
0.000183785
0.000183756
0.000183726
0.000183696
0.000183666
0.000183637
0.000183607
0.000183577
0.000183547
0.000183518
0.000183488
0.000183458
0.000183429
0.000183399
0.000183369
0.00018334
0.00018331
0.00018328
0.000183251
0.000183221
0.000183191
0.000183162
0.000183132
0.000183102
0.000183073
0.000183043
0.000183014
0.000182984
0.000182954
0.000182925
0.000182895
0.000182866
0.000182836
0.000182807
0.000182777
0.000182748
0.000182718
0.000182688
0.000182659
0.000182629
0.0001826
0.00018257
0.000182541
0.000182511
0.000182482
0.000182453
0.000182423
0.000182394
0.000182364
0.000182335
0.000182305
0.000182276
0.000182246
0.000182217
0.000182188
0.000182158
0.000182129
0.000182099
0.00018207
0.000182041
0.000182011
0.000181982
0.000181952
0.000181923
0.000181894
0.000181864
0.000181835
0.000181806
0.000181776
0.000181747
0.000181718
0.000181688
0.000181659
0.00018163
0.000181601
0.000181571
0.000181542
0.000181513
0.000181483
0.000181454
0.000181425
0.000181396
0.000181366
0.000181337
0.000181308
0.000181279
0.00018125
0.00018122
0.000181191
0.000181162
0.000181133
0.000181104
0.000181074
0.000181045
0.000181016
0.000180987
0.000180958
0.000180929
0.0001809
0.00018087
0.000180841
0.000180812
0.000180783
0.000180754
0.000180725
0.000180696
0.000180667
0.000180638
0.000180609
0.00018058
0.000180551
0.000180521
0.000180492
0.000180463
0.000180434
0.000180405
0.000180376
0.000180347
0.000180318
0.000180289
0.00018026
0.000180231
0.000180202
0.000180173
0.000180144
0.000180115
0.000180086
0.000180058
0.000180029
0.00018
0.000179971
0.000179942
0.000179913
0.000179884
0.000179855
0.000179826
0.000179797
0.000179768
0.00017974
0.000179711
0.000179682
0.000179653
0.000179624
0.000179595
0.000179566
0.000179538
0.000179509
0.00017948
0.000179451
0.000179422
0.000179393
0.000179365
0.000179336
0.000179307
0.000179278
0.00017925
0.000179221
0.000179192
0.000179163
0.000179135
0.000179106
0.000179077
0.000179048
0.00017902
0.000178991
0.000178962
0.000178934
0.000178905
0.000178876
0.000178847
0.000178819
0.00017879
0.000178761
0.000178733
0.000178704
0.000178675
0.000178647
0.000178618
0.00017859
0.000178561
0.000178532
0.000178504
0.000178475
0.000178447
0.000178418
0.000178389
0.000178361
0.000178332
0.000178304
0.000178275
0.000178247
0.000178218
0.00017819
0.000178161
0.000178132
0.000178104
0.000178075
0.000178047
0.000178018
0.00017799
0.000177961
0.000177933
0.000177905
0.000177876
0.000177848
0.000177819
0.000177791
0.000177762
0.000177734
0.000177705
0.000177677
0.000177649
0.00017762
0.000177592
0.000177563
0.000177535
0.000177507
0.000177478
0.00017745
0.000177421
0.000177393
0.000177365
0.000177336
0.000177308
0.00017728
0.000177251
0.000177223
0.000177195
0.000177166
0.000177138
0.00017711
0.000177081
0.000177053
0.000177025
0.000176997
0.000176968
0.00017694
0.000176912
0.000176884
0.000176855
0.000176827
0.000176799
0.000176771
0.000176742
0.000176714
0.000176686
0.000176658
0.00017663
0.000176601
0.000176573
0.000176545
0.000176517
0.000176489
0.000176461
0.000176432
0.000176404
0.000176376
0.000176348
0.00017632
0.000176292
0.000176264
0.000176236
0.000176208
0.000176179
0.000176151
0.000176123
0.000176095
0.000176067
0.000176039
0.000176011
0.000175983
0.000175955
0.000175927
0.000175899
0.000175871
0.000175843
0.000175815
0.000175787
0.000175759
0.000175731
0.000175703
0.000175675
0.000175647
0.000175619
0.000175591
0.000175563
0.000175535
0.000175507
0.000175479
0.000175451
0.000175423
0.000175395
0.000175367
0.000175339
0.000175312
0.000175284
0.000175256
0.000175228
0.0001752
0.000175172
0.000175144
0.000175116
0.000175089
0.000175061
0.000175033
0.000175005
0.000174977
0.000174949
0.000174922
0.000174894
0.000174866
0.000174838
0.00017481
0.000174783
0.000174755
0.000174727
0.000174699
0.000174671
0.000174644
0.000174616
0.000174588
0.000174561
0.000174533
0.000174505
0.000174477
0.00017445
0.000174422
0.000174394
0.000174367
0.000174339
0.000174311
0.000174283
0.000174256
0.000174228
0.0001742
0.000174173
0.000174145
0.000174118
0.00017409
0.000174062
0.000174035
0.000174007
0.000173979
0.000173952
0.000173924
0.000173897
0.000173869
0.000173841
0.000173814
0.000173786
0.000173759
0.000173731
0.000173704
0.000173676
0.000173649
0.000173621
0.000173594
0.000173566
0.000173539
0.000173511
0.000173484
0.000173456
0.000173429
0.000173401
0.000173374
0.000173346
0.000173319
0.000173291
0.000173264
0.000173236
0.000173209
0.000173181
0.000173154
0.000173127
0.000173099
0.000173072
0.000173044
0.000173017
0.00017299
0.000172962
0.000172935
0.000172907
0.00017288
0.000172853
0.000172825
0.000172798
0.000172771
0.000172743
0.000172716
0.000172689
0.000172661
0.000172634
0.000172607
0.000172579
0.000172552
0.000172525
0.000172498
0.00017247
0.000172443
0.000172416
0.000172388
0.000172361
0.000172334
0.000172307
0.00017228
0.000172252
0.000172225
0.000172198
0.000172171
0.000172143
0.000172116
0.000172089
0.000172062
0.000172035
0.000172007
0.00017198
0.000171953
0.000171926
0.000171899
0.000171872
0.000171845
0.000171817
0.00017179
0.000171763
0.000171736
0.000171709
0.000171682
0.000171655
0.000171628
0.000171601
0.000171574
0.000171546
0.000171519
0.000171492
0.000171465
0.000171438
0.000171411
0.000171384
0.000171357
0.00017133
0.000171303
0.000171276
0.000171249
0.000171222
0.000171195
0.000171168
0.000171141
0.000171114
0.000171087
0.00017106
0.000171033
0.000171006
0.000170979
0.000170952
0.000170925
0.000170898
0.000170872
0.000170845
0.000170818
0.000170791
0.000170764
0.000170737
0.00017071
0.000170683
0.000170656
0.000170629
0.000170603
0.000170576
0.000170549
0.000170522
0.000170495
0.000170468
0.000170442
0.000170415
0.000170388
0.000170361
0.000170334
0.000170308
0.000170281
0.000170254
0.000170227
0.0001702
0.000170174
0.000170147
0.00017012
0.000170093
0.000170067
0.00017004
0.000170013
0.000169986
0.00016996
0.000169933
0.000169906
0.00016988
0.000169853
0.000169826
0.000169799
0.000169773
0.000169746
0.000169719
0.000169693
0.000169666
0.000169639
0.000169613
0.000169586
0.00016956
0.000169533
0.000169506
0.00016948
0.000169453
0.000169426
0.0001694
0.000169373
0.000169347
0.00016932
0.000169293
0.000169267
0.00016924
0.000169214
0.000169187
0.000169161
0.000169134
0.000169108
0.000169081
0.000169055
0.000169028
0.000169002
0.000168975
0.000168949
0.000168922
0.000168896
0.000168869
0.000168843
0.000168816
0.00016879
0.000168763
0.000168737
0.00016871
0.000168684
0.000168657
0.000168631
0.000168605
0.000168578
0.000168552
0.000168525
0.000168499
0.000168473
0.000168446
0.00016842
0.000168393
0.000168367
0.000168341
0.000168314
0.000168288
0.000168262
0.000168235
0.000168209
0.000168183
0.000168156
0.00016813
0.000168104
0.000168077
0.000168051
0.000168025
0.000167998
0.000167972
0.000167946
0.00016792
0.000167893
0.000167867
0.000167841
0.000167815
0.000167788
0.000167762
0.000167736
0.00016771
0.000167683
0.000167657
0.000167631
0.000167605
0.000167579
0.000167552
0.000167526
0.0001675
0.000167474
0.000167448
0.000167421
0.000167395
0.000167369
0.000167343
0.000167317
0.000167291
0.000167265
0.000167238
0.000167212
0.000167186
0.00016716
0.000167134
0.000167108
0.000167082
0.000167056
0.00016703
0.000167004
0.000166978
0.000166952
0.000166925
0.000166899
0.000166873
0.000166847
0.000166821
0.000166795
0.000166769
0.000166743
0.000166717
0.000166691
0.000166665
0.000166639
0.000166613
0.000166587
0.000166561
0.000166535
0.000166509
0.000166483
0.000166457
0.000166432
0.000166406
0.00016638
0.000166354
0.000166328
0.000166302
0.000166276
0.00016625
0.000166224
0.000166198
0.000166172
0.000166147
0.000166121
0.000166095
0.000166069
0.000166043
0.000166017
0.000165991
0.000165965
0.00016594
0.000165914
0.000165888
0.000165862
0.000165836
0.000165811
0.000165785
0.000165759
0.000165733
0.000165707
0.000165682
0.000165656
0.00016563
0.000165604
0.000165579
0.000165553
0.000165527
0.000165501
0.000165476
0.00016545
0.000165424
0.000165398
0.000165373
0.000165347
0.000165321
0.000165296
0.00016527
0.000165244
0.000165219
0.000165193
0.000165167
0.000165142
0.000165116
0.00016509
0.000165065
0.000165039
0.000165013
0.000164988
0.000164962
0.000164936
0.000164911
0.000164885
0.00016486
0.000164834
0.000164808
0.000164783
0.000164757
0.000164732
0.000164706
0.000164681
0.000164655
0.00016463
0.000164604
0.000164578
0.000164553
0.000164527
0.000164502
0.000164476
0.000164451
0.000164425
0.0001644
0.000164374
0.000164349
0.000164323
0.000164298
0.000164272
0.000164247
0.000164222
0.000164196
0.000164171
0.000164145
0.00016412
0.000164094
0.000164069
0.000164043
0.000164018
0.000163993
0.000163967
0.000163942
0.000163916
0.000163891
0.000163866
0.00016384
0.000163815
0.00016379
0.000163764
0.000163739
0.000163714
0.000163688
0.000163663
0.000163638
0.000163612
0.000163587
0.000163562
0.000163536
0.000163511
0.000163486
0.00016346
0.000163435
0.00016341
0.000163385
0.000163359
0.000163334
0.000163309
0.000163284
0.000163258
0.000163233
0.000163208
0.000163183
0.000163157
0.000163132
0.000163107
0.000163082
0.000163057
0.000163031
0.000163006
0.000162981
0.000162956
0.000162931
0.000162905
0.00016288
0.000162855
0.00016283
0.000162805
0.00016278
0.000162755
0.000162729
0.000162704
0.000162679
0.000162654
0.000162629
0.000162604
0.000162579
0.000162554
0.000162529
0.000162504
0.000162478
0.000162453
0.000162428
0.000162403
0.000162378
0.000162353
0.000162328
0.000162303
0.000162278
0.000162253
0.000162228
0.000162203
0.000162178
0.000162153
0.000162128
0.000162103
0.000162078
0.000162053
0.000162028
0.000162003
0.000161978
0.000161953
0.000161928
0.000161903
0.000161878
0.000161853
0.000161829
0.000161804
0.000161779
0.000161754
0.000161729
0.000161704
0.000161679
0.000161654
0.000161629
0.000161604
0.00016158
0.000161555
0.00016153
0.000161505
0.00016148
0.000161455
0.00016143
0.000161406
0.000161381
0.000161356
0.000161331
0.000161306
0.000161281
0.000161257
0.000161232
0.000161207
0.000161182
0.000161158
0.000161133
0.000161108
0.000161083
0.000161058
0.000161034
0.000161009
0.000160984
0.000160959
0.000160935
0.00016091
0.000160885
0.000160861
0.000160836
0.000160811
0.000160786
0.000160762
0.000160737
0.000160712
0.000160688
0.000160663
0.000160638
0.000160614
0.000160589
0.000160564
0.00016054
0.000160515
0.000160491
0.000160466
0.000160441
0.000160417
0.000160392
0.000160367
0.000160343
0.000160318
0.000160294
0.000160269
0.000160244
0.00016022
0.000160195
0.000160171
0.000160146
0.000160122
0.000160097
0.000160073
0.000160048
0.000160024
0.000159999
0.000159974
0.00015995
0.000159925
0.000159901
0.000159876
0.000159852
0.000159827
0.000159803
0.000159778
0.000159754
0.00015973
0.000159705
0.000159681
0.000159656
0.000159632
0.000159607
0.000159583
0.000159558
0.000159534
0.00015951
0.000159485
0.000159461
0.000159436
0.000159412
0.000159388
0.000159363
0.000159339
0.000159314
0.00015929
0.000159266
0.000159241
0.000159217
0.000159193
0.000159168
0.000159144
0.00015912
0.000159095
0.000159071
0.000159047
0.000159022
0.000158998
0.000158974
0.00015895
0.000158925
0.000158901
0.000158877
0.000158852
0.000158828
0.000158804
0.00015878
0.000158755
0.000158731
0.000158707
0.000158683
0.000158658
0.000158634
0.00015861
0.000158586
0.000158562
0.000158537
0.000158513
0.000158489
0.000158465
0.000158441
0.000158416
0.000158392
0.000158368
0.000158344
0.00015832
0.000158296
0.000158271
0.000158247
0.000158223
0.000158199
0.000158175
0.000158151
0.000158127
0.000158103
0.000158079
0.000158054
0.00015803
0.000158006
0.000157982
0.000157958
0.000157934
0.00015791
0.000157886
0.000157862
0.000157838
0.000157814
0.00015779
0.000157766
0.000157742
0.000157718
0.000157694
0.00015767
0.000157646
0.000157622
0.000157598
0.000157574
0.00015755
0.000157526
0.000157502
0.000157478
0.000157454
0.00015743
0.000157406
0.000157382
0.000157358
0.000157334
0.00015731
0.000157286
0.000157262
0.000157238
0.000157214
0.000157191
0.000157167
0.000157143
0.000157119
0.000157095
0.000157071
0.000157047
0.000157023
0.000156999
0.000156976
0.000156952
0.000156928
0.000156904
0.00015688
0.000156856
0.000156833
0.000156809
0.000156785
0.000156761
0.000156737
0.000156714
0.00015669
0.000156666
0.000156642
0.000156618
0.000156595
0.000156571
0.000156547
0.000156523
0.0001565
0.000156476
0.000156452
0.000156428
0.000156405
0.000156381
0.000156357
0.000156333
0.00015631
0.000156286
0.000156262
0.000156239
0.000156215
0.000156191
0.000156168
0.000156144
0.00015612
0.000156097
0.000156073
0.000156049
0.000156026
0.000156002
0.000155978
0.000155955
0.000155931
0.000155907
0.000155884
0.00015586
0.000155837
0.000155813
0.000155789
0.000155766
0.000155742
0.000155719
0.000155695
0.000155672
0.000155648
0.000155624
0.000155601
0.000155577
0.000155554
0.00015553
0.000155507
0.000155483
0.00015546
0.000155436
0.000155413
0.000155389
0.000155366
0.000155342
0.000155319
0.000155295
0.000155272
0.000155248
0.000155225
0.000155201
0.000155178
0.000155154
0.000155131
0.000155107
0.000155084
0.000155061
0.000155037
0.000155014
0.00015499
0.000154967
0.000154944
0.00015492
0.000154897
0.000154873
0.00015485
0.000154827
0.000154803
0.00015478
0.000154756
0.000154733
0.00015471
0.000154686
0.000154663
0.00015464
0.000154616
0.000154593
0.00015457
0.000154546
0.000154523
0.0001545
0.000154476
0.000154453
0.00015443
0.000154407
0.000154383
0.00015436
0.000154337
0.000154313
0.00015429
0.000154267
0.000154244
0.00015422
0.000154197
0.000154174
0.000154151
0.000154127
0.000154104
0.000154081
0.000154058
0.000154035
0.000154011
0.000153988
0.000153965
0.000153942
0.000153919
0.000153895
0.000153872
0.000153849
0.000153826
0.000153803
0.00015378
0.000153757
0.000153733
0.00015371
0.000153687
0.000153664
0.000153641
0.000153618
0.000153595
0.000153572
0.000153548
0.000153525
0.000153502
0.000153479
0.000153456
0.000153433
0.00015341
0.000153387
0.000153364
0.000153341
0.000153318
0.000153295
0.000153272
0.000153249
0.000153226
0.000153203
0.00015318
0.000153157
0.000153134
0.000153111
0.000153088
0.000153065
0.000153042
0.000153019
0.000152996
0.000152973
0.00015295
0.000152927
0.000152904
0.000152881
0.000152858
0.000152835
0.000152812
0.000152789
0.000152766
0.000152743
0.00015272
0.000152697
0.000152674
0.000152652
0.000152629
0.000152606
0.000152583
0.00015256
0.000152537
0.000152514
0.000152491
0.000152469
0.000152446
0.000152423
0.0001524
0.000152377
0.000152354
0.000152331
0.000152309
0.000152286
0.000152263
0.00015224
0.000152217
0.000152195
0.000152172
0.000152149
0.000152126
0.000152103
0.000152081
0.000152058
0.000152035
0.000152012
0.00015199
0.000151967
0.000151944
0.000151921
0.000151899
0.000151876
0.000151853
0.00015183
0.000151808
0.000151785
0.000151762
0.00015174
0.000151717
0.000151694
0.000151672
0.000151649
0.000151626
0.000151604
0.000151581
0.000151558
0.000151536
0.000151513
0.00015149
0.000151468
0.000151445
0.000151422
0.0001514
0.000151377
0.000151355
0.000151332
0.000151309
0.000151287
0.000151264
0.000151242
0.000151219
0.000151196
0.000151174
0.000151151
0.000151129
0.000151106
0.000151084
0.000151061
0.000151038
0.000151016
0.000150993
0.000150971
0.000150948
0.000150926
0.000150903
0.000150881
0.000150858
0.000150836
0.000150813
0.000150791
0.000150768
0.000150746
0.000150723
0.000150701
0.000150678
0.000150656
0.000150633
0.000150611
0.000150589
0.000150566
0.000150544
0.000150521
0.000150499
0.000150476
0.000150454
0.000150432
0.000150409
0.000150387
0.000150364
0.000150342
0.00015032
0.000150297
0.000150275
0.000150253
0.00015023
0.000150208
0.000150185
0.000150163
0.000150141
0.000150118
0.000150096
0.000150074
0.000150051
0.000150029
0.000150007
0.000149984
0.000149962
0.00014994
0.000149918
0.000149895
0.000149873
0.000149851
0.000149828
0.000149806
0.000149784
0.000149762
0.000149739
0.000149717
0.000149695
0.000149673
0.00014965
0.000149628
0.000149606
0.000149584
0.000149561
0.000149539
0.000149517
0.000149495
0.000149473
0.00014945
0.000149428
0.000149406
0.000149384
0.000149362
0.00014934
0.000149317
0.000149295
0.000149273
0.000149251
0.000149229
0.000149207
0.000149185
0.000149162
0.00014914
0.000149118
0.000149096
0.000149074
0.000149052
0.00014903
0.000149008
0.000148986
0.000148963
0.000148941
0.000148919
0.000148897
0.000148875
0.000148853
0.000148831
0.000148809
0.000148787
0.000148765
0.000148743
0.000148721
0.000148699
0.000148677
0.000148655
0.000148633
0.000148611
0.000148589
0.000148567
0.000148545
0.000148523
0.000148501
0.000148479
0.000148457
0.000148435
0.000148413
0.000148391
0.000148369
0.000148347
0.000148325
0.000148303
0.000148281
0.000148259
0.000148237
0.000148215
0.000148194
0.000148172
0.00014815
0.000148128
0.000148106
0.000148084
0.000148062
0.00014804
0.000148018
0.000147997
0.000147975
0.000147953
0.000147931
0.000147909
0.000147887
0.000147865
0.000147844
0.000147822
0.0001478
0.000147778
0.000147756
0.000147734
0.000147713
0.000147691
0.000147669
0.000147647
0.000147625
0.000147604
0.000147582
0.00014756
0.000147538
0.000147517
0.000147495
0.000147473
0.000147451
0.00014743
0.000147408
0.000147386
0.000147364
0.000147343
0.000147321
0.000147299
0.000147277
0.000147256
0.000147234
0.000147212
0.000147191
0.000147169
0.000147147
0.000147126
0.000147104
0.000147082
0.000147061
0.000147039
0.000147017
0.000146996
0.000146974
0.000146952
0.000146931
0.000146909
0.000146887
0.000146866
0.000146844
0.000146823
0.000146801
0.000146779
0.000146758
0.000146736
0.000146715
0.000146693
0.000146671
0.00014665
0.000146628
0.000146607
0.000146585
0.000146564
0.000146542
0.000146521
0.000146499
0.000146477
0.000146456
0.000146434
0.000146413
0.000146391
0.00014637
0.000146348
0.000146327
0.000146305
0.000146284
0.000146262
0.000146241
0.000146219
0.000146198
0.000146177
0.000146155
0.000146134
0.000146112
0.000146091
0.000146069
0.000146048
0.000146026
0.000146005
0.000145984
0.000145962
0.000145941
0.000145919
0.000145898
0.000145876
0.000145855
0.000145834
0.000145812
0.000145791
0.00014577
0.000145748
0.000145727
0.000145705
0.000145684
0.000145663
0.000145641
0.00014562
0.000145599
0.000145577
0.000145556
0.000145535
0.000145513
0.000145492
0.000145471
0.000145449
0.000145428
0.000145407
0.000145386
0.000145364
0.000145343
0.000145322
0.0001453
0.000145279
0.000145258
0.000145237
0.000145215
0.000145194
0.000145173
0.000145152
0.00014513
0.000145109
0.000145088
0.000145067
0.000145045
0.000145024
0.000145003
0.000144982
0.000144961
0.000144939
0.000144918
0.000144897
0.000144876
0.000144855
0.000144834
0.000144812
0.000144791
0.00014477
0.000144749
0.000144728
0.000144707
0.000144685
0.000144664
0.000144643
0.000144622
0.000144601
0.00014458
0.000144559
0.000144538
0.000144517
0.000144495
0.000144474
0.000144453
0.000144432
0.000144411
0.00014439
0.000144369
0.000144348
0.000144327
0.000144306
0.000144285
0.000144264
0.000144243
0.000144222
0.000144201
0.00014418
0.000144159
0.000144138
0.000144116
0.000144095
0.000144074
0.000144053
0.000144032
0.000144011
0.000143991
0.00014397
0.000143949
0.000143928
0.000143907
0.000143886
0.000143865
0.000143844
0.000143823
0.000143802
0.000143781
0.00014376
0.000143739
0.000143718
0.000143697
0.000143676
0.000143655
0.000143634
0.000143614
0.000143593
0.000143572
0.000143551
0.00014353
0.000143509
0.000143488
0.000143467
0.000143447
0.000143426
0.000143405
0.000143384
0.000143363
0.000143342
0.000143321
0.000143301
0.00014328
0.000143259
0.000143238
0.000143217
0.000143197
0.000143176
0.000143155
0.000143134
0.000143113
0.000143093
0.000143072
0.000143051
0.00014303
0.000143009
0.000142989
0.000142968
0.000142947
0.000142926
0.000142906
0.000142885
0.000142864
0.000142843
0.000142823
0.000142802
0.000142781
0.000142761
0.00014274
0.000142719
0.000142699
0.000142678
0.000142657
0.000142636
0.000142616
0.000142595
0.000142574
0.000142554
0.000142533
0.000142512
0.000142492
0.000142471
0.00014245
0.00014243
0.000142409
0.000142389
0.000142368
0.000142347
0.000142327
0.000142306
0.000142286
0.000142265
0.000142244
0.000142224
0.000142203
0.000142183
0.000142162
0.000142141
0.000142121
0.0001421
0.00014208
0.000142059
0.000142039
0.000142018
0.000141997
0.000141977
0.000141956
0.000141936
0.000141915
0.000141895
0.000141874
0.000141854
0.000141833
0.000141813
0.000141792
0.000141772
0.000141751
0.000141731
0.00014171
0.00014169
0.000141669
0.000141649
0.000141628
0.000141608
0.000141588
0.000141567
0.000141547
0.000141526
0.000141506
0.000141485
0.000141465
0.000141445
0.000141424
0.000141404
0.000141383
0.000141363
0.000141343
0.000141322
0.000141302
0.000141281
0.000141261
0.000141241
0.00014122
0.0001412
0.000141179
0.000141159
0.000141139
0.000141118
0.000141098
0.000141078
0.000141057
0.000141037
0.000141017
0.000140996
0.000140976
0.000140956
0.000140936
0.000140915
0.000140895
0.000140875
0.000140854
0.000140834
0.000140814
0.000140793
0.000140773
0.000140753
0.000140733
0.000140712
0.000140692
0.000140672
0.000140652
0.000140631
0.000140611
0.000140591
0.000140571
0.000140551
0.00014053
0.00014051
0.00014049
0.00014047
0.000140449
0.000140429
0.000140409
0.000140389
0.000140369
0.000140349
0.000140328
0.000140308
0.000140288
0.000140268
0.000140248
0.000140228
0.000140207
0.000140187
0.000140167
0.000140147
0.000140127
0.000140107
0.000140087
0.000140067
0.000140046
0.000140026
0.000140006
0.000139986
0.000139966
0.000139946
0.000139926
0.000139906
0.000139886
0.000139866
0.000139846
0.000139825
0.000139805
0.000139785
0.000139765
0.000139745
0.000139725
0.000139705
0.000139685
0.000139665
0.000139645
0.000139625
0.000139605
0.000139585
0.000139565
0.000139545
0.000139525
0.000139505
0.000139485
0.000139465
0.000139445
0.000139425
0.000139405
0.000139385
0.000139365
0.000139345
0.000139325
0.000139305
0.000139285
0.000139266
0.000139246
0.000139226
0.000139206
0.000139186
0.000139166
0.000139146
0.000139126
0.000139106
0.000139086
0.000139066
0.000139047
0.000139027
0.000139007
0.000138987
0.000138967
0.000138947
0.000138927
0.000138907
0.000138888
0.000138868
0.000138848
0.000138828
0.000138808
0.000138788
0.000138769
0.000138749
0.000138729
0.000138709
0.000138689
0.000138669
0.00013865
0.00013863
0.00013861
0.00013859
0.000138571
0.000138551
0.000138531
0.000138511
0.000138491
0.000138472
0.000138452
0.000138432
0.000138412
0.000138393
0.000138373
0.000138353
0.000138333
0.000138314
0.000138294
0.000138274
0.000138255
0.000138235
0.000138215
0.000138195
0.000138176
0.000138156
0.000138136
0.000138117
0.000138097
0.000138077
0.000138058
0.000138038
0.000138018
0.000137999
0.000137979
0.000137959
0.00013794
0.00013792
0.0001379
0.000137881
0.000137861
0.000137842
0.000137822
0.000137802
0.000137783
0.000137763
0.000137744
0.000137724
0.000137704
0.000137685
0.000137665
0.000137646
0.000137626
0.000137606
0.000137587
0.000137567
0.000137548
0.000137528
0.000137509
0.000137489
0.00013747
0.00013745
0.000137431
0.000137411
0.000137391
0.000137372
0.000137352
0.000137333
0.000137313
0.000137294
0.000137274
0.000137255
0.000137235
0.000137216
0.000137197
0.000137177
0.000137158
0.000137138
0.000137119
0.000137099
0.00013708
0.00013706
0.000137041
0.000137021
0.000137002
0.000136983
0.000136963
0.000136944
0.000136924
0.000136905
0.000136885
0.000136866
0.000136847
0.000136827
0.000136808
0.000136788
0.000136769
0.00013675
0.00013673
0.000136711
0.000136692
0.000136672
0.000136653
0.000136634
0.000136614
0.000136595
0.000136575
0.000136556
0.000136537
0.000136517
0.000136498
0.000136479
0.00013646
0.00013644
0.000136421
0.000136402
0.000136382
0.000136363
0.000136344
0.000136324
0.000136305
0.000136286
0.000136267
0.000136247
0.000136228
0.000136209
0.00013619
0.00013617
0.000136151
0.000136132
0.000136113
0.000136093
0.000136074
0.000136055
0.000136036
0.000136016
0.000135997
0.000135978
0.000135959
0.00013594
0.00013592
0.000135901
0.000135882
0.000135863
0.000135844
0.000135824
0.000135805
0.000135786
0.000135767
0.000135748
0.000135729
0.00013571
0.00013569
0.000135671
0.000135652
0.000135633
0.000135614
0.000135595
0.000135576
0.000135556
0.000135537
0.000135518
0.000135499
0.00013548
0.000135461
0.000135442
0.000135423
0.000135404
0.000135385
0.000135366
0.000135347
0.000135327
0.000135308
0.000135289
0.00013527
0.000135251
0.000135232
0.000135213
0.000135194
0.000135175
0.000135156
0.000135137
0.000135118
0.000135099
0.00013508
0.000135061
0.000135042
0.000135023
0.000135004
0.000134985
0.000134966
0.000134947
0.000134928
0.000134909
0.00013489
0.000134871
0.000134852
0.000134833
0.000134814
0.000134795
0.000134776
0.000134757
0.000134739
0.00013472
0.000134701
0.000134682
0.000134663
0.000134644
0.000134625
0.000134606
0.000134587
0.000134568
0.000134549
0.000134531
0.000134512
0.000134493
0.000134474
0.000134455
0.000134436
0.000134417
0.000134398
0.00013438
0.000134361
0.000134342
0.000134323
0.000134304
0.000134285
0.000134267
0.000134248
0.000134229
0.00013421
0.000134191
0.000134172
0.000134154
0.000134135
0.000134116
0.000134097
0.000134078
0.00013406
0.000134041
0.000134022
0.000134003
0.000133985
0.000133966
0.000133947
0.000133928
0.00013391
0.000133891
0.000133872
0.000133853
0.000133835
0.000133816
0.000133797
0.000133778
0.00013376
0.000133741
0.000133722
0.000133704
0.000133685
0.000133666
0.000133648
0.000133629
0.00013361
0.000133591
0.000133573
0.000133554
0.000133535
0.000133517
0.000133498
0.000133479
0.000133461
0.000133442
0.000133424
0.000133405
0.000133386
0.000133368
0.000133349
0.00013333
0.000133312
0.000133293
0.000133275
0.000133256
0.000133237
0.000133219
0.0001332
0.000133182
0.000133163
0.000133144
0.000133126
0.000133107
0.000133089
0.00013307
0.000133052
0.000133033
0.000133014
0.000132996
0.000132977
0.000132959
0.00013294
0.000132922
0.000132903
0.000132885
0.000132866
0.000132848
0.000132829
0.000132811
0.000132792
0.000132774
0.000132755
0.000132737
0.000132718
0.0001327
0.000132681
0.000132663
0.000132644
0.000132626
0.000132607
0.000132589
0.00013257
0.000132552
0.000132534
0.000132515
0.000132497
0.000132478
0.00013246
0.000132441
0.000132423
0.000132405
0.000132386
0.000132368
0.000132349
0.000132331
0.000132313
0.000132294
0.000132276
0.000132257
0.000132239
0.000132221
0.000132202
0.000132184
0.000132166
0.000132147
0.000132129
0.00013211
0.000132092
0.000132074
0.000132055
0.000132037
0.000132019
0.000132
0.000131982
0.000131964
0.000131946
0.000131927
0.000131909
0.000131891
0.000131872
0.000131854
0.000131836
0.000131817
0.000131799
0.000131781
0.000131763
0.000131744
0.000131726
0.000131708
0.00013169
0.000131671
0.000131653
0.000131635
0.000131617
0.000131598
0.00013158
0.000131562
0.000131544
0.000131525
0.000131507
0.000131489
0.000131471
0.000131453
0.000131434
0.000131416
0.000131398
0.00013138
0.000131362
0.000131343
0.000131325
0.000131307
0.000131289
0.000131271
0.000131253
0.000131234
0.000131216
0.000131198
0.00013118
0.000131162
0.000131144
0.000131126
0.000131107
0.000131089
0.000131071
0.000131053
0.000131035
0.000131017
0.000130999
0.000130981
0.000130963
0.000130944
0.000130926
0.000130908
0.00013089
0.000130872
0.000130854
0.000130836
0.000130818
0.0001308
0.000130782
0.000130764
0.000130746
0.000130728
0.00013071
0.000130692
0.000130674
0.000130656
0.000130638
0.000130619
0.000130601
0.000130583
0.000130565
0.000130547
0.000130529
0.000130511
0.000130493
0.000130475
0.000130458
0.00013044
0.000130422
0.000130404
0.000130386
0.000130368
0.00013035
0.000130332
0.000130314
0.000130296
0.000130278
0.00013026
0.000130242
0.000130224
0.000130206
0.000130188
0.00013017
0.000130152
0.000130134
0.000130117
0.000130099
0.000130081
0.000130063
0.000130045
0.000130027
0.000130009
0.000129991
0.000129973
0.000129956
0.000129938
0.00012992
0.000129902
0.000129884
0.000129866
0.000129848
0.000129831
0.000129813
0.000129795
0.000129777
0.000129759
0.000129741
0.000129724
0.000129706
0.000129688
0.00012967
0.000129652
0.000129635
0.000129617
0.000129599
0.000129581
0.000129563
0.000129546
0.000129528
0.00012951
0.000129492
0.000129475
0.000129457
0.000129439
0.000129421
0.000129403
0.000129386
0.000129368
0.00012935
0.000129333
0.000129315
0.000129297
0.000129279
0.000129262
0.000129244
0.000129226
0.000129209
0.000129191
0.000129173
0.000129155
0.000129138
0.00012912
0.000129102
0.000129085
0.000129067
0.000129049
0.000129032
0.000129014
0.000128996
0.000128979
0.000128961
0.000128943
0.000128926
0.000128908
0.00012889
0.000128873
0.000128855
0.000128838
0.00012882
0.000128802
0.000128785
0.000128767
0.00012875
0.000128732
0.000128714
0.000128697
0.000128679
0.000128662
0.000128644
0.000128626
0.000128609
0.000128591
0.000128574
0.000128556
0.000128539
0.000128521
0.000128503
0.000128486
0.000128468
0.000128451
0.000128433
0.000128416
0.000128398
0.000128381
0.000128363
0.000128346
0.000128328
0.000128311
0.000128293
0.000128276
0.000128258
0.000128241
0.000128223
0.000128206
0.000128188
0.000128171
0.000128153
0.000128136
0.000128118
0.000128101
0.000128083
0.000128066
0.000128049
0.000128031
0.000128014
0.000127996
0.000127979
0.000127961
0.000127944
0.000127926
0.000127909
0.000127892
0.000127874
0.000127857
0.000127839
0.000127822
0.000127805
0.000127787
0.00012777
0.000127752
0.000127735
0.000127718
0.0001277
0.000127683
0.000127666
0.000127648
0.000127631
0.000127614
0.000127596
0.000127579
0.000127562
0.000127544
0.000127527
0.00012751
0.000127492
0.000127475
0.000127458
0.00012744
0.000127423
0.000127406
0.000127388
0.000127371
0.000127354
0.000127336
0.000127319
0.000127302
0.000127285
0.000127267
0.00012725
0.000127233
0.000127216
0.000127198
0.000127181
0.000127164
0.000127146
0.000127129
0.000127112
0.000127095
0.000127078
0.00012706
0.000127043
0.000127026
0.000127009
0.000126991
0.000126974
0.000126957
0.00012694
0.000126923
0.000126905
0.000126888
0.000126871
0.000126854
0.000126837
0.000126819
0.000126802
0.000126785
0.000126768
0.000126751
0.000126734
0.000126717
0.000126699
0.000126682
0.000126665
0.000126648
0.000126631
0.000126614
0.000126597
0.000126579
0.000126562
0.000126545
0.000126528
0.000126511
0.000126494
0.000126477
0.00012646
0.000126443
0.000126425
0.000126408
0.000126391
0.000126374
0.000126357
0.00012634
0.000126323
0.000126306
0.000126289
0.000126272
0.000126255
0.000126238
0.000126221
0.000126204
0.000126187
0.00012617
0.000126153
0.000126136
0.000126119
0.000126102
0.000126085
0.000126068
0.000126051
0.000126034
0.000126017
0.000126
0.000125983
0.000125966
0.000125949
0.000125932
0.000125915
0.000125898
0.000125881
0.000125864
0.000125847
0.00012583
0.000125813
0.000125796
0.000125779
0.000125762
0.000125745
0.000125728
0.000125711
0.000125694
0.000125677
0.00012566
0.000125644
0.000125627
0.00012561
0.000125593
0.000125576
0.000125559
0.000125542
0.000125525
0.000125508
0.000125491
0.000125475
0.000125458
0.000125441
0.000125424
0.000125407
0.00012539
0.000125373
0.000125357
0.00012534
0.000125323
0.000125306
0.000125289
0.000125272
0.000125256
0.000125239
0.000125222
0.000125205
0.000125188
0.000125171
0.000125155
0.000125138
0.000125121
0.000125104
0.000125087
0.000125071
0.000125054
0.000125037
0.00012502
0.000125004
0.000124987
0.00012497
0.000124953
0.000124936
0.00012492
0.000124903
0.000124886
0.000124869
0.000124853
0.000124836
0.000124819
0.000124803
0.000124786
0.000124769
0.000124752
0.000124736
0.000124719
0.000124702
0.000124686
0.000124669
0.000124652
0.000124635
0.000124619
0.000124602
0.000124585
0.000124569
0.000124552
0.000124535
0.000124519
0.000124502
0.000124485
0.000124469
0.000124452
0.000124435
0.000124419
0.000124402
0.000124386
0.000124369
0.000124352
0.000124336
0.000124319
0.000124302
0.000124286
0.000124269
0.000124253
0.000124236
0.000124219
0.000124203
0.000124186
0.00012417
0.000124153
0.000124136
0.00012412
0.000124103
0.000124087
0.00012407
0.000124054
0.000124037
0.000124021
0.000124004
0.000123987
0.000123971
0.000123954
0.000123938
0.000123921
0.000123905
0.000123888
0.000123872
0.000123855
0.000123839
0.000123822
0.000123806
0.000123789
0.000123773
0.000123756
0.00012374
0.000123723
0.000123707
0.00012369
0.000123674
0.000123657
0.000123641
0.000123624
0.000123608
0.000123591
0.000123575
0.000123558
0.000123542
0.000123526
0.000123509
0.000123493
0.000123476
0.00012346
0.000123443
0.000123427
0.000123411
0.000123394
0.000123378
0.000123361
0.000123345
0.000123329
0.000123312
0.000123296
0.000123279
0.000123263
0.000123247
0.00012323
0.000123214
0.000123197
0.000123181
0.000123165
0.000123148
0.000123132
0.000123116
0.000123099
0.000123083
0.000123067
0.00012305
0.000123034
0.000123018
0.000123001
0.000122985
0.000122969
0.000122952
0.000122936
0.00012292
0.000122903
0.000122887
0.000122871
0.000122855
0.000122838
0.000122822
0.000122806
0.000122789
0.000122773
0.000122757
0.000122741
0.000122724
0.000122708
0.000122692
0.000122676
0.000122659
0.000122643
0.000122627
0.000122611
0.000122594
0.000122578
0.000122562
0.000122546
0.000122529
0.000122513
0.000122497
0.000122481
0.000122465
0.000122448
0.000122432
0.000122416
0.0001224
0.000122384
0.000122367
0.000122351
0.000122335
0.000122319
0.000122303
0.000122286
0.00012227
0.000122254
0.000122238
0.000122222
0.000122206
0.00012219
0.000122173
0.000122157
0.000122141
0.000122125
0.000122109
0.000122093
0.000122077
0.00012206
0.000122044
0.000122028
0.000122012
0.000121996
0.00012198
0.000121964
0.000121948
0.000121932
0.000121916
0.0001219
0.000121883
0.000121867
0.000121851
0.000121835
0.000121819
0.000121803
0.000121787
0.000121771
0.000121755
0.000121739
0.000121723
0.000121707
0.000121691
0.000121675
0.000121659
0.000121643
0.000121627
0.000121611
0.000121595
0.000121579
0.000121563
0.000121547
0.000121531
0.000121515
0.000121499
0.000121483
0.000121467
0.000121451
0.000121435
0.000121419
0.000121403
0.000121387
0.000121371
0.000121355
0.000121339
0.000121323
0.000121307
0.000121291
0.000121275
0.000121259
0.000121243
0.000121227
0.000121211
0.000121195
0.000121179
0.000121164
0.000121148
0.000121132
0.000121116
0.0001211
0.000121084
0.000121068
0.000121052
0.000121036
0.00012102
0.000121005
0.000120989
0.000120973
0.000120957
0.000120941
0.000120925
0.000120909
0.000120893
0.000120878
0.000120862
0.000120846
0.00012083
0.000120814
0.000120798
0.000120783
0.000120767
0.000120751
0.000120735
0.000120719
0.000120703
0.000120688
0.000120672
0.000120656
0.00012064
0.000120624
0.000120609
0.000120593
0.000120577
0.000120561
0.000120545
0.00012053
0.000120514
0.000120498
0.000120482
0.000120467
0.000120451
0.000120435
0.000120419
0.000120404
0.000120388
0.000120372
0.000120356
0.000120341
0.000120325
0.000120309
0.000120293
0.000120278
0.000120262
0.000120246
0.000120231
0.000120215
0.000120199
0.000120183
0.000120168
0.000120152

