5e-05
5e-05
5e-05
5e-05
5e-05
5e-05
5e-05
5e-05
5e-05
5e-05
5e-05
5e-05
5e-05
5e-05
5e-05
5e-05
5e-05
5e-05
5e-05
5e-05
5e-05
5e-05
5e-05
5e-05
5e-05
5e-05
5e-05
5e-05
5e-05
5e-05
5e-05
5e-05
5e-05
5e-05
5e-05
5e-05
5e-05
5e-05
5e-05
5e-05
5e-05
5e-05
5e-05
5e-05
5e-05
5e-05
5e-05
5e-05
5e-05
5e-05
5e-05
5e-05
5e-05
5e-05
5e-05
5e-05
5e-05
5e-05
5e-05
5e-05
5e-05
5e-05
5e-05
5e-05
5e-05
5e-05
5e-05
5e-05
5e-05
5e-05
5e-05
5e-05
5e-05
5e-05
5e-05
5e-05
5e-05
5e-05
5e-05
5e-05
5e-05
5e-05
5e-05
5e-05
5e-05
5e-05
5e-05
5e-05
5e-05
5e-05
5e-05
5e-05
5e-05
5e-05
5e-05
5e-05
5e-05
5e-05
5e-05
5e-05
5e-05
5e-05
5e-05
5e-05
5e-05
5e-05
5e-05
5e-05
5e-05
5e-05
5e-05
5e-05
5e-05
5e-05
5e-05
5e-05
5e-05
5e-05
5e-05
5e-05
5e-05
5e-05
5e-05
5e-05
5e-05
5e-05
5e-05
5e-05
5e-05
5e-05
5e-05
5e-05
5e-05
5e-05
5e-05
5e-05
5e-05
5e-05
5e-05
5e-05
5e-05
5e-05
5e-05
5e-05
5e-05
5e-05
5e-05
5e-05
5e-05
5e-05
5e-05
5e-05
5e-05
5e-05
5e-05
5e-05
5e-05
5e-05
5e-05
5e-05
5e-05
5e-05
5e-05
5e-05
5e-05
5e-05
5e-05
5e-05
5e-05
5e-05
5e-05
5e-05
5e-05
5e-05
5e-05
5e-05
5e-05
5e-05
5e-05
5e-05
5e-05
5e-05
5e-05
5e-05
5e-05
5e-05
5e-05
5e-05
5e-05
5e-05
5e-05
5e-05
5e-05
5e-05
5e-05
5e-05
5e-05
5e-05
5e-05
5e-05
5e-05
5e-05
5e-05
5e-05
5e-05
5e-05
5e-05
5e-05
5e-05
5e-05
5e-05
5e-05
5e-05
5e-05
5e-05
5e-05
5e-05
5e-05
5e-05
5e-05
5e-05
5e-05
5e-05
5e-05
5e-05
5e-05
5e-05
5e-05
5e-05
5e-05
5e-05
5e-05
5e-05
5e-05
5e-05
5e-05
5e-05
5e-05
5e-05
5e-05
5e-05
5e-05
5e-05
5e-05
5e-05
5e-05
5e-05
5e-05
5e-05
5e-05
5e-05
5e-05
5e-05
5e-05
5e-05
5e-05
5e-05
5e-05
5e-05
5e-05
5e-05
5e-05
5e-05
5e-05
5e-05
5e-05
5e-05
5e-05
5e-05
5e-05
5e-05
5e-05
5e-05
5e-05
5e-05
5e-05
5e-05
5e-05
5e-05
5e-05
5e-05
5e-05
5e-05
5e-05
5e-05
5e-05
5e-05
5e-05
5e-05
5e-05
5e-05
5e-05
5e-05
5e-05
5e-05
5e-05
5e-05
5e-05
5e-05
5e-05
5e-05
5e-05
5e-05
5e-05
5e-05
5e-05
5e-05
5e-05
5e-05
5e-05
5e-05
5e-05
5e-05
5e-05
5e-05
5e-05
5e-05
5e-05
5e-05
5e-05
5e-05
5e-05
5e-05
5e-05
5e-05
5e-05
5e-05
5e-05
5e-05
5e-05
5e-05
5e-05
5e-05
5e-05
5e-05
5e-05
5e-05
5e-05
5e-05
5e-05
5e-05
5e-05
5e-05
5e-05
5e-05
5e-05
5e-05
5e-05
5e-05
5e-05
5e-05
5e-05
5e-05
5e-05
5e-05
5e-05
5e-05
5e-05
5e-05
5e-05
5e-05
5e-05
5e-05
5e-05
5e-05
5e-05
5e-05
5e-05
5e-05
5e-05
5e-05
5e-05
5e-05
5e-05
5e-05
5e-05
5e-05
5e-05
5e-05
5e-05
5e-05
5e-05
5e-05
5e-05
5e-05
5e-05
5e-05
5e-05
5e-05
5e-05
5e-05
5e-05
5e-05
5e-05
5e-05
5e-05
5e-05
5e-05
5e-05
5e-05
5e-05
5e-05
5e-05
5e-05
5e-05
5e-05
5e-05
5e-05
5e-05
5e-05
5e-05
5e-05
5e-05
5e-05
5e-05
5e-05
5e-05
5e-05
5e-05
5e-05
5e-05
5e-05
5e-05
5e-05
5e-05
5e-05
5e-05
5e-05
5e-05
5e-05
5e-05
5e-05
5e-05
5e-05
5e-05
5e-05
5e-05
5e-05
5e-05
5e-05
5e-05
5e-05
5e-05
5e-05
5e-05
5e-05
5e-05
5e-05
5e-05
5e-05
5e-05
5e-05
5e-05
5e-05
5e-05
5e-05
5e-05
5e-05
5e-05
5e-05
5e-05
5e-05
5e-05
5e-05
5e-05
5e-05
5e-05
5e-05
5e-05
5e-05
5e-05
5e-05
5e-05
5e-05
5e-05
5e-05
5e-05
5e-05
5e-05
5e-05
5e-05
5e-05
5e-05
5e-05
5e-05
5e-05
5e-05
5e-05
5e-05
5e-05
5e-05
5e-05
5e-05
5e-05
5e-05
5e-05
5e-05
5e-05
5e-05
5e-05
5e-05
5e-05
5e-05
5e-05
5e-05
5e-05
5e-05
5e-05
5e-05
5e-05
5e-05
5e-05
5e-05
5e-05
5e-05
5e-05
5e-05
5e-05
5e-05
5e-05
5e-05
5e-05
5e-05
5e-05
5e-05
5e-05
5e-05
5e-05
5e-05
5e-05
5e-05
5e-05
5e-05
5e-05
5e-05
5e-05
5e-05
5e-05
5e-05
5e-05
5e-05
5e-05
5e-05
5e-05
5e-05
5e-05
5e-05
5e-05
5e-05
5e-05
5e-05
5e-05
5e-05
5e-05
5e-05
5e-05
5e-05
5e-05
5e-05
5e-05
5e-05
5e-05
5e-05
5e-05
5e-05
5e-05
5e-05
5e-05
5e-05
5e-05
5e-05
5e-05
5e-05
5e-05
5e-05
5e-05
5e-05
5e-05
5e-05
5e-05
5e-05
5e-05
5e-05
5e-05
5e-05
5e-05
5e-05
5e-05
5e-05
5e-05
5e-05
5e-05
5e-05
5e-05
5e-05
5e-05
5e-05
5e-05
5e-05
5e-05
5e-05
5e-05
5e-05
5e-05
5e-05
5e-05
5e-05
5e-05
5e-05
5e-05
5e-05
5e-05
5e-05
5e-05
5e-05
5e-05
5e-05
5e-05
5e-05
5e-05
5e-05
5e-05
5e-05
5e-05
5e-05
5e-05
5e-05
5e-05
5e-05
5e-05
5e-05
5e-05
5e-05
5e-05
5e-05
5e-05
5e-05
5e-05
5e-05
5e-05
5e-05
5e-05
5e-05
5e-05
5e-05
5e-05
5e-05
5e-05
5e-05
5e-05
5e-05
5e-05
5e-05
5e-05
5e-05
5e-05
5e-05
5e-05
5e-05
5e-05
5e-05
5e-05
5e-05
5e-05
5e-05
5e-05
5e-05
5e-05
5e-05
5e-05
5e-05
5e-05
5e-05
5e-05
5e-05
5e-05
5e-05
5e-05
5e-05
5e-05
5e-05
5e-05
5e-05
5e-05
5e-05
5e-05
5e-05
5e-05
5e-05
5e-05
5e-05
5e-05
5e-05
5e-05
5e-05
5e-05
5e-05
5e-05
5e-05
5e-05
5e-05
5e-05
5e-05
5e-05
5e-05
5e-05
5e-05
5e-05
5e-05
5e-05
5e-05
5e-05
5e-05
5e-05
5e-05
5e-05
5e-05
5e-05
5e-05
5e-05
5e-05
5e-05
5e-05
5e-05
5e-05
5e-05
5e-05
5e-05
5e-05
5e-05
5e-05
5e-05
5e-05
5e-05
5e-05
5e-05
5e-05
5e-05
5e-05
5e-05
5e-05
5e-05
5e-05
5e-05
5e-05
5e-05
5e-05
5e-05
5e-05
5e-05
5e-05
5e-05
5e-05
5e-05
5e-05
5e-05
5e-05
5e-05
5e-05
5e-05
5e-05
5e-05
5e-05
5e-05
5e-05
5e-05
5e-05
5e-05
5e-05
5e-05
5e-05
5e-05
5e-05
5e-05
5e-05
5e-05
5e-05
5e-05
5e-05
5e-05
5e-05
5e-05
5e-05
5e-05
5e-05
5e-05
5e-05
5e-05
5e-05
5e-05
5e-05
5e-05
5e-05
5e-05
5e-05
5e-05
5e-05
5e-05
5e-05
5e-05
5e-05
7.80235e-05
0.000100569
0.000119289
0.00013526
0.000149199
0.000161591
0.000172777
0.000182996
0.000192422
0.000201185
0.000209382
0.000217087
0.00022436
0.000231247
0.000237788
0.000244013
0.00024995
0.000255622
0.000261047
0.000266245
0.000271231
0.000276018
0.000280619
0.000285047
0.000289311
0.000293423
0.00029739
0.000301221
0.000304926
0.00030851
0.000311982
0.000315347
0.000318613
0.000321784
0.000324867
0.000327867
0.000330788
0.000333636
0.000336414
0.000339127
0.000341779
0.000344373
0.000346913
0.000349403
0.000351844
0.000354241
0.000356597
0.000358913
0.000361192
0.000363436
0.000365649
0.000367831
0.000369986
0.000372114
0.000374218
0.000376299
0.000378359
0.000380399
0.000382422
0.000384427
0.000386417
0.000388393
0.000390356
0.000392306
0.000394246
0.000396176
0.000398096
0.000400009
0.000401914
0.000403812
0.000405705
0.000407593
0.000409477
0.000411356
0.000413233
0.000415107
0.000416979
0.00041885
0.00042072
0.00042259
0.000396189
0.000375093
0.000357698
0.000342958
0.000330174
0.000318871
0.00030872
0.000299487
0.000291003
0.000283143
0.000275813
0.000268943
0.000262477
0.000256371
0.00025059
0.000245105
0.000239891
0.00023493
0.000230203
0.000225695
0.000221394
0.000217287
0.000213364
0.000209614
0.00020603
0.000202603
0.000199325
0.00019619
0.000193189
0.000190319
0.000187571
0.000184941
0.000182424
0.000180014
0.000177706
0.000175497
0.000173381
0.000171355
0.000169415
0.000167557
0.000165777
0.000164072
0.000162439
0.000160874
0.000159375
0.000157939
0.000156564
0.000155245
0.000153982
0.000152772
0.000151612
0.000150501
0.000149436
0.000148415
0.000147436
0.000146498
0.000145599
0.000144738
0.000143912
0.00014312
0.000142361
0.000141633
0.000140935
0.000140266
0.000139625
0.000139009
0.00013842
0.000137854
0.000137311
0.000136791
0.000136292
0.000135814
0.000135354
0.000134914
0.000134492
0.000134086
0.000133697
0.000133324
0.000132966
0.000132623
0.000132293
0.000131977
0.000131673
0.000131382
0.000131102
0.000130834
0.000130576
0.000130328
0.000130091
0.000129862
0.000129643
0.000129433
0.000129231
0.000129036
0.00012885
0.000128671
0.000128498
0.000128333
0.000128174
0.000128021
0.000127874
0.000127733
0.000127597
0.000127466
0.00012734
0.00012722
0.000127103
0.000126991
0.000126884
0.00012678
0.00012668
0.000126584
0.000126492
0.000126403
0.000126317
0.000126234
0.000126154
0.000126078
0.000126004
0.000125932
0.000125863
0.000125797
0.000125733
0.000125671
0.000125611
0.000125554
0.000125498
0.000125444
0.000125392
0.000125342
0.000125293
0.000125246
0.000125201
0.000125157
0.000125114
0.000125073
0.000125033
0.000124994
0.000124957
0.00012492
0.000124885
0.000124851
0.000124817
0.000124785
0.000124754
0.000124723
0.000124694
0.000124665
0.000124637
0.000124609
0.000124583
0.000124557
0.000124532
0.000124507
0.000124483
0.00012446
0.000124437
0.000124415
0.000124393
0.000124372
0.000124351
0.00012433
0.000124311
0.000124291
0.000124272
0.000124253
0.000124235
0.000124217
0.000124199
0.000124182
0.000124165
0.000124148
0.000124132
0.000124116
0.0001241
0.000124084
0.000124069
0.000124054
0.000124039
0.000124024
0.00012401
0.000123996
0.000123982
0.000123968
0.000123954
0.00012394
0.000123927
0.000123914
0.000123901
0.000123888
0.000123875
0.000123863
0.00012385
0.000123838
0.000123825
0.000123813
0.000123801
0.000123789
0.000123778
0.000123766
0.000123754
0.000123743
0.000123731
0.00012372
0.000123709
0.000123698
0.000123686
0.000123675
0.000123664
0.000123654
0.000123643
0.000123632
0.000123621
0.000123611
0.0001236
0.00012359
0.000123579
0.000123569
0.000123558
0.000123548
0.000123538
0.000123528
0.000123517
0.000123507
0.000123497
0.000123487
0.000123477
0.000123467
0.000123457
0.000123447
0.000123438
0.000123428
0.000123418
0.000123408
0.000123398
0.000123389
0.000123379
0.000123369
0.00012336
0.00012335
0.000123341
0.000123331
0.000123321
0.000123312
0.000123303
0.000123293
0.000123284
0.000123274
0.000123265
0.000123255
0.000123246
0.000123237
0.000123228
0.000123218
0.000123209
0.0001232
0.00012319
0.000123181
0.000123172
0.000123163
0.000123154
0.000123145
0.000123135
0.000123126
0.000123117
0.000123108
0.000123099
0.00012309
0.000123081
0.000123072
0.000123063
0.000123054
0.000123045
0.000123036
0.000123027
0.000123018
0.000123009
0.000123
0.000122991
0.000122982
0.000122974
0.000122965
0.000122956
0.000122947
0.000122938
0.000122929
0.00012292
0.000122912
0.000122903
0.000122894
0.000122885
0.000122877
0.000122868
0.000122859
0.00012285
0.000122842
0.000122833
0.000122824
0.000122815
0.000122807
0.000122798
0.000122789
0.000122781
0.000122772
0.000122764
0.000122755
0.000122746
0.000122738
0.000122729
0.000122721
0.000122712
0.000122703
0.000122695
0.000122686
0.000122678
0.000122669
0.000122661
0.000122652
0.000122644
0.000122635
0.000122627
0.000122618
0.00012261
0.000122601
0.000122593
0.000122584
0.000122576
0.000122567
0.000122559
0.000122551
0.000122542
0.000122534
0.000122525
0.000122517
0.000122509
0.0001225
0.000122492
0.000122484
0.000122475
0.000122467
0.000122459
0.00012245
0.000122442
0.000122434
0.000122425
0.000122417
0.000122409
0.0001224
0.000122392
0.000122384
0.000122376
0.000122367
0.000122359
0.000122351
0.000122343
0.000122334
0.000122326
0.000122318
0.00012231
0.000122302
0.000122293
0.000122285
0.000122277
0.000122269
0.000122261
0.000122253
0.000122245
0.000122236
0.000122228
0.00012222
0.000122212
0.000122204
0.000122196
0.000122188
0.00012218
0.000122172
0.000122163
0.000122155
0.000122147
0.000122139
0.000122131
0.000122123
0.000122115
0.000122107
0.000122099
0.000122091
0.000122083
0.000122075
0.000122067
0.000122059
0.000122051
0.000122043
0.000122035
0.000122027
0.000122019
0.000122011
0.000122003
0.000121995
0.000121988
0.00012198
0.000121972
0.000121964
0.000121956
0.000121948
0.00012194
0.000121932
0.000121924
0.000121916
0.000121909
0.000121901
0.000121893
0.000121885
0.000121877
0.000121869
0.000121861
0.000121854
0.000121846
0.000121838
0.00012183
0.000121822
0.000121815
0.000121807
0.000121799
0.000121791
0.000121783
0.000121776
0.000121768
0.00012176
0.000121752
0.000121745
0.000121737
0.000121729
0.000121721
0.000121714
0.000121706
0.000121698
0.00012169
0.000121683
0.000121675
0.000121667
0.00012166
0.000121652
0.000121644
0.000121637
0.000121629
0.000121621
0.000121614
0.000121606
0.000121598
0.000121591
0.000121583
0.000121575
0.000121568
0.00012156
0.000121553
0.000121545
0.000121537
0.00012153
0.000121522
0.000121515
0.000121507
0.000121499
0.000121492
0.000121484
0.000121477
0.000121469
0.000121462
0.000121454
0.000121446
0.000121439
0.000121431
0.000121424
0.000121416
0.000121409
0.000121401
0.000121394
0.000121386
0.000121379
0.000121371
0.000121364
0.000121356
0.000121349
0.000121341
0.000121334
0.000121326
0.000121319
0.000121311
0.000121304
0.000121297
0.000121289
0.000121282
0.000121274
0.000121267
0.000121259
0.000121252
0.000121244
0.000121237
0.00012123
0.000121222
0.000121215
0.000121207
0.0001212
0.000121193
0.000121185
0.000121178
0.000121171
0.000121163
0.000121156
0.000121148
0.000121141
0.000121134
0.000121126
0.000121119
0.000121112
0.000121104
0.000121097
0.00012109
0.000121082
0.000121075
0.000121068
0.00012106
0.000121053
0.000121046
0.000121038
0.000121031
0.000121024
0.000121017
0.000121009
0.000121002
0.000120995
0.000120988
0.00012098
0.000120973
0.000120966
0.000120958
0.000120951
0.000120944
0.000120937
0.00012093
0.000120922
0.000120915
0.000120908
0.000120901
0.000120893
0.000120886
0.000120879
0.000120872
0.000120865
0.000120857
0.00012085
0.000120843
0.000120836
0.000120829
0.000120821
0.000120814
0.000120807
0.0001208
0.000120793
0.000120786
0.000120778
0.000120771
0.000120764
0.000120757
0.00012075
0.000120743
0.000120736
0.000120728
0.000120721
0.000120714
0.000120707
0.0001207
0.000120693
0.000120686
0.000120679
0.000120671
0.000120664
0.000120657
0.00012065
0.000120643
0.000120636
0.000120629
0.000120622
0.000120615
0.000120608
0.000120601
0.000120594
0.000120587
0.000120579
0.000120572
0.000120565
0.000120558
0.000120551
0.000120544
0.000120537
0.00012053
0.000120523
0.000120516
0.000120509
0.000120502
0.000120495
0.000120488
0.000120481
0.000120474
0.000120467
0.00012046
0.000120453
0.000120446
0.000120439
0.000120432
0.000120425
0.000120418
0.000120411
0.000120404
0.000120397
0.00012039
0.000120383
0.000120376
0.000120369
0.000120362
0.000120355
0.000120348
0.000120342
0.000120335
0.000120328
0.000120321
0.000120314
0.000120307
0.0001203
0.000120293
0.000120286
0.000120279
0.000120272
0.000120265
0.000120258
0.000120251
0.000120245
0.000120238
0.000120231
0.000120224
0.000120217
0.00012021
0.000120203
0.000120196
0.000120189
0.000120183
0.000120176
0.000120169
0.000120162
0.000120155
0.000120148
0.000120141
0.000120135
0.000120128
0.000120121
0.000120114
0.000120107
0.0001201
0.000120093
0.000120087
0.00012008
0.000120073
0.000120066
0.000120059
0.000120052
0.000120046
0.000120039
0.000120032
0.000120025
0.000120018
0.000120012
0.000120005
0.000119998
0.000119991
0.000119984
0.000119978
0.000119971
0.000119964
0.000119957
0.00011995
0.000119944
0.000119937
0.00011993
0.000119923
0.000119917
0.00011991
0.000119903
0.000119896
0.00011989
0.000119883
0.000119876
0.000119869
0.000119863
0.000119856
0.000119849
0.000119842
0.000119836
0.000119829
0.000119822
0.000119815
0.000119809
0.000119802
0.000119795
0.000119789
0.000119782
0.000119775
0.000119768
0.000119762
0.000119755
0.000119748
0.000119742
0.000119735
0.000119728
0.000119721
0.000119715
0.000119708
0.000119701
0.000119695
0.000119688
0.000119681
0.000119675
0.000119668
0.000119661
0.000119655
0.000119648
0.000119641
0.000119635
0.000119628
0.000119621
0.000119615
0.000119608
0.000119601
0.000119595
0.000119588
0.000119581
0.000119575
0.000119568
0.000119562
0.000119555
0.000119548
0.000119542
0.000119535
0.000119528
0.000119522
0.000119515
0.000119509
0.000119502
0.000119495
0.000119489
0.000119482
0.000119475
0.000119469
0.000119462
0.000119456
0.000119449
0.000119442
0.000119436
0.000119429
0.000119423
0.000119416
0.00011941
0.000119403
0.000119396
0.00011939
0.000119383
0.000119377
0.00011937
0.000119363
0.000119357
0.00011935
0.000119344
0.000119337
0.000119331
0.000119324
0.000119318
0.000119311
0.000119304
0.000119298
0.000119291
0.000119285
0.000119278
0.000119272
0.000119265
0.000119259
0.000119252
0.000119246
0.000119239
0.000119233
0.000119226
0.000119219
0.000119213
0.000119206
0.0001192
0.000119193
0.000119187
0.00011918
0.000119174
0.000119167
0.000119161
0.000119154
0.000119148
0.000119141
0.000119135
0.000119128
0.000119122
0.000119115
0.000119109
0.000119102
0.000119096
0.000119089
0.000119083
0.000119076
0.00011907
0.000119063
0.000119057
0.000119051
0.000119044
0.000119038
0.000119031
0.000119025
0.000119018
0.000119012
0.000119005
0.000118999
0.000118992
0.000118986
0.000118979
0.000118973
0.000118967
0.00011896
0.000118954
0.000118947
0.000118941
0.000118934
0.000118928
0.000118921
0.000118915
0.000118909
0.000118902
0.000118896
0.000118889
0.000118883
0.000118876
0.00011887
0.000118864
0.000118857
0.000118851
0.000118844
0.000118838
0.000118832
0.000118825
0.000118819
0.000118812
0.000118806
0.0001188
0.000118793
0.000118787
0.00011878
0.000118774
0.000118768
0.000118761
0.000118755
0.000118748
0.000118742
0.000118736
0.000118729
0.000118723
0.000118716
0.00011871
0.000118704
0.000118697
0.000118691
0.000118685
0.000118678
0.000118672
0.000118665
0.000118659
0.000118653
0.000118646
0.00011864
0.000118634
0.000118627
0.000118621
0.000118615
0.000118608
0.000118602
0.000118596
0.000118589
0.000118583
0.000118577
0.00011857
0.000118564
0.000118558
0.000118551
0.000118545
0.000118539
0.000118532
0.000118526
0.00011852
0.000118513
0.000118507
0.000118501
0.000118494
0.000118488
0.000118482
0.000118475
0.000118469
0.000118463
0.000118456
0.00011845
0.000118444
0.000118437
0.000118431
0.000118425
0.000118418
0.000118412
0.000118406
0.0001184
0.000118393
0.000118387
0.000118381
0.000118374
0.000118368
0.000118362
0.000118356
0.000118349
0.000118343
0.000118337
0.00011833
0.000118324
0.000118318
0.000118312
0.000118305
0.000118299
0.000118293
0.000118286
0.00011828
0.000118274
0.000118268
0.000118261
0.000118255
0.000118249
0.000118243
0.000118236
0.00011823
0.000118224
0.000118218
0.000118211
0.000118205
0.000118199
0.000118193
0.000118186
0.00011818
0.000118174
0.000118168
0.000118161
0.000118155
0.000118149
0.000118143
0.000118136
0.00011813
0.000118124
0.000118118
0.000118112
0.000118105
0.000118099
0.000118093
0.000118087
0.00011808
0.000118074
0.000118068
0.000118062
0.000118056
0.000118049
0.000118043
0.000118037
0.000118031
0.000118024
0.000118018
0.000118012
0.000118006
0.000118
0.000117993
0.000117987
0.000117981
0.000117975
0.000117969
0.000117962
0.000117956
0.00011795
0.000117944
0.000117938
0.000117931
0.000117925
0.000117919
0.000117913
0.000117907
0.000117901
0.000117894
0.000117888
0.000117882
0.000117876
0.00011787
0.000117863
0.000117857
0.000117851
0.000117845
0.000117839
0.000117833
0.000117826
0.00011782
0.000117814
0.000117808
0.000117802
0.000117796
0.000117789
0.000117783
0.000117777
0.000117771
0.000117765
0.000117759
0.000117753
0.000117746
0.00011774
0.000117734
0.000117728
0.000117722
0.000117716
0.00011771
0.000117703
0.000117697
0.000117691
0.000117685
0.000117679
0.000117673
0.000117667
0.00011766
0.000117654
0.000117648
0.000117642
0.000117636
0.00011763
0.000117624
0.000117618
0.000117611
0.000117605
0.000117599
0.000117593
0.000117587
0.000117581
0.000117575
0.000117569
0.000117562
0.000117556
0.00011755
0.000117544
0.000117538
0.000117532
0.000117526
0.00011752
0.000117514
0.000117508
0.000117501
0.000117495
0.000117489
0.000117483
0.000117477
0.000117471
0.000117465
0.000117459
0.000117453
0.000117447
0.00011744
0.000117434
0.000117428
0.000117422
0.000117416
0.00011741
0.000117404
0.000117398
0.000117392
0.000117386
0.00011738
0.000117374
0.000117368
0.000117361
0.000117355
0.000117349
0.000117343
0.000117337
0.000117331
0.000117325
0.000117319
0.000117313
0.000117307
0.000117301
0.000117295
0.000117289
0.000117283
0.000117277
0.00011727
0.000117264
0.000117258
0.000117252
0.000117246
0.00011724
0.000117234
0.000117228
0.000117222
0.000117216
0.00011721
0.000117204
0.000117198
0.000117192
0.000117186
0.00011718
0.000117174
0.000117168
0.000117162
0.000117156
0.00011715
0.000117144
0.000117138
0.000117132
0.000117125
0.000117119
0.000117113
0.000117107
0.000117101
0.000117095
0.000117089
0.000117083
0.000117077
0.000117071
0.000117065
0.000117059
0.000117053
0.000117047
0.000117041
0.000117035
0.000117029
0.000117023
0.000117017
0.000117011
0.000117005
0.000116999
0.000116993
0.000116987
0.000116981
0.000116975
0.000116969
0.000116963
0.000116957
0.000116951
0.000116945
0.000116939
0.000116933
0.000116927
0.000116921
0.000116915
0.000116909
0.000116903
0.000116897
0.000116891
0.000116885
0.000116879
0.000116873
0.000116867
0.000116861
0.000116855
0.000116849
0.000116843
0.000116837
0.000116831
0.000116825
0.000116819
0.000116813
0.000116807
0.000116802
0.000116796
0.00011679
0.000116784
0.000116778
0.000116772
0.000116766
0.00011676
0.000116754
0.000116748
0.000116742
0.000116736
0.00011673
0.000116724
0.000116718
0.000116712
0.000116706
0.0001167
0.000116694
0.000116688
0.000116682
0.000116676
0.00011667
0.000116664
0.000116659
0.000116653
0.000116647
0.000116641
0.000116635
0.000116629
0.000116623
0.000116617
0.000116611
0.000116605
0.000116599
0.000116593
0.000116587
0.000116581
0.000116575
0.000116569
0.000116563
0.000116558
0.000116552
0.000116546
0.00011654
0.000116534
0.000116528
0.000116522
0.000116516
0.00011651
0.000116504
0.000116498
0.000116492
0.000116486
0.000116481
0.000116475
0.000116469
0.000116463
0.000116457
0.000116451
0.000116445
0.000116439
0.000116433
0.000116427
0.000116421
0.000116416
0.00011641
0.000116404
0.000116398
0.000116392
0.000116386
0.00011638
0.000116374
0.000116368
0.000116362
0.000116357
0.000116351
0.000116345
0.000116339
0.000116333
0.000116327
0.000116321
0.000116315
0.000116309
0.000116303
0.000116298
0.000116292
0.000116286
0.00011628
0.000116274
0.000116268
0.000116262
0.000116256
0.000116251
0.000116245
0.000116239
0.000116233
0.000116227
0.000116221
0.000116215
0.000116209
0.000116204
0.000116198
0.000116192
0.000116186
0.00011618
0.000116174
0.000116168
0.000116162
0.000116157
0.000116151
0.000116145
0.000116139
0.000116133
0.000116127
0.000116121
0.000116116
0.00011611
0.000116104
0.000116098
0.000116092
0.000116086
0.00011608
0.000116075
0.000116069
0.000116063
0.000116057
0.000116051
0.000116045
0.000116039
0.000116034
0.000116028
0.000116022
0.000116016
0.00011601
0.000116004
0.000115999
0.000115993
0.000115987
0.000115981
0.000115975
0.000115969
0.000115963
0.000115958
0.000115952
0.000115946
0.00011594
0.000115934
0.000115928
0.000115923
0.000115917
0.000115911
0.000115905
0.000115899
0.000115894
0.000115888
0.000115882
0.000115876
0.00011587
0.000115864
0.000115859
0.000115853
0.000115847
0.000115841
0.000115835
0.000115829
0.000115824
0.000115818
0.000115812
0.000115806
0.0001158
0.000115795
0.000115789
0.000115783
0.000115777
0.000115771
0.000115766
0.00011576
0.000115754
0.000115748
0.000115742
0.000115737
0.000115731
0.000115725
0.000115719
0.000115713
0.000115708
0.000115702
0.000115696
0.00011569
0.000115684
0.000115679
0.000115673
0.000115667
0.000115661
0.000115655
0.00011565
0.000115644
0.000115638
0.000115632
0.000115626
0.000115621
0.000115615
0.000115609
0.000115603
0.000115598
0.000115592
0.000115586
0.00011558
0.000115574
0.000115569
0.000115563
0.000115557
0.000115551
0.000115546
0.00011554
0.000115534
0.000115528
0.000115522
0.000115517
0.000115511
0.000115505
0.000115499
0.000115494
0.000115488
0.000115482
0.000115476
0.000115471
0.000115465
0.000115459
0.000115453
0.000115448
0.000115442
0.000115436
0.00011543
0.000115424
0.000115419
0.000115413
0.000115407
0.000115401
0.000115396
0.00011539
0.000115384
0.000115378
0.000115373
0.000115367
0.000115361
0.000115355
0.00011535
0.000115344
0.000115338
0.000115332
0.000115327
0.000115321
0.000115315
0.00011531
0.000115304
0.000115298
0.000115292
0.000115287
0.000115281
0.000115275
0.000115269
0.000115264
0.000115258
0.000115252
0.000115246
0.000115241
0.000115235
0.000115229
0.000115224
0.000115218
0.000115212
0.000115206
0.000115201
0.000115195
0.000115189
0.000115183
0.000115178
0.000115172
0.000115166
0.000115161
0.000115155
0.000115149
0.000115143
0.000115138
0.000115132
0.000115126
0.000115121
0.000115115
0.000115109
0.000115103
0.000115098
0.000115092
0.000115086
0.000115081
0.000115075
0.000115069
0.000115063
0.000115058
0.000115052
0.000115046
0.000115041
0.000115035
0.000115029
0.000115024
0.000115018
0.000115012
0.000115006
0.000115001
0.000114995
0.000114989
0.000114984
0.000114978
0.000114972
0.000114967
0.000114961
0.000114955
0.000114949
0.000114944
0.000114938
0.000114932
0.000114927
0.000114921
0.000114915
0.00011491
0.000114904
0.000114898
0.000114893
0.000114887
0.000114881
0.000114876
0.00011487
0.000114864
0.000114859
0.000114853
0.000114847
0.000114842
0.000114836
0.00011483
0.000114824
0.000114819
0.000114813
0.000114807
0.000114802
0.000114796
0.00011479
0.000114785
0.000114779
0.000114773
0.000114768
0.000114762
0.000114756
0.000114751
0.000114745
0.000114739
0.000114734
0.000114728
0.000114722
0.000114717
0.000114711
0.000114706
0.0001147
0.000114694
0.000114689
0.000114683
0.000114677
0.000114672
0.000114666
0.00011466
0.000114655
0.000114649
0.000114643
0.000114638
0.000114632
0.000114626
0.000114621
0.000114615
0.000114609
0.000114604
0.000114598
0.000114593
0.000114587
0.000114581
0.000114576
0.00011457
0.000114564
0.000114559
0.000114553
0.000114547
0.000114542
0.000114536
0.000114531
0.000114525
0.000114519
0.000114514
0.000114508
0.000114502
0.000114497
0.000114491
0.000114485
0.00011448
0.000114474
0.000114469
0.000114463
0.000114457
0.000114452
0.000114446
0.00011444
0.000114435
0.000114429
0.000114424
0.000114418
0.000114412
0.000114407
0.000114401
0.000114396
0.00011439
0.000114384
0.000114379
0.000114373
0.000114367
0.000114362
0.000114356
0.000114351
0.000114345
0.000114339
0.000114334
0.000114328
0.000114323
0.000114317
0.000114311
0.000114306
0.0001143
0.000114295
0.000114289
0.000114283
0.000114278
0.000114272
0.000114267
0.000114261
0.000114255
0.00011425
0.000114244
0.000114239
0.000114233
0.000114227
0.000114222
0.000114216
0.000114211
0.000114205
0.000114199
0.000114194
0.000114188
0.000114183
0.000114177
0.000114171
0.000114166
0.00011416
0.000114155
0.000114149
0.000114144
0.000114138
0.000114132
0.000114127
0.000114121
0.000114116
0.00011411
0.000114104
0.000114099
0.000114093
0.000114088
0.000114082
0.000114077
0.000114071
0.000114065
0.00011406
0.000114054
0.000114049
0.000114043
0.000114038
0.000114032
0.000114026
0.000114021
0.000114015
0.00011401
0.000114004
0.000113999
0.000113993
0.000113987
0.000113982
0.000113976
0.000113971
0.000113965
0.00011396
0.000113954
0.000113949
0.000113943
0.000113937
0.000113932
0.000113926
0.000113921
0.000113915
0.00011391
0.000113904
0.000113899
0.000113893
0.000113887
0.000113882
0.000113876
0.000113871
0.000113865
0.00011386
0.000113854
0.000113849
0.000113843
0.000113838
0.000113832
0.000113826
0.000113821
0.000113815
0.00011381
0.000113804
0.000113799
0.000113793
0.000113788
0.000113782
0.000113777
0.000113771
0.000113766
0.00011376
0.000113754
0.000113749
0.000113743
0.000113738
0.000113732
0.000113727
0.000113721
0.000113716
0.00011371
0.000113705
0.000113699
0.000113694
0.000113688
0.000113683
0.000113677
0.000113672
0.000113666
0.000113661
0.000113655
0.000113649
0.000113644
0.000113638
0.000113633
0.000113627
0.000113622
0.000113616
0.000113611
0.000113605
0.0001136
0.000113594
0.000113589
0.000113583
0.000113578
0.000113572
0.000113567
0.000113561
0.000113556
0.00011355
0.000113545
0.000113539
0.000113534
0.000113528
0.000113523
0.000113517
0.000113512
0.000113506
0.000113501
0.000113495
0.00011349
0.000113484
0.000113479
0.000113473
0.000113468
0.000113462
0.000113457
0.000113451
0.000113446
0.00011344
0.000113435
0.000113429
0.000113424
0.000113418
0.000113413
0.000113407
0.000113402
0.000113396
0.000113391
0.000113385
0.00011338
0.000113374
0.000113369
0.000113363
0.000113358
0.000113352
0.000113347
0.000113341
0.000113336
0.00011333
0.000113325
0.00011332
0.000113314
0.000113309
0.000113303
0.000113298
0.000113292
0.000113287
0.000113281
0.000113276
0.00011327
0.000113265
0.000113259
0.000113254
0.000113248
0.000113243
0.000113237
0.000113232
0.000113226
0.000113221
0.000113216
0.00011321
0.000113205
0.000113199
0.000113194
0.000113188
0.000113183
0.000113177
0.000113172
0.000113166
0.000113161
0.000113155
0.00011315
0.000113145
0.000113139
0.000113134
0.000113128
0.000113123
0.000113117
0.000113112
0.000113106
0.000113101
0.000113095
0.00011309
0.000113085
0.000113079
0.000113074
0.000113068
0.000113063
0.000113057
0.000113052
0.000113046
0.000113041
0.000113036
0.00011303
0.000113025
0.000113019
0.000113014
0.000113008
0.000113003
0.000112997
0.000112992
0.000112987
0.000112981
0.000112976
0.00011297
0.000112965
0.000112959
0.000112954
0.000112949
0.000112943
0.000112938
0.000112932
0.000112927
0.000112921
0.000112916
0.000112911
0.000112905
0.0001129
0.000112894
0.000112889
0.000112883
0.000112878
0.000112873
0.000112867
0.000112862
0.000112856
0.000112851
0.000112845
0.00011284
0.000112835
0.000112829
0.000112824
0.000112818
0.000112813
0.000112807
0.000112802
0.000112797
0.000112791
0.000112786
0.00011278
0.000112775
0.00011277
0.000112764
0.000112759
0.000112753
0.000112748
0.000112743
0.000112737
0.000112732
0.000112726
0.000112721
0.000112716
0.00011271
0.000112705
0.000112699
0.000112694
0.000112689
0.000112683
0.000112678
0.000112672
0.000112667
0.000112662
0.000112656
0.000112651
0.000112645
0.00011264
0.000112635
0.000112629
0.000112624
0.000112618
0.000112613
0.000112608
0.000112602
0.000112597
0.000112591
0.000112586
0.000112581
0.000112575
0.00011257
0.000112564
0.000112559
0.000112554
0.000112548
0.000112543
0.000112538
0.000112532
0.000112527
0.000112521
0.000112516
0.000112511
0.000112505
0.0001125
0.000112494
0.000112489
0.000112484
0.000112478
0.000112473
0.000112468
0.000112462
0.000112457
0.000112451
0.000112446
0.000112441
0.000112435
0.00011243
0.000112425
0.000112419
0.000112414
0.000112409
0.000112403
0.000112398
0.000112392
0.000112387
0.000112382
0.000112376
0.000112371
0.000112366
0.00011236
0.000112355
0.00011235
0.000112344
0.000112339
0.000112333
0.000112328
0.000112323
0.000112317
0.000112312
0.000112307
0.000112301
0.000112296
0.000112291
0.000112285
0.00011228
0.000112275
0.000112269
0.000112264
0.000112258
0.000112253
0.000112248
0.000112242
0.000112237
0.000112232
0.000112226
0.000112221
0.000112216
0.00011221
0.000112205
0.0001122
0.000112194
0.000112189
0.000112184
0.000112178
0.000112173
0.000112168
0.000112162
0.000112157
0.000112152
0.000112146
0.000112141
0.000112136
0.00011213
0.000112125
0.00011212
0.000112114
0.000112109
0.000112104
0.000112098
0.000112093
0.000112088
0.000112082
0.000112077
0.000112072
0.000112066
0.000112061
0.000112056
0.00011205
0.000112045
0.00011204
0.000112034
0.000112029
0.000112024
0.000112018
0.000112013
0.000112008
0.000112002
0.000111997
0.000111992
0.000111987
0.000111981
0.000111976
0.000111971
0.000111965
0.00011196
0.000111955
0.000111949
0.000111944
0.000111939
0.000111933
0.000111928
0.000111923
0.000111917
0.000111912
0.000111907
0.000111902
0.000111896
0.000111891
0.000111886
0.00011188
0.000111875
0.00011187
0.000111864
0.000111859
0.000111854
0.000111848
0.000111843
0.000111838
0.000111833
0.000111827
0.000111822
0.000111817
0.000111811
0.000111806
0.000111801
0.000111796
0.00011179
0.000111785
0.00011178
0.000111774
0.000111769
0.000111764
0.000111758
0.000111753
0.000111748
0.000111743
0.000111737
0.000111732
0.000111727
0.000111721
0.000111716
0.000111711
0.000111706
0.0001117
0.000111695
0.00011169
0.000111684
0.000111679
0.000111674
0.000111669
0.000111663
0.000111658
0.000111653
0.000111648
0.000111642
0.000111637
0.000111632
0.000111626
0.000111621
0.000111616
0.000111611
0.000111605
0.0001116
0.000111595
0.00011159
0.000111584
0.000111579
0.000111574
0.000111568
0.000111563
0.000111558
0.000111553
0.000111547
0.000111542
0.000111537
0.000111532
0.000111526
0.000111521
0.000111516
0.000111511
0.000111505
0.0001115
0.000111495
0.00011149
0.000111484
0.000111479
0.000111474
0.000111469
0.000111463
0.000111458
0.000111453
0.000111447
0.000111442
0.000111437
0.000111432
0.000111426
0.000111421
0.000111416
0.000111411
0.000111405
0.0001114
0.000111395
0.00011139
0.000111385
0.000111379
0.000111374
0.000111369
0.000111364
0.000111358
0.000111353
0.000111348
0.000111343
0.000111337
0.000111332
0.000111327
0.000111322
0.000111316
0.000111311
0.000111306
0.000111301
0.000111295
0.00011129
0.000111285
0.00011128
0.000111274
0.000111269
0.000111264
0.000111259
0.000111254
0.000111248
0.000111243
0.000111238
0.000111233
0.000111227
0.000111222
0.000111217
0.000111212
0.000111207
0.000111201
0.000111196
0.000111191
0.000111186
0.00011118
0.000111175
0.00011117
0.000111165
0.00011116
0.000111154
0.000111149
0.000111144
0.000111139
0.000111133
0.000111128
0.000111123
0.000111118
0.000111113
0.000111107
0.000111102
0.000111097
0.000111092
0.000111087
0.000111081
0.000111076
0.000111071
0.000111066
0.00011106
0.000111055
0.00011105
0.000111045
0.00011104
0.000111034
0.000111029
0.000111024
0.000111019
0.000111014
0.000111008
0.000111003
0.000110998
0.000110993
0.000110988
0.000110982
0.000110977
0.000110972
0.000110967
0.000110962
0.000110956
0.000110951
0.000110946
0.000110941
0.000110936
0.00011093
0.000110925
0.00011092
0.000110915
0.00011091
0.000110905
0.000110899
0.000110894
0.000110889
0.000110884
0.000110879
0.000110873
0.000110868
0.000110863
0.000110858
0.000110853
0.000110847
0.000110842
0.000110837
0.000110832
0.000110827
0.000110822
0.000110816
0.000110811
0.000110806
0.000110801
0.000110796
0.000110791
0.000110785
0.00011078
0.000110775
0.00011077
0.000110765
0.000110759
0.000110754
0.000110749
0.000110744
0.000110739
0.000110734
0.000110728
0.000110723
0.000110718
0.000110713
0.000110708
0.000110703
0.000110697
0.000110692
0.000110687
0.000110682
0.000110677
0.000110672
0.000110666
0.000110661
0.000110656
0.000110651
0.000110646
0.000110641
0.000110636
0.00011063
0.000110625
0.00011062
0.000110615
0.00011061
0.000110605
0.000110599
0.000110594
0.000110589
0.000110584
0.000110579
0.000110574
0.000110569
0.000110563
0.000110558
0.000110553
0.000110548
0.000110543
0.000110538
0.000110532
0.000110527
0.000110522
0.000110517
0.000110512
0.000110507
0.000110502
0.000110496
0.000110491
0.000110486
0.000110481
0.000110476
0.000110471
0.000110466
0.00011046
0.000110455
0.00011045
0.000110445
0.00011044
0.000110435
0.00011043
0.000110425
0.000110419
0.000110414
0.000110409
0.000110404
0.000110399
0.000110394
0.000110389
0.000110384
0.000110378
0.000110373
0.000110368
0.000110363
0.000110358
0.000110353
0.000110348
0.000110342
0.000110337
0.000110332
0.000110327
0.000110322
0.000110317
0.000110312
0.000110307
0.000110302
0.000110296
0.000110291
0.000110286
0.000110281
0.000110276
0.000110271
0.000110266
0.000110261
0.000110255
0.00011025
0.000110245
0.00011024
0.000110235
0.00011023
0.000110225
0.00011022
0.000110215
0.000110209
0.000110204
0.000110199
0.000110194
0.000110189
0.000110184
0.000110179
0.000110174
0.000110169
0.000110164
0.000110158
0.000110153
0.000110148
0.000110143
0.000110138
0.000110133
0.000110128
0.000110123
0.000110118
0.000110113
0.000110107
0.000110102
0.000110097
0.000110092
0.000110087
0.000110082
0.000110077
0.000110072
0.000110067
0.000110062
0.000110056
0.000110051
0.000110046
0.000110041
0.000110036
0.000110031
0.000110026
0.000110021
0.000110016
0.000110011
0.000110006
0.000110001
0.000109995
0.00010999
0.000109985
0.00010998
0.000109975
0.00010997
0.000109965
0.00010996
0.000109955
0.00010995
0.000109945
0.00010994
0.000109934
0.000109929
0.000109924
0.000109919
0.000109914
0.000109909
0.000109904
0.000109899
0.000109894
0.000109889
0.000109884
0.000109879
0.000109874
0.000109869
0.000109863
0.000109858
0.000109853
0.000109848
0.000109843
0.000109838
0.000109833
0.000109828
0.000109823
0.000109818
0.000109813
0.000109808
0.000109803
0.000109798
0.000109793
0.000109788
0.000109782
0.000109777
0.000109772
0.000109767
0.000109762
0.000109757
0.000109752
0.000109747
0.000109742
0.000109737
0.000109732
0.000109727
0.000109722
0.000109717
0.000109712
0.000109707
0.000109702
0.000109697
0.000109691
0.000109686
0.000109681
0.000109676
0.000109671
0.000109666
0.000109661
0.000109656
0.000109651
0.000109646
0.000109641
0.000109636
0.000109631
0.000109626
0.000109621
0.000109616
0.000109611
0.000109606
0.000109601
0.000109596
0.000109591
0.000109586
0.000109581
0.000109576
0.00010957
0.000109565
0.00010956
0.000109555
0.00010955
0.000109545
0.00010954
0.000109535
0.00010953
0.000109525
0.00010952
0.000109515
0.00010951
0.000109505
0.0001095
0.000109495
0.00010949
0.000109485
0.00010948
0.000109475
0.00010947
0.000109465
0.00010946
0.000109455
0.00010945
0.000109445
0.00010944
0.000109435
0.00010943
0.000109425
0.00010942
0.000109415
0.00010941
0.000109405
0.0001094
0.000109395
0.00010939
0.000109385
0.00010938
0.000109375
0.00010937
0.000109365
0.00010936
0.000109355
0.000109349
0.000109344
0.000109339
0.000109334
0.000109329
0.000109324
0.000109319
0.000109314
0.000109309
0.000109304
0.000109299
0.000109294
0.000109289
0.000109284
0.000109279
0.000109274
0.000109269
0.000109264
0.000109259
0.000109254
0.000109249
0.000109244
0.000109239
0.000109234
0.000109229
0.000109224
0.000109219
0.000109214
0.000109209
0.000109204
0.000109199
0.000109194
0.000109189
0.000109184
0.00010918
0.000109175
0.00010917
0.000109165
0.00010916
0.000109155
0.00010915
0.000109145
0.00010914
0.000109135
0.00010913
0.000109125
0.00010912
0.000109115
0.00010911
0.000109105
0.0001091
0.000109095
0.00010909
0.000109085
0.00010908
0.000109075
0.00010907
0.000109065
0.00010906
0.000109055
0.00010905
0.000109045
0.00010904
0.000109035
0.00010903
0.000109025
0.00010902
0.000109015
0.00010901
0.000109005
0.000109
0.000108995
0.00010899
0.000108985
0.00010898
0.000108975
0.00010897
0.000108965
0.00010896
0.000108956
0.000108951
0.000108946
0.000108941
0.000108936
0.000108931
0.000108926
0.000108921
0.000108916
0.000108911
0.000108906
0.000108901
0.000108896
0.000108891
0.000108886
0.000108881
0.000108876
0.000108871
0.000108866
0.000108861
0.000108856
0.000108851
0.000108846
0.000108841
0.000108837
0.000108832
0.000108827
0.000108822
0.000108817
0.000108812
0.000108807
0.000108802
0.000108797
0.000108792
0.000108787
0.000108782
0.000108777
0.000108772
0.000108767
0.000108762
0.000108757
0.000108752
0.000108748
0.000108743
0.000108738
0.000108733
0.000108728
0.000108723
0.000108718
0.000108713
0.000108708
0.000108703
0.000108698
0.000108693
0.000108688
0.000108683
0.000108678
0.000108673
0.000108669
0.000108664
0.000108659
0.000108654
0.000108649
0.000108644
0.000108639
0.000108634
0.000108629
0.000108624
0.000108619
0.000108614
0.000108609
0.000108604
0.0001086
0.000108595
0.00010859
0.000108585
0.00010858
0.000108575
0.00010857
0.000108565
0.00010856
0.000108555
0.00010855
0.000108545
0.00010854
0.000108536
0.000108531
0.000108526
0.000108521
0.000108516
0.000108511
0.000108506
0.000108501
0.000108496
0.000108491
0.000108486
0.000108482
0.000108477
0.000108472
0.000108467
0.000108462
0.000108457
0.000108452
0.000108447
0.000108442
0.000108437
0.000108432
0.000108428
0.000108423
0.000108418
0.000108413
0.000108408
0.000108403
0.000108398
0.000108393
0.000108388
0.000108383
0.000108378
0.000108374
0.000108369
0.000108364
0.000108359
0.000108354
0.000108349
0.000108344
0.000108339
0.000108334
0.00010833
0.000108325
0.00010832
0.000108315
0.00010831
0.000108305
0.0001083
0.000108295
0.00010829
0.000108286
0.000108281
0.000108276
0.000108271
0.000108266
0.000108261
0.000108256
0.000108251
0.000108246
0.000108242
0.000108237
0.000108232
0.000108227
0.000108222
0.000108217
0.000108212
0.000108207
0.000108202
0.000108198
0.000108193
0.000108188
0.000108183
0.000108178
0.000108173
0.000108168
0.000108163
0.000108159
0.000108154
0.000108149
0.000108144
0.000108139
0.000108134
0.000108129
0.000108124
0.00010812
0.000108115
0.00010811
0.000108105
0.0001081
0.000108095
0.00010809
0.000108086
0.000108081
0.000108076
0.000108071
0.000108066
0.000108061
0.000108056
0.000108051
0.000108047
0.000108042
0.000108037
0.000108032
0.000108027
0.000108022
0.000108017
0.000108013
0.000108008
0.000108003
0.000107998
0.000107993
0.000107988
0.000107983
0.000107979
0.000107974
0.000107969
0.000107964
0.000107959
0.000107954
0.000107949
0.000107945
0.00010794
0.000107935
0.00010793
0.000107925
0.00010792
0.000107916
0.000107911
0.000107906
0.000107901
0.000107896
0.000107891
0.000107886
0.000107882
0.000107877
0.000107872
0.000107867
0.000107862
0.000107857
0.000107853
0.000107848
0.000107843
0.000107838
0.000107833
0.000107828
0.000107824
0.000107819
0.000107814
0.000107809
0.000107804
0.000107799
0.000107795
0.00010779
0.000107785
0.00010778
0.000107775
0.00010777
0.000107766
0.000107761
0.000107756
0.000107751
0.000107746
0.000107741
0.000107737
0.000107732
0.000107727
0.000107722
0.000107717
0.000107712
0.000107708
0.000107703
0.000107698
0.000107693
0.000107688
0.000107684
0.000107679
0.000107674
0.000107669
0.000107664
0.000107659
0.000107655
0.00010765
0.000107645
0.00010764
0.000107635
0.000107631
0.000107626
0.000107621
0.000107616
0.000107611
0.000107606
0.000107602
0.000107597
0.000107592
0.000107587
0.000107582
0.000107578
0.000107573
0.000107568
0.000107563
0.000107558
0.000107554
0.000107549
0.000107544
0.000107539
0.000107534
0.00010753
0.000107525
0.00010752
0.000107515
0.00010751
0.000107506
0.000107501
0.000107496
0.000107491
0.000107486
0.000107482
0.000107477
0.000107472
0.000107467
0.000107462
0.000107458
0.000107453
0.000107448
0.000107443
0.000107438
0.000107434
0.000107429
0.000107424
0.000107419
0.000107414
0.00010741
0.000107405
0.0001074
0.000107395
0.00010739
0.000107386
0.000107381
0.000107376
0.000107371
0.000107367
0.000107362
0.000107357
0.000107352
0.000107347
0.000107343
0.000107338
0.000107333
0.000107328
0.000107323
0.000107319
0.000107314
0.000107309
0.000107304
0.0001073
0.000107295
0.00010729
0.000107285
0.00010728
0.000107276
0.000107271
0.000107266
0.000107261
0.000107257
0.000107252
0.000107247
0.000107242
0.000107237
0.000107233
0.000107228
0.000107223
0.000107218
0.000107214
0.000107209
0.000107204
0.000107199
0.000107195
0.00010719
0.000107185
0.00010718
0.000107176
0.000107171
0.000107166
0.000107161
0.000107156
0.000107152
0.000107147
0.000107142
0.000107137
0.000107133
0.000107128
0.000107123
0.000107118
0.000107114
0.000107109
0.000107104
0.000107099
0.000107095
0.00010709
0.000107085
0.00010708
0.000107076
0.000107071
0.000107066
0.000107061
0.000107057
0.000107052
0.000107047
0.000107042
0.000107038
0.000107033
0.000107028
0.000107023
0.000107019
0.000107014
0.000107009
0.000107004
0.000107
0.000106995
0.00010699
0.000106985
0.000106981
0.000106976
0.000106971
0.000106966
0.000106962
0.000106957
0.000106952
0.000106947
0.000106943
0.000106938
0.000106933
0.000106928
0.000106924
0.000106919
0.000106914
0.00010691
0.000106905
0.0001069
0.000106895
0.000106891
0.000106886
0.000106881
0.000106876
0.000106872
0.000106867
0.000106862
0.000106858
0.000106853
0.000106848
0.000106843
0.000106839
0.000106834
0.000106829
0.000106824
0.00010682
0.000106815
0.00010681
0.000106806
0.000106801
0.000106796
0.000106791
0.000106787
0.000106782
0.000106777
0.000106772
0.000106768
0.000106763
0.000106758
0.000106754
0.000106749
0.000106744
0.000106739
0.000106735
0.00010673
0.000106725
0.000106721
0.000106716
0.000106711
0.000106706
0.000106702
0.000106697
0.000106692
0.000106688
0.000106683
0.000106678
0.000106673
0.000106669
0.000106664
0.000106659
0.000106655
0.00010665
0.000106645
0.000106641
0.000106636
0.000106631
0.000106626
0.000106622
0.000106617
0.000106612
0.000106608
0.000106603
0.000106598
0.000106594
0.000106589
0.000106584
0.000106579
0.000106575
0.00010657
0.000106565
0.000106561
0.000106556
0.000106551
0.000106547
0.000106542
0.000106537
0.000106532
0.000106528
0.000106523
0.000106518
0.000106514
0.000106509
0.000106504
0.0001065
0.000106495
0.00010649
0.000106486
0.000106481
0.000106476
0.000106472
0.000106467
0.000106462
0.000106457
0.000106453
0.000106448
0.000106443
0.000106439
0.000106434
0.000106429
0.000106425
0.00010642
0.000106415
0.000106411
0.000106406
0.000106401
0.000106397
0.000106392
0.000106387
0.000106383
0.000106378
0.000106373
0.000106369
0.000106364
0.000106359
0.000106355
0.00010635
0.000106345
0.000106341
0.000106336
0.000106331
0.000106326
0.000106322
0.000106317
0.000106312
0.000106308
0.000106303
0.000106298
0.000106294
0.000106289
0.000106284
0.00010628
0.000106275
0.00010627
0.000106266
0.000106261
0.000106257
0.000106252
0.000106247
0.000106243
0.000106238
0.000106233
0.000106229
0.000106224
0.000106219
0.000106215
0.00010621
0.000106205
0.000106201
0.000106196
0.000106191
0.000106187
0.000106182
0.000106177
0.000106173
0.000106168
0.000106163
0.000106159
0.000106154
0.000106149
0.000106145
0.00010614
0.000106135
0.000106131
0.000106126
0.000106122
0.000106117
0.000106112
0.000106108
0.000106103
0.000106098
0.000106094
0.000106089
0.000106084
0.00010608
0.000106075
0.00010607
0.000106066
0.000106061
0.000106057
0.000106052
0.000106047
0.000106043
0.000106038
0.000106033
0.000106029
0.000106024
0.000106019
0.000106015
0.00010601
0.000106006
0.000106001
0.000105996
0.000105992
0.000105987
0.000105982
0.000105978
0.000105973
0.000105968
0.000105964
0.000105959
0.000105955
0.00010595
0.000105945
0.000105941
0.000105936
0.000105931
0.000105927
0.000105922
0.000105918
0.000105913
0.000105908
0.000105904
0.000105899
0.000105894
0.00010589
0.000105885
0.000105881
0.000105876
0.000105871
0.000105867
0.000105862
0.000105857
0.000105853
0.000105848
0.000105844
0.000105839
0.000105834
0.00010583
0.000105825
0.000105821
0.000105816
0.000105811
0.000105807
0.000105802
0.000105797
0.000105793
0.000105788
0.000105784
0.000105779
0.000105774
0.00010577
0.000105765
0.000105761
0.000105756
0.000105751
0.000105747
0.000105742
0.000105738
0.000105733
0.000105728
0.000105724
0.000105719
0.000105715
0.00010571
0.000105705
0.000105701
0.000105696
0.000105692
0.000105687
0.000105682
0.000105678
0.000105673
0.000105669
0.000105664
0.000105659
0.000105655
0.00010565
0.000105646
0.000105641
0.000105636
0.000105632
0.000105627
0.000105623
0.000105618
0.000105613
0.000105609
0.000105604
0.0001056
0.000105595
0.00010559
0.000105586
0.000105581
0.000105577
0.000105572
0.000105568
0.000105563
0.000105558
0.000105554
0.000105549
0.000105545
0.00010554
0.000105535
0.000105531
0.000105526
0.000105522
0.000105517
0.000105513
0.000105508
0.000105503
0.000105499
0.000105494
0.00010549
0.000105485
0.00010548
0.000105476
0.000105471
0.000105467
0.000105462
0.000105458
0.000105453
0.000105448
0.000105444
0.000105439
0.000105435
0.00010543
0.000105426
0.000105421
0.000105416
0.000105412
0.000105407
0.000105403
0.000105398
0.000105394
0.000105389
0.000105384
0.00010538
0.000105375
0.000105371
0.000105366
0.000105362
0.000105357
0.000105353
0.000105348
0.000105343
0.000105339
0.000105334
0.00010533
0.000105325
0.000105321
0.000105316
0.000105311
0.000105307
0.000105302
0.000105298
0.000105293
0.000105289
0.000105284
0.00010528
0.000105275
0.00010527
0.000105266
0.000105261
0.000105257
0.000105252
0.000105248
0.000105243
0.000105239
0.000105234
0.00010523
0.000105225
0.00010522
0.000105216
0.000105211
0.000105207
0.000105202
0.000105198
0.000105193
0.000105189
0.000105184
0.00010518
0.000105175
0.00010517
0.000105166
0.000105161
0.000105157
0.000105152
0.000105148
0.000105143
0.000105139
0.000105134
0.00010513
0.000105125
0.00010512
0.000105116
0.000105111
0.000105107
0.000105102
0.000105098
0.000105093
0.000105089
0.000105084
0.00010508
0.000105075
0.000105071
0.000105066
0.000105062
0.000105057
0.000105052
0.000105048
0.000105043
0.000105039
0.000105034
0.00010503
0.000105025
0.000105021
0.000105016
0.000105012
0.000105007
0.000105003
0.000104998
0.000104994
0.000104989
0.000104985
0.00010498
0.000104976
0.000104971
0.000104967
0.000104962
0.000104957
0.000104953
0.000104948
0.000104944
0.000104939
0.000104935
0.00010493
0.000104926
0.000104921
0.000104917
0.000104912
0.000104908
0.000104903
0.000104899
0.000104894
0.00010489
0.000104885
0.000104881
0.000104876
0.000104872
0.000104867
0.000104863
0.000104858
0.000104854
0.000104849
0.000104845
0.00010484
0.000104836
0.000104831
0.000104827
0.000104822
0.000104818
0.000104813
0.000104809
0.000104804
0.0001048
0.000104795
0.000104791
0.000104786
0.000104782
0.000104777
0.000104773
0.000104768
0.000104764
0.000104759
0.000104755
0.00010475
0.000104746
0.000104741
0.000104737
0.000104732
0.000104728
0.000104723
0.000104719
0.000104714
0.00010471
0.000104705
0.000104701
0.000104696
0.000104692
0.000104687
0.000104683
0.000104678
0.000104674
0.000104669
0.000104665
0.00010466
0.000104656
0.000104651
0.000104647
0.000104642
0.000104638
0.000104633
0.000104629
0.000104624
0.00010462
0.000104615
0.000104611
0.000104606
0.000104602
0.000104598
0.000104593
0.000104589
0.000104584
0.00010458
0.000104575
0.000104571
0.000104566
0.000104562
0.000104557
0.000104553
0.000104548
0.000104544
0.000104539
0.000104535
0.00010453
0.000104526
0.000104521
0.000104517
0.000104512
0.000104508
0.000104504
0.000104499
0.000104495
0.00010449
0.000104486
0.000104481
0.000104477
0.000104472
0.000104468
0.000104463
0.000104459
0.000104454
0.00010445
0.000104445
0.000104441
0.000104437
0.000104432
0.000104428
0.000104423
0.000104419
0.000104414
0.00010441
0.000104405
0.000104401
0.000104396
0.000104392
0.000104387
0.000104383
0.000104379
0.000104374
0.00010437
0.000104365
0.000104361
0.000104356
0.000104352
0.000104347
0.000104343
0.000104338
0.000104334
0.00010433
0.000104325
0.000104321
0.000104316
0.000104312
0.000104307
0.000104303
0.000104298
0.000104294
0.00010429
0.000104285
0.000104281
0.000104276
0.000104272
0.000104267
0.000104263
0.000104258
0.000104254
0.00010425
0.000104245
0.000104241
0.000104236
0.000104232
0.000104227
0.000104223
0.000104218
0.000104214
0.00010421
0.000104205
0.000104201
0.000104196
0.000104192
0.000104187
0.000104183
0.000104179
0.000104174
0.00010417
0.000104165
0.000104161
0.000104156
0.000104152
0.000104147
0.000104143
0.000104139
0.000104134
0.00010413
0.000104125
0.000104121
0.000104116
0.000104112
0.000104108
0.000104103
0.000104099
0.000104094
0.00010409
0.000104085
0.000104081
0.000104077
0.000104072
0.000104068
0.000104063
0.000104059
0.000104055
0.00010405
0.000104046
0.000104041
0.000104037
0.000104032
0.000104028
0.000104024
0.000104019
0.000104015
0.00010401
0.000104006
0.000104002
0.000103997
0.000103993
0.000103988
0.000103984
0.000103979
0.000103975
0.000103971
0.000103966
0.000103962
0.000103957
0.000103953
0.000103949
0.000103944
0.00010394
0.000103935
0.000103931
0.000103927
0.000103922
0.000103918
0.000103913
0.000103909
0.000103904
0.0001039
0.000103896
0.000103891
0.000103887
0.000103882
0.000103878
0.000103874
0.000103869
0.000103865
0.00010386
0.000103856
0.000103852
0.000103847
0.000103843
0.000103838
0.000103834
0.00010383
0.000103825
0.000103821
0.000103816
0.000103812
0.000103808
0.000103803
0.000103799
0.000103795
0.00010379
0.000103786
0.000103781
0.000103777
0.000103773
0.000103768
0.000103764
0.000103759
0.000103755
0.000103751
0.000103746
0.000103742
0.000103737
0.000103733
0.000103729
0.000103724
0.00010372
0.000103716
0.000103711
0.000103707
0.000103702
0.000103698
0.000103694
0.000103689
0.000103685
0.00010368
0.000103676
0.000103672
0.000103667
0.000103663
0.000103659
0.000103654
0.00010365
0.000103645
0.000103641
0.000103637
0.000103632
0.000103628
0.000103624
0.000103619
0.000103615
0.00010361
0.000103606
0.000103602
0.000103597
0.000103593
0.000103589
0.000103584
0.00010358
0.000103575
0.000103571
0.000103567
0.000103562
0.000103558
0.000103554
0.000103549
0.000103545
0.000103541
0.000103536
0.000103532
0.000103527
0.000103523
0.000103519
0.000103514
0.00010351
0.000103506
0.000103501
0.000103497
0.000103493
0.000103488
0.000103484
0.000103479
0.000103475
0.000103471
0.000103466
0.000103462
0.000103458
0.000103453
0.000103449
0.000103445
0.00010344
0.000103436
0.000103432
0.000103427
0.000103423
0.000103418
0.000103414
0.00010341
0.000103405
0.000103401
0.000103397
0.000103392
0.000103388
0.000103384
0.000103379
0.000103375
0.000103371
0.000103366
0.000103362
0.000103358
0.000103353
0.000103349
0.000103345
0.00010334
0.000103336
0.000103332
0.000103327
0.000103323
0.000103318
0.000103314
0.00010331
0.000103305
0.000103301
0.000103297
0.000103292
0.000103288
0.000103284
0.000103279
0.000103275
0.000103271
0.000103266
0.000103262
0.000103258
0.000103253
0.000103249
0.000103245
0.00010324
0.000103236
0.000103232
0.000103227
0.000103223
0.000103219
0.000103214
0.00010321
0.000103206
0.000103201
0.000103197
0.000103193
0.000103188
0.000103184
0.00010318
0.000103175
0.000103171
0.000103167
0.000103162
0.000103158
0.000103154
0.000103149
0.000103145
0.000103141
0.000103137
0.000103132
0.000103128
0.000103124
0.000103119
0.000103115
0.000103111
0.000103106
0.000103102
0.000103098
0.000103093
0.000103089
0.000103085
0.00010308
0.000103076
0.000103072
0.000103067
0.000103063
0.000103059
0.000103054
0.00010305
0.000103046
0.000103042
0.000103037
0.000103033
0.000103029
0.000103024
0.00010302
0.000103016
0.000103011
0.000103007
0.000103003
0.000102998
0.000102994
0.00010299
0.000102986
0.000102981
0.000102977
0.000102973
0.000102968
0.000102964
0.00010296
0.000102955
0.000102951
0.000102947
0.000102942
0.000102938
0.000102934
0.00010293
0.000102925
0.000102921
0.000102917
0.000102912
0.000102908
0.000102904
0.0001029
0.000102895
0.000102891
0.000102887
0.000102882
0.000102878
0.000102874
0.000102869
0.000102865
0.000102861
0.000102857
0.000102852
0.000102848
0.000102844
0.000102839
0.000102835
0.000102831
0.000102827
0.000102822
0.000102818
0.000102814
0.000102809
0.000102805
0.000102801
0.000102797
0.000102792
0.000102788
0.000102784
0.000102779
0.000102775
0.000102771
0.000102767
0.000102762
0.000102758
0.000102754
0.000102749
0.000102745
0.000102741
0.000102737
0.000102732
0.000102728
0.000102724
0.000102719
0.000102715
0.000102711
0.000102707
0.000102702
0.000102698
0.000102694
0.00010269
0.000102685
0.000102681
0.000102677
0.000102672
0.000102668
0.000102664
0.00010266
0.000102655
0.000102651
0.000102647
0.000102643
0.000102638
0.000102634
0.00010263
0.000102625
0.000102621
0.000102617
0.000102613
0.000102608
0.000102604
0.0001026
0.000102596
0.000102591
0.000102587
0.000102583
0.000102579
0.000102574
0.00010257
0.000102566
0.000102561
0.000102557
0.000102553
0.000102549
0.000102544
0.00010254
0.000102536
0.000102532
0.000102527
0.000102523
0.000102519
0.000102515
0.00010251
0.000102506
0.000102502
0.000102498
0.000102493
0.000102489
0.000102485
0.000102481
0.000102476
0.000102472
0.000102468
0.000102464
0.000102459
0.000102455
0.000102451
0.000102447
0.000102442
0.000102438
0.000102434
0.00010243
0.000102425
0.000102421
0.000102417
0.000102413
0.000102408
0.000102404
0.0001024
0.000102396
0.000102391
0.000102387
0.000102383
0.000102379
0.000102374
0.00010237
0.000102366
0.000102362
0.000102357
0.000102353
0.000102349
0.000102345
0.000102341
0.000102336
0.000102332
0.000102328
0.000102324
0.000102319
0.000102315
0.000102311
0.000102307
0.000102302
0.000102298
0.000102294
0.00010229
0.000102285
0.000102281
0.000102277
0.000102273
0.000102269
0.000102264
0.00010226
0.000102256
0.000102252
0.000102247
0.000102243
0.000102239
0.000102235
0.000102231
0.000102226
0.000102222
0.000102218
0.000102214
0.000102209
0.000102205
0.000102201
0.000102197
0.000102193
0.000102188
0.000102184
0.00010218
0.000102176
0.000102171
0.000102167
0.000102163
0.000102159
0.000102155
0.00010215
0.000102146
0.000102142
0.000102138
0.000102133
0.000102129
0.000102125
0.000102121
0.000102117
0.000102112
0.000102108
0.000102104
0.0001021
0.000102096
0.000102091
0.000102087
0.000102083
0.000102079
0.000102074
0.00010207
0.000102066
0.000102062
0.000102058
0.000102053
0.000102049
0.000102045
0.000102041
0.000102037
0.000102032
0.000102028
0.000102024
0.00010202
0.000102016
0.000102011
0.000102007
0.000102003
0.000101999
0.000101995
0.00010199
0.000101986
0.000101982
0.000101978
0.000101974
0.000101969
0.000101965
0.000101961
0.000101957
0.000101953
0.000101948
0.000101944
0.00010194
0.000101936
0.000101932
0.000101927
0.000101923
0.000101919
0.000101915
0.000101911
0.000101906
0.000101902
0.000101898
0.000101894
0.00010189
0.000101886
0.000101881
0.000101877
0.000101873
0.000101869
0.000101865
0.00010186
0.000101856
0.000101852
0.000101848
0.000101844
0.000101839
0.000101835
0.000101831
0.000101827
0.000101823
0.000101819
0.000101814
0.00010181
0.000101806
0.000101802
0.000101798
0.000101793
0.000101789
0.000101785
0.000101781
0.000101777
0.000101773
0.000101768
0.000101764
0.00010176
0.000101756
0.000101752
0.000101748
0.000101743
0.000101739
0.000101735
0.000101731
0.000101727
0.000101723
0.000101718
0.000101714
0.00010171
0.000101706
0.000101702
0.000101697
0.000101693
0.000101689
0.000101685
0.000101681
0.000101677
0.000101672
0.000101668
0.000101664
0.00010166
0.000101656
0.000101652
0.000101647
0.000101643
0.000101639
0.000101635
0.000101631
0.000101627
0.000101623
0.000101618
0.000101614
0.00010161
0.000101606
0.000101602
0.000101598
0.000101593
0.000101589
0.000101585
0.000101581
0.000101577
0.000101573
0.000101568
0.000101564
0.00010156
0.000101556
0.000101552
0.000101548
0.000101544
0.000101539
0.000101535
0.000101531
0.000101527
0.000101523
0.000101519
0.000101514
0.00010151
0.000101506
0.000101502
0.000101498
0.000101494
0.00010149
0.000101485
0.000101481
0.000101477
0.000101473
0.000101469
0.000101465
0.000101461
0.000101456
0.000101452
0.000101448
0.000101444
0.00010144
0.000101436
0.000101432
0.000101427
0.000101423
0.000101419
0.000101415
0.000101411
0.000101407
0.000101403
0.000101398
0.000101394
0.00010139
0.000101386
0.000101382
0.000101378
0.000101374
0.00010137
0.000101365
0.000101361
0.000101357
0.000101353
0.000101349
0.000101345
0.000101341
0.000101336
0.000101332
0.000101328
0.000101324
0.00010132
0.000101316
0.000101312
0.000101308
0.000101303
0.000101299
0.000101295
0.000101291
0.000101287
0.000101283
0.000101279
0.000101275
0.00010127
0.000101266
0.000101262
0.000101258
0.000101254
0.00010125
0.000101246
0.000101242
0.000101237
0.000101233
0.000101229
0.000101225
0.000101221
0.000101217
0.000101213
0.000101209
0.000101204
0.0001012
0.000101196
0.000101192
0.000101188
0.000101184
0.00010118
0.000101176
0.000101172
0.000101167
0.000101163
0.000101159
0.000101155
0.000101151
0.000101147
0.000101143
0.000101139
0.000101135
0.00010113
0.000101126
0.000101122
0.000101118
0.000101114
0.00010111
0.000101106
0.000101102
0.000101098
0.000101094
0.000101089
0.000101085
0.000101081
0.000101077
0.000101073
0.000101069
0.000101065
0.000101061
0.000101057
0.000101052
0.000101048
0.000101044
0.00010104
0.000101036
0.000101032
0.000101028
0.000101024
0.00010102
0.000101016
0.000101011
0.000101007
0.000101003
0.000100999
0.000100995
0.000100991
0.000100987
0.000100983
0.000100979
0.000100975
0.000100971
0.000100966
0.000100962
0.000100958
0.000100954
0.00010095
0.000100946
0.000100942
0.000100938
0.000100934
0.00010093
0.000100926
0.000100921
0.000100917
0.000100913
0.000100909
0.000100905
0.000100901
0.000100897
0.000100893
0.000100889
0.000100885
0.000100881
0.000100877
0.000100872
0.000100868
0.000100864
0.00010086
0.000100856
0.000100852
0.000100848
0.000100844
0.00010084
0.000100836
0.000100832
0.000100828
0.000100823
0.000100819
0.000100815
0.000100811
0.000100807
0.000100803
0.000100799
0.000100795
0.000100791
0.000100787
0.000100783
0.000100779
0.000100775
0.000100771
0.000100766
0.000100762
0.000100758
0.000100754
0.00010075
0.000100746
0.000100742
0.000100738
0.000100734
0.00010073
0.000100726
0.000100722
0.000100718
0.000100714
0.00010071
0.000100705
0.000100701
0.000100697
0.000100693
0.000100689
0.000100685
0.000100681
0.000100677
0.000100673
0.000100669
0.000100665
0.000100661
0.000100657
0.000100653
0.000100649
0.000100645
0.00010064
0.000100636
0.000100632
0.000100628
0.000100624
0.00010062
0.000100616
0.000100612
0.000100608
0.000100604
0.0001006
0.000100596
0.000100592
0.000100588
0.000100584
0.00010058
0.000100576
0.000100572
0.000100568
0.000100563
0.000100559
0.000100555
0.000100551
0.000100547
0.000100543
0.000100539
0.000100535
0.000100531
0.000100527
0.000100523
0.000100519
0.000100515
0.000100511
0.000100507
0.000100503
0.000100499
0.000100495
0.000100491
0.000100487
0.000100483
0.000100479
0.000100474
0.00010047
0.000100466
0.000100462
0.000100458
0.000100454
0.00010045
0.000100446
0.000100442
0.000100438
0.000100434
0.00010043
0.000100426
0.000100422
0.000100418
0.000100414
0.00010041
0.000100406
0.000100402
0.000100398
0.000100394
0.00010039
0.000100386
0.000100382
0.000100378
0.000100374
0.00010037
0.000100366
0.000100361
0.000100357
0.000100353
0.000100349
0.000100345
0.000100341
0.000100337
0.000100333
0.000100329
0.000100325
0.000100321
0.000100317
0.000100313
0.000100309
0.000100305
0.000100301
0.000100297
0.000100293
0.000100289
0.000100285
0.000100281
0.000100277
0.000100273
0.000100269
0.000100265
0.000100261
0.000100257
0.000100253
0.000100249
0.000100245
0.000100241
0.000100237
0.000100233
0.000100229
0.000100225
0.000100221
0.000100217
0.000100213
0.000100209
0.000100205
0.000100201
0.000100197
0.000100193
0.000100189
0.000100185
0.000100181
0.000100177
0.000100173
0.000100169
0.000100165
0.000100161
0.000100157
0.000100153
0.000100149
0.000100145
0.000100141
0.000100137
0.000100133
0.000100129
0.000100125
0.000100121
0.000100117
0.000100113
0.000100109
0.000100105
0.000100101
0.000100097
0.000100093
0.000100089
0.000100085
0.000100081
0.000100077
0.000100073
0.000100069
0.000100065
0.000100061
0.000100057
0.000100053
0.000100049
0.000100045
0.000100041
0.000100037
0.000100033
0.000100029
0.000100025
0.000100021
0.000100017
0.000100013
0.000100009
0.000100005
0.000100001
9.99966e-05
9.99927e-05
9.99887e-05
9.99847e-05
9.99807e-05
9.99767e-05
9.99727e-05
9.99687e-05
9.99647e-05
9.99607e-05
9.99568e-05
9.99528e-05
9.99488e-05
9.99448e-05
9.99408e-05
9.99368e-05
9.99328e-05
9.99289e-05
9.99249e-05
9.99209e-05
9.99169e-05
9.99129e-05
9.9909e-05
9.9905e-05
9.9901e-05
9.9897e-05
9.9893e-05
9.98891e-05
9.98851e-05
9.98811e-05
9.98771e-05
9.98731e-05
9.98692e-05
9.98652e-05
9.98612e-05
9.98572e-05
9.98533e-05
9.98493e-05
9.98453e-05
9.98413e-05
9.98374e-05
9.98334e-05
9.98294e-05
9.98254e-05
9.98215e-05
9.98175e-05
9.98135e-05
9.98095e-05
9.98056e-05
9.98016e-05
9.97976e-05
9.97937e-05
9.97897e-05
9.97857e-05
9.97818e-05
9.97778e-05
9.97738e-05
9.97699e-05
9.97659e-05
9.97619e-05
9.9758e-05
9.9754e-05
9.975e-05
9.97461e-05
9.97421e-05
9.97381e-05
9.97342e-05
9.97302e-05
9.97262e-05
9.97223e-05
9.97183e-05
9.97144e-05
9.97104e-05
9.97064e-05
9.97025e-05
9.96985e-05
9.96946e-05
9.96906e-05
9.96866e-05
9.96827e-05
9.96787e-05
9.96748e-05
9.96708e-05
9.96669e-05
9.96629e-05
9.96589e-05
9.9655e-05
9.9651e-05
9.96471e-05
9.96431e-05
9.96392e-05
9.96352e-05
9.96313e-05
9.96273e-05
9.96234e-05
9.96194e-05
9.96155e-05
9.96115e-05
9.96076e-05
9.96036e-05
9.95997e-05
9.95957e-05
9.95918e-05
9.95878e-05
9.95839e-05
9.95799e-05
9.9576e-05
9.9572e-05
9.95681e-05
9.95641e-05
9.95602e-05
9.95562e-05
9.95523e-05
9.95484e-05
9.95444e-05
9.95405e-05
9.95365e-05
9.95326e-05
9.95286e-05
9.95247e-05
9.95208e-05
9.95168e-05
9.95129e-05
9.95089e-05
9.9505e-05
9.95011e-05
9.94971e-05
9.94932e-05
9.94892e-05
9.94853e-05
9.94814e-05
9.94774e-05
9.94735e-05
9.94696e-05
9.94656e-05
9.94617e-05
9.94578e-05
9.94538e-05
9.94499e-05
9.9446e-05
9.9442e-05
9.94381e-05
9.94342e-05
9.94302e-05
9.94263e-05
9.94224e-05
9.94184e-05
9.94145e-05
9.94106e-05
9.94066e-05
9.94027e-05
9.93988e-05
9.93949e-05
9.93909e-05
9.9387e-05
9.93831e-05
9.93791e-05
9.93752e-05
9.93713e-05
9.93674e-05
9.93634e-05
9.93595e-05
9.93556e-05
9.93517e-05
9.93478e-05
9.93438e-05
9.93399e-05
9.9336e-05
9.93321e-05
9.93281e-05
9.93242e-05
9.93203e-05
9.93164e-05
9.93125e-05
9.93085e-05
9.93046e-05
9.93007e-05
9.92968e-05
9.92929e-05
9.9289e-05
9.9285e-05
9.92811e-05
9.92772e-05
9.92733e-05
9.92694e-05
9.92655e-05
9.92615e-05
9.92576e-05
9.92537e-05
9.92498e-05
9.92459e-05
9.9242e-05
9.92381e-05
9.92342e-05
9.92302e-05
9.92263e-05
9.92224e-05
9.92185e-05
9.92146e-05
9.92107e-05
9.92068e-05
9.92029e-05
9.9199e-05
9.91951e-05
9.91912e-05
9.91872e-05
9.91833e-05
9.91794e-05
9.91755e-05
9.91716e-05
9.91677e-05
9.91638e-05
9.91599e-05
9.9156e-05
9.91521e-05
9.91482e-05
9.91443e-05
9.91404e-05
9.91365e-05
9.91326e-05
9.91287e-05
9.91248e-05
9.91209e-05
9.9117e-05
9.91131e-05
9.91092e-05
9.91053e-05
9.91014e-05
9.90975e-05
9.90936e-05
9.90897e-05
9.90858e-05
9.90819e-05
9.9078e-05
9.90741e-05
9.90702e-05
9.90663e-05
9.90624e-05
9.90585e-05
9.90547e-05
9.90508e-05
9.90469e-05
9.9043e-05
9.90391e-05
9.90352e-05
9.90313e-05
9.90274e-05
9.90235e-05
9.90196e-05
9.90157e-05
9.90119e-05
9.9008e-05
9.90041e-05
9.90002e-05
9.89963e-05
9.89924e-05
9.89885e-05
9.89846e-05
9.89808e-05
9.89769e-05
9.8973e-05
9.89691e-05
9.89652e-05
9.89613e-05
9.89575e-05
9.89536e-05
9.89497e-05
9.89458e-05
9.89419e-05
9.8938e-05
9.89342e-05
9.89303e-05
9.89264e-05
9.89225e-05
9.89186e-05
9.89148e-05
9.89109e-05
9.8907e-05
9.89031e-05
9.88993e-05
9.88954e-05
9.88915e-05
9.88876e-05
9.88838e-05
9.88799e-05
9.8876e-05
9.88721e-05
9.88683e-05
9.88644e-05
9.88605e-05
9.88566e-05
9.88528e-05
9.88489e-05
9.8845e-05
9.88412e-05
9.88373e-05
9.88334e-05
9.88295e-05
9.88257e-05
9.88218e-05
9.88179e-05
9.88141e-05
9.88102e-05
9.88063e-05
9.88025e-05
9.87986e-05
9.87947e-05
9.87909e-05
9.8787e-05
9.87831e-05
9.87793e-05
9.87754e-05
9.87715e-05
9.87677e-05
9.87638e-05
9.876e-05
9.87561e-05
9.87522e-05
9.87484e-05
9.87445e-05
9.87406e-05
9.87368e-05
9.87329e-05
9.87291e-05
9.87252e-05
9.87213e-05
9.87175e-05
9.87136e-05
9.87098e-05
9.87059e-05
9.87021e-05
9.86982e-05
9.86943e-05
9.86905e-05
9.86866e-05
9.86828e-05
9.86789e-05
9.86751e-05
9.86712e-05
9.86674e-05
9.86635e-05
9.86597e-05
9.86558e-05
9.8652e-05
9.86481e-05
9.86443e-05
9.86404e-05
9.86366e-05
9.86327e-05
9.86289e-05
9.8625e-05
9.86212e-05
9.86173e-05
9.86135e-05
9.86096e-05
9.86058e-05
9.86019e-05
9.85981e-05
9.85942e-05
9.85904e-05
9.85865e-05
9.85827e-05
9.85789e-05
9.8575e-05
9.85712e-05
9.85673e-05
9.85635e-05
9.85596e-05
9.85558e-05
9.8552e-05
9.85481e-05
9.85443e-05
9.85404e-05
9.85366e-05
9.85328e-05
9.85289e-05
9.85251e-05
9.85212e-05
9.85174e-05
9.85136e-05
9.85097e-05
9.85059e-05
9.85021e-05
9.84982e-05
9.84944e-05
9.84905e-05
9.84867e-05
9.84829e-05
9.8479e-05
9.84752e-05
9.84714e-05
9.84675e-05
9.84637e-05
9.84599e-05
9.8456e-05
9.84522e-05
9.84484e-05
9.84446e-05
9.84407e-05
9.84369e-05
9.84331e-05
9.84292e-05
9.84254e-05
9.84216e-05
9.84178e-05
9.84139e-05
9.84101e-05
9.84063e-05
9.84024e-05
9.83986e-05
9.83948e-05
9.8391e-05
9.83871e-05
9.83833e-05
9.83795e-05
9.83757e-05
9.83719e-05
9.8368e-05
9.83642e-05
9.83604e-05
9.83566e-05
9.83527e-05
9.83489e-05
9.83451e-05
9.83413e-05
9.83375e-05
9.83336e-05
9.83298e-05
9.8326e-05
9.83222e-05
9.83184e-05
9.83146e-05
9.83107e-05
9.83069e-05
9.83031e-05
9.82993e-05
9.82955e-05
9.82917e-05
9.82878e-05
9.8284e-05
9.82802e-05
9.82764e-05
9.82726e-05
9.82688e-05
9.8265e-05
9.82612e-05
9.82573e-05
9.82535e-05
9.82497e-05
9.82459e-05
9.82421e-05
9.82383e-05
9.82345e-05
9.82307e-05
9.82269e-05
9.82231e-05
9.82193e-05
9.82154e-05
9.82116e-05
9.82078e-05
9.8204e-05
9.82002e-05
9.81964e-05
9.81926e-05
9.81888e-05
9.8185e-05
9.81812e-05
9.81774e-05
9.81736e-05
9.81698e-05
9.8166e-05
9.81622e-05
9.81584e-05
9.81546e-05
9.81508e-05
9.8147e-05
9.81432e-05
9.81394e-05
9.81356e-05
9.81318e-05
9.8128e-05
9.81242e-05
9.81204e-05

