5e-05
5e-05
5e-05
5e-05
5e-05
5e-05
5e-05
5e-05
5e-05
5e-05
5e-05
5e-05
5e-05
5e-05
5e-05
5e-05
5e-05
5e-05
5e-05
5e-05
5e-05
5e-05
5e-05
5e-05
5e-05
5e-05
5e-05
5e-05
5e-05
5e-05
5e-05
5e-05
5e-05
5e-05
5e-05
5e-05
5e-05
5e-05
5e-05
5e-05
5e-05
5e-05
5e-05
5e-05
5e-05
5e-05
5e-05
5e-05
5e-05
5e-05
5e-05
5e-05
5e-05
5e-05
5e-05
5e-05
5e-05
5e-05
5e-05
5e-05
5e-05
5e-05
5e-05
5e-05
5e-05
5e-05
5e-05
5e-05
5e-05
5e-05
5e-05
5e-05
5e-05
5e-05
5e-05
5e-05
5e-05
5e-05
5e-05
5e-05
5e-05
5e-05
5e-05
5e-05
5e-05
5e-05
5e-05
5e-05
5e-05
5e-05
5e-05
5e-05
5e-05
5e-05
5e-05
5e-05
5e-05
5e-05
5e-05
5e-05
5e-05
5e-05
5e-05
5e-05
5e-05
5e-05
5e-05
5e-05
5e-05
5e-05
5e-05
5e-05
5e-05
5e-05
5e-05
5e-05
5e-05
5e-05
5e-05
5e-05
5e-05
5e-05
5e-05
5e-05
5e-05
5e-05
5e-05
5e-05
5e-05
5e-05
5e-05
5e-05
5e-05
5e-05
5e-05
5e-05
5e-05
5e-05
5e-05
5e-05
5e-05
5e-05
5e-05
5e-05
5e-05
5e-05
5e-05
5e-05
5e-05
5e-05
5e-05
5e-05
5e-05
5e-05
5e-05
5e-05
5e-05
5e-05
5e-05
5e-05
5e-05
5e-05
5e-05
5e-05
5e-05
5e-05
5e-05
5e-05
5e-05
5e-05
5e-05
5e-05
5e-05
5e-05
5e-05
5e-05
5e-05
5e-05
5e-05
5e-05
5e-05
5e-05
5e-05
5e-05
5e-05
5e-05
5e-05
5e-05
5e-05
5e-05
5e-05
5e-05
5e-05
5e-05
5e-05
5e-05
5e-05
5e-05
5e-05
5e-05
5e-05
5e-05
5e-05
5e-05
5e-05
5e-05
5e-05
5e-05
5e-05
5e-05
5e-05
5e-05
5e-05
5e-05
5e-05
5e-05
5e-05
5e-05
5e-05
5e-05
5e-05
5e-05
5e-05
5e-05
5e-05
5e-05
5e-05
5e-05
5e-05
5e-05
5e-05
5e-05
5e-05
5e-05
5e-05
5e-05
5e-05
5e-05
5e-05
5e-05
5e-05
5e-05
5e-05
5e-05
5e-05
5e-05
5e-05
5e-05
5e-05
5e-05
5e-05
5e-05
5e-05
5e-05
5e-05
5e-05
5e-05
5e-05
5e-05
5e-05
5e-05
5e-05
5e-05
5e-05
5e-05
5e-05
5e-05
5e-05
5e-05
5e-05
5e-05
5e-05
5e-05
5e-05
5e-05
5e-05
5e-05
5e-05
5e-05
5e-05
5e-05
5e-05
5e-05
5e-05
5e-05
5e-05
5e-05
5e-05
5e-05
5e-05
5e-05
5e-05
5e-05
5e-05
5e-05
5e-05
5e-05
5e-05
5e-05
5e-05
5e-05
5e-05
5e-05
5e-05
5e-05
5e-05
5e-05
5e-05
5e-05
5e-05
5e-05
5e-05
5e-05
5e-05
5e-05
5e-05
5e-05
5e-05
5e-05
5e-05
5e-05
5e-05
5e-05
5e-05
5e-05
5e-05
5e-05
5e-05
5e-05
5e-05
5e-05
5e-05
5e-05
5e-05
5e-05
5e-05
5e-05
5e-05
5e-05
5e-05
5e-05
5e-05
5e-05
5e-05
5e-05
5e-05
5e-05
5e-05
5e-05
5e-05
5e-05
5e-05
5e-05
5e-05
5e-05
5e-05
5e-05
5e-05
5e-05
5e-05
5e-05
5e-05
5e-05
5e-05
5e-05
5e-05
5e-05
5e-05
5e-05
5e-05
5e-05
5e-05
5e-05
5e-05
5e-05
5e-05
5e-05
5e-05
5e-05
5e-05
5e-05
5e-05
5e-05
5e-05
5e-05
5e-05
5e-05
5e-05
5e-05
5e-05
5e-05
5e-05
5e-05
5e-05
5e-05
5e-05
5e-05
5e-05
5e-05
5e-05
5e-05
5e-05
5e-05
5e-05
5e-05
5e-05
5e-05
5e-05
5e-05
5e-05
5e-05
5e-05
5e-05
5e-05
5e-05
5e-05
5e-05
5e-05
5e-05
5e-05
5e-05
5e-05
5e-05
5e-05
5e-05
5e-05
5e-05
5e-05
5e-05
5e-05
5e-05
5e-05
5e-05
5e-05
5e-05
5e-05
5e-05
5e-05
5e-05
5e-05
5e-05
5e-05
5e-05
5e-05
5e-05
5e-05
5e-05
5e-05
5e-05
5e-05
5e-05
5e-05
5e-05
5e-05
5e-05
5e-05
5e-05
5e-05
5e-05
5e-05
5e-05
5e-05
5e-05
5e-05
5e-05
5e-05
5e-05
5e-05
5e-05
5e-05
5e-05
5e-05
5e-05
5e-05
5e-05
5e-05
5e-05
5e-05
5e-05
5e-05
5e-05
5e-05
5e-05
5e-05
5e-05
5e-05
5e-05
5e-05
5e-05
5e-05
5e-05
5e-05
5e-05
5e-05
5e-05
5e-05
5e-05
5e-05
5e-05
5e-05
5e-05
5e-05
5e-05
5e-05
5e-05
5e-05
5e-05
5e-05
5e-05
5e-05
5e-05
5e-05
5e-05
5e-05
5e-05
5e-05
5e-05
5e-05
5e-05
5e-05
5e-05
5e-05
5e-05
5e-05
5e-05
5e-05
5e-05
5e-05
5e-05
5e-05
5e-05
5e-05
5e-05
5e-05
5e-05
5e-05
5e-05
5e-05
5e-05
5e-05
5e-05
5e-05
5e-05
5e-05
5e-05
5e-05
5e-05
5e-05
5e-05
5e-05
5e-05
5e-05
5e-05
5e-05
5e-05
5e-05
5e-05
5e-05
5e-05
5e-05
5e-05
5e-05
5e-05
5e-05
5e-05
5e-05
5e-05
5e-05
5e-05
5e-05
5e-05
5e-05
5e-05
5e-05
5e-05
5e-05
5e-05
5e-05
5e-05
5e-05
5e-05
5e-05
5e-05
5e-05
5e-05
5e-05
5e-05
5e-05
5e-05
5e-05
5e-05
5e-05
5e-05
5e-05
5e-05
5e-05
5e-05
5e-05
5e-05
5e-05
5e-05
5e-05
5e-05
5e-05
5e-05
5e-05
5e-05
5e-05
5e-05
5e-05
5e-05
5e-05
5e-05
5e-05
5e-05
5e-05
5e-05
5e-05
5e-05
5e-05
5e-05
5e-05
5e-05
5e-05
5e-05
5e-05
5e-05
5e-05
5e-05
5e-05
5e-05
5e-05
5e-05
5e-05
5e-05
5e-05
5e-05
5e-05
5e-05
5e-05
5e-05
5e-05
5e-05
5e-05
5e-05
5e-05
5e-05
5e-05
5e-05
5e-05
5e-05
5e-05
5e-05
5e-05
5e-05
5e-05
5e-05
5e-05
5e-05
5e-05
5e-05
5e-05
5e-05
5e-05
5e-05
5e-05
5e-05
5e-05
5e-05
5e-05
5e-05
5e-05
5e-05
5e-05
5e-05
5e-05
5e-05
5e-05
5e-05
5e-05
5e-05
5e-05
5e-05
5e-05
5e-05
5e-05
5e-05
5e-05
5e-05
5e-05
5e-05
5e-05
5e-05
5e-05
5e-05
5e-05
5e-05
5e-05
5e-05
5e-05
5e-05
5e-05
5e-05
5e-05
5e-05
5e-05
5e-05
5e-05
5e-05
5e-05
5e-05
5e-05
5e-05
5e-05
5e-05
5e-05
5e-05
5e-05
5e-05
5e-05
5e-05
5e-05
5e-05
5e-05
5e-05
5e-05
5e-05
5e-05
5e-05
5e-05
5e-05
5e-05
5e-05
5e-05
5e-05
5e-05
5e-05
5e-05
5e-05
5e-05
5e-05
5e-05
5e-05
5e-05
5e-05
5e-05
5e-05
5e-05
5e-05
5e-05
5e-05
5e-05
5e-05
5e-05
5e-05
5e-05
5e-05
5e-05
5e-05
5e-05
5e-05
5e-05
5e-05
5e-05
5e-05
5e-05
5e-05
5e-05
5e-05
5e-05
5e-05
5e-05
5e-05
5e-05
5e-05
5e-05
5e-05
5e-05
5e-05
5e-05
5e-05
5e-05
5e-05
5e-05
5e-05
5e-05
5e-05
5e-05
5e-05
5e-05
5e-05
5e-05
5e-05
5e-05
5e-05
5e-05
5e-05
5e-05
5e-05
5e-05
5e-05
7.59677e-05
9.7911e-05
0.000116782
0.000133482
0.000148649
0.00016273
0.000176044
0.000188814
0.000201198
0.000213306
0.000225216
0.000236986
0.000248652
0.000260243
0.000271778
0.000283271
0.000294731
0.000306165
0.000317579
0.000328975
0.000340356
0.000351723
0.000363078
0.000374422
0.000385755
0.000397078
0.00040839
0.000419693
0.000430987
0.000442271
0.000453545
0.000464811
0.000476067
0.000487314
0.000498552
0.00050978
0.000521
0.000532211
0.000543413
0.000554605
0.000565789
0.000576964
0.00058813
0.000599288
0.000610436
0.000621576
0.000632707
0.000643829
0.000654943
0.000666048
0.000677144
0.000688231
0.00069931
0.000710381
0.000721442
0.000732496
0.00074354
0.000754577
0.000765604
0.000776624
0.000787635
0.000798637
0.000809631
0.000820617
0.000831595
0.000842564
0.000853525
0.000864477
0.000875422
0.000886358
0.000897286
0.000908206
0.000919117
0.000930021
0.000940916
0.000951804
0.000962683
0.000973554
0.000984417
0.000995273
0.000980144
0.000969026
0.000960968
0.000955071
0.000950699
0.000947401
0.000944861
0.000942857
0.00094123
0.000939869
0.000938696
0.000937656
0.00093671
0.00093583
0.000934997
0.000934197
0.000933421
0.000932661
0.000931914
0.000931175
0.000930442
0.000929714
0.00092899
0.000928268
0.000927547
0.000926829
0.000926111
0.000925395
0.00092468
0.000923965
0.000923251
0.000922538
0.000921825
0.000921113
0.000920401
0.00091969
0.00091898
0.00091827
0.000917561
0.000916852
0.000916144
0.000915436
0.000914729
0.000914023
0.000913316
0.000912611
0.000911906
0.000911201
0.000910498
0.000909794
0.000909091
0.000908389
0.000907687
0.000906986
0.000906285
0.000905585
0.000904885
0.000904186
0.000903487
0.000902789
0.000902091
0.000901394
0.000900698
0.000900002
0.000899306
0.000898611
0.000897917
0.000897223
0.00089653
0.000895837
0.000895144
0.000894453
0.000893761
0.00089307
0.00089238
0.00089169
0.000891001
0.000890313
0.000889624
0.000888937
0.00088825
0.000887563
0.000886877
0.000886191
0.000885506
0.000884822
0.000884138
0.000883454
0.000882771
0.000882089
0.000881407
0.000880725
0.000880044
0.000879364
0.000878684
0.000878005
0.000877326
0.000876648
0.00087597
0.000875292
0.000874616
0.000873939
0.000873264
0.000872588
0.000871914
0.000871239
0.000870566
0.000869892
0.00086922
0.000868547
0.000867876
0.000867205
0.000866534
0.000865864
0.000865194
0.000864525
0.000863856
0.000863188
0.000862521
0.000861854
0.000861187
0.000860521
0.000859855
0.00085919
0.000858526
0.000857862
0.000857198
0.000856535
0.000855872
0.00085521
0.000854549
0.000853888
0.000853227
0.000852567
0.000851908
0.000851249
0.00085059
0.000849932
0.000849275
0.000848618
0.000847961
0.000847305
0.000846649
0.000845994
0.00084534
0.000844686
0.000844032
0.000843379
0.000842727
0.000842075
0.000841423
0.000840772
0.000840122
0.000839472
0.000838822
0.000838173
0.000837524
0.000836876
0.000836229
0.000835582
0.000834935
0.000834289
0.000833644
0.000832998
0.000832354
0.00083171
0.000831066
0.000830423
0.00082978
0.000829138
0.000828497
0.000827855
0.000827215
0.000826575
0.000825935
0.000825296
0.000824657
0.000824019
0.000823381
0.000822744
0.000822107
0.000821471
0.000820835
0.0008202
0.000819565
0.00081893
0.000818297
0.000817663
0.00081703
0.000816398
0.000815766
0.000815135
0.000814504
0.000813873
0.000813243
0.000812614
0.000811985
0.000811356
0.000810728
0.000810101
0.000809474
0.000808847
0.000808221
0.000807595
0.00080697
0.000806346
0.000805721
0.000805098
0.000804475
0.000803852
0.00080323
0.000802608
0.000801986
0.000801366
0.000800745
0.000800125
0.000799506
0.000798887
0.000798269
0.000797651
0.000797033
0.000796416
0.000795799
0.000795183
0.000794568
0.000793953
0.000793338
0.000792724
0.00079211
0.000791497
0.000790884
0.000790272
0.00078966
0.000789049
0.000788438
0.000787827
0.000787217
0.000786608
0.000785999
0.00078539
0.000784782
0.000784175
0.000783568
0.000782961
0.000782355
0.000781749
0.000781144
0.000780539
0.000779935
0.000779331
0.000778728
0.000778125
0.000777522
0.00077692
0.000776319
0.000775718
0.000775117
0.000774517
0.000773917
0.000773318
0.000772719
0.000772121
0.000771523
0.000770926
0.000770329
0.000769732
0.000769136
0.000768541
0.000767946
0.000767351
0.000766757
0.000766164
0.00076557
0.000764978
0.000764385
0.000763793
0.000763202
0.000762611
0.000762021
0.000761431
0.000760841
0.000760252
0.000759663
0.000759075
0.000758487
0.0007579
0.000757313
0.000756727
0.000756141
0.000755556
0.000754971
0.000754386
0.000753802
0.000753218
0.000752635
0.000752052
0.00075147
0.000750888
0.000750307
0.000749726
0.000749146
0.000748566
0.000747986
0.000747407
0.000746828
0.00074625
0.000745672
0.000745095
0.000744518
0.000743942
0.000743366
0.00074279
0.000742215
0.00074164
0.000741066
0.000740492
0.000739919
0.000739346
0.000738774
0.000738202
0.00073763
0.000737059
0.000736489
0.000735918
0.000735349
0.000734779
0.000734211
0.000733642
0.000733074
0.000732507
0.000731939
0.000731373
0.000730807
0.000730241
0.000729676
0.000729111
0.000728546
0.000727982
0.000727419
0.000726855
0.000726293
0.000725731
0.000725169
0.000724607
0.000724046
0.000723486
0.000722926
0.000722366
0.000721807
0.000721248
0.00072069
0.000720132
0.000719575
0.000719018
0.000718461
0.000717905
0.000717349
0.000716794
0.000716239
0.000715685
0.000715131
0.000714577
0.000714024
0.000713471
0.000712919
0.000712367
0.000711816
0.000711265
0.000710714
0.000710164
0.000709615
0.000709065
0.000708517
0.000707968
0.00070742
0.000706873
0.000706326
0.000705779
0.000705233
0.000704687
0.000704142
0.000703597
0.000703052
0.000702508
0.000701964
0.000701421
0.000700878
0.000700336
0.000699794
0.000699252
0.000698711
0.000698171
0.00069763
0.00069709
0.000696551
0.000696012
0.000695473
0.000694935
0.000694398
0.00069386
0.000693323
0.000692787
0.000692251
0.000691715
0.00069118
0.000690645
0.000690111
0.000689577
0.000689043
0.00068851
0.000687977
0.000687445
0.000686913
0.000686382
0.000685851
0.00068532
0.00068479
0.00068426
0.000683731
0.000683202
0.000682673
0.000682145
0.000681618
0.00068109
0.000680563
0.000680037
0.000679511
0.000678985
0.00067846
0.000677935
0.000677411
0.000676887
0.000676363
0.00067584
0.000675317
0.000674795
0.000674273
0.000673752
0.000673231
0.00067271
0.00067219
0.00067167
0.00067115
0.000670631
0.000670113
0.000669594
0.000669077
0.000668559
0.000668042
0.000667525
0.000667009
0.000666493
0.000665978
0.000665463
0.000664949
0.000664434
0.000663921
0.000663407
0.000662894
0.000662382
0.00066187
0.000661358
0.000660847
0.000660336
0.000659825
0.000659315
0.000658805
0.000658296
0.000657787
0.000657278
0.00065677
0.000656263
0.000655755
0.000655248
0.000654742
0.000654236
0.00065373
0.000653225
0.00065272
0.000652215
0.000651711
0.000651207
0.000650704
0.000650201
0.000649699
0.000649197
0.000648695
0.000648194
0.000647693
0.000647192
0.000646692
0.000646192
0.000645693
0.000645194
0.000644695
0.000644197
0.000643699
0.000643202
0.000642705
0.000642208
0.000641712
0.000641216
0.000640721
0.000640226
0.000639731
0.000639237
0.000638743
0.00063825
0.000637757
0.000637264
0.000636772
0.00063628
0.000635788
0.000635297
0.000634806
0.000634316
0.000633826
0.000633337
0.000632847
0.000632359
0.00063187
0.000631382
0.000630895
0.000630407
0.00062992
0.000629434
0.000628948
0.000628462
0.000627977
0.000627492
0.000627007
0.000626523
0.00062604
0.000625556
0.000625073
0.000624591
0.000624108
0.000623626
0.000623145
0.000622664
0.000622183
0.000621703
0.000621223
0.000620743
0.000620264
0.000619785
0.000619307
0.000618829
0.000618351
0.000617874
0.000617397
0.000616921
0.000616445
0.000615969
0.000615493
0.000615018
0.000614544
0.00061407
0.000613596
0.000613122
0.000612649
0.000612176
0.000611704
0.000611232
0.00061076
0.000610289
0.000609818
0.000609348
0.000608878
0.000608408
0.000607939
0.00060747
0.000607001
0.000606533
0.000606065
0.000605597
0.00060513
0.000604663
0.000604197
0.000603731
0.000603265
0.0006028
0.000602335
0.000601871
0.000601407
0.000600943
0.000600479
0.000600016
0.000599554
0.000599091
0.00059863
0.000598168
0.000597707
0.000597246
0.000596785
0.000596325
0.000595866
0.000595406
0.000594947
0.000594489
0.00059403
0.000593573
0.000593115
0.000592658
0.000592201
0.000591745
0.000591289
0.000590833
0.000590378
0.000589923
0.000589468
0.000589014
0.00058856
0.000588106
0.000587653
0.0005872
0.000586748
0.000586296
0.000585844
0.000585393
0.000584942
0.000584491
0.000584041
0.000583591
0.000583141
0.000582692
0.000582243
0.000581795
0.000581347
0.000580899
0.000580452
0.000580005
0.000579558
0.000579112
0.000578666
0.00057822
0.000577775
0.00057733
0.000576886
0.000576441
0.000575998
0.000575554
0.000575111
0.000574668
0.000574226
0.000573784
0.000573342
0.000572901
0.00057246
0.000572019
0.000571579
0.000571139
0.000570699
0.00057026
0.000569821
0.000569383
0.000568945
0.000568507
0.000568069
0.000567632
0.000567196
0.000566759
0.000566323
0.000565887
0.000565452
0.000565017
0.000564582
0.000564148
0.000563714
0.000563281
0.000562847
0.000562414
0.000561982
0.00056155
0.000561118
0.000560686
0.000560255
0.000559824
0.000559394
0.000558964
0.000558534
0.000558104
0.000557675
0.000557247
0.000556818
0.00055639
0.000555962
0.000555535
0.000555108
0.000554681
0.000554255
0.000553829
0.000553403
0.000552978
0.000552553
0.000552128
0.000551704
0.00055128
0.000550857
0.000550433
0.00055001
0.000549588
0.000549165
0.000548744
0.000548322
0.000547901
0.00054748
0.000547059
0.000546639
0.000546219
0.0005458
0.000545381
0.000544962
0.000544543
0.000544125
0.000543707
0.00054329
0.000542873
0.000542456
0.000542039
0.000541623
0.000541207
0.000540792
0.000540377
0.000539962
0.000539547
0.000539133
0.000538719
0.000538306
0.000537893
0.00053748
0.000537067
0.000536655
0.000536243
0.000535832
0.000535421
0.00053501
0.0005346
0.000534189
0.00053378
0.00053337
0.000532961
0.000532552
0.000532144
0.000531735
0.000531328
0.00053092
0.000530513
0.000530106
0.0005297
0.000529293
0.000528888
0.000528482
0.000528077
0.000527672
0.000527267
0.000526863
0.000526459
0.000526056
0.000525652
0.000525249
0.000524847
0.000524445
0.000524043
0.000523641
0.00052324
0.000522839
0.000522438
0.000522038
0.000521638
0.000521238
0.000520839
0.00052044
0.000520041
0.000519643
0.000519245
0.000518847
0.00051845
0.000518052
0.000517656
0.000517259
0.000516863
0.000516467
0.000516072
0.000515677
0.000515282
0.000514887
0.000514493
0.000514099
0.000513706
0.000513312
0.00051292
0.000512527
0.000512135
0.000511743
0.000511351
0.00051096
0.000510569
0.000510178
0.000509788
0.000509398
0.000509008
0.000508618
0.000508229
0.00050784
0.000507452
0.000507064
0.000506676
0.000506288
0.000505901
0.000505514
0.000505128
0.000504741
0.000504355
0.00050397
0.000503584
0.000503199
0.000502815
0.00050243
0.000502046
0.000501662
0.000501279
0.000500896
0.000500513
0.000500131
0.000499748
0.000499366
0.000498985
0.000498603
0.000498223
0.000497842
0.000497461
0.000497081
0.000496702
0.000496322
0.000495943
0.000495564
0.000495186
0.000494808
0.00049443
0.000494052
0.000493675
0.000493298
0.000492921
0.000492545
0.000492169
0.000491793
0.000491418
0.000491043
0.000490668
0.000490293
0.000489919
0.000489545
0.000489172
0.000488798
0.000488425
0.000488053
0.00048768
0.000487308
0.000486936
0.000486565
0.000486194
0.000485823
0.000485452
0.000485082
0.000484712
0.000484342
0.000483973
0.000483604
0.000483235
0.000482867
0.000482498
0.000482131
0.000481763
0.000481396
0.000481029
0.000480662
0.000480296
0.00047993
0.000479564
0.000479199
0.000478833
0.000478469
0.000478104
0.00047774
0.000477376
0.000477012
0.000476649
0.000476286
0.000475923
0.00047556
0.000475198
0.000474836
0.000474475
0.000474113
0.000473752
0.000473392
0.000473031
0.000472671
0.000472311
0.000471952
0.000471592
0.000471233
0.000470875
0.000470516
0.000470158
0.000469801
0.000469443
0.000469086
0.000468729
0.000468372
0.000468016
0.00046766
0.000467304
0.000466949
0.000466594
0.000466239
0.000465884
0.00046553
0.000465176
0.000464822
0.000464469
0.000464116
0.000463763
0.00046341
0.000463058
0.000462706
0.000462354
0.000462003
0.000461652
0.000461301
0.000460951
0.0004606
0.00046025
0.000459901
0.000459551
0.000459202
0.000458853
0.000458505
0.000458157
0.000457809
0.000457461
0.000457114
0.000456767
0.00045642
0.000456073
0.000455727
0.000455381
0.000455035
0.00045469
0.000454345
0.000454
0.000453655
0.000453311
0.000452967
0.000452623
0.00045228
0.000451937
0.000451594
0.000451251
0.000450909
0.000450567
0.000450225
0.000449884
0.000449543
0.000449202
0.000448861
0.000448521
0.000448181
0.000447841
0.000447502
0.000447162
0.000446823
0.000446485
0.000446146
0.000445808
0.000445471
0.000445133
0.000444796
0.000444459
0.000444122
0.000443786
0.000443449
0.000443114
0.000442778
0.000442443
0.000442108
0.000441773
0.000441438
0.000441104
0.00044077
0.000440436
0.000440103
0.00043977
0.000439437
0.000439104
0.000438772
0.00043844
0.000438108
0.000437777
0.000437446
0.000437115
0.000436784
0.000436453
0.000436123
0.000435793
0.000435464
0.000435135
0.000434806
0.000434477
0.000434148
0.00043382
0.000433492
0.000433164
0.000432837
0.00043251
0.000432183
0.000431856
0.00043153
0.000431204
0.000430878
0.000430552
0.000430227
0.000429902
0.000429577
0.000429253
0.000428929
0.000428605
0.000428281
0.000427958
0.000427635
0.000427312
0.000426989
0.000426667
0.000426345
0.000426023
0.000425701
0.00042538
0.000425059
0.000424738
0.000424418
0.000424098
0.000423778
0.000423458
0.000423139
0.000422819
0.000422501
0.000422182
0.000421864
0.000421545
0.000421228
0.00042091
0.000420593
0.000420276
0.000419959
0.000419642
0.000419326
0.00041901
0.000418694
0.000418379
0.000418064
0.000417749
0.000417434
0.000417119
0.000416805
0.000416491
0.000416178
0.000415864
0.000415551
0.000415238
0.000414925
0.000414613
0.000414301
0.000413989
0.000413677
0.000413366
0.000413055
0.000412744
0.000412434
0.000412123
0.000411813
0.000411503
0.000411194
0.000410885
0.000410576
0.000410267
0.000409958
0.00040965
0.000409342
0.000409034
0.000408727
0.000408419
0.000408112
0.000407806
0.000407499
0.000407193
0.000406887
0.000406581
0.000406276
0.00040597
0.000405666
0.000405361
0.000405056
0.000404752
0.000404448
0.000404144
0.000403841
0.000403538
0.000403235
0.000402932
0.00040263
0.000402327
0.000402025
0.000401724
0.000401422
0.000401121
0.00040082
0.000400519
0.000400219
0.000399919
0.000399619
0.000399319
0.00039902
0.00039872
0.000398421
0.000398123
0.000397824
0.000397526
0.000397228
0.00039693
0.000396633
0.000396336
0.000396039
0.000395742
0.000395445
0.000395149
0.000394853
0.000394557
0.000394262
0.000393966
0.000393671
0.000393377
0.000393082
0.000392788
0.000392494
0.0003922
0.000391906
0.000391613
0.00039132
0.000391027
0.000390735
0.000390442
0.00039015
0.000389858
0.000389567
0.000389275
0.000388984
0.000388693
0.000388403
0.000388112
0.000387822
0.000387532
0.000387242
0.000386953
0.000386664
0.000386375
0.000386086
0.000385798
0.000385509
0.000385221
0.000384934
0.000384646
0.000384359
0.000384072
0.000383785
0.000383498
0.000383212
0.000382926
0.00038264
0.000382354
0.000382069
0.000381784
0.000381499
0.000381214
0.00038093
0.000380646
0.000380362
0.000380078
0.000379794
0.000379511
0.000379228
0.000378945
0.000378663
0.000378381
0.000378098
0.000377817
0.000377535
0.000377254
0.000376972
0.000376692
0.000376411
0.00037613
0.00037585
0.00037557
0.000375291
0.000375011
0.000374732
0.000374453
0.000374174
0.000373895
0.000373617
0.000373339
0.000373061
0.000372783
0.000372506
0.000372229
0.000371952
0.000371675
0.000371399
0.000371122
0.000370846
0.00037057
0.000370295
0.00037002
0.000369744
0.00036947
0.000369195
0.00036892
0.000368646
0.000368372
0.000368099
0.000367825
0.000367552
0.000367279
0.000367006
0.000366733
0.000366461
0.000366189
0.000365917
0.000365645
0.000365374
0.000365102
0.000364831
0.000364561
0.00036429
0.00036402
0.00036375
0.00036348
0.00036321
0.000362941
0.000362671
0.000362402
0.000362134
0.000361865
0.000361597
0.000361329
0.000361061
0.000360793
0.000360526
0.000360259
0.000359992
0.000359725
0.000359458
0.000359192
0.000358926
0.00035866
0.000358394
0.000358129
0.000357864
0.000357599
0.000357334
0.000357069
0.000356805
0.000356541
0.000356277
0.000356014
0.00035575
0.000355487
0.000355224
0.000354961
0.000354699
0.000354436
0.000354174
0.000353912
0.000353651
0.000353389
0.000353128
0.000352867
0.000352606
0.000352346
0.000352085
0.000351825
0.000351565
0.000351305
0.000351046
0.000350787
0.000350528
0.000350269
0.00035001
0.000349752
0.000349494
0.000349236
0.000348978
0.00034872
0.000348463
0.000348206
0.000347949
0.000347692
0.000347436
0.000347179
0.000346923
0.000346668
0.000346412
0.000346157
0.000345901
0.000345646
0.000345392
0.000345137
0.000344883
0.000344629
0.000344375
0.000344121
0.000343868
0.000343614
0.000343361
0.000343108
0.000342856
0.000342603
0.000342351
0.000342099
0.000341847
0.000341596
0.000341344
0.000341093
0.000340842
0.000340592
0.000340341
0.000340091
0.000339841
0.000339591
0.000339341
0.000339092
0.000338842
0.000338593
0.000338344
0.000338096
0.000337847
0.000337599
0.000337351
0.000337103
0.000336856
0.000336608
0.000336361
0.000336114
0.000335867
0.000335621
0.000335375
0.000335128
0.000334882
0.000334637
0.000334391
0.000334146
0.000333901
0.000333656
0.000333411
0.000333167
0.000332922
0.000332678
0.000332434
0.000332191
0.000331947
0.000331704
0.000331461
0.000331218
0.000330975
0.000330733
0.000330491
0.000330249
0.000330007
0.000329765
0.000329524
0.000329282
0.000329041
0.000328801
0.00032856
0.000328319
0.000328079
0.000327839
0.000327599
0.00032736
0.00032712
0.000326881
0.000326642
0.000326403
0.000326165
0.000325926
0.000325688
0.00032545
0.000325212
0.000324975
0.000324737
0.0003245
0.000324263
0.000324026
0.00032379
0.000323553
0.000323317
0.000323081
0.000322845
0.000322609
0.000322374
0.000322139
0.000321904
0.000321669
0.000321434
0.0003212
0.000320966
0.000320732
0.000320498
0.000320264
0.000320031
0.000319797
0.000319564
0.000319331
0.000319099
0.000318866
0.000318634
0.000318402
0.00031817
0.000317938
0.000317707
0.000317476
0.000317244
0.000317014
0.000316783
0.000316552
0.000316322
0.000316092
0.000315862
0.000315632
0.000315403
0.000315173
0.000314944
0.000314715
0.000314486
0.000314258
0.000314029
0.000313801
0.000313573
0.000313345
0.000313118
0.00031289
0.000312663
0.000312436
0.000312209
0.000311982
0.000311756
0.00031153
0.000311304
0.000311078
0.000310852
0.000310626
0.000310401
0.000310176
0.000309951
0.000309726
0.000309502
0.000309277
0.000309053
0.000308829
0.000308605
0.000308382
0.000308158
0.000307935
0.000307712
0.000307489
0.000307266
0.000307044
0.000306821
0.000306599
0.000306377
0.000306156
0.000305934
0.000305713
0.000305491
0.00030527
0.00030505
0.000304829
0.000304609
0.000304388
0.000304168
0.000303948
0.000303729
0.000303509
0.00030329
0.000303071
0.000302852
0.000302633
0.000302414
0.000302196
0.000301978
0.00030176
0.000301542
0.000301324
0.000301107
0.000300889
0.000300672
0.000300455
0.000300238
0.000300022
0.000299806
0.000299589
0.000299373
0.000299157
0.000298942
0.000298726
0.000298511
0.000298296
0.000298081
0.000297866
0.000297652
0.000297437
0.000297223
0.000297009
0.000296795
0.000296582
0.000296368
0.000296155
0.000295942
0.000295729
0.000295516
0.000295303
0.000295091
0.000294879
0.000294667
0.000294455
0.000294243
0.000294032
0.00029382
0.000293609
0.000293398
0.000293187
0.000292977
0.000292766
0.000292556
0.000292346
0.000292136
0.000291926
0.000291717
0.000291508
0.000291298
0.000291089
0.00029088
0.000290672
0.000290463
0.000290255
0.000290047
0.000289839
0.000289631
0.000289424
0.000289216
0.000289009
0.000288802
0.000288595
0.000288388
0.000288182
0.000287975
0.000287769
0.000287563
0.000287357
0.000287151
0.000286946
0.000286741
0.000286536
0.000286331
0.000286126
0.000285921
0.000285717
0.000285512
0.000285308
0.000285104
0.0002849
0.000284697
0.000284493
0.00028429
0.000284087
0.000283884
0.000283681
0.000283479
0.000283277
0.000283074
0.000282872
0.00028267
0.000282469
0.000282267
0.000282066
0.000281865
0.000281664
0.000281463
0.000281262
0.000281062
0.000280861
0.000280661
0.000280461
0.000280261
0.000280061
0.000279862
0.000279663
0.000279464
0.000279265
0.000279066
0.000278867
0.000278669
0.00027847
0.000278272
0.000278074
0.000277876
0.000277679
0.000277481
0.000277284
0.000277087
0.00027689
0.000276693
0.000276496
0.0002763
0.000276104
0.000275907
0.000275711
0.000275516
0.00027532
0.000275125
0.000274929
0.000274734
0.000274539
0.000274344
0.00027415
0.000273955
0.000273761
0.000273567
0.000273373
0.000273179
0.000272985
0.000272792
0.000272598
0.000272405
0.000272212
0.000272019
0.000271827
0.000271634
0.000271442
0.00027125
0.000271058
0.000270866
0.000270674
0.000270483
0.000270291
0.0002701
0.000269909
0.000269718
0.000269527
0.000269337
0.000269146
0.000268956
0.000268766
0.000268576
0.000268386
0.000268197
0.000268007
0.000267818
0.000267629
0.00026744
0.000267251
0.000267063
0.000266874
0.000266686
0.000266498
0.00026631
0.000266122
0.000265934
0.000265747
0.00026556
0.000265372
0.000265185
0.000264998
0.000264812
0.000264625
0.000264439
0.000264253
0.000264067
0.000263881
0.000263695
0.000263509
0.000263324
0.000263139
0.000262953
0.000262768
0.000262584
0.000262399
0.000262215
0.00026203
0.000261846
0.000261662
0.000261478
0.000261294
0.000261111
0.000260927
0.000260744
0.000260561
0.000260378
0.000260195
0.000260013
0.00025983
0.000259648
0.000259466
0.000259284
0.000259102
0.00025892
0.000258739
0.000258557
0.000258376
0.000258195
0.000258014
0.000257833
0.000257653
0.000257472
0.000257292
0.000257112
0.000256932
0.000256752
0.000256572
0.000256393
0.000256214
0.000256034
0.000255855
0.000255676
0.000255498
0.000255319
0.00025514
0.000254962
0.000254784
0.000254606
0.000254428
0.00025425
0.000254073
0.000253895
0.000253718
0.000253541
0.000253364
0.000253187
0.000253011
0.000252834
0.000252658
0.000252482
0.000252306
0.00025213
0.000251954
0.000251778
0.000251603
0.000251428
0.000251252
0.000251077
0.000250903
0.000250728
0.000250553
0.000250379
0.000250205
0.000250031
0.000249857
0.000249683
0.000249509
0.000249336
0.000249162
0.000248989
0.000248816
0.000248643
0.00024847
0.000248298
0.000248125
0.000247953
0.000247781
0.000247609
0.000247437
0.000247265
0.000247093
0.000246922
0.000246751
0.000246579
0.000246408
0.000246238
0.000246067
0.000245896
0.000245726
0.000245556
0.000245385
0.000245215
0.000245046
0.000244876
0.000244706
0.000244537
0.000244368
0.000244198
0.000244029
0.000243861
0.000243692
0.000243523
0.000243355
0.000243187
0.000243019
0.000242851
0.000242683
0.000242515
0.000242348
0.00024218
0.000242013
0.000241846
0.000241679
0.000241512
0.000241345
0.000241179
0.000241012
0.000240846
0.00024068
0.000240514
0.000240348
0.000240182
0.000240017
0.000239851
0.000239686
0.000239521
0.000239356
0.000239191
0.000239027
0.000238862
0.000238698
0.000238533
0.000238369
0.000238205
0.000238041
0.000237878
0.000237714
0.000237551
0.000237387
0.000237224
0.000237061
0.000236898
0.000236735
0.000236573
0.00023641
0.000236248
0.000236086
0.000235924
0.000235762
0.0002356
0.000235438
0.000235277
0.000235116
0.000234954
0.000234793
0.000234632
0.000234472
0.000234311
0.00023415
0.00023399
0.00023383
0.00023367
0.00023351
0.00023335
0.00023319
0.00023303
0.000232871
0.000232712
0.000232553
0.000232394
0.000232235
0.000232076
0.000231917
0.000231759
0.0002316
0.000231442
0.000231284
0.000231126
0.000230968
0.000230811
0.000230653
0.000230496
0.000230339
0.000230181
0.000230024
0.000229868
0.000229711
0.000229554
0.000229398
0.000229241
0.000229085
0.000228929
0.000228773
0.000228617
0.000228462
0.000228306
0.000228151
0.000227996
0.00022784
0.000227685
0.000227531
0.000227376
0.000227221
0.000227067
0.000226913
0.000226758
0.000226604
0.00022645
0.000226297
0.000226143
0.000225989
0.000225836
0.000225683
0.000225529
0.000225376
0.000225224
0.000225071
0.000224918
0.000224766
0.000224613
0.000224461
0.000224309
0.000224157
0.000224005
0.000223854
0.000223702
0.00022355
0.000223399
0.000223248
0.000223097
0.000222946
0.000222795
0.000222645
0.000222494
0.000222344
0.000222193
0.000222043
0.000221893
0.000221743
0.000221593
0.000221444
0.000221294
0.000221145
0.000220996
0.000220847
0.000220698
0.000220549
0.0002204
0.000220251
0.000220103
0.000219954
0.000219806
0.000219658
0.00021951
0.000219362
0.000219215
0.000219067
0.000218919
0.000218772
0.000218625
0.000218478
0.000218331
0.000218184
0.000218037
0.000217891
0.000217744
0.000217598
0.000217452
0.000217306
0.00021716
0.000217014
0.000216868
0.000216723
0.000216577
0.000216432
0.000216287
0.000216141
0.000215996
0.000215852
0.000215707
0.000215562
0.000215418
0.000215274
0.000215129
0.000214985
0.000214841
0.000214697
0.000214554
0.00021441
0.000214267
0.000214123
0.00021398
0.000213837
0.000213694
0.000213551
0.000213408
0.000213266
0.000213123
0.000212981
0.000212839
0.000212697
0.000212554
0.000212413
0.000212271
0.000212129
0.000211988
0.000211846
0.000211705
0.000211564
0.000211423
0.000211282
0.000211141
0.000211
0.00021086
0.00021072
0.000210579
0.000210439
0.000210299
0.000210159
0.000210019
0.000209879
0.00020974
0.0002096
0.000209461
0.000209322
0.000209183
0.000209044
0.000208905
0.000208766
0.000208628
0.000208489
0.000208351
0.000208212
0.000208074
0.000207936
0.000207798
0.000207661
0.000207523
0.000207385
0.000207248
0.000207111
0.000206973
0.000206836
0.000206699
0.000206562
0.000206426
0.000206289
0.000206153
0.000206016
0.00020588
0.000205744
0.000205608
0.000205472
0.000205336
0.0002052
0.000205065
0.000204929
0.000204794
0.000204659
0.000204524
0.000204389
0.000204254
0.000204119
0.000203985
0.00020385
0.000203716
0.000203581
0.000203447
0.000203313
0.000203179
0.000203045
0.000202912
0.000202778
0.000202645
0.000202511
0.000202378
0.000202245
0.000202112
0.000201979
0.000201846
0.000201714
0.000201581
0.000201449
0.000201316
0.000201184
0.000201052
0.00020092
0.000200788
0.000200656
0.000200525
0.000200393
0.000200262
0.00020013
0.000199999
0.000199868
0.000199737
0.000199606
0.000199475
0.000199345
0.000199214
0.000199084
0.000198954
0.000198823
0.000198693
0.000198563
0.000198434
0.000198304
0.000198174
0.000198045
0.000197915
0.000197786
0.000197657
0.000197528
0.000197399
0.00019727
0.000197141
0.000197013
0.000196884
0.000196756
0.000196627
0.000196499
0.000196371
0.000196243
0.000196115
0.000195988
0.00019586
0.000195732
0.000195605
0.000195478
0.000195351
0.000195224
0.000195097
0.00019497
0.000194843
0.000194716
0.00019459
0.000194463
0.000194337
0.000194211
0.000194085
0.000193959
0.000193833
0.000193707
0.000193581
0.000193456
0.00019333
0.000193205
0.00019308
0.000192955
0.00019283
0.000192705
0.00019258
0.000192455
0.000192331
0.000192206
0.000192082
0.000191958
0.000191834
0.000191709
0.000191586
0.000191462
0.000191338
0.000191214
0.000191091
0.000190967
0.000190844
0.000190721
0.000190598
0.000190475
0.000190352
0.000190229
0.000190107
0.000189984
0.000189862
0.000189739
0.000189617
0.000189495
0.000189373
0.000189251
0.000189129
0.000189007
0.000188886
0.000188764
0.000188643
0.000188522
0.0001884
0.000188279
0.000188158
0.000188037
0.000187917
0.000187796
0.000187675
0.000187555
0.000187435
0.000187314
0.000187194
0.000187074
0.000186954
0.000186834
0.000186715
0.000186595
0.000186476
0.000186356
0.000186237
0.000186118
0.000185999
0.00018588
0.000185761
0.000185642
0.000185523
0.000185405
0.000185286
0.000185168
0.000185049
0.000184931
0.000184813
0.000184695
0.000184577
0.000184459
0.000184342
0.000184224
0.000184107
0.000183989
0.000183872
0.000183755
0.000183638
0.000183521
0.000183404
0.000183287
0.00018317
0.000183054
0.000182937
0.000182821
0.000182705
0.000182589
0.000182473
0.000182357
0.000182241
0.000182125
0.000182009
0.000181894
0.000181778
0.000181663
0.000181548
0.000181433
0.000181317
0.000181203
0.000181088
0.000180973
0.000180858
0.000180744
0.000180629
0.000180515
0.000180401
0.000180286
0.000180172
0.000180058
0.000179944
0.000179831
0.000179717
0.000179603
0.00017949
0.000179377
0.000179263
0.00017915
0.000179037
0.000178924
0.000178811
0.000178698
0.000178586
0.000178473
0.00017836
0.000178248
0.000178136
0.000178024
0.000177911
0.000177799
0.000177687
0.000177576
0.000177464
0.000177352
0.000177241
0.000177129
0.000177018
0.000176907
0.000176796
0.000176684
0.000176574
0.000176463
0.000176352
0.000176241
0.000176131
0.00017602
0.00017591
0.000175799
0.000175689
0.000175579
0.000175469
0.000175359
0.000175249
0.00017514
0.00017503
0.000174921
0.000174811
0.000174702
0.000174593
0.000174483
0.000174374
0.000174265
0.000174157
0.000174048
0.000173939
0.000173831
0.000173722
0.000173614
0.000173505
0.000173397
0.000173289
0.000173181
0.000173073
0.000172965
0.000172857
0.00017275
0.000172642
0.000172535
0.000172427
0.00017232
0.000172213
0.000172106
0.000171999
0.000171892
0.000171785
0.000171678
0.000171572
0.000171465
0.000171359
0.000171253
0.000171146
0.00017104
0.000170934
0.000170828
0.000170722
0.000170616
0.000170511
0.000170405
0.0001703
0.000170194
0.000170089
0.000169983
0.000169878
0.000169773
0.000169668
0.000169563
0.000169459
0.000169354
0.000169249
0.000169145
0.00016904
0.000168936
0.000168832
0.000168728
0.000168624
0.00016852
0.000168416
0.000168312
0.000168208
0.000168105
0.000168001
0.000167898
0.000167794
0.000167691
0.000167588
0.000167485
0.000167382
0.000167279
0.000167176
0.000167073
0.000166971
0.000166868
0.000166766
0.000166663
0.000166561
0.000166459
0.000166357
0.000166255
0.000166153
0.000166051
0.000165949
0.000165847
0.000165746
0.000165644
0.000165543
0.000165442
0.00016534
0.000165239
0.000165138
0.000165037
0.000164936
0.000164836
0.000164735
0.000164634
0.000164534
0.000164433
0.000164333
0.000164233
0.000164133
0.000164033
0.000163933
0.000163833
0.000163733
0.000163633
0.000163533
0.000163434
0.000163334
0.000163235
0.000163136
0.000163036
0.000162937
0.000162838
0.000162739
0.00016264
0.000162542
0.000162443
0.000162344
0.000162246
0.000162147
0.000162049
0.000161951
0.000161852
0.000161754
0.000161656
0.000161558
0.00016146
0.000161363
0.000161265
0.000161167
0.00016107
0.000160972
0.000160875
0.000160778
0.000160681
0.000160584
0.000160487
0.00016039
0.000160293
0.000160196
0.000160099
0.000160003
0.000159906
0.00015981
0.000159714
0.000159617
0.000159521
0.000159425
0.000159329
0.000159233
0.000159137
0.000159042
0.000158946
0.00015885
0.000158755
0.000158659
0.000158564
0.000158469
0.000158374
0.000158278
0.000158183
0.000158089
0.000157994
0.000157899
0.000157804
0.00015771
0.000157615
0.000157521
0.000157426
0.000157332
0.000157238
0.000157144
0.00015705
0.000156956
0.000156862
0.000156768
0.000156674
0.000156581
0.000156487
0.000156394
0.000156301
0.000156207
0.000156114
0.000156021
0.000155928
0.000155835
0.000155742
0.000155649
0.000155556
0.000155464
0.000155371
0.000155279
0.000155186
0.000155094
0.000155002
0.00015491
0.000154818
0.000154726
0.000154634
0.000154542
0.00015445
0.000154358
0.000154267
0.000154175
0.000154084
0.000153992
0.000153901
0.00015381
0.000153719
0.000153628
0.000153537
0.000153446
0.000153355
0.000153264
0.000153174
0.000153083
0.000152993
0.000152902
0.000152812
0.000152722
0.000152631
0.000152541
0.000152451
0.000152361
0.000152271
0.000152182
0.000152092
0.000152002
0.000151913
0.000151823
0.000151734
0.000151645
0.000151555
0.000151466
0.000151377
0.000151288
0.000151199
0.00015111
0.000151021
0.000150933
0.000150844
0.000150756
0.000150667
0.000150579
0.00015049
0.000150402
0.000150314
0.000150226
0.000150138
0.00015005
0.000149962
0.000149874
0.000149787
0.000149699
0.000149611
0.000149524
0.000149437
0.000149349
0.000149262
0.000149175
0.000149088
0.000149001
0.000148914
0.000148827
0.00014874
0.000148653
0.000148567
0.00014848
0.000148394
0.000148307
0.000148221
0.000148135
0.000148048
0.000147962
0.000147876
0.00014779
0.000147704
0.000147619
0.000147533
0.000147447
0.000147362
0.000147276
0.000147191
0.000147105
0.00014702
0.000146935
0.00014685
0.000146765
0.00014668
0.000146595
0.00014651
0.000146425
0.00014634
0.000146256
0.000146171
0.000146087
0.000146002
0.000145918
0.000145834
0.000145749
0.000145665
0.000145581
0.000145497
0.000145413
0.00014533
0.000145246
0.000145162
0.000145078
0.000144995
0.000144911
0.000144828
0.000144745
0.000144662
0.000144578
0.000144495
0.000144412
0.000144329
0.000144246
0.000144164
0.000144081
0.000143998
0.000143916
0.000143833
0.000143751
0.000143668
0.000143586
0.000143504
0.000143422
0.000143339
0.000143257
0.000143175
0.000143094
0.000143012
0.00014293
0.000142848
0.000142767
0.000142685
0.000142604
0.000142522
0.000142441
0.00014236
0.000142279
0.000142198
0.000142117
0.000142036
0.000141955
0.000141874
0.000141793
0.000141713
0.000141632
0.000141551
0.000141471
0.000141391
0.00014131
0.00014123
0.00014115
0.00014107
0.00014099
0.00014091
0.00014083
0.00014075
0.00014067
0.00014059
0.000140511
0.000140431
0.000140352
0.000140272
0.000140193
0.000140114
0.000140035
0.000139955
0.000139876
0.000139797
0.000139718
0.00013964
0.000139561
0.000139482
0.000139403
0.000139325
0.000139246
0.000139168
0.000139089
0.000139011
0.000138933
0.000138855
0.000138777
0.000138699
0.000138621
0.000138543
0.000138465
0.000138387
0.000138309
0.000138232
0.000138154
0.000138077
0.000137999
0.000137922
0.000137844
0.000137767
0.00013769
0.000137613
0.000137536
0.000137459
0.000137382
0.000137305
0.000137229
0.000137152
0.000137075
0.000136999
0.000136922
0.000136846
0.000136769
0.000136693
0.000136617
0.000136541
0.000136465
0.000136389
0.000136313
0.000136237
0.000136161
0.000136085
0.000136009
0.000135934
0.000135858
0.000135783
0.000135707
0.000135632
0.000135557
0.000135481
0.000135406
0.000135331
0.000135256
0.000135181
0.000135106
0.000135031
0.000134957
0.000134882
0.000134807
0.000134733
0.000134658
0.000134584
0.000134509
0.000134435
0.000134361
0.000134286
0.000134212
0.000134138
0.000134064
0.00013399
0.000133916
0.000133843
0.000133769
0.000133695
0.000133622
0.000133548
0.000133475
0.000133401
0.000133328
0.000133254
0.000133181
0.000133108
0.000133035
0.000132962
0.000132889
0.000132816
0.000132743
0.00013267
0.000132598
0.000132525
0.000132452
0.00013238
0.000132307
0.000132235
0.000132163
0.00013209
0.000132018
0.000131946
0.000131874
0.000131802
0.00013173
0.000131658
0.000131586
0.000131514
0.000131443
0.000131371
0.0001313
0.000131228
0.000131157
0.000131085
0.000131014
0.000130943
0.000130871
0.0001308
0.000130729
0.000130658
0.000130587
0.000130516
0.000130445
0.000130375
0.000130304
0.000130233
0.000130163
0.000130092
0.000130022
0.000129951
0.000129881
0.000129811
0.00012974
0.00012967
0.0001296
0.00012953
0.00012946
0.00012939
0.00012932
0.00012925
0.000129181
0.000129111
0.000129041
0.000128972
0.000128902
0.000128833
0.000128764
0.000128694
0.000128625
0.000128556
0.000128487
0.000128418
0.000128349
0.00012828
0.000128211
0.000128142
0.000128073
0.000128005
0.000127936
0.000127867
0.000127799
0.00012773
0.000127662
0.000127594
0.000127525
0.000127457
0.000127389
0.000127321
0.000127253
0.000127185
0.000127117
0.000127049
0.000126981
0.000126913
0.000126846
0.000126778
0.00012671
0.000126643
0.000126575
0.000126508
0.000126441
0.000126373
0.000126306
0.000126239
0.000126172
0.000126105
0.000126038
0.000125971
0.000125904
0.000125837
0.000125771
0.000125704
0.000125637
0.000125571
0.000125504
0.000125438
0.000125371
0.000125305
0.000125239
0.000125172
0.000125106
0.00012504
0.000124974
0.000124908
0.000124842
0.000124776
0.00012471
0.000124645
0.000124579
0.000124513
0.000124448
0.000124382
0.000124317
0.000124251
0.000124186
0.00012412
0.000124055
0.00012399
0.000123925
0.00012386
0.000123795
0.00012373
0.000123665
0.0001236
0.000123535
0.000123471
0.000123406
0.000123341
0.000123277
0.000123212
0.000123148
0.000123083
0.000123019
0.000122955
0.00012289
0.000122826
0.000122762
0.000122698
0.000122634
0.00012257
0.000122506
0.000122442
0.000122379
0.000122315
0.000122251
0.000122187
0.000122124
0.00012206
0.000121997
0.000121934
0.00012187
0.000121807
0.000121744
0.000121681
0.000121617
0.000121554
0.000121491
0.000121428
0.000121365
0.000121303
0.00012124
0.000121177
0.000121114
0.000121052
0.000120989
0.000120927
0.000120864
0.000120802
0.000120739
0.000120677
0.000120615
0.000120553
0.000120491
0.000120429
0.000120367
0.000120305
0.000120243
0.000120181
0.000120119
0.000120057
0.000119995
0.000119934
0.000119872
0.000119811
0.000119749
0.000119688
0.000119626
0.000119565
0.000119504
0.000119443
0.000119381
0.00011932
0.000119259
0.000119198
0.000119137
0.000119076
0.000119016
0.000118955
0.000118894
0.000118833
0.000118773
0.000118712
0.000118652
0.000118591
0.000118531
0.00011847
0.00011841
0.00011835
0.00011829
0.000118229
0.000118169
0.000118109
0.000118049
0.000117989
0.000117929
0.00011787
0.00011781
0.00011775
0.00011769
0.000117631
0.000117571
0.000117512
0.000117452
0.000117393
0.000117333
0.000117274
0.000117215
0.000117156
0.000117096
0.000117037
0.000116978
0.000116919
0.00011686
0.000116801
0.000116743
0.000116684
0.000116625
0.000116566
0.000116508
0.000116449
0.000116391
0.000116332
0.000116274
0.000116215
0.000116157
0.000116099
0.00011604
0.000115982
0.000115924
0.000115866
0.000115808
0.00011575
0.000115692
0.000115634
0.000115576
0.000115518
0.000115461
0.000115403
0.000115345
0.000115288
0.00011523
0.000115173
0.000115115
0.000115058
0.000115001
0.000114943
0.000114886
0.000114829
0.000114772
0.000114715
0.000114658
0.000114601
0.000114544
0.000114487
0.00011443
0.000114373
0.000114317
0.00011426
0.000114203
0.000114147
0.00011409
0.000114034
0.000113977
0.000113921
0.000113865
0.000113808
0.000113752
0.000113696
0.00011364
0.000113584
0.000113528
0.000113472
0.000113416
0.00011336
0.000113304
0.000113248
0.000113193
0.000113137
0.000113081
0.000113026
0.00011297
0.000112915
0.000112859
0.000112804
0.000112748
0.000112693
0.000112638
0.000112583
0.000112527
0.000112472
0.000112417
0.000112362
0.000112307
0.000112252
0.000112198
0.000112143
0.000112088
0.000112033
0.000111979
0.000111924
0.000111869
0.000111815
0.00011176
0.000111706
0.000111651
0.000111597
0.000111543
0.000111489
0.000111434
0.00011138
0.000111326
0.000111272
0.000111218
0.000111164
0.00011111
0.000111056
0.000111002
0.000110949
0.000110895
0.000110841
0.000110788
0.000110734
0.000110681
0.000110627
0.000110574
0.00011052
0.000110467
0.000110414
0.00011036
0.000110307
0.000110254
0.000110201
0.000110148
0.000110095
0.000110042
0.000109989
0.000109936
0.000109883
0.00010983
0.000109778
0.000109725
0.000109672
0.00010962
0.000109567
0.000109514
0.000109462
0.00010941
0.000109357
0.000109305
0.000109253
0.0001092
0.000109148
0.000109096
0.000109044
0.000108992
0.00010894
0.000108888
0.000108836
0.000108784
0.000108732
0.00010868
0.000108629
0.000108577
0.000108525
0.000108474
0.000108422
0.000108371
0.000108319
0.000108268
0.000108216
0.000108165
0.000108114
0.000108063
0.000108011
0.00010796
0.000107909
0.000107858
0.000107807
0.000107756
0.000107705
0.000107654
0.000107603
0.000107553
0.000107502
0.000107451
0.0001074
0.00010735
0.000107299
0.000107249
0.000107198
0.000107148
0.000107097
0.000107047
0.000106997
0.000106947
0.000106896
0.000106846
0.000106796
0.000106746
0.000106696
0.000106646
0.000106596
0.000106546
0.000106496
0.000106446
0.000106397
0.000106347
0.000106297
0.000106247
0.000106198
0.000106148
0.000106099
0.000106049
0.000106
0.00010595
0.000105901
0.000105852
0.000105803
0.000105753
0.000105704
0.000105655
0.000105606
0.000105557
0.000105508
0.000105459
0.00010541
0.000105361
0.000105312
0.000105264
0.000105215
0.000105166
0.000105117
0.000105069
0.00010502
0.000104972
0.000104923
0.000104875
0.000104826
0.000104778
0.00010473
0.000104681
0.000104633
0.000104585
0.000104537
0.000104489
0.000104441
0.000104393
0.000104345
0.000104297
0.000104249
0.000104201
0.000104153
0.000104105
0.000104058
0.00010401
0.000103962
0.000103915
0.000103867
0.00010382
0.000103772
0.000103725
0.000103677
0.00010363
0.000103583
0.000103536
0.000103488
0.000103441
0.000103394
0.000103347
0.0001033
0.000103253
0.000103206
0.000103159
0.000103112
0.000103065
0.000103018
0.000102972
0.000102925
0.000102878
0.000102831
0.000102785
0.000102738
0.000102692
0.000102645
0.000102599
0.000102552
0.000102506
0.00010246
0.000102413
0.000102367
0.000102321
0.000102275
0.000102229
0.000102183
0.000102137
0.000102091
0.000102045
0.000101999
0.000101953
0.000101907
0.000101861
0.000101815
0.00010177
0.000101724
0.000101678
0.000101633
0.000101587
0.000101542
0.000101496
0.000101451
0.000101405
0.00010136
0.000101315
0.000101269
0.000101224
0.000101179
0.000101134
0.000101089
0.000101044
0.000100999
0.000100954
0.000100909
0.000100864
0.000100819
0.000100774
0.000100729
0.000100684
0.00010064
0.000100595
0.00010055
0.000100506
0.000100461
0.000100417
0.000100372
0.000100328
0.000100283
0.000100239
0.000100195
0.00010015
0.000100106
0.000100062
0.000100018
9.99736e-05
9.99295e-05
9.98854e-05
9.98414e-05
9.97974e-05
9.97535e-05
9.97096e-05
9.96657e-05
9.96219e-05
9.95781e-05
9.95343e-05
9.94906e-05
9.94469e-05
9.94033e-05
9.93597e-05
9.93162e-05
9.92726e-05
9.92291e-05
9.91857e-05
9.91423e-05
9.90989e-05
9.90556e-05
9.90123e-05
9.8969e-05
9.89258e-05
9.88826e-05
9.88395e-05
9.87964e-05
9.87533e-05
9.87103e-05
9.86673e-05
9.86244e-05
9.85814e-05
9.85386e-05
9.84957e-05
9.84529e-05
9.84102e-05
9.83674e-05
9.83247e-05
9.82821e-05
9.82395e-05
9.81969e-05
9.81544e-05
9.81119e-05
9.80694e-05
9.8027e-05
9.79846e-05
9.79422e-05
9.78999e-05
9.78576e-05
9.78154e-05
9.77732e-05
9.7731e-05
9.76889e-05
9.76468e-05
9.76047e-05
9.75627e-05
9.75207e-05
9.74788e-05
9.74369e-05
9.7395e-05
9.73532e-05
9.73114e-05
9.72696e-05
9.72279e-05
9.71862e-05
9.71446e-05
9.71029e-05
9.70614e-05
9.70198e-05
9.69783e-05
9.69368e-05
9.68954e-05
9.6854e-05
9.68127e-05
9.67713e-05
9.67301e-05
9.66888e-05
9.66476e-05
9.66064e-05
9.65653e-05
9.65242e-05
9.64831e-05
9.64421e-05
9.64011e-05
9.63601e-05
9.63192e-05
9.62783e-05
9.62374e-05
9.61966e-05
9.61558e-05
9.61151e-05
9.60744e-05
9.60337e-05
9.59931e-05
9.59525e-05
9.59119e-05
9.58714e-05
9.58309e-05
9.57904e-05
9.575e-05
9.57096e-05
9.56692e-05
9.56289e-05
9.55886e-05
9.55484e-05
9.55082e-05
9.5468e-05
9.54279e-05
9.53877e-05
9.53477e-05
9.53076e-05
9.52676e-05
9.52277e-05
9.51877e-05
9.51478e-05
9.5108e-05
9.50682e-05
9.50284e-05
9.49886e-05
9.49489e-05
9.49092e-05
9.48696e-05
9.48299e-05
9.47904e-05
9.47508e-05
9.47113e-05
9.46718e-05
9.46324e-05
9.4593e-05
9.45536e-05
9.45143e-05
9.4475e-05
9.44357e-05
9.43965e-05
9.43573e-05
9.43181e-05
9.4279e-05
9.42399e-05
9.42008e-05
9.41618e-05
9.41228e-05
9.40838e-05
9.40449e-05
9.4006e-05
9.39672e-05
9.39283e-05
9.38896e-05
9.38508e-05
9.38121e-05
9.37734e-05
9.37347e-05
9.36961e-05
9.36575e-05
9.3619e-05
9.35805e-05
9.3542e-05
9.35035e-05
9.34651e-05
9.34267e-05
9.33884e-05
9.33501e-05
9.33118e-05
9.32736e-05
9.32353e-05
9.31972e-05
9.3159e-05
9.31209e-05
9.30828e-05
9.30448e-05
9.30068e-05
9.29688e-05
9.29309e-05
9.28929e-05
9.28551e-05
9.28172e-05
9.27794e-05
9.27416e-05
9.27039e-05
9.26662e-05
9.26285e-05
9.25909e-05
9.25532e-05
9.25157e-05
9.24781e-05
9.24406e-05
9.24031e-05
9.23657e-05
9.23283e-05
9.22909e-05
9.22535e-05
9.22162e-05
9.21789e-05
9.21417e-05
9.21045e-05
9.20673e-05
9.20301e-05
9.1993e-05
9.19559e-05
9.19189e-05
9.18819e-05
9.18449e-05
9.18079e-05
9.1771e-05
9.17341e-05
9.16972e-05
9.16604e-05
9.16236e-05
9.15869e-05
9.15501e-05
9.15134e-05
9.14768e-05
9.14401e-05
9.14035e-05
9.1367e-05
9.13304e-05
9.12939e-05
9.12575e-05
9.1221e-05
9.11846e-05
9.11482e-05
9.11119e-05
9.10756e-05
9.10393e-05
9.10031e-05
9.09668e-05
9.09307e-05
9.08945e-05
9.08584e-05
9.08223e-05
9.07862e-05
9.07502e-05
9.07142e-05
9.06783e-05
9.06423e-05
9.06064e-05
9.05706e-05
9.05347e-05
9.04989e-05
9.04632e-05
9.04274e-05
9.03917e-05
9.0356e-05
9.03204e-05
9.02848e-05
9.02492e-05
9.02136e-05
9.01781e-05
9.01426e-05
9.01072e-05
9.00717e-05
9.00363e-05
9.0001e-05
8.99656e-05
8.99303e-05
8.98951e-05
8.98598e-05
8.98246e-05
8.97894e-05
8.97543e-05
8.97192e-05
8.96841e-05
8.9649e-05
8.9614e-05
8.9579e-05
8.9544e-05
8.95091e-05
8.94742e-05
8.94393e-05
8.94045e-05
8.93697e-05
8.93349e-05
8.93002e-05
8.92654e-05
8.92308e-05
8.91961e-05
8.91615e-05
8.91269e-05
8.90923e-05
8.90578e-05
8.90233e-05
8.89888e-05
8.89544e-05
8.892e-05
8.88856e-05
8.88512e-05
8.88169e-05
8.87826e-05
8.87483e-05
8.87141e-05
8.86799e-05
8.86457e-05
8.86116e-05
8.85775e-05
8.85434e-05
8.85094e-05
8.84753e-05
8.84413e-05
8.84074e-05
8.83734e-05
8.83395e-05
8.83057e-05
8.82718e-05
8.8238e-05
8.82042e-05
8.81705e-05
8.81368e-05
8.81031e-05
8.80694e-05
8.80358e-05
8.80022e-05
8.79686e-05
8.7935e-05
8.79015e-05
8.7868e-05
8.78346e-05
8.78012e-05
8.77678e-05
8.77344e-05
8.77011e-05
8.76677e-05
8.76345e-05
8.76012e-05
8.7568e-05
8.75348e-05
8.75016e-05
8.74685e-05
8.74354e-05
8.74023e-05
8.73693e-05
8.73363e-05
8.73033e-05
8.72703e-05
8.72374e-05
8.72045e-05
8.71716e-05
8.71388e-05
8.71059e-05
8.70732e-05
8.70404e-05
8.70077e-05
8.6975e-05
8.69423e-05
8.69097e-05
8.6877e-05
8.68445e-05
8.68119e-05
8.67794e-05
8.67469e-05
8.67144e-05
8.6682e-05
8.66496e-05
8.66172e-05
8.65848e-05
8.65525e-05
8.65202e-05
8.64879e-05
8.64557e-05
8.64235e-05
8.63913e-05
8.63591e-05
8.6327e-05
8.62949e-05
8.62628e-05
8.62308e-05
8.61988e-05
8.61668e-05
8.61348e-05
8.61029e-05
8.6071e-05
8.60391e-05
8.60073e-05
8.59754e-05
8.59437e-05
8.59119e-05
8.58802e-05
8.58484e-05
8.58168e-05
8.57851e-05
8.57535e-05
8.57219e-05
8.56903e-05
8.56588e-05
8.56273e-05
8.55958e-05
8.55643e-05
8.55329e-05
8.55015e-05
8.54701e-05
8.54388e-05
8.54075e-05
8.53762e-05
8.53449e-05
8.53137e-05
8.52825e-05
8.52513e-05
8.52201e-05
8.5189e-05
8.51579e-05
8.51268e-05
8.50958e-05
8.50648e-05
8.50338e-05
8.50028e-05
8.49719e-05
8.4941e-05
8.49101e-05
8.48793e-05
8.48484e-05
8.48176e-05
8.47869e-05
8.47561e-05
8.47254e-05
8.46947e-05
8.46641e-05
8.46334e-05
8.46028e-05
8.45722e-05
8.45417e-05
8.45112e-05
8.44806e-05
8.44502e-05
8.44197e-05
8.43893e-05
8.43589e-05
8.43285e-05
8.42982e-05
8.42679e-05
8.42376e-05
8.42073e-05
8.41771e-05
8.41469e-05
8.41167e-05
8.40866e-05
8.40564e-05
8.40263e-05
8.39963e-05
8.39662e-05
8.39362e-05
8.39062e-05
8.38762e-05
8.38463e-05
8.38164e-05
8.37865e-05
8.37566e-05
8.37268e-05
8.3697e-05
8.36672e-05
8.36374e-05
8.36077e-05
8.3578e-05
8.35483e-05
8.35187e-05
8.3489e-05
8.34594e-05
8.34299e-05
8.34003e-05
8.33708e-05
8.33413e-05
8.33118e-05
8.32824e-05
8.3253e-05
8.32236e-05
8.31942e-05
8.31649e-05
8.31356e-05
8.31063e-05
8.3077e-05
8.30478e-05
8.30186e-05
8.29894e-05
8.29602e-05
8.29311e-05
8.2902e-05
8.28729e-05
8.28438e-05
8.28148e-05
8.27858e-05
8.27568e-05
8.27278e-05
8.26989e-05
8.267e-05
8.26411e-05
8.26123e-05
8.25834e-05
8.25546e-05
8.25259e-05
8.24971e-05
8.24684e-05
8.24397e-05
8.2411e-05
8.23824e-05
8.23537e-05
8.23251e-05
8.22966e-05
8.2268e-05
8.22395e-05
8.2211e-05
8.21825e-05
8.21541e-05
8.21256e-05
8.20972e-05
8.20689e-05
8.20405e-05
8.20122e-05
8.19839e-05
8.19556e-05
8.19274e-05
8.18991e-05
8.18709e-05
8.18428e-05
8.18146e-05
8.17865e-05
8.17584e-05
8.17303e-05
8.17023e-05
8.16742e-05
8.16462e-05
8.16183e-05
8.15903e-05
8.15624e-05
8.15345e-05
8.15066e-05
8.14787e-05
8.14509e-05
8.14231e-05
8.13953e-05
8.13676e-05
8.13398e-05
8.13121e-05
8.12845e-05
8.12568e-05
8.12292e-05
8.12016e-05
8.1174e-05
8.11464e-05
8.11189e-05
8.10914e-05
8.10639e-05
8.10364e-05
8.1009e-05
8.09816e-05
8.09542e-05
8.09268e-05
8.08995e-05
8.08721e-05
8.08448e-05
8.08176e-05
8.07903e-05
8.07631e-05
8.07359e-05
8.07087e-05
8.06816e-05
8.06544e-05
8.06273e-05
8.06003e-05
8.05732e-05
8.05462e-05
8.05192e-05
8.04922e-05
8.04652e-05
8.04383e-05
8.04114e-05
8.03845e-05
8.03576e-05
8.03308e-05
8.0304e-05
8.02772e-05
8.02504e-05
8.02237e-05
8.01969e-05
8.01702e-05
8.01436e-05
8.01169e-05
8.00903e-05
8.00637e-05
8.00371e-05
8.00105e-05
7.9984e-05
7.99575e-05
7.9931e-05
7.99045e-05
7.98781e-05
7.98517e-05
7.98253e-05
7.97989e-05
7.97726e-05
7.97462e-05
7.97199e-05
7.96937e-05
7.96674e-05
7.96412e-05
7.9615e-05
7.95888e-05
7.95626e-05
7.95365e-05
7.95103e-05
7.94843e-05
7.94582e-05
7.94321e-05
7.94061e-05
7.93801e-05
7.93541e-05
7.93282e-05
7.93022e-05
7.92763e-05
7.92504e-05
7.92246e-05
7.91987e-05
7.91729e-05
7.91471e-05
7.91213e-05
7.90956e-05
7.90699e-05
7.90442e-05
7.90185e-05
7.89928e-05
7.89672e-05
7.89416e-05
7.8916e-05
7.88904e-05
7.88649e-05
7.88393e-05
7.88138e-05
7.87883e-05
7.87629e-05
7.87375e-05
7.8712e-05
7.86866e-05
7.86613e-05
7.86359e-05
7.86106e-05
7.85853e-05
7.856e-05
7.85348e-05
7.85095e-05
7.84843e-05
7.84591e-05
7.8434e-05
7.84088e-05
7.83837e-05
7.83586e-05
7.83335e-05
7.83085e-05
7.82834e-05
7.82584e-05
7.82334e-05
7.82085e-05
7.81835e-05
7.81586e-05
7.81337e-05
7.81088e-05
7.8084e-05
7.80591e-05
7.80343e-05
7.80095e-05
7.79847e-05
7.796e-05
7.79353e-05
7.79106e-05
7.78859e-05
7.78612e-05
7.78366e-05
7.7812e-05
7.77874e-05
7.77628e-05
7.77382e-05
7.77137e-05
7.76892e-05
7.76647e-05
7.76402e-05
7.76158e-05
7.75914e-05
7.7567e-05
7.75426e-05
7.75182e-05
7.74939e-05
7.74696e-05
7.74453e-05
7.7421e-05
7.73968e-05
7.73725e-05
7.73483e-05
7.73241e-05
7.73e-05
7.72758e-05
7.72517e-05
7.72276e-05
7.72035e-05
7.71794e-05
7.71554e-05
7.71314e-05
7.71074e-05
7.70834e-05
7.70595e-05
7.70355e-05
7.70116e-05
7.69877e-05
7.69639e-05
7.694e-05
7.69162e-05
7.68924e-05
7.68686e-05
7.68448e-05
7.68211e-05
7.67974e-05
7.67737e-05
7.675e-05
7.67263e-05
7.67027e-05
7.66791e-05
7.66555e-05
7.66319e-05
7.66083e-05
7.65848e-05
7.65613e-05
7.65378e-05
7.65143e-05
7.64909e-05
7.64674e-05
7.6444e-05
7.64206e-05
7.63973e-05
7.63739e-05
7.63506e-05
7.63273e-05
7.6304e-05
7.62807e-05
7.62575e-05
7.62343e-05
7.62111e-05
7.61879e-05
7.61647e-05
7.61416e-05
7.61184e-05
7.60953e-05
7.60723e-05
7.60492e-05
7.60262e-05
7.60031e-05
7.59801e-05
7.59572e-05
7.59342e-05
7.59113e-05
7.58883e-05
7.58654e-05
7.58426e-05
7.58197e-05
7.57969e-05
7.5774e-05
7.57512e-05
7.57285e-05
7.57057e-05
7.5683e-05
7.56602e-05
7.56375e-05
7.56149e-05
7.55922e-05
7.55696e-05
7.5547e-05
7.55244e-05
7.55018e-05
7.54792e-05
7.54567e-05
7.54342e-05
7.54117e-05
7.53892e-05
7.53667e-05
7.53443e-05
7.53219e-05
7.52995e-05
7.52771e-05
7.52547e-05
7.52324e-05
7.52101e-05
7.51878e-05
7.51655e-05
7.51432e-05
7.5121e-05
7.50988e-05
7.50766e-05
7.50544e-05
7.50322e-05
7.50101e-05
7.49879e-05
7.49658e-05
7.49437e-05
7.49217e-05
7.48996e-05
7.48776e-05
7.48556e-05
7.48336e-05
7.48116e-05
7.47897e-05
7.47678e-05
7.47458e-05
7.4724e-05
7.47021e-05
7.46802e-05
7.46584e-05
7.46366e-05
7.46148e-05
7.4593e-05
7.45713e-05
7.45495e-05
7.45278e-05
7.45061e-05
7.44844e-05
7.44628e-05
7.44411e-05
7.44195e-05
7.43979e-05
7.43763e-05
7.43547e-05
7.43332e-05
7.43117e-05
7.42902e-05
7.42687e-05
7.42472e-05
7.42258e-05
7.42043e-05
7.41829e-05
7.41615e-05
7.41401e-05
7.41188e-05
7.40974e-05
7.40761e-05
7.40548e-05
7.40335e-05
7.40123e-05
7.3991e-05
7.39698e-05
7.39486e-05
7.39274e-05
7.39062e-05
7.38851e-05
7.3864e-05
7.38428e-05
7.38218e-05
7.38007e-05
7.37796e-05
7.37586e-05
7.37376e-05
7.37166e-05
7.36956e-05
7.36746e-05
7.36537e-05
7.36327e-05
7.36118e-05
7.35909e-05
7.35701e-05
7.35492e-05
7.35284e-05
7.35076e-05
7.34868e-05
7.3466e-05
7.34452e-05
7.34245e-05
7.34038e-05
7.3383e-05
7.33624e-05
7.33417e-05
7.3321e-05
7.33004e-05
7.32798e-05
7.32592e-05
7.32386e-05
7.3218e-05
7.31975e-05
7.3177e-05
7.31565e-05
7.3136e-05
7.31155e-05
7.30951e-05
7.30746e-05
7.30542e-05
7.30338e-05
7.30134e-05
7.29931e-05
7.29727e-05
7.29524e-05
7.29321e-05
7.29118e-05
7.28915e-05
7.28713e-05
7.2851e-05
7.28308e-05
7.28106e-05
7.27904e-05
7.27703e-05
7.27501e-05
7.273e-05
7.27099e-05
7.26898e-05
7.26697e-05
7.26496e-05
7.26296e-05
7.26096e-05
7.25896e-05
7.25696e-05
7.25496e-05
7.25297e-05
7.25097e-05
7.24898e-05
7.24699e-05
7.245e-05
7.24302e-05
7.24103e-05
7.23905e-05
7.23707e-05
7.23509e-05
7.23311e-05
7.23113e-05
7.22916e-05
7.22719e-05
7.22522e-05
7.22325e-05
7.22128e-05
7.21931e-05
7.21735e-05
7.21539e-05
7.21343e-05
7.21147e-05
7.20951e-05
7.20756e-05
7.2056e-05
7.20365e-05
7.2017e-05
7.19975e-05
7.19781e-05
7.19586e-05
7.19392e-05
7.19198e-05
7.19004e-05
7.1881e-05
7.18616e-05
7.18423e-05
7.1823e-05
7.18037e-05
7.17844e-05
7.17651e-05
7.17458e-05
7.17266e-05
7.17074e-05
7.16882e-05
7.1669e-05
7.16498e-05
7.16306e-05
7.16115e-05
7.15924e-05
7.15733e-05
7.15542e-05
7.15351e-05
7.1516e-05
7.1497e-05
7.1478e-05
7.1459e-05
7.144e-05
7.1421e-05
7.1402e-05
7.13831e-05
7.13642e-05
7.13453e-05
7.13264e-05
7.13075e-05
7.12887e-05
7.12698e-05
7.1251e-05
7.12322e-05
7.12134e-05
7.11946e-05
7.11759e-05
7.11571e-05
7.11384e-05
7.11197e-05
7.1101e-05
7.10823e-05
7.10637e-05
7.1045e-05
7.10264e-05
7.10078e-05
7.09892e-05
7.09706e-05
7.09521e-05
7.09335e-05
7.0915e-05
7.08965e-05
7.0878e-05
7.08595e-05
7.08411e-05
7.08226e-05
7.08042e-05
7.07858e-05
7.07674e-05
7.0749e-05
7.07307e-05
7.07123e-05
7.0694e-05
7.06757e-05
7.06574e-05
7.06391e-05
7.06208e-05
7.06026e-05
7.05843e-05
7.05661e-05
7.05479e-05
7.05297e-05
7.05116e-05
7.04934e-05
7.04753e-05
7.04571e-05
7.0439e-05
7.0421e-05
7.04029e-05
7.03848e-05
7.03668e-05
7.03488e-05
7.03307e-05
7.03128e-05
7.02948e-05
7.02768e-05
7.02589e-05
7.02409e-05
7.0223e-05
7.02051e-05
7.01872e-05
7.01694e-05
7.01515e-05
7.01337e-05
7.01159e-05
7.00981e-05
7.00803e-05
7.00625e-05
7.00448e-05
7.0027e-05
7.00093e-05
6.99916e-05
6.99739e-05
6.99562e-05
6.99385e-05
6.99209e-05
6.99033e-05
6.98856e-05
6.9868e-05
6.98505e-05
6.98329e-05
6.98153e-05
6.97978e-05
6.97803e-05
6.97628e-05
6.97453e-05
6.97278e-05
6.97103e-05
6.96929e-05
6.96755e-05
6.96581e-05
6.96407e-05
6.96233e-05
6.96059e-05
6.95885e-05
6.95712e-05
6.95539e-05
6.95366e-05
6.95193e-05
6.9502e-05
6.94847e-05
6.94675e-05
6.94503e-05
6.94331e-05
6.94159e-05
6.93987e-05
6.93815e-05
6.93643e-05
6.93472e-05
6.93301e-05
6.9313e-05
6.92959e-05
6.92788e-05
6.92617e-05
6.92447e-05
6.92277e-05
6.92106e-05
6.91936e-05
6.91766e-05
6.91597e-05
6.91427e-05
6.91258e-05
6.91088e-05
6.90919e-05
6.9075e-05
6.90581e-05
6.90413e-05
6.90244e-05
6.90076e-05
6.89907e-05
6.89739e-05
6.89571e-05
6.89404e-05
6.89236e-05
6.89068e-05
6.88901e-05
6.88734e-05
6.88567e-05
6.884e-05
6.88233e-05
6.88067e-05
6.879e-05
6.87734e-05
6.87568e-05
6.87402e-05
6.87236e-05
6.8707e-05
6.86904e-05
6.86739e-05
6.86574e-05
6.86408e-05
6.86243e-05
6.86079e-05
6.85914e-05
6.85749e-05
6.85585e-05
6.85421e-05
6.85256e-05
6.85092e-05
6.84929e-05
6.84765e-05
6.84601e-05
6.84438e-05
6.84275e-05
6.84112e-05
6.83949e-05
6.83786e-05
6.83623e-05
6.83461e-05
6.83298e-05
6.83136e-05
6.82974e-05
6.82812e-05
6.8265e-05
6.82488e-05
6.82327e-05
6.82165e-05
6.82004e-05
6.81843e-05
6.81682e-05
6.81521e-05
6.81361e-05
6.812e-05
6.8104e-05
6.80879e-05
6.80719e-05
6.80559e-05
6.80399e-05
6.8024e-05
6.8008e-05
6.79921e-05
6.79761e-05
6.79602e-05
6.79443e-05
6.79284e-05
6.79126e-05
6.78967e-05
6.78809e-05
6.7865e-05
6.78492e-05
6.78334e-05
6.78176e-05
6.78019e-05
6.77861e-05
6.77704e-05
6.77546e-05
6.77389e-05
6.77232e-05
6.77075e-05
6.76918e-05
6.76762e-05
6.76605e-05
6.76449e-05
6.76293e-05
6.76137e-05
6.75981e-05
6.75825e-05
6.75669e-05
6.75514e-05
6.75358e-05
6.75203e-05
6.75048e-05
6.74893e-05
6.74738e-05
6.74584e-05
6.74429e-05
6.74275e-05
6.7412e-05
6.73966e-05
6.73812e-05
6.73658e-05
6.73505e-05
6.73351e-05
6.73198e-05
6.73044e-05
6.72891e-05
6.72738e-05
6.72585e-05
6.72432e-05
6.7228e-05
6.72127e-05
6.71975e-05
6.71822e-05
6.7167e-05
6.71518e-05
6.71366e-05
6.71215e-05
6.71063e-05
6.70912e-05
6.7076e-05
6.70609e-05
6.70458e-05
6.70307e-05
6.70157e-05
6.70006e-05
6.69855e-05
6.69705e-05
6.69555e-05
6.69405e-05
6.69255e-05
6.69105e-05
6.68955e-05
6.68806e-05
6.68656e-05
6.68507e-05
6.68358e-05
6.68209e-05
6.6806e-05
6.67911e-05
6.67762e-05
6.67614e-05
6.67465e-05
6.67317e-05
6.67169e-05
6.67021e-05
6.66873e-05
6.66725e-05
6.66578e-05
6.6643e-05
6.66283e-05
6.66136e-05
6.65988e-05
6.65841e-05
6.65695e-05
6.65548e-05
6.65401e-05
6.65255e-05
6.65109e-05
6.64962e-05
6.64816e-05
6.6467e-05
6.64525e-05
6.64379e-05
6.64233e-05
6.64088e-05
6.63943e-05
6.63798e-05
6.63653e-05
6.63508e-05
6.63363e-05
6.63218e-05
6.63074e-05
6.62929e-05
6.62785e-05
6.62641e-05
6.62497e-05
6.62353e-05
6.62209e-05
6.62066e-05
6.61922e-05
6.61779e-05
6.61636e-05
6.61493e-05
6.6135e-05
6.61207e-05
6.61064e-05
6.60921e-05
6.60779e-05
6.60637e-05
6.60494e-05
6.60352e-05
6.6021e-05
6.60068e-05
6.59927e-05
6.59785e-05
6.59644e-05
6.59502e-05
6.59361e-05
6.5922e-05
6.59079e-05
6.58938e-05
6.58797e-05
6.58657e-05
6.58516e-05
6.58376e-05
6.58236e-05
6.58096e-05
6.57956e-05
6.57816e-05
6.57676e-05
6.57536e-05
6.57397e-05
6.57258e-05
6.57118e-05
6.56979e-05
6.5684e-05
6.56701e-05
6.56563e-05
6.56424e-05
6.56285e-05
6.56147e-05
6.56009e-05
6.55871e-05
6.55733e-05
6.55595e-05
6.55457e-05
6.55319e-05
6.55182e-05
6.55044e-05
6.54907e-05
6.5477e-05
6.54633e-05
6.54496e-05
6.54359e-05
6.54223e-05
6.54086e-05
6.5395e-05
6.53813e-05
6.53677e-05
6.53541e-05
6.53405e-05
6.53269e-05
6.53133e-05
6.52998e-05
6.52862e-05
6.52727e-05
6.52592e-05
6.52457e-05
6.52322e-05
6.52187e-05
6.52052e-05
6.51917e-05
6.51783e-05
6.51648e-05
6.51514e-05
6.5138e-05
6.51246e-05
6.51112e-05
6.50978e-05
6.50845e-05
6.50711e-05
6.50578e-05
6.50444e-05
6.50311e-05
6.50178e-05
6.50045e-05
6.49912e-05
6.49779e-05
6.49647e-05
6.49514e-05
6.49382e-05
6.49249e-05
6.49117e-05
6.48985e-05
6.48853e-05
6.48722e-05
6.4859e-05
6.48458e-05
6.48327e-05
6.48195e-05
6.48064e-05
6.47933e-05
6.47802e-05
6.47671e-05
6.4754e-05
6.4741e-05
6.47279e-05
6.47149e-05
6.47019e-05
6.46888e-05
6.46758e-05
6.46628e-05
6.46498e-05
6.46369e-05
6.46239e-05
6.4611e-05
6.4598e-05
6.45851e-05
6.45722e-05
6.45593e-05
6.45464e-05
6.45335e-05
6.45206e-05
6.45078e-05
6.44949e-05
6.44821e-05
6.44693e-05
6.44565e-05
6.44437e-05
6.44309e-05
6.44181e-05
6.44053e-05
6.43926e-05
6.43798e-05
6.43671e-05
6.43544e-05
6.43416e-05
6.43289e-05
6.43163e-05
6.43036e-05
6.42909e-05
6.42783e-05
6.42656e-05
6.4253e-05
6.42404e-05
6.42277e-05
6.42151e-05
6.42026e-05
6.419e-05
6.41774e-05
6.41649e-05
6.41523e-05
6.41398e-05
6.41273e-05
6.41147e-05
6.41022e-05
6.40898e-05
6.40773e-05
6.40648e-05
6.40524e-05
6.40399e-05
6.40275e-05
6.40151e-05
6.40026e-05
6.39902e-05
6.39779e-05
6.39655e-05
6.39531e-05
6.39408e-05
6.39284e-05
6.39161e-05
6.39037e-05
6.38914e-05
6.38791e-05
6.38668e-05
6.38546e-05
6.38423e-05
6.383e-05
6.38178e-05
6.38055e-05
6.37933e-05
6.37811e-05
6.37689e-05
6.37567e-05
6.37445e-05
6.37324e-05
6.37202e-05
6.3708e-05
6.36959e-05
6.36838e-05
6.36717e-05
6.36595e-05
6.36474e-05
6.36354e-05
6.36233e-05
6.36112e-05
6.35992e-05
6.35871e-05
6.35751e-05
6.35631e-05
6.35511e-05
6.35391e-05
6.35271e-05
6.35151e-05
6.35031e-05
6.34912e-05
6.34792e-05
6.34673e-05
6.34553e-05
6.34434e-05
6.34315e-05
6.34196e-05
6.34077e-05
6.33959e-05
6.3384e-05
6.33721e-05
6.33603e-05
6.33485e-05
6.33367e-05
6.33248e-05
6.3313e-05
6.33012e-05
6.32895e-05
6.32777e-05
6.32659e-05
6.32542e-05
6.32425e-05
6.32307e-05
6.3219e-05
6.32073e-05
6.31956e-05
6.31839e-05
6.31722e-05
6.31606e-05
6.31489e-05
6.31373e-05
6.31256e-05
6.3114e-05
6.31024e-05
6.30908e-05
6.30792e-05
6.30676e-05
6.3056e-05
6.30445e-05
6.30329e-05
6.30214e-05
6.30098e-05
6.29983e-05
6.29868e-05
6.29753e-05
6.29638e-05
6.29523e-05
6.29409e-05
6.29294e-05
6.2918e-05
6.29065e-05
6.28951e-05
6.28837e-05
6.28722e-05
6.28608e-05
6.28495e-05
6.28381e-05
6.28267e-05
6.28153e-05
6.2804e-05
6.27927e-05
6.27813e-05
6.277e-05
6.27587e-05
6.27474e-05
6.27361e-05
6.27248e-05
6.27136e-05
6.27023e-05
6.2691e-05
6.26798e-05
6.26686e-05
6.26573e-05
6.26461e-05
6.26349e-05
6.26237e-05
6.26126e-05
6.26014e-05
6.25902e-05
6.25791e-05
6.25679e-05
6.25568e-05
6.25457e-05
6.25346e-05
6.25235e-05
6.25124e-05
6.25013e-05
6.24902e-05
6.24792e-05
6.24681e-05
6.24571e-05
6.2446e-05
6.2435e-05
6.2424e-05
6.2413e-05
6.2402e-05
6.2391e-05
6.238e-05
6.23691e-05
6.23581e-05
6.23472e-05
6.23362e-05
6.23253e-05
6.23144e-05
6.23035e-05
6.22926e-05
6.22817e-05
6.22708e-05
6.226e-05
6.22491e-05
6.22382e-05
6.22274e-05
6.22166e-05
6.22058e-05
6.21949e-05
6.21841e-05
6.21733e-05
6.21626e-05
6.21518e-05
6.2141e-05
6.21303e-05
6.21195e-05
6.21088e-05
6.20981e-05
6.20874e-05
6.20766e-05
6.2066e-05
6.20553e-05
6.20446e-05
6.20339e-05
6.20233e-05
6.20126e-05
6.2002e-05
6.19913e-05
6.19807e-05
6.19701e-05
6.19595e-05
6.19489e-05
6.19383e-05
6.19277e-05
6.19172e-05
6.19066e-05
6.18961e-05
6.18855e-05
6.1875e-05
6.18645e-05
6.1854e-05
6.18435e-05
6.1833e-05
6.18225e-05
6.1812e-05
6.18016e-05
6.17911e-05
6.17807e-05
6.17702e-05
6.17598e-05
6.17494e-05
6.1739e-05
6.17286e-05
6.17182e-05
6.17078e-05
6.16975e-05
6.16871e-05
6.16767e-05
6.16664e-05
6.16561e-05
6.16457e-05
6.16354e-05
6.16251e-05
6.16148e-05
6.16045e-05
6.15943e-05
6.1584e-05
6.15737e-05
6.15635e-05
6.15532e-05
6.1543e-05
6.15328e-05
6.15226e-05
6.15123e-05
6.15022e-05
6.1492e-05
6.14818e-05
6.14716e-05
6.14615e-05
6.14513e-05
6.14412e-05
6.1431e-05
6.14209e-05
6.14108e-05
6.14007e-05
6.13906e-05
6.13805e-05
6.13704e-05
6.13603e-05
6.13503e-05
6.13402e-05
6.13302e-05
6.13201e-05
6.13101e-05
6.13001e-05
6.12901e-05
6.12801e-05
6.12701e-05
6.12601e-05
6.12501e-05
6.12402e-05
6.12302e-05
6.12203e-05
6.12103e-05
6.12004e-05
6.11905e-05
6.11805e-05
6.11706e-05
6.11607e-05
6.11509e-05
6.1141e-05
6.11311e-05
6.11213e-05
6.11114e-05
6.11016e-05
6.10917e-05
6.10819e-05
6.10721e-05
6.10623e-05
6.10525e-05
6.10427e-05
6.10329e-05
6.10231e-05
6.10134e-05
6.10036e-05
6.09939e-05
6.09841e-05
6.09744e-05
6.09647e-05
6.0955e-05
6.09453e-05
6.09356e-05
6.09259e-05
6.09162e-05
6.09065e-05
6.08969e-05
6.08872e-05
6.08776e-05
6.08679e-05
6.08583e-05
6.08487e-05
6.08391e-05
6.08295e-05
6.08199e-05
6.08103e-05
6.08007e-05
6.07911e-05
6.07816e-05
6.0772e-05
6.07625e-05
6.0753e-05
6.07434e-05
6.07339e-05
6.07244e-05
6.07149e-05
6.07054e-05
6.06959e-05
6.06865e-05
6.0677e-05
6.06675e-05
6.06581e-05
6.06486e-05
6.06392e-05
6.06298e-05
6.06204e-05
6.0611e-05
6.06016e-05
6.05922e-05
6.05828e-05
6.05734e-05
6.0564e-05
6.05547e-05
6.05453e-05
6.0536e-05
6.05266e-05
6.05173e-05
6.0508e-05
6.04987e-05
6.04894e-05
6.04801e-05
6.04708e-05
6.04615e-05
6.04523e-05
6.0443e-05
6.04338e-05
6.04245e-05
6.04153e-05

