5e-05
5e-05
5e-05
5e-05
5e-05
5e-05
5e-05
5e-05
5e-05
5e-05
5e-05
5e-05
5e-05
5e-05
5e-05
5e-05
5e-05
5e-05
5e-05
5e-05
5e-05
5e-05
5e-05
5e-05
5e-05
5e-05
5e-05
5e-05
5e-05
5e-05
5e-05
5e-05
5e-05
5e-05
5e-05
5e-05
5e-05
5e-05
5e-05
5e-05
5e-05
5e-05
5e-05
5e-05
5e-05
5e-05
5e-05
5e-05
5e-05
5e-05
5e-05
5e-05
5e-05
5e-05
5e-05
5e-05
5e-05
5e-05
5e-05
5e-05
5e-05
5e-05
5e-05
5e-05
5e-05
5e-05
5e-05
5e-05
5e-05
5e-05
5e-05
5e-05
5e-05
5e-05
5e-05
5e-05
5e-05
5e-05
5e-05
5e-05
5e-05
5e-05
5e-05
5e-05
5e-05
5e-05
5e-05
5e-05
5e-05
5e-05
5e-05
5e-05
5e-05
5e-05
5e-05
5e-05
5e-05
5e-05
5e-05
5e-05
5e-05
5e-05
5e-05
5e-05
5e-05
5e-05
5e-05
5e-05
5e-05
5e-05
5e-05
5e-05
5e-05
5e-05
5e-05
5e-05
5e-05
5e-05
5e-05
5e-05
5e-05
5e-05
5e-05
5e-05
5e-05
5e-05
5e-05
5e-05
5e-05
5e-05
5e-05
5e-05
5e-05
5e-05
5e-05
5e-05
5e-05
5e-05
5e-05
5e-05
5e-05
5e-05
5e-05
5e-05
5e-05
5e-05
5e-05
5e-05
5e-05
5e-05
5e-05
5e-05
5e-05
5e-05
5e-05
5e-05
5e-05
5e-05
5e-05
5e-05
5e-05
5e-05
5e-05
5e-05
5e-05
5e-05
5e-05
5e-05
5e-05
5e-05
5e-05
5e-05
5e-05
5e-05
5e-05
5e-05
5e-05
5e-05
5e-05
5e-05
5e-05
5e-05
5e-05
5e-05
5e-05
5e-05
5e-05
5e-05
5e-05
5e-05
5e-05
5e-05
5e-05
5e-05
5e-05
5e-05
5e-05
5e-05
5e-05
5e-05
5e-05
5e-05
5e-05
5e-05
5e-05
5e-05
5e-05
5e-05
5e-05
5e-05
5e-05
5e-05
5e-05
5e-05
5e-05
5e-05
5e-05
5e-05
5e-05
5e-05
5e-05
5e-05
5e-05
5e-05
5e-05
5e-05
5e-05
5e-05
5e-05
5e-05
5e-05
5e-05
5e-05
5e-05
5e-05
5e-05
5e-05
5e-05
5e-05
5e-05
5e-05
5e-05
5e-05
5e-05
5e-05
5e-05
5e-05
5e-05
5e-05
5e-05
5e-05
5e-05
5e-05
5e-05
5e-05
5e-05
5e-05
5e-05
5e-05
5e-05
5e-05
5e-05
5e-05
5e-05
5e-05
5e-05
5e-05
5e-05
5e-05
5e-05
5e-05
5e-05
5e-05
5e-05
5e-05
5e-05
5e-05
5e-05
5e-05
5e-05
5e-05
5e-05
5e-05
5e-05
5e-05
5e-05
5e-05
5e-05
5e-05
5e-05
5e-05
5e-05
5e-05
5e-05
5e-05
5e-05
5e-05
5e-05
5e-05
5e-05
5e-05
5e-05
5e-05
5e-05
5e-05
5e-05
5e-05
5e-05
5e-05
5e-05
5e-05
5e-05
5e-05
5e-05
5e-05
5e-05
5e-05
5e-05
5e-05
5e-05
5e-05
5e-05
5e-05
5e-05
5e-05
5e-05
5e-05
5e-05
5e-05
5e-05
5e-05
5e-05
5e-05
5e-05
5e-05
5e-05
5e-05
5e-05
5e-05
5e-05
5e-05
5e-05
5e-05
5e-05
5e-05
5e-05
5e-05
5e-05
5e-05
5e-05
5e-05
5e-05
5e-05
5e-05
5e-05
5e-05
5e-05
5e-05
5e-05
5e-05
5e-05
5e-05
5e-05
5e-05
5e-05
5e-05
5e-05
5e-05
5e-05
5e-05
5e-05
5e-05
5e-05
5e-05
5e-05
5e-05
5e-05
5e-05
5e-05
5e-05
5e-05
5e-05
5e-05
5e-05
5e-05
5e-05
5e-05
5e-05
5e-05
5e-05
5e-05
5e-05
5e-05
5e-05
5e-05
5e-05
5e-05
5e-05
5e-05
5e-05
5e-05
5e-05
5e-05
5e-05
5e-05
5e-05
5e-05
5e-05
5e-05
5e-05
5e-05
5e-05
5e-05
5e-05
5e-05
5e-05
5e-05
5e-05
5e-05
5e-05
5e-05
5e-05
5e-05
5e-05
5e-05
5e-05
5e-05
5e-05
5e-05
5e-05
5e-05
5e-05
5e-05
5e-05
5e-05
5e-05
5e-05
5e-05
5e-05
5e-05
5e-05
5e-05
5e-05
5e-05
5e-05
5e-05
5e-05
5e-05
5e-05
5e-05
5e-05
5e-05
5e-05
5e-05
5e-05
5e-05
5e-05
5e-05
5e-05
5e-05
5e-05
5e-05
5e-05
5e-05
5e-05
5e-05
5e-05
5e-05
5e-05
5e-05
5e-05
5e-05
5e-05
5e-05
5e-05
5e-05
5e-05
5e-05
5e-05
5e-05
5e-05
5e-05
5e-05
5e-05
5e-05
5e-05
5e-05
5e-05
5e-05
5e-05
5e-05
5e-05
5e-05
5e-05
5e-05
5e-05
5e-05
5e-05
5e-05
5e-05
5e-05
5e-05
5e-05
5e-05
5e-05
5e-05
5e-05
5e-05
5e-05
5e-05
5e-05
5e-05
5e-05
5e-05
5e-05
5e-05
5e-05
5e-05
5e-05
5e-05
5e-05
5e-05
5e-05
5e-05
5e-05
5e-05
5e-05
5e-05
5e-05
5e-05
5e-05
5e-05
5e-05
5e-05
5e-05
5e-05
5e-05
5e-05
5e-05
5e-05
5e-05
5e-05
5e-05
5e-05
5e-05
5e-05
5e-05
5e-05
5e-05
5e-05
5e-05
5e-05
5e-05
5e-05
5e-05
5e-05
5e-05
5e-05
5e-05
5e-05
5e-05
5e-05
5e-05
5e-05
5e-05
5e-05
5e-05
5e-05
5e-05
5e-05
5e-05
5e-05
5e-05
5e-05
5e-05
5e-05
5e-05
5e-05
5e-05
5e-05
5e-05
5e-05
5e-05
5e-05
5e-05
5e-05
5e-05
5e-05
5e-05
5e-05
5e-05
5e-05
5e-05
5e-05
5e-05
5e-05
5e-05
5e-05
5e-05
5e-05
5e-05
5e-05
5e-05
5e-05
5e-05
5e-05
5e-05
5e-05
5e-05
5e-05
5e-05
5e-05
5e-05
5e-05
5e-05
5e-05
5e-05
5e-05
5e-05
5e-05
5e-05
5e-05
5e-05
5e-05
5e-05
5e-05
5e-05
5e-05
5e-05
5e-05
5e-05
5e-05
5e-05
5e-05
5e-05
5e-05
5e-05
5e-05
5e-05
5e-05
5e-05
5e-05
5e-05
5e-05
5e-05
5e-05
5e-05
5e-05
5e-05
5e-05
5e-05
5e-05
5e-05
5e-05
5e-05
5e-05
5e-05
5e-05
5e-05
5e-05
5e-05
5e-05
5e-05
5e-05
5e-05
5e-05
5e-05
5e-05
5e-05
5e-05
5e-05
5e-05
5e-05
5e-05
5e-05
5e-05
5e-05
5e-05
5e-05
5e-05
5e-05
5e-05
5e-05
5e-05
5e-05
5e-05
5e-05
5e-05
5e-05
5e-05
5e-05
5e-05
5e-05
5e-05
5e-05
5e-05
5e-05
5e-05
5e-05
5e-05
5e-05
5e-05
5e-05
5e-05
5e-05
5e-05
5e-05
5e-05
5e-05
5e-05
5e-05
5e-05
5e-05
5e-05
5e-05
5e-05
5e-05
5e-05
5e-05
5e-05
5e-05
5e-05
5e-05
5e-05
5e-05
5e-05
5e-05
5e-05
5e-05
5e-05
5e-05
5e-05
5e-05
5e-05
5e-05
5e-05
5e-05
5e-05
5e-05
5e-05
5e-05
5e-05
5e-05
5e-05
5e-05
5e-05
5e-05
5e-05
5e-05
5e-05
5e-05
5e-05
5e-05
5e-05
5e-05
5e-05
5e-05
5e-05
5e-05
5e-05
5e-05
5e-05
5e-05
5e-05
5e-05
5e-05
5e-05
5e-05
5e-05
5e-05
5e-05
5e-05
5e-05
5e-05
5e-05
5e-05
5e-05
5e-05
5e-05
5e-05
5e-05
5e-05
5e-05
5e-05
5e-05
5e-05
5e-05
5e-05
5e-05
5e-05
5e-05
5e-05
5e-05
5e-05
5e-05
5e-05
5e-05
5e-05
5e-05
5e-05
5e-05
7.91615e-05
0.000103634
0.00012487
0.000143827
0.000161151
0.000177285
0.000192538
0.000207131
0.000221221
0.000234924
0.000248327
0.000261493
0.000274471
0.000287298
0.0003
0.000312601
0.000325116
0.000337558
0.000349936
0.00036226
0.000374533
0.000386762
0.000398949
0.000411097
0.000423209
0.000435287
0.000447331
0.000459343
0.000471323
0.000483273
0.000495192
0.000507082
0.000518942
0.000530774
0.000542577
0.000554351
0.000566096
0.000577814
0.000589503
0.000601165
0.000612799
0.000624405
0.000635983
0.000647535
0.000659058
0.000670555
0.000682024
0.000693467
0.000704882
0.000716271
0.000727632
0.000738967
0.000750276
0.000761557
0.000772813
0.000784042
0.000795245
0.000806421
0.000817571
0.000828696
0.000839794
0.000850867
0.000861914
0.000872935
0.00088393
0.0008949
0.000905844
0.000916763
0.000927657
0.000938525
0.000949368
0.000960187
0.00097098
0.000981748
0.000992491
0.00100321
0.0010139
0.00102457
0.00103522
0.00104584
0.00102727
0.00101336
0.00100265
0.000994197
0.000987345
0.000981656
0.000976822
0.000972623
0.000968901
0.00096554
0.000962454
0.000959579
0.000956868
0.000954284
0.000951798
0.000949389
0.000947042
0.000944742
0.000942481
0.000940252
0.000938047
0.000935863
0.000933697
0.000931544
0.000929404
0.000927275
0.000925155
0.000923043
0.000920939
0.000918842
0.000916752
0.000914667
0.000912589
0.000910516
0.000908449
0.000906386
0.00090433
0.000902278
0.000900231
0.00089819
0.000896153
0.000894121
0.000892094
0.000890072
0.000888055
0.000886042
0.000884034
0.000882031
0.000880033
0.00087804
0.000876051
0.000874067
0.000872087
0.000870113
0.000868143
0.000866177
0.000864216
0.00086226
0.000860309
0.000858362
0.00085642
0.000854482
0.000852549
0.00085062
0.000848696
0.000846777
0.000844862
0.000842951
0.000841045
0.000839144
0.000837247
0.000835355
0.000833467
0.000831583
0.000829704
0.00082783
0.00082596
0.000824094
0.000822233
0.000820376
0.000818523
0.000816675
0.000814831
0.000812992
0.000811157
0.000809326
0.0008075
0.000805678
0.00080386
0.000802047
0.000800238
0.000798433
0.000796632
0.000794836
0.000793044
0.000791256
0.000789473
0.000787693
0.000785918
0.000784147
0.000782381
0.000780618
0.00077886
0.000777106
0.000775356
0.00077361
0.000771868
0.00077013
0.000768397
0.000766668
0.000764942
0.000763221
0.000761504
0.000759791
0.000758082
0.000756377
0.000754676
0.000752979
0.000751287
0.000749598
0.000747913
0.000746232
0.000744556
0.000742883
0.000741214
0.000739549
0.000737888
0.000736231
0.000734578
0.000732929
0.000731284
0.000729643
0.000728005
0.000726372
0.000724742
0.000723117
0.000721495
0.000719877
0.000718263
0.000716652
0.000715046
0.000713443
0.000711844
0.000710249
0.000708658
0.00070707
0.000705487
0.000703907
0.000702331
0.000700758
0.00069919
0.000697625
0.000696063
0.000694506
0.000692952
0.000691402
0.000689855
0.000688313
0.000686774
0.000685238
0.000683706
0.000682178
0.000680654
0.000679133
0.000677616
0.000676102
0.000674592
0.000673086
0.000671583
0.000670084
0.000668588
0.000667096
0.000665608
0.000664123
0.000662641
0.000661163
0.000659689
0.000658218
0.000656751
0.000655287
0.000653826
0.000652369
0.000650916
0.000649466
0.00064802
0.000646577
0.000645137
0.000643701
0.000642268
0.000640839
0.000639413
0.00063799
0.000636571
0.000635155
0.000633743
0.000632334
0.000630928
0.000629526
0.000628127
0.000626732
0.000625339
0.000623951
0.000622565
0.000621183
0.000619804
0.000618428
0.000617056
0.000615686
0.000614321
0.000612958
0.000611599
0.000610242
0.00060889
0.00060754
0.000606194
0.00060485
0.00060351
0.000602174
0.00060084
0.00059951
0.000598183
0.000596858
0.000595538
0.00059422
0.000592905
0.000591594
0.000590286
0.000588981
0.000587679
0.00058638
0.000585084
0.000583791
0.000582502
0.000581215
0.000579932
0.000578651
0.000577374
0.0005761
0.000574828
0.00057356
0.000572295
0.000571033
0.000569774
0.000568518
0.000567265
0.000566015
0.000564768
0.000563524
0.000562283
0.000561045
0.000559809
0.000558577
0.000557348
0.000556122
0.000554898
0.000553678
0.00055246
0.000551246
0.000550034
0.000548825
0.00054762
0.000546417
0.000545217
0.000544019
0.000542825
0.000541634
0.000540445
0.000539259
0.000538076
0.000536896
0.000535719
0.000534544
0.000533373
0.000532204
0.000531038
0.000529875
0.000528714
0.000527557
0.000526402
0.00052525
0.0005241
0.000522954
0.00052181
0.000520669
0.000519531
0.000518395
0.000517262
0.000516132
0.000515005
0.00051388
0.000512758
0.000511639
0.000510522
0.000509408
0.000508297
0.000507188
0.000506082
0.000504979
0.000503878
0.00050278
0.000501685
0.000500592
0.000499502
0.000498414
0.00049733
0.000496247
0.000495168
0.000494091
0.000493016
0.000491944
0.000490875
0.000489808
0.000488744
0.000487682
0.000486623
0.000485567
0.000484513
0.000483461
0.000482412
0.000481366
0.000480322
0.000479281
0.000478242
0.000477205
0.000476172
0.00047514
0.000474111
0.000473085
0.000472061
0.000471039
0.00047002
0.000469004
0.00046799
0.000466978
0.000465969
0.000464962
0.000463957
0.000462955
0.000461956
0.000460959
0.000459964
0.000458971
0.000457981
0.000456994
0.000456009
0.000455026
0.000454045
0.000453067
0.000452091
0.000451118
0.000450147
0.000449178
0.000448212
0.000447248
0.000446286
0.000445327
0.000444369
0.000443415
0.000442462
0.000441512
0.000440564
0.000439618
0.000438675
0.000437734
0.000436795
0.000435858
0.000434924
0.000433992
0.000433062
0.000432135
0.000431209
0.000430286
0.000429365
0.000428447
0.00042753
0.000426616
0.000425704
0.000424794
0.000423887
0.000422981
0.000422078
0.000421177
0.000420278
0.000419381
0.000418487
0.000417594
0.000416704
0.000415816
0.00041493
0.000414046
0.000413165
0.000412285
0.000411408
0.000410532
0.000409659
0.000408788
0.000407919
0.000407052
0.000406187
0.000405325
0.000404464
0.000403605
0.000402749
0.000401895
0.000401042
0.000400192
0.000399344
0.000398498
0.000397653
0.000396811
0.000395971
0.000395133
0.000394297
0.000393463
0.000392631
0.000391801
0.000390973
0.000390147
0.000389323
0.000388501
0.000387681
0.000386863
0.000386047
0.000385233
0.000384421
0.000383611
0.000382803
0.000381997
0.000381193
0.00038039
0.00037959
0.000378791
0.000377995
0.0003772
0.000376408
0.000375617
0.000374828
0.000374041
0.000373256
0.000372473
0.000371692
0.000370912
0.000370135
0.000369359
0.000368586
0.000367814
0.000367044
0.000366276
0.00036551
0.000364745
0.000363983
0.000363222
0.000362463
0.000361706
0.000360951
0.000360198
0.000359446
0.000358696
0.000357949
0.000357203
0.000356458
0.000355716
0.000354975
0.000354236
0.000353499
0.000352764
0.00035203
0.000351299
0.000350569
0.00034984
0.000349114
0.000348389
0.000347666
0.000346945
0.000346226
0.000345508
0.000344792
0.000344078
0.000343365
0.000342655
0.000341946
0.000341238
0.000340533
0.000339829
0.000339127
0.000338426
0.000337727
0.00033703
0.000336335
0.000335641
0.000334949
0.000334259
0.00033357
0.000332883
0.000332198
0.000331514
0.000330832
0.000330151
0.000329473
0.000328796
0.00032812
0.000327446
0.000326774
0.000326104
0.000325435
0.000324767
0.000324102
0.000323438
0.000322775
0.000322114
0.000321455
0.000320798
0.000320141
0.000319487
0.000318834
0.000318183
0.000317533
0.000316885
0.000316238
0.000315593
0.00031495
0.000314308
0.000313668
0.000313029
0.000312392
0.000311756
0.000311122
0.00031049
0.000309859
0.000309229
0.000308601
0.000307975
0.00030735
0.000306726
0.000306104
0.000305484
0.000304865
0.000304248
0.000303632
0.000303017
0.000302405
0.000301793
0.000301183
0.000300575
0.000299968
0.000299362
0.000298758
0.000298156
0.000297555
0.000296955
0.000296357
0.00029576
0.000295165
0.000294571
0.000293979
0.000293388
0.000292798
0.00029221
0.000291623
0.000291038
0.000290454
0.000289872
0.000289291
0.000288712
0.000288133
0.000287557
0.000286981
0.000286407
0.000285835
0.000285264
0.000284694
0.000284125
0.000283558
0.000282993
0.000282429
0.000281866
0.000281304
0.000280744
0.000280185
0.000279628
0.000279072
0.000278517
0.000277964
0.000277412
0.000276861
0.000276312
0.000275764
0.000275217
0.000274672
0.000274128
0.000273585
0.000273044
0.000272504
0.000271965
0.000271427
0.000270891
0.000270356
0.000269823
0.000269291
0.00026876
0.00026823
0.000267702
0.000267175
0.000266649
0.000266124
0.000265601
0.000265079
0.000264559
0.000264039
0.000263521
0.000263004
0.000262488
0.000261974
0.000261461
0.000260949
0.000260438
0.000259929
0.000259421
0.000258914
0.000258408
0.000257904
0.000257401
0.000256899
0.000256398
0.000255898
0.0002554
0.000254903
0.000254407
0.000253912
0.000253419
0.000252926
0.000252435
0.000251945
0.000251457
0.000250969
0.000250483
0.000249998
0.000249514
0.000249031
0.000248549
0.000248069
0.00024759
0.000247112
0.000246635
0.000246159
0.000245684
0.000245211
0.000244738
0.000244267
0.000243797
0.000243328
0.000242861
0.000242394
0.000241929
0.000241464
0.000241001
0.000240539
0.000240078
0.000239618
0.00023916
0.000238702
0.000238246
0.00023779
0.000237336
0.000236883
0.000236431
0.00023598
0.00023553
0.000235081
0.000234634
0.000234187
0.000233742
0.000233297
0.000232854
0.000232412
0.000231971
0.000231531
0.000231092
0.000230654
0.000230217
0.000229781
0.000229347
0.000228913
0.00022848
0.000228049
0.000227618
0.000227189
0.000226761
0.000226333
0.000225907
0.000225482
0.000225057
0.000224634
0.000224212
0.000223791
0.000223371
0.000222952
0.000222534
0.000222117
0.000221701
0.000221286
0.000220872
0.000220459
0.000220047
0.000219636
0.000219226
0.000218817
0.000218409
0.000218002
0.000217596
0.000217191
0.000216787
0.000216384
0.000215982
0.000215581
0.000215181
0.000214782
0.000214383
0.000213986
0.00021359
0.000213195
0.000212801
0.000212407
0.000212015
0.000211624
0.000211233
0.000210844
0.000210455
0.000210068
0.000209681
0.000209295
0.000208911
0.000208527
0.000208144
0.000207762
0.000207381
0.000207001
0.000206622
0.000206244
0.000205866
0.00020549
0.000205115
0.00020474
0.000204366
0.000203994
0.000203622
0.000203251
0.000202881
0.000202512
0.000202144
0.000201776
0.00020141
0.000201045
0.00020068
0.000200316
0.000199954
0.000199592
0.000199231
0.00019887
0.000198511
0.000198153
0.000197795
0.000197438
0.000197083
0.000196728
0.000196374
0.000196021
0.000195668
0.000195317
0.000194966
0.000194616
0.000194268
0.000193919
0.000193572
0.000193226
0.00019288
0.000192536
0.000192192
0.000191849
0.000191507
0.000191166
0.000190825
0.000190486
0.000190147
0.000189809
0.000189472
0.000189135
0.0001888
0.000188465
0.000188131
0.000187798
0.000187466
0.000187135
0.000186804
0.000186474
0.000186145
0.000185817
0.00018549
0.000185163
0.000184837
0.000184512
0.000184188
0.000183865
0.000183542
0.00018322
0.000182899
0.000182579
0.000182259
0.000181941
0.000181623
0.000181306
0.000180989
0.000180674
0.000180359
0.000180045
0.000179731
0.000179419
0.000179107
0.000178796
0.000178486
0.000178177
0.000177868
0.00017756
0.000177253
0.000176946
0.00017664
0.000176336
0.000176031
0.000175728
0.000175425
0.000175123
0.000174822
0.000174521
0.000174222
0.000173923
0.000173624
0.000173327
0.00017303
0.000172734
0.000172438
0.000172144
0.00017185
0.000171556
0.000171264
0.000170972
0.000170681
0.000170391
0.000170101
0.000169812
0.000169524
0.000169236
0.000168949
0.000168663
0.000168378
0.000168093
0.000167809
0.000167526
0.000167243
0.000166961
0.00016668
0.000166399
0.000166119
0.00016584
0.000165561
0.000165284
0.000165006
0.00016473
0.000164454
0.000164179
0.000163904
0.000163631
0.000163357
0.000163085
0.000162813
0.000162542
0.000162272
0.000162002
0.000161733
0.000161464
0.000161196
0.000160929
0.000160663
0.000160397
0.000160132
0.000159867
0.000159603
0.00015934
0.000159077
0.000158815
0.000158554
0.000158293
0.000158033
0.000157774
0.000157515
0.000157257
0.000156999
0.000156742
0.000156486
0.00015623
0.000155975
0.000155721
0.000155467
0.000155214
0.000154962
0.00015471
0.000154458
0.000154208
0.000153958
0.000153708
0.000153459
0.000153211
0.000152963
0.000152716
0.00015247
0.000152224
0.000151979
0.000151734
0.00015149
0.000151247
0.000151004
0.000150762
0.00015052
0.000150279
0.000150039
0.000149799
0.00014956
0.000149321
0.000149083
0.000148845
0.000148608
0.000148372
0.000148136
0.000147901
0.000147666
0.000147432
0.000147199
0.000146966
0.000146734
0.000146502
0.000146271
0.00014604
0.00014581
0.000145581
0.000145352
0.000145123
0.000144895
0.000144668
0.000144441
0.000144215
0.00014399
0.000143765
0.00014354
0.000143316
0.000143093
0.00014287
0.000142648
0.000142426
0.000142205
0.000141984
0.000141764
0.000141544
0.000141325
0.000141107
0.000140889
0.000140671
0.000140455
0.000140238
0.000140022
0.000139807
0.000139592
0.000139378
0.000139164
0.000138951
0.000138738
0.000138526
0.000138314
0.000138103
0.000137893
0.000137683
0.000137473
0.000137264
0.000137055
0.000136847
0.00013664
0.000136433
0.000136226
0.00013602
0.000135815
0.00013561
0.000135405
0.000135201
0.000134998
0.000134795
0.000134592
0.00013439
0.000134189
0.000133988
0.000133787
0.000133587
0.000133388
0.000133189
0.00013299
0.000132792
0.000132594
0.000132397
0.000132201
0.000132004
0.000131809
0.000131614
0.000131419
0.000131225
0.000131031
0.000130838
0.000130645
0.000130452
0.000130261
0.000130069
0.000129878
0.000129688
0.000129498
0.000129308
0.000129119
0.000128931
0.000128743
0.000128555
0.000128368
0.000128181
0.000127995
0.000127809
0.000127623
0.000127438
0.000127254
0.00012707
0.000126886
0.000126703
0.000126521
0.000126338
0.000126157
0.000125975
0.000125794
0.000125614
0.000125434
0.000125254
0.000125075
0.000124897
0.000124718
0.000124541
0.000124363
0.000124186
0.00012401
0.000123834
0.000123658
0.000123483
0.000123308
0.000123134
0.00012296
0.000122786
0.000122613
0.000122441
0.000122269
0.000122097
0.000121925
0.000121754
0.000121584
0.000121414
0.000121244
0.000121075
0.000120906
0.000120737
0.000120569
0.000120402
0.000120235
0.000120068
0.000119901
0.000119735
0.00011957
0.000119405
0.00011924
0.000119076
0.000118912
0.000118748
0.000118585
0.000118422
0.00011826
0.000118098
0.000117936
0.000117775
0.000117614
0.000117454
0.000117294
0.000117134
0.000116975
0.000116816
0.000116658
0.0001165
0.000116342
0.000116185
0.000116028
0.000115872
0.000115716
0.00011556
0.000115405
0.00011525
0.000115095
0.000114941
0.000114787
0.000114634
0.000114481
0.000114328
0.000114176
0.000114024
0.000113872
0.000113721
0.00011357
0.00011342
0.00011327
0.00011312
0.000112971
0.000112822
0.000112673
0.000112525
0.000112377
0.000112229
0.000112082
0.000111935
0.000111789
0.000111643
0.000111497
0.000111352
0.000111207
0.000111062
0.000110918
0.000110774
0.00011063
0.000110487
0.000110344
0.000110202
0.000110059
0.000109918
0.000109776
0.000109635
0.000109494
0.000109354
0.000109214
0.000109074
0.000108935
0.000108795
0.000108657
0.000108518
0.00010838
0.000108243
0.000108105
0.000107968
0.000107832
0.000107695
0.000107559
0.000107423
0.000107288
0.000107153
0.000107018
0.000106884
0.00010675
0.000106616
0.000106483
0.00010635
0.000106217
0.000106085
0.000105953
0.000105821
0.000105689
0.000105558
0.000105428
0.000105297
0.000105167
0.000105037
0.000104908
0.000104778
0.00010465
0.000104521
0.000104393
0.000104265
0.000104137
0.00010401
0.000103883
0.000103756
0.00010363
0.000103504
0.000103378
0.000103253
0.000103128
0.000103003
0.000102878
0.000102754
0.00010263
0.000102507
0.000102383
0.00010226
0.000102138
0.000102015
0.000101893
0.000101772
0.00010165
0.000101529
0.000101408
0.000101287
0.000101167
0.000101047
0.000100927
0.000100808
0.000100689
0.00010057
0.000100452
0.000100333
0.000100215
0.000100098
9.99803e-05
9.98632e-05
9.97464e-05
9.96299e-05
9.95137e-05
9.93978e-05
9.92821e-05
9.91667e-05
9.90517e-05
9.89369e-05
9.88223e-05
9.87081e-05
9.85941e-05
9.84805e-05
9.83671e-05
9.8254e-05
9.81411e-05
9.80286e-05
9.79163e-05
9.78043e-05
9.76925e-05
9.75811e-05
9.74699e-05
9.7359e-05
9.72483e-05
9.71379e-05
9.70278e-05
9.6918e-05
9.68085e-05
9.66992e-05
9.65901e-05
9.64814e-05
9.63729e-05
9.62647e-05
9.61567e-05
9.6049e-05
9.59416e-05
9.58345e-05
9.57276e-05
9.56209e-05
9.55146e-05
9.54084e-05
9.53026e-05
9.5197e-05
9.50917e-05
9.49866e-05
9.48818e-05
9.47772e-05
9.46729e-05
9.45689e-05
9.44651e-05
9.43616e-05
9.42583e-05
9.41553e-05
9.40525e-05
9.395e-05
9.38477e-05
9.37457e-05
9.36439e-05
9.35424e-05
9.34411e-05
9.33401e-05
9.32394e-05
9.31388e-05
9.30386e-05
9.29385e-05
9.28387e-05
9.27392e-05
9.26399e-05
9.25409e-05
9.24421e-05
9.23435e-05
9.22452e-05
9.21471e-05
9.20493e-05
9.19517e-05
9.18543e-05
9.17572e-05
9.16603e-05
9.15637e-05
9.14673e-05
9.13711e-05
9.12752e-05
9.11795e-05
9.1084e-05
9.09888e-05
9.08938e-05
9.07991e-05
9.07045e-05
9.06102e-05
9.05162e-05
9.04223e-05
9.03287e-05
9.02354e-05
9.01422e-05
9.00493e-05
8.99566e-05
8.98642e-05
8.9772e-05
8.968e-05
8.95882e-05
8.94966e-05
8.94053e-05
8.93142e-05
8.92233e-05
8.91327e-05
8.90423e-05
8.89521e-05
8.88621e-05
8.87723e-05
8.86828e-05
8.85934e-05
8.85043e-05
8.84154e-05
8.83268e-05
8.82383e-05
8.81501e-05
8.80621e-05
8.79743e-05
8.78867e-05
8.77993e-05
8.77122e-05
8.76253e-05
8.75385e-05
8.7452e-05
8.73657e-05
8.72796e-05
8.71938e-05
8.71081e-05
8.70226e-05
8.69374e-05
8.68524e-05
8.67675e-05
8.66829e-05
8.65985e-05
8.65143e-05
8.64303e-05
8.63465e-05
8.6263e-05
8.61796e-05
8.60964e-05
8.60134e-05
8.59307e-05
8.58481e-05
8.57658e-05
8.56836e-05
8.56017e-05
8.55199e-05
8.54384e-05
8.5357e-05
8.52759e-05
8.51949e-05
8.51142e-05
8.50336e-05
8.49533e-05
8.48731e-05
8.47931e-05
8.47134e-05
8.46338e-05
8.45544e-05
8.44753e-05
8.43963e-05
8.43175e-05
8.42389e-05
8.41605e-05
8.40823e-05
8.40043e-05
8.39265e-05
8.38488e-05
8.37714e-05
8.36941e-05
8.36171e-05
8.35402e-05
8.34635e-05
8.3387e-05
8.33107e-05
8.32346e-05
8.31587e-05
8.30829e-05
8.30074e-05
8.2932e-05
8.28568e-05
8.27818e-05
8.2707e-05
8.26324e-05
8.25579e-05
8.24836e-05
8.24096e-05
8.23356e-05
8.22619e-05
8.21884e-05
8.2115e-05
8.20418e-05
8.19689e-05
8.1896e-05
8.18234e-05
8.17509e-05
8.16786e-05
8.16065e-05
8.15346e-05
8.14629e-05
8.13913e-05
8.13199e-05
8.12487e-05
8.11776e-05
8.11067e-05
8.1036e-05
8.09655e-05
8.08952e-05
8.0825e-05
8.0755e-05
8.06851e-05
8.06155e-05
8.0546e-05
8.04767e-05
8.04075e-05
8.03385e-05
8.02697e-05
8.02011e-05
8.01326e-05
8.00643e-05
7.99962e-05
7.99282e-05
7.98604e-05
7.97928e-05
7.97253e-05
7.9658e-05
7.95909e-05
7.95239e-05
7.94571e-05
7.93904e-05
7.9324e-05
7.92576e-05
7.91915e-05
7.91255e-05
7.90597e-05
7.8994e-05
7.89285e-05
7.88632e-05
7.8798e-05
7.8733e-05
7.86681e-05
7.86034e-05
7.85388e-05
7.84745e-05
7.84102e-05
7.83462e-05
7.82823e-05
7.82185e-05
7.81549e-05
7.80915e-05
7.80282e-05
7.79651e-05
7.79021e-05
7.78393e-05
7.77766e-05
7.77141e-05
7.76517e-05
7.75895e-05
7.75275e-05
7.74656e-05
7.74038e-05
7.73422e-05
7.72808e-05
7.72195e-05
7.71584e-05
7.70974e-05
7.70365e-05
7.69758e-05
7.69153e-05
7.68549e-05
7.67947e-05
7.67346e-05
7.66746e-05
7.66148e-05
7.65552e-05
7.64957e-05
7.64363e-05
7.63771e-05
7.6318e-05
7.62591e-05
7.62003e-05
7.61417e-05
7.60832e-05
7.60248e-05
7.59666e-05
7.59086e-05
7.58507e-05
7.57929e-05
7.57353e-05
7.56778e-05
7.56204e-05
7.55632e-05
7.55062e-05
7.54492e-05
7.53924e-05
7.53358e-05
7.52793e-05
7.52229e-05
7.51667e-05
7.51106e-05
7.50546e-05
7.49988e-05
7.49431e-05
7.48876e-05
7.48322e-05
7.47769e-05
7.47218e-05
7.46668e-05
7.46119e-05
7.45572e-05
7.45026e-05
7.44482e-05
7.43938e-05
7.43396e-05
7.42856e-05
7.42317e-05
7.41779e-05
7.41242e-05
7.40707e-05
7.40173e-05
7.3964e-05
7.39109e-05
7.38579e-05
7.3805e-05
7.37523e-05
7.36997e-05
7.36472e-05
7.35948e-05
7.35426e-05
7.34905e-05
7.34385e-05
7.33867e-05
7.3335e-05
7.32834e-05
7.32319e-05
7.31806e-05
7.31294e-05
7.30783e-05
7.30274e-05
7.29765e-05
7.29258e-05
7.28752e-05
7.28248e-05
7.27745e-05
7.27243e-05
7.26742e-05
7.26242e-05
7.25744e-05
7.25247e-05
7.24751e-05
7.24256e-05
7.23762e-05
7.2327e-05
7.22779e-05
7.22289e-05
7.21801e-05
7.21313e-05
7.20827e-05
7.20342e-05
7.19858e-05
7.19375e-05
7.18894e-05
7.18414e-05
7.17934e-05
7.17456e-05
7.1698e-05
7.16504e-05
7.1603e-05
7.15556e-05
7.15084e-05
7.14613e-05
7.14144e-05
7.13675e-05
7.13208e-05
7.12741e-05
7.12276e-05
7.11812e-05
7.11349e-05
7.10887e-05
7.10427e-05
7.09967e-05
7.09509e-05
7.09052e-05
7.08596e-05
7.08141e-05
7.07687e-05
7.07234e-05
7.06783e-05
7.06332e-05
7.05883e-05
7.05434e-05
7.04987e-05
7.04541e-05
7.04096e-05
7.03652e-05
7.03209e-05
7.02768e-05
7.02327e-05
7.01888e-05
7.01449e-05
7.01012e-05
7.00575e-05
7.0014e-05
6.99706e-05
6.99273e-05
6.98841e-05
6.9841e-05
6.9798e-05
6.97551e-05
6.97123e-05
6.96697e-05
6.96271e-05
6.95846e-05
6.95423e-05
6.95e-05
6.94579e-05
6.94158e-05
6.93739e-05
6.9332e-05
6.92903e-05
6.92487e-05
6.92071e-05
6.91657e-05
6.91244e-05
6.90831e-05
6.9042e-05
6.9001e-05
6.89601e-05
6.89192e-05
6.88785e-05
6.88379e-05
6.87974e-05
6.87569e-05
6.87166e-05
6.86764e-05
6.86363e-05
6.85962e-05
6.85563e-05
6.85165e-05
6.84768e-05
6.84371e-05
6.83976e-05
6.83581e-05
6.83188e-05
6.82796e-05
6.82404e-05
6.82014e-05
6.81624e-05
6.81235e-05
6.80848e-05
6.80461e-05
6.80075e-05
6.7969e-05
6.79307e-05
6.78924e-05
6.78542e-05
6.78161e-05
6.77781e-05
6.77402e-05
6.77023e-05
6.76646e-05
6.7627e-05
6.75894e-05
6.7552e-05
6.75146e-05
6.74773e-05
6.74402e-05
6.74031e-05
6.73661e-05
6.73292e-05
6.72924e-05
6.72557e-05
6.7219e-05
6.71825e-05
6.7146e-05
6.71097e-05
6.70734e-05
6.70372e-05
6.70011e-05
6.69651e-05
6.69292e-05
6.68934e-05
6.68577e-05
6.6822e-05
6.67864e-05
6.6751e-05
6.67156e-05
6.66803e-05
6.66451e-05
6.66099e-05
6.65749e-05
6.65399e-05
6.65051e-05
6.64703e-05
6.64356e-05
6.6401e-05
6.63665e-05
6.6332e-05
6.62977e-05
6.62634e-05
6.62292e-05
6.61951e-05
6.61611e-05
6.61271e-05
6.60933e-05
6.60595e-05
6.60258e-05
6.59922e-05
6.59587e-05
6.59253e-05
6.58919e-05
6.58586e-05
6.58254e-05
6.57923e-05
6.57593e-05
6.57264e-05
6.56935e-05
6.56607e-05
6.5628e-05
6.55954e-05
6.55628e-05
6.55304e-05
6.5498e-05
6.54657e-05
6.54335e-05
6.54013e-05
6.53692e-05
6.53373e-05
6.53053e-05
6.52735e-05
6.52418e-05
6.52101e-05
6.51785e-05
6.5147e-05
6.51155e-05
6.50842e-05
6.50529e-05
6.50217e-05
6.49905e-05
6.49595e-05
6.49285e-05
6.48976e-05
6.48668e-05
6.4836e-05
6.48053e-05
6.47747e-05
6.47442e-05
6.47138e-05
6.46834e-05
6.46531e-05
6.46229e-05
6.45927e-05
6.45626e-05
6.45326e-05
6.45027e-05
6.44729e-05
6.44431e-05
6.44134e-05
6.43837e-05
6.43542e-05
6.43247e-05
6.42953e-05
6.42659e-05
6.42366e-05
6.42074e-05
6.41783e-05
6.41493e-05
6.41203e-05
6.40914e-05
6.40625e-05
6.40337e-05
6.4005e-05
6.39764e-05
6.39479e-05
6.39194e-05
6.38909e-05
6.38626e-05
6.38343e-05
6.38061e-05
6.3778e-05
6.37499e-05
6.37219e-05
6.3694e-05
6.36661e-05
6.36383e-05
6.36106e-05
6.35829e-05
6.35553e-05
6.35278e-05
6.35003e-05
6.34729e-05
6.34456e-05
6.34184e-05
6.33912e-05
6.33641e-05
6.3337e-05
6.331e-05
6.32831e-05
6.32562e-05
6.32295e-05
6.32027e-05
6.31761e-05
6.31495e-05
6.3123e-05
6.30965e-05
6.30701e-05
6.30438e-05
6.30175e-05
6.29913e-05
6.29652e-05
6.29391e-05
6.29131e-05
6.28872e-05
6.28613e-05
6.28355e-05
6.28097e-05
6.2784e-05
6.27584e-05
6.27328e-05
6.27073e-05
6.26819e-05
6.26565e-05
6.26312e-05
6.2606e-05
6.25808e-05
6.25556e-05
6.25306e-05
6.25056e-05
6.24806e-05
6.24558e-05
6.24309e-05
6.24062e-05
6.23815e-05
6.23568e-05
6.23323e-05
6.23078e-05
6.22833e-05
6.22589e-05
6.22346e-05
6.22103e-05
6.21861e-05
6.21619e-05
6.21378e-05
6.21138e-05
6.20898e-05
6.20659e-05
6.20421e-05
6.20183e-05
6.19945e-05
6.19708e-05
6.19472e-05
6.19236e-05
6.19001e-05
6.18767e-05
6.18533e-05
6.18299e-05
6.18067e-05
6.17835e-05
6.17603e-05
6.17372e-05
6.17141e-05
6.16911e-05
6.16682e-05
6.16453e-05
6.16225e-05
6.15997e-05
6.1577e-05
6.15544e-05
6.15318e-05
6.15092e-05
6.14867e-05
6.14643e-05
6.14419e-05
6.14196e-05
6.13973e-05
6.13751e-05
6.1353e-05
6.13309e-05
6.13088e-05
6.12868e-05
6.12649e-05
6.1243e-05
6.12211e-05
6.11994e-05
6.11776e-05
6.1156e-05
6.11343e-05
6.11128e-05
6.10913e-05
6.10698e-05
6.10484e-05
6.1027e-05
6.10057e-05
6.09845e-05
6.09633e-05
6.09422e-05
6.09211e-05
6.09e-05
6.0879e-05
6.08581e-05
6.08372e-05
6.08164e-05
6.07956e-05
6.07749e-05
6.07542e-05
6.07335e-05
6.0713e-05
6.06924e-05
6.0672e-05
6.06515e-05
6.06312e-05
6.06108e-05
6.05905e-05
6.05703e-05
6.05501e-05
6.053e-05
6.05099e-05
6.04899e-05
6.04699e-05
6.045e-05
6.04301e-05
6.04103e-05
6.03905e-05
6.03708e-05
6.03511e-05
6.03314e-05
6.03118e-05
6.02923e-05
6.02728e-05
6.02534e-05
6.0234e-05
6.02146e-05
6.01953e-05
6.01761e-05
6.01569e-05
6.01377e-05
6.01186e-05
6.00995e-05
6.00805e-05
6.00615e-05
6.00426e-05
6.00237e-05
6.00049e-05
5.99861e-05
5.99674e-05
5.99487e-05
5.993e-05
5.99114e-05
5.98929e-05
5.98743e-05
5.98559e-05
5.98375e-05
5.98191e-05
5.98008e-05
5.97825e-05
5.97642e-05
5.9746e-05
5.97279e-05
5.97098e-05
5.96917e-05
5.96737e-05
5.96557e-05
5.96378e-05
5.96199e-05
5.96021e-05
5.95843e-05
5.95665e-05
5.95488e-05
5.95312e-05
5.95136e-05
5.9496e-05
5.94784e-05
5.9461e-05
5.94435e-05
5.94261e-05
5.94087e-05
5.93914e-05
5.93741e-05
5.93569e-05
5.93397e-05
5.93226e-05
5.93055e-05
5.92884e-05
5.92714e-05
5.92544e-05
5.92375e-05
5.92206e-05
5.92037e-05
5.91869e-05
5.91701e-05
5.91534e-05
5.91367e-05
5.912e-05
5.91034e-05
5.90869e-05
5.90703e-05
5.90538e-05
5.90374e-05
5.9021e-05
5.90046e-05
5.89883e-05
5.8972e-05
5.89558e-05
5.89396e-05
5.89234e-05
5.89073e-05
5.88912e-05
5.88752e-05
5.88591e-05
5.88432e-05
5.88273e-05
5.88114e-05
5.87955e-05
5.87797e-05
5.87639e-05
5.87482e-05
5.87325e-05
5.87169e-05
5.87012e-05
5.86857e-05
5.86701e-05
5.86546e-05
5.86392e-05
5.86237e-05
5.86083e-05
5.8593e-05
5.85777e-05
5.85624e-05
5.85472e-05
5.8532e-05
5.85168e-05
5.85017e-05
5.84866e-05
5.84716e-05
5.84565e-05
5.84416e-05
5.84266e-05
5.84117e-05
5.83969e-05
5.8382e-05
5.83672e-05
5.83525e-05
5.83378e-05
5.83231e-05
5.83084e-05
5.82938e-05
5.82792e-05
5.82647e-05
5.82502e-05
5.82357e-05
5.82213e-05
5.82069e-05
5.81925e-05
5.81782e-05
5.81639e-05
5.81497e-05
5.81354e-05
5.81213e-05
5.81071e-05
5.8093e-05
5.80789e-05
5.80649e-05
5.80509e-05
5.80369e-05
5.80229e-05
5.8009e-05
5.79952e-05
5.79813e-05
5.79675e-05
5.79537e-05
5.794e-05
5.79263e-05
5.79126e-05
5.7899e-05
5.78854e-05
5.78718e-05
5.78583e-05
5.78448e-05
5.78313e-05
5.78179e-05
5.78045e-05
5.77911e-05
5.77778e-05
5.77644e-05
5.77512e-05
5.77379e-05
5.77247e-05
5.77116e-05
5.76984e-05
5.76853e-05
5.76722e-05
5.76592e-05
5.76462e-05
5.76332e-05
5.76202e-05
5.76073e-05
5.75944e-05
5.75816e-05
5.75688e-05
5.7556e-05
5.75432e-05
5.75305e-05
5.75178e-05
5.75051e-05
5.74925e-05
5.74799e-05
5.74673e-05
5.74548e-05
5.74422e-05
5.74298e-05
5.74173e-05
5.74049e-05
5.73925e-05
5.73802e-05
5.73678e-05
5.73555e-05
5.73433e-05
5.7331e-05
5.73188e-05
5.73067e-05
5.72945e-05
5.72824e-05
5.72703e-05
5.72582e-05
5.72462e-05
5.72342e-05
5.72223e-05
5.72103e-05
5.71984e-05
5.71865e-05
5.71747e-05
5.71629e-05
5.71511e-05
5.71393e-05
5.71276e-05
5.71159e-05
5.71042e-05
5.70925e-05
5.70809e-05
5.70693e-05
5.70578e-05
5.70462e-05
5.70347e-05
5.70233e-05
5.70118e-05
5.70004e-05
5.6989e-05
5.69776e-05
5.69663e-05
5.6955e-05
5.69437e-05
5.69324e-05
5.69212e-05
5.691e-05
5.68989e-05
5.68877e-05
5.68766e-05
5.68655e-05
5.68544e-05
5.68434e-05
5.68324e-05
5.68214e-05
5.68105e-05
5.67996e-05
5.67887e-05
5.67778e-05
5.67669e-05
5.67561e-05
5.67453e-05
5.67346e-05
5.67238e-05
5.67131e-05
5.67024e-05
5.66918e-05
5.66811e-05
5.66705e-05
5.666e-05
5.66494e-05
5.66389e-05
5.66284e-05
5.66179e-05
5.66074e-05
5.6597e-05
5.65866e-05
5.65762e-05
5.65659e-05
5.65556e-05
5.65453e-05
5.6535e-05
5.65248e-05
5.65145e-05
5.65043e-05
5.64942e-05
5.6484e-05
5.64739e-05
5.64638e-05
5.64537e-05
5.64437e-05
5.64337e-05
5.64237e-05
5.64137e-05
5.64037e-05
5.63938e-05
5.63839e-05
5.6374e-05
5.63642e-05
5.63544e-05
5.63446e-05
5.63348e-05
5.6325e-05
5.63153e-05
5.63056e-05
5.62959e-05
5.62862e-05
5.62766e-05
5.6267e-05
5.62574e-05
5.62478e-05
5.62383e-05
5.62288e-05
5.62193e-05
5.62098e-05
5.62004e-05
5.6191e-05
5.61816e-05
5.61722e-05
5.61628e-05
5.61535e-05
5.61442e-05
5.61349e-05
5.61256e-05
5.61164e-05
5.61072e-05
5.6098e-05
5.60888e-05
5.60797e-05
5.60705e-05
5.60614e-05
5.60523e-05
5.60433e-05
5.60343e-05
5.60252e-05
5.60162e-05
5.60073e-05
5.59983e-05
5.59894e-05
5.59805e-05
5.59716e-05
5.59627e-05
5.59539e-05
5.59451e-05
5.59363e-05
5.59275e-05
5.59188e-05
5.591e-05
5.59013e-05
5.58926e-05
5.5884e-05
5.58753e-05
5.58667e-05
5.58581e-05
5.58495e-05
5.5841e-05
5.58324e-05
5.58239e-05
5.58154e-05
5.58069e-05
5.57985e-05
5.579e-05
5.57816e-05
5.57732e-05
5.57649e-05
5.57565e-05
5.57482e-05
5.57399e-05
5.57316e-05
5.57233e-05
5.57151e-05
5.57068e-05
5.56986e-05
5.56904e-05
5.56823e-05
5.56741e-05
5.5666e-05
5.56579e-05
5.56498e-05
5.56417e-05
5.56337e-05
5.56256e-05
5.56176e-05
5.56096e-05
5.56017e-05
5.55937e-05
5.55858e-05
5.55779e-05
5.557e-05
5.55621e-05
5.55543e-05
5.55464e-05
5.55386e-05
5.55308e-05
5.5523e-05
5.55153e-05
5.55075e-05
5.54998e-05
5.54921e-05
5.54844e-05
5.54768e-05
5.54691e-05
5.54615e-05
5.54539e-05
5.54463e-05
5.54387e-05
5.54312e-05
5.54237e-05
5.54161e-05
5.54087e-05
5.54012e-05
5.53937e-05
5.53863e-05
5.53789e-05
5.53715e-05
5.53641e-05
5.53567e-05
5.53494e-05
5.5342e-05
5.53347e-05
5.53274e-05
5.53201e-05
5.53129e-05
5.53056e-05
5.52984e-05
5.52912e-05
5.5284e-05
5.52769e-05
5.52697e-05
5.52626e-05
5.52555e-05
5.52484e-05
5.52413e-05
5.52342e-05
5.52272e-05
5.52201e-05
5.52131e-05
5.52061e-05
5.51992e-05
5.51922e-05
5.51853e-05
5.51783e-05
5.51714e-05
5.51645e-05
5.51577e-05
5.51508e-05
5.5144e-05
5.51371e-05
5.51303e-05
5.51235e-05
5.51168e-05
5.511e-05
5.51033e-05
5.50965e-05
5.50898e-05
5.50831e-05
5.50765e-05
5.50698e-05
5.50632e-05
5.50565e-05
5.50499e-05
5.50433e-05
5.50367e-05
5.50302e-05
5.50236e-05
5.50171e-05
5.50106e-05
5.50041e-05
5.49976e-05
5.49912e-05
5.49847e-05
5.49783e-05
5.49719e-05
5.49655e-05
5.49591e-05
5.49527e-05
5.49463e-05
5.494e-05
5.49337e-05
5.49274e-05
5.49211e-05
5.49148e-05
5.49085e-05
5.49023e-05
5.48961e-05
5.48899e-05
5.48837e-05
5.48775e-05
5.48713e-05
5.48651e-05
5.4859e-05
5.48529e-05
5.48468e-05
5.48407e-05
5.48346e-05
5.48285e-05
5.48225e-05
5.48165e-05
5.48104e-05
5.48044e-05
5.47984e-05
5.47925e-05
5.47865e-05
5.47806e-05
5.47746e-05
5.47687e-05
5.47628e-05
5.47569e-05
5.47511e-05
5.47452e-05
5.47394e-05
5.47335e-05
5.47277e-05
5.47219e-05
5.47161e-05
5.47103e-05
5.47046e-05
5.46988e-05
5.46931e-05
5.46874e-05
5.46817e-05
5.4676e-05
5.46703e-05
5.46647e-05
5.4659e-05
5.46534e-05
5.46478e-05
5.46422e-05
5.46366e-05
5.4631e-05
5.46254e-05
5.46199e-05
5.46144e-05
5.46088e-05
5.46033e-05
5.45978e-05
5.45924e-05
5.45869e-05
5.45814e-05
5.4576e-05
5.45706e-05
5.45651e-05
5.45597e-05
5.45544e-05
5.4549e-05
5.45436e-05
5.45383e-05
5.45329e-05
5.45276e-05
5.45223e-05
5.4517e-05
5.45117e-05
5.45065e-05
5.45012e-05
5.4496e-05
5.44907e-05
5.44855e-05
5.44803e-05
5.44751e-05
5.44699e-05
5.44648e-05
5.44596e-05
5.44545e-05
5.44493e-05
5.44442e-05
5.44391e-05
5.4434e-05
5.44289e-05
5.44239e-05
5.44188e-05
5.44138e-05
5.44088e-05
5.44037e-05
5.43987e-05
5.43937e-05
5.43888e-05
5.43838e-05
5.43788e-05
5.43739e-05
5.4369e-05
5.4364e-05
5.43591e-05
5.43542e-05
5.43494e-05
5.43445e-05
5.43396e-05
5.43348e-05
5.433e-05
5.43251e-05
5.43203e-05
5.43155e-05
5.43107e-05
5.4306e-05
5.43012e-05
5.42964e-05
5.42917e-05
5.4287e-05
5.42823e-05
5.42775e-05
5.42729e-05
5.42682e-05
5.42635e-05
5.42588e-05
5.42542e-05
5.42496e-05
5.42449e-05
5.42403e-05
5.42357e-05
5.42311e-05
5.42265e-05
5.4222e-05
5.42174e-05
5.42129e-05
5.42083e-05
5.42038e-05
5.41993e-05
5.41948e-05
5.41903e-05
5.41858e-05
5.41814e-05
5.41769e-05
5.41725e-05
5.4168e-05
5.41636e-05
5.41592e-05
5.41548e-05
5.41504e-05
5.4146e-05
5.41416e-05
5.41373e-05
5.41329e-05
5.41286e-05
5.41243e-05
5.41199e-05
5.41156e-05
5.41113e-05
5.41071e-05
5.41028e-05
5.40985e-05
5.40943e-05
5.409e-05
5.40858e-05
5.40816e-05
5.40773e-05
5.40731e-05
5.4069e-05
5.40648e-05
5.40606e-05
5.40564e-05
5.40523e-05
5.40481e-05
5.4044e-05
5.40399e-05
5.40358e-05
5.40317e-05
5.40276e-05
5.40235e-05
5.40194e-05
5.40154e-05
5.40113e-05
5.40073e-05
5.40033e-05
5.39993e-05
5.39952e-05
5.39912e-05
5.39873e-05
5.39833e-05
5.39793e-05
5.39753e-05
5.39714e-05
5.39674e-05
5.39635e-05
5.39596e-05
5.39557e-05
5.39518e-05
5.39479e-05
5.3944e-05
5.39401e-05
5.39363e-05
5.39324e-05
5.39286e-05
5.39247e-05
5.39209e-05
5.39171e-05
5.39133e-05
5.39095e-05
5.39057e-05
5.39019e-05
5.38981e-05
5.38944e-05
5.38906e-05
5.38869e-05
5.38831e-05
5.38794e-05
5.38757e-05
5.3872e-05
5.38683e-05
5.38646e-05
5.38609e-05
5.38573e-05
5.38536e-05
5.38499e-05
5.38463e-05
5.38427e-05
5.3839e-05
5.38354e-05
5.38318e-05
5.38282e-05
5.38246e-05
5.38211e-05
5.38175e-05
5.38139e-05
5.38104e-05
5.38068e-05
5.38033e-05
5.37998e-05
5.37962e-05
5.37927e-05
5.37892e-05
5.37857e-05
5.37822e-05
5.37788e-05
5.37753e-05
5.37718e-05
5.37684e-05
5.37649e-05
5.37615e-05
5.37581e-05
5.37547e-05
5.37513e-05
5.37479e-05
5.37445e-05
5.37411e-05
5.37377e-05
5.37343e-05
5.3731e-05
5.37276e-05
5.37243e-05
5.37209e-05
5.37176e-05
5.37143e-05
5.3711e-05
5.37077e-05
5.37044e-05
5.37011e-05
5.36978e-05
5.36946e-05
5.36913e-05
5.36881e-05
5.36848e-05
5.36816e-05
5.36783e-05
5.36751e-05
5.36719e-05
5.36687e-05
5.36655e-05
5.36623e-05
5.36591e-05
5.3656e-05
5.36528e-05
5.36496e-05
5.36465e-05
5.36433e-05
5.36402e-05
5.36371e-05
5.3634e-05
5.36308e-05
5.36277e-05
5.36246e-05
5.36215e-05
5.36185e-05
5.36154e-05
5.36123e-05
5.36093e-05
5.36062e-05
5.36032e-05
5.36001e-05
5.35971e-05
5.35941e-05
5.35911e-05
5.35881e-05
5.35851e-05
5.35821e-05
5.35791e-05
5.35761e-05
5.35731e-05
5.35702e-05
5.35672e-05
5.35643e-05
5.35613e-05
5.35584e-05
5.35555e-05
5.35525e-05
5.35496e-05
5.35467e-05
5.35438e-05
5.35409e-05
5.35381e-05
5.35352e-05
5.35323e-05
5.35294e-05
5.35266e-05
5.35237e-05
5.35209e-05
5.35181e-05
5.35152e-05
5.35124e-05
5.35096e-05
5.35068e-05
5.3504e-05
5.35012e-05
5.34984e-05
5.34956e-05
5.34929e-05
5.34901e-05
5.34873e-05
5.34846e-05
5.34818e-05
5.34791e-05
5.34764e-05
5.34736e-05
5.34709e-05
5.34682e-05
5.34655e-05
5.34628e-05
5.34601e-05
5.34574e-05
5.34547e-05
5.34521e-05
5.34494e-05
5.34468e-05
5.34441e-05
5.34415e-05
5.34388e-05
5.34362e-05
5.34336e-05
5.34309e-05
5.34283e-05
5.34257e-05
5.34231e-05
5.34205e-05
5.34179e-05
5.34153e-05
5.34128e-05
5.34102e-05
5.34076e-05
5.34051e-05
5.34025e-05
5.34e-05
5.33974e-05
5.33949e-05
5.33924e-05
5.33899e-05
5.33874e-05
5.33848e-05
5.33823e-05
5.33799e-05
5.33774e-05
5.33749e-05
5.33724e-05
5.33699e-05
5.33675e-05
5.3365e-05
5.33626e-05
5.33601e-05
5.33577e-05
5.33552e-05
5.33528e-05
5.33504e-05
5.3348e-05
5.33456e-05
5.33432e-05
5.33408e-05
5.33384e-05
5.3336e-05
5.33336e-05
5.33312e-05
5.33289e-05
5.33265e-05
5.33241e-05
5.33218e-05
5.33194e-05
5.33171e-05
5.33148e-05
5.33124e-05
5.33101e-05
5.33078e-05
5.33055e-05
5.33032e-05
5.33009e-05
5.32986e-05
5.32963e-05
5.3294e-05
5.32917e-05
5.32895e-05
5.32872e-05
5.32849e-05
5.32827e-05
5.32804e-05
5.32782e-05
5.32759e-05
5.32737e-05
5.32715e-05
5.32693e-05
5.3267e-05
5.32648e-05
5.32626e-05
5.32604e-05
5.32582e-05
5.3256e-05
5.32539e-05
5.32517e-05
5.32495e-05
5.32473e-05
5.32452e-05
5.3243e-05
5.32409e-05
5.32387e-05
5.32366e-05
5.32344e-05
5.32323e-05
5.32302e-05
5.3228e-05
5.32259e-05
5.32238e-05
5.32217e-05
5.32196e-05
5.32175e-05
5.32154e-05
5.32133e-05
5.32113e-05
5.32092e-05
5.32071e-05
5.32051e-05
5.3203e-05
5.32009e-05
5.31989e-05
5.31968e-05
5.31948e-05
5.31928e-05
5.31907e-05
5.31887e-05
5.31867e-05
5.31847e-05
5.31827e-05
5.31807e-05
5.31787e-05
5.31767e-05
5.31747e-05
5.31727e-05
5.31707e-05
5.31687e-05
5.31668e-05
5.31648e-05
5.31628e-05
5.31609e-05
5.31589e-05
5.3157e-05
5.31551e-05
5.31531e-05
5.31512e-05
5.31493e-05
5.31473e-05
5.31454e-05
5.31435e-05
5.31416e-05
5.31397e-05
5.31378e-05
5.31359e-05
5.3134e-05
5.31321e-05
5.31302e-05
5.31284e-05
5.31265e-05
5.31246e-05
5.31228e-05
5.31209e-05
5.3119e-05
5.31172e-05
5.31154e-05
5.31135e-05
5.31117e-05
5.31098e-05
5.3108e-05
5.31062e-05
5.31044e-05
5.31026e-05
5.31008e-05
5.3099e-05
5.30972e-05
5.30954e-05
5.30936e-05
5.30918e-05
5.309e-05
5.30882e-05
5.30865e-05
5.30847e-05
5.30829e-05
5.30812e-05
5.30794e-05
5.30777e-05
5.30759e-05
5.30742e-05
5.30724e-05
5.30707e-05
5.3069e-05
5.30672e-05
5.30655e-05
5.30638e-05
5.30621e-05
5.30604e-05
5.30587e-05
5.3057e-05
5.30553e-05
5.30536e-05
5.30519e-05
5.30502e-05
5.30485e-05
5.30468e-05
5.30452e-05
5.30435e-05
5.30418e-05
5.30402e-05
5.30385e-05
5.30369e-05
5.30352e-05
5.30336e-05
5.30319e-05
5.30303e-05
5.30287e-05
5.30271e-05
5.30254e-05
5.30238e-05
5.30222e-05
5.30206e-05
5.3019e-05
5.30174e-05
5.30158e-05
5.30142e-05
5.30126e-05
5.3011e-05
5.30094e-05
5.30078e-05
5.30063e-05
5.30047e-05
5.30031e-05
5.30016e-05
5.3e-05
5.29984e-05
5.29969e-05
5.29953e-05
5.29938e-05
5.29922e-05
5.29907e-05
5.29892e-05
5.29876e-05
5.29861e-05
5.29846e-05
5.29831e-05
5.29816e-05
5.298e-05
5.29785e-05
5.2977e-05
5.29755e-05
5.2974e-05
5.29725e-05
5.29711e-05
5.29696e-05
5.29681e-05
5.29666e-05
5.29651e-05
5.29637e-05
5.29622e-05
5.29607e-05
5.29593e-05
5.29578e-05
5.29564e-05
5.29549e-05
5.29535e-05
5.2952e-05
5.29506e-05
5.29491e-05
5.29477e-05
5.29463e-05
5.29449e-05
5.29434e-05
5.2942e-05
5.29406e-05
5.29392e-05
5.29378e-05
5.29364e-05
5.2935e-05
5.29336e-05
5.29322e-05
5.29308e-05
5.29294e-05
5.2928e-05
5.29266e-05
5.29253e-05
5.29239e-05
5.29225e-05
5.29211e-05
5.29198e-05
5.29184e-05
5.29171e-05
5.29157e-05
5.29144e-05
5.2913e-05
5.29117e-05
5.29103e-05
5.2909e-05
5.29077e-05
5.29063e-05
5.2905e-05
5.29037e-05
5.29023e-05
5.2901e-05
5.28997e-05
5.28984e-05
5.28971e-05
5.28958e-05
5.28945e-05
5.28932e-05
5.28919e-05
5.28906e-05
5.28893e-05
5.2888e-05
5.28867e-05
5.28855e-05
5.28842e-05
5.28829e-05
5.28816e-05
5.28804e-05
5.28791e-05
5.28779e-05
5.28766e-05
5.28753e-05
5.28741e-05
5.28728e-05
5.28716e-05
5.28703e-05
5.28691e-05
5.28679e-05
5.28666e-05
5.28654e-05
5.28642e-05
5.2863e-05
5.28617e-05
5.28605e-05
5.28593e-05
5.28581e-05
5.28569e-05
5.28557e-05
5.28545e-05
5.28533e-05
5.28521e-05
5.28509e-05
5.28497e-05
5.28485e-05
5.28473e-05
5.28461e-05
5.28449e-05
5.28438e-05
5.28426e-05
5.28414e-05
5.28402e-05
5.28391e-05
5.28379e-05
5.28368e-05
5.28356e-05
5.28344e-05
5.28333e-05
5.28321e-05
5.2831e-05
5.28299e-05
5.28287e-05
5.28276e-05
5.28264e-05
5.28253e-05
5.28242e-05
5.28231e-05
5.28219e-05
5.28208e-05
5.28197e-05
5.28186e-05
5.28175e-05
5.28163e-05
5.28152e-05
5.28141e-05
5.2813e-05
5.28119e-05
5.28108e-05
5.28097e-05
5.28087e-05
5.28076e-05
5.28065e-05
5.28054e-05
5.28043e-05
5.28032e-05
5.28022e-05
5.28011e-05
5.28e-05
5.27989e-05
5.27979e-05
5.27968e-05
5.27958e-05
5.27947e-05
5.27936e-05
5.27926e-05
5.27915e-05
5.27905e-05
5.27895e-05
5.27884e-05
5.27874e-05
5.27863e-05
5.27853e-05
5.27843e-05
5.27832e-05
5.27822e-05
5.27812e-05
5.27802e-05
5.27791e-05
5.27781e-05
5.27771e-05
5.27761e-05
5.27751e-05
5.27741e-05
5.27731e-05
5.27721e-05
5.27711e-05
5.27701e-05
5.27691e-05
5.27681e-05
5.27671e-05
5.27661e-05
5.27651e-05
5.27642e-05
5.27632e-05
5.27622e-05
5.27612e-05
5.27602e-05
5.27593e-05
5.27583e-05
5.27573e-05
5.27564e-05
5.27554e-05
5.27545e-05
5.27535e-05
5.27525e-05
5.27516e-05
5.27506e-05
5.27497e-05
5.27488e-05
5.27478e-05
5.27469e-05
5.27459e-05
5.2745e-05
5.27441e-05
5.27431e-05
5.27422e-05
5.27413e-05
5.27404e-05
5.27394e-05
5.27385e-05
5.27376e-05
5.27367e-05
5.27358e-05
5.27349e-05
5.27339e-05
5.2733e-05
5.27321e-05
5.27312e-05
5.27303e-05
5.27294e-05
5.27285e-05
5.27276e-05
5.27268e-05
5.27259e-05
5.2725e-05
5.27241e-05
5.27232e-05
5.27223e-05
5.27215e-05
5.27206e-05
5.27197e-05
5.27188e-05
5.2718e-05
5.27171e-05
5.27162e-05
5.27154e-05
5.27145e-05
5.27136e-05
5.27128e-05
5.27119e-05
5.27111e-05
5.27102e-05
5.27094e-05
5.27085e-05
5.27077e-05
5.27068e-05
5.2706e-05
5.27052e-05
5.27043e-05
5.27035e-05
5.27027e-05
5.27018e-05
5.2701e-05
5.27002e-05
5.26994e-05
5.26985e-05
5.26977e-05
5.26969e-05
5.26961e-05
5.26953e-05
5.26945e-05
5.26936e-05
5.26928e-05
5.2692e-05
5.26912e-05
5.26904e-05
5.26896e-05
5.26888e-05
5.2688e-05
5.26872e-05
5.26864e-05
5.26856e-05
5.26849e-05
5.26841e-05
5.26833e-05
5.26825e-05
5.26817e-05
5.26809e-05
5.26802e-05
5.26794e-05
5.26786e-05
5.26778e-05
5.26771e-05
5.26763e-05
5.26755e-05
5.26748e-05
5.2674e-05
5.26733e-05
5.26725e-05
5.26717e-05
5.2671e-05
5.26702e-05
5.26695e-05
5.26687e-05
5.2668e-05
5.26672e-05
5.26665e-05
5.26657e-05
5.2665e-05
5.26643e-05
5.26635e-05
5.26628e-05
5.26621e-05
5.26613e-05
5.26606e-05
5.26599e-05
5.26592e-05
5.26584e-05
5.26577e-05
5.2657e-05
5.26563e-05
5.26555e-05
5.26548e-05
5.26541e-05
5.26534e-05
5.26527e-05
5.2652e-05
5.26513e-05
5.26506e-05
5.26499e-05
5.26492e-05
5.26485e-05
5.26478e-05
5.26471e-05
5.26464e-05
5.26457e-05
5.2645e-05
5.26443e-05
5.26436e-05
5.26429e-05
5.26422e-05
5.26416e-05
5.26409e-05
5.26402e-05
5.26395e-05
5.26388e-05
5.26382e-05
5.26375e-05
5.26368e-05
5.26362e-05
5.26355e-05
5.26348e-05
5.26342e-05
5.26335e-05
5.26328e-05
5.26322e-05
5.26315e-05
5.26309e-05
5.26302e-05
5.26295e-05
5.26289e-05
5.26282e-05
5.26276e-05
5.26269e-05
5.26263e-05
5.26257e-05
5.2625e-05
5.26244e-05
5.26237e-05
5.26231e-05
5.26225e-05
5.26218e-05
5.26212e-05
5.26206e-05
5.26199e-05
5.26193e-05
5.26187e-05
5.2618e-05
5.26174e-05
5.26168e-05
5.26162e-05
5.26156e-05
5.26149e-05
5.26143e-05
5.26137e-05
5.26131e-05
5.26125e-05
5.26119e-05
5.26113e-05
5.26106e-05
5.261e-05
5.26094e-05
5.26088e-05
5.26082e-05
5.26076e-05
5.2607e-05
5.26064e-05
5.26058e-05
5.26052e-05
5.26047e-05
5.26041e-05
5.26035e-05
5.26029e-05
5.26023e-05
5.26017e-05
5.26011e-05
5.26005e-05
5.26e-05
5.25994e-05
5.25988e-05
5.25982e-05
5.25976e-05
5.25971e-05
5.25965e-05
5.25959e-05
5.25954e-05
5.25948e-05
5.25942e-05
5.25936e-05
5.25931e-05
5.25925e-05
5.2592e-05
5.25914e-05
5.25908e-05
5.25903e-05
5.25897e-05
5.25892e-05
5.25886e-05
5.25881e-05
5.25875e-05
5.2587e-05
5.25864e-05
5.25859e-05
5.25853e-05
5.25848e-05
5.25842e-05
5.25837e-05
5.25831e-05
5.25826e-05
5.25821e-05
5.25815e-05
5.2581e-05
5.25805e-05
5.25799e-05
5.25794e-05
5.25789e-05
5.25783e-05
5.25778e-05
5.25773e-05
5.25767e-05
5.25762e-05
5.25757e-05
5.25752e-05
5.25747e-05
5.25741e-05
5.25736e-05
5.25731e-05
5.25726e-05
5.25721e-05
5.25716e-05
5.25711e-05
5.25705e-05
5.257e-05
5.25695e-05
5.2569e-05
5.25685e-05
5.2568e-05
5.25675e-05
5.2567e-05
5.25665e-05
5.2566e-05
5.25655e-05
5.2565e-05
5.25645e-05
5.2564e-05
5.25635e-05
5.2563e-05
5.25625e-05
5.25621e-05
5.25616e-05
5.25611e-05
5.25606e-05
5.25601e-05
5.25596e-05
5.25591e-05
5.25587e-05
5.25582e-05
5.25577e-05
5.25572e-05
5.25567e-05
5.25563e-05
5.25558e-05
5.25553e-05
5.25548e-05
5.25544e-05
5.25539e-05
5.25534e-05
5.2553e-05
5.25525e-05
5.2552e-05
5.25516e-05
5.25511e-05
5.25506e-05
5.25502e-05
5.25497e-05
5.25493e-05
5.25488e-05
5.25483e-05
5.25479e-05
5.25474e-05
5.2547e-05
5.25465e-05
5.25461e-05
5.25456e-05
5.25452e-05
5.25447e-05
5.25443e-05
5.25438e-05
5.25434e-05
5.2543e-05
5.25425e-05
5.25421e-05
5.25416e-05
5.25412e-05
5.25408e-05
5.25403e-05
5.25399e-05
5.25394e-05
5.2539e-05
5.25386e-05
5.25381e-05
5.25377e-05
5.25373e-05
5.25369e-05
5.25364e-05
5.2536e-05
5.25356e-05
5.25352e-05
5.25347e-05
5.25343e-05
5.25339e-05
5.25335e-05
5.2533e-05
5.25326e-05
5.25322e-05
5.25318e-05
5.25314e-05
5.2531e-05
5.25305e-05
5.25301e-05
5.25297e-05
5.25293e-05
5.25289e-05
5.25285e-05
5.25281e-05
5.25277e-05
5.25273e-05
5.25269e-05
5.25265e-05
5.25261e-05
5.25257e-05
5.25253e-05
5.25249e-05
5.25245e-05
5.25241e-05
5.25237e-05
5.25233e-05
5.25229e-05
5.25225e-05
5.25221e-05
5.25217e-05
5.25213e-05
5.25209e-05
5.25205e-05
5.25201e-05
5.25197e-05
5.25194e-05
5.2519e-05
5.25186e-05
5.25182e-05
5.25178e-05
5.25174e-05
5.25171e-05
5.25167e-05
5.25163e-05
5.25159e-05
5.25155e-05
5.25152e-05
5.25148e-05
5.25144e-05
5.2514e-05
5.25137e-05
5.25133e-05
5.25129e-05
5.25126e-05
5.25122e-05
5.25118e-05
5.25115e-05
5.25111e-05
5.25107e-05
5.25104e-05
5.251e-05
5.25096e-05
5.25093e-05
5.25089e-05
5.25085e-05
5.25082e-05
5.25078e-05
5.25075e-05
5.25071e-05
5.25068e-05
5.25064e-05
5.2506e-05
5.25057e-05
5.25053e-05
5.2505e-05
5.25046e-05
5.25043e-05
5.25039e-05
5.25036e-05
5.25032e-05
5.25029e-05
5.25025e-05
5.25022e-05
5.25019e-05
5.25015e-05
5.25012e-05
5.25008e-05
5.25005e-05
5.25001e-05
5.24998e-05
5.24995e-05
5.24991e-05
5.24988e-05
5.24985e-05
5.24981e-05
5.24978e-05
5.24975e-05
5.24971e-05
5.24968e-05
5.24965e-05
5.24961e-05
5.24958e-05
5.24955e-05
5.24951e-05
5.24948e-05
5.24945e-05
5.24942e-05
5.24938e-05
5.24935e-05
5.24932e-05
5.24929e-05
5.24925e-05
5.24922e-05
5.24919e-05
5.24916e-05
5.24913e-05
5.24909e-05
5.24906e-05
5.24903e-05
5.249e-05
5.24897e-05
5.24894e-05
5.24891e-05
5.24887e-05
5.24884e-05
5.24881e-05
5.24878e-05
5.24875e-05
5.24872e-05
5.24869e-05
5.24866e-05
5.24863e-05
5.2486e-05
5.24856e-05
5.24853e-05
5.2485e-05
5.24847e-05
5.24844e-05
5.24841e-05
5.24838e-05
5.24835e-05
5.24832e-05
5.24829e-05
5.24826e-05
5.24823e-05
5.2482e-05
5.24817e-05
5.24814e-05
5.24812e-05
5.24809e-05
5.24806e-05
5.24803e-05
5.248e-05
5.24797e-05
5.24794e-05
5.24791e-05
5.24788e-05
5.24785e-05
5.24782e-05
5.2478e-05
5.24777e-05
5.24774e-05
5.24771e-05
5.24768e-05
5.24765e-05
5.24763e-05
5.2476e-05
5.24757e-05
5.24754e-05
5.24751e-05
5.24748e-05
5.24746e-05
5.24743e-05
5.2474e-05
5.24737e-05
5.24735e-05
5.24732e-05
5.24729e-05
5.24726e-05
5.24724e-05
5.24721e-05
5.24718e-05
5.24715e-05
5.24713e-05
5.2471e-05
5.24707e-05
5.24705e-05
5.24702e-05
5.24699e-05
5.24697e-05
5.24694e-05
5.24691e-05
5.24689e-05
5.24686e-05
5.24683e-05
5.24681e-05
5.24678e-05
5.24675e-05
5.24673e-05
5.2467e-05
5.24668e-05
5.24665e-05
5.24662e-05
5.2466e-05
5.24657e-05
5.24655e-05
5.24652e-05
5.2465e-05
5.24647e-05
5.24644e-05
5.24642e-05
5.24639e-05
5.24637e-05
5.24634e-05
5.24632e-05
5.24629e-05
5.24627e-05
5.24624e-05
5.24622e-05
5.24619e-05
5.24617e-05
5.24614e-05
5.24612e-05
5.24609e-05
5.24607e-05
5.24604e-05
5.24602e-05
5.246e-05
5.24597e-05
5.24595e-05
5.24592e-05
5.2459e-05
5.24587e-05
5.24585e-05
5.24583e-05
5.2458e-05
5.24578e-05
5.24576e-05
5.24573e-05
5.24571e-05
5.24568e-05
5.24566e-05
5.24564e-05
5.24561e-05
5.24559e-05
5.24557e-05
5.24554e-05
5.24552e-05
5.2455e-05
5.24547e-05
5.24545e-05
5.24543e-05
5.2454e-05
5.24538e-05
5.24536e-05
5.24534e-05
5.24531e-05
5.24529e-05
5.24527e-05
5.24524e-05
5.24522e-05
5.2452e-05
5.24518e-05
5.24515e-05
5.24513e-05
5.24511e-05
5.24509e-05
5.24507e-05
5.24504e-05
5.24502e-05
5.245e-05
5.24498e-05
5.24496e-05
5.24493e-05
5.24491e-05
5.24489e-05
5.24487e-05
5.24485e-05
5.24482e-05
5.2448e-05
5.24478e-05
5.24476e-05
5.24474e-05
5.24472e-05
5.2447e-05
5.24467e-05
5.24465e-05
5.24463e-05
5.24461e-05
5.24459e-05
5.24457e-05
5.24455e-05
5.24453e-05
5.24451e-05
5.24449e-05
5.24446e-05
5.24444e-05
5.24442e-05
5.2444e-05
5.24438e-05
5.24436e-05
5.24434e-05
5.24432e-05
5.2443e-05
5.24428e-05
5.24426e-05
5.24424e-05
5.24422e-05
5.2442e-05
5.24418e-05
5.24416e-05
5.24414e-05
5.24412e-05
5.2441e-05
5.24408e-05
5.24406e-05
5.24404e-05
5.24402e-05
5.244e-05
5.24398e-05
5.24396e-05
5.24394e-05
5.24392e-05
5.2439e-05
5.24388e-05
5.24386e-05
5.24384e-05
5.24382e-05
5.24381e-05
5.24379e-05
5.24377e-05
5.24375e-05
5.24373e-05
5.24371e-05
5.24369e-05
5.24367e-05
5.24365e-05
5.24363e-05
5.24362e-05
5.2436e-05
5.24358e-05
5.24356e-05
5.24354e-05
5.24352e-05
5.2435e-05
5.24349e-05
5.24347e-05
5.24345e-05
5.24343e-05
5.24341e-05
5.24339e-05
5.24338e-05
5.24336e-05
5.24334e-05
5.24332e-05
5.2433e-05
5.24329e-05
5.24327e-05
5.24325e-05
5.24323e-05
5.24321e-05
5.2432e-05
5.24318e-05
5.24316e-05
5.24314e-05
5.24313e-05
5.24311e-05
5.24309e-05
5.24307e-05
5.24306e-05
5.24304e-05
5.24302e-05
5.243e-05
5.24299e-05
5.24297e-05
5.24295e-05
5.24293e-05
5.24292e-05
5.2429e-05
5.24288e-05
5.24287e-05
5.24285e-05
5.24283e-05
5.24281e-05
5.2428e-05
5.24278e-05
5.24276e-05
5.24275e-05
5.24273e-05
5.24271e-05
5.2427e-05
5.24268e-05
5.24266e-05
5.24265e-05
5.24263e-05
5.24262e-05
5.2426e-05
5.24258e-05
5.24257e-05
5.24255e-05
5.24253e-05
5.24252e-05
5.2425e-05
5.24249e-05
5.24247e-05
5.24245e-05
5.24244e-05
5.24242e-05
5.24241e-05
5.24239e-05
5.24237e-05
5.24236e-05
5.24234e-05
5.24233e-05
5.24231e-05
5.24229e-05
5.24228e-05
5.24226e-05
5.24225e-05
5.24223e-05
5.24222e-05
5.2422e-05
5.24219e-05
5.24217e-05
5.24215e-05
5.24214e-05
5.24212e-05
5.24211e-05
5.24209e-05
5.24208e-05
5.24206e-05
5.24205e-05
5.24203e-05
5.24202e-05
5.242e-05
5.24199e-05
5.24197e-05
5.24196e-05
5.24194e-05
5.24193e-05
5.24191e-05
5.2419e-05
5.24188e-05
5.24187e-05
5.24186e-05
5.24184e-05
5.24183e-05
5.24181e-05
5.2418e-05
5.24178e-05
5.24177e-05
5.24175e-05
5.24174e-05
5.24172e-05
5.24171e-05
5.2417e-05
5.24168e-05
5.24167e-05
5.24165e-05
5.24164e-05
5.24163e-05
5.24161e-05
5.2416e-05
5.24158e-05
5.24157e-05
5.24155e-05
5.24154e-05
5.24153e-05
5.24151e-05
5.2415e-05
5.24149e-05
5.24147e-05
5.24146e-05
5.24144e-05
5.24143e-05
5.24142e-05
5.2414e-05
5.24139e-05
5.24138e-05
5.24136e-05
5.24135e-05
5.24134e-05
5.24132e-05
5.24131e-05
5.2413e-05
5.24128e-05
5.24127e-05
5.24126e-05
5.24124e-05
5.24123e-05
5.24122e-05
5.2412e-05
5.24119e-05
5.24118e-05
5.24116e-05
5.24115e-05
5.24114e-05
5.24112e-05
5.24111e-05
5.2411e-05
5.24109e-05
5.24107e-05
5.24106e-05
5.24105e-05
5.24103e-05
5.24102e-05
5.24101e-05
5.241e-05
5.24098e-05
5.24097e-05
5.24096e-05
5.24095e-05
5.24093e-05
5.24092e-05
5.24091e-05
5.2409e-05
5.24088e-05
5.24087e-05
5.24086e-05
5.24085e-05
5.24083e-05
5.24082e-05
5.24081e-05
5.2408e-05
5.24079e-05
5.24077e-05
5.24076e-05
5.24075e-05
5.24074e-05
5.24072e-05
5.24071e-05
5.2407e-05
5.24069e-05
5.24068e-05
5.24066e-05
5.24065e-05
5.24064e-05
5.24063e-05
5.24062e-05
5.24061e-05
5.24059e-05
5.24058e-05
5.24057e-05
5.24056e-05
5.24055e-05
5.24054e-05
5.24052e-05
5.24051e-05
5.2405e-05
5.24049e-05
5.24048e-05
5.24047e-05
5.24045e-05
5.24044e-05
5.24043e-05
5.24042e-05
5.24041e-05
5.2404e-05
5.24039e-05
5.24038e-05
5.24036e-05
5.24035e-05
5.24034e-05
5.24033e-05
5.24032e-05
5.24031e-05
5.2403e-05
5.24029e-05
5.24028e-05
5.24026e-05
5.24025e-05
5.24024e-05
5.24023e-05
5.24022e-05
5.24021e-05
5.2402e-05
5.24019e-05
5.24018e-05
5.24017e-05
5.24016e-05
5.24014e-05
5.24013e-05
5.24012e-05
5.24011e-05
5.2401e-05
5.24009e-05
5.24008e-05
5.24007e-05
5.24006e-05
5.24005e-05
5.24004e-05
5.24003e-05
5.24002e-05
5.24001e-05
5.24e-05
5.23999e-05
5.23998e-05
5.23997e-05
5.23996e-05
5.23995e-05
5.23993e-05
5.23992e-05
5.23991e-05
5.2399e-05
5.23989e-05
5.23988e-05
5.23987e-05
5.23986e-05
5.23985e-05
5.23984e-05
5.23983e-05
5.23982e-05
5.23981e-05
5.2398e-05
5.23979e-05
5.23978e-05
5.23977e-05
5.23976e-05
5.23975e-05
5.23974e-05
5.23973e-05
5.23972e-05
5.23971e-05
5.23971e-05
5.2397e-05
5.23969e-05
5.23968e-05
5.23967e-05
5.23966e-05
5.23965e-05
5.23964e-05
5.23963e-05
5.23962e-05
5.23961e-05
5.2396e-05
5.23959e-05
5.23958e-05
5.23957e-05
5.23956e-05
5.23955e-05
5.23954e-05
5.23953e-05
5.23952e-05
5.23951e-05
5.23951e-05
5.2395e-05
5.23949e-05
5.23948e-05
5.23947e-05
5.23946e-05
5.23945e-05
5.23944e-05
5.23943e-05
5.23942e-05
5.23941e-05
5.2394e-05
5.2394e-05
5.23939e-05
5.23938e-05
5.23937e-05
5.23936e-05
5.23935e-05
5.23934e-05
5.23933e-05
5.23932e-05
5.23931e-05
5.23931e-05
5.2393e-05
5.23929e-05
5.23928e-05
5.23927e-05
5.23926e-05
5.23925e-05
5.23924e-05
5.23924e-05
5.23923e-05
5.23922e-05
5.23921e-05
5.2392e-05
5.23919e-05
5.23918e-05
5.23918e-05
5.23917e-05
5.23916e-05
5.23915e-05
5.23914e-05
5.23913e-05
5.23912e-05
5.23912e-05
5.23911e-05
5.2391e-05
5.23909e-05
5.23908e-05
5.23907e-05
5.23907e-05
5.23906e-05
5.23905e-05
5.23904e-05
5.23903e-05
5.23902e-05
5.23902e-05
5.23901e-05
5.239e-05
5.23899e-05
5.23898e-05
5.23898e-05
5.23897e-05
5.23896e-05
5.23895e-05
5.23894e-05
5.23893e-05
5.23893e-05
5.23892e-05
5.23891e-05
5.2389e-05
5.23889e-05
5.23889e-05
5.23888e-05
5.23887e-05
5.23886e-05
5.23886e-05
5.23885e-05
5.23884e-05
5.23883e-05
5.23882e-05
5.23882e-05
5.23881e-05
5.2388e-05
5.23879e-05
5.23879e-05
5.23878e-05
5.23877e-05
5.23876e-05
5.23875e-05
5.23875e-05
5.23874e-05
5.23873e-05
5.23872e-05
5.23872e-05
5.23871e-05
5.2387e-05
5.23869e-05
5.23869e-05
5.23868e-05
5.23867e-05
5.23866e-05
5.23866e-05
5.23865e-05
5.23864e-05
5.23863e-05
5.23863e-05
5.23862e-05
5.23861e-05
5.23861e-05
5.2386e-05
5.23859e-05
5.23858e-05
5.23858e-05
5.23857e-05
5.23856e-05
5.23855e-05
5.23855e-05
5.23854e-05
5.23853e-05
5.23853e-05
5.23852e-05
5.23851e-05
5.2385e-05
5.2385e-05
5.23849e-05
5.23848e-05
5.23848e-05
5.23847e-05
5.23846e-05
5.23846e-05
5.23845e-05
5.23844e-05
5.23843e-05
5.23843e-05
5.23842e-05
5.23841e-05
5.23841e-05
5.2384e-05
5.23839e-05
5.23839e-05
5.23838e-05
5.23837e-05
5.23837e-05
5.23836e-05
5.23835e-05
5.23835e-05
5.23834e-05
5.23833e-05
5.23833e-05
5.23832e-05
5.23831e-05
5.23831e-05
5.2383e-05
5.23829e-05
5.23829e-05
5.23828e-05
5.23827e-05
5.23827e-05
5.23826e-05
5.23825e-05
5.23825e-05
5.23824e-05
5.23823e-05
5.23823e-05
5.23822e-05
5.23821e-05
5.23821e-05
5.2382e-05
5.23819e-05
5.23819e-05
5.23818e-05
5.23817e-05
5.23817e-05
5.23816e-05
5.23816e-05
5.23815e-05
5.23814e-05
5.23814e-05
5.23813e-05
5.23812e-05
5.23812e-05
5.23811e-05
5.23811e-05
5.2381e-05
5.23809e-05
5.23809e-05
5.23808e-05
5.23807e-05
5.23807e-05
5.23806e-05
5.23806e-05
5.23805e-05
5.23804e-05
5.23804e-05
5.23803e-05
5.23803e-05
5.23802e-05
5.23801e-05
5.23801e-05
5.238e-05
5.238e-05
5.23799e-05
5.23798e-05
5.23798e-05
5.23797e-05
5.23797e-05
5.23796e-05
5.23795e-05
5.23795e-05
5.23794e-05
5.23794e-05
5.23793e-05
5.23792e-05
5.23792e-05
5.23791e-05
5.23791e-05
5.2379e-05
5.23789e-05
5.23789e-05
5.23788e-05
5.23788e-05
5.23787e-05
5.23787e-05
5.23786e-05
5.23785e-05
5.23785e-05
5.23784e-05
5.23784e-05
5.23783e-05
5.23783e-05
5.23782e-05
5.23781e-05
5.23781e-05
5.2378e-05
5.2378e-05
5.23779e-05
5.23779e-05
5.23778e-05
5.23778e-05
5.23777e-05
5.23776e-05
5.23776e-05
5.23775e-05
5.23775e-05
5.23774e-05
5.23774e-05
5.23773e-05
5.23773e-05
5.23772e-05
5.23772e-05
5.23771e-05
5.2377e-05
5.2377e-05
5.23769e-05
5.23769e-05
5.23768e-05
5.23768e-05
5.23767e-05
5.23767e-05
5.23766e-05
5.23766e-05
5.23765e-05
5.23765e-05
5.23764e-05
5.23764e-05
5.23763e-05
5.23762e-05
5.23762e-05
5.23761e-05
5.23761e-05
5.2376e-05
5.2376e-05
5.23759e-05
5.23759e-05
5.23758e-05
5.23758e-05
5.23757e-05
5.23757e-05
5.23756e-05
5.23756e-05
5.23755e-05
5.23755e-05
5.23754e-05
5.23754e-05
5.23753e-05
5.23753e-05
5.23752e-05
5.23752e-05
5.23751e-05
5.23751e-05
5.2375e-05
5.2375e-05
5.23749e-05
5.23749e-05
5.23748e-05
5.23748e-05
5.23747e-05
5.23747e-05
5.23746e-05
5.23746e-05
5.23745e-05
5.23745e-05
5.23744e-05
5.23744e-05
5.23743e-05
5.23743e-05
5.23742e-05
5.23742e-05
5.23741e-05
5.23741e-05
5.2374e-05
5.2374e-05
5.23739e-05
5.23739e-05
5.23739e-05
5.23738e-05
5.23738e-05
5.23737e-05
5.23737e-05
5.23736e-05
5.23736e-05
5.23735e-05
5.23735e-05
5.23734e-05
5.23734e-05
5.23733e-05
5.23733e-05
5.23732e-05
5.23732e-05
5.23731e-05
5.23731e-05
5.23731e-05
5.2373e-05
5.2373e-05
5.23729e-05
5.23729e-05
5.23728e-05
5.23728e-05
5.23727e-05
5.23727e-05
5.23726e-05
5.23726e-05
5.23726e-05
5.23725e-05
5.23725e-05
5.23724e-05
5.23724e-05
5.23723e-05
5.23723e-05
5.23722e-05
5.23722e-05
5.23722e-05
5.23721e-05
5.23721e-05
5.2372e-05
5.2372e-05
5.23719e-05
5.23719e-05
5.23718e-05
5.23718e-05
5.23718e-05
5.23717e-05
5.23717e-05
5.23716e-05
5.23716e-05
5.23715e-05
5.23715e-05
5.23715e-05
5.23714e-05
5.23714e-05
5.23713e-05
5.23713e-05
5.23712e-05
5.23712e-05
5.23712e-05
5.23711e-05
5.23711e-05
5.2371e-05
5.2371e-05
5.2371e-05
5.23709e-05
5.23709e-05
5.23708e-05
5.23708e-05
5.23707e-05
5.23707e-05
5.23707e-05
5.23706e-05
5.23706e-05
5.23705e-05
5.23705e-05
5.23705e-05
5.23704e-05
5.23704e-05
5.23703e-05
5.23703e-05
5.23703e-05
5.23702e-05
5.23702e-05
5.23701e-05
5.23701e-05
5.23701e-05
5.237e-05
5.237e-05
5.23699e-05
5.23699e-05
5.23699e-05
5.23698e-05
5.23698e-05
5.23697e-05
5.23697e-05
5.23697e-05
5.23696e-05
5.23696e-05
5.23695e-05
5.23695e-05
5.23695e-05
5.23694e-05
5.23694e-05
5.23693e-05
5.23693e-05
5.23693e-05
5.23692e-05
5.23692e-05
5.23692e-05
5.23691e-05
5.23691e-05
5.2369e-05
5.2369e-05
5.2369e-05
5.23689e-05
5.23689e-05
5.23688e-05
5.23688e-05
5.23688e-05
5.23687e-05
5.23687e-05
5.23687e-05
5.23686e-05
5.23686e-05
5.23685e-05
5.23685e-05
5.23685e-05
5.23684e-05
5.23684e-05
5.23684e-05
5.23683e-05
5.23683e-05
5.23683e-05
5.23682e-05
5.23682e-05
5.23681e-05
5.23681e-05
5.23681e-05
5.2368e-05
5.2368e-05
5.2368e-05
5.23679e-05
5.23679e-05
5.23679e-05
5.23678e-05
5.23678e-05
5.23677e-05
5.23677e-05
5.23677e-05
5.23676e-05
5.23676e-05
5.23676e-05
5.23675e-05
5.23675e-05
5.23675e-05
5.23674e-05
5.23674e-05
5.23674e-05
5.23673e-05
5.23673e-05
5.23673e-05
5.23672e-05
5.23672e-05
5.23671e-05
5.23671e-05
5.23671e-05
5.2367e-05
5.2367e-05
5.2367e-05
5.23669e-05
5.23669e-05
5.23669e-05
5.23668e-05
5.23668e-05
5.23668e-05
5.23667e-05
5.23667e-05
5.23667e-05
5.23666e-05
5.23666e-05
5.23666e-05
5.23665e-05
5.23665e-05
5.23665e-05
5.23664e-05
5.23664e-05
5.23664e-05
5.23663e-05
5.23663e-05
5.23663e-05
5.23662e-05
5.23662e-05
5.23662e-05
5.23661e-05
5.23661e-05
5.23661e-05
5.2366e-05
5.2366e-05
5.2366e-05
5.23659e-05
5.23659e-05
5.23659e-05
5.23658e-05
5.23658e-05
5.23658e-05
5.23657e-05
5.23657e-05
5.23657e-05
5.23657e-05
5.23656e-05
5.23656e-05
5.23656e-05
5.23655e-05
5.23655e-05
5.23655e-05
5.23654e-05
5.23654e-05
5.23654e-05
5.23653e-05
5.23653e-05
5.23653e-05
5.23652e-05
5.23652e-05
5.23652e-05
5.23651e-05
5.23651e-05
5.23651e-05
5.23651e-05
5.2365e-05
5.2365e-05
5.2365e-05
5.23649e-05
5.23649e-05
5.23649e-05
5.23648e-05
5.23648e-05
5.23648e-05
5.23648e-05
5.23647e-05
5.23647e-05
5.23647e-05
5.23646e-05
5.23646e-05
5.23646e-05
5.23645e-05
5.23645e-05
5.23645e-05
5.23644e-05
5.23644e-05
5.23644e-05
5.23644e-05
5.23643e-05
5.23643e-05
5.23643e-05
5.23642e-05
5.23642e-05
5.23642e-05
5.23642e-05
5.23641e-05
5.23641e-05
5.23641e-05
5.2364e-05
5.2364e-05
5.2364e-05
5.2364e-05
5.23639e-05
5.23639e-05
5.23639e-05
5.23638e-05
5.23638e-05
5.23638e-05
5.23637e-05
5.23637e-05
5.23637e-05
5.23637e-05
5.23636e-05
5.23636e-05
5.23636e-05
5.23635e-05
5.23635e-05
5.23635e-05
5.23635e-05
5.23634e-05
5.23634e-05
5.23634e-05
5.23634e-05
5.23633e-05
5.23633e-05
5.23633e-05
5.23632e-05
5.23632e-05
5.23632e-05
5.23632e-05
5.23631e-05
5.23631e-05
5.23631e-05
5.2363e-05
5.2363e-05
5.2363e-05
5.2363e-05
5.23629e-05
5.23629e-05
5.23629e-05
5.23629e-05
5.23628e-05
5.23628e-05
5.23628e-05
5.23628e-05
5.23627e-05
5.23627e-05
5.23627e-05
5.23626e-05
5.23626e-05
5.23626e-05
5.23626e-05
5.23625e-05
5.23625e-05
5.23625e-05
5.23625e-05
5.23624e-05
5.23624e-05
5.23624e-05
5.23624e-05
5.23623e-05
5.23623e-05
5.23623e-05
5.23622e-05
5.23622e-05
5.23622e-05
5.23622e-05
5.23621e-05
5.23621e-05
5.23621e-05
5.23621e-05
5.2362e-05
5.2362e-05
5.2362e-05
5.2362e-05
5.23619e-05
5.23619e-05
5.23619e-05
5.23619e-05
5.23618e-05
5.23618e-05
5.23618e-05
5.23618e-05
5.23617e-05
5.23617e-05
5.23617e-05
5.23617e-05
5.23616e-05
5.23616e-05
5.23616e-05
5.23616e-05
5.23615e-05
5.23615e-05
5.23615e-05
5.23615e-05
5.23614e-05
5.23614e-05
5.23614e-05
5.23614e-05
5.23613e-05
5.23613e-05
5.23613e-05
5.23613e-05
5.23612e-05
5.23612e-05
5.23612e-05
5.23612e-05
5.23611e-05
5.23611e-05
5.23611e-05
5.23611e-05
5.2361e-05
5.2361e-05
5.2361e-05
5.2361e-05
5.23609e-05
5.23609e-05
5.23609e-05
5.23609e-05
5.23608e-05
5.23608e-05
5.23608e-05
5.23608e-05
5.23608e-05
5.23607e-05
5.23607e-05
5.23607e-05
5.23607e-05
5.23606e-05
5.23606e-05
5.23606e-05
5.23606e-05
5.23605e-05
5.23605e-05
5.23605e-05
5.23605e-05
5.23604e-05
5.23604e-05
5.23604e-05
5.23604e-05
5.23604e-05
5.23603e-05
5.23603e-05
5.23603e-05
5.23603e-05
5.23602e-05
5.23602e-05
5.23602e-05
5.23602e-05
5.23601e-05
5.23601e-05
5.23601e-05
5.23601e-05
5.23601e-05
5.236e-05
5.236e-05
5.236e-05
5.236e-05
5.23599e-05
5.23599e-05
5.23599e-05
5.23599e-05
5.23599e-05
5.23598e-05
5.23598e-05
5.23598e-05
5.23598e-05
5.23597e-05
5.23597e-05
5.23597e-05
5.23597e-05
5.23597e-05
5.23596e-05
5.23596e-05
5.23596e-05
5.23596e-05
5.23595e-05
5.23595e-05
5.23595e-05
5.23595e-05
5.23595e-05
5.23594e-05
5.23594e-05
5.23594e-05
5.23594e-05
5.23593e-05
5.23593e-05
5.23593e-05
5.23593e-05
5.23593e-05
5.23592e-05
5.23592e-05
5.23592e-05
5.23592e-05
5.23592e-05
5.23591e-05
5.23591e-05
5.23591e-05
5.23591e-05
5.2359e-05
5.2359e-05
5.2359e-05
5.2359e-05
5.2359e-05
5.23589e-05
5.23589e-05
5.23589e-05
5.23589e-05
5.23589e-05
5.23588e-05
5.23588e-05
5.23588e-05
5.23588e-05
5.23588e-05
5.23587e-05
5.23587e-05
5.23587e-05
5.23587e-05
5.23587e-05
5.23586e-05
5.23586e-05
5.23586e-05
5.23586e-05
5.23585e-05
5.23585e-05
5.23585e-05
5.23585e-05
5.23585e-05
5.23584e-05
5.23584e-05
5.23584e-05
5.23584e-05
5.23584e-05
5.23583e-05
5.23583e-05
5.23583e-05
5.23583e-05
5.23583e-05
5.23582e-05
5.23582e-05
5.23582e-05
5.23582e-05
5.23582e-05
5.23581e-05
5.23581e-05
5.23581e-05
5.23581e-05
5.23581e-05
5.2358e-05
5.2358e-05
5.2358e-05
5.2358e-05
5.2358e-05
5.23579e-05
5.23579e-05
5.23579e-05
5.23579e-05
5.23579e-05
5.23579e-05
5.23578e-05
5.23578e-05
5.23578e-05
5.23578e-05
5.23578e-05
5.23577e-05
5.23577e-05
5.23577e-05
5.23577e-05
5.23577e-05
5.23576e-05
5.23576e-05
5.23576e-05
5.23576e-05
5.23576e-05
5.23575e-05
5.23575e-05
5.23575e-05
5.23575e-05
5.23575e-05
5.23574e-05
5.23574e-05
5.23574e-05
5.23574e-05
5.23574e-05
5.23574e-05
5.23573e-05
5.23573e-05
5.23573e-05
5.23573e-05
5.23573e-05
5.23572e-05
5.23572e-05
5.23572e-05
5.23572e-05
5.23572e-05
5.23571e-05
5.23571e-05
5.23571e-05
5.23571e-05
5.23571e-05
5.23571e-05
5.2357e-05
5.2357e-05
5.2357e-05
5.2357e-05
5.2357e-05
5.23569e-05
5.23569e-05
5.23569e-05
5.23569e-05
5.23569e-05
5.23569e-05
5.23568e-05
5.23568e-05
5.23568e-05
5.23568e-05
5.23568e-05
5.23567e-05
5.23567e-05
5.23567e-05
5.23567e-05
5.23567e-05
5.23567e-05
5.23566e-05
5.23566e-05
5.23566e-05
5.23566e-05
5.23566e-05
5.23565e-05
5.23565e-05
5.23565e-05
5.23565e-05
5.23565e-05
5.23565e-05
5.23564e-05
5.23564e-05
5.23564e-05
5.23564e-05
5.23564e-05
5.23563e-05
5.23563e-05
5.23563e-05
5.23563e-05
5.23563e-05
5.23563e-05
5.23562e-05
5.23562e-05
5.23562e-05
5.23562e-05
5.23562e-05
5.23562e-05
5.23561e-05
5.23561e-05
5.23561e-05
5.23561e-05
5.23561e-05
5.23561e-05
5.2356e-05
5.2356e-05
5.2356e-05
5.2356e-05
5.2356e-05
5.2356e-05
5.23559e-05
5.23559e-05
5.23559e-05
5.23559e-05
5.23559e-05
5.23558e-05
5.23558e-05
5.23558e-05
5.23558e-05
5.23558e-05
5.23558e-05
5.23557e-05
5.23557e-05
5.23557e-05
5.23557e-05
5.23557e-05
5.23557e-05
5.23556e-05
5.23556e-05
5.23556e-05
5.23556e-05
5.23556e-05
5.23556e-05
5.23555e-05

