5e-05
5e-05
5e-05
5e-05
5e-05
5e-05
5e-05
5e-05
5e-05
5e-05
5e-05
5e-05
5e-05
5e-05
5e-05
5e-05
5e-05
5e-05
5e-05
5e-05
5e-05
5e-05
5e-05
5e-05
5e-05
5e-05
5e-05
5e-05
5e-05
5e-05
5e-05
5e-05
5e-05
5e-05
5e-05
5e-05
5e-05
5e-05
5e-05
5e-05
5e-05
5e-05
5e-05
5e-05
5e-05
5e-05
5e-05
5e-05
5e-05
5e-05
5e-05
5e-05
5e-05
5e-05
5e-05
5e-05
5e-05
5e-05
5e-05
5e-05
5e-05
5e-05
5e-05
5e-05
5e-05
5e-05
5e-05
5e-05
5e-05
5e-05
5e-05
5e-05
5e-05
5e-05
5e-05
5e-05
5e-05
5e-05
5e-05
5e-05
5e-05
5e-05
5e-05
5e-05
5e-05
5e-05
5e-05
5e-05
5e-05
5e-05
5e-05
5e-05
5e-05
5e-05
5e-05
5e-05
5e-05
5e-05
5e-05
5e-05
5e-05
5e-05
5e-05
5e-05
5e-05
5e-05
5e-05
5e-05
5e-05
5e-05
5e-05
5e-05
5e-05
5e-05
5e-05
5e-05
5e-05
5e-05
5e-05
5e-05
5e-05
5e-05
5e-05
5e-05
5e-05
5e-05
5e-05
5e-05
5e-05
5e-05
5e-05
5e-05
5e-05
5e-05
5e-05
5e-05
5e-05
5e-05
5e-05
5e-05
5e-05
5e-05
5e-05
5e-05
5e-05
5e-05
5e-05
5e-05
5e-05
5e-05
5e-05
5e-05
5e-05
5e-05
5e-05
5e-05
5e-05
5e-05
5e-05
5e-05
5e-05
5e-05
5e-05
5e-05
5e-05
5e-05
5e-05
5e-05
5e-05
5e-05
5e-05
5e-05
5e-05
5e-05
5e-05
5e-05
5e-05
5e-05
5e-05
5e-05
5e-05
5e-05
5e-05
5e-05
5e-05
5e-05
5e-05
5e-05
5e-05
5e-05
5e-05
5e-05
5e-05
5e-05
5e-05
5e-05
5e-05
5e-05
5e-05
5e-05
5e-05
5e-05
5e-05
5e-05
5e-05
5e-05
5e-05
5e-05
5e-05
5e-05
5e-05
5e-05
5e-05
5e-05
5e-05
5e-05
5e-05
5e-05
5e-05
5e-05
5e-05
5e-05
5e-05
5e-05
5e-05
5e-05
5e-05
5e-05
5e-05
5e-05
5e-05
5e-05
5e-05
5e-05
5e-05
5e-05
5e-05
5e-05
5e-05
5e-05
5e-05
5e-05
5e-05
5e-05
5e-05
5e-05
5e-05
5e-05
5e-05
5e-05
5e-05
5e-05
5e-05
5e-05
5e-05
5e-05
5e-05
5e-05
5e-05
5e-05
5e-05
5e-05
5e-05
5e-05
5e-05
5e-05
5e-05
5e-05
5e-05
5e-05
5e-05
5e-05
5e-05
5e-05
5e-05
5e-05
5e-05
5e-05
5e-05
5e-05
5e-05
5e-05
5e-05
5e-05
5e-05
5e-05
5e-05
5e-05
5e-05
5e-05
5e-05
5e-05
5e-05
5e-05
5e-05
5e-05
5e-05
5e-05
5e-05
5e-05
5e-05
5e-05
5e-05
5e-05
5e-05
5e-05
5e-05
5e-05
5e-05
5e-05
5e-05
5e-05
5e-05
5e-05
5e-05
5e-05
5e-05
5e-05
5e-05
5e-05
5e-05
5e-05
5e-05
5e-05
5e-05
5e-05
5e-05
5e-05
5e-05
5e-05
5e-05
5e-05
5e-05
5e-05
5e-05
5e-05
5e-05
5e-05
5e-05
5e-05
5e-05
5e-05
5e-05
5e-05
5e-05
5e-05
5e-05
5e-05
5e-05
5e-05
5e-05
5e-05
5e-05
5e-05
5e-05
5e-05
5e-05
5e-05
5e-05
5e-05
5e-05
5e-05
5e-05
5e-05
5e-05
5e-05
5e-05
5e-05
5e-05
5e-05
5e-05
5e-05
5e-05
5e-05
5e-05
5e-05
5e-05
5e-05
5e-05
5e-05
5e-05
5e-05
5e-05
5e-05
5e-05
5e-05
5e-05
5e-05
5e-05
5e-05
5e-05
5e-05
5e-05
5e-05
5e-05
5e-05
5e-05
5e-05
5e-05
5e-05
5e-05
5e-05
5e-05
5e-05
5e-05
5e-05
5e-05
5e-05
5e-05
5e-05
5e-05
5e-05
5e-05
5e-05
5e-05
5e-05
5e-05
5e-05
5e-05
5e-05
5e-05
5e-05
5e-05
5e-05
5e-05
5e-05
5e-05
5e-05
5e-05
5e-05
5e-05
5e-05
5e-05
5e-05
5e-05
5e-05
5e-05
5e-05
5e-05
5e-05
5e-05
5e-05
5e-05
5e-05
5e-05
5e-05
5e-05
5e-05
5e-05
5e-05
5e-05
5e-05
5e-05
5e-05
5e-05
5e-05
5e-05
5e-05
5e-05
5e-05
5e-05
5e-05
5e-05
5e-05
5e-05
5e-05
5e-05
5e-05
5e-05
5e-05
5e-05
5e-05
5e-05
5e-05
5e-05
5e-05
5e-05
5e-05
5e-05
5e-05
5e-05
5e-05
5e-05
5e-05
5e-05
5e-05
5e-05
5e-05
5e-05
5e-05
5e-05
5e-05
5e-05
5e-05
5e-05
5e-05
5e-05
5e-05
5e-05
5e-05
5e-05
5e-05
5e-05
5e-05
5e-05
5e-05
5e-05
5e-05
5e-05
5e-05
5e-05
5e-05
5e-05
5e-05
5e-05
5e-05
5e-05
5e-05
5e-05
5e-05
5e-05
5e-05
5e-05
5e-05
5e-05
5e-05
5e-05
5e-05
5e-05
5e-05
5e-05
5e-05
5e-05
5e-05
5e-05
5e-05
5e-05
5e-05
5e-05
5e-05
5e-05
5e-05
5e-05
5e-05
5e-05
5e-05
5e-05
5e-05
5e-05
5e-05
5e-05
5e-05
5e-05
5e-05
5e-05
5e-05
5e-05
5e-05
5e-05
5e-05
5e-05
5e-05
5e-05
5e-05
5e-05
5e-05
5e-05
5e-05
5e-05
5e-05
5e-05
5e-05
5e-05
5e-05
5e-05
5e-05
5e-05
5e-05
5e-05
5e-05
5e-05
5e-05
5e-05
5e-05
5e-05
5e-05
5e-05
5e-05
5e-05
5e-05
5e-05
5e-05
5e-05
5e-05
5e-05
5e-05
5e-05
5e-05
5e-05
5e-05
5e-05
5e-05
5e-05
5e-05
5e-05
5e-05
5e-05
5e-05
5e-05
5e-05
5e-05
5e-05
5e-05
5e-05
5e-05
5e-05
5e-05
5e-05
5e-05
5e-05
5e-05
5e-05
5e-05
5e-05
5e-05
5e-05
5e-05
5e-05
5e-05
5e-05
5e-05
5e-05
5e-05
5e-05
5e-05
5e-05
5e-05
5e-05
5e-05
5e-05
5e-05
5e-05
5e-05
5e-05
5e-05
5e-05
5e-05
5e-05
5e-05
5e-05
5e-05
5e-05
5e-05
5e-05
5e-05
5e-05
5e-05
5e-05
5e-05
5e-05
5e-05
5e-05
5e-05
5e-05
5e-05
5e-05
5e-05
5e-05
5e-05
5e-05
5e-05
5e-05
5e-05
5e-05
5e-05
5e-05
5e-05
5e-05
5e-05
5e-05
5e-05
5e-05
5e-05
5e-05
5e-05
5e-05
5e-05
5e-05
5e-05
5e-05
5e-05
5e-05
5e-05
5e-05
5e-05
5e-05
5e-05
5e-05
5e-05
5e-05
5e-05
5e-05
5e-05
5e-05
5e-05
5e-05
5e-05
5e-05
5e-05
5e-05
5e-05
5e-05
5e-05
5e-05
5e-05
5e-05
5e-05
5e-05
5e-05
5e-05
5e-05
5e-05
5e-05
5e-05
5e-05
5e-05
5e-05
5e-05
5e-05
5e-05
5e-05
5e-05
5e-05
5e-05
5e-05
5e-05
5e-05
5e-05
5e-05
5e-05
5e-05
5e-05
5e-05
5e-05
5e-05
5e-05
5e-05
5e-05
5e-05
5e-05
5e-05
5e-05
5e-05
5e-05
5e-05
5e-05
5e-05
5e-05
5e-05
5e-05
5e-05
5e-05
5e-05
5e-05
5e-05
5e-05
5e-05
5e-05
5e-05
5e-05
5e-05
5e-05
5e-05
5e-05
5e-05
5e-05
5e-05
5e-05
5e-05
5e-05
5e-05
5e-05
5e-05
5e-05
5e-05
5e-05
5e-05
5e-05
5e-05
5e-05
5e-05
5e-05
5e-05
5e-05
5e-05
5e-05
5e-05
5e-05
5e-05
5e-05
5e-05
5.01323e-05
5.02645e-05
5.03967e-05
5.05288e-05
5.06608e-05
5.07928e-05
5.09247e-05
5.10565e-05
5.11883e-05
5.132e-05
5.14517e-05
5.15833e-05
5.17148e-05
5.18463e-05
5.19777e-05
5.2109e-05
5.22403e-05
5.23715e-05
5.25027e-05
5.26338e-05
5.27648e-05
5.28958e-05
5.30267e-05
5.31576e-05
5.32883e-05
5.34191e-05
5.35497e-05
5.36803e-05
5.38109e-05
5.39413e-05
5.40718e-05
5.42021e-05
5.43324e-05
5.44626e-05
5.45928e-05
5.47229e-05
5.4853e-05
5.49829e-05
5.51129e-05
5.52427e-05
5.53725e-05
5.55023e-05
5.56319e-05
5.57615e-05
5.58911e-05
5.60206e-05
5.615e-05
5.62794e-05
5.64087e-05
5.65379e-05
5.66671e-05
5.67963e-05
5.69253e-05
5.70543e-05
5.71833e-05
5.73121e-05
5.7441e-05
5.75697e-05
5.76984e-05
5.78271e-05
5.79556e-05
5.80842e-05
5.82126e-05
5.8341e-05
5.84693e-05
5.85976e-05
5.87258e-05
5.8854e-05
5.89821e-05
5.91101e-05
5.92381e-05
5.9366e-05
5.94938e-05
5.96216e-05
5.97493e-05
5.9877e-05
6.00046e-05
6.01322e-05
6.02597e-05
6.03871e-05
6.03822e-05
6.03772e-05
6.03723e-05
6.03674e-05
6.03625e-05
6.03576e-05
6.03527e-05
6.03478e-05
6.03429e-05
6.0338e-05
6.03331e-05
6.03283e-05
6.03234e-05
6.03185e-05
6.03136e-05
6.03087e-05
6.03039e-05
6.0299e-05
6.02941e-05
6.02893e-05
6.02844e-05
6.02795e-05
6.02747e-05
6.02698e-05
6.0265e-05
6.02601e-05
6.02553e-05
6.02504e-05
6.02456e-05
6.02407e-05
6.02359e-05
6.02311e-05
6.02262e-05
6.02214e-05
6.02166e-05
6.02118e-05
6.02069e-05
6.02021e-05
6.01973e-05
6.01925e-05
6.01877e-05
6.01829e-05
6.01781e-05
6.01733e-05
6.01685e-05
6.01637e-05
6.01589e-05
6.01541e-05
6.01493e-05
6.01445e-05
6.01397e-05
6.0135e-05
6.01302e-05
6.01254e-05
6.01206e-05
6.01159e-05
6.01111e-05
6.01063e-05
6.01016e-05
6.00968e-05
6.0092e-05
6.00873e-05
6.00825e-05
6.00778e-05
6.0073e-05
6.00683e-05
6.00636e-05
6.00588e-05
6.00541e-05
6.00494e-05
6.00446e-05
6.00399e-05
6.00352e-05
6.00304e-05
6.00257e-05
6.0021e-05
6.00163e-05
6.00116e-05
6.00069e-05
6.00022e-05
5.99975e-05
5.99928e-05
5.99881e-05
5.99834e-05
5.99787e-05
5.9974e-05
5.99693e-05
5.99646e-05
5.99599e-05
5.99552e-05
5.99505e-05
5.99459e-05
5.99412e-05
5.99365e-05
5.99319e-05
5.99272e-05
5.99225e-05
5.99179e-05
5.99132e-05
5.99086e-05
5.99039e-05
5.98993e-05
5.98946e-05
5.989e-05
5.98853e-05
5.98807e-05
5.9876e-05
5.98714e-05
5.98668e-05
5.98621e-05
5.98575e-05
5.98529e-05
5.98483e-05
5.98436e-05
5.9839e-05
5.98344e-05
5.98298e-05
5.98252e-05
5.98206e-05
5.9816e-05
5.98114e-05
5.98068e-05
5.98022e-05
5.97976e-05
5.9793e-05
5.97884e-05
5.97838e-05
5.97792e-05
5.97746e-05
5.97701e-05
5.97655e-05
5.97609e-05
5.97563e-05
5.97518e-05
5.97472e-05
5.97426e-05
5.97381e-05
5.97335e-05
5.9729e-05
5.97244e-05
5.97199e-05
5.97153e-05
5.97108e-05
5.97062e-05
5.97017e-05
5.96971e-05
5.96926e-05
5.96881e-05
5.96835e-05
5.9679e-05
5.96745e-05
5.967e-05
5.96654e-05
5.96609e-05
5.96564e-05
5.96519e-05
5.96474e-05
5.96429e-05
5.96384e-05
5.96339e-05
5.96294e-05
5.96249e-05
5.96204e-05
5.96159e-05
5.96114e-05
5.96069e-05
5.96024e-05
5.95979e-05
5.95934e-05
5.95889e-05
5.95845e-05
5.958e-05
5.95755e-05
5.95711e-05
5.95666e-05
5.95621e-05
5.95577e-05
5.95532e-05
5.95487e-05
5.95443e-05
5.95398e-05
5.95354e-05
5.95309e-05
5.95265e-05
5.95221e-05
5.95176e-05
5.95132e-05
5.95087e-05
5.95043e-05
5.94999e-05
5.94954e-05
5.9491e-05
5.94866e-05
5.94822e-05
5.94778e-05
5.94733e-05
5.94689e-05
5.94645e-05
5.94601e-05
5.94557e-05
5.94513e-05
5.94469e-05
5.94425e-05
5.94381e-05
5.94337e-05
5.94293e-05
5.94249e-05
5.94205e-05
5.94162e-05
5.94118e-05
5.94074e-05
5.9403e-05
5.93986e-05
5.93943e-05
5.93899e-05
5.93855e-05
5.93812e-05
5.93768e-05
5.93724e-05
5.93681e-05
5.93637e-05
5.93594e-05
5.9355e-05
5.93507e-05
5.93463e-05
5.9342e-05
5.93377e-05
5.93333e-05
5.9329e-05
5.93246e-05
5.93203e-05
5.9316e-05
5.93117e-05
5.93073e-05
5.9303e-05
5.92987e-05
5.92944e-05
5.92901e-05
5.92857e-05
5.92814e-05
5.92771e-05
5.92728e-05
5.92685e-05
5.92642e-05
5.92599e-05
5.92556e-05
5.92513e-05
5.9247e-05
5.92428e-05
5.92385e-05
5.92342e-05
5.92299e-05
5.92256e-05
5.92213e-05
5.92171e-05
5.92128e-05
5.92085e-05
5.92043e-05
5.92e-05
5.91957e-05
5.91915e-05
5.91872e-05
5.9183e-05
5.91787e-05
5.91745e-05
5.91702e-05
5.9166e-05
5.91617e-05
5.91575e-05
5.91532e-05
5.9149e-05
5.91448e-05
5.91405e-05
5.91363e-05
5.91321e-05
5.91279e-05
5.91236e-05
5.91194e-05
5.91152e-05
5.9111e-05
5.91068e-05
5.91025e-05
5.90983e-05
5.90941e-05
5.90899e-05
5.90857e-05
5.90815e-05
5.90773e-05
5.90731e-05
5.90689e-05
5.90647e-05
5.90606e-05
5.90564e-05
5.90522e-05
5.9048e-05
5.90438e-05
5.90397e-05
5.90355e-05
5.90313e-05
5.90271e-05
5.9023e-05
5.90188e-05
5.90146e-05
5.90105e-05
5.90063e-05
5.90022e-05
5.8998e-05
5.89939e-05
5.89897e-05
5.89856e-05
5.89814e-05
5.89773e-05
5.89731e-05
5.8969e-05
5.89649e-05
5.89607e-05
5.89566e-05
5.89525e-05
5.89483e-05
5.89442e-05
5.89401e-05
5.8936e-05
5.89319e-05
5.89277e-05
5.89236e-05
5.89195e-05
5.89154e-05
5.89113e-05
5.89072e-05
5.89031e-05
5.8899e-05
5.88949e-05
5.88908e-05
5.88867e-05
5.88826e-05
5.88785e-05
5.88745e-05
5.88704e-05
5.88663e-05
5.88622e-05
5.88581e-05
5.88541e-05
5.885e-05
5.88459e-05
5.88419e-05
5.88378e-05
5.88337e-05
5.88297e-05
5.88256e-05
5.88215e-05
5.88175e-05
5.88134e-05
5.88094e-05
5.88053e-05
5.88013e-05
5.87973e-05
5.87932e-05
5.87892e-05
5.87851e-05
5.87811e-05
5.87771e-05
5.8773e-05
5.8769e-05
5.8765e-05
5.8761e-05
5.87569e-05
5.87529e-05
5.87489e-05
5.87449e-05
5.87409e-05
5.87369e-05
5.87329e-05
5.87289e-05
5.87249e-05
5.87209e-05
5.87169e-05
5.87129e-05
5.87089e-05
5.87049e-05
5.87009e-05
5.86969e-05
5.86929e-05
5.86889e-05
5.86849e-05
5.8681e-05
5.8677e-05
5.8673e-05
5.8669e-05
5.86651e-05
5.86611e-05
5.86571e-05
5.86532e-05
5.86492e-05
5.86453e-05
5.86413e-05
5.86373e-05
5.86334e-05
5.86294e-05
5.86255e-05
5.86215e-05
5.86176e-05
5.86137e-05
5.86097e-05
5.86058e-05
5.86018e-05
5.85979e-05
5.8594e-05
5.85901e-05
5.85861e-05
5.85822e-05
5.85783e-05
5.85744e-05
5.85704e-05
5.85665e-05
5.85626e-05
5.85587e-05
5.85548e-05
5.85509e-05
5.8547e-05
5.85431e-05
5.85392e-05
5.85353e-05
5.85314e-05
5.85275e-05
5.85236e-05
5.85197e-05
5.85158e-05
5.85119e-05
5.8508e-05
5.85042e-05
5.85003e-05
5.84964e-05
5.84925e-05
5.84887e-05
5.84848e-05
5.84809e-05
5.8477e-05
5.84732e-05
5.84693e-05
5.84655e-05
5.84616e-05
5.84577e-05
5.84539e-05
5.845e-05
5.84462e-05
5.84423e-05
5.84385e-05
5.84346e-05
5.84308e-05
5.8427e-05
5.84231e-05
5.84193e-05
5.84155e-05
5.84116e-05
5.84078e-05
5.8404e-05
5.84002e-05
5.83963e-05
5.83925e-05
5.83887e-05
5.83849e-05
5.83811e-05
5.83773e-05
5.83734e-05
5.83696e-05
5.83658e-05
5.8362e-05
5.83582e-05
5.83544e-05
5.83506e-05
5.83468e-05
5.8343e-05
5.83392e-05
5.83355e-05
5.83317e-05
5.83279e-05
5.83241e-05
5.83203e-05
5.83165e-05
5.83128e-05
5.8309e-05
5.83052e-05
5.83015e-05
5.82977e-05
5.82939e-05
5.82902e-05
5.82864e-05
5.82826e-05
5.82789e-05
5.82751e-05
5.82714e-05
5.82676e-05
5.82639e-05
5.82601e-05
5.82564e-05
5.82526e-05
5.82489e-05
5.82451e-05
5.82414e-05
5.82377e-05
5.82339e-05
5.82302e-05
5.82265e-05
5.82228e-05
5.8219e-05
5.82153e-05
5.82116e-05
5.82079e-05
5.82042e-05
5.82004e-05
5.81967e-05
5.8193e-05
5.81893e-05
5.81856e-05
5.81819e-05
5.81782e-05
5.81745e-05
5.81708e-05
5.81671e-05
5.81634e-05
5.81597e-05
5.8156e-05
5.81523e-05
5.81487e-05
5.8145e-05
5.81413e-05
5.81376e-05
5.81339e-05
5.81303e-05
5.81266e-05
5.81229e-05
5.81192e-05
5.81156e-05
5.81119e-05
5.81082e-05
5.81046e-05
5.81009e-05
5.80973e-05
5.80936e-05
5.80899e-05
5.80863e-05
5.80826e-05
5.8079e-05
5.80754e-05
5.80717e-05
5.80681e-05
5.80644e-05
5.80608e-05
5.80572e-05
5.80535e-05
5.80499e-05
5.80463e-05
5.80426e-05
5.8039e-05
5.80354e-05
5.80318e-05
5.80281e-05
5.80245e-05
5.80209e-05
5.80173e-05
5.80137e-05
5.80101e-05
5.80065e-05
5.80029e-05
5.79993e-05
5.79957e-05
5.79921e-05
5.79885e-05
5.79849e-05
5.79813e-05
5.79777e-05
5.79741e-05
5.79705e-05
5.79669e-05
5.79633e-05
5.79597e-05
5.79562e-05
5.79526e-05
5.7949e-05
5.79454e-05
5.79419e-05
5.79383e-05
5.79347e-05
5.79312e-05
5.79276e-05
5.7924e-05
5.79205e-05
5.79169e-05
5.79134e-05
5.79098e-05
5.79063e-05
5.79027e-05
5.78992e-05
5.78956e-05
5.78921e-05
5.78885e-05
5.7885e-05
5.78814e-05
5.78779e-05
5.78744e-05
5.78708e-05
5.78673e-05
5.78638e-05
5.78602e-05
5.78567e-05
5.78532e-05
5.78497e-05
5.78462e-05
5.78426e-05
5.78391e-05
5.78356e-05
5.78321e-05
5.78286e-05
5.78251e-05
5.78216e-05
5.78181e-05
5.78146e-05
5.78111e-05
5.78076e-05
5.78041e-05
5.78006e-05
5.77971e-05
5.77936e-05
5.77901e-05
5.77866e-05
5.77831e-05
5.77796e-05
5.77762e-05
5.77727e-05
5.77692e-05
5.77657e-05
5.77623e-05
5.77588e-05
5.77553e-05
5.77519e-05
5.77484e-05
5.77449e-05
5.77415e-05
5.7738e-05
5.77345e-05
5.77311e-05
5.77276e-05
5.77242e-05
5.77207e-05
5.77173e-05
5.77138e-05
5.77104e-05
5.77069e-05
5.77035e-05
5.77001e-05
5.76966e-05
5.76932e-05
5.76898e-05
5.76863e-05
5.76829e-05
5.76795e-05
5.7676e-05
5.76726e-05
5.76692e-05
5.76658e-05
5.76624e-05
5.76589e-05
5.76555e-05
5.76521e-05
5.76487e-05
5.76453e-05
5.76419e-05
5.76385e-05
5.76351e-05
5.76317e-05
5.76283e-05
5.76249e-05
5.76215e-05
5.76181e-05
5.76147e-05
5.76113e-05
5.76079e-05
5.76045e-05
5.76011e-05
5.75978e-05
5.75944e-05
5.7591e-05
5.75876e-05
5.75843e-05
5.75809e-05
5.75775e-05
5.75741e-05
5.75708e-05
5.75674e-05
5.7564e-05
5.75607e-05
5.75573e-05
5.7554e-05
5.75506e-05
5.75472e-05
5.75439e-05
5.75405e-05
5.75372e-05
5.75338e-05
5.75305e-05
5.75272e-05
5.75238e-05
5.75205e-05
5.75171e-05
5.75138e-05
5.75105e-05
5.75071e-05
5.75038e-05
5.75005e-05
5.74971e-05
5.74938e-05
5.74905e-05
5.74872e-05
5.74838e-05
5.74805e-05
5.74772e-05
5.74739e-05
5.74706e-05
5.74673e-05
5.7464e-05
5.74607e-05
5.74573e-05
5.7454e-05
5.74507e-05
5.74474e-05
5.74441e-05
5.74408e-05
5.74376e-05
5.74343e-05
5.7431e-05
5.74277e-05
5.74244e-05
5.74211e-05
5.74178e-05
5.74145e-05
5.74113e-05
5.7408e-05
5.74047e-05
5.74014e-05
5.73982e-05
5.73949e-05
5.73916e-05
5.73883e-05
5.73851e-05
5.73818e-05
5.73786e-05
5.73753e-05
5.7372e-05
5.73688e-05
5.73655e-05
5.73623e-05
5.7359e-05
5.73558e-05
5.73525e-05
5.73493e-05
5.7346e-05
5.73428e-05
5.73395e-05
5.73363e-05
5.73331e-05
5.73298e-05
5.73266e-05
5.73234e-05
5.73201e-05
5.73169e-05
5.73137e-05
5.73105e-05
5.73072e-05
5.7304e-05
5.73008e-05
5.72976e-05
5.72944e-05
5.72911e-05
5.72879e-05
5.72847e-05
5.72815e-05
5.72783e-05
5.72751e-05
5.72719e-05
5.72687e-05
5.72655e-05
5.72623e-05
5.72591e-05
5.72559e-05
5.72527e-05
5.72495e-05
5.72463e-05
5.72431e-05
5.724e-05
5.72368e-05
5.72336e-05
5.72304e-05
5.72272e-05
5.7224e-05
5.72209e-05
5.72177e-05
5.72145e-05
5.72114e-05
5.72082e-05
5.7205e-05
5.72019e-05
5.71987e-05
5.71955e-05
5.71924e-05
5.71892e-05
5.71861e-05
5.71829e-05
5.71797e-05
5.71766e-05
5.71734e-05
5.71703e-05
5.71671e-05
5.7164e-05
5.71609e-05
5.71577e-05
5.71546e-05
5.71514e-05
5.71483e-05
5.71452e-05
5.7142e-05
5.71389e-05
5.71358e-05
5.71327e-05
5.71295e-05
5.71264e-05
5.71233e-05
5.71202e-05
5.7117e-05
5.71139e-05
5.71108e-05
5.71077e-05
5.71046e-05
5.71015e-05
5.70984e-05
5.70953e-05
5.70922e-05
5.70891e-05
5.70859e-05
5.70828e-05
5.70798e-05
5.70767e-05
5.70736e-05
5.70705e-05
5.70674e-05
5.70643e-05
5.70612e-05
5.70581e-05
5.7055e-05
5.70519e-05
5.70489e-05
5.70458e-05
5.70427e-05
5.70396e-05
5.70366e-05
5.70335e-05
5.70304e-05
5.70273e-05
5.70243e-05
5.70212e-05
5.70181e-05
5.70151e-05
5.7012e-05
5.7009e-05
5.70059e-05
5.70028e-05
5.69998e-05
5.69967e-05
5.69937e-05
5.69906e-05
5.69876e-05
5.69845e-05
5.69815e-05
5.69785e-05
5.69754e-05
5.69724e-05
5.69693e-05
5.69663e-05
5.69633e-05
5.69602e-05
5.69572e-05
5.69542e-05
5.69511e-05
5.69481e-05
5.69451e-05
5.69421e-05
5.69391e-05
5.6936e-05
5.6933e-05
5.693e-05
5.6927e-05
5.6924e-05
5.6921e-05
5.6918e-05
5.69149e-05
5.69119e-05
5.69089e-05
5.69059e-05
5.69029e-05
5.68999e-05
5.68969e-05
5.68939e-05
5.68909e-05
5.6888e-05
5.6885e-05
5.6882e-05
5.6879e-05
5.6876e-05
5.6873e-05
5.687e-05
5.6867e-05
5.68641e-05
5.68611e-05
5.68581e-05
5.68551e-05
5.68522e-05
5.68492e-05
5.68462e-05
5.68433e-05
5.68403e-05
5.68373e-05
5.68344e-05
5.68314e-05
5.68284e-05
5.68255e-05
5.68225e-05
5.68196e-05
5.68166e-05
5.68137e-05
5.68107e-05
5.68078e-05
5.68048e-05
5.68019e-05
5.67989e-05
5.6796e-05
5.6793e-05
5.67901e-05
5.67872e-05
5.67842e-05
5.67813e-05
5.67784e-05
5.67754e-05
5.67725e-05
5.67696e-05
5.67666e-05
5.67637e-05
5.67608e-05
5.67579e-05
5.6755e-05
5.6752e-05
5.67491e-05
5.67462e-05
5.67433e-05
5.67404e-05
5.67375e-05
5.67346e-05
5.67317e-05
5.67288e-05
5.67258e-05
5.67229e-05
5.672e-05
5.67171e-05
5.67142e-05
5.67114e-05
5.67085e-05
5.67056e-05
5.67027e-05
5.66998e-05
5.66969e-05
5.6694e-05
5.66911e-05
5.66882e-05
5.66854e-05
5.66825e-05
5.66796e-05
5.66767e-05
5.66738e-05
5.6671e-05
5.66681e-05
5.66652e-05
5.66624e-05
5.66595e-05
5.66566e-05
5.66538e-05
5.66509e-05
5.6648e-05
5.66452e-05
5.66423e-05
5.66395e-05
5.66366e-05
5.66338e-05
5.66309e-05
5.66281e-05
5.66252e-05
5.66224e-05
5.66195e-05
5.66167e-05
5.66138e-05
5.6611e-05
5.66081e-05
5.66053e-05
5.66025e-05
5.65996e-05
5.65968e-05
5.6594e-05
5.65911e-05
5.65883e-05
5.65855e-05
5.65827e-05
5.65798e-05
5.6577e-05
5.65742e-05
5.65714e-05
5.65686e-05
5.65657e-05
5.65629e-05
5.65601e-05
5.65573e-05
5.65545e-05
5.65517e-05
5.65489e-05
5.65461e-05
5.65433e-05
5.65405e-05
5.65377e-05
5.65349e-05
5.65321e-05
5.65293e-05
5.65265e-05
5.65237e-05
5.65209e-05
5.65181e-05
5.65153e-05
5.65125e-05
5.65097e-05
5.6507e-05
5.65042e-05
5.65014e-05
5.64986e-05
5.64958e-05
5.64931e-05
5.64903e-05
5.64875e-05
5.64847e-05
5.6482e-05
5.64792e-05
5.64764e-05
5.64737e-05
5.64709e-05
5.64682e-05
5.64654e-05
5.64626e-05
5.64599e-05
5.64571e-05
5.64544e-05
5.64516e-05
5.64489e-05
5.64461e-05
5.64434e-05
5.64406e-05
5.64379e-05
5.64351e-05
5.64324e-05
5.64296e-05
5.64269e-05
5.64242e-05
5.64214e-05
5.64187e-05
5.6416e-05
5.64132e-05
5.64105e-05
5.64078e-05
5.6405e-05
5.64023e-05
5.63996e-05
5.63969e-05
5.63941e-05
5.63914e-05
5.63887e-05
5.6386e-05
5.63833e-05
5.63805e-05
5.63778e-05
5.63751e-05
5.63724e-05
5.63697e-05
5.6367e-05
5.63643e-05
5.63616e-05
5.63589e-05
5.63562e-05
5.63535e-05
5.63508e-05
5.63481e-05
5.63454e-05
5.63427e-05
5.634e-05
5.63373e-05
5.63346e-05
5.63319e-05
5.63293e-05
5.63266e-05
5.63239e-05
5.63212e-05
5.63185e-05
5.63158e-05
5.63132e-05
5.63105e-05
5.63078e-05
5.63051e-05
5.63025e-05
5.62998e-05
5.62971e-05
5.62945e-05
5.62918e-05
5.62891e-05
5.62865e-05
5.62838e-05
5.62812e-05
5.62785e-05
5.62758e-05
5.62732e-05
5.62705e-05
5.62679e-05
5.62652e-05
5.62626e-05
5.62599e-05
5.62573e-05
5.62546e-05
5.6252e-05
5.62493e-05
5.62467e-05
5.62441e-05
5.62414e-05
5.62388e-05
5.62362e-05
5.62335e-05
5.62309e-05
5.62283e-05
5.62256e-05
5.6223e-05
5.62204e-05
5.62177e-05
5.62151e-05
5.62125e-05
5.62099e-05
5.62073e-05
5.62046e-05
5.6202e-05
5.61994e-05
5.61968e-05
5.61942e-05
5.61916e-05
5.6189e-05
5.61864e-05
5.61838e-05
5.61811e-05
5.61785e-05
5.61759e-05
5.61733e-05
5.61707e-05
5.61681e-05
5.61655e-05
5.61629e-05
5.61604e-05
5.61578e-05
5.61552e-05
5.61526e-05
5.615e-05
5.61474e-05
5.61448e-05
5.61422e-05
5.61397e-05
5.61371e-05
5.61345e-05
5.61319e-05
5.61293e-05
5.61268e-05
5.61242e-05
5.61216e-05
5.6119e-05
5.61165e-05
5.61139e-05
5.61113e-05
5.61088e-05
5.61062e-05
5.61037e-05
5.61011e-05
5.60985e-05
5.6096e-05
5.60934e-05
5.60909e-05
5.60883e-05
5.60858e-05
5.60832e-05
5.60807e-05
5.60781e-05
5.60756e-05
5.6073e-05
5.60705e-05
5.60679e-05
5.60654e-05
5.60628e-05
5.60603e-05
5.60578e-05
5.60552e-05
5.60527e-05
5.60502e-05
5.60476e-05
5.60451e-05
5.60426e-05
5.604e-05
5.60375e-05
5.6035e-05
5.60325e-05
5.60299e-05
5.60274e-05
5.60249e-05
5.60224e-05
5.60199e-05
5.60174e-05
5.60148e-05
5.60123e-05
5.60098e-05
5.60073e-05
5.60048e-05
5.60023e-05
5.59998e-05
5.59973e-05
5.59948e-05
5.59923e-05
5.59898e-05
5.59873e-05
5.59848e-05
5.59823e-05
5.59798e-05
5.59773e-05
5.59748e-05
5.59723e-05
5.59698e-05
5.59673e-05
5.59648e-05
5.59624e-05
5.59599e-05
5.59574e-05
5.59549e-05
5.59524e-05
5.595e-05
5.59475e-05
5.5945e-05
5.59425e-05
5.59401e-05
5.59376e-05
5.59351e-05
5.59326e-05
5.59302e-05
5.59277e-05
5.59252e-05
5.59228e-05
5.59203e-05
5.59179e-05
5.59154e-05
5.59129e-05
5.59105e-05
5.5908e-05
5.59056e-05
5.59031e-05
5.59007e-05
5.58982e-05
5.58958e-05
5.58933e-05
5.58909e-05
5.58884e-05
5.5886e-05
5.58835e-05
5.58811e-05
5.58787e-05
5.58762e-05
5.58738e-05
5.58714e-05
5.58689e-05
5.58665e-05
5.58641e-05
5.58616e-05
5.58592e-05
5.58568e-05
5.58543e-05
5.58519e-05
5.58495e-05
5.58471e-05
5.58447e-05
5.58422e-05
5.58398e-05
5.58374e-05
5.5835e-05
5.58326e-05
5.58302e-05
5.58277e-05
5.58253e-05
5.58229e-05
5.58205e-05
5.58181e-05
5.58157e-05
5.58133e-05
5.58109e-05
5.58085e-05
5.58061e-05
5.58037e-05
5.58013e-05
5.57989e-05
5.57965e-05
5.57941e-05
5.57917e-05
5.57893e-05
5.5787e-05
5.57846e-05
5.57822e-05
5.57798e-05
5.57774e-05
5.5775e-05
5.57726e-05
5.57703e-05
5.57679e-05
5.57655e-05
5.57631e-05
5.57608e-05
5.57584e-05
5.5756e-05
5.57536e-05
5.57513e-05
5.57489e-05
5.57465e-05
5.57442e-05
5.57418e-05
5.57394e-05
5.57371e-05
5.57347e-05
5.57324e-05
5.573e-05
5.57276e-05
5.57253e-05
5.57229e-05
5.57206e-05
5.57182e-05
5.57159e-05
5.57135e-05
5.57112e-05
5.57088e-05
5.57065e-05
5.57041e-05
5.57018e-05
5.56995e-05
5.56971e-05
5.56948e-05
5.56924e-05
5.56901e-05
5.56878e-05
5.56854e-05
5.56831e-05
5.56808e-05
5.56784e-05
5.56761e-05
5.56738e-05
5.56715e-05
5.56691e-05
5.56668e-05
5.56645e-05
5.56622e-05
5.56599e-05
5.56575e-05
5.56552e-05
5.56529e-05
5.56506e-05
5.56483e-05
5.5646e-05
5.56437e-05
5.56413e-05
5.5639e-05
5.56367e-05
5.56344e-05
5.56321e-05
5.56298e-05
5.56275e-05
5.56252e-05
5.56229e-05
5.56206e-05
5.56183e-05
5.5616e-05
5.56137e-05
5.56114e-05
5.56091e-05
5.56069e-05
5.56046e-05
5.56023e-05
5.56e-05
5.55977e-05
5.55954e-05
5.55931e-05
5.55909e-05
5.55886e-05
5.55863e-05
5.5584e-05
5.55817e-05
5.55795e-05
5.55772e-05
5.55749e-05
5.55726e-05
5.55704e-05
5.55681e-05
5.55658e-05
5.55636e-05
5.55613e-05
5.5559e-05
5.55568e-05
5.55545e-05
5.55523e-05
5.555e-05
5.55477e-05
5.55455e-05
5.55432e-05
5.5541e-05
5.55387e-05
5.55365e-05
5.55342e-05
5.5532e-05
5.55297e-05
5.55275e-05
5.55252e-05
5.5523e-05
5.55207e-05
5.55185e-05
5.55162e-05
5.5514e-05
5.55118e-05
5.55095e-05
5.55073e-05
5.55051e-05
5.55028e-05
5.55006e-05
5.54984e-05
5.54961e-05
5.54939e-05
5.54917e-05
5.54894e-05
5.54872e-05
5.5485e-05
5.54828e-05
5.54806e-05
5.54783e-05
5.54761e-05
5.54739e-05
5.54717e-05
5.54695e-05
5.54673e-05
5.5465e-05
5.54628e-05
5.54606e-05
5.54584e-05
5.54562e-05
5.5454e-05
5.54518e-05
5.54496e-05
5.54474e-05
5.54452e-05
5.5443e-05
5.54408e-05
5.54386e-05
5.54364e-05
5.54342e-05
5.5432e-05
5.54298e-05
5.54276e-05
5.54254e-05
5.54232e-05
5.5421e-05
5.54188e-05
5.54167e-05
5.54145e-05
5.54123e-05
5.54101e-05
5.54079e-05
5.54057e-05
5.54036e-05
5.54014e-05
5.53992e-05
5.5397e-05
5.53949e-05
5.53927e-05
5.53905e-05
5.53883e-05
5.53862e-05
5.5384e-05
5.53818e-05
5.53797e-05
5.53775e-05
5.53753e-05
5.53732e-05
5.5371e-05
5.53688e-05
5.53667e-05
5.53645e-05
5.53624e-05
5.53602e-05
5.53581e-05
5.53559e-05
5.53538e-05
5.53516e-05
5.53495e-05
5.53473e-05
5.53452e-05
5.5343e-05
5.53409e-05
5.53387e-05
5.53366e-05
5.53344e-05
5.53323e-05
5.53302e-05
5.5328e-05
5.53259e-05
5.53238e-05
5.53216e-05
5.53195e-05
5.53173e-05
5.53152e-05
5.53131e-05
5.5311e-05
5.53088e-05
5.53067e-05
5.53046e-05
5.53025e-05
5.53003e-05
5.52982e-05
5.52961e-05
5.5294e-05
5.52919e-05
5.52897e-05
5.52876e-05
5.52855e-05
5.52834e-05
5.52813e-05
5.52792e-05
5.52771e-05
5.52749e-05
5.52728e-05
5.52707e-05
5.52686e-05
5.52665e-05
5.52644e-05
5.52623e-05
5.52602e-05
5.52581e-05
5.5256e-05
5.52539e-05
5.52518e-05
5.52497e-05
5.52476e-05
5.52455e-05
5.52434e-05
5.52414e-05
5.52393e-05
5.52372e-05
5.52351e-05
5.5233e-05
5.52309e-05
5.52288e-05
5.52268e-05
5.52247e-05
5.52226e-05
5.52205e-05
5.52184e-05
5.52164e-05
5.52143e-05
5.52122e-05
5.52101e-05
5.52081e-05
5.5206e-05
5.52039e-05
5.52018e-05
5.51998e-05
5.51977e-05
5.51956e-05
5.51936e-05
5.51915e-05
5.51895e-05
5.51874e-05
5.51853e-05
5.51833e-05
5.51812e-05
5.51792e-05
5.51771e-05
5.5175e-05
5.5173e-05
5.51709e-05
5.51689e-05
5.51668e-05
5.51648e-05
5.51627e-05
5.51607e-05
5.51587e-05
5.51566e-05
5.51546e-05
5.51525e-05
5.51505e-05
5.51484e-05
5.51464e-05
5.51444e-05
5.51423e-05
5.51403e-05
5.51383e-05
5.51362e-05
5.51342e-05
5.51322e-05
5.51301e-05
5.51281e-05
5.51261e-05
5.5124e-05
5.5122e-05
5.512e-05
5.5118e-05
5.51159e-05
5.51139e-05
5.51119e-05
5.51099e-05
5.51079e-05
5.51059e-05
5.51038e-05
5.51018e-05
5.50998e-05
5.50978e-05
5.50958e-05
5.50938e-05
5.50918e-05
5.50898e-05
5.50878e-05
5.50857e-05
5.50837e-05
5.50817e-05
5.50797e-05
5.50777e-05
5.50757e-05
5.50737e-05
5.50717e-05
5.50697e-05
5.50677e-05
5.50657e-05
5.50638e-05
5.50618e-05
5.50598e-05
5.50578e-05
5.50558e-05
5.50538e-05
5.50518e-05
5.50498e-05
5.50478e-05
5.50459e-05
5.50439e-05
5.50419e-05
5.50399e-05
5.50379e-05
5.5036e-05
5.5034e-05
5.5032e-05
5.503e-05
5.5028e-05
5.50261e-05
5.50241e-05
5.50221e-05
5.50202e-05
5.50182e-05
5.50162e-05
5.50143e-05
5.50123e-05
5.50103e-05
5.50084e-05
5.50064e-05
5.50044e-05
5.50025e-05
5.50005e-05
5.49986e-05
5.49966e-05
5.49946e-05
5.49927e-05
5.49907e-05
5.49888e-05
5.49868e-05
5.49849e-05
5.49829e-05
5.4981e-05
5.4979e-05
5.49771e-05
5.49751e-05
5.49732e-05
5.49713e-05
5.49693e-05
5.49674e-05
5.49654e-05
5.49635e-05
5.49616e-05
5.49596e-05
5.49577e-05
5.49557e-05
5.49538e-05
5.49519e-05
5.49499e-05
5.4948e-05
5.49461e-05
5.49442e-05
5.49422e-05
5.49403e-05
5.49384e-05
5.49365e-05
5.49345e-05
5.49326e-05
5.49307e-05
5.49288e-05
5.49269e-05
5.49249e-05
5.4923e-05
5.49211e-05
5.49192e-05
5.49173e-05
5.49154e-05
5.49134e-05
5.49115e-05
5.49096e-05
5.49077e-05
5.49058e-05
5.49039e-05
5.4902e-05
5.49001e-05
5.48982e-05
5.48963e-05
5.48944e-05
5.48925e-05
5.48906e-05
5.48887e-05
5.48868e-05
5.48849e-05
5.4883e-05
5.48811e-05
5.48792e-05
5.48773e-05
5.48754e-05
5.48735e-05
5.48716e-05
5.48698e-05
5.48679e-05
5.4866e-05
5.48641e-05
5.48622e-05
5.48603e-05
5.48585e-05
5.48566e-05
5.48547e-05
5.48528e-05
5.48509e-05
5.48491e-05
5.48472e-05
5.48453e-05
5.48434e-05
5.48416e-05
5.48397e-05
5.48378e-05
5.4836e-05
5.48341e-05
5.48322e-05
5.48303e-05
5.48285e-05
5.48266e-05
5.48248e-05
5.48229e-05
5.4821e-05
5.48192e-05
5.48173e-05
5.48155e-05
5.48136e-05
5.48117e-05
5.48099e-05
5.4808e-05
5.48062e-05
5.48043e-05
5.48025e-05
5.48006e-05
5.47988e-05
5.47969e-05
5.47951e-05
5.47932e-05
5.47914e-05
5.47895e-05
5.47877e-05
5.47859e-05
5.4784e-05
5.47822e-05
5.47803e-05
5.47785e-05
5.47767e-05
5.47748e-05
5.4773e-05
5.47712e-05
5.47693e-05
5.47675e-05
5.47657e-05
5.47638e-05
5.4762e-05
5.47602e-05
5.47583e-05
5.47565e-05
5.47547e-05
5.47529e-05
5.4751e-05
5.47492e-05
5.47474e-05
5.47456e-05
5.47438e-05
5.47419e-05
5.47401e-05
5.47383e-05
5.47365e-05
5.47347e-05
5.47329e-05
5.4731e-05
5.47292e-05
5.47274e-05
5.47256e-05
5.47238e-05
5.4722e-05
5.47202e-05
5.47184e-05
5.47166e-05
5.47148e-05
5.4713e-05
5.47112e-05
5.47094e-05
5.47076e-05
5.47058e-05
5.4704e-05
5.47022e-05
5.47004e-05
5.46986e-05
5.46968e-05
5.4695e-05
5.46932e-05
5.46914e-05
5.46896e-05
5.46878e-05
5.46861e-05
5.46843e-05
5.46825e-05
5.46807e-05
5.46789e-05
5.46771e-05
5.46754e-05
5.46736e-05
5.46718e-05
5.467e-05
5.46682e-05
5.46665e-05
5.46647e-05
5.46629e-05
5.46611e-05
5.46594e-05
5.46576e-05
5.46558e-05
5.4654e-05
5.46523e-05
5.46505e-05
5.46487e-05
5.4647e-05
5.46452e-05
5.46434e-05
5.46417e-05
5.46399e-05
5.46382e-05
5.46364e-05
5.46346e-05
5.46329e-05
5.46311e-05
5.46294e-05
5.46276e-05
5.46258e-05
5.46241e-05
5.46223e-05
5.46206e-05
5.46188e-05
5.46171e-05
5.46153e-05
5.46136e-05
5.46118e-05
5.46101e-05
5.46083e-05
5.46066e-05
5.46049e-05
5.46031e-05
5.46014e-05
5.45996e-05
5.45979e-05
5.45962e-05
5.45944e-05
5.45927e-05
5.45909e-05
5.45892e-05
5.45875e-05
5.45857e-05
5.4584e-05
5.45823e-05
5.45805e-05
5.45788e-05
5.45771e-05
5.45754e-05
5.45736e-05
5.45719e-05
5.45702e-05
5.45685e-05
5.45667e-05
5.4565e-05
5.45633e-05
5.45616e-05
5.45599e-05
5.45581e-05
5.45564e-05
5.45547e-05
5.4553e-05
5.45513e-05
5.45496e-05
5.45478e-05
5.45461e-05
5.45444e-05
5.45427e-05
5.4541e-05
5.45393e-05
5.45376e-05
5.45359e-05
5.45342e-05
5.45325e-05
5.45308e-05
5.45291e-05
5.45274e-05
5.45257e-05
5.4524e-05
5.45223e-05
5.45206e-05
5.45189e-05
5.45172e-05
5.45155e-05
5.45138e-05
5.45121e-05
5.45104e-05
5.45087e-05
5.4507e-05
5.45053e-05
5.45036e-05
5.4502e-05
5.45003e-05
5.44986e-05
5.44969e-05
5.44952e-05
5.44935e-05
5.44918e-05
5.44902e-05
5.44885e-05
5.44868e-05
5.44851e-05
5.44834e-05
5.44818e-05
5.44801e-05
5.44784e-05
5.44767e-05
5.44751e-05
5.44734e-05
5.44717e-05
5.44701e-05
5.44684e-05
5.44667e-05
5.44651e-05
5.44634e-05
5.44617e-05
5.44601e-05
5.44584e-05
5.44567e-05
5.44551e-05
5.44534e-05
5.44517e-05
5.44501e-05
5.44484e-05
5.44468e-05
5.44451e-05
5.44435e-05
5.44418e-05
5.44401e-05
5.44385e-05
5.44368e-05
5.44352e-05
5.44335e-05
5.44319e-05
5.44302e-05
5.44286e-05
5.44269e-05
5.44253e-05
5.44237e-05
5.4422e-05
5.44204e-05
5.44187e-05
5.44171e-05
5.44154e-05
5.44138e-05
5.44122e-05
5.44105e-05
5.44089e-05
5.44073e-05
5.44056e-05
5.4404e-05
5.44024e-05
5.44007e-05
5.43991e-05
5.43975e-05
5.43958e-05
5.43942e-05
5.43926e-05
5.43909e-05
5.43893e-05
5.43877e-05
5.43861e-05
5.43844e-05
5.43828e-05
5.43812e-05
5.43796e-05
5.4378e-05
5.43763e-05
5.43747e-05
5.43731e-05
5.43715e-05
5.43699e-05
5.43683e-05
5.43666e-05
5.4365e-05
5.43634e-05
5.43618e-05
5.43602e-05
5.43586e-05
5.4357e-05
5.43554e-05
5.43538e-05
5.43522e-05
5.43505e-05
5.43489e-05
5.43473e-05
5.43457e-05
5.43441e-05
5.43425e-05
5.43409e-05
5.43393e-05
5.43377e-05
5.43361e-05
5.43345e-05
5.43329e-05
5.43313e-05
5.43298e-05
5.43282e-05
5.43266e-05
5.4325e-05
5.43234e-05
5.43218e-05
5.43202e-05
5.43186e-05
5.4317e-05
5.43154e-05
5.43139e-05
5.43123e-05
5.43107e-05
5.43091e-05
5.43075e-05
5.43059e-05
5.43044e-05
5.43028e-05
5.43012e-05
5.42996e-05
5.42981e-05
5.42965e-05
5.42949e-05
5.42933e-05
5.42918e-05
5.42902e-05
5.42886e-05
5.4287e-05
5.42855e-05
5.42839e-05
5.42823e-05
5.42808e-05
5.42792e-05
5.42776e-05
5.42761e-05
5.42745e-05
5.42729e-05
5.42714e-05
5.42698e-05
5.42683e-05
5.42667e-05
5.42651e-05
5.42636e-05
5.4262e-05
5.42605e-05
5.42589e-05
5.42574e-05
5.42558e-05
5.42542e-05
5.42527e-05
5.42511e-05
5.42496e-05
5.4248e-05
5.42465e-05
5.42449e-05
5.42434e-05
5.42419e-05
5.42403e-05
5.42388e-05
5.42372e-05
5.42357e-05
5.42341e-05
5.42326e-05
5.42311e-05
5.42295e-05
5.4228e-05
5.42264e-05
5.42249e-05
5.42234e-05
5.42218e-05
5.42203e-05
5.42188e-05
5.42172e-05
5.42157e-05
5.42142e-05
5.42126e-05
5.42111e-05
5.42096e-05
5.4208e-05
5.42065e-05
5.4205e-05
5.42035e-05
5.42019e-05
5.42004e-05
5.41989e-05
5.41974e-05
5.41959e-05
5.41943e-05
5.41928e-05
5.41913e-05
5.41898e-05
5.41883e-05
5.41867e-05
5.41852e-05
5.41837e-05
5.41822e-05
5.41807e-05
5.41792e-05
5.41777e-05
5.41762e-05
5.41746e-05
5.41731e-05
5.41716e-05
5.41701e-05
5.41686e-05
5.41671e-05
5.41656e-05
5.41641e-05
5.41626e-05
5.41611e-05
5.41596e-05
5.41581e-05
5.41566e-05
5.41551e-05
5.41536e-05
5.41521e-05
5.41506e-05
5.41491e-05
5.41476e-05
5.41461e-05
5.41446e-05
5.41431e-05
5.41416e-05
5.41401e-05
5.41387e-05
5.41372e-05
5.41357e-05
5.41342e-05
5.41327e-05
5.41312e-05
5.41297e-05
5.41282e-05
5.41268e-05
5.41253e-05
5.41238e-05
5.41223e-05
5.41208e-05
5.41194e-05
5.41179e-05
5.41164e-05
5.41149e-05
5.41134e-05
5.4112e-05
5.41105e-05
5.4109e-05
5.41075e-05
5.41061e-05
5.41046e-05
5.41031e-05
5.41017e-05
5.41002e-05
5.40987e-05
5.40973e-05
5.40958e-05
5.40943e-05
5.40929e-05
5.40914e-05
5.40899e-05
5.40885e-05
5.4087e-05
5.40855e-05
5.40841e-05
5.40826e-05
5.40812e-05
5.40797e-05
5.40782e-05
5.40768e-05
5.40753e-05
5.40739e-05
5.40724e-05
5.4071e-05
5.40695e-05
5.40681e-05
5.40666e-05
5.40652e-05
5.40637e-05
5.40623e-05
5.40608e-05
5.40594e-05
5.40579e-05
5.40565e-05
5.4055e-05
5.40536e-05
5.40521e-05
5.40507e-05
5.40493e-05
5.40478e-05
5.40464e-05
5.40449e-05
5.40435e-05
5.40421e-05
5.40406e-05
5.40392e-05
5.40377e-05
5.40363e-05
5.40349e-05
5.40334e-05
5.4032e-05
5.40306e-05
5.40292e-05
5.40277e-05
5.40263e-05
5.40249e-05
5.40234e-05
5.4022e-05
5.40206e-05
5.40192e-05
5.40177e-05
5.40163e-05
5.40149e-05
5.40135e-05
5.4012e-05
5.40106e-05
5.40092e-05
5.40078e-05
5.40064e-05
5.40049e-05
5.40035e-05
5.40021e-05
5.40007e-05
5.39993e-05
5.39979e-05
5.39965e-05
5.3995e-05
5.39936e-05
5.39922e-05
5.39908e-05
5.39894e-05
5.3988e-05
5.39866e-05
5.39852e-05
5.39838e-05
5.39824e-05
5.3981e-05
5.39796e-05
5.39782e-05
5.39768e-05
5.39753e-05
5.39739e-05
5.39725e-05
5.39711e-05
5.39698e-05
5.39684e-05
5.3967e-05
5.39656e-05
5.39642e-05
5.39628e-05
5.39614e-05
5.396e-05
5.39586e-05
5.39572e-05
5.39558e-05
5.39544e-05
5.3953e-05
5.39516e-05
5.39502e-05
5.39489e-05
5.39475e-05
5.39461e-05
5.39447e-05
5.39433e-05
5.39419e-05
5.39406e-05
5.39392e-05
5.39378e-05
5.39364e-05
5.3935e-05
5.39336e-05
5.39323e-05
5.39309e-05
5.39295e-05
5.39281e-05
5.39268e-05
5.39254e-05
5.3924e-05
5.39226e-05
5.39213e-05
5.39199e-05
5.39185e-05
5.39172e-05
5.39158e-05
5.39144e-05
5.39131e-05
5.39117e-05
5.39103e-05
5.3909e-05
5.39076e-05
5.39062e-05
5.39049e-05
5.39035e-05
5.39021e-05
5.39008e-05
5.38994e-05
5.38981e-05
5.38967e-05
5.38953e-05
5.3894e-05
5.38926e-05
5.38913e-05
5.38899e-05
5.38886e-05
5.38872e-05
5.38858e-05
5.38845e-05
5.38831e-05
5.38818e-05
5.38804e-05
5.38791e-05
5.38777e-05
5.38764e-05
5.3875e-05
5.38737e-05
5.38724e-05
5.3871e-05
5.38697e-05
5.38683e-05
5.3867e-05
5.38656e-05
5.38643e-05
5.3863e-05
5.38616e-05
5.38603e-05
5.38589e-05
5.38576e-05
5.38563e-05
5.38549e-05
5.38536e-05
5.38523e-05
5.38509e-05
5.38496e-05
5.38483e-05
5.38469e-05
5.38456e-05
5.38443e-05
5.38429e-05
5.38416e-05
5.38403e-05
5.38389e-05
5.38376e-05
5.38363e-05
5.3835e-05
5.38336e-05
5.38323e-05
5.3831e-05
5.38297e-05
5.38283e-05
5.3827e-05
5.38257e-05
5.38244e-05
5.38231e-05
5.38217e-05
5.38204e-05
5.38191e-05
5.38178e-05
5.38165e-05
5.38152e-05
5.38138e-05
5.38125e-05
5.38112e-05
5.38099e-05
5.38086e-05
5.38073e-05
5.3806e-05
5.38047e-05
5.38034e-05
5.38021e-05
5.38007e-05
5.37994e-05
5.37981e-05
5.37968e-05
5.37955e-05
5.37942e-05
5.37929e-05
5.37916e-05
5.37903e-05
5.3789e-05
5.37877e-05
5.37864e-05
5.37851e-05
5.37838e-05
5.37825e-05
5.37812e-05
5.37799e-05
5.37786e-05
5.37773e-05
5.3776e-05
5.37747e-05
5.37735e-05
5.37722e-05
5.37709e-05
5.37696e-05
5.37683e-05
5.3767e-05
5.37657e-05
5.37644e-05
5.37631e-05
5.37619e-05
5.37606e-05
5.37593e-05
5.3758e-05
5.37567e-05
5.37554e-05
5.37542e-05
5.37529e-05
5.37516e-05
5.37503e-05
5.3749e-05
5.37478e-05
5.37465e-05
5.37452e-05
5.37439e-05
5.37426e-05
5.37414e-05
5.37401e-05
5.37388e-05
5.37375e-05
5.37363e-05
5.3735e-05
5.37337e-05
5.37325e-05
5.37312e-05
5.37299e-05
5.37287e-05
5.37274e-05
5.37261e-05
5.37249e-05
5.37236e-05
5.37223e-05
5.37211e-05
5.37198e-05
5.37185e-05
5.37173e-05
5.3716e-05
5.37148e-05
5.37135e-05
5.37122e-05
5.3711e-05
5.37097e-05
5.37085e-05
5.37072e-05
5.37059e-05
5.37047e-05
5.37034e-05
5.37022e-05
5.37009e-05
5.36997e-05
5.36984e-05
5.36972e-05
5.36959e-05
5.36947e-05
5.36934e-05
5.36922e-05
5.36909e-05
5.36897e-05
5.36884e-05
5.36872e-05
5.36859e-05
5.36847e-05
5.36835e-05
5.36822e-05
5.3681e-05
5.36797e-05
5.36785e-05
5.36772e-05
5.3676e-05
5.36748e-05
5.36735e-05
5.36723e-05
5.36711e-05
5.36698e-05
5.36686e-05
5.36673e-05
5.36661e-05
5.36649e-05
5.36636e-05
5.36624e-05
5.36612e-05
5.36599e-05
5.36587e-05
5.36575e-05
5.36563e-05
5.3655e-05
5.36538e-05
5.36526e-05
5.36514e-05
5.36501e-05
5.36489e-05
5.36477e-05
5.36465e-05
5.36452e-05
5.3644e-05
5.36428e-05
5.36416e-05
5.36403e-05
5.36391e-05
5.36379e-05
5.36367e-05
5.36355e-05
5.36342e-05
5.3633e-05
5.36318e-05
5.36306e-05
5.36294e-05
5.36282e-05
5.3627e-05
5.36257e-05
5.36245e-05
5.36233e-05
5.36221e-05
5.36209e-05
5.36197e-05
5.36185e-05
5.36173e-05
5.36161e-05
5.36149e-05
5.36137e-05
5.36125e-05
5.36112e-05
5.361e-05
5.36088e-05
5.36076e-05
5.36064e-05
5.36052e-05
5.3604e-05
5.36028e-05
5.36016e-05
5.36004e-05
5.35992e-05
5.3598e-05
5.35968e-05
5.35956e-05
5.35944e-05
5.35933e-05
5.35921e-05
5.35909e-05
5.35897e-05
5.35885e-05
5.35873e-05
5.35861e-05
5.35849e-05
5.35837e-05
5.35825e-05
5.35813e-05
5.35801e-05
5.3579e-05
5.35778e-05
5.35766e-05
5.35754e-05
5.35742e-05
5.3573e-05
5.35719e-05
5.35707e-05
5.35695e-05
5.35683e-05
5.35671e-05
5.35659e-05
5.35648e-05
5.35636e-05
5.35624e-05
5.35612e-05
5.35601e-05
5.35589e-05
5.35577e-05
5.35565e-05
5.35553e-05
5.35542e-05
5.3553e-05
5.35518e-05
5.35507e-05
5.35495e-05
5.35483e-05
5.35471e-05
5.3546e-05
5.35448e-05
5.35436e-05
5.35425e-05
5.35413e-05
5.35401e-05
5.3539e-05
5.35378e-05
5.35366e-05
5.35355e-05
5.35343e-05
5.35332e-05
5.3532e-05
5.35308e-05
5.35297e-05
5.35285e-05
5.35273e-05
5.35262e-05
5.3525e-05
5.35239e-05
5.35227e-05
5.35216e-05
5.35204e-05
5.35192e-05
5.35181e-05
5.35169e-05
5.35158e-05
5.35146e-05
5.35135e-05
5.35123e-05
5.35112e-05
5.351e-05
5.35089e-05
5.35077e-05
5.35066e-05
5.35054e-05
5.35043e-05
5.35031e-05
5.3502e-05
5.35008e-05
5.34997e-05
5.34986e-05
5.34974e-05
5.34963e-05
5.34951e-05
5.3494e-05
5.34928e-05
5.34917e-05
5.34906e-05
5.34894e-05
5.34883e-05
5.34872e-05
5.3486e-05
5.34849e-05
5.34837e-05
5.34826e-05
5.34815e-05
5.34803e-05
5.34792e-05
5.34781e-05
5.34769e-05
5.34758e-05
5.34747e-05
5.34735e-05
5.34724e-05
5.34713e-05
5.34702e-05
5.3469e-05
5.34679e-05
5.34668e-05
5.34657e-05
5.34645e-05
5.34634e-05
5.34623e-05
5.34612e-05
5.346e-05
5.34589e-05
5.34578e-05
5.34567e-05
5.34555e-05
5.34544e-05
5.34533e-05
5.34522e-05
5.34511e-05
5.34499e-05
5.34488e-05
5.34477e-05
5.34466e-05
5.34455e-05
5.34444e-05
5.34433e-05
5.34421e-05
5.3441e-05
5.34399e-05
5.34388e-05
5.34377e-05
5.34366e-05
5.34355e-05
5.34344e-05
5.34333e-05
5.34321e-05
5.3431e-05
5.34299e-05
5.34288e-05
5.34277e-05
5.34266e-05
5.34255e-05
5.34244e-05
5.34233e-05
5.34222e-05
5.34211e-05
5.342e-05
5.34189e-05
5.34178e-05
5.34167e-05
5.34156e-05
5.34145e-05
5.34134e-05
5.34123e-05
5.34112e-05
5.34101e-05
5.3409e-05
5.34079e-05
5.34068e-05
5.34057e-05
5.34046e-05
5.34035e-05
5.34024e-05
5.34014e-05
5.34003e-05
5.33992e-05
5.33981e-05
5.3397e-05
5.33959e-05
5.33948e-05
5.33937e-05
5.33926e-05
5.33916e-05
5.33905e-05
5.33894e-05
5.33883e-05
5.33872e-05
5.33861e-05
5.3385e-05
5.3384e-05
5.33829e-05
5.33818e-05
5.33807e-05
5.33796e-05
5.33786e-05
5.33775e-05
5.33764e-05
5.33753e-05
5.33743e-05
5.33732e-05
5.33721e-05
5.3371e-05
5.33699e-05
5.33689e-05
5.33678e-05
5.33667e-05
5.33657e-05
5.33646e-05
5.33635e-05
5.33624e-05
5.33614e-05
5.33603e-05
5.33592e-05
5.33582e-05
5.33571e-05
5.3356e-05
5.3355e-05
5.33539e-05
5.33528e-05
5.33518e-05
5.33507e-05
5.33496e-05
5.33486e-05
5.33475e-05
5.33464e-05
5.33454e-05
5.33443e-05
5.33433e-05
5.33422e-05
5.33411e-05
5.33401e-05
5.3339e-05
5.3338e-05
5.33369e-05
5.33359e-05
5.33348e-05
5.33337e-05
5.33327e-05
5.33316e-05
5.33306e-05
5.33295e-05
5.33285e-05
5.33274e-05
5.33264e-05
5.33253e-05
5.33243e-05
5.33232e-05
5.33222e-05
5.33211e-05
5.33201e-05
5.3319e-05
5.3318e-05
5.33169e-05
5.33159e-05
5.33149e-05
5.33138e-05
5.33128e-05
5.33117e-05
5.33107e-05
5.33096e-05
5.33086e-05
5.33075e-05
5.33065e-05
5.33055e-05
5.33044e-05
5.33034e-05
5.33024e-05
5.33013e-05
5.33003e-05
5.32992e-05
5.32982e-05
5.32972e-05
5.32961e-05
5.32951e-05
5.32941e-05
5.3293e-05
5.3292e-05
5.3291e-05
5.32899e-05
5.32889e-05
5.32879e-05
5.32868e-05
5.32858e-05
5.32848e-05
5.32838e-05
5.32827e-05
5.32817e-05
5.32807e-05
5.32796e-05
5.32786e-05
5.32776e-05
5.32766e-05
5.32755e-05
5.32745e-05
5.32735e-05
5.32725e-05
5.32715e-05
5.32704e-05
5.32694e-05
5.32684e-05
5.32674e-05
5.32664e-05
5.32653e-05
5.32643e-05
5.32633e-05
5.32623e-05
5.32613e-05
5.32603e-05
5.32592e-05
5.32582e-05
5.32572e-05
5.32562e-05
5.32552e-05
5.32542e-05
5.32532e-05
5.32521e-05
5.32511e-05
5.32501e-05
5.32491e-05
5.32481e-05
5.32471e-05
5.32461e-05
5.32451e-05
5.32441e-05
5.32431e-05
5.32421e-05
5.32411e-05
5.32401e-05
5.3239e-05
5.3238e-05
5.3237e-05
5.3236e-05
5.3235e-05
5.3234e-05
5.3233e-05
5.3232e-05
5.3231e-05
5.323e-05
5.3229e-05
5.3228e-05
5.3227e-05
5.3226e-05
5.3225e-05
5.3224e-05
5.32231e-05
5.32221e-05
5.32211e-05
5.32201e-05
5.32191e-05
5.32181e-05
5.32171e-05
5.32161e-05
5.32151e-05
5.32141e-05
5.32131e-05
5.32121e-05
5.32111e-05
5.32102e-05
5.32092e-05
5.32082e-05
5.32072e-05
5.32062e-05
5.32052e-05
5.32042e-05
5.32032e-05
5.32023e-05
5.32013e-05
5.32003e-05
5.31993e-05
5.31983e-05
5.31973e-05
5.31964e-05
5.31954e-05
5.31944e-05
5.31934e-05
5.31924e-05
5.31915e-05
5.31905e-05
5.31895e-05
5.31885e-05
5.31876e-05
5.31866e-05
5.31856e-05
5.31846e-05
5.31837e-05
5.31827e-05
5.31817e-05
5.31807e-05
5.31798e-05
5.31788e-05
5.31778e-05
5.31768e-05
5.31759e-05
5.31749e-05
5.31739e-05
5.3173e-05
5.3172e-05
5.3171e-05
5.31701e-05
5.31691e-05
5.31681e-05
5.31672e-05
5.31662e-05
5.31652e-05
5.31643e-05
5.31633e-05
5.31623e-05
5.31614e-05
5.31604e-05
5.31595e-05
5.31585e-05
5.31575e-05
5.31566e-05
5.31556e-05
5.31547e-05
5.31537e-05
5.31527e-05
5.31518e-05
5.31508e-05
5.31499e-05
5.31489e-05
5.3148e-05
5.3147e-05
5.3146e-05
5.31451e-05
5.31441e-05
5.31432e-05
5.31422e-05
5.31413e-05
5.31403e-05
5.31394e-05
5.31384e-05
5.31375e-05
5.31365e-05
5.31356e-05
5.31346e-05
5.31337e-05
5.31327e-05
5.31318e-05
5.31308e-05
5.31299e-05
5.3129e-05
5.3128e-05
5.31271e-05
5.31261e-05
5.31252e-05
5.31242e-05
5.31233e-05
5.31223e-05
5.31214e-05
5.31205e-05
5.31195e-05
5.31186e-05
5.31176e-05
5.31167e-05
5.31158e-05
5.31148e-05
5.31139e-05
5.3113e-05
5.3112e-05
5.31111e-05
5.31101e-05
5.31092e-05
5.31083e-05
5.31073e-05
5.31064e-05
5.31055e-05
5.31045e-05
5.31036e-05
5.31027e-05
5.31018e-05
5.31008e-05
5.30999e-05
5.3099e-05
5.3098e-05
5.30971e-05
5.30962e-05
5.30953e-05
5.30943e-05
5.30934e-05
5.30925e-05
5.30915e-05
5.30906e-05
5.30897e-05
5.30888e-05
5.30879e-05
5.30869e-05
5.3086e-05
5.30851e-05
5.30842e-05
5.30832e-05
5.30823e-05
5.30814e-05
5.30805e-05
5.30796e-05
5.30786e-05
5.30777e-05
5.30768e-05
5.30759e-05
5.3075e-05
5.30741e-05
5.30731e-05
5.30722e-05
5.30713e-05
5.30704e-05
5.30695e-05
5.30686e-05
5.30677e-05
5.30668e-05
5.30658e-05
5.30649e-05
5.3064e-05
5.30631e-05
5.30622e-05
5.30613e-05
5.30604e-05
5.30595e-05
5.30586e-05
5.30577e-05
5.30568e-05
5.30558e-05
5.30549e-05
5.3054e-05
5.30531e-05
5.30522e-05
5.30513e-05
5.30504e-05
5.30495e-05
5.30486e-05
5.30477e-05
5.30468e-05
5.30459e-05
5.3045e-05
5.30441e-05
5.30432e-05
5.30423e-05
5.30414e-05
5.30405e-05
5.30396e-05
5.30387e-05
5.30378e-05
5.30369e-05
5.3036e-05
5.30351e-05
5.30342e-05
5.30333e-05
5.30325e-05
5.30316e-05
5.30307e-05
5.30298e-05
5.30289e-05
5.3028e-05
5.30271e-05
5.30262e-05
5.30253e-05
5.30244e-05
5.30235e-05
5.30227e-05
5.30218e-05
5.30209e-05
5.302e-05
5.30191e-05
5.30182e-05
5.30173e-05
5.30164e-05
5.30156e-05
5.30147e-05
5.30138e-05
5.30129e-05
5.3012e-05
5.30111e-05
5.30103e-05
5.30094e-05
5.30085e-05
5.30076e-05
5.30067e-05
5.30059e-05
5.3005e-05
5.30041e-05
5.30032e-05
5.30023e-05
5.30015e-05
5.30006e-05
5.29997e-05
5.29988e-05
5.2998e-05
5.29971e-05
5.29962e-05
5.29953e-05
5.29945e-05
5.29936e-05
5.29927e-05
5.29919e-05
5.2991e-05
5.29901e-05
5.29892e-05
5.29884e-05
5.29875e-05
5.29866e-05
5.29858e-05
5.29849e-05
5.2984e-05
5.29832e-05
5.29823e-05
5.29814e-05
5.29806e-05
5.29797e-05
5.29788e-05
5.2978e-05
5.29771e-05
5.29762e-05
5.29754e-05
5.29745e-05
5.29736e-05
5.29728e-05
5.29719e-05
5.29711e-05
5.29702e-05
5.29693e-05
5.29685e-05
5.29676e-05
5.29668e-05
5.29659e-05
5.29651e-05
5.29642e-05
5.29633e-05
5.29625e-05
5.29616e-05
5.29608e-05
5.29599e-05
5.29591e-05
5.29582e-05
5.29574e-05
5.29565e-05
5.29556e-05
5.29548e-05
5.29539e-05
5.29531e-05
5.29522e-05
5.29514e-05
5.29505e-05
5.29497e-05
5.29488e-05
5.2948e-05
5.29471e-05
5.29463e-05
5.29455e-05
5.29446e-05
5.29438e-05
5.29429e-05
5.29421e-05
5.29412e-05
5.29404e-05
5.29395e-05
5.29387e-05
5.29378e-05
5.2937e-05
5.29362e-05
5.29353e-05
5.29345e-05
5.29336e-05
5.29328e-05
5.2932e-05
5.29311e-05
5.29303e-05
5.29294e-05
5.29286e-05
5.29278e-05
5.29269e-05
5.29261e-05
5.29253e-05
5.29244e-05
5.29236e-05
5.29227e-05
5.29219e-05
5.29211e-05
5.29202e-05
5.29194e-05
5.29186e-05
5.29177e-05
5.29169e-05
5.29161e-05
5.29153e-05
5.29144e-05
5.29136e-05
5.29128e-05
5.29119e-05
5.29111e-05
5.29103e-05
5.29094e-05
5.29086e-05
5.29078e-05
5.2907e-05
5.29061e-05
5.29053e-05
5.29045e-05
5.29037e-05
5.29028e-05
5.2902e-05
5.29012e-05
5.29004e-05
5.28995e-05
5.28987e-05
5.28979e-05
5.28971e-05
5.28963e-05
5.28954e-05
5.28946e-05
5.28938e-05
5.2893e-05
5.28922e-05
5.28913e-05
5.28905e-05
5.28897e-05
5.28889e-05
5.28881e-05
5.28873e-05
5.28864e-05
5.28856e-05
5.28848e-05
5.2884e-05
5.28832e-05
5.28824e-05
5.28816e-05
5.28807e-05
5.28799e-05
5.28791e-05
5.28783e-05
5.28775e-05
5.28767e-05
5.28759e-05
5.28751e-05
5.28743e-05
5.28734e-05
5.28726e-05
5.28718e-05
5.2871e-05
5.28702e-05
5.28694e-05
5.28686e-05
5.28678e-05
5.2867e-05
5.28662e-05
5.28654e-05
5.28646e-05
5.28638e-05
5.2863e-05
5.28622e-05
5.28614e-05
5.28606e-05
5.28598e-05
5.2859e-05
5.28582e-05
5.28574e-05
5.28566e-05
5.28558e-05
5.2855e-05
5.28542e-05
5.28534e-05
5.28526e-05
5.28518e-05
5.2851e-05
5.28502e-05
5.28494e-05
5.28486e-05
5.28478e-05
5.2847e-05
5.28462e-05
5.28454e-05
5.28446e-05
5.28438e-05
5.2843e-05
5.28422e-05
5.28414e-05
5.28407e-05
5.28399e-05
5.28391e-05
5.28383e-05
5.28375e-05
5.28367e-05
5.28359e-05
5.28351e-05
5.28343e-05
5.28335e-05
5.28328e-05
5.2832e-05
5.28312e-05
5.28304e-05
5.28296e-05
5.28288e-05
5.2828e-05
5.28273e-05
5.28265e-05
5.28257e-05
5.28249e-05
5.28241e-05
5.28233e-05
5.28226e-05
5.28218e-05
5.2821e-05
5.28202e-05
5.28194e-05
5.28187e-05
5.28179e-05
5.28171e-05
5.28163e-05
5.28156e-05
5.28148e-05
5.2814e-05
5.28132e-05
5.28124e-05
5.28117e-05
5.28109e-05
5.28101e-05
5.28093e-05
5.28086e-05
5.28078e-05
5.2807e-05
5.28062e-05
5.28055e-05
5.28047e-05
5.28039e-05
5.28032e-05
5.28024e-05
5.28016e-05
5.28008e-05
5.28001e-05
5.27993e-05
5.27985e-05
5.27978e-05
5.2797e-05
5.27962e-05
5.27955e-05
5.27947e-05
5.27939e-05
5.27932e-05
5.27924e-05
5.27916e-05
5.27909e-05
5.27901e-05
5.27893e-05
5.27886e-05
5.27878e-05
5.27871e-05
5.27863e-05
5.27855e-05
5.27848e-05
5.2784e-05
5.27832e-05
5.27825e-05
5.27817e-05
5.2781e-05
5.27802e-05
5.27794e-05
5.27787e-05
5.27779e-05
5.27772e-05
5.27764e-05
5.27757e-05
5.27749e-05
5.27741e-05
5.27734e-05
5.27726e-05
5.27719e-05
5.27711e-05
5.27704e-05
5.27696e-05
5.27689e-05
5.27681e-05
5.27674e-05
5.27666e-05
5.27659e-05
5.27651e-05
5.27644e-05
5.27636e-05
5.27629e-05
5.27621e-05
5.27614e-05
5.27606e-05
5.27599e-05
5.27591e-05
5.27584e-05
5.27576e-05
5.27569e-05
5.27561e-05
5.27554e-05
5.27546e-05
5.27539e-05
5.27531e-05
5.27524e-05
5.27517e-05
5.27509e-05
5.27502e-05
5.27494e-05
5.27487e-05
5.27479e-05
5.27472e-05
5.27465e-05
5.27457e-05
5.2745e-05
5.27442e-05
5.27435e-05
5.27428e-05
5.2742e-05
5.27413e-05
5.27405e-05
5.27398e-05
5.27391e-05
5.27383e-05
5.27376e-05
5.27369e-05
5.27361e-05
5.27354e-05
5.27346e-05
5.27339e-05
5.27332e-05
5.27324e-05
5.27317e-05
5.2731e-05
5.27302e-05
5.27295e-05
5.27288e-05
5.27281e-05
5.27273e-05
5.27266e-05
5.27259e-05
5.27251e-05
5.27244e-05
5.27237e-05
5.27229e-05
5.27222e-05
5.27215e-05
5.27208e-05
5.272e-05
5.27193e-05
5.27186e-05
5.27179e-05
5.27171e-05
5.27164e-05
5.27157e-05
5.2715e-05
5.27142e-05
5.27135e-05
5.27128e-05
5.27121e-05
5.27113e-05
5.27106e-05
5.27099e-05
5.27092e-05
5.27084e-05
5.27077e-05
5.2707e-05
5.27063e-05
5.27056e-05
5.27048e-05
5.27041e-05
5.27034e-05
5.27027e-05
5.2702e-05
5.27013e-05
5.27005e-05
5.26998e-05
5.26991e-05
5.26984e-05
5.26977e-05
5.2697e-05
5.26962e-05
5.26955e-05
5.26948e-05
5.26941e-05
5.26934e-05
5.26927e-05
5.2692e-05
5.26913e-05
5.26905e-05
5.26898e-05
5.26891e-05
5.26884e-05
5.26877e-05
5.2687e-05
5.26863e-05
5.26856e-05
5.26849e-05
5.26842e-05
5.26834e-05
5.26827e-05
5.2682e-05
5.26813e-05
5.26806e-05
5.26799e-05
5.26792e-05
5.26785e-05
5.26778e-05
5.26771e-05
5.26764e-05
5.26757e-05
5.2675e-05
5.26743e-05
5.26736e-05
5.26729e-05
5.26722e-05
5.26715e-05
5.26708e-05
5.26701e-05
5.26694e-05
5.26687e-05
5.2668e-05
5.26673e-05
5.26666e-05
5.26659e-05
5.26652e-05
5.26645e-05
5.26638e-05
5.26631e-05
5.26624e-05
5.26617e-05
5.2661e-05
5.26603e-05
5.26596e-05
5.26589e-05
5.26582e-05
5.26575e-05
5.26568e-05
5.26561e-05
5.26554e-05
5.26547e-05
5.26541e-05
5.26534e-05
5.26527e-05
5.2652e-05
5.26513e-05
5.26506e-05
5.26499e-05
5.26492e-05
5.26485e-05
5.26478e-05
5.26472e-05
5.26465e-05
5.26458e-05
5.26451e-05
5.26444e-05
5.26437e-05
5.2643e-05
5.26423e-05
5.26417e-05
5.2641e-05
5.26403e-05
5.26396e-05
5.26389e-05
5.26382e-05
5.26375e-05
5.26369e-05
5.26362e-05
5.26355e-05
5.26348e-05
5.26341e-05
5.26335e-05
5.26328e-05
5.26321e-05
5.26314e-05
5.26307e-05
5.26301e-05
5.26294e-05
5.26287e-05
5.2628e-05
5.26273e-05
5.26267e-05
5.2626e-05
5.26253e-05
5.26246e-05
5.2624e-05
5.26233e-05
5.26226e-05
5.26219e-05
5.26213e-05
5.26206e-05
5.26199e-05
5.26192e-05
5.26186e-05
5.26179e-05
5.26172e-05
5.26165e-05
5.26159e-05
5.26152e-05
5.26145e-05
5.26138e-05
5.26132e-05
5.26125e-05
5.26118e-05
5.26112e-05
5.26105e-05
5.26098e-05
5.26092e-05
5.26085e-05
5.26078e-05
5.26072e-05
5.26065e-05
5.26058e-05
5.26052e-05
5.26045e-05
5.26038e-05
5.26032e-05
5.26025e-05
5.26018e-05
5.26012e-05
5.26005e-05
5.25998e-05
5.25992e-05
5.25985e-05
5.25979e-05
5.25972e-05
5.25965e-05
5.25959e-05
5.25952e-05
5.25945e-05
5.25939e-05
5.25932e-05
5.25926e-05
5.25919e-05
5.25912e-05
5.25906e-05
5.25899e-05
5.25893e-05
5.25886e-05
5.2588e-05
5.25873e-05
5.25866e-05
5.2586e-05
5.25853e-05
5.25847e-05
5.2584e-05
5.25834e-05
5.25827e-05
5.25821e-05
5.25814e-05
5.25807e-05
5.25801e-05
5.25794e-05
5.25788e-05
5.25781e-05
5.25775e-05
5.25768e-05
5.25762e-05
5.25755e-05
5.25749e-05
5.25742e-05
5.25736e-05
5.25729e-05
5.25723e-05
5.25716e-05
5.2571e-05
5.25703e-05
5.25697e-05
5.2569e-05
5.25684e-05
5.25677e-05
5.25671e-05
5.25665e-05
5.25658e-05
5.25652e-05
5.25645e-05
5.25639e-05
5.25632e-05
5.25626e-05
5.25619e-05
5.25613e-05
5.25607e-05
5.256e-05
5.25594e-05
5.25587e-05
5.25581e-05
5.25574e-05
5.25568e-05
5.25562e-05
5.25555e-05
5.25549e-05
5.25542e-05
5.25536e-05
5.2553e-05
5.25523e-05
5.25517e-05
5.25511e-05
5.25504e-05
5.25498e-05
5.25491e-05
5.25485e-05
5.25479e-05
5.25472e-05
5.25466e-05
5.2546e-05
5.25453e-05
5.25447e-05
5.25441e-05
5.25434e-05
5.25428e-05
5.25422e-05
5.25415e-05
5.25409e-05
5.25403e-05
5.25396e-05
5.2539e-05
5.25384e-05
5.25377e-05
5.25371e-05
5.25365e-05
5.25358e-05
5.25352e-05
5.25346e-05
5.2534e-05
5.25333e-05
5.25327e-05
5.25321e-05
5.25314e-05
5.25308e-05
5.25302e-05
5.25296e-05
5.25289e-05
5.25283e-05
5.25277e-05
5.25271e-05
5.25264e-05
5.25258e-05
5.25252e-05
5.25246e-05
5.25239e-05
5.25233e-05
5.25227e-05
5.25221e-05
5.25215e-05
5.25208e-05
5.25202e-05
5.25196e-05
5.2519e-05
5.25183e-05
5.25177e-05
5.25171e-05
5.25165e-05
5.25159e-05
5.25152e-05
5.25146e-05
5.2514e-05
5.25134e-05
5.25128e-05
5.25122e-05
5.25115e-05
5.25109e-05
5.25103e-05
5.25097e-05
5.25091e-05
5.25085e-05
5.25078e-05
5.25072e-05
5.25066e-05
5.2506e-05
5.25054e-05
5.25048e-05
5.25042e-05
5.25035e-05
5.25029e-05
5.25023e-05
5.25017e-05
5.25011e-05
5.25005e-05
5.24999e-05
5.24993e-05
5.24987e-05
5.2498e-05
5.24974e-05
5.24968e-05
5.24962e-05
5.24956e-05
5.2495e-05
5.24944e-05
5.24938e-05
5.24932e-05
5.24926e-05
5.2492e-05
5.24914e-05
5.24908e-05
5.24901e-05
5.24895e-05
5.24889e-05
5.24883e-05
5.24877e-05
5.24871e-05
5.24865e-05
5.24859e-05
5.24853e-05
5.24847e-05
5.24841e-05
5.24835e-05
5.24829e-05
5.24823e-05
5.24817e-05
5.24811e-05
5.24805e-05
5.24799e-05
5.24793e-05
5.24787e-05
5.24781e-05
5.24775e-05
5.24769e-05
5.24763e-05
5.24757e-05
5.24751e-05
5.24745e-05
5.24739e-05
5.24733e-05
5.24727e-05
5.24721e-05
5.24715e-05
5.24709e-05
5.24703e-05
5.24697e-05
5.24691e-05
5.24685e-05
5.2468e-05
5.24674e-05
5.24668e-05
5.24662e-05
5.24656e-05
5.2465e-05
5.24644e-05
5.24638e-05
5.24632e-05
5.24626e-05
5.2462e-05
5.24614e-05
5.24608e-05
5.24603e-05
5.24597e-05
5.24591e-05
5.24585e-05
5.24579e-05
5.24573e-05
5.24567e-05
5.24561e-05
5.24555e-05
5.2455e-05
5.24544e-05
5.24538e-05
5.24532e-05
5.24526e-05
5.2452e-05
5.24514e-05
5.24509e-05
5.24503e-05
5.24497e-05
5.24491e-05
5.24485e-05
5.24479e-05
5.24474e-05
5.24468e-05
5.24462e-05
5.24456e-05
5.2445e-05
5.24444e-05
5.24439e-05
5.24433e-05
5.24427e-05
5.24421e-05
5.24415e-05
5.2441e-05
5.24404e-05
5.24398e-05
5.24392e-05
5.24386e-05
5.24381e-05
5.24375e-05
5.24369e-05
5.24363e-05
5.24358e-05
5.24352e-05
5.24346e-05
5.2434e-05
5.24334e-05
5.24329e-05
5.24323e-05
5.24317e-05
5.24311e-05
5.24306e-05
5.243e-05
5.24294e-05
5.24289e-05
5.24283e-05
5.24277e-05
5.24271e-05
5.24266e-05
5.2426e-05
5.24254e-05
5.24248e-05
5.24243e-05
5.24237e-05
5.24231e-05
5.24226e-05
5.2422e-05
5.24214e-05
5.24209e-05
5.24203e-05
5.24197e-05
5.24191e-05
5.24186e-05
5.2418e-05
5.24174e-05
5.24169e-05
5.24163e-05
5.24157e-05
5.24152e-05
5.24146e-05
5.2414e-05
5.24135e-05
5.24129e-05
5.24123e-05
5.24118e-05
5.24112e-05
5.24107e-05
5.24101e-05
5.24095e-05
5.2409e-05
5.24084e-05
5.24078e-05
5.24073e-05
5.24067e-05
5.24062e-05
5.24056e-05
5.2405e-05
5.24045e-05
5.24039e-05
5.24033e-05
5.24028e-05
5.24022e-05
5.24017e-05
5.24011e-05
5.24006e-05
5.24e-05
5.23994e-05
5.23989e-05
5.23983e-05
5.23978e-05
5.23972e-05
5.23966e-05
5.23961e-05
5.23955e-05
5.2395e-05
5.23944e-05
5.23939e-05
5.23933e-05
5.23928e-05
5.23922e-05
5.23917e-05
5.23911e-05
5.23905e-05
5.239e-05
5.23894e-05
5.23889e-05
5.23883e-05
5.23878e-05
5.23872e-05
5.23867e-05
5.23861e-05
5.23856e-05
5.2385e-05
5.23845e-05
5.23839e-05
5.23834e-05
5.23828e-05
5.23823e-05
5.23817e-05
5.23812e-05
5.23806e-05
5.23801e-05
5.23795e-05
5.2379e-05
5.23784e-05
5.23779e-05
5.23773e-05
5.23768e-05
5.23763e-05
5.23757e-05
5.23752e-05
5.23746e-05
5.23741e-05
5.23735e-05
5.2373e-05
5.23724e-05
5.23719e-05
5.23714e-05
5.23708e-05
5.23703e-05
5.23697e-05
5.23692e-05
5.23686e-05
5.23681e-05
5.23676e-05
5.2367e-05
5.23665e-05
5.23659e-05
5.23654e-05
5.23649e-05
5.23643e-05
5.23638e-05
5.23632e-05
5.23627e-05
5.23622e-05
5.23616e-05
5.23611e-05
5.23605e-05
5.236e-05
5.23595e-05
5.23589e-05
5.23584e-05
5.23579e-05
5.23573e-05
5.23568e-05
5.23563e-05
5.23557e-05
5.23552e-05
5.23546e-05
5.23541e-05
5.23536e-05
5.2353e-05
5.23525e-05
5.2352e-05
5.23514e-05
5.23509e-05
5.23504e-05
5.23498e-05
5.23493e-05
5.23488e-05
5.23483e-05
5.23477e-05
5.23472e-05
5.23467e-05
5.23461e-05
5.23456e-05
5.23451e-05
5.23445e-05
5.2344e-05
5.23435e-05
5.2343e-05
5.23424e-05
5.23419e-05
5.23414e-05
5.23408e-05
5.23403e-05
5.23398e-05
5.23393e-05
5.23387e-05
5.23382e-05
5.23377e-05
5.23372e-05
5.23366e-05
5.23361e-05
5.23356e-05
5.23351e-05
5.23345e-05
5.2334e-05
5.23335e-05
5.2333e-05
5.23324e-05
5.23319e-05
5.23314e-05
5.23309e-05
5.23303e-05
5.23298e-05
5.23293e-05
5.23288e-05
5.23283e-05
5.23277e-05
5.23272e-05
5.23267e-05
5.23262e-05
5.23257e-05
5.23251e-05
5.23246e-05
5.23241e-05
5.23236e-05
5.23231e-05
5.23225e-05
5.2322e-05
5.23215e-05
5.2321e-05
5.23205e-05
5.232e-05
5.23194e-05
5.23189e-05
5.23184e-05
5.23179e-05
5.23174e-05
5.23169e-05
5.23164e-05
5.23158e-05
5.23153e-05
5.23148e-05
5.23143e-05
5.23138e-05
5.23133e-05
5.23128e-05
5.23122e-05
5.23117e-05
5.23112e-05
5.23107e-05
5.23102e-05
5.23097e-05
5.23092e-05
5.23087e-05
5.23082e-05
5.23076e-05
5.23071e-05
5.23066e-05
5.23061e-05
5.23056e-05
5.23051e-05
5.23046e-05
5.23041e-05
5.23036e-05
5.23031e-05
5.23026e-05
5.23021e-05
5.23015e-05
5.2301e-05
5.23005e-05
5.23e-05
5.22995e-05
5.2299e-05
5.22985e-05
5.2298e-05
5.22975e-05
5.2297e-05
5.22965e-05
5.2296e-05
5.22955e-05
5.2295e-05
5.22945e-05
5.2294e-05
5.22935e-05
5.2293e-05
5.22925e-05
5.2292e-05
5.22915e-05
5.2291e-05
5.22905e-05
5.229e-05
5.22895e-05
5.2289e-05
5.22885e-05
5.2288e-05
5.22875e-05
5.2287e-05
5.22865e-05
5.2286e-05
5.22855e-05
5.2285e-05
5.22845e-05
5.2284e-05
5.22835e-05
5.2283e-05
5.22825e-05
5.2282e-05
5.22815e-05
5.2281e-05
5.22805e-05
5.228e-05
5.22795e-05
5.2279e-05
5.22785e-05
5.2278e-05
5.22775e-05
5.2277e-05
5.22765e-05
5.2276e-05
5.22755e-05
5.2275e-05
5.22746e-05
5.22741e-05
5.22736e-05
5.22731e-05
5.22726e-05
5.22721e-05
5.22716e-05
5.22711e-05
5.22706e-05
5.22701e-05
5.22696e-05
5.22691e-05
5.22687e-05
5.22682e-05
5.22677e-05
5.22672e-05
5.22667e-05
5.22662e-05
5.22657e-05
5.22652e-05
5.22647e-05
5.22643e-05
5.22638e-05
5.22633e-05
5.22628e-05
5.22623e-05
5.22618e-05
5.22613e-05
5.22609e-05
5.22604e-05
5.22599e-05
5.22594e-05
5.22589e-05
5.22584e-05
5.22579e-05
5.22575e-05
5.2257e-05
5.22565e-05
5.2256e-05
5.22555e-05
5.2255e-05
5.22546e-05
5.22541e-05
5.22536e-05
5.22531e-05
5.22526e-05
5.22522e-05
5.22517e-05
5.22512e-05
5.22507e-05
5.22502e-05
5.22497e-05
5.22493e-05
5.22488e-05
5.22483e-05
5.22478e-05
5.22474e-05
5.22469e-05
5.22464e-05
5.22459e-05
5.22454e-05
5.2245e-05
5.22445e-05
5.2244e-05
5.22435e-05
5.22431e-05
5.22426e-05
5.22421e-05
5.22416e-05
5.22411e-05
5.22407e-05
5.22402e-05
5.22397e-05
5.22392e-05
5.22388e-05
5.22383e-05
5.22378e-05
5.22374e-05
5.22369e-05
5.22364e-05
5.22359e-05
5.22355e-05
5.2235e-05
5.22345e-05
5.2234e-05
5.22336e-05
5.22331e-05
5.22326e-05
5.22322e-05
5.22317e-05
5.22312e-05
5.22307e-05
5.22303e-05
5.22298e-05
5.22293e-05
5.22289e-05
5.22284e-05
5.22279e-05
5.22275e-05
5.2227e-05
5.22265e-05
5.22261e-05
5.22256e-05
5.22251e-05
5.22247e-05
5.22242e-05
5.22237e-05
5.22233e-05
5.22228e-05
5.22223e-05
5.22219e-05
5.22214e-05
5.22209e-05
5.22205e-05
5.222e-05
5.22195e-05
5.22191e-05
5.22186e-05
5.22181e-05
5.22177e-05
5.22172e-05
5.22168e-05
5.22163e-05
5.22158e-05
5.22154e-05
5.22149e-05
5.22144e-05
5.2214e-05
5.22135e-05
5.22131e-05
5.22126e-05
5.22121e-05
5.22117e-05
5.22112e-05
5.22108e-05
5.22103e-05
5.22098e-05
5.22094e-05
5.22089e-05
5.22085e-05
5.2208e-05
5.22075e-05
5.22071e-05
5.22066e-05
5.22062e-05
5.22057e-05
5.22053e-05
5.22048e-05
5.22043e-05
5.22039e-05
5.22034e-05
5.2203e-05
5.22025e-05
5.22021e-05
5.22016e-05
5.22012e-05
5.22007e-05
5.22002e-05
5.21998e-05
5.21993e-05
5.21989e-05
5.21984e-05
5.2198e-05
5.21975e-05
5.21971e-05
5.21966e-05
5.21962e-05
5.21957e-05
5.21953e-05
5.21948e-05
5.21944e-05
5.21939e-05
5.21935e-05
5.2193e-05
5.21926e-05
5.21921e-05
5.21917e-05
5.21912e-05
5.21908e-05
5.21903e-05
5.21899e-05
5.21894e-05
5.2189e-05
5.21885e-05
5.21881e-05
5.21876e-05
5.21872e-05
5.21867e-05
5.21863e-05
5.21858e-05
5.21854e-05
5.21849e-05
5.21845e-05
5.2184e-05
5.21836e-05
5.21832e-05
5.21827e-05
5.21823e-05
5.21818e-05
5.21814e-05
5.21809e-05
5.21805e-05
5.218e-05
5.21796e-05
5.21792e-05
5.21787e-05
5.21783e-05
5.21778e-05
5.21774e-05
5.21769e-05
5.21765e-05
5.21761e-05
5.21756e-05
5.21752e-05
5.21747e-05
5.21743e-05
5.21738e-05
5.21734e-05
5.2173e-05
5.21725e-05
5.21721e-05
5.21716e-05
5.21712e-05
5.21708e-05
5.21703e-05
5.21699e-05
5.21695e-05
5.2169e-05
5.21686e-05
5.21681e-05
5.21677e-05
5.21673e-05
5.21668e-05
5.21664e-05
5.2166e-05
5.21655e-05
5.21651e-05
5.21646e-05
5.21642e-05
5.21638e-05
5.21633e-05
5.21629e-05
5.21625e-05
5.2162e-05
5.21616e-05
5.21612e-05
5.21607e-05
5.21603e-05
5.21599e-05
5.21594e-05
5.2159e-05
5.21586e-05
5.21581e-05
5.21577e-05
5.21573e-05
5.21568e-05
5.21564e-05
5.2156e-05
5.21555e-05
5.21551e-05
5.21547e-05
5.21542e-05
5.21538e-05
5.21534e-05
5.2153e-05
5.21525e-05
5.21521e-05
5.21517e-05
5.21512e-05
5.21508e-05
5.21504e-05
5.215e-05
5.21495e-05
5.21491e-05
5.21487e-05
5.21482e-05
5.21478e-05
5.21474e-05
5.2147e-05
5.21465e-05
5.21461e-05
5.21457e-05
5.21453e-05
5.21448e-05
5.21444e-05
5.2144e-05
5.21436e-05
5.21431e-05
5.21427e-05
5.21423e-05
5.21419e-05
5.21414e-05
5.2141e-05
5.21406e-05
5.21402e-05
5.21397e-05
5.21393e-05
5.21389e-05
5.21385e-05
5.2138e-05
5.21376e-05
5.21372e-05
5.21368e-05
5.21364e-05
5.21359e-05
5.21355e-05
5.21351e-05
5.21347e-05
5.21343e-05
5.21338e-05
5.21334e-05
5.2133e-05
5.21326e-05
5.21322e-05
5.21317e-05
5.21313e-05
5.21309e-05
5.21305e-05
5.21301e-05
5.21296e-05
5.21292e-05
5.21288e-05
5.21284e-05
5.2128e-05
5.21276e-05
5.21271e-05
5.21267e-05
5.21263e-05
5.21259e-05
5.21255e-05
5.21251e-05
5.21246e-05
5.21242e-05
5.21238e-05
5.21234e-05
5.2123e-05
5.21226e-05
5.21222e-05
5.21217e-05
5.21213e-05
5.21209e-05
5.21205e-05
5.21201e-05
5.21197e-05
5.21193e-05
5.21189e-05
5.21184e-05
5.2118e-05
5.21176e-05
5.21172e-05
5.21168e-05
5.21164e-05
5.2116e-05
5.21156e-05
5.21151e-05
5.21147e-05
5.21143e-05
5.21139e-05
5.21135e-05
5.21131e-05
5.21127e-05
5.21123e-05
5.21119e-05
5.21115e-05
5.21111e-05
5.21106e-05
5.21102e-05
5.21098e-05
5.21094e-05
5.2109e-05
5.21086e-05
5.21082e-05
5.21078e-05
5.21074e-05
5.2107e-05
5.21066e-05
5.21062e-05
5.21058e-05
5.21054e-05
5.2105e-05
5.21045e-05
5.21041e-05
5.21037e-05
5.21033e-05
5.21029e-05
5.21025e-05
5.21021e-05
5.21017e-05
5.21013e-05
5.21009e-05
5.21005e-05
5.21001e-05
5.20997e-05
5.20993e-05
5.20989e-05
5.20985e-05
5.20981e-05
5.20977e-05
5.20973e-05
5.20969e-05
5.20965e-05
5.20961e-05
5.20957e-05
5.20953e-05
5.20949e-05
5.20945e-05
5.20941e-05
5.20937e-05
5.20933e-05
5.20929e-05
5.20925e-05
5.20921e-05
5.20917e-05
5.20913e-05
5.20909e-05
5.20905e-05
5.20901e-05
5.20897e-05
5.20893e-05
5.20889e-05
5.20885e-05
5.20881e-05
5.20877e-05
5.20873e-05
5.20869e-05
5.20865e-05
5.20861e-05
5.20857e-05
5.20853e-05
5.2085e-05
5.20846e-05
5.20842e-05
5.20838e-05
5.20834e-05
5.2083e-05
5.20826e-05
5.20822e-05
5.20818e-05
5.20814e-05
5.2081e-05
5.20806e-05
5.20802e-05
5.20798e-05
5.20794e-05
5.20791e-05
5.20787e-05
5.20783e-05
5.20779e-05
5.20775e-05
5.20771e-05
5.20767e-05
5.20763e-05
5.20759e-05
5.20755e-05
5.20751e-05
5.20748e-05
5.20744e-05
5.2074e-05
5.20736e-05
5.20732e-05
5.20728e-05
5.20724e-05
5.2072e-05
5.20716e-05
5.20713e-05
5.20709e-05
5.20705e-05
5.20701e-05
5.20697e-05
5.20693e-05
5.20689e-05
5.20685e-05
5.20682e-05
5.20678e-05
5.20674e-05
5.2067e-05
5.20666e-05
5.20662e-05
5.20658e-05
5.20655e-05
5.20651e-05
5.20647e-05
5.20643e-05
5.20639e-05
5.20635e-05
5.20631e-05
5.20628e-05
5.20624e-05
5.2062e-05
5.20616e-05
5.20612e-05
5.20609e-05
5.20605e-05
5.20601e-05
5.20597e-05
5.20593e-05
5.20589e-05
5.20586e-05
5.20582e-05
5.20578e-05
5.20574e-05
5.2057e-05
5.20567e-05
5.20563e-05
5.20559e-05
5.20555e-05
5.20551e-05
5.20548e-05
5.20544e-05
5.2054e-05
5.20536e-05
5.20532e-05
5.20529e-05
5.20525e-05
5.20521e-05
5.20517e-05
5.20513e-05
5.2051e-05
5.20506e-05
5.20502e-05
5.20498e-05
5.20495e-05
5.20491e-05
5.20487e-05
5.20483e-05
5.2048e-05
5.20476e-05
5.20472e-05
5.20468e-05
5.20465e-05
5.20461e-05
5.20457e-05
5.20453e-05
5.2045e-05
5.20446e-05
5.20442e-05
5.20438e-05
5.20435e-05
5.20431e-05
5.20427e-05
5.20423e-05
5.2042e-05
5.20416e-05
5.20412e-05
5.20408e-05
5.20405e-05
5.20401e-05
5.20397e-05
5.20394e-05
5.2039e-05
5.20386e-05
5.20382e-05
5.20379e-05
5.20375e-05
5.20371e-05
5.20368e-05
5.20364e-05
5.2036e-05
5.20357e-05
5.20353e-05
5.20349e-05
5.20345e-05
5.20342e-05
5.20338e-05
5.20334e-05
5.20331e-05
5.20327e-05
5.20323e-05
5.2032e-05
5.20316e-05
5.20312e-05
5.20309e-05
5.20305e-05
5.20301e-05
5.20298e-05
5.20294e-05
5.2029e-05
5.20287e-05
5.20283e-05
5.20279e-05
5.20276e-05
5.20272e-05
5.20268e-05
5.20265e-05
5.20261e-05
5.20257e-05
5.20254e-05
5.2025e-05
5.20246e-05
5.20243e-05
5.20239e-05
5.20236e-05
5.20232e-05
5.20228e-05
5.20225e-05
5.20221e-05
5.20217e-05
5.20214e-05
5.2021e-05
5.20206e-05
5.20203e-05
5.20199e-05
5.20196e-05
5.20192e-05
5.20188e-05
5.20185e-05
5.20181e-05
5.20178e-05
5.20174e-05
5.2017e-05
5.20167e-05
5.20163e-05
5.2016e-05
5.20156e-05
5.20152e-05
5.20149e-05
5.20145e-05
5.20142e-05
5.20138e-05
5.20134e-05
5.20131e-05
5.20127e-05
5.20124e-05
5.2012e-05
5.20117e-05
5.20113e-05
5.20109e-05
5.20106e-05
5.20102e-05
5.20099e-05
5.20095e-05
5.20092e-05
5.20088e-05
5.20084e-05
5.20081e-05
5.20077e-05
5.20074e-05
5.2007e-05
5.20067e-05
5.20063e-05
5.2006e-05
5.20056e-05
5.20052e-05
5.20049e-05
5.20045e-05
5.20042e-05
5.20038e-05
5.20035e-05
5.20031e-05
5.20028e-05
5.20024e-05
5.20021e-05
5.20017e-05
5.20014e-05
5.2001e-05
5.20007e-05
5.20003e-05
5.2e-05
5.19996e-05
5.19993e-05
5.19989e-05
5.19985e-05
5.19982e-05
5.19978e-05
5.19975e-05
5.19971e-05
5.19968e-05
5.19964e-05
5.19961e-05
5.19957e-05
5.19954e-05
5.1995e-05
5.19947e-05
5.19944e-05
5.1994e-05
5.19937e-05
5.19933e-05
5.1993e-05
5.19926e-05
5.19923e-05
5.19919e-05
5.19916e-05
5.19912e-05
5.19909e-05
5.19905e-05
5.19902e-05
5.19898e-05
5.19895e-05
5.19891e-05
5.19888e-05
5.19884e-05
5.19881e-05
5.19878e-05
5.19874e-05
5.19871e-05
5.19867e-05
5.19864e-05
5.1986e-05
5.19857e-05
5.19853e-05
5.1985e-05
5.19847e-05
5.19843e-05
5.1984e-05
5.19836e-05
5.19833e-05
5.19829e-05
5.19826e-05
5.19823e-05
5.19819e-05
5.19816e-05
5.19812e-05
5.19809e-05
5.19805e-05
5.19802e-05
5.19799e-05
5.19795e-05
5.19792e-05
5.19788e-05
5.19785e-05
5.19782e-05
5.19778e-05
5.19775e-05
5.19771e-05
5.19768e-05
5.19765e-05
5.19761e-05
5.19758e-05
5.19754e-05
5.19751e-05
5.19748e-05
5.19744e-05
5.19741e-05
5.19737e-05
5.19734e-05
5.19731e-05
5.19727e-05
5.19724e-05
5.19721e-05
5.19717e-05
5.19714e-05
5.1971e-05
5.19707e-05
5.19704e-05
5.197e-05
5.19697e-05
5.19694e-05
5.1969e-05
5.19687e-05
5.19684e-05
5.1968e-05
5.19677e-05
5.19673e-05
5.1967e-05
5.19667e-05
5.19663e-05
5.1966e-05
5.19657e-05
5.19653e-05
5.1965e-05
5.19647e-05
5.19643e-05
5.1964e-05
5.19637e-05
5.19633e-05
5.1963e-05
5.19627e-05
5.19623e-05
5.1962e-05
5.19617e-05
5.19613e-05
5.1961e-05
5.19607e-05
5.19603e-05
5.196e-05
5.19597e-05
5.19594e-05
5.1959e-05
5.19587e-05
5.19584e-05
5.1958e-05
5.19577e-05
5.19574e-05
5.1957e-05
5.19567e-05
5.19564e-05
5.19561e-05
5.19557e-05
5.19554e-05
5.19551e-05
5.19547e-05
5.19544e-05
5.19541e-05
5.19538e-05
5.19534e-05
5.19531e-05
5.19528e-05
5.19524e-05
5.19521e-05
5.19518e-05
5.19515e-05
5.19511e-05
5.19508e-05
5.19505e-05
5.19502e-05
5.19498e-05
5.19495e-05
5.19492e-05
5.19488e-05
5.19485e-05
5.19482e-05
5.19479e-05
5.19475e-05
5.19472e-05
5.19469e-05
5.19466e-05
5.19462e-05
5.19459e-05
5.19456e-05
5.19453e-05
5.1945e-05
5.19446e-05
5.19443e-05
5.1944e-05
5.19437e-05
5.19433e-05
5.1943e-05
5.19427e-05
5.19424e-05
5.1942e-05
5.19417e-05
5.19414e-05
5.19411e-05
5.19408e-05
5.19404e-05
5.19401e-05
5.19398e-05
5.19395e-05
5.19391e-05
5.19388e-05
5.19385e-05
5.19382e-05
5.19379e-05
5.19375e-05
5.19372e-05
5.19369e-05
5.19366e-05
5.19363e-05
5.19359e-05
5.19356e-05
5.19353e-05
5.1935e-05
5.19347e-05
5.19344e-05
5.1934e-05
5.19337e-05
5.19334e-05
5.19331e-05
5.19328e-05
5.19324e-05
5.19321e-05
5.19318e-05
5.19315e-05
5.19312e-05

