5e-05
5e-05
5e-05
5e-05
5e-05
5e-05
5e-05
5e-05
5e-05
5e-05
5e-05
5e-05
5e-05
5e-05
5e-05
5e-05
5e-05
5e-05
5e-05
5e-05
5e-05
5e-05
5e-05
5e-05
5e-05
5e-05
5e-05
5e-05
5e-05
5e-05
5e-05
5e-05
5e-05
5e-05
5e-05
5e-05
5e-05
5e-05
5e-05
5e-05
5e-05
5e-05
5e-05
5e-05
5e-05
5e-05
5e-05
5e-05
5e-05
5e-05
5e-05
5e-05
5e-05
5e-05
5e-05
5e-05
5e-05
5e-05
5e-05
5e-05
5e-05
5e-05
5e-05
5e-05
5e-05
5e-05
5e-05
5e-05
5e-05
5e-05
5e-05
5e-05
5e-05
5e-05
5e-05
5e-05
5e-05
5e-05
5e-05
5e-05
5e-05
5e-05
5e-05
5e-05
5e-05
5e-05
5e-05
5e-05
5e-05
5e-05
5e-05
5e-05
5e-05
5e-05
5e-05
5e-05
5e-05
5e-05
5e-05
5e-05
5e-05
5e-05
5e-05
5e-05
5e-05
5e-05
5e-05
5e-05
5e-05
5e-05
5e-05
5e-05
5e-05
5e-05
5e-05
5e-05
5e-05
5e-05
5e-05
5e-05
5e-05
5e-05
5e-05
5e-05
5e-05
5e-05
5e-05
5e-05
5e-05
5e-05
5e-05
5e-05
5e-05
5e-05
5e-05
5e-05
5e-05
5e-05
5e-05
5e-05
5e-05
5e-05
5e-05
5e-05
5e-05
5e-05
5e-05
5e-05
5e-05
5e-05
5e-05
5e-05
5e-05
5e-05
5e-05
5e-05
5e-05
5e-05
5e-05
5e-05
5e-05
5e-05
5e-05
5e-05
5e-05
5e-05
5e-05
5e-05
5e-05
5e-05
5e-05
5e-05
5e-05
5e-05
5e-05
5e-05
5e-05
5e-05
5e-05
5e-05
5e-05
5e-05
5e-05
5e-05
5e-05
5e-05
5e-05
5e-05
5e-05
5e-05
5e-05
5e-05
5e-05
5e-05
5e-05
5e-05
5e-05
5e-05
5e-05
5e-05
5e-05
5e-05
5e-05
5e-05
5e-05
5e-05
5e-05
5e-05
5e-05
5e-05
5e-05
5e-05
5e-05
5e-05
5e-05
5e-05
5e-05
5e-05
5e-05
5e-05
5e-05
5e-05
5e-05
5e-05
5e-05
5e-05
5e-05
5e-05
5e-05
5e-05
5e-05
5e-05
5e-05
5e-05
5e-05
5e-05
5e-05
5e-05
5e-05
5e-05
5e-05
5e-05
5e-05
5e-05
5e-05
5e-05
5e-05
5e-05
5e-05
5e-05
5e-05
5e-05
5e-05
5e-05
5e-05
5e-05
5e-05
5e-05
5e-05
5e-05
5e-05
5e-05
5e-05
5e-05
5e-05
5e-05
5e-05
5e-05
5e-05
5e-05
5e-05
5e-05
5e-05
5e-05
5e-05
5e-05
5e-05
5e-05
5e-05
5e-05
5e-05
5e-05
5e-05
5e-05
5e-05
5e-05
5e-05
5e-05
5e-05
5e-05
5e-05
5e-05
5e-05
5e-05
5e-05
5e-05
5e-05
5e-05
5e-05
5e-05
5e-05
5e-05
5e-05
5e-05
5e-05
5e-05
5e-05
5e-05
5e-05
5e-05
5e-05
5e-05
5e-05
5e-05
5e-05
5e-05
5e-05
5e-05
5e-05
5e-05
5e-05
5e-05
5e-05
5e-05
5e-05
5e-05
5e-05
5e-05
5e-05
5e-05
5e-05
5e-05
5e-05
5e-05
5e-05
5e-05
5e-05
5e-05
5e-05
5e-05
5e-05
5e-05
5e-05
5e-05
5e-05
5e-05
5e-05
5e-05
5e-05
5e-05
5e-05
5e-05
5e-05
5e-05
5e-05
5e-05
5e-05
5e-05
5e-05
5e-05
5e-05
5e-05
5e-05
5e-05
5e-05
5e-05
5e-05
5e-05
5e-05
5e-05
5e-05
5e-05
5e-05
5e-05
5e-05
5e-05
5e-05
5e-05
5e-05
5e-05
5e-05
5e-05
5e-05
5e-05
5e-05
5e-05
5e-05
5e-05
5e-05
5e-05
5e-05
5e-05
5e-05
5e-05
5e-05
5e-05
5e-05
5e-05
5e-05
5e-05
5e-05
5e-05
5e-05
5e-05
5e-05
5e-05
5e-05
5e-05
5e-05
5e-05
5e-05
5e-05
5e-05
5e-05
5e-05
5e-05
5e-05
5e-05
5e-05
5e-05
5e-05
5e-05
5e-05
5e-05
5e-05
5e-05
5e-05
5e-05
5e-05
5e-05
5e-05
5e-05
5e-05
5e-05
5e-05
5e-05
5e-05
5e-05
5e-05
5e-05
5e-05
5e-05
5e-05
5e-05
5e-05
5e-05
5e-05
5e-05
5e-05
5e-05
5e-05
5e-05
5e-05
5e-05
5e-05
5e-05
5e-05
5e-05
5e-05
5e-05
5e-05
5e-05
5e-05
5e-05
5e-05
5e-05
5e-05
5e-05
5e-05
5e-05
5e-05
5e-05
5e-05
5e-05
5e-05
5e-05
5e-05
5e-05
5e-05
5e-05
5e-05
5e-05
5e-05
5e-05
5e-05
5e-05
5e-05
5e-05
5e-05
5e-05
5e-05
5e-05
5e-05
5e-05
5e-05
5e-05
5e-05
5e-05
5e-05
5e-05
5e-05
5e-05
5e-05
5e-05
5e-05
5e-05
5e-05
5e-05
5e-05
5e-05
5e-05
5e-05
5e-05
5e-05
5e-05
5e-05
5e-05
5e-05
5e-05
5e-05
5e-05
5e-05
5e-05
5e-05
5e-05
5e-05
5e-05
5e-05
5e-05
5e-05
5e-05
5e-05
5e-05
5e-05
5e-05
5e-05
5e-05
5e-05
5e-05
5e-05
5e-05
5e-05
5e-05
5e-05
5e-05
5e-05
5e-05
5e-05
5e-05
5e-05
5e-05
5e-05
5e-05
5e-05
5e-05
5e-05
5e-05
5e-05
5e-05
5e-05
5e-05
5e-05
5e-05
5e-05
5e-05
5e-05
5e-05
5e-05
5e-05
5e-05
5e-05
5e-05
5e-05
5e-05
5e-05
5e-05
5e-05
5e-05
5e-05
5e-05
5e-05
5e-05
5e-05
5e-05
5e-05
5e-05
5e-05
5e-05
5e-05
5e-05
5e-05
5e-05
5e-05
5e-05
5e-05
5e-05
5e-05
5e-05
5e-05
5e-05
5e-05
5e-05
5e-05
5e-05
5e-05
5e-05
5e-05
5e-05
5e-05
5e-05
5e-05
5e-05
5e-05
5e-05
5e-05
5e-05
5e-05
5e-05
5e-05
5e-05
5e-05
5e-05
5e-05
5e-05
5e-05
5e-05
5e-05
5e-05
5e-05
5e-05
5e-05
5e-05
5e-05
5e-05
5e-05
5e-05
5e-05
5e-05
5e-05
5e-05
5e-05
5e-05
5e-05
5e-05
5e-05
5e-05
5e-05
5e-05
5e-05
5e-05
5e-05
5e-05
5e-05
5e-05
5e-05
5e-05
5e-05
5e-05
5e-05
5e-05
5e-05
5e-05
5e-05
5e-05
5e-05
5e-05
5e-05
5e-05
5e-05
5e-05
5e-05
5e-05
5e-05
5e-05
5e-05
5e-05
5e-05
5e-05
5e-05
5e-05
5e-05
5e-05
5e-05
5e-05
5e-05
5e-05
5e-05
5e-05
5e-05
5e-05
5e-05
5e-05
5e-05
5e-05
5e-05
5e-05
5e-05
5e-05
5e-05
5e-05
5e-05
5e-05
5e-05
5e-05
5e-05
5e-05
5e-05
5e-05
5e-05
5e-05
5e-05
5e-05
5e-05
5e-05
5e-05
5e-05
5e-05
5e-05
5e-05
5e-05
5e-05
5e-05
5e-05
5e-05
5e-05
5e-05
5e-05
5e-05
5e-05
5e-05
5e-05
5e-05
5e-05
5e-05
5e-05
5e-05
5e-05
5e-05
5e-05
5e-05
5e-05
5e-05
5e-05
5e-05
5e-05
5e-05
5e-05
5e-05
5e-05
5e-05
5e-05
5e-05
5e-05
5e-05
5e-05
5e-05
5e-05
5e-05
5e-05
5e-05
5e-05
5e-05
5e-05
5e-05
5e-05
5e-05
5e-05
5e-05
5e-05
5e-05
5e-05
5e-05
5e-05
5e-05
5e-05
5e-05
5e-05
5e-05
5e-05
5e-05
5e-05
5e-05
5e-05
5e-05
5e-05
5e-05
5e-05
5e-05
5e-05
5e-05
5e-05
5e-05
5e-05
5e-05
5e-05
5e-05
5e-05
5e-05
5e-05
5e-05
5e-05
7.97664e-05
0.00010643
0.00013037
0.00015192
0.000171373
0.000188983
0.000204974
0.000219543
0.000232862
0.000245081
0.000256333
0.000266733
0.000276382
0.00028537
0.000293775
0.000301665
0.0003091
0.000316132
0.000322808
0.000329169
0.00033525
0.000341081
0.000346691
0.000352104
0.00035734
0.000362418
0.000367355
0.000372165
0.00037686
0.000381453
0.000385951
0.000390365
0.000394701
0.000398967
0.000403168
0.00040731
0.000411397
0.000415433
0.000419422
0.000423368
0.000427273
0.000431139
0.00043497
0.000438766
0.00044253
0.000446264
0.000449968
0.000453645
0.000457295
0.00046092
0.000464521
0.000468097
0.000471651
0.000475183
0.000478694
0.000482184
0.000485654
0.000489104
0.000492535
0.000495948
0.000499342
0.000502719
0.000506078
0.000509421
0.000512746
0.000516056
0.000519349
0.000522626
0.000525889
0.000529136
0.000532368
0.000535585
0.000538788
0.000541976
0.000545151
0.000548312
0.00055146
0.000554594
0.000557715
0.000560823
0.000534152
0.000510565
0.000489684
0.000471179
0.000454757
0.000440165
0.000427179
0.000415604
0.000405267
0.00039602
0.000387729
0.000380279
0.00037357
0.000367512
0.000362027
0.000357047
0.000352512
0.00034837
0.000344575
0.000341086
0.000337867
0.000334888
0.000332121
0.000329543
0.000327132
0.000324869
0.00032274
0.000320728
0.000318822
0.00031701
0.000315284
0.000313634
0.000312053
0.000310534
0.000309071
0.000307659
0.000306294
0.000304972
0.000303688
0.000302441
0.000301226
0.000300042
0.000298887
0.000297758
0.000296653
0.000295572
0.000294512
0.000293472
0.000292452
0.00029145
0.000290466
0.000289498
0.000288545
0.000287608
0.000286685
0.000285776
0.00028488
0.000283998
0.000283127
0.000282269
0.000281422
0.000280587
0.000279763
0.000278949
0.000278145
0.000277352
0.000276568
0.000275794
0.000275029
0.000274274
0.000273527
0.000272789
0.000272059
0.000271338
0.000270625
0.000269919
0.000269222
0.000268532
0.000267849
0.000267174
0.000266506
0.000265845
0.000265191
0.000264544
0.000263903
0.000263269
0.000262641
0.00026202
0.000261404
0.000260795
0.000260191
0.000259594
0.000259002
0.000258415
0.000257834
0.000257258
0.000256688
0.000256123
0.000255563
0.000255007
0.000254457
0.000253912
0.000253371
0.000252835
0.000252304
0.000251777
0.000251254
0.000250736
0.000250222
0.000249712
0.000249206
0.000248705
0.000248207
0.000247713
0.000247223
0.000246737
0.000246254
0.000245776
0.0002453
0.000244828
0.00024436
0.000243895
0.000243434
0.000242975
0.00024252
0.000242068
0.000241619
0.000241174
0.000240731
0.000240291
0.000239854
0.00023942
0.000238989
0.000238561
0.000238135
0.000237712
0.000237292
0.000236875
0.000236459
0.000236047
0.000235637
0.000235229
0.000234824
0.000234421
0.000234021
0.000233622
0.000233226
0.000232833
0.000232441
0.000232052
0.000231665
0.000231279
0.000230896
0.000230515
0.000230136
0.000229759
0.000229384
0.000229011
0.000228639
0.00022827
0.000227902
0.000227536
0.000227172
0.00022681
0.000226449
0.00022609
0.000225733
0.000225377
0.000225023
0.000224671
0.00022432
0.000223971
0.000223624
0.000223277
0.000222933
0.00022259
0.000222248
0.000221908
0.000221569
0.000221232
0.000220896
0.000220561
0.000220228
0.000219896
0.000219565
0.000219236
0.000218908
0.000218581
0.000218255
0.000217931
0.000217608
0.000217286
0.000216965
0.000216646
0.000216327
0.00021601
0.000215694
0.000215379
0.000215065
0.000214752
0.000214441
0.00021413
0.00021382
0.000213512
0.000213204
0.000212898
0.000212593
0.000212288
0.000211985
0.000211682
0.000211381
0.00021108
0.000210781
0.000210482
0.000210184
0.000209887
0.000209591
0.000209296
0.000209002
0.000208709
0.000208417
0.000208125
0.000207834
0.000207545
0.000207256
0.000206967
0.00020668
0.000206394
0.000206108
0.000205823
0.000205539
0.000205256
0.000204973
0.000204691
0.00020441
0.00020413
0.000203851
0.000203572
0.000203294
0.000203016
0.00020274
0.000202464
0.000202189
0.000201915
0.000201641
0.000201368
0.000201096
0.000200824
0.000200553
0.000200283
0.000200013
0.000199744
0.000199476
0.000199208
0.000198941
0.000198675
0.000198409
0.000198144
0.00019788
0.000197616
0.000197353
0.00019709
0.000196828
0.000196567
0.000196306
0.000196046
0.000195787
0.000195528
0.000195269
0.000195012
0.000194754
0.000194498
0.000194242
0.000193986
0.000193732
0.000193477
0.000193224
0.00019297
0.000192718
0.000192466
0.000192214
0.000191963
0.000191713
0.000191463
0.000191213
0.000190965
0.000190716
0.000190469
0.000190221
0.000189975
0.000189728
0.000189483
0.000189238
0.000188993
0.000188749
0.000188505
0.000188262
0.00018802
0.000187777
0.000187536
0.000187295
0.000187054
0.000186814
0.000186574
0.000186335
0.000186096
0.000185858
0.00018562
0.000185383
0.000185146
0.00018491
0.000184674
0.000184439
0.000184204
0.00018397
0.000183736
0.000183502
0.000183269
0.000183037
0.000182804
0.000182573
0.000182342
0.000182111
0.00018188
0.000181651
0.000181421
0.000181192
0.000180964
0.000180735
0.000180508
0.000180281
0.000180054
0.000179827
0.000179602
0.000179376
0.000179151
0.000178926
0.000178702
0.000178478
0.000178255
0.000178032
0.00017781
0.000177588
0.000177366
0.000177145
0.000176924
0.000176703
0.000176483
0.000176264
0.000176045
0.000175826
0.000175607
0.000175389
0.000175172
0.000174955
0.000174738
0.000174522
0.000174306
0.00017409
0.000173875
0.00017366
0.000173446
0.000173232
0.000173018
0.000172805
0.000172592
0.00017238
0.000172168
0.000171956
0.000171745
0.000171534
0.000171324
0.000171114
0.000170904
0.000170695
0.000170486
0.000170277
0.000170069
0.000169862
0.000169654
0.000169447
0.00016924
0.000169034
0.000168828
0.000168623
0.000168418
0.000168213
0.000168008
0.000167804
0.000167601
0.000167397
0.000167194
0.000166992
0.00016679
0.000166588
0.000166386
0.000166185
0.000165984
0.000165784
0.000165584
0.000165384
0.000165185
0.000164986
0.000164787
0.000164589
0.000164391
0.000164194
0.000163996
0.0001638
0.000163603
0.000163407
0.000163211
0.000163016
0.000162821
0.000162626
0.000162431
0.000162237
0.000162044
0.00016185
0.000161657
0.000161465
0.000161272
0.00016108
0.000160889
0.000160697
0.000160506
0.000160316
0.000160125
0.000159936
0.000159746
0.000159557
0.000159368
0.000159179
0.000158991
0.000158803
0.000158615
0.000158428
0.000158241
0.000158054
0.000157868
0.000157682
0.000157496
0.000157311
0.000157126
0.000156942
0.000156757
0.000156573
0.00015639
0.000156206
0.000156023
0.00015584
0.000155658
0.000155476
0.000155294
0.000155113
0.000154932
0.000154751
0.00015457
0.00015439
0.00015421
0.000154031
0.000153852
0.000153673
0.000153494
0.000153316
0.000153138
0.00015296
0.000152783
0.000152606
0.000152429
0.000152253
0.000152077
0.000151901
0.000151726
0.000151551
0.000151376
0.000151201
0.000151027
0.000150853
0.000150679
0.000150506
0.000150333
0.00015016
0.000149988
0.000149816
0.000149644
0.000149473
0.000149301
0.00014913
0.00014896
0.00014879
0.00014862
0.00014845
0.00014828
0.000148111
0.000147943
0.000147774
0.000147606
0.000147438
0.00014727
0.000147103
0.000146936
0.000146769
0.000146603
0.000146436
0.000146271
0.000146105
0.00014594
0.000145775
0.00014561
0.000145445
0.000145281
0.000145117
0.000144954
0.000144791
0.000144628
0.000144465
0.000144302
0.00014414
0.000143978
0.000143817
0.000143656
0.000143495
0.000143334
0.000143173
0.000143013
0.000142853
0.000142694
0.000142534
0.000142375
0.000142216
0.000142058
0.0001419
0.000141742
0.000141584
0.000141427
0.00014127
0.000141113
0.000140956
0.0001408
0.000140644
0.000140488
0.000140332
0.000140177
0.000140022
0.000139868
0.000139713
0.000139559
0.000139405
0.000139252
0.000139098
0.000138945
0.000138792
0.00013864
0.000138488
0.000138336
0.000138184
0.000138032
0.000137881
0.00013773
0.00013758
0.000137429
0.000137279
0.000137129
0.000136979
0.00013683
0.000136681
0.000136532
0.000136384
0.000136235
0.000136087
0.000135939
0.000135792
0.000135644
0.000135497
0.000135351
0.000135204
0.000135058
0.000134912
0.000134766
0.000134621
0.000134475
0.00013433
0.000134186
0.000134041
0.000133897
0.000133753
0.000133609
0.000133466
0.000133322
0.000133179
0.000133037
0.000132894
0.000132752
0.00013261
0.000132468
0.000132327
0.000132185
0.000132044
0.000131904
0.000131763
0.000131623
0.000131483
0.000131343
0.000131203
0.000131064
0.000130925
0.000130786
0.000130648
0.000130509
0.000130371
0.000130233
0.000130096
0.000129958
0.000129821
0.000129684
0.000129548
0.000129411
0.000129275
0.000129139
0.000129003
0.000128868
0.000128733
0.000128598
0.000128463
0.000128328
0.000128194
0.00012806
0.000127926
0.000127793
0.000127659
0.000127526
0.000127393
0.000127261
0.000127128
0.000126996
0.000126864
0.000126732
0.000126601
0.00012647
0.000126338
0.000126208
0.000126077
0.000125947
0.000125817
0.000125687
0.000125557
0.000125427
0.000125298
0.000125169
0.00012504
0.000124912
0.000124783
0.000124655
0.000124527
0.0001244
0.000124272
0.000124145
0.000124018
0.000123891
0.000123765
0.000123638
0.000123512
0.000123386
0.000123261
0.000123135
0.00012301
0.000122885
0.00012276
0.000122636
0.000122511
0.000122387
0.000122263
0.000122139
0.000122016
0.000121893
0.000121769
0.000121647
0.000121524
0.000121401
0.000121279
0.000121157
0.000121035
0.000120914
0.000120792
0.000120671
0.00012055
0.00012043
0.000120309
0.000120189
0.000120069
0.000119949
0.000119829
0.00011971
0.00011959
0.000119471
0.000119352
0.000119234
0.000119115
0.000118997
0.000118879
0.000118761
0.000118643
0.000118526
0.000118409
0.000118292
0.000118175
0.000118058
0.000117942
0.000117826
0.00011771
0.000117594
0.000117478
0.000117363
0.000117248
0.000117133
0.000117018
0.000116903
0.000116789
0.000116675
0.000116561
0.000116447
0.000116333
0.00011622
0.000116107
0.000115994
0.000115881
0.000115768
0.000115656
0.000115544
0.000115432
0.00011532
0.000115208
0.000115097
0.000114985
0.000114874
0.000114764
0.000114653
0.000114542
0.000114432
0.000114322
0.000114212
0.000114102
0.000113993
0.000113884
0.000113774
0.000113665
0.000113557
0.000113448
0.00011334
0.000113232
0.000113124
0.000113016
0.000112908
0.000112801
0.000112693
0.000112586
0.000112479
0.000112373
0.000112266
0.00011216
0.000112054
0.000111948
0.000111842
0.000111736
0.000111631
0.000111526
0.000111421
0.000111316
0.000111211
0.000111107
0.000111002
0.000110898
0.000110794
0.000110691
0.000110587
0.000110484
0.00011038
0.000110277
0.000110175
0.000110072
0.000109969
0.000109867
0.000109765
0.000109663
0.000109561
0.000109459
0.000109358
0.000109257
0.000109156
0.000109055
0.000108954
0.000108853
0.000108753
0.000108653
0.000108553
0.000108453
0.000108353
0.000108254
0.000108154
0.000108055
0.000107956
0.000107857
0.000107759
0.00010766
0.000107562
0.000107464
0.000107366
0.000107268
0.000107171
0.000107073
0.000106976
0.000106879
0.000106782
0.000106685
0.000106588
0.000106492
0.000106396
0.0001063
0.000106204
0.000106108
0.000106012
0.000105917
0.000105821
0.000105726
0.000105631
0.000105537
0.000105442
0.000105348
0.000105253
0.000105159
0.000105065
0.000104971
0.000104878
0.000104784
0.000104691
0.000104598
0.000104505
0.000104412
0.000104319
0.000104227
0.000104135
0.000104042
0.00010395
0.000103859
0.000103767
0.000103675
0.000103584
0.000103493
0.000103402
0.000103311
0.00010322
0.00010313
0.000103039
0.000102949
0.000102859
0.000102769
0.000102679
0.000102589
0.0001025
0.000102411
0.000102321
0.000102232
0.000102144
0.000102055
0.000101966
0.000101878
0.00010179
0.000101702
0.000101614
0.000101526
0.000101438
0.000101351
0.000101263
0.000101176
0.000101089
0.000101002
0.000100916
0.000100829
0.000100743
0.000100656
0.00010057
0.000100484
0.000100398
0.000100313
0.000100227
0.000100142
0.000100057
9.99716e-05
9.98867e-05
9.98019e-05
9.97172e-05
9.96328e-05
9.95484e-05
9.94642e-05
9.93802e-05
9.92963e-05
9.92126e-05
9.91289e-05
9.90455e-05
9.89622e-05
9.8879e-05
9.8796e-05
9.87131e-05
9.86304e-05
9.85478e-05
9.84653e-05
9.8383e-05
9.83009e-05
9.82188e-05
9.8137e-05
9.80552e-05
9.79736e-05
9.78922e-05
9.78109e-05
9.77297e-05
9.76487e-05
9.75678e-05
9.74871e-05
9.74065e-05
9.7326e-05
9.72457e-05
9.71655e-05
9.70855e-05
9.70056e-05
9.69258e-05
9.68462e-05
9.67667e-05
9.66873e-05
9.66081e-05
9.65291e-05
9.64501e-05
9.63713e-05
9.62927e-05
9.62141e-05
9.61358e-05
9.60575e-05
9.59794e-05
9.59014e-05
9.58236e-05
9.57459e-05
9.56683e-05
9.55909e-05
9.55136e-05
9.54364e-05
9.53594e-05
9.52825e-05
9.52057e-05
9.51291e-05
9.50526e-05
9.49762e-05
9.49e-05
9.48239e-05
9.47479e-05
9.46721e-05
9.45964e-05
9.45208e-05
9.44453e-05
9.437e-05
9.42949e-05
9.42198e-05
9.41449e-05
9.40701e-05
9.39955e-05
9.39209e-05
9.38465e-05
9.37723e-05
9.36981e-05
9.36241e-05
9.35502e-05
9.34765e-05
9.34029e-05
9.33294e-05
9.3256e-05
9.31828e-05
9.31097e-05
9.30367e-05
9.29638e-05
9.28911e-05
9.28185e-05
9.2746e-05
9.26737e-05
9.26014e-05
9.25293e-05
9.24574e-05
9.23855e-05
9.23138e-05
9.22422e-05
9.21707e-05
9.20994e-05
9.20281e-05
9.1957e-05
9.1886e-05
9.18152e-05
9.17445e-05
9.16739e-05
9.16034e-05
9.1533e-05
9.14628e-05
9.13926e-05
9.13226e-05
9.12528e-05
9.1183e-05
9.11134e-05
9.10439e-05
9.09745e-05
9.09052e-05
9.08361e-05
9.0767e-05
9.06981e-05
9.06293e-05
9.05607e-05
9.04921e-05
9.04237e-05
9.03554e-05
9.02872e-05
9.02191e-05
9.01512e-05
9.00833e-05
9.00156e-05
8.9948e-05
8.98805e-05
8.98132e-05
8.97459e-05
8.96788e-05
8.96118e-05
8.95449e-05
8.94781e-05
8.94114e-05
8.93449e-05
8.92784e-05
8.92121e-05
8.91459e-05
8.90798e-05
8.90139e-05
8.8948e-05
8.88823e-05
8.88166e-05
8.87511e-05
8.86857e-05
8.86204e-05
8.85553e-05
8.84902e-05
8.84253e-05
8.83604e-05
8.82957e-05
8.82311e-05
8.81666e-05
8.81022e-05
8.80379e-05
8.79738e-05
8.79097e-05
8.78458e-05
8.7782e-05
8.77183e-05
8.76547e-05
8.75912e-05
8.75278e-05
8.74645e-05
8.74014e-05
8.73383e-05
8.72754e-05
8.72125e-05
8.71498e-05
8.70872e-05
8.70247e-05
8.69623e-05
8.69e-05
8.68378e-05
8.67758e-05
8.67138e-05
8.66519e-05
8.65902e-05
8.65285e-05
8.6467e-05
8.64056e-05
8.63443e-05
8.62831e-05
8.62219e-05
8.6161e-05
8.61001e-05
8.60393e-05
8.59786e-05
8.5918e-05
8.58575e-05
8.57972e-05
8.57369e-05
8.56768e-05
8.56167e-05
8.55568e-05
8.54969e-05
8.54372e-05
8.53775e-05
8.5318e-05
8.52586e-05
8.51993e-05
8.514e-05
8.50809e-05
8.50219e-05
8.4963e-05
8.49042e-05
8.48455e-05
8.47869e-05
8.47284e-05
8.467e-05
8.46117e-05
8.45535e-05
8.44954e-05
8.44374e-05
8.43795e-05
8.43217e-05
8.4264e-05
8.42064e-05
8.41489e-05
8.40915e-05
8.40342e-05
8.3977e-05
8.39199e-05
8.3863e-05
8.38061e-05
8.37493e-05
8.36926e-05
8.3636e-05
8.35795e-05
8.35231e-05
8.34668e-05
8.34106e-05
8.33544e-05
8.32984e-05
8.32425e-05
8.31867e-05
8.3131e-05
8.30754e-05
8.30198e-05
8.29644e-05
8.29091e-05
8.28538e-05
8.27987e-05
8.27437e-05
8.26887e-05
8.26339e-05
8.25791e-05
8.25244e-05
8.24699e-05
8.24154e-05
8.2361e-05
8.23067e-05
8.22526e-05
8.21985e-05
8.21445e-05
8.20906e-05
8.20368e-05
8.1983e-05
8.19294e-05
8.18759e-05
8.18224e-05
8.17691e-05
8.17158e-05
8.16627e-05
8.16096e-05
8.15566e-05
8.15038e-05
8.1451e-05
8.13983e-05
8.13457e-05
8.12931e-05
8.12407e-05
8.11884e-05
8.11361e-05
8.1084e-05
8.10319e-05
8.098e-05
8.09281e-05
8.08763e-05
8.08246e-05
8.0773e-05
8.07215e-05
8.067e-05
8.06187e-05
8.05674e-05
8.05163e-05
8.04652e-05
8.04142e-05
8.03633e-05
8.03125e-05
8.02618e-05
8.02112e-05
8.01606e-05
8.01102e-05
8.00598e-05
8.00095e-05
7.99593e-05
7.99092e-05
7.98592e-05
7.98093e-05
7.97595e-05
7.97097e-05
7.966e-05
7.96104e-05
7.9561e-05
7.95115e-05
7.94622e-05
7.9413e-05
7.93638e-05
7.93148e-05
7.92658e-05
7.92169e-05
7.91681e-05
7.91193e-05
7.90707e-05
7.90221e-05
7.89737e-05
7.89253e-05
7.8877e-05
7.88287e-05
7.87806e-05
7.87326e-05
7.86846e-05
7.86367e-05
7.85889e-05
7.85412e-05
7.84935e-05
7.8446e-05
7.83985e-05
7.83511e-05
7.83038e-05
7.82566e-05
7.82095e-05
7.81624e-05
7.81154e-05
7.80685e-05
7.80217e-05
7.7975e-05
7.79283e-05
7.78818e-05
7.78353e-05
7.77889e-05
7.77425e-05
7.76963e-05
7.76501e-05
7.7604e-05
7.7558e-05
7.75121e-05
7.74663e-05
7.74205e-05
7.73748e-05
7.73292e-05
7.72837e-05
7.72382e-05
7.71928e-05
7.71476e-05
7.71023e-05
7.70572e-05
7.70122e-05
7.69672e-05
7.69223e-05
7.68775e-05
7.68327e-05
7.67881e-05
7.67435e-05
7.6699e-05
7.66545e-05
7.66102e-05
7.65659e-05
7.65217e-05
7.64776e-05
7.64335e-05
7.63896e-05
7.63457e-05
7.63018e-05
7.62581e-05
7.62144e-05
7.61708e-05
7.61273e-05
7.60839e-05
7.60405e-05
7.59972e-05
7.5954e-05
7.59109e-05
7.58678e-05
7.58249e-05
7.57819e-05
7.57391e-05
7.56963e-05
7.56537e-05
7.5611e-05
7.55685e-05
7.5526e-05
7.54837e-05
7.54413e-05
7.53991e-05
7.53569e-05
7.53148e-05
7.52728e-05
7.52308e-05
7.5189e-05
7.51472e-05
7.51054e-05
7.50638e-05
7.50222e-05
7.49807e-05
7.49392e-05
7.48979e-05
7.48566e-05
7.48153e-05
7.47742e-05
7.47331e-05
7.46921e-05
7.46511e-05
7.46103e-05
7.45695e-05
7.45287e-05
7.44881e-05
7.44475e-05
7.4407e-05
7.43665e-05
7.43262e-05
7.42859e-05
7.42456e-05
7.42055e-05
7.41654e-05
7.41253e-05
7.40854e-05
7.40455e-05
7.40057e-05
7.39659e-05
7.39263e-05
7.38867e-05
7.38471e-05
7.38077e-05
7.37682e-05
7.37289e-05
7.36897e-05
7.36505e-05
7.36113e-05
7.35723e-05
7.35333e-05
7.34943e-05
7.34555e-05
7.34167e-05
7.3378e-05
7.33393e-05
7.33007e-05
7.32622e-05
7.32238e-05
7.31854e-05
7.31471e-05
7.31088e-05
7.30706e-05
7.30325e-05
7.29944e-05
7.29565e-05
7.29185e-05
7.28807e-05
7.28429e-05
7.28052e-05
7.27675e-05
7.27299e-05
7.26924e-05
7.26549e-05
7.26175e-05
7.25802e-05
7.25429e-05
7.25057e-05
7.24686e-05
7.24315e-05
7.23945e-05
7.23576e-05
7.23207e-05
7.22839e-05
7.22471e-05
7.22104e-05
7.21738e-05
7.21372e-05
7.21008e-05
7.20643e-05
7.2028e-05
7.19916e-05
7.19554e-05
7.19192e-05
7.18831e-05
7.18471e-05
7.18111e-05
7.17751e-05
7.17393e-05
7.17035e-05
7.16677e-05
7.1632e-05
7.15964e-05
7.15609e-05
7.15254e-05
7.14899e-05
7.14546e-05
7.14193e-05
7.1384e-05
7.13488e-05
7.13137e-05
7.12786e-05
7.12436e-05
7.12087e-05
7.11738e-05
7.1139e-05
7.11042e-05
7.10695e-05
7.10349e-05
7.10003e-05
7.09658e-05
7.09313e-05
7.08969e-05
7.08626e-05
7.08283e-05
7.07941e-05
7.07599e-05
7.07258e-05
7.06918e-05
7.06578e-05
7.06239e-05
7.059e-05
7.05562e-05
7.05225e-05
7.04888e-05
7.04552e-05
7.04216e-05
7.03881e-05
7.03546e-05
7.03212e-05
7.02879e-05
7.02546e-05
7.02214e-05
7.01882e-05
7.01551e-05
7.01221e-05
7.00891e-05
7.00561e-05
7.00233e-05
6.99905e-05
6.99577e-05
6.9925e-05
6.98923e-05
6.98597e-05
6.98272e-05
6.97947e-05
6.97623e-05
6.97299e-05
6.96976e-05
6.96654e-05
6.96332e-05
6.9601e-05
6.9569e-05
6.95369e-05
6.9505e-05
6.9473e-05
6.94412e-05
6.94094e-05
6.93776e-05
6.93459e-05
6.93143e-05
6.92827e-05
6.92512e-05
6.92197e-05
6.91883e-05
6.91569e-05
6.91256e-05
6.90943e-05
6.90631e-05
6.9032e-05
6.90009e-05
6.89698e-05
6.89389e-05
6.89079e-05
6.8877e-05
6.88462e-05
6.88154e-05
6.87847e-05
6.87541e-05
6.87235e-05
6.86929e-05
6.86624e-05
6.86319e-05
6.86015e-05
6.85712e-05
6.85409e-05
6.85107e-05
6.84805e-05
6.84503e-05
6.84203e-05
6.83902e-05
6.83602e-05
6.83303e-05
6.83004e-05
6.82706e-05
6.82408e-05
6.82111e-05
6.81815e-05
6.81518e-05
6.81223e-05
6.80928e-05
6.80633e-05
6.80339e-05
6.80045e-05
6.79752e-05
6.7946e-05
6.79168e-05
6.78876e-05
6.78585e-05
6.78295e-05
6.78005e-05
6.77715e-05
6.77426e-05
6.77137e-05
6.76849e-05
6.76562e-05
6.76275e-05
6.75988e-05
6.75702e-05
6.75417e-05
6.75132e-05
6.74847e-05
6.74563e-05
6.7428e-05
6.73997e-05
6.73714e-05
6.73432e-05
6.7315e-05
6.72869e-05
6.72589e-05
6.72309e-05
6.72029e-05
6.7175e-05
6.71471e-05
6.71193e-05
6.70915e-05
6.70638e-05
6.70361e-05
6.70085e-05
6.6981e-05
6.69534e-05
6.69259e-05
6.68985e-05
6.68711e-05
6.68438e-05
6.68165e-05
6.67893e-05
6.67621e-05
6.67349e-05
6.67078e-05
6.66808e-05
6.66538e-05
6.66268e-05
6.65999e-05
6.6573e-05
6.65462e-05
6.65194e-05
6.64927e-05
6.6466e-05
6.64394e-05
6.64128e-05
6.63863e-05
6.63598e-05
6.63333e-05
6.63069e-05
6.62806e-05
6.62543e-05
6.6228e-05
6.62018e-05
6.61756e-05
6.61495e-05
6.61234e-05
6.60974e-05
6.60714e-05
6.60454e-05
6.60195e-05
6.59937e-05
6.59679e-05
6.59421e-05
6.59164e-05
6.58907e-05
6.58651e-05
6.58395e-05
6.5814e-05
6.57885e-05
6.5763e-05
6.57376e-05
6.57122e-05
6.56869e-05
6.56616e-05
6.56364e-05
6.56112e-05
6.55861e-05
6.5561e-05
6.55359e-05
6.55109e-05
6.54859e-05
6.5461e-05
6.54361e-05
6.54113e-05
6.53865e-05
6.53617e-05
6.5337e-05
6.53123e-05
6.52877e-05
6.52631e-05
6.52386e-05
6.52141e-05
6.51896e-05
6.51652e-05
6.51409e-05
6.51165e-05
6.50922e-05
6.5068e-05
6.50438e-05
6.50196e-05
6.49955e-05
6.49715e-05
6.49474e-05
6.49234e-05
6.48995e-05
6.48756e-05
6.48517e-05
6.48279e-05
6.48041e-05
6.47804e-05
6.47567e-05
6.4733e-05
6.47094e-05
6.46858e-05
6.46623e-05
6.46388e-05
6.46153e-05
6.45919e-05
6.45685e-05
6.45452e-05
6.45219e-05
6.44987e-05
6.44755e-05
6.44523e-05
6.44292e-05
6.44061e-05
6.4383e-05
6.436e-05
6.4337e-05
6.43141e-05
6.42912e-05
6.42684e-05
6.42456e-05
6.42228e-05
6.42001e-05
6.41774e-05
6.41547e-05
6.41321e-05
6.41095e-05
6.4087e-05
6.40645e-05
6.40421e-05
6.40196e-05
6.39973e-05
6.39749e-05
6.39526e-05
6.39304e-05
6.39081e-05
6.3886e-05
6.38638e-05
6.38417e-05
6.38196e-05
6.37976e-05
6.37756e-05
6.37537e-05
6.37318e-05
6.37099e-05
6.3688e-05
6.36662e-05
6.36445e-05
6.36228e-05
6.36011e-05
6.35794e-05
6.35578e-05
6.35362e-05
6.35147e-05
6.34932e-05
6.34717e-05
6.34503e-05
6.34289e-05
6.34076e-05
6.33863e-05
6.3365e-05
6.33438e-05
6.33226e-05
6.33014e-05
6.32803e-05
6.32592e-05
6.32381e-05
6.32171e-05
6.31961e-05
6.31752e-05
6.31543e-05
6.31334e-05
6.31126e-05
6.30918e-05
6.3071e-05
6.30503e-05
6.30296e-05
6.30089e-05
6.29883e-05
6.29677e-05
6.29472e-05
6.29267e-05
6.29062e-05
6.28857e-05
6.28653e-05
6.2845e-05
6.28246e-05
6.28043e-05
6.27841e-05
6.27638e-05
6.27437e-05
6.27235e-05
6.27034e-05
6.26833e-05
6.26632e-05
6.26432e-05
6.26232e-05
6.26033e-05
6.25834e-05
6.25635e-05
6.25436e-05
6.25238e-05
6.25041e-05
6.24843e-05
6.24646e-05
6.24449e-05
6.24253e-05
6.24057e-05
6.23861e-05
6.23666e-05
6.23471e-05
6.23276e-05
6.23082e-05
6.22888e-05
6.22694e-05
6.22501e-05
6.22308e-05
6.22115e-05
6.21923e-05
6.21731e-05
6.21539e-05
6.21348e-05
6.21157e-05
6.20966e-05
6.20776e-05
6.20586e-05
6.20396e-05
6.20207e-05
6.20018e-05
6.19829e-05
6.19641e-05
6.19453e-05
6.19265e-05
6.19078e-05
6.18891e-05
6.18704e-05
6.18518e-05
6.18332e-05
6.18146e-05
6.1796e-05
6.17775e-05
6.17591e-05
6.17406e-05
6.17222e-05
6.17038e-05
6.16855e-05
6.16672e-05
6.16489e-05
6.16306e-05
6.16124e-05
6.15942e-05
6.1576e-05
6.15579e-05
6.15398e-05
6.15218e-05
6.15037e-05
6.14857e-05
6.14678e-05
6.14498e-05
6.14319e-05
6.1414e-05
6.13962e-05
6.13784e-05
6.13606e-05
6.13428e-05
6.13251e-05
6.13074e-05
6.12898e-05
6.12721e-05
6.12545e-05
6.1237e-05
6.12194e-05
6.12019e-05
6.11844e-05
6.1167e-05
6.11496e-05
6.11322e-05
6.11148e-05
6.10975e-05
6.10802e-05
6.1063e-05
6.10457e-05
6.10285e-05
6.10113e-05
6.09942e-05
6.09771e-05
6.096e-05
6.09429e-05
6.09259e-05
6.09089e-05
6.0892e-05
6.0875e-05
6.08581e-05
6.08412e-05
6.08244e-05
6.08076e-05
6.07908e-05
6.0774e-05
6.07573e-05
6.07406e-05
6.07239e-05
6.07073e-05
6.06906e-05
6.06741e-05
6.06575e-05
6.0641e-05
6.06245e-05
6.0608e-05
6.05915e-05
6.05751e-05
6.05587e-05
6.05424e-05
6.05261e-05
6.05098e-05
6.04935e-05
6.04772e-05
6.0461e-05
6.04448e-05
6.04287e-05
6.04125e-05
6.03964e-05
6.03804e-05
6.03643e-05
6.03483e-05
6.03323e-05
6.03163e-05
6.03004e-05
6.02845e-05
6.02686e-05
6.02528e-05
6.02369e-05
6.02211e-05
6.02054e-05
6.01896e-05
6.01739e-05
6.01582e-05
6.01426e-05
6.01269e-05
6.01113e-05
6.00957e-05
6.00802e-05
6.00647e-05
6.00492e-05
6.00337e-05
6.00182e-05
6.00028e-05
5.99874e-05
5.99721e-05
5.99567e-05
5.99414e-05
5.99261e-05
5.99109e-05
5.98957e-05
5.98804e-05
5.98653e-05
5.98501e-05
5.9835e-05
5.98199e-05
5.98048e-05
5.97898e-05
5.97748e-05
5.97598e-05
5.97448e-05
5.97298e-05
5.97149e-05
5.97e-05
5.96852e-05
5.96703e-05
5.96555e-05
5.96407e-05
5.9626e-05
5.96112e-05
5.95965e-05
5.95818e-05
5.95672e-05
5.95526e-05
5.95379e-05
5.95234e-05
5.95088e-05
5.94943e-05
5.94798e-05
5.94653e-05
5.94508e-05
5.94364e-05
5.9422e-05
5.94076e-05
5.93933e-05
5.93789e-05
5.93646e-05
5.93503e-05
5.93361e-05
5.93218e-05
5.93076e-05
5.92935e-05
5.92793e-05
5.92652e-05
5.92511e-05
5.9237e-05
5.92229e-05
5.92089e-05
5.91949e-05
5.91809e-05
5.91669e-05
5.9153e-05
5.91391e-05
5.91252e-05
5.91113e-05
5.90975e-05
5.90837e-05
5.90699e-05
5.90561e-05
5.90424e-05
5.90286e-05
5.90149e-05
5.90013e-05
5.89876e-05
5.8974e-05
5.89604e-05
5.89468e-05
5.89333e-05
5.89197e-05
5.89062e-05
5.88927e-05
5.88793e-05
5.88658e-05
5.88524e-05
5.8839e-05
5.88257e-05
5.88123e-05
5.8799e-05
5.87857e-05
5.87724e-05
5.87592e-05
5.87459e-05
5.87327e-05
5.87196e-05
5.87064e-05
5.86933e-05
5.86801e-05
5.86671e-05
5.8654e-05
5.86409e-05
5.86279e-05
5.86149e-05
5.86019e-05
5.8589e-05
5.85761e-05
5.85631e-05
5.85503e-05
5.85374e-05
5.85246e-05
5.85117e-05
5.84989e-05
5.84862e-05
5.84734e-05
5.84607e-05
5.8448e-05
5.84353e-05
5.84226e-05
5.841e-05
5.83973e-05
5.83847e-05
5.83722e-05
5.83596e-05
5.83471e-05
5.83346e-05
5.83221e-05
5.83096e-05
5.82972e-05
5.82847e-05
5.82723e-05
5.826e-05
5.82476e-05
5.82353e-05
5.82229e-05
5.82106e-05
5.81984e-05
5.81861e-05
5.81739e-05
5.81617e-05
5.81495e-05
5.81373e-05
5.81252e-05
5.8113e-05
5.81009e-05
5.80889e-05
5.80768e-05
5.80647e-05
5.80527e-05
5.80407e-05
5.80287e-05
5.80168e-05
5.80049e-05
5.79929e-05
5.7981e-05
5.79692e-05
5.79573e-05
5.79455e-05
5.79337e-05
5.79219e-05
5.79101e-05
5.78983e-05
5.78866e-05
5.78749e-05
5.78632e-05
5.78515e-05
5.78399e-05
5.78283e-05
5.78167e-05
5.78051e-05
5.77935e-05
5.77819e-05
5.77704e-05
5.77589e-05
5.77474e-05
5.7736e-05
5.77245e-05
5.77131e-05
5.77017e-05
5.76903e-05
5.76789e-05
5.76676e-05
5.76562e-05
5.76449e-05
5.76336e-05
5.76224e-05
5.76111e-05
5.75999e-05
5.75887e-05
5.75775e-05
5.75663e-05
5.75551e-05
5.7544e-05
5.75329e-05
5.75218e-05
5.75107e-05
5.74997e-05
5.74886e-05
5.74776e-05
5.74666e-05
5.74556e-05
5.74447e-05
5.74337e-05
5.74228e-05
5.74119e-05
5.7401e-05
5.73901e-05
5.73793e-05
5.73685e-05
5.73576e-05
5.73469e-05
5.73361e-05
5.73253e-05
5.73146e-05
5.73039e-05
5.72932e-05
5.72825e-05
5.72718e-05
5.72612e-05
5.72506e-05
5.724e-05
5.72294e-05
5.72188e-05
5.72083e-05
5.71977e-05
5.71872e-05
5.71767e-05
5.71663e-05
5.71558e-05
5.71454e-05
5.71349e-05
5.71245e-05
5.71141e-05
5.71038e-05
5.70934e-05
5.70831e-05
5.70728e-05
5.70625e-05
5.70522e-05
5.70419e-05
5.70317e-05
5.70215e-05
5.70113e-05
5.70011e-05
5.69909e-05
5.69808e-05
5.69706e-05
5.69605e-05
5.69504e-05
5.69403e-05
5.69303e-05
5.69202e-05
5.69102e-05
5.69002e-05
5.68902e-05
5.68802e-05
5.68702e-05
5.68603e-05
5.68504e-05
5.68404e-05
5.68306e-05
5.68207e-05
5.68108e-05
5.6801e-05
5.67912e-05
5.67814e-05
5.67716e-05
5.67618e-05
5.6752e-05
5.67423e-05
5.67326e-05
5.67229e-05
5.67132e-05
5.67035e-05
5.66939e-05
5.66842e-05
5.66746e-05
5.6665e-05
5.66554e-05
5.66458e-05
5.66363e-05
5.66268e-05
5.66172e-05
5.66077e-05
5.65982e-05
5.65888e-05
5.65793e-05
5.65699e-05
5.65605e-05
5.65511e-05
5.65417e-05
5.65323e-05
5.65229e-05
5.65136e-05
5.65043e-05
5.6495e-05
5.64857e-05
5.64764e-05
5.64671e-05
5.64579e-05
5.64487e-05
5.64395e-05
5.64303e-05
5.64211e-05
5.64119e-05
5.64028e-05
5.63937e-05
5.63845e-05
5.63754e-05
5.63664e-05
5.63573e-05
5.63482e-05
5.63392e-05
5.63302e-05
5.63212e-05
5.63122e-05
5.63032e-05
5.62943e-05
5.62853e-05
5.62764e-05
5.62675e-05
5.62586e-05
5.62497e-05
5.62408e-05
5.6232e-05
5.62232e-05
5.62143e-05
5.62055e-05
5.61967e-05
5.6188e-05
5.61792e-05
5.61705e-05
5.61617e-05
5.6153e-05
5.61443e-05
5.61357e-05
5.6127e-05
5.61183e-05
5.61097e-05
5.61011e-05
5.60925e-05
5.60839e-05
5.60753e-05
5.60667e-05
5.60582e-05
5.60497e-05
5.60411e-05
5.60326e-05
5.60242e-05
5.60157e-05
5.60072e-05
5.59988e-05
5.59904e-05
5.59819e-05
5.59735e-05
5.59652e-05
5.59568e-05
5.59484e-05
5.59401e-05
5.59318e-05
5.59235e-05
5.59152e-05
5.59069e-05
5.58986e-05
5.58904e-05
5.58821e-05
5.58739e-05
5.58657e-05
5.58575e-05
5.58493e-05
5.58411e-05
5.5833e-05
5.58248e-05
5.58167e-05
5.58086e-05
5.58005e-05
5.57924e-05
5.57843e-05
5.57763e-05
5.57683e-05
5.57602e-05
5.57522e-05
5.57442e-05
5.57362e-05
5.57283e-05
5.57203e-05
5.57124e-05
5.57044e-05
5.56965e-05
5.56886e-05
5.56807e-05
5.56728e-05
5.5665e-05
5.56571e-05
5.56493e-05
5.56415e-05
5.56337e-05
5.56259e-05
5.56181e-05
5.56103e-05
5.56026e-05
5.55948e-05
5.55871e-05
5.55794e-05
5.55717e-05
5.5564e-05
5.55563e-05
5.55487e-05
5.5541e-05
5.55334e-05
5.55258e-05
5.55182e-05
5.55106e-05
5.5503e-05
5.54954e-05
5.54879e-05
5.54803e-05
5.54728e-05
5.54653e-05
5.54578e-05
5.54503e-05
5.54428e-05
5.54354e-05
5.54279e-05
5.54205e-05
5.54131e-05
5.54057e-05
5.53983e-05
5.53909e-05
5.53835e-05
5.53762e-05
5.53688e-05
5.53615e-05
5.53542e-05
5.53468e-05
5.53396e-05
5.53323e-05
5.5325e-05
5.53177e-05
5.53105e-05
5.53033e-05
5.5296e-05
5.52888e-05
5.52816e-05
5.52745e-05
5.52673e-05
5.52601e-05
5.5253e-05
5.52459e-05
5.52387e-05
5.52316e-05
5.52245e-05
5.52175e-05
5.52104e-05
5.52033e-05
5.51963e-05
5.51893e-05
5.51822e-05
5.51752e-05
5.51682e-05
5.51612e-05
5.51543e-05
5.51473e-05
5.51404e-05
5.51334e-05
5.51265e-05
5.51196e-05
5.51127e-05
5.51058e-05
5.50989e-05
5.50921e-05
5.50852e-05
5.50784e-05
5.50716e-05
5.50647e-05
5.50579e-05
5.50511e-05
5.50444e-05
5.50376e-05
5.50308e-05
5.50241e-05
5.50174e-05
5.50106e-05
5.50039e-05
5.49972e-05
5.49905e-05
5.49839e-05
5.49772e-05
5.49705e-05
5.49639e-05
5.49573e-05
5.49507e-05
5.49441e-05
5.49375e-05
5.49309e-05
5.49243e-05
5.49177e-05
5.49112e-05
5.49047e-05
5.48981e-05
5.48916e-05
5.48851e-05
5.48786e-05
5.48721e-05
5.48657e-05
5.48592e-05
5.48528e-05
5.48463e-05
5.48399e-05
5.48335e-05
5.48271e-05
5.48207e-05
5.48143e-05
5.4808e-05
5.48016e-05
5.47952e-05
5.47889e-05
5.47826e-05
5.47763e-05
5.477e-05
5.47637e-05
5.47574e-05
5.47511e-05
5.47449e-05
5.47386e-05
5.47324e-05
5.47262e-05
5.47199e-05
5.47137e-05
5.47075e-05
5.47014e-05
5.46952e-05
5.4689e-05
5.46829e-05
5.46767e-05
5.46706e-05
5.46645e-05
5.46584e-05
5.46523e-05
5.46462e-05
5.46401e-05
5.46341e-05
5.4628e-05
5.4622e-05
5.46159e-05
5.46099e-05
5.46039e-05
5.45979e-05
5.45919e-05
5.45859e-05
5.45799e-05
5.4574e-05
5.4568e-05
5.45621e-05
5.45561e-05
5.45502e-05
5.45443e-05
5.45384e-05
5.45325e-05
5.45266e-05
5.45208e-05
5.45149e-05
5.45091e-05
5.45032e-05
5.44974e-05
5.44916e-05
5.44858e-05
5.448e-05
5.44742e-05
5.44684e-05
5.44627e-05
5.44569e-05
5.44511e-05
5.44454e-05
5.44397e-05
5.4434e-05
5.44283e-05
5.44226e-05
5.44169e-05
5.44112e-05
5.44055e-05
5.43999e-05
5.43942e-05
5.43886e-05
5.4383e-05
5.43773e-05
5.43717e-05
5.43661e-05
5.43605e-05
5.4355e-05
5.43494e-05
5.43438e-05
5.43383e-05
5.43327e-05
5.43272e-05
5.43217e-05
5.43162e-05
5.43107e-05
5.43052e-05
5.42997e-05
5.42942e-05
5.42888e-05
5.42833e-05
5.42778e-05
5.42724e-05
5.4267e-05
5.42616e-05
5.42562e-05
5.42508e-05
5.42454e-05
5.424e-05
5.42346e-05
5.42293e-05
5.42239e-05
5.42186e-05
5.42132e-05
5.42079e-05
5.42026e-05
5.41973e-05
5.4192e-05
5.41867e-05
5.41814e-05
5.41762e-05
5.41709e-05
5.41657e-05
5.41604e-05
5.41552e-05
5.415e-05
5.41447e-05
5.41395e-05
5.41343e-05
5.41292e-05
5.4124e-05
5.41188e-05
5.41137e-05
5.41085e-05
5.41034e-05
5.40982e-05
5.40931e-05
5.4088e-05
5.40829e-05
5.40778e-05
5.40727e-05
5.40676e-05
5.40625e-05
5.40575e-05
5.40524e-05
5.40474e-05
5.40424e-05
5.40373e-05
5.40323e-05
5.40273e-05
5.40223e-05
5.40173e-05
5.40123e-05
5.40073e-05
5.40024e-05
5.39974e-05
5.39925e-05
5.39875e-05
5.39826e-05
5.39777e-05
5.39728e-05
5.39679e-05
5.3963e-05
5.39581e-05
5.39532e-05
5.39483e-05
5.39435e-05
5.39386e-05
5.39338e-05
5.39289e-05
5.39241e-05
5.39193e-05
5.39145e-05
5.39097e-05
5.39049e-05
5.39001e-05
5.38953e-05
5.38905e-05
5.38858e-05
5.3881e-05
5.38763e-05
5.38715e-05
5.38668e-05
5.38621e-05
5.38574e-05
5.38527e-05
5.3848e-05
5.38433e-05
5.38386e-05
5.38339e-05
5.38292e-05
5.38246e-05
5.38199e-05
5.38153e-05
5.38107e-05
5.3806e-05
5.38014e-05
5.37968e-05
5.37922e-05
5.37876e-05
5.3783e-05
5.37785e-05
5.37739e-05
5.37693e-05
5.37648e-05
5.37602e-05
5.37557e-05
5.37512e-05
5.37467e-05
5.37422e-05
5.37376e-05
5.37331e-05
5.37287e-05
5.37242e-05
5.37197e-05
5.37152e-05
5.37108e-05
5.37063e-05
5.37019e-05
5.36975e-05
5.3693e-05
5.36886e-05
5.36842e-05
5.36798e-05
5.36754e-05
5.3671e-05
5.36666e-05
5.36623e-05
5.36579e-05
5.36535e-05
5.36492e-05
5.36448e-05
5.36405e-05
5.36362e-05
5.36318e-05
5.36275e-05
5.36232e-05
5.36189e-05
5.36146e-05
5.36104e-05
5.36061e-05
5.36018e-05
5.35976e-05
5.35933e-05
5.35891e-05
5.35848e-05
5.35806e-05
5.35764e-05
5.35721e-05
5.35679e-05
5.35637e-05
5.35595e-05
5.35554e-05
5.35512e-05
5.3547e-05
5.35428e-05
5.35387e-05
5.35345e-05
5.35304e-05
5.35262e-05
5.35221e-05
5.3518e-05
5.35139e-05
5.35098e-05
5.35057e-05
5.35016e-05
5.34975e-05
5.34934e-05
5.34893e-05
5.34853e-05
5.34812e-05
5.34772e-05
5.34731e-05
5.34691e-05
5.3465e-05
5.3461e-05
5.3457e-05
5.3453e-05
5.3449e-05
5.3445e-05
5.3441e-05
5.3437e-05
5.34331e-05
5.34291e-05
5.34251e-05
5.34212e-05
5.34172e-05
5.34133e-05
5.34094e-05
5.34054e-05
5.34015e-05
5.33976e-05
5.33937e-05
5.33898e-05
5.33859e-05
5.3382e-05
5.33781e-05
5.33743e-05
5.33704e-05
5.33665e-05
5.33627e-05
5.33588e-05
5.3355e-05
5.33512e-05
5.33474e-05
5.33435e-05
5.33397e-05
5.33359e-05
5.33321e-05
5.33283e-05
5.33245e-05
5.33208e-05
5.3317e-05
5.33132e-05
5.33095e-05
5.33057e-05
5.3302e-05
5.32982e-05
5.32945e-05
5.32908e-05
5.3287e-05
5.32833e-05
5.32796e-05
5.32759e-05
5.32722e-05
5.32685e-05
5.32649e-05
5.32612e-05
5.32575e-05
5.32539e-05
5.32502e-05
5.32465e-05
5.32429e-05
5.32393e-05
5.32356e-05
5.3232e-05
5.32284e-05
5.32248e-05
5.32212e-05
5.32176e-05
5.3214e-05
5.32104e-05
5.32068e-05
5.32032e-05
5.31997e-05
5.31961e-05
5.31926e-05
5.3189e-05
5.31855e-05
5.31819e-05
5.31784e-05
5.31749e-05
5.31714e-05
5.31678e-05
5.31643e-05
5.31608e-05
5.31573e-05
5.31539e-05
5.31504e-05
5.31469e-05
5.31434e-05
5.314e-05
5.31365e-05
5.31331e-05
5.31296e-05
5.31262e-05
5.31227e-05
5.31193e-05
5.31159e-05
5.31125e-05
5.31091e-05
5.31057e-05
5.31023e-05
5.30989e-05
5.30955e-05
5.30921e-05
5.30887e-05
5.30854e-05
5.3082e-05
5.30786e-05
5.30753e-05
5.30719e-05
5.30686e-05
5.30653e-05
5.30619e-05
5.30586e-05
5.30553e-05
5.3052e-05
5.30487e-05
5.30454e-05
5.30421e-05
5.30388e-05
5.30355e-05
5.30322e-05
5.3029e-05
5.30257e-05
5.30224e-05
5.30192e-05
5.30159e-05
5.30127e-05
5.30095e-05
5.30062e-05
5.3003e-05
5.29998e-05
5.29966e-05
5.29934e-05
5.29902e-05
5.2987e-05
5.29838e-05
5.29806e-05
5.29774e-05
5.29742e-05
5.29711e-05
5.29679e-05
5.29647e-05
5.29616e-05
5.29584e-05
5.29553e-05
5.29522e-05
5.2949e-05
5.29459e-05
5.29428e-05
5.29397e-05
5.29366e-05
5.29334e-05
5.29303e-05
5.29273e-05
5.29242e-05
5.29211e-05
5.2918e-05
5.29149e-05
5.29119e-05
5.29088e-05
5.29057e-05
5.29027e-05
5.28997e-05
5.28966e-05
5.28936e-05
5.28905e-05
5.28875e-05
5.28845e-05
5.28815e-05
5.28785e-05
5.28755e-05
5.28725e-05
5.28695e-05
5.28665e-05
5.28635e-05
5.28605e-05
5.28576e-05
5.28546e-05
5.28516e-05
5.28487e-05
5.28457e-05
5.28428e-05
5.28398e-05
5.28369e-05
5.2834e-05
5.2831e-05
5.28281e-05
5.28252e-05
5.28223e-05
5.28194e-05
5.28165e-05
5.28136e-05
5.28107e-05
5.28078e-05
5.28049e-05
5.28021e-05
5.27992e-05
5.27963e-05
5.27935e-05
5.27906e-05
5.27878e-05
5.27849e-05
5.27821e-05
5.27792e-05
5.27764e-05
5.27736e-05
5.27708e-05
5.27679e-05
5.27651e-05
5.27623e-05
5.27595e-05
5.27567e-05
5.27539e-05
5.27511e-05
5.27484e-05
5.27456e-05
5.27428e-05
5.27401e-05
5.27373e-05
5.27345e-05
5.27318e-05
5.2729e-05
5.27263e-05
5.27235e-05
5.27208e-05
5.27181e-05
5.27154e-05
5.27126e-05
5.27099e-05
5.27072e-05
5.27045e-05
5.27018e-05
5.26991e-05
5.26964e-05
5.26937e-05
5.2691e-05
5.26884e-05
5.26857e-05
5.2683e-05
5.26804e-05
5.26777e-05
5.26751e-05
5.26724e-05
5.26698e-05
5.26671e-05
5.26645e-05
5.26618e-05
5.26592e-05
5.26566e-05
5.2654e-05
5.26514e-05
5.26488e-05
5.26462e-05
5.26436e-05
5.2641e-05
5.26384e-05
5.26358e-05
5.26332e-05
5.26306e-05
5.26281e-05
5.26255e-05
5.26229e-05
5.26204e-05
5.26178e-05
5.26153e-05
5.26127e-05
5.26102e-05
5.26076e-05
5.26051e-05
5.26026e-05
5.26e-05
5.25975e-05
5.2595e-05
5.25925e-05
5.259e-05
5.25875e-05
5.2585e-05
5.25825e-05
5.258e-05
5.25775e-05
5.2575e-05
5.25726e-05
5.25701e-05
5.25676e-05
5.25652e-05
5.25627e-05
5.25603e-05
5.25578e-05
5.25554e-05
5.25529e-05
5.25505e-05
5.2548e-05
5.25456e-05
5.25432e-05
5.25408e-05
5.25384e-05
5.25359e-05
5.25335e-05
5.25311e-05
5.25287e-05
5.25263e-05
5.25239e-05
5.25216e-05
5.25192e-05
5.25168e-05
5.25144e-05
5.2512e-05
5.25097e-05
5.25073e-05
5.2505e-05
5.25026e-05
5.25003e-05
5.24979e-05
5.24956e-05
5.24932e-05
5.24909e-05
5.24886e-05
5.24862e-05
5.24839e-05
5.24816e-05
5.24793e-05
5.2477e-05
5.24747e-05
5.24724e-05
5.24701e-05
5.24678e-05
5.24655e-05
5.24632e-05
5.24609e-05
5.24586e-05
5.24564e-05
5.24541e-05
5.24518e-05
5.24496e-05
5.24473e-05
5.24451e-05
5.24428e-05
5.24406e-05
5.24383e-05
5.24361e-05
5.24338e-05
5.24316e-05
5.24294e-05
5.24272e-05
5.2425e-05
5.24227e-05
5.24205e-05
5.24183e-05
5.24161e-05
5.24139e-05
5.24117e-05
5.24095e-05
5.24073e-05
5.24052e-05
5.2403e-05
5.24008e-05
5.23986e-05
5.23965e-05
5.23943e-05
5.23921e-05
5.239e-05
5.23878e-05
5.23857e-05
5.23835e-05
5.23814e-05
5.23792e-05
5.23771e-05
5.2375e-05
5.23728e-05
5.23707e-05
5.23686e-05
5.23665e-05
5.23644e-05
5.23622e-05
5.23601e-05
5.2358e-05
5.23559e-05
5.23538e-05
5.23518e-05
5.23497e-05
5.23476e-05
5.23455e-05
5.23434e-05
5.23413e-05
5.23393e-05
5.23372e-05
5.23352e-05
5.23331e-05
5.2331e-05
5.2329e-05
5.23269e-05
5.23249e-05
5.23228e-05
5.23208e-05
5.23188e-05
5.23167e-05
5.23147e-05
5.23127e-05
5.23107e-05
5.23087e-05
5.23066e-05
5.23046e-05
5.23026e-05
5.23006e-05
5.22986e-05
5.22966e-05
5.22946e-05
5.22927e-05
5.22907e-05
5.22887e-05
5.22867e-05
5.22847e-05
5.22828e-05
5.22808e-05
5.22788e-05
5.22769e-05
5.22749e-05
5.2273e-05
5.2271e-05
5.22691e-05
5.22671e-05
5.22652e-05
5.22632e-05
5.22613e-05
5.22594e-05
5.22574e-05
5.22555e-05
5.22536e-05
5.22517e-05
5.22498e-05
5.22479e-05
5.22459e-05
5.2244e-05
5.22421e-05
5.22402e-05
5.22383e-05
5.22365e-05
5.22346e-05
5.22327e-05
5.22308e-05
5.22289e-05
5.22271e-05
5.22252e-05
5.22233e-05
5.22214e-05
5.22196e-05
5.22177e-05
5.22159e-05
5.2214e-05
5.22122e-05
5.22103e-05
5.22085e-05
5.22066e-05
5.22048e-05
5.2203e-05
5.22011e-05
5.21993e-05
5.21975e-05
5.21957e-05
5.21939e-05
5.2192e-05
5.21902e-05
5.21884e-05
5.21866e-05
5.21848e-05
5.2183e-05
5.21812e-05
5.21794e-05
5.21776e-05
5.21759e-05
5.21741e-05
5.21723e-05
5.21705e-05
5.21688e-05
5.2167e-05
5.21652e-05
5.21635e-05
5.21617e-05
5.21599e-05
5.21582e-05
5.21564e-05
5.21547e-05
5.21529e-05
5.21512e-05
5.21495e-05
5.21477e-05
5.2146e-05
5.21443e-05
5.21425e-05
5.21408e-05
5.21391e-05
5.21374e-05
5.21356e-05
5.21339e-05
5.21322e-05
5.21305e-05
5.21288e-05
5.21271e-05
5.21254e-05
5.21237e-05
5.2122e-05
5.21203e-05
5.21187e-05
5.2117e-05
5.21153e-05
5.21136e-05
5.21119e-05
5.21103e-05
5.21086e-05
5.21069e-05
5.21053e-05
5.21036e-05
5.2102e-05
5.21003e-05
5.20986e-05
5.2097e-05
5.20954e-05
5.20937e-05
5.20921e-05
5.20904e-05
5.20888e-05
5.20872e-05
5.20855e-05
5.20839e-05
5.20823e-05
5.20807e-05
5.20791e-05
5.20774e-05
5.20758e-05
5.20742e-05
5.20726e-05
5.2071e-05
5.20694e-05
5.20678e-05
5.20662e-05
5.20646e-05
5.2063e-05
5.20615e-05
5.20599e-05
5.20583e-05
5.20567e-05
5.20551e-05
5.20536e-05
5.2052e-05
5.20504e-05
5.20489e-05
5.20473e-05
5.20457e-05
5.20442e-05
5.20426e-05
5.20411e-05
5.20395e-05
5.2038e-05
5.20364e-05
5.20349e-05
5.20334e-05
5.20318e-05
5.20303e-05
5.20288e-05
5.20272e-05
5.20257e-05
5.20242e-05
5.20227e-05
5.20212e-05
5.20196e-05
5.20181e-05
5.20166e-05
5.20151e-05
5.20136e-05
5.20121e-05
5.20106e-05
5.20091e-05
5.20076e-05
5.20061e-05
5.20047e-05
5.20032e-05
5.20017e-05
5.20002e-05
5.19987e-05
5.19973e-05
5.19958e-05
5.19943e-05
5.19928e-05
5.19914e-05
5.19899e-05
5.19885e-05
5.1987e-05
5.19856e-05
5.19841e-05
5.19827e-05
5.19812e-05
5.19798e-05
5.19783e-05
5.19769e-05
5.19754e-05
5.1974e-05
5.19726e-05
5.19711e-05
5.19697e-05
5.19683e-05
5.19669e-05
5.19655e-05
5.1964e-05
5.19626e-05
5.19612e-05
5.19598e-05
5.19584e-05
5.1957e-05
5.19556e-05
5.19542e-05
5.19528e-05
5.19514e-05
5.195e-05
5.19486e-05
5.19472e-05
5.19458e-05
5.19445e-05
5.19431e-05
5.19417e-05
5.19403e-05
5.1939e-05
5.19376e-05
5.19362e-05
5.19348e-05
5.19335e-05
5.19321e-05
5.19308e-05
5.19294e-05
5.19281e-05
5.19267e-05
5.19254e-05
5.1924e-05
5.19227e-05
5.19213e-05
5.192e-05
5.19186e-05
5.19173e-05
5.1916e-05
5.19146e-05
5.19133e-05
5.1912e-05
5.19107e-05
5.19093e-05
5.1908e-05
5.19067e-05
5.19054e-05
5.19041e-05
5.19028e-05
5.19015e-05
5.19002e-05
5.18988e-05
5.18975e-05
5.18962e-05
5.1895e-05
5.18937e-05
5.18924e-05
5.18911e-05
5.18898e-05
5.18885e-05
5.18872e-05
5.18859e-05
5.18847e-05
5.18834e-05
5.18821e-05
5.18808e-05
5.18796e-05
5.18783e-05
5.1877e-05
5.18758e-05
5.18745e-05
5.18733e-05
5.1872e-05
5.18707e-05
5.18695e-05
5.18682e-05
5.1867e-05
5.18657e-05
5.18645e-05
5.18633e-05
5.1862e-05
5.18608e-05
5.18595e-05
5.18583e-05
5.18571e-05
5.18559e-05
5.18546e-05
5.18534e-05
5.18522e-05
5.1851e-05
5.18497e-05
5.18485e-05
5.18473e-05
5.18461e-05
5.18449e-05
5.18437e-05
5.18425e-05
5.18413e-05
5.18401e-05
5.18389e-05
5.18377e-05
5.18365e-05
5.18353e-05
5.18341e-05
5.18329e-05
5.18317e-05
5.18305e-05
5.18294e-05
5.18282e-05
5.1827e-05
5.18258e-05
5.18246e-05
5.18235e-05
5.18223e-05
5.18211e-05
5.182e-05
5.18188e-05
5.18176e-05
5.18165e-05
5.18153e-05
5.18142e-05
5.1813e-05
5.18119e-05
5.18107e-05
5.18096e-05
5.18084e-05
5.18073e-05
5.18061e-05
5.1805e-05
5.18039e-05
5.18027e-05
5.18016e-05
5.18005e-05
5.17993e-05
5.17982e-05
5.17971e-05
5.17959e-05
5.17948e-05
5.17937e-05
5.17926e-05
5.17915e-05
5.17904e-05
5.17892e-05
5.17881e-05
5.1787e-05
5.17859e-05
5.17848e-05
5.17837e-05
5.17826e-05
5.17815e-05
5.17804e-05
5.17793e-05
5.17782e-05
5.17771e-05
5.1776e-05
5.17749e-05
5.17739e-05
5.17728e-05
5.17717e-05
5.17706e-05
5.17695e-05
5.17685e-05
5.17674e-05
5.17663e-05
5.17652e-05
5.17642e-05
5.17631e-05
5.1762e-05
5.1761e-05
5.17599e-05
5.17589e-05
5.17578e-05
5.17567e-05
5.17557e-05
5.17546e-05
5.17536e-05
5.17525e-05
5.17515e-05
5.17504e-05
5.17494e-05
5.17484e-05
5.17473e-05
5.17463e-05
5.17452e-05
5.17442e-05
5.17432e-05
5.17421e-05
5.17411e-05
5.17401e-05
5.17391e-05
5.1738e-05
5.1737e-05
5.1736e-05
5.1735e-05
5.1734e-05
5.17329e-05
5.17319e-05
5.17309e-05
5.17299e-05
5.17289e-05
5.17279e-05
5.17269e-05
5.17259e-05
5.17249e-05
5.17239e-05
5.17229e-05
5.17219e-05
5.17209e-05
5.17199e-05
5.17189e-05
5.17179e-05
5.1717e-05
5.1716e-05
5.1715e-05
5.1714e-05
5.1713e-05
5.1712e-05
5.17111e-05
5.17101e-05
5.17091e-05
5.17081e-05
5.17072e-05
5.17062e-05
5.17052e-05
5.17043e-05
5.17033e-05
5.17024e-05
5.17014e-05
5.17004e-05
5.16995e-05
5.16985e-05
5.16976e-05
5.16966e-05
5.16957e-05
5.16947e-05
5.16938e-05
5.16928e-05
5.16919e-05
5.16909e-05
5.169e-05
5.16891e-05
5.16881e-05
5.16872e-05
5.16863e-05
5.16853e-05
5.16844e-05
5.16835e-05
5.16825e-05
5.16816e-05
5.16807e-05
5.16798e-05
5.16788e-05
5.16779e-05
5.1677e-05
5.16761e-05
5.16752e-05
5.16743e-05
5.16734e-05
5.16724e-05
5.16715e-05
5.16706e-05
5.16697e-05
5.16688e-05
5.16679e-05
5.1667e-05
5.16661e-05
5.16652e-05
5.16643e-05
5.16634e-05
5.16625e-05
5.16617e-05
5.16608e-05
5.16599e-05
5.1659e-05
5.16581e-05
5.16572e-05
5.16563e-05
5.16555e-05
5.16546e-05
5.16537e-05
5.16528e-05
5.1652e-05
5.16511e-05
5.16502e-05
5.16493e-05
5.16485e-05
5.16476e-05
5.16467e-05
5.16459e-05
5.1645e-05
5.16442e-05
5.16433e-05
5.16424e-05
5.16416e-05
5.16407e-05
5.16399e-05
5.1639e-05
5.16382e-05
5.16373e-05
5.16365e-05
5.16356e-05
5.16348e-05
5.1634e-05
5.16331e-05
5.16323e-05
5.16314e-05
5.16306e-05
5.16298e-05
5.16289e-05
5.16281e-05
5.16273e-05
5.16264e-05
5.16256e-05
5.16248e-05
5.1624e-05
5.16231e-05
5.16223e-05
5.16215e-05
5.16207e-05
5.16198e-05
5.1619e-05
5.16182e-05
5.16174e-05
5.16166e-05
5.16158e-05
5.1615e-05
5.16142e-05
5.16134e-05
5.16125e-05
5.16117e-05
5.16109e-05
5.16101e-05
5.16093e-05
5.16085e-05
5.16077e-05
5.16069e-05
5.16062e-05
5.16054e-05
5.16046e-05
5.16038e-05
5.1603e-05
5.16022e-05
5.16014e-05
5.16006e-05
5.15999e-05
5.15991e-05
5.15983e-05
5.15975e-05
5.15967e-05
5.1596e-05
5.15952e-05
5.15944e-05
5.15936e-05
5.15929e-05
5.15921e-05
5.15913e-05
5.15906e-05
5.15898e-05
5.1589e-05
5.15883e-05
5.15875e-05
5.15867e-05
5.1586e-05
5.15852e-05
5.15845e-05
5.15837e-05
5.1583e-05
5.15822e-05
5.15815e-05
5.15807e-05
5.158e-05
5.15792e-05
5.15785e-05
5.15777e-05
5.1577e-05
5.15762e-05
5.15755e-05
5.15747e-05
5.1574e-05
5.15733e-05
5.15725e-05
5.15718e-05
5.15711e-05
5.15703e-05
5.15696e-05
5.15689e-05
5.15681e-05
5.15674e-05
5.15667e-05
5.1566e-05
5.15652e-05
5.15645e-05
5.15638e-05
5.15631e-05
5.15624e-05
5.15617e-05
5.15609e-05
5.15602e-05
5.15595e-05
5.15588e-05
5.15581e-05
5.15574e-05
5.15567e-05
5.1556e-05
5.15553e-05
5.15546e-05
5.15538e-05
5.15531e-05
5.15524e-05
5.15517e-05
5.1551e-05
5.15503e-05
5.15497e-05
5.1549e-05
5.15483e-05
5.15476e-05
5.15469e-05
5.15462e-05
5.15455e-05
5.15448e-05
5.15441e-05
5.15434e-05
5.15428e-05
5.15421e-05
5.15414e-05
5.15407e-05
5.154e-05
5.15394e-05
5.15387e-05
5.1538e-05
5.15373e-05
5.15367e-05
5.1536e-05
5.15353e-05
5.15346e-05
5.1534e-05
5.15333e-05
5.15326e-05
5.1532e-05
5.15313e-05
5.15306e-05
5.153e-05
5.15293e-05
5.15287e-05
5.1528e-05
5.15273e-05
5.15267e-05
5.1526e-05
5.15254e-05
5.15247e-05
5.15241e-05
5.15234e-05
5.15228e-05
5.15221e-05
5.15215e-05
5.15208e-05
5.15202e-05
5.15195e-05
5.15189e-05
5.15183e-05
5.15176e-05
5.1517e-05
5.15163e-05
5.15157e-05
5.15151e-05
5.15144e-05
5.15138e-05
5.15132e-05
5.15125e-05
5.15119e-05
5.15113e-05
5.15107e-05
5.151e-05
5.15094e-05
5.15088e-05
5.15082e-05
5.15075e-05
5.15069e-05
5.15063e-05
5.15057e-05
5.1505e-05
5.15044e-05
5.15038e-05
5.15032e-05
5.15026e-05
5.1502e-05
5.15014e-05
5.15007e-05
5.15001e-05
5.14995e-05
5.14989e-05
5.14983e-05
5.14977e-05
5.14971e-05
5.14965e-05
5.14959e-05
5.14953e-05
5.14947e-05
5.14941e-05
5.14935e-05
5.14929e-05
5.14923e-05
5.14917e-05
5.14911e-05
5.14905e-05
5.14899e-05
5.14893e-05
5.14887e-05
5.14882e-05
5.14876e-05
5.1487e-05
5.14864e-05
5.14858e-05
5.14852e-05
5.14846e-05
5.14841e-05
5.14835e-05
5.14829e-05
5.14823e-05
5.14817e-05
5.14812e-05
5.14806e-05
5.148e-05
5.14794e-05
5.14789e-05
5.14783e-05
5.14777e-05
5.14772e-05
5.14766e-05
5.1476e-05
5.14755e-05
5.14749e-05
5.14743e-05
5.14738e-05
5.14732e-05
5.14726e-05
5.14721e-05
5.14715e-05
5.14709e-05
5.14704e-05
5.14698e-05
5.14693e-05
5.14687e-05
5.14682e-05
5.14676e-05
5.14671e-05
5.14665e-05
5.1466e-05
5.14654e-05
5.14649e-05
5.14643e-05
5.14638e-05
5.14632e-05
5.14627e-05
5.14621e-05
5.14616e-05
5.1461e-05
5.14605e-05
5.146e-05
5.14594e-05
5.14589e-05
5.14583e-05
5.14578e-05
5.14573e-05
5.14567e-05
5.14562e-05
5.14557e-05
5.14551e-05
5.14546e-05
5.14541e-05
5.14536e-05
5.1453e-05
5.14525e-05
5.1452e-05
5.14514e-05
5.14509e-05
5.14504e-05
5.14499e-05
5.14494e-05
5.14488e-05
5.14483e-05
5.14478e-05
5.14473e-05
5.14468e-05
5.14462e-05
5.14457e-05
5.14452e-05
5.14447e-05
5.14442e-05
5.14437e-05
5.14432e-05
5.14427e-05
5.14421e-05
5.14416e-05
5.14411e-05
5.14406e-05
5.14401e-05
5.14396e-05
5.14391e-05
5.14386e-05
5.14381e-05
5.14376e-05
5.14371e-05
5.14366e-05
5.14361e-05
5.14356e-05
5.14351e-05
5.14346e-05
5.14341e-05
5.14336e-05
5.14331e-05
5.14326e-05
5.14321e-05
5.14317e-05
5.14312e-05
5.14307e-05
5.14302e-05
5.14297e-05
5.14292e-05
5.14287e-05
5.14282e-05
5.14278e-05
5.14273e-05
5.14268e-05
5.14263e-05
5.14258e-05
5.14253e-05
5.14249e-05
5.14244e-05
5.14239e-05
5.14234e-05
5.1423e-05
5.14225e-05
5.1422e-05
5.14215e-05
5.14211e-05
5.14206e-05
5.14201e-05
5.14196e-05
5.14192e-05
5.14187e-05
5.14182e-05
5.14178e-05
5.14173e-05
5.14168e-05
5.14164e-05
5.14159e-05
5.14155e-05
5.1415e-05
5.14145e-05
5.14141e-05
5.14136e-05
5.14131e-05
5.14127e-05
5.14122e-05
5.14118e-05
5.14113e-05
5.14109e-05
5.14104e-05
5.141e-05
5.14095e-05
5.14091e-05
5.14086e-05
5.14082e-05
5.14077e-05
5.14073e-05
5.14068e-05
5.14064e-05
5.14059e-05
5.14055e-05
5.1405e-05
5.14046e-05
5.14041e-05
5.14037e-05
5.14033e-05
5.14028e-05
5.14024e-05
5.14019e-05
5.14015e-05
5.14011e-05
5.14006e-05
5.14002e-05
5.13997e-05
5.13993e-05
5.13989e-05
5.13984e-05
5.1398e-05
5.13976e-05
5.13971e-05
5.13967e-05
5.13963e-05
5.13959e-05
5.13954e-05
5.1395e-05
5.13946e-05
5.13942e-05
5.13937e-05
5.13933e-05
5.13929e-05
5.13925e-05
5.1392e-05
5.13916e-05
5.13912e-05
5.13908e-05
5.13903e-05
5.13899e-05
5.13895e-05
5.13891e-05
5.13887e-05
5.13883e-05
5.13878e-05
5.13874e-05
5.1387e-05
5.13866e-05
5.13862e-05
5.13858e-05
5.13854e-05
5.1385e-05
5.13846e-05
5.13841e-05
5.13837e-05
5.13833e-05
5.13829e-05
5.13825e-05
5.13821e-05
5.13817e-05
5.13813e-05
5.13809e-05
5.13805e-05
5.13801e-05
5.13797e-05
5.13793e-05
5.13789e-05
5.13785e-05
5.13781e-05
5.13777e-05
5.13773e-05
5.13769e-05
5.13765e-05
5.13761e-05
5.13757e-05
5.13753e-05
5.13749e-05
5.13746e-05
5.13742e-05
5.13738e-05
5.13734e-05
5.1373e-05
5.13726e-05
5.13722e-05
5.13718e-05
5.13714e-05
5.13711e-05
5.13707e-05
5.13703e-05
5.13699e-05
5.13695e-05
5.13691e-05
5.13688e-05
5.13684e-05
5.1368e-05
5.13676e-05
5.13672e-05
5.13669e-05
5.13665e-05
5.13661e-05
5.13657e-05
5.13653e-05
5.1365e-05
5.13646e-05
5.13642e-05
5.13638e-05
5.13635e-05
5.13631e-05
5.13627e-05
5.13624e-05
5.1362e-05
5.13616e-05
5.13613e-05
5.13609e-05
5.13605e-05
5.13601e-05
5.13598e-05
5.13594e-05
5.13591e-05
5.13587e-05
5.13583e-05
5.1358e-05
5.13576e-05
5.13572e-05
5.13569e-05
5.13565e-05
5.13562e-05
5.13558e-05
5.13554e-05
5.13551e-05
5.13547e-05
5.13544e-05
5.1354e-05
5.13537e-05
5.13533e-05
5.13529e-05
5.13526e-05
5.13522e-05
5.13519e-05
5.13515e-05
5.13512e-05
5.13508e-05
5.13505e-05
5.13501e-05
5.13498e-05
5.13494e-05
5.13491e-05
5.13487e-05
5.13484e-05
5.1348e-05
5.13477e-05
5.13474e-05
5.1347e-05
5.13467e-05
5.13463e-05
5.1346e-05
5.13456e-05
5.13453e-05
5.1345e-05
5.13446e-05
5.13443e-05
5.13439e-05
5.13436e-05
5.13433e-05
5.13429e-05
5.13426e-05
5.13423e-05
5.13419e-05
5.13416e-05
5.13412e-05
5.13409e-05
5.13406e-05
5.13403e-05
5.13399e-05
5.13396e-05
5.13393e-05
5.13389e-05
5.13386e-05
5.13383e-05
5.13379e-05
5.13376e-05
5.13373e-05
5.1337e-05
5.13366e-05
5.13363e-05
5.1336e-05
5.13357e-05
5.13353e-05
5.1335e-05
5.13347e-05
5.13344e-05
5.1334e-05
5.13337e-05
5.13334e-05
5.13331e-05
5.13328e-05
5.13324e-05
5.13321e-05
5.13318e-05
5.13315e-05
5.13312e-05
5.13309e-05
5.13305e-05
5.13302e-05
5.13299e-05
5.13296e-05
5.13293e-05
5.1329e-05
5.13287e-05
5.13283e-05
5.1328e-05
5.13277e-05
5.13274e-05
5.13271e-05
5.13268e-05
5.13265e-05
5.13262e-05
5.13259e-05
5.13256e-05
5.13253e-05
5.1325e-05
5.13246e-05
5.13243e-05
5.1324e-05
5.13237e-05
5.13234e-05
5.13231e-05
5.13228e-05
5.13225e-05
5.13222e-05
5.13219e-05
5.13216e-05
5.13213e-05
5.1321e-05
5.13207e-05
5.13204e-05
5.13201e-05
5.13198e-05
5.13195e-05
5.13192e-05
5.13189e-05
5.13186e-05
5.13184e-05
5.13181e-05
5.13178e-05
5.13175e-05
5.13172e-05
5.13169e-05
5.13166e-05
5.13163e-05
5.1316e-05
5.13157e-05
5.13154e-05
5.13151e-05
5.13149e-05
5.13146e-05
5.13143e-05
5.1314e-05
5.13137e-05
5.13134e-05
5.13131e-05
5.13129e-05
5.13126e-05
5.13123e-05
5.1312e-05
5.13117e-05
5.13114e-05
5.13112e-05
5.13109e-05
5.13106e-05
5.13103e-05
5.131e-05
5.13098e-05
5.13095e-05
5.13092e-05
5.13089e-05
5.13086e-05
5.13084e-05
5.13081e-05
5.13078e-05
5.13075e-05
5.13073e-05
5.1307e-05
5.13067e-05
5.13064e-05
5.13062e-05
5.13059e-05
5.13056e-05
5.13053e-05
5.13051e-05
5.13048e-05
5.13045e-05
5.13043e-05
5.1304e-05
5.13037e-05
5.13035e-05
5.13032e-05
5.13029e-05
5.13027e-05
5.13024e-05
5.13021e-05
5.13019e-05
5.13016e-05
5.13013e-05
5.13011e-05
5.13008e-05
5.13005e-05
5.13003e-05
5.13e-05
5.12997e-05
5.12995e-05
5.12992e-05
5.1299e-05
5.12987e-05
5.12984e-05
5.12982e-05
5.12979e-05
5.12977e-05
5.12974e-05
5.12971e-05
5.12969e-05
5.12966e-05
5.12964e-05
5.12961e-05
5.12959e-05
5.12956e-05
5.12954e-05
5.12951e-05
5.12948e-05
5.12946e-05
5.12943e-05
5.12941e-05
5.12938e-05
5.12936e-05
5.12933e-05
5.12931e-05
5.12928e-05
5.12926e-05
5.12923e-05
5.12921e-05
5.12918e-05
5.12916e-05
5.12913e-05
5.12911e-05
5.12908e-05
5.12906e-05
5.12904e-05
5.12901e-05
5.12899e-05
5.12896e-05
5.12894e-05
5.12891e-05
5.12889e-05
5.12886e-05
5.12884e-05
5.12882e-05
5.12879e-05
5.12877e-05
5.12874e-05
5.12872e-05
5.1287e-05
5.12867e-05
5.12865e-05
5.12862e-05
5.1286e-05
5.12858e-05
5.12855e-05
5.12853e-05
5.1285e-05
5.12848e-05
5.12846e-05
5.12843e-05
5.12841e-05
5.12839e-05
5.12836e-05
5.12834e-05
5.12832e-05
5.12829e-05
5.12827e-05
5.12825e-05
5.12822e-05
5.1282e-05
5.12818e-05
5.12815e-05
5.12813e-05
5.12811e-05
5.12809e-05
5.12806e-05
5.12804e-05
5.12802e-05
5.12799e-05
5.12797e-05
5.12795e-05
5.12793e-05
5.1279e-05
5.12788e-05
5.12786e-05
5.12784e-05
5.12781e-05
5.12779e-05
5.12777e-05
5.12775e-05
5.12772e-05
5.1277e-05
5.12768e-05
5.12766e-05
5.12763e-05
5.12761e-05
5.12759e-05
5.12757e-05
5.12755e-05
5.12752e-05
5.1275e-05
5.12748e-05
5.12746e-05
5.12744e-05
5.12741e-05
5.12739e-05
5.12737e-05
5.12735e-05
5.12733e-05
5.12731e-05
5.12728e-05
5.12726e-05
5.12724e-05
5.12722e-05
5.1272e-05
5.12718e-05
5.12716e-05
5.12713e-05
5.12711e-05
5.12709e-05
5.12707e-05
5.12705e-05
5.12703e-05
5.12701e-05
5.12699e-05
5.12697e-05
5.12694e-05
5.12692e-05
5.1269e-05
5.12688e-05
5.12686e-05
5.12684e-05
5.12682e-05
5.1268e-05
5.12678e-05
5.12676e-05
5.12674e-05
5.12672e-05
5.1267e-05
5.12668e-05
5.12665e-05
5.12663e-05
5.12661e-05
5.12659e-05
5.12657e-05
5.12655e-05
5.12653e-05
5.12651e-05
5.12649e-05
5.12647e-05
5.12645e-05
5.12643e-05
5.12641e-05
5.12639e-05
5.12637e-05
5.12635e-05
5.12633e-05
5.12631e-05
5.12629e-05
5.12627e-05
5.12625e-05
5.12623e-05
5.12621e-05
5.12619e-05
5.12617e-05
5.12615e-05
5.12613e-05
5.12612e-05
5.1261e-05
5.12608e-05
5.12606e-05
5.12604e-05
5.12602e-05
5.126e-05
5.12598e-05
5.12596e-05
5.12594e-05
5.12592e-05
5.1259e-05
5.12588e-05
5.12586e-05
5.12584e-05
5.12583e-05
5.12581e-05
5.12579e-05
5.12577e-05
5.12575e-05
5.12573e-05
5.12571e-05
5.12569e-05
5.12567e-05
5.12566e-05
5.12564e-05
5.12562e-05
5.1256e-05
5.12558e-05
5.12556e-05
5.12554e-05
5.12553e-05
5.12551e-05
5.12549e-05
5.12547e-05
5.12545e-05
5.12543e-05
5.12542e-05
5.1254e-05
5.12538e-05
5.12536e-05
5.12534e-05
5.12532e-05
5.12531e-05
5.12529e-05
5.12527e-05
5.12525e-05
5.12523e-05
5.12522e-05
5.1252e-05
5.12518e-05
5.12516e-05
5.12514e-05
5.12513e-05
5.12511e-05
5.12509e-05
5.12507e-05
5.12505e-05
5.12504e-05
5.12502e-05
5.125e-05
5.12498e-05
5.12497e-05
5.12495e-05
5.12493e-05
5.12491e-05
5.1249e-05
5.12488e-05
5.12486e-05
5.12484e-05
5.12483e-05
5.12481e-05
5.12479e-05
5.12478e-05
5.12476e-05
5.12474e-05
5.12472e-05
5.12471e-05
5.12469e-05
5.12467e-05
5.12466e-05
5.12464e-05
5.12462e-05
5.1246e-05
5.12459e-05
5.12457e-05
5.12455e-05
5.12454e-05
5.12452e-05
5.1245e-05
5.12449e-05
5.12447e-05
5.12445e-05
5.12444e-05
5.12442e-05
5.1244e-05
5.12439e-05
5.12437e-05
5.12435e-05
5.12434e-05
5.12432e-05
5.1243e-05
5.12429e-05
5.12427e-05
5.12426e-05
5.12424e-05
5.12422e-05
5.12421e-05
5.12419e-05
5.12417e-05
5.12416e-05
5.12414e-05
5.12413e-05
5.12411e-05
5.12409e-05
5.12408e-05
5.12406e-05
5.12405e-05
5.12403e-05
5.12401e-05
5.124e-05
5.12398e-05
5.12397e-05
5.12395e-05
5.12393e-05
5.12392e-05
5.1239e-05
5.12389e-05
5.12387e-05
5.12386e-05
5.12384e-05
5.12383e-05
5.12381e-05
5.12379e-05
5.12378e-05
5.12376e-05
5.12375e-05
5.12373e-05
5.12372e-05
5.1237e-05
5.12369e-05
5.12367e-05
5.12366e-05
5.12364e-05
5.12362e-05
5.12361e-05
5.12359e-05
5.12358e-05
5.12356e-05
5.12355e-05
5.12353e-05
5.12352e-05
5.1235e-05
5.12349e-05
5.12347e-05
5.12346e-05
5.12344e-05
5.12343e-05
5.12341e-05
5.1234e-05
5.12338e-05
5.12337e-05
5.12335e-05
5.12334e-05
5.12333e-05
5.12331e-05
5.1233e-05
5.12328e-05
5.12327e-05
5.12325e-05
5.12324e-05
5.12322e-05
5.12321e-05
5.12319e-05
5.12318e-05
5.12317e-05
5.12315e-05
5.12314e-05
5.12312e-05
5.12311e-05
5.12309e-05
5.12308e-05
5.12306e-05
5.12305e-05
5.12304e-05
5.12302e-05
5.12301e-05
5.12299e-05
5.12298e-05
5.12297e-05
5.12295e-05
5.12294e-05
5.12292e-05
5.12291e-05
5.1229e-05
5.12288e-05
5.12287e-05
5.12285e-05
5.12284e-05
5.12283e-05
5.12281e-05
5.1228e-05
5.12278e-05
5.12277e-05
5.12276e-05
5.12274e-05
5.12273e-05
5.12272e-05
5.1227e-05
5.12269e-05
5.12267e-05
5.12266e-05
5.12265e-05
5.12263e-05
5.12262e-05
5.12261e-05
5.12259e-05
5.12258e-05
5.12257e-05
5.12255e-05
5.12254e-05
5.12253e-05
5.12251e-05
5.1225e-05
5.12249e-05
5.12247e-05
5.12246e-05
5.12245e-05
5.12243e-05
5.12242e-05
5.12241e-05
5.12239e-05
5.12238e-05
5.12237e-05
5.12235e-05
5.12234e-05
5.12233e-05
5.12232e-05
5.1223e-05
5.12229e-05
5.12228e-05
5.12226e-05
5.12225e-05
5.12224e-05
5.12223e-05
5.12221e-05
5.1222e-05
5.12219e-05
5.12217e-05
5.12216e-05
5.12215e-05
5.12214e-05
5.12212e-05
5.12211e-05
5.1221e-05
5.12209e-05
5.12207e-05
5.12206e-05
5.12205e-05
5.12204e-05
5.12202e-05
5.12201e-05
5.122e-05
5.12199e-05
5.12197e-05
5.12196e-05
5.12195e-05
5.12194e-05
5.12192e-05
5.12191e-05
5.1219e-05
5.12189e-05
5.12187e-05
5.12186e-05
5.12185e-05
5.12184e-05
5.12183e-05
5.12181e-05
5.1218e-05
5.12179e-05
5.12178e-05
5.12177e-05
5.12175e-05
5.12174e-05
5.12173e-05
5.12172e-05
5.12171e-05
5.12169e-05
5.12168e-05
5.12167e-05
5.12166e-05
5.12165e-05
5.12163e-05
5.12162e-05
5.12161e-05
5.1216e-05
5.12159e-05
5.12158e-05
5.12156e-05
5.12155e-05
5.12154e-05
5.12153e-05
5.12152e-05
5.12151e-05
5.12149e-05
5.12148e-05
5.12147e-05
5.12146e-05
5.12145e-05
5.12144e-05
5.12143e-05
5.12141e-05
5.1214e-05
5.12139e-05
5.12138e-05
5.12137e-05
5.12136e-05
5.12135e-05
5.12133e-05
5.12132e-05
5.12131e-05
5.1213e-05
5.12129e-05
5.12128e-05
5.12127e-05
5.12126e-05
5.12124e-05
5.12123e-05
5.12122e-05
5.12121e-05
5.1212e-05
5.12119e-05
5.12118e-05
5.12117e-05
5.12116e-05
5.12114e-05
5.12113e-05
5.12112e-05
5.12111e-05
5.1211e-05
5.12109e-05
5.12108e-05
5.12107e-05
5.12106e-05
5.12105e-05
5.12104e-05
5.12103e-05
5.12101e-05
5.121e-05
5.12099e-05
5.12098e-05
5.12097e-05
5.12096e-05
5.12095e-05
5.12094e-05
5.12093e-05
5.12092e-05
5.12091e-05
5.1209e-05
5.12089e-05
5.12088e-05
5.12087e-05
5.12086e-05
5.12085e-05
5.12083e-05
5.12082e-05
5.12081e-05
5.1208e-05
5.12079e-05
5.12078e-05
5.12077e-05
5.12076e-05
5.12075e-05
5.12074e-05
5.12073e-05
5.12072e-05
5.12071e-05
5.1207e-05
5.12069e-05
5.12068e-05
5.12067e-05
5.12066e-05
5.12065e-05
5.12064e-05
5.12063e-05
5.12062e-05
5.12061e-05
5.1206e-05
5.12059e-05
5.12058e-05
5.12057e-05
5.12056e-05
5.12055e-05
5.12054e-05
5.12053e-05
5.12052e-05
5.12051e-05
5.1205e-05
5.12049e-05
5.12048e-05
5.12047e-05
5.12046e-05
5.12045e-05
5.12044e-05
5.12043e-05
5.12042e-05
5.12041e-05
5.1204e-05
5.12039e-05
5.12038e-05
5.12037e-05
5.12036e-05
5.12035e-05
5.12034e-05
5.12033e-05
5.12032e-05
5.12032e-05
5.12031e-05
5.1203e-05
5.12029e-05
5.12028e-05
5.12027e-05
5.12026e-05
5.12025e-05
5.12024e-05
5.12023e-05
5.12022e-05
5.12021e-05
5.1202e-05
5.12019e-05
5.12018e-05
5.12017e-05
5.12016e-05
5.12016e-05
5.12015e-05
5.12014e-05
5.12013e-05
5.12012e-05
5.12011e-05
5.1201e-05
5.12009e-05
5.12008e-05
5.12007e-05
5.12006e-05
5.12005e-05
5.12005e-05
5.12004e-05
5.12003e-05
5.12002e-05
5.12001e-05
5.12e-05
5.11999e-05
5.11998e-05
5.11997e-05
5.11996e-05
5.11996e-05
5.11995e-05
5.11994e-05
5.11993e-05
5.11992e-05
5.11991e-05
5.1199e-05
5.11989e-05
5.11988e-05
5.11988e-05
5.11987e-05
5.11986e-05
5.11985e-05
5.11984e-05
5.11983e-05
5.11982e-05
5.11981e-05
5.11981e-05
5.1198e-05
5.11979e-05
5.11978e-05
5.11977e-05
5.11976e-05
5.11975e-05
5.11975e-05
5.11974e-05
5.11973e-05
5.11972e-05
5.11971e-05
5.1197e-05
5.11969e-05
5.11969e-05
5.11968e-05
5.11967e-05
5.11966e-05
5.11965e-05
5.11964e-05
5.11963e-05
5.11963e-05
5.11962e-05
5.11961e-05
5.1196e-05
5.11959e-05
5.11958e-05
5.11958e-05
5.11957e-05
5.11956e-05
5.11955e-05
5.11954e-05
5.11954e-05
5.11953e-05
5.11952e-05
5.11951e-05
5.1195e-05
5.11949e-05
5.11949e-05
5.11948e-05
5.11947e-05
5.11946e-05
5.11945e-05
5.11945e-05
5.11944e-05
5.11943e-05
5.11942e-05
5.11941e-05
5.11941e-05
5.1194e-05
5.11939e-05
5.11938e-05
5.11937e-05
5.11937e-05
5.11936e-05
5.11935e-05
5.11934e-05
5.11933e-05
5.11933e-05
5.11932e-05
5.11931e-05
5.1193e-05
5.1193e-05
5.11929e-05
5.11928e-05
5.11927e-05
5.11926e-05
5.11926e-05
5.11925e-05
5.11924e-05
5.11923e-05
5.11923e-05
5.11922e-05
5.11921e-05
5.1192e-05
5.11919e-05
5.11919e-05
5.11918e-05
5.11917e-05
5.11916e-05
5.11916e-05
5.11915e-05
5.11914e-05
5.11913e-05
5.11913e-05
5.11912e-05
5.11911e-05
5.1191e-05
5.1191e-05
5.11909e-05
5.11908e-05
5.11907e-05
5.11907e-05
5.11906e-05
5.11905e-05
5.11904e-05
5.11904e-05
5.11903e-05
5.11902e-05
5.11902e-05
5.11901e-05
5.119e-05
5.11899e-05
5.11899e-05
5.11898e-05
5.11897e-05
5.11896e-05
5.11896e-05
5.11895e-05
5.11894e-05
5.11894e-05
5.11893e-05
5.11892e-05
5.11891e-05
5.11891e-05
5.1189e-05
5.11889e-05
5.11889e-05
5.11888e-05
5.11887e-05
5.11886e-05
5.11886e-05
5.11885e-05
5.11884e-05
5.11884e-05
5.11883e-05
5.11882e-05
5.11882e-05
5.11881e-05
5.1188e-05
5.11879e-05
5.11879e-05
5.11878e-05
5.11877e-05
5.11877e-05
5.11876e-05
5.11875e-05
5.11875e-05
5.11874e-05
5.11873e-05
5.11873e-05
5.11872e-05
5.11871e-05
5.1187e-05
5.1187e-05
5.11869e-05
5.11868e-05
5.11868e-05
5.11867e-05
5.11866e-05
5.11866e-05
5.11865e-05
5.11864e-05
5.11864e-05
5.11863e-05
5.11862e-05
5.11862e-05
5.11861e-05
5.1186e-05
5.1186e-05
5.11859e-05
5.11858e-05
5.11858e-05
5.11857e-05
5.11856e-05
5.11856e-05
5.11855e-05
5.11854e-05
5.11854e-05
5.11853e-05
5.11853e-05
5.11852e-05
5.11851e-05
5.11851e-05
5.1185e-05
5.11849e-05
5.11849e-05
5.11848e-05
5.11847e-05
5.11847e-05
5.11846e-05
5.11845e-05
5.11845e-05
5.11844e-05
5.11844e-05
5.11843e-05
5.11842e-05
5.11842e-05
5.11841e-05
5.1184e-05
5.1184e-05
5.11839e-05
5.11839e-05
5.11838e-05
5.11837e-05
5.11837e-05
5.11836e-05
5.11835e-05
5.11835e-05
5.11834e-05
5.11834e-05
5.11833e-05
5.11832e-05
5.11832e-05
5.11831e-05
5.1183e-05
5.1183e-05
5.11829e-05
5.11829e-05
5.11828e-05
5.11827e-05
5.11827e-05
5.11826e-05
5.11826e-05
5.11825e-05
5.11824e-05
5.11824e-05
5.11823e-05
5.11823e-05
5.11822e-05
5.11821e-05
5.11821e-05
5.1182e-05
5.1182e-05
5.11819e-05
5.11818e-05
5.11818e-05
5.11817e-05
5.11817e-05
5.11816e-05
5.11815e-05
5.11815e-05
5.11814e-05
5.11814e-05
5.11813e-05
5.11813e-05
5.11812e-05
5.11811e-05
5.11811e-05
5.1181e-05
5.1181e-05
5.11809e-05
5.11809e-05
5.11808e-05
5.11807e-05
5.11807e-05
5.11806e-05
5.11806e-05
5.11805e-05
5.11805e-05
5.11804e-05
5.11803e-05
5.11803e-05
5.11802e-05
5.11802e-05
5.11801e-05
5.11801e-05
5.118e-05
5.11799e-05
5.11799e-05
5.11798e-05
5.11798e-05
5.11797e-05
5.11797e-05

