5e-05
5e-05
5e-05
5e-05
5e-05
5e-05
5e-05
5e-05
5e-05
5e-05
5e-05
5e-05
5e-05
5e-05
5e-05
5e-05
5e-05
5e-05
5e-05
5e-05
5e-05
5e-05
5e-05
5e-05
5e-05
5e-05
5e-05
5e-05
5e-05
5e-05
5e-05
5e-05
5e-05
5e-05
5e-05
5e-05
5e-05
5e-05
5e-05
5e-05
5e-05
5e-05
5e-05
5e-05
5e-05
5e-05
5e-05
5e-05
5e-05
5e-05
5e-05
5e-05
5e-05
5e-05
5e-05
5e-05
5e-05
5e-05
5e-05
5e-05
5e-05
5e-05
5e-05
5e-05
5e-05
5e-05
5e-05
5e-05
5e-05
5e-05
5e-05
5e-05
5e-05
5e-05
5e-05
5e-05
5e-05
5e-05
5e-05
5e-05
5e-05
5e-05
5e-05
5e-05
5e-05
5e-05
5e-05
5e-05
5e-05
5e-05
5e-05
5e-05
5e-05
5e-05
5e-05
5e-05
5e-05
5e-05
5e-05
5e-05
5e-05
5e-05
5e-05
5e-05
5e-05
5e-05
5e-05
5e-05
5e-05
5e-05
5e-05
5e-05
5e-05
5e-05
5e-05
5e-05
5e-05
5e-05
5e-05
5e-05
5e-05
5e-05
5e-05
5e-05
5e-05
5e-05
5e-05
5e-05
5e-05
5e-05
5e-05
5e-05
5e-05
5e-05
5e-05
5e-05
5e-05
5e-05
5e-05
5e-05
5e-05
5e-05
5e-05
5e-05
5e-05
5e-05
5e-05
5e-05
5e-05
5e-05
5e-05
5e-05
5e-05
5e-05
5e-05
5e-05
5e-05
5e-05
5e-05
5e-05
5e-05
5e-05
5e-05
5e-05
5e-05
5e-05
5e-05
5e-05
5e-05
5e-05
5e-05
5e-05
5e-05
5e-05
5e-05
5e-05
5e-05
5e-05
5e-05
5e-05
5e-05
5e-05
5e-05
5e-05
5e-05
5e-05
5e-05
5e-05
5e-05
5e-05
5e-05
5e-05
5e-05
5e-05
5e-05
5e-05
5e-05
5e-05
5e-05
5e-05
5e-05
5e-05
5e-05
5e-05
5e-05
5e-05
5e-05
5e-05
5e-05
5e-05
5e-05
5e-05
5e-05
5e-05
5e-05
5e-05
5e-05
5e-05
5e-05
5e-05
5e-05
5e-05
5e-05
5e-05
5e-05
5e-05
5e-05
5e-05
5e-05
5e-05
5e-05
5e-05
5e-05
5e-05
5e-05
5e-05
5e-05
5e-05
5e-05
5e-05
5e-05
5e-05
5e-05
5e-05
5e-05
5e-05
5e-05
5e-05
5e-05
5e-05
5e-05
5e-05
5e-05
5e-05
5e-05
5e-05
5e-05
5e-05
5e-05
5e-05
5e-05
5e-05
5e-05
5e-05
5e-05
5e-05
5e-05
5e-05
5e-05
5e-05
5e-05
5e-05
5e-05
5e-05
5e-05
5e-05
5e-05
5e-05
5e-05
5e-05
5e-05
5e-05
5e-05
5e-05
5e-05
5e-05
5e-05
5e-05
5e-05
5e-05
5e-05
5e-05
5e-05
5e-05
5e-05
5e-05
5e-05
5e-05
5e-05
5e-05
5e-05
5e-05
5e-05
5e-05
5e-05
5e-05
5e-05
5e-05
5e-05
5e-05
5e-05
5e-05
5e-05
5e-05
5e-05
5e-05
5e-05
5e-05
5e-05
5e-05
5e-05
5e-05
5e-05
5e-05
5e-05
5e-05
5e-05
5e-05
5e-05
5e-05
5e-05
5e-05
5e-05
5e-05
5e-05
5e-05
5e-05
5e-05
5e-05
5e-05
5e-05
5e-05
5e-05
5e-05
5e-05
5e-05
5e-05
5e-05
5e-05
5e-05
5e-05
5e-05
5e-05
5e-05
5e-05
5e-05
5e-05
5e-05
5e-05
5e-05
5e-05
5e-05
5e-05
5e-05
5e-05
5e-05
5e-05
5e-05
5e-05
5e-05
5e-05
5e-05
5e-05
5e-05
5e-05
5e-05
5e-05
5e-05
5e-05
5e-05
5e-05
5e-05
5e-05
5e-05
5e-05
5e-05
5e-05
5e-05
5e-05
5e-05
5e-05
5e-05
5e-05
5e-05
5e-05
5e-05
5e-05
5e-05
5e-05
5e-05
5e-05
5e-05
5e-05
5e-05
5e-05
5e-05
5e-05
5e-05
5e-05
5e-05
5e-05
5e-05
5e-05
5e-05
5e-05
5e-05
5e-05
5e-05
5e-05
5e-05
5e-05
5e-05
5e-05
5e-05
5e-05
5e-05
5e-05
5e-05
5e-05
5e-05
5e-05
5e-05
5e-05
5e-05
5e-05
5e-05
5e-05
5e-05
5e-05
5e-05
5e-05
5e-05
5e-05
5e-05
5e-05
5e-05
5e-05
5e-05
5e-05
5e-05
5e-05
5e-05
5e-05
5e-05
5e-05
5e-05
5e-05
5e-05
5e-05
5e-05
5e-05
5e-05
5e-05
5e-05
5e-05
5e-05
5e-05
5e-05
5e-05
5e-05
5e-05
5e-05
5e-05
5e-05
5e-05
5e-05
5e-05
5e-05
5e-05
5e-05
5e-05
5e-05
5e-05
5e-05
5e-05
5e-05
5e-05
5e-05
5e-05
5e-05
5e-05
5e-05
5e-05
5e-05
5e-05
5e-05
5e-05
5e-05
5e-05
5e-05
5e-05
5e-05
5e-05
5e-05
5e-05
5e-05
5e-05
5e-05
5e-05
5e-05
5e-05
5e-05
5e-05
5e-05
5e-05
5e-05
5e-05
5e-05
5e-05
5e-05
5e-05
5e-05
5e-05
5e-05
5e-05
5e-05
5e-05
5e-05
5e-05
5e-05
5e-05
5e-05
5e-05
5e-05
5e-05
5e-05
5e-05
5e-05
5e-05
5e-05
5e-05
5e-05
5e-05
5e-05
5e-05
5e-05
5e-05
5e-05
5e-05
5e-05
5e-05
5e-05
5e-05
5e-05
5e-05
5e-05
5e-05
5e-05
5e-05
5e-05
5e-05
5e-05
5e-05
5e-05
5e-05
5e-05
5e-05
5e-05
5e-05
5e-05
5e-05
5e-05
5e-05
5e-05
5e-05
5e-05
5e-05
5e-05
5e-05
5e-05
5e-05
5e-05
5e-05
5e-05
5e-05
5e-05
5e-05
5e-05
5e-05
5e-05
5e-05
5e-05
5e-05
5e-05
5e-05
5e-05
5e-05
5e-05
5e-05
5e-05
5e-05
5e-05
5e-05
5e-05
5e-05
5e-05
5e-05
5e-05
5e-05
5e-05
5e-05
5e-05
5e-05
5e-05
5e-05
5e-05
5e-05
5e-05
5e-05
5e-05
5e-05
5e-05
5e-05
5e-05
5e-05
5e-05
5e-05
5e-05
5e-05
5e-05
5e-05
5e-05
5e-05
5e-05
5e-05
5e-05
5e-05
5e-05
5e-05
5e-05
5e-05
5e-05
5e-05
5e-05
5e-05
5e-05
5e-05
5e-05
5e-05
5e-05
5e-05
5e-05
5e-05
5e-05
5e-05
5e-05
5e-05
5e-05
5e-05
5e-05
5e-05
5e-05
5e-05
5e-05
5e-05
5e-05
5e-05
5e-05
5e-05
5e-05
5e-05
5e-05
5e-05
5e-05
5e-05
5e-05
5e-05
5e-05
5e-05
5e-05
5e-05
5e-05
5e-05
5e-05
5e-05
5e-05
5e-05
5e-05
5e-05
5e-05
5e-05
5e-05
5e-05
5e-05
5e-05
5e-05
5e-05
5e-05
5e-05
5e-05
5e-05
5e-05
5e-05
5e-05
5e-05
5e-05
5e-05
5e-05
5e-05
5e-05
5e-05
5e-05
5e-05
5e-05
5e-05
5e-05
5e-05
5e-05
5e-05
5e-05
5e-05
5e-05
5e-05
5e-05
5e-05
5e-05
5e-05
5e-05
5e-05
5e-05
5e-05
5e-05
5e-05
5e-05
5e-05
5e-05
5e-05
5e-05
5e-05
5e-05
5e-05
5e-05
5e-05
5e-05
5e-05
5e-05
5e-05
5e-05
5e-05
5e-05
5e-05
5e-05
5e-05
5e-05
5e-05
5e-05
5e-05
5e-05
5e-05
5e-05
5e-05
5e-05
5e-05
5e-05
5e-05
5e-05
5e-05
5e-05
5e-05
5e-05
5e-05
5e-05
5e-05
5e-05
5e-05
5e-05
5e-05
5e-05
5e-05
5e-05
5e-05
5e-05
5e-05
5e-05
5e-05
5e-05
5e-05
5e-05
5e-05
5e-05
5e-05
5e-05
5e-05
5e-05
5e-05
5e-05
5e-05
5e-05
5e-05
5e-05
5e-05
7.85284e-05
0.000103021
0.000124099
0.000142288
0.000158029
0.000171695
0.000183599
0.000194006
0.000203137
0.000211183
0.000218301
0.000224625
0.00023027
0.00023533
0.000239888
0.000244012
0.000247761
0.000251185
0.000254325
0.000257219
0.000259896
0.000262383
0.000264703
0.000266876
0.000268917
0.000270842
0.000272662
0.000274389
0.000276033
0.0002776
0.0002791
0.000280537
0.000281918
0.000283246
0.000284528
0.000285767
0.000286965
0.000288127
0.000289254
0.00029035
0.000291417
0.000292457
0.000293471
0.000294462
0.000295431
0.000296379
0.000297308
0.000298219
0.000299113
0.000299991
0.000300854
0.000301703
0.000302539
0.000303363
0.000304175
0.000304975
0.000305766
0.000306547
0.000307318
0.000308081
0.000308835
0.000309582
0.000310321
0.000311053
0.000311779
0.000312499
0.000313212
0.00031392
0.000314623
0.000315321
0.000316014
0.000316702
0.000317386
0.000318067
0.000318743
0.000319416
0.000320085
0.000320751
0.000321414
0.000322074
0.000293976
0.00026974
0.00024879
0.000230641
0.000214882
0.000201164
0.000189191
0.000178713
0.000169517
0.000161423
0.000154276
0.000147947
0.000142323
0.00013731
0.000132827
0.000128804
0.000125183
0.000121913
0.00011895
0.000116257
0.000113802
0.000111557
0.000109499
0.000107606
0.000105861
0.000104249
0.000102756
0.000101369
0.000100079
9.88773e-05
9.77549e-05
9.67051e-05
9.57217e-05
9.47991e-05
9.39326e-05
9.31175e-05
9.23501e-05
9.16267e-05
9.09442e-05
9.02997e-05
8.96905e-05
8.91143e-05
8.85689e-05
8.80523e-05
8.75626e-05
8.70982e-05
8.66576e-05
8.62393e-05
8.58419e-05
8.54643e-05
8.51053e-05
8.47639e-05
8.4439e-05
8.41297e-05
8.38352e-05
8.35546e-05
8.32872e-05
8.30323e-05
8.27891e-05
8.25572e-05
8.23358e-05
8.21244e-05
8.19224e-05
8.17295e-05
8.15451e-05
8.13688e-05
8.12001e-05
8.10387e-05
8.08841e-05
8.07361e-05
8.05943e-05
8.04584e-05
8.0328e-05
8.0203e-05
8.0083e-05
7.99677e-05
7.9857e-05
7.97506e-05
7.96483e-05
7.95499e-05
7.94552e-05
7.9364e-05
7.92761e-05
7.91913e-05
7.91096e-05
7.90308e-05
7.89547e-05
7.88811e-05
7.881e-05
7.87413e-05
7.86747e-05
7.86103e-05
7.85479e-05
7.84874e-05
7.84288e-05
7.83718e-05
7.83166e-05
7.82628e-05
7.82106e-05
7.81598e-05
7.81104e-05
7.80622e-05
7.80153e-05
7.79695e-05
7.79249e-05
7.78813e-05
7.78387e-05
7.77971e-05
7.77564e-05
7.77165e-05
7.76776e-05
7.76394e-05
7.76019e-05
7.75652e-05
7.75292e-05
7.74939e-05
7.74591e-05
7.7425e-05
7.73914e-05
7.73584e-05
7.7326e-05
7.7294e-05
7.72625e-05
7.72315e-05
7.72009e-05
7.71707e-05
7.71409e-05
7.71115e-05
7.70825e-05
7.70538e-05
7.70255e-05
7.69974e-05
7.69697e-05
7.69423e-05
7.69152e-05
7.68883e-05
7.68618e-05
7.68354e-05
7.68093e-05
7.67835e-05
7.67578e-05
7.67324e-05
7.67072e-05
7.66822e-05
7.66574e-05
7.66328e-05
7.66083e-05
7.6584e-05
7.65599e-05
7.6536e-05
7.65122e-05
7.64885e-05
7.6465e-05
7.64417e-05
7.64184e-05
7.63954e-05
7.63724e-05
7.63496e-05
7.63268e-05
7.63042e-05
7.62818e-05
7.62594e-05
7.62371e-05
7.6215e-05
7.61929e-05
7.61709e-05
7.61491e-05
7.61273e-05
7.61056e-05
7.6084e-05
7.60625e-05
7.60411e-05
7.60198e-05
7.59985e-05
7.59773e-05
7.59563e-05
7.59352e-05
7.59143e-05
7.58934e-05
7.58726e-05
7.58519e-05
7.58313e-05
7.58107e-05
7.57902e-05
7.57697e-05
7.57493e-05
7.5729e-05
7.57088e-05
7.56886e-05
7.56684e-05
7.56484e-05
7.56284e-05
7.56084e-05
7.55885e-05
7.55687e-05
7.55489e-05
7.55292e-05
7.55095e-05
7.54899e-05
7.54704e-05
7.54509e-05
7.54314e-05
7.5412e-05
7.53927e-05
7.53734e-05
7.53542e-05
7.5335e-05
7.53159e-05
7.52968e-05
7.52777e-05
7.52588e-05
7.52398e-05
7.52209e-05
7.52021e-05
7.51833e-05
7.51646e-05
7.51459e-05
7.51272e-05
7.51086e-05
7.50901e-05
7.50716e-05
7.50531e-05
7.50347e-05
7.50163e-05
7.4998e-05
7.49797e-05
7.49615e-05
7.49433e-05
7.49251e-05
7.4907e-05
7.4889e-05
7.4871e-05
7.4853e-05
7.48351e-05
7.48172e-05
7.47993e-05
7.47815e-05
7.47638e-05
7.47461e-05
7.47284e-05
7.47108e-05
7.46932e-05
7.46756e-05
7.46581e-05
7.46406e-05
7.46232e-05
7.46058e-05
7.45885e-05
7.45712e-05
7.45539e-05
7.45367e-05
7.45195e-05
7.45024e-05
7.44853e-05
7.44682e-05
7.44512e-05
7.44342e-05
7.44173e-05
7.44004e-05
7.43835e-05
7.43667e-05
7.43499e-05
7.43331e-05
7.43164e-05
7.42998e-05
7.42831e-05
7.42665e-05
7.425e-05
7.42335e-05
7.4217e-05
7.42005e-05
7.41841e-05
7.41678e-05
7.41514e-05
7.41351e-05
7.41189e-05
7.41027e-05
7.40865e-05
7.40703e-05
7.40542e-05
7.40382e-05
7.40221e-05
7.40061e-05
7.39902e-05
7.39742e-05
7.39583e-05
7.39425e-05
7.39267e-05
7.39109e-05
7.38951e-05
7.38794e-05
7.38637e-05
7.38481e-05
7.38325e-05
7.38169e-05
7.38014e-05
7.37859e-05
7.37704e-05
7.3755e-05
7.37396e-05
7.37242e-05
7.37089e-05
7.36936e-05
7.36783e-05
7.36631e-05
7.36479e-05
7.36328e-05
7.36176e-05
7.36025e-05
7.35875e-05
7.35725e-05
7.35575e-05
7.35425e-05
7.35276e-05
7.35127e-05
7.34979e-05
7.3483e-05
7.34682e-05
7.34535e-05
7.34388e-05
7.34241e-05
7.34094e-05
7.33948e-05
7.33802e-05
7.33656e-05
7.33511e-05
7.33366e-05
7.33221e-05
7.33077e-05
7.32933e-05
7.32789e-05
7.32646e-05
7.32503e-05
7.3236e-05
7.32217e-05
7.32075e-05
7.31933e-05
7.31792e-05
7.31651e-05
7.3151e-05
7.31369e-05
7.31229e-05
7.31089e-05
7.30949e-05
7.3081e-05
7.30671e-05
7.30532e-05
7.30394e-05
7.30256e-05
7.30118e-05
7.2998e-05
7.29843e-05
7.29706e-05
7.29569e-05
7.29433e-05
7.29297e-05
7.29161e-05
7.29026e-05
7.28891e-05
7.28756e-05
7.28621e-05
7.28487e-05
7.28353e-05
7.28219e-05
7.28086e-05
7.27953e-05
7.2782e-05
7.27687e-05
7.27555e-05
7.27423e-05
7.27291e-05
7.2716e-05
7.27029e-05
7.26898e-05
7.26767e-05
7.26637e-05
7.26507e-05
7.26377e-05
7.26248e-05
7.26119e-05
7.2599e-05
7.25861e-05
7.25733e-05
7.25605e-05
7.25477e-05
7.2535e-05
7.25222e-05
7.25095e-05
7.24969e-05
7.24842e-05
7.24716e-05
7.2459e-05
7.24465e-05
7.24339e-05
7.24214e-05
7.24089e-05
7.23965e-05
7.23841e-05
7.23717e-05
7.23593e-05
7.23469e-05
7.23346e-05
7.23223e-05
7.23101e-05
7.22978e-05
7.22856e-05
7.22734e-05
7.22612e-05
7.22491e-05
7.2237e-05
7.22249e-05
7.22128e-05
7.22008e-05
7.21888e-05
7.21768e-05
7.21648e-05
7.21529e-05
7.2141e-05
7.21291e-05
7.21172e-05
7.21054e-05
7.20936e-05
7.20818e-05
7.207e-05
7.20583e-05
7.20466e-05
7.20349e-05
7.20232e-05
7.20116e-05
7.2e-05
7.19884e-05
7.19768e-05
7.19653e-05
7.19538e-05
7.19423e-05
7.19308e-05
7.19194e-05
7.1908e-05
7.18966e-05
7.18852e-05
7.18738e-05
7.18625e-05
7.18512e-05
7.18399e-05
7.18287e-05
7.18174e-05
7.18062e-05
7.1795e-05
7.17839e-05
7.17727e-05
7.17616e-05
7.17505e-05
7.17395e-05
7.17284e-05
7.17174e-05
7.17064e-05
7.16954e-05
7.16845e-05
7.16735e-05
7.16626e-05
7.16517e-05
7.16409e-05
7.163e-05
7.16192e-05
7.16084e-05
7.15976e-05
7.15869e-05
7.15761e-05
7.15654e-05
7.15547e-05
7.15441e-05
7.15334e-05
7.15228e-05
7.15122e-05
7.15016e-05
7.14911e-05
7.14805e-05
7.147e-05
7.14595e-05
7.14491e-05
7.14386e-05
7.14282e-05
7.14178e-05
7.14074e-05
7.1397e-05
7.13867e-05
7.13764e-05
7.13661e-05
7.13558e-05
7.13455e-05
7.13353e-05
7.13251e-05
7.13149e-05
7.13047e-05
7.12946e-05
7.12844e-05
7.12743e-05
7.12642e-05
7.12541e-05
7.12441e-05
7.12341e-05
7.1224e-05
7.12141e-05
7.12041e-05
7.11941e-05
7.11842e-05
7.11743e-05
7.11644e-05
7.11545e-05
7.11447e-05
7.11349e-05
7.1125e-05
7.11152e-05
7.11055e-05
7.10957e-05
7.1086e-05
7.10763e-05
7.10666e-05
7.10569e-05
7.10473e-05
7.10376e-05
7.1028e-05
7.10184e-05
7.10088e-05
7.09993e-05
7.09897e-05
7.09802e-05
7.09707e-05
7.09612e-05
7.09518e-05
7.09423e-05
7.09329e-05
7.09235e-05
7.09141e-05
7.09047e-05
7.08954e-05
7.08861e-05
7.08767e-05
7.08674e-05
7.08582e-05
7.08489e-05
7.08397e-05
7.08305e-05
7.08212e-05
7.08121e-05
7.08029e-05
7.07938e-05
7.07846e-05
7.07755e-05
7.07664e-05
7.07573e-05
7.07483e-05
7.07392e-05
7.07302e-05
7.07212e-05
7.07122e-05
7.07033e-05
7.06943e-05
7.06854e-05
7.06765e-05
7.06676e-05
7.06587e-05
7.06498e-05
7.0641e-05
7.06321e-05
7.06233e-05
7.06145e-05
7.06058e-05
7.0597e-05
7.05882e-05
7.05795e-05
7.05708e-05
7.05621e-05
7.05534e-05
7.05448e-05
7.05361e-05
7.05275e-05
7.05189e-05
7.05103e-05
7.05018e-05
7.04932e-05
7.04847e-05
7.04761e-05
7.04676e-05
7.04591e-05
7.04507e-05
7.04422e-05
7.04338e-05
7.04253e-05
7.04169e-05
7.04085e-05
7.04002e-05
7.03918e-05
7.03835e-05
7.03751e-05
7.03668e-05
7.03585e-05
7.03502e-05
7.0342e-05
7.03337e-05
7.03255e-05
7.03173e-05
7.03091e-05
7.03009e-05
7.02927e-05
7.02846e-05
7.02764e-05
7.02683e-05
7.02602e-05
7.02521e-05
7.0244e-05
7.0236e-05
7.02279e-05
7.02199e-05
7.02119e-05
7.02039e-05
7.01959e-05
7.0188e-05
7.018e-05
7.01721e-05
7.01641e-05
7.01562e-05
7.01483e-05
7.01405e-05
7.01326e-05
7.01248e-05
7.01169e-05
7.01091e-05
7.01013e-05
7.00935e-05
7.00858e-05
7.0078e-05
7.00703e-05
7.00625e-05
7.00548e-05
7.00471e-05
7.00394e-05
7.00318e-05
7.00241e-05
7.00165e-05
7.00088e-05
7.00012e-05
6.99936e-05
6.99861e-05
6.99785e-05
6.99709e-05
6.99634e-05
6.99559e-05
6.99484e-05
6.99409e-05
6.99334e-05
6.99259e-05
6.99184e-05
6.9911e-05
6.99036e-05
6.98962e-05
6.98888e-05
6.98814e-05
6.9874e-05
6.98666e-05
6.98593e-05
6.9852e-05
6.98447e-05
6.98374e-05
6.98301e-05
6.98228e-05
6.98155e-05
6.98083e-05
6.9801e-05
6.97938e-05
6.97866e-05
6.97794e-05
6.97722e-05
6.97651e-05
6.97579e-05
6.97508e-05
6.97436e-05
6.97365e-05
6.97294e-05
6.97223e-05
6.97153e-05
6.97082e-05
6.97012e-05
6.96941e-05
6.96871e-05
6.96801e-05
6.96731e-05
6.96661e-05
6.96591e-05
6.96522e-05
6.96452e-05
6.96383e-05
6.96314e-05
6.96245e-05
6.96176e-05
6.96107e-05
6.96038e-05
6.9597e-05
6.95901e-05
6.95833e-05
6.95765e-05
6.95697e-05
6.95629e-05
6.95561e-05
6.95493e-05
6.95426e-05
6.95358e-05
6.95291e-05
6.95224e-05
6.95157e-05
6.9509e-05
6.95023e-05
6.94956e-05
6.94889e-05
6.94823e-05
6.94757e-05
6.9469e-05
6.94624e-05
6.94558e-05
6.94492e-05
6.94427e-05
6.94361e-05
6.94296e-05
6.9423e-05
6.94165e-05
6.941e-05
6.94035e-05
6.9397e-05
6.93905e-05
6.9384e-05
6.93776e-05
6.93711e-05
6.93647e-05
6.93583e-05
6.93519e-05
6.93455e-05
6.93391e-05
6.93327e-05
6.93263e-05
6.932e-05
6.93137e-05
6.93073e-05
6.9301e-05
6.92947e-05
6.92884e-05
6.92821e-05
6.92758e-05
6.92696e-05
6.92633e-05
6.92571e-05
6.92509e-05
6.92446e-05
6.92384e-05
6.92322e-05
6.92261e-05
6.92199e-05
6.92137e-05
6.92076e-05
6.92014e-05
6.91953e-05
6.91892e-05
6.91831e-05
6.9177e-05
6.91709e-05
6.91648e-05
6.91588e-05
6.91527e-05
6.91467e-05
6.91406e-05
6.91346e-05
6.91286e-05
6.91226e-05
6.91166e-05
6.91106e-05
6.91047e-05
6.90987e-05
6.90928e-05
6.90868e-05
6.90809e-05
6.9075e-05
6.90691e-05
6.90632e-05
6.90573e-05
6.90514e-05
6.90456e-05
6.90397e-05
6.90339e-05
6.9028e-05
6.90222e-05
6.90164e-05
6.90106e-05
6.90048e-05
6.8999e-05
6.89933e-05
6.89875e-05
6.89818e-05
6.8976e-05
6.89703e-05
6.89646e-05
6.89589e-05
6.89531e-05
6.89475e-05
6.89418e-05
6.89361e-05
6.89304e-05
6.89248e-05
6.89192e-05
6.89135e-05
6.89079e-05
6.89023e-05
6.88967e-05
6.88911e-05
6.88855e-05
6.88799e-05
6.88744e-05
6.88688e-05
6.88633e-05
6.88577e-05
6.88522e-05
6.88467e-05
6.88412e-05
6.88357e-05
6.88302e-05
6.88247e-05
6.88193e-05
6.88138e-05
6.88083e-05
6.88029e-05
6.87975e-05
6.87921e-05
6.87866e-05
6.87812e-05
6.87758e-05
6.87705e-05
6.87651e-05
6.87597e-05
6.87544e-05
6.8749e-05
6.87437e-05
6.87383e-05
6.8733e-05
6.87277e-05
6.87224e-05
6.87171e-05
6.87118e-05
6.87066e-05
6.87013e-05
6.8696e-05
6.86908e-05
6.86855e-05
6.86803e-05
6.86751e-05
6.86699e-05
6.86647e-05
6.86595e-05
6.86543e-05
6.86491e-05
6.8644e-05
6.86388e-05
6.86336e-05
6.86285e-05
6.86234e-05
6.86182e-05
6.86131e-05
6.8608e-05
6.86029e-05
6.85978e-05
6.85927e-05
6.85877e-05
6.85826e-05
6.85776e-05
6.85725e-05
6.85675e-05
6.85624e-05
6.85574e-05
6.85524e-05
6.85474e-05
6.85424e-05
6.85374e-05
6.85324e-05
6.85275e-05
6.85225e-05
6.85175e-05
6.85126e-05
6.85077e-05
6.85027e-05
6.84978e-05
6.84929e-05
6.8488e-05
6.84831e-05
6.84782e-05
6.84733e-05
6.84684e-05
6.84636e-05
6.84587e-05
6.84539e-05
6.8449e-05
6.84442e-05
6.84394e-05
6.84345e-05
6.84297e-05
6.84249e-05
6.84201e-05
6.84154e-05
6.84106e-05
6.84058e-05
6.84011e-05
6.83963e-05
6.83916e-05
6.83868e-05
6.83821e-05
6.83774e-05
6.83726e-05
6.83679e-05
6.83632e-05
6.83586e-05
6.83539e-05
6.83492e-05
6.83445e-05
6.83399e-05
6.83352e-05
6.83306e-05
6.83259e-05
6.83213e-05
6.83167e-05
6.83121e-05
6.83075e-05
6.83029e-05
6.82983e-05
6.82937e-05
6.82891e-05
6.82845e-05
6.828e-05
6.82754e-05
6.82709e-05
6.82663e-05
6.82618e-05
6.82573e-05
6.82527e-05
6.82482e-05
6.82437e-05
6.82392e-05
6.82348e-05
6.82303e-05
6.82258e-05
6.82213e-05
6.82169e-05
6.82124e-05
6.8208e-05
6.82035e-05
6.81991e-05
6.81947e-05
6.81903e-05
6.81859e-05
6.81814e-05
6.81771e-05
6.81727e-05
6.81683e-05
6.81639e-05
6.81595e-05
6.81552e-05
6.81508e-05
6.81465e-05
6.81421e-05
6.81378e-05
6.81335e-05
6.81292e-05
6.81249e-05
6.81206e-05
6.81163e-05
6.8112e-05
6.81077e-05
6.81034e-05
6.80991e-05
6.80949e-05
6.80906e-05
6.80864e-05
6.80821e-05
6.80779e-05
6.80737e-05
6.80694e-05
6.80652e-05
6.8061e-05
6.80568e-05
6.80526e-05
6.80484e-05
6.80442e-05
6.80401e-05
6.80359e-05
6.80317e-05
6.80276e-05
6.80234e-05
6.80193e-05
6.80151e-05
6.8011e-05
6.80069e-05
6.80028e-05
6.79987e-05
6.79946e-05
6.79905e-05
6.79864e-05
6.79823e-05
6.79782e-05
6.79741e-05
6.79701e-05
6.7966e-05
6.79619e-05
6.79579e-05
6.79539e-05
6.79498e-05
6.79458e-05
6.79418e-05
6.79378e-05
6.79338e-05
6.79298e-05
6.79258e-05
6.79218e-05
6.79178e-05
6.79138e-05
6.79098e-05
6.79059e-05
6.79019e-05
6.7898e-05
6.7894e-05
6.78901e-05
6.78861e-05
6.78822e-05
6.78783e-05
6.78744e-05
6.78705e-05
6.78666e-05
6.78627e-05
6.78588e-05
6.78549e-05
6.7851e-05
6.78471e-05
6.78433e-05
6.78394e-05
6.78355e-05
6.78317e-05
6.78278e-05
6.7824e-05
6.78202e-05
6.78163e-05
6.78125e-05
6.78087e-05
6.78049e-05
6.78011e-05
6.77973e-05
6.77935e-05
6.77897e-05
6.77859e-05
6.77822e-05
6.77784e-05
6.77746e-05
6.77709e-05
6.77671e-05
6.77634e-05
6.77596e-05
6.77559e-05
6.77522e-05
6.77485e-05
6.77447e-05
6.7741e-05
6.77373e-05
6.77336e-05
6.77299e-05
6.77262e-05
6.77226e-05
6.77189e-05
6.77152e-05
6.77115e-05
6.77079e-05
6.77042e-05
6.77006e-05
6.76969e-05
6.76933e-05
6.76897e-05
6.7686e-05
6.76824e-05
6.76788e-05
6.76752e-05
6.76716e-05
6.7668e-05
6.76644e-05
6.76608e-05
6.76572e-05
6.76536e-05
6.76501e-05
6.76465e-05
6.76429e-05
6.76394e-05
6.76358e-05
6.76323e-05
6.76287e-05
6.76252e-05
6.76217e-05
6.76181e-05
6.76146e-05
6.76111e-05
6.76076e-05
6.76041e-05
6.76006e-05
6.75971e-05
6.75936e-05
6.75901e-05
6.75866e-05
6.75832e-05
6.75797e-05
6.75762e-05
6.75728e-05
6.75693e-05
6.75659e-05
6.75624e-05
6.7559e-05
6.75556e-05
6.75521e-05
6.75487e-05
6.75453e-05
6.75419e-05
6.75385e-05
6.75351e-05
6.75317e-05
6.75283e-05
6.75249e-05
6.75215e-05
6.75181e-05
6.75148e-05
6.75114e-05
6.7508e-05
6.75047e-05
6.75013e-05
6.7498e-05
6.74946e-05
6.74913e-05
6.7488e-05
6.74846e-05
6.74813e-05
6.7478e-05
6.74747e-05
6.74714e-05
6.74681e-05
6.74648e-05
6.74615e-05
6.74582e-05
6.74549e-05
6.74516e-05
6.74483e-05
6.74451e-05
6.74418e-05
6.74385e-05
6.74353e-05
6.7432e-05
6.74288e-05
6.74256e-05
6.74223e-05
6.74191e-05
6.74159e-05
6.74126e-05
6.74094e-05
6.74062e-05
6.7403e-05
6.73998e-05
6.73966e-05
6.73934e-05
6.73902e-05
6.7387e-05
6.73838e-05
6.73807e-05
6.73775e-05
6.73743e-05
6.73712e-05
6.7368e-05
6.73648e-05
6.73617e-05
6.73585e-05
6.73554e-05
6.73523e-05
6.73491e-05
6.7346e-05
6.73429e-05
6.73398e-05
6.73367e-05
6.73335e-05
6.73304e-05
6.73273e-05
6.73242e-05
6.73211e-05
6.73181e-05
6.7315e-05
6.73119e-05
6.73088e-05
6.73058e-05
6.73027e-05
6.72996e-05
6.72966e-05
6.72935e-05
6.72905e-05
6.72874e-05
6.72844e-05
6.72814e-05
6.72783e-05
6.72753e-05
6.72723e-05
6.72693e-05
6.72662e-05
6.72632e-05
6.72602e-05
6.72572e-05
6.72542e-05
6.72512e-05
6.72482e-05
6.72453e-05
6.72423e-05
6.72393e-05
6.72363e-05
6.72334e-05
6.72304e-05
6.72274e-05
6.72245e-05
6.72215e-05
6.72186e-05
6.72156e-05
6.72127e-05
6.72098e-05
6.72068e-05
6.72039e-05
6.7201e-05
6.71981e-05
6.71952e-05
6.71923e-05
6.71893e-05
6.71864e-05
6.71835e-05
6.71807e-05
6.71778e-05
6.71749e-05
6.7172e-05
6.71691e-05
6.71662e-05
6.71634e-05
6.71605e-05
6.71576e-05
6.71548e-05
6.71519e-05
6.71491e-05
6.71462e-05
6.71434e-05
6.71406e-05
6.71377e-05
6.71349e-05
6.71321e-05
6.71292e-05
6.71264e-05
6.71236e-05
6.71208e-05
6.7118e-05
6.71152e-05
6.71124e-05
6.71096e-05
6.71068e-05
6.7104e-05
6.71012e-05
6.70984e-05
6.70957e-05
6.70929e-05
6.70901e-05
6.70874e-05
6.70846e-05
6.70818e-05
6.70791e-05
6.70763e-05
6.70736e-05
6.70708e-05
6.70681e-05
6.70654e-05
6.70626e-05
6.70599e-05
6.70572e-05
6.70545e-05
6.70517e-05
6.7049e-05
6.70463e-05
6.70436e-05
6.70409e-05
6.70382e-05
6.70355e-05
6.70328e-05
6.70301e-05
6.70275e-05
6.70248e-05
6.70221e-05
6.70194e-05
6.70168e-05
6.70141e-05
6.70114e-05
6.70088e-05
6.70061e-05
6.70035e-05
6.70008e-05
6.69982e-05
6.69955e-05
6.69929e-05
6.69903e-05
6.69876e-05
6.6985e-05
6.69824e-05
6.69797e-05
6.69771e-05
6.69745e-05
6.69719e-05
6.69693e-05
6.69667e-05
6.69641e-05
6.69615e-05
6.69589e-05
6.69563e-05
6.69537e-05
6.69512e-05
6.69486e-05
6.6946e-05
6.69434e-05
6.69409e-05
6.69383e-05
6.69357e-05
6.69332e-05
6.69306e-05
6.69281e-05
6.69255e-05
6.6923e-05
6.69204e-05
6.69179e-05
6.69154e-05
6.69128e-05
6.69103e-05
6.69078e-05
6.69053e-05
6.69027e-05
6.69002e-05
6.68977e-05
6.68952e-05
6.68927e-05
6.68902e-05
6.68877e-05
6.68852e-05
6.68827e-05
6.68802e-05
6.68777e-05
6.68753e-05
6.68728e-05
6.68703e-05
6.68678e-05
6.68654e-05
6.68629e-05
6.68604e-05
6.6858e-05
6.68555e-05
6.68531e-05
6.68506e-05
6.68482e-05
6.68457e-05
6.68433e-05
6.68408e-05
6.68384e-05
6.6836e-05
6.68335e-05
6.68311e-05
6.68287e-05
6.68263e-05
6.68239e-05
6.68214e-05
6.6819e-05
6.68166e-05
6.68142e-05
6.68118e-05
6.68094e-05
6.6807e-05
6.68046e-05
6.68023e-05
6.67999e-05
6.67975e-05
6.67951e-05
6.67927e-05
6.67904e-05
6.6788e-05
6.67856e-05
6.67833e-05
6.67809e-05
6.67786e-05
6.67762e-05
6.67738e-05
6.67715e-05
6.67692e-05
6.67668e-05
6.67645e-05
6.67621e-05
6.67598e-05
6.67575e-05
6.67551e-05
6.67528e-05
6.67505e-05
6.67482e-05
6.67459e-05
6.67435e-05
6.67412e-05
6.67389e-05
6.67366e-05
6.67343e-05
6.6732e-05
6.67297e-05
6.67274e-05
6.67252e-05
6.67229e-05
6.67206e-05
6.67183e-05
6.6716e-05
6.67137e-05
6.67115e-05
6.67092e-05
6.67069e-05
6.67047e-05
6.67024e-05
6.67002e-05
6.66979e-05
6.66956e-05
6.66934e-05
6.66912e-05
6.66889e-05
6.66867e-05
6.66844e-05
6.66822e-05
6.668e-05
6.66777e-05
6.66755e-05
6.66733e-05
6.66711e-05
6.66688e-05
6.66666e-05
6.66644e-05
6.66622e-05
6.666e-05
6.66578e-05
6.66556e-05
6.66534e-05
6.66512e-05
6.6649e-05
6.66468e-05
6.66446e-05
6.66424e-05
6.66402e-05
6.66381e-05
6.66359e-05
6.66337e-05
6.66315e-05
6.66294e-05
6.66272e-05
6.6625e-05
6.66229e-05
6.66207e-05
6.66186e-05
6.66164e-05
6.66142e-05
6.66121e-05
6.661e-05
6.66078e-05
6.66057e-05
6.66035e-05
6.66014e-05
6.65993e-05
6.65971e-05
6.6595e-05
6.65929e-05
6.65908e-05
6.65886e-05
6.65865e-05
6.65844e-05
6.65823e-05
6.65802e-05
6.65781e-05
6.6576e-05
6.65739e-05
6.65718e-05
6.65697e-05
6.65676e-05
6.65655e-05
6.65634e-05
6.65613e-05
6.65592e-05
6.65571e-05
6.65551e-05
6.6553e-05
6.65509e-05
6.65488e-05
6.65468e-05
6.65447e-05
6.65426e-05
6.65406e-05
6.65385e-05
6.65365e-05
6.65344e-05
6.65324e-05
6.65303e-05
6.65283e-05
6.65262e-05
6.65242e-05
6.65221e-05
6.65201e-05
6.65181e-05
6.6516e-05
6.6514e-05
6.6512e-05
6.65099e-05
6.65079e-05
6.65059e-05
6.65039e-05
6.65019e-05
6.64999e-05
6.64978e-05
6.64958e-05
6.64938e-05
6.64918e-05
6.64898e-05
6.64878e-05
6.64858e-05
6.64838e-05
6.64818e-05
6.64799e-05
6.64779e-05
6.64759e-05
6.64739e-05
6.64719e-05
6.64699e-05
6.6468e-05
6.6466e-05
6.6464e-05
6.64621e-05
6.64601e-05
6.64581e-05
6.64562e-05
6.64542e-05
6.64522e-05
6.64503e-05
6.64483e-05
6.64464e-05
6.64444e-05
6.64425e-05
6.64406e-05
6.64386e-05
6.64367e-05
6.64347e-05
6.64328e-05
6.64309e-05
6.64289e-05
6.6427e-05
6.64251e-05
6.64232e-05
6.64213e-05
6.64193e-05
6.64174e-05
6.64155e-05
6.64136e-05
6.64117e-05
6.64098e-05
6.64079e-05
6.6406e-05
6.64041e-05
6.64022e-05
6.64003e-05
6.63984e-05
6.63965e-05
6.63946e-05
6.63927e-05
6.63908e-05
6.63889e-05
6.63871e-05
6.63852e-05
6.63833e-05
6.63814e-05
6.63796e-05
6.63777e-05
6.63758e-05
6.6374e-05
6.63721e-05
6.63702e-05
6.63684e-05
6.63665e-05
6.63647e-05
6.63628e-05
6.6361e-05
6.63591e-05
6.63573e-05
6.63554e-05
6.63536e-05
6.63517e-05
6.63499e-05
6.63481e-05
6.63462e-05
6.63444e-05
6.63426e-05
6.63407e-05
6.63389e-05
6.63371e-05
6.63353e-05
6.63335e-05
6.63316e-05
6.63298e-05
6.6328e-05
6.63262e-05
6.63244e-05
6.63226e-05
6.63208e-05
6.6319e-05
6.63172e-05
6.63154e-05
6.63136e-05
6.63118e-05
6.631e-05
6.63082e-05
6.63064e-05
6.63046e-05
6.63028e-05
6.63011e-05
6.62993e-05
6.62975e-05
6.62957e-05
6.6294e-05
6.62922e-05
6.62904e-05
6.62886e-05
6.62869e-05
6.62851e-05
6.62833e-05
6.62816e-05
6.62798e-05
6.62781e-05
6.62763e-05
6.62746e-05
6.62728e-05
6.62711e-05
6.62693e-05
6.62676e-05
6.62658e-05
6.62641e-05
6.62624e-05
6.62606e-05
6.62589e-05
6.62571e-05
6.62554e-05
6.62537e-05
6.6252e-05
6.62502e-05
6.62485e-05
6.62468e-05
6.62451e-05
6.62433e-05
6.62416e-05
6.62399e-05
6.62382e-05
6.62365e-05
6.62348e-05
6.62331e-05
6.62314e-05
6.62297e-05
6.6228e-05
6.62263e-05
6.62246e-05
6.62229e-05
6.62212e-05
6.62195e-05
6.62178e-05
6.62161e-05
6.62144e-05
6.62127e-05
6.62111e-05
6.62094e-05
6.62077e-05
6.6206e-05
6.62044e-05
6.62027e-05
6.6201e-05
6.61993e-05
6.61977e-05
6.6196e-05
6.61943e-05
6.61927e-05
6.6191e-05
6.61894e-05
6.61877e-05
6.6186e-05
6.61844e-05
6.61827e-05
6.61811e-05
6.61794e-05
6.61778e-05
6.61762e-05
6.61745e-05
6.61729e-05
6.61712e-05
6.61696e-05
6.6168e-05
6.61663e-05
6.61647e-05
6.61631e-05
6.61614e-05
6.61598e-05
6.61582e-05
6.61566e-05
6.61549e-05
6.61533e-05
6.61517e-05
6.61501e-05
6.61485e-05
6.61469e-05
6.61452e-05
6.61436e-05
6.6142e-05
6.61404e-05
6.61388e-05
6.61372e-05
6.61356e-05
6.6134e-05
6.61324e-05
6.61308e-05
6.61292e-05
6.61276e-05
6.61261e-05
6.61245e-05
6.61229e-05
6.61213e-05
6.61197e-05
6.61181e-05
6.61165e-05
6.6115e-05
6.61134e-05
6.61118e-05
6.61102e-05
6.61087e-05
6.61071e-05
6.61055e-05
6.6104e-05
6.61024e-05
6.61008e-05
6.60993e-05
6.60977e-05
6.60962e-05
6.60946e-05
6.6093e-05
6.60915e-05
6.60899e-05
6.60884e-05
6.60868e-05
6.60853e-05
6.60837e-05
6.60822e-05
6.60807e-05
6.60791e-05
6.60776e-05
6.6076e-05
6.60745e-05
6.6073e-05
6.60714e-05
6.60699e-05
6.60684e-05
6.60668e-05
6.60653e-05
6.60638e-05
6.60623e-05
6.60608e-05
6.60592e-05
6.60577e-05
6.60562e-05
6.60547e-05
6.60532e-05
6.60517e-05
6.60501e-05
6.60486e-05
6.60471e-05
6.60456e-05
6.60441e-05
6.60426e-05
6.60411e-05
6.60396e-05
6.60381e-05
6.60366e-05
6.60351e-05
6.60336e-05
6.60321e-05
6.60306e-05
6.60292e-05
6.60277e-05
6.60262e-05
6.60247e-05
6.60232e-05
6.60217e-05
6.60203e-05
6.60188e-05
6.60173e-05
6.60158e-05
6.60144e-05
6.60129e-05
6.60114e-05
6.60099e-05
6.60085e-05
6.6007e-05
6.60055e-05
6.60041e-05
6.60026e-05
6.60012e-05
6.59997e-05
6.59982e-05
6.59968e-05
6.59953e-05
6.59939e-05
6.59924e-05
6.5991e-05
6.59895e-05
6.59881e-05
6.59866e-05
6.59852e-05
6.59838e-05
6.59823e-05
6.59809e-05
6.59794e-05
6.5978e-05
6.59766e-05
6.59751e-05
6.59737e-05
6.59723e-05
6.59708e-05
6.59694e-05
6.5968e-05
6.59666e-05
6.59651e-05
6.59637e-05
6.59623e-05
6.59609e-05
6.59595e-05
6.5958e-05
6.59566e-05
6.59552e-05
6.59538e-05
6.59524e-05
6.5951e-05
6.59496e-05
6.59482e-05
6.59468e-05
6.59454e-05
6.5944e-05
6.59426e-05
6.59412e-05
6.59398e-05
6.59384e-05
6.5937e-05
6.59356e-05
6.59342e-05
6.59328e-05
6.59314e-05
6.593e-05
6.59286e-05
6.59272e-05
6.59259e-05
6.59245e-05
6.59231e-05
6.59217e-05
6.59203e-05
6.5919e-05
6.59176e-05
6.59162e-05
6.59148e-05
6.59135e-05
6.59121e-05
6.59107e-05
6.59094e-05
6.5908e-05
6.59066e-05
6.59053e-05
6.59039e-05
6.59025e-05
6.59012e-05
6.58998e-05
6.58985e-05
6.58971e-05
6.58958e-05
6.58944e-05
6.58931e-05
6.58917e-05
6.58904e-05
6.5889e-05
6.58877e-05
6.58863e-05
6.5885e-05
6.58836e-05
6.58823e-05
6.5881e-05
6.58796e-05
6.58783e-05
6.58769e-05
6.58756e-05
6.58743e-05
6.58729e-05
6.58716e-05
6.58703e-05
6.5869e-05
6.58676e-05
6.58663e-05
6.5865e-05
6.58637e-05
6.58623e-05
6.5861e-05
6.58597e-05
6.58584e-05
6.58571e-05
6.58557e-05
6.58544e-05
6.58531e-05
6.58518e-05
6.58505e-05
6.58492e-05
6.58479e-05
6.58466e-05
6.58453e-05
6.5844e-05
6.58427e-05
6.58414e-05
6.58401e-05
6.58388e-05
6.58375e-05
6.58362e-05
6.58349e-05
6.58336e-05
6.58323e-05
6.5831e-05
6.58297e-05
6.58284e-05
6.58271e-05
6.58258e-05
6.58246e-05
6.58233e-05
6.5822e-05
6.58207e-05
6.58194e-05
6.58181e-05
6.58169e-05
6.58156e-05
6.58143e-05
6.5813e-05
6.58118e-05
6.58105e-05
6.58092e-05
6.5808e-05
6.58067e-05
6.58054e-05
6.58042e-05
6.58029e-05
6.58016e-05
6.58004e-05
6.57991e-05
6.57979e-05
6.57966e-05
6.57953e-05
6.57941e-05
6.57928e-05
6.57916e-05
6.57903e-05
6.57891e-05
6.57878e-05
6.57866e-05
6.57853e-05
6.57841e-05
6.57828e-05
6.57816e-05
6.57803e-05
6.57791e-05
6.57779e-05
6.57766e-05
6.57754e-05
6.57741e-05
6.57729e-05
6.57717e-05
6.57704e-05
6.57692e-05
6.5768e-05
6.57667e-05
6.57655e-05
6.57643e-05
6.57631e-05
6.57618e-05
6.57606e-05
6.57594e-05
6.57582e-05
6.57569e-05
6.57557e-05
6.57545e-05
6.57533e-05
6.57521e-05
6.57509e-05
6.57496e-05
6.57484e-05
6.57472e-05
6.5746e-05
6.57448e-05
6.57436e-05
6.57424e-05
6.57412e-05
6.574e-05
6.57388e-05
6.57376e-05
6.57364e-05
6.57352e-05
6.5734e-05
6.57328e-05
6.57316e-05
6.57304e-05
6.57292e-05
6.5728e-05
6.57268e-05
6.57256e-05
6.57244e-05
6.57232e-05
6.5722e-05
6.57208e-05
6.57196e-05
6.57185e-05
6.57173e-05
6.57161e-05
6.57149e-05
6.57137e-05
6.57125e-05
6.57114e-05
6.57102e-05
6.5709e-05
6.57078e-05
6.57067e-05
6.57055e-05
6.57043e-05
6.57031e-05
6.5702e-05
6.57008e-05
6.56996e-05
6.56985e-05
6.56973e-05
6.56961e-05
6.5695e-05
6.56938e-05
6.56926e-05
6.56915e-05
6.56903e-05
6.56892e-05
6.5688e-05
6.56868e-05
6.56857e-05
6.56845e-05
6.56834e-05
6.56822e-05
6.56811e-05
6.56799e-05
6.56788e-05
6.56776e-05
6.56765e-05
6.56753e-05
6.56742e-05
6.5673e-05
6.56719e-05
6.56708e-05
6.56696e-05
6.56685e-05
6.56673e-05
6.56662e-05
6.56651e-05
6.56639e-05
6.56628e-05
6.56617e-05
6.56605e-05
6.56594e-05
6.56583e-05
6.56571e-05
6.5656e-05
6.56549e-05
6.56537e-05
6.56526e-05
6.56515e-05
6.56504e-05
6.56493e-05
6.56481e-05
6.5647e-05
6.56459e-05
6.56448e-05
6.56436e-05
6.56425e-05
6.56414e-05
6.56403e-05
6.56392e-05
6.56381e-05
6.5637e-05
6.56359e-05
6.56347e-05
6.56336e-05
6.56325e-05
6.56314e-05
6.56303e-05
6.56292e-05
6.56281e-05
6.5627e-05
6.56259e-05
6.56248e-05
6.56237e-05
6.56226e-05
6.56215e-05
6.56204e-05
6.56193e-05
6.56182e-05
6.56171e-05
6.5616e-05
6.56149e-05
6.56138e-05
6.56127e-05
6.56117e-05
6.56106e-05
6.56095e-05
6.56084e-05
6.56073e-05
6.56062e-05
6.56051e-05
6.56041e-05
6.5603e-05
6.56019e-05
6.56008e-05
6.55997e-05
6.55986e-05
6.55976e-05
6.55965e-05
6.55954e-05
6.55943e-05
6.55933e-05
6.55922e-05
6.55911e-05
6.55901e-05
6.5589e-05
6.55879e-05
6.55868e-05
6.55858e-05
6.55847e-05
6.55836e-05
6.55826e-05
6.55815e-05
6.55805e-05
6.55794e-05
6.55783e-05
6.55773e-05
6.55762e-05
6.55752e-05
6.55741e-05
6.5573e-05
6.5572e-05
6.55709e-05
6.55699e-05
6.55688e-05
6.55678e-05
6.55667e-05
6.55657e-05
6.55646e-05
6.55636e-05
6.55625e-05
6.55615e-05
6.55604e-05
6.55594e-05
6.55584e-05
6.55573e-05
6.55563e-05
6.55552e-05
6.55542e-05
6.55531e-05
6.55521e-05
6.55511e-05
6.555e-05
6.5549e-05
6.5548e-05
6.55469e-05
6.55459e-05
6.55449e-05
6.55438e-05
6.55428e-05
6.55418e-05
6.55407e-05
6.55397e-05
6.55387e-05
6.55377e-05
6.55366e-05
6.55356e-05
6.55346e-05
6.55336e-05
6.55325e-05
6.55315e-05
6.55305e-05
6.55295e-05
6.55285e-05
6.55275e-05
6.55264e-05
6.55254e-05
6.55244e-05
6.55234e-05
6.55224e-05
6.55214e-05
6.55204e-05
6.55193e-05
6.55183e-05
6.55173e-05
6.55163e-05
6.55153e-05
6.55143e-05
6.55133e-05
6.55123e-05
6.55113e-05
6.55103e-05
6.55093e-05
6.55083e-05
6.55073e-05
6.55063e-05
6.55053e-05
6.55043e-05
6.55033e-05
6.55023e-05
6.55013e-05
6.55003e-05
6.54993e-05
6.54983e-05
6.54973e-05
6.54963e-05
6.54953e-05
6.54944e-05
6.54934e-05
6.54924e-05
6.54914e-05
6.54904e-05
6.54894e-05
6.54884e-05
6.54874e-05
6.54865e-05
6.54855e-05
6.54845e-05
6.54835e-05
6.54825e-05
6.54816e-05
6.54806e-05
6.54796e-05
6.54786e-05
6.54777e-05
6.54767e-05
6.54757e-05
6.54747e-05
6.54738e-05
6.54728e-05
6.54718e-05
6.54708e-05
6.54699e-05
6.54689e-05
6.54679e-05
6.5467e-05
6.5466e-05
6.5465e-05
6.54641e-05
6.54631e-05
6.54621e-05
6.54612e-05
6.54602e-05
6.54593e-05
6.54583e-05
6.54573e-05
6.54564e-05
6.54554e-05
6.54545e-05
6.54535e-05
6.54526e-05
6.54516e-05
6.54507e-05
6.54497e-05
6.54487e-05
6.54478e-05
6.54468e-05
6.54459e-05
6.54449e-05
6.5444e-05
6.54431e-05
6.54421e-05
6.54412e-05
6.54402e-05
6.54393e-05
6.54383e-05
6.54374e-05
6.54364e-05
6.54355e-05
6.54346e-05
6.54336e-05
6.54327e-05
6.54317e-05
6.54308e-05
6.54299e-05
6.54289e-05
6.5428e-05
6.54271e-05
6.54261e-05
6.54252e-05
6.54243e-05
6.54233e-05
6.54224e-05
6.54215e-05
6.54205e-05
6.54196e-05
6.54187e-05
6.54178e-05
6.54168e-05
6.54159e-05
6.5415e-05
6.54141e-05
6.54131e-05
6.54122e-05
6.54113e-05
6.54104e-05
6.54094e-05
6.54085e-05
6.54076e-05
6.54067e-05
6.54058e-05
6.54049e-05
6.54039e-05
6.5403e-05
6.54021e-05
6.54012e-05
6.54003e-05
6.53994e-05
6.53985e-05
6.53975e-05
6.53966e-05
6.53957e-05
6.53948e-05
6.53939e-05
6.5393e-05
6.53921e-05
6.53912e-05
6.53903e-05
6.53894e-05
6.53885e-05
6.53876e-05
6.53867e-05
6.53858e-05
6.53849e-05
6.5384e-05
6.53831e-05
6.53822e-05
6.53813e-05
6.53804e-05
6.53795e-05
6.53786e-05
6.53777e-05
6.53768e-05
6.53759e-05
6.5375e-05
6.53741e-05
6.53732e-05
6.53723e-05
6.53714e-05
6.53705e-05
6.53697e-05
6.53688e-05
6.53679e-05
6.5367e-05
6.53661e-05
6.53652e-05
6.53643e-05
6.53634e-05
6.53626e-05
6.53617e-05
6.53608e-05
6.53599e-05
6.5359e-05
6.53582e-05
6.53573e-05
6.53564e-05
6.53555e-05
6.53546e-05
6.53538e-05
6.53529e-05
6.5352e-05
6.53511e-05
6.53503e-05
6.53494e-05
6.53485e-05
6.53476e-05
6.53468e-05
6.53459e-05
6.5345e-05
6.53442e-05
6.53433e-05
6.53424e-05
6.53416e-05
6.53407e-05
6.53398e-05
6.5339e-05
6.53381e-05
6.53372e-05
6.53364e-05
6.53355e-05
6.53346e-05
6.53338e-05
6.53329e-05
6.53321e-05
6.53312e-05
6.53303e-05
6.53295e-05
6.53286e-05
6.53278e-05
6.53269e-05
6.53261e-05
6.53252e-05
6.53244e-05
6.53235e-05
6.53226e-05
6.53218e-05
6.53209e-05
6.53201e-05
6.53192e-05
6.53184e-05
6.53175e-05
6.53167e-05
6.53158e-05
6.5315e-05
6.53142e-05
6.53133e-05
6.53125e-05
6.53116e-05
6.53108e-05
6.53099e-05
6.53091e-05
6.53082e-05
6.53074e-05
6.53066e-05
6.53057e-05
6.53049e-05
6.5304e-05
6.53032e-05
6.53024e-05
6.53015e-05
6.53007e-05
6.52999e-05
6.5299e-05
6.52982e-05
6.52974e-05
6.52965e-05
6.52957e-05
6.52949e-05
6.5294e-05
6.52932e-05
6.52924e-05
6.52915e-05
6.52907e-05
6.52899e-05
6.52891e-05
6.52882e-05
6.52874e-05
6.52866e-05
6.52857e-05
6.52849e-05
6.52841e-05
6.52833e-05
6.52825e-05
6.52816e-05
6.52808e-05
6.528e-05
6.52792e-05
6.52784e-05
6.52775e-05
6.52767e-05
6.52759e-05
6.52751e-05
6.52743e-05
6.52734e-05
6.52726e-05
6.52718e-05
6.5271e-05
6.52702e-05
6.52694e-05
6.52686e-05
6.52678e-05
6.52669e-05
6.52661e-05
6.52653e-05
6.52645e-05
6.52637e-05
6.52629e-05
6.52621e-05
6.52613e-05
6.52605e-05
6.52597e-05
6.52589e-05
6.52581e-05
6.52573e-05
6.52565e-05
6.52556e-05
6.52548e-05
6.5254e-05
6.52532e-05
6.52524e-05
6.52516e-05
6.52508e-05
6.525e-05
6.52492e-05
6.52484e-05
6.52477e-05
6.52469e-05
6.52461e-05
6.52453e-05
6.52445e-05
6.52437e-05
6.52429e-05
6.52421e-05
6.52413e-05
6.52405e-05
6.52397e-05
6.52389e-05
6.52381e-05
6.52373e-05
6.52366e-05
6.52358e-05
6.5235e-05
6.52342e-05
6.52334e-05
6.52326e-05
6.52318e-05
6.52311e-05
6.52303e-05
6.52295e-05
6.52287e-05
6.52279e-05
6.52271e-05
6.52264e-05
6.52256e-05
6.52248e-05
6.5224e-05
6.52232e-05
6.52225e-05
6.52217e-05
6.52209e-05
6.52201e-05
6.52193e-05
6.52186e-05
6.52178e-05
6.5217e-05
6.52162e-05
6.52155e-05
6.52147e-05
6.52139e-05
6.52132e-05
6.52124e-05
6.52116e-05
6.52108e-05
6.52101e-05
6.52093e-05
6.52085e-05
6.52078e-05
6.5207e-05
6.52062e-05
6.52055e-05
6.52047e-05
6.52039e-05
6.52032e-05
6.52024e-05
6.52016e-05
6.52009e-05
6.52001e-05
6.51994e-05
6.51986e-05
6.51978e-05
6.51971e-05
6.51963e-05
6.51956e-05
6.51948e-05
6.5194e-05
6.51933e-05
6.51925e-05
6.51918e-05
6.5191e-05
6.51903e-05
6.51895e-05
6.51887e-05
6.5188e-05
6.51872e-05
6.51865e-05
6.51857e-05
6.5185e-05
6.51842e-05
6.51835e-05
6.51827e-05
6.5182e-05
6.51812e-05
6.51805e-05
6.51797e-05
6.5179e-05
6.51782e-05
6.51775e-05
6.51767e-05
6.5176e-05
6.51753e-05
6.51745e-05
6.51738e-05
6.5173e-05
6.51723e-05
6.51715e-05
6.51708e-05
6.51701e-05
6.51693e-05
6.51686e-05
6.51678e-05
6.51671e-05
6.51664e-05
6.51656e-05
6.51649e-05
6.51641e-05
6.51634e-05
6.51627e-05
6.51619e-05
6.51612e-05
6.51605e-05
6.51597e-05
6.5159e-05
6.51583e-05
6.51575e-05
6.51568e-05
6.51561e-05
6.51553e-05
6.51546e-05
6.51539e-05
6.51531e-05
6.51524e-05
6.51517e-05
6.5151e-05
6.51502e-05
6.51495e-05
6.51488e-05
6.5148e-05
6.51473e-05
6.51466e-05
6.51459e-05
6.51451e-05
6.51444e-05
6.51437e-05
6.5143e-05
6.51423e-05
6.51415e-05
6.51408e-05
6.51401e-05
6.51394e-05
6.51387e-05
6.51379e-05
6.51372e-05
6.51365e-05
6.51358e-05
6.51351e-05
6.51343e-05
6.51336e-05
6.51329e-05
6.51322e-05
6.51315e-05
6.51308e-05
6.51301e-05
6.51293e-05
6.51286e-05
6.51279e-05
6.51272e-05
6.51265e-05
6.51258e-05
6.51251e-05
6.51244e-05
6.51237e-05
6.51229e-05
6.51222e-05
6.51215e-05
6.51208e-05
6.51201e-05
6.51194e-05
6.51187e-05
6.5118e-05
6.51173e-05
6.51166e-05
6.51159e-05
6.51152e-05
6.51145e-05
6.51138e-05
6.51131e-05
6.51124e-05
6.51117e-05
6.5111e-05
6.51103e-05
6.51096e-05
6.51089e-05
6.51082e-05
6.51075e-05
6.51068e-05
6.51061e-05
6.51054e-05
6.51047e-05
6.5104e-05
6.51033e-05
6.51026e-05
6.51019e-05
6.51012e-05
6.51005e-05
6.50998e-05
6.50991e-05
6.50984e-05
6.50977e-05
6.5097e-05
6.50964e-05
6.50957e-05
6.5095e-05
6.50943e-05
6.50936e-05
6.50929e-05
6.50922e-05
6.50915e-05
6.50908e-05
6.50902e-05
6.50895e-05
6.50888e-05
6.50881e-05
6.50874e-05
6.50867e-05
6.5086e-05
6.50854e-05
6.50847e-05
6.5084e-05
6.50833e-05
6.50826e-05
6.50819e-05
6.50813e-05
6.50806e-05
6.50799e-05
6.50792e-05
6.50785e-05
6.50779e-05
6.50772e-05
6.50765e-05
6.50758e-05
6.50752e-05
6.50745e-05
6.50738e-05
6.50731e-05
6.50725e-05
6.50718e-05
6.50711e-05
6.50704e-05
6.50698e-05
6.50691e-05
6.50684e-05
6.50677e-05
6.50671e-05
6.50664e-05
6.50657e-05
6.50651e-05
6.50644e-05
6.50637e-05
6.5063e-05
6.50624e-05
6.50617e-05
6.5061e-05
6.50604e-05
6.50597e-05
6.5059e-05
6.50584e-05
6.50577e-05
6.5057e-05
6.50564e-05
6.50557e-05
6.5055e-05
6.50544e-05
6.50537e-05
6.50531e-05
6.50524e-05
6.50517e-05
6.50511e-05
6.50504e-05
6.50498e-05
6.50491e-05
6.50484e-05
6.50478e-05
6.50471e-05
6.50465e-05
6.50458e-05
6.50451e-05
6.50445e-05
6.50438e-05
6.50432e-05
6.50425e-05
6.50419e-05
6.50412e-05
6.50406e-05
6.50399e-05
6.50392e-05
6.50386e-05
6.50379e-05
6.50373e-05
6.50366e-05
6.5036e-05
6.50353e-05
6.50347e-05
6.5034e-05
6.50334e-05
6.50327e-05
6.50321e-05
6.50314e-05
6.50308e-05
6.50301e-05
6.50295e-05
6.50288e-05
6.50282e-05
6.50276e-05
6.50269e-05
6.50263e-05
6.50256e-05
6.5025e-05
6.50243e-05
6.50237e-05
6.5023e-05
6.50224e-05
6.50218e-05
6.50211e-05
6.50205e-05
6.50198e-05
6.50192e-05
6.50185e-05
6.50179e-05
6.50173e-05
6.50166e-05
6.5016e-05
6.50154e-05
6.50147e-05
6.50141e-05
6.50134e-05
6.50128e-05
6.50122e-05
6.50115e-05
6.50109e-05
6.50103e-05
6.50096e-05
6.5009e-05
6.50084e-05
6.50077e-05
6.50071e-05
6.50065e-05
6.50058e-05
6.50052e-05
6.50046e-05
6.50039e-05
6.50033e-05
6.50027e-05
6.5002e-05
6.50014e-05
6.50008e-05
6.50001e-05
6.49995e-05
6.49989e-05
6.49983e-05
6.49976e-05
6.4997e-05
6.49964e-05
6.49958e-05
6.49951e-05
6.49945e-05
6.49939e-05
6.49933e-05
6.49926e-05
6.4992e-05
6.49914e-05
6.49908e-05
6.49901e-05
6.49895e-05
6.49889e-05
6.49883e-05
6.49877e-05
6.4987e-05
6.49864e-05
6.49858e-05
6.49852e-05
6.49846e-05
6.49839e-05
6.49833e-05
6.49827e-05
6.49821e-05
6.49815e-05
6.49808e-05
6.49802e-05
6.49796e-05
6.4979e-05
6.49784e-05
6.49778e-05
6.49772e-05
6.49765e-05
6.49759e-05
6.49753e-05
6.49747e-05
6.49741e-05
6.49735e-05
6.49729e-05
6.49722e-05
6.49716e-05
6.4971e-05
6.49704e-05
6.49698e-05
6.49692e-05
6.49686e-05
6.4968e-05
6.49674e-05
6.49668e-05
6.49662e-05
6.49655e-05
6.49649e-05
6.49643e-05
6.49637e-05
6.49631e-05
6.49625e-05
6.49619e-05
6.49613e-05
6.49607e-05
6.49601e-05
6.49595e-05
6.49589e-05
6.49583e-05
6.49577e-05
6.49571e-05
6.49565e-05
6.49559e-05
6.49553e-05
6.49547e-05
6.49541e-05
6.49535e-05
6.49529e-05
6.49523e-05
6.49517e-05
6.49511e-05
6.49505e-05
6.49499e-05
6.49493e-05
6.49487e-05
6.49481e-05
6.49475e-05
6.49469e-05
6.49463e-05
6.49457e-05
6.49451e-05
6.49445e-05
6.49439e-05
6.49433e-05
6.49427e-05
6.49421e-05
6.49415e-05
6.4941e-05
6.49404e-05
6.49398e-05
6.49392e-05
6.49386e-05
6.4938e-05
6.49374e-05
6.49368e-05
6.49362e-05
6.49356e-05
6.4935e-05
6.49345e-05
6.49339e-05
6.49333e-05
6.49327e-05
6.49321e-05
6.49315e-05
6.49309e-05
6.49303e-05
6.49298e-05
6.49292e-05
6.49286e-05
6.4928e-05
6.49274e-05
6.49268e-05
6.49262e-05
6.49257e-05
6.49251e-05
6.49245e-05
6.49239e-05
6.49233e-05
6.49228e-05
6.49222e-05
6.49216e-05
6.4921e-05
6.49204e-05
6.49198e-05
6.49193e-05
6.49187e-05
6.49181e-05
6.49175e-05
6.4917e-05
6.49164e-05
6.49158e-05
6.49152e-05
6.49146e-05
6.49141e-05
6.49135e-05
6.49129e-05
6.49123e-05
6.49118e-05
6.49112e-05
6.49106e-05
6.491e-05
6.49095e-05
6.49089e-05
6.49083e-05
6.49077e-05
6.49072e-05
6.49066e-05
6.4906e-05
6.49055e-05
6.49049e-05
6.49043e-05
6.49037e-05
6.49032e-05
6.49026e-05
6.4902e-05
6.49015e-05
6.49009e-05
6.49003e-05
6.48998e-05
6.48992e-05
6.48986e-05
6.48981e-05
6.48975e-05
6.48969e-05
6.48964e-05
6.48958e-05
6.48952e-05
6.48947e-05
6.48941e-05
6.48935e-05
6.4893e-05
6.48924e-05
6.48918e-05
6.48913e-05
6.48907e-05
6.48901e-05
6.48896e-05
6.4889e-05
6.48885e-05
6.48879e-05
6.48873e-05
6.48868e-05
6.48862e-05
6.48857e-05
6.48851e-05
6.48845e-05
6.4884e-05
6.48834e-05
6.48829e-05
6.48823e-05
6.48817e-05
6.48812e-05
6.48806e-05
6.48801e-05
6.48795e-05
6.4879e-05
6.48784e-05
6.48778e-05
6.48773e-05
6.48767e-05
6.48762e-05
6.48756e-05
6.48751e-05
6.48745e-05
6.4874e-05
6.48734e-05
6.48729e-05
6.48723e-05
6.48718e-05
6.48712e-05
6.48706e-05
6.48701e-05
6.48695e-05
6.4869e-05
6.48684e-05
6.48679e-05
6.48673e-05
6.48668e-05
6.48662e-05
6.48657e-05
6.48651e-05
6.48646e-05
6.48641e-05
6.48635e-05
6.4863e-05
6.48624e-05
6.48619e-05
6.48613e-05
6.48608e-05
6.48602e-05
6.48597e-05
6.48591e-05
6.48586e-05
6.4858e-05
6.48575e-05
6.4857e-05
6.48564e-05
6.48559e-05
6.48553e-05
6.48548e-05
6.48542e-05
6.48537e-05
6.48532e-05
6.48526e-05
6.48521e-05
6.48515e-05
6.4851e-05
6.48505e-05
6.48499e-05
6.48494e-05
6.48488e-05
6.48483e-05
6.48478e-05
6.48472e-05
6.48467e-05
6.48461e-05
6.48456e-05
6.48451e-05
6.48445e-05
6.4844e-05
6.48435e-05
6.48429e-05
6.48424e-05
6.48418e-05
6.48413e-05
6.48408e-05
6.48402e-05
6.48397e-05
6.48392e-05
6.48386e-05
6.48381e-05
6.48376e-05
6.4837e-05
6.48365e-05
6.4836e-05
6.48354e-05
6.48349e-05
6.48344e-05
6.48338e-05
6.48333e-05
6.48328e-05
6.48323e-05
6.48317e-05
6.48312e-05
6.48307e-05
6.48301e-05
6.48296e-05
6.48291e-05
6.48286e-05
6.4828e-05
6.48275e-05
6.4827e-05
6.48264e-05
6.48259e-05
6.48254e-05
6.48249e-05
6.48243e-05
6.48238e-05
6.48233e-05
6.48228e-05
6.48222e-05
6.48217e-05
6.48212e-05
6.48207e-05
6.48201e-05
6.48196e-05
6.48191e-05
6.48186e-05
6.4818e-05
6.48175e-05
6.4817e-05
6.48165e-05
6.4816e-05
6.48154e-05
6.48149e-05
6.48144e-05
6.48139e-05
6.48134e-05
6.48128e-05
6.48123e-05
6.48118e-05
6.48113e-05
6.48108e-05
6.48102e-05
6.48097e-05
6.48092e-05
6.48087e-05
6.48082e-05
6.48077e-05
6.48071e-05
6.48066e-05
6.48061e-05
6.48056e-05
6.48051e-05
6.48046e-05
6.4804e-05
6.48035e-05
6.4803e-05
6.48025e-05
6.4802e-05
6.48015e-05
6.4801e-05
6.48004e-05
6.47999e-05
6.47994e-05
6.47989e-05
6.47984e-05
6.47979e-05
6.47974e-05
6.47969e-05
6.47963e-05
6.47958e-05
6.47953e-05
6.47948e-05
6.47943e-05
6.47938e-05
6.47933e-05
6.47928e-05
6.47923e-05
6.47918e-05
6.47913e-05
6.47907e-05
6.47902e-05
6.47897e-05
6.47892e-05
6.47887e-05
6.47882e-05
6.47877e-05
6.47872e-05
6.47867e-05
6.47862e-05
6.47857e-05
6.47852e-05
6.47847e-05
6.47842e-05
6.47837e-05
6.47832e-05
6.47827e-05
6.47821e-05
6.47816e-05
6.47811e-05
6.47806e-05
6.47801e-05
6.47796e-05
6.47791e-05
6.47786e-05
6.47781e-05
6.47776e-05
6.47771e-05
6.47766e-05
6.47761e-05
6.47756e-05
6.47751e-05
6.47746e-05
6.47741e-05
6.47736e-05
6.47731e-05
6.47726e-05
6.47721e-05
6.47716e-05
6.47711e-05
6.47706e-05
6.47701e-05
6.47696e-05
6.47692e-05
6.47687e-05
6.47682e-05
6.47677e-05
6.47672e-05
6.47667e-05
6.47662e-05
6.47657e-05
6.47652e-05
6.47647e-05
6.47642e-05
6.47637e-05
6.47632e-05
6.47627e-05
6.47622e-05
6.47617e-05
6.47612e-05
6.47607e-05
6.47603e-05
6.47598e-05
6.47593e-05
6.47588e-05
6.47583e-05
6.47578e-05
6.47573e-05
6.47568e-05
6.47563e-05
6.47558e-05
6.47553e-05
6.47549e-05
6.47544e-05
6.47539e-05
6.47534e-05
6.47529e-05
6.47524e-05
6.47519e-05
6.47514e-05
6.4751e-05
6.47505e-05
6.475e-05
6.47495e-05
6.4749e-05
6.47485e-05
6.4748e-05
6.47475e-05
6.47471e-05
6.47466e-05
6.47461e-05
6.47456e-05
6.47451e-05
6.47446e-05
6.47442e-05
6.47437e-05
6.47432e-05
6.47427e-05
6.47422e-05
6.47417e-05
6.47413e-05
6.47408e-05
6.47403e-05
6.47398e-05
6.47393e-05
6.47388e-05
6.47384e-05
6.47379e-05
6.47374e-05
6.47369e-05
6.47364e-05
6.4736e-05
6.47355e-05
6.4735e-05
6.47345e-05
6.4734e-05
6.47336e-05
6.47331e-05
6.47326e-05
6.47321e-05
6.47317e-05
6.47312e-05
6.47307e-05
6.47302e-05
6.47297e-05
6.47293e-05
6.47288e-05
6.47283e-05
6.47278e-05
6.47274e-05
6.47269e-05
6.47264e-05
6.47259e-05
6.47255e-05
6.4725e-05
6.47245e-05
6.4724e-05
6.47236e-05
6.47231e-05
6.47226e-05
6.47222e-05
6.47217e-05
6.47212e-05
6.47207e-05
6.47203e-05
6.47198e-05
6.47193e-05
6.47188e-05
6.47184e-05
6.47179e-05
6.47174e-05
6.4717e-05
6.47165e-05
6.4716e-05
6.47156e-05
6.47151e-05
6.47146e-05
6.47141e-05
6.47137e-05
6.47132e-05
6.47127e-05
6.47123e-05
6.47118e-05
6.47113e-05
6.47109e-05
6.47104e-05
6.47099e-05
6.47095e-05
6.4709e-05
6.47085e-05
6.47081e-05
6.47076e-05
6.47071e-05
6.47067e-05
6.47062e-05
6.47057e-05
6.47053e-05
6.47048e-05
6.47044e-05
6.47039e-05
6.47034e-05
6.4703e-05
6.47025e-05
6.4702e-05
6.47016e-05
6.47011e-05
6.47006e-05
6.47002e-05
6.46997e-05
6.46993e-05
6.46988e-05
6.46983e-05
6.46979e-05
6.46974e-05
6.4697e-05
6.46965e-05
6.4696e-05
6.46956e-05
6.46951e-05
6.46947e-05
6.46942e-05
6.46937e-05
6.46933e-05
6.46928e-05
6.46924e-05
6.46919e-05
6.46914e-05
6.4691e-05
6.46905e-05
6.46901e-05
6.46896e-05
6.46892e-05
6.46887e-05
6.46882e-05
6.46878e-05
6.46873e-05
6.46869e-05
6.46864e-05
6.4686e-05
6.46855e-05
6.46851e-05
6.46846e-05
6.46841e-05
6.46837e-05
6.46832e-05
6.46828e-05
6.46823e-05
6.46819e-05
6.46814e-05
6.4681e-05
6.46805e-05
6.46801e-05
6.46796e-05
6.46792e-05
6.46787e-05
6.46783e-05
6.46778e-05
6.46774e-05
6.46769e-05
6.46765e-05
6.4676e-05
6.46756e-05
6.46751e-05
6.46747e-05
6.46742e-05
6.46738e-05
6.46733e-05
6.46729e-05
6.46724e-05
6.4672e-05
6.46715e-05
6.46711e-05
6.46706e-05
6.46702e-05
6.46697e-05
6.46693e-05
6.46688e-05
6.46684e-05
6.46679e-05
6.46675e-05
6.4667e-05
6.46666e-05
6.46661e-05
6.46657e-05
6.46652e-05
6.46648e-05
6.46644e-05
6.46639e-05
6.46635e-05
6.4663e-05
6.46626e-05
6.46621e-05
6.46617e-05
6.46612e-05
6.46608e-05
6.46604e-05
6.46599e-05
6.46595e-05
6.4659e-05
6.46586e-05
6.46581e-05
6.46577e-05
6.46573e-05
6.46568e-05
6.46564e-05
6.46559e-05
6.46555e-05
6.46551e-05
6.46546e-05
6.46542e-05
6.46537e-05
6.46533e-05
6.46529e-05
6.46524e-05
6.4652e-05
6.46515e-05
6.46511e-05
6.46507e-05
6.46502e-05
6.46498e-05
6.46493e-05
6.46489e-05
6.46485e-05
6.4648e-05
6.46476e-05
6.46472e-05
6.46467e-05
6.46463e-05
6.46458e-05
6.46454e-05
6.4645e-05
6.46445e-05
6.46441e-05
6.46437e-05
6.46432e-05
6.46428e-05
6.46424e-05
6.46419e-05
6.46415e-05
6.46411e-05
6.46406e-05
6.46402e-05
6.46397e-05
6.46393e-05
6.46389e-05
6.46384e-05
6.4638e-05
6.46376e-05
6.46371e-05
6.46367e-05
6.46363e-05
6.46359e-05
6.46354e-05
6.4635e-05
6.46346e-05
6.46341e-05
6.46337e-05
6.46333e-05
6.46328e-05
6.46324e-05
6.4632e-05
6.46315e-05
6.46311e-05
6.46307e-05
6.46303e-05
6.46298e-05
6.46294e-05
6.4629e-05
6.46285e-05
6.46281e-05
6.46277e-05
6.46272e-05
6.46268e-05
6.46264e-05
6.4626e-05
6.46255e-05
6.46251e-05
6.46247e-05
6.46243e-05
6.46238e-05
6.46234e-05
6.4623e-05
6.46225e-05
6.46221e-05
6.46217e-05
6.46213e-05
6.46208e-05
6.46204e-05
6.462e-05
6.46196e-05
6.46191e-05
6.46187e-05
6.46183e-05
6.46179e-05
6.46174e-05
6.4617e-05
6.46166e-05
6.46162e-05
6.46158e-05
6.46153e-05
6.46149e-05
6.46145e-05
6.46141e-05
6.46136e-05
6.46132e-05
6.46128e-05
6.46124e-05
6.4612e-05
6.46115e-05
6.46111e-05
6.46107e-05
6.46103e-05
6.46098e-05
6.46094e-05
6.4609e-05
6.46086e-05
6.46082e-05
6.46077e-05
6.46073e-05
6.46069e-05
6.46065e-05
6.46061e-05
6.46057e-05
6.46052e-05
6.46048e-05
6.46044e-05
6.4604e-05
6.46036e-05
6.46031e-05
6.46027e-05
6.46023e-05
6.46019e-05
6.46015e-05
6.46011e-05
6.46006e-05
6.46002e-05
6.45998e-05
6.45994e-05
6.4599e-05
6.45986e-05
6.45981e-05
6.45977e-05
6.45973e-05
6.45969e-05
6.45965e-05
6.45961e-05
6.45957e-05
6.45952e-05
6.45948e-05
6.45944e-05
6.4594e-05
6.45936e-05
6.45932e-05
6.45928e-05
6.45923e-05
6.45919e-05
6.45915e-05
6.45911e-05
6.45907e-05
6.45903e-05
6.45899e-05
6.45895e-05
6.4589e-05
6.45886e-05
6.45882e-05
6.45878e-05
6.45874e-05
6.4587e-05
6.45866e-05
6.45862e-05
6.45858e-05
6.45853e-05
6.45849e-05
6.45845e-05
6.45841e-05
6.45837e-05
6.45833e-05
6.45829e-05
6.45825e-05
6.45821e-05
6.45817e-05
6.45813e-05
6.45808e-05
6.45804e-05
6.458e-05
6.45796e-05
6.45792e-05
6.45788e-05
6.45784e-05
6.4578e-05
6.45776e-05
6.45772e-05
6.45768e-05
6.45764e-05
6.4576e-05
6.45756e-05
6.45751e-05
6.45747e-05
6.45743e-05
6.45739e-05
6.45735e-05
6.45731e-05
6.45727e-05
6.45723e-05
6.45719e-05
6.45715e-05
6.45711e-05
6.45707e-05
6.45703e-05
6.45699e-05
6.45695e-05
6.45691e-05
6.45687e-05
6.45683e-05
6.45679e-05
6.45675e-05
6.45671e-05
6.45667e-05
6.45663e-05
6.45659e-05
6.45655e-05
6.45651e-05
6.45647e-05
6.45643e-05
6.45639e-05
6.45635e-05
6.45631e-05
6.45627e-05
6.45623e-05
6.45618e-05
6.45614e-05
6.4561e-05
6.45606e-05
6.45603e-05
6.45599e-05
6.45595e-05
6.45591e-05
6.45587e-05
6.45583e-05
6.45579e-05
6.45575e-05
6.45571e-05
6.45567e-05
6.45563e-05
6.45559e-05
6.45555e-05
6.45551e-05
6.45547e-05
6.45543e-05
6.45539e-05
6.45535e-05
6.45531e-05
6.45527e-05
6.45523e-05
6.45519e-05
6.45515e-05
6.45511e-05
6.45507e-05
6.45503e-05
6.45499e-05
6.45495e-05
6.45491e-05
6.45487e-05
6.45483e-05
6.45479e-05
6.45475e-05
6.45472e-05
6.45468e-05
6.45464e-05
6.4546e-05
6.45456e-05
6.45452e-05
6.45448e-05
6.45444e-05
6.4544e-05
6.45436e-05
6.45432e-05
6.45428e-05
6.45424e-05
6.4542e-05
6.45416e-05
6.45413e-05
6.45409e-05
6.45405e-05
6.45401e-05
6.45397e-05
6.45393e-05
6.45389e-05
6.45385e-05
6.45381e-05
6.45377e-05
6.45373e-05
6.4537e-05
6.45366e-05
6.45362e-05
6.45358e-05
6.45354e-05
6.4535e-05
6.45346e-05
6.45342e-05
6.45338e-05
6.45334e-05
6.45331e-05
6.45327e-05
6.45323e-05
6.45319e-05
6.45315e-05
6.45311e-05
6.45307e-05
6.45303e-05
6.453e-05
6.45296e-05
6.45292e-05
6.45288e-05
6.45284e-05
6.4528e-05
6.45276e-05
6.45272e-05
6.45269e-05
6.45265e-05
6.45261e-05
6.45257e-05
6.45253e-05
6.45249e-05
6.45245e-05
6.45242e-05
6.45238e-05
6.45234e-05
6.4523e-05
6.45226e-05
6.45222e-05
6.45219e-05
6.45215e-05
6.45211e-05
6.45207e-05
6.45203e-05
6.45199e-05
6.45195e-05
6.45192e-05
6.45188e-05
6.45184e-05
6.4518e-05
6.45176e-05
6.45173e-05
6.45169e-05
6.45165e-05
6.45161e-05
6.45157e-05
6.45153e-05
6.4515e-05
6.45146e-05
6.45142e-05
6.45138e-05
6.45134e-05
6.45131e-05
6.45127e-05
6.45123e-05
6.45119e-05
6.45115e-05
6.45111e-05
6.45108e-05
6.45104e-05
6.451e-05
6.45096e-05
6.45093e-05
6.45089e-05
6.45085e-05
6.45081e-05
6.45077e-05
6.45074e-05
6.4507e-05
6.45066e-05
6.45062e-05
6.45058e-05
6.45055e-05
6.45051e-05
6.45047e-05
6.45043e-05
6.4504e-05
6.45036e-05
6.45032e-05
6.45028e-05
6.45024e-05
6.45021e-05
6.45017e-05
6.45013e-05
6.45009e-05
6.45006e-05
6.45002e-05
6.44998e-05
6.44994e-05
6.44991e-05
6.44987e-05
6.44983e-05
6.44979e-05
6.44976e-05
6.44972e-05
6.44968e-05
6.44964e-05
6.44961e-05
6.44957e-05
6.44953e-05
6.44949e-05
6.44946e-05
6.44942e-05
6.44938e-05
6.44934e-05
6.44931e-05
6.44927e-05
6.44923e-05
6.44919e-05
6.44916e-05
6.44912e-05
6.44908e-05
6.44905e-05
6.44901e-05
6.44897e-05
6.44893e-05
6.4489e-05
6.44886e-05
6.44882e-05
6.44879e-05
6.44875e-05
6.44871e-05
6.44867e-05
6.44864e-05
6.4486e-05
6.44856e-05
6.44853e-05
6.44849e-05
6.44845e-05
6.44841e-05
6.44838e-05
6.44834e-05
6.4483e-05
6.44827e-05
6.44823e-05
6.44819e-05
6.44816e-05
6.44812e-05
6.44808e-05
6.44805e-05
6.44801e-05
6.44797e-05
6.44793e-05
6.4479e-05
6.44786e-05
6.44782e-05
6.44779e-05
6.44775e-05
6.44771e-05
6.44768e-05
6.44764e-05
6.4476e-05
6.44757e-05
6.44753e-05
6.44749e-05
6.44746e-05
6.44742e-05
6.44738e-05
6.44735e-05
6.44731e-05
6.44727e-05
6.44724e-05
6.4472e-05
6.44716e-05
6.44713e-05
6.44709e-05
6.44706e-05
6.44702e-05
6.44698e-05
6.44695e-05
6.44691e-05
6.44687e-05
6.44684e-05
6.4468e-05
6.44676e-05
6.44673e-05
6.44669e-05
6.44665e-05
6.44662e-05
6.44658e-05
6.44655e-05
6.44651e-05
6.44647e-05
6.44644e-05
6.4464e-05
6.44636e-05
6.44633e-05
6.44629e-05
6.44626e-05
6.44622e-05
6.44618e-05
6.44615e-05
6.44611e-05
6.44607e-05
6.44604e-05
6.446e-05
6.44597e-05
6.44593e-05
6.44589e-05
6.44586e-05
6.44582e-05
6.44579e-05
6.44575e-05
6.44571e-05
6.44568e-05
6.44564e-05
6.44561e-05
6.44557e-05
6.44553e-05
6.4455e-05
6.44546e-05
6.44543e-05
6.44539e-05
6.44535e-05
6.44532e-05
6.44528e-05
6.44525e-05
6.44521e-05
6.44517e-05
6.44514e-05
6.4451e-05
6.44507e-05
6.44503e-05
6.445e-05
6.44496e-05
6.44492e-05
6.44489e-05
6.44485e-05
6.44482e-05
6.44478e-05
6.44475e-05
6.44471e-05
6.44467e-05
6.44464e-05
6.4446e-05
6.44457e-05
6.44453e-05
6.4445e-05
6.44446e-05
6.44442e-05
6.44439e-05
6.44435e-05
6.44432e-05
6.44428e-05
6.44425e-05
6.44421e-05
6.44418e-05
6.44414e-05
6.44411e-05
6.44407e-05
6.44403e-05
6.444e-05
6.44396e-05
6.44393e-05
6.44389e-05
6.44386e-05
6.44382e-05
6.44379e-05
6.44375e-05
6.44372e-05
6.44368e-05
6.44365e-05
6.44361e-05
6.44357e-05
6.44354e-05
6.4435e-05
6.44347e-05
6.44343e-05
6.4434e-05
6.44336e-05
6.44333e-05
6.44329e-05
6.44326e-05
6.44322e-05
6.44319e-05
6.44315e-05
6.44312e-05
6.44308e-05
6.44305e-05
6.44301e-05
6.44298e-05
6.44294e-05
6.44291e-05
6.44287e-05
6.44284e-05
6.4428e-05
6.44277e-05
6.44273e-05
6.4427e-05
6.44266e-05
6.44263e-05
6.44259e-05
6.44256e-05
6.44252e-05
6.44249e-05
6.44245e-05
6.44242e-05
6.44238e-05
6.44235e-05
6.44231e-05
6.44228e-05
6.44224e-05
6.44221e-05
6.44217e-05
6.44214e-05
6.4421e-05
6.44207e-05
6.44203e-05
6.442e-05
6.44196e-05
6.44193e-05
6.44189e-05
6.44186e-05
6.44183e-05
6.44179e-05
6.44176e-05
6.44172e-05
6.44169e-05
6.44165e-05
6.44162e-05
6.44158e-05
6.44155e-05
6.44151e-05
6.44148e-05
6.44144e-05
6.44141e-05
6.44138e-05
6.44134e-05
6.44131e-05
6.44127e-05
6.44124e-05
6.4412e-05
6.44117e-05
6.44113e-05
6.4411e-05
6.44107e-05
6.44103e-05
6.441e-05
6.44096e-05
6.44093e-05
6.44089e-05
6.44086e-05
6.44082e-05
6.44079e-05
6.44076e-05
6.44072e-05
6.44069e-05
6.44065e-05
6.44062e-05
6.44058e-05
6.44055e-05
6.44052e-05
6.44048e-05
6.44045e-05
6.44041e-05
6.44038e-05
6.44034e-05
6.44031e-05
6.44028e-05
6.44024e-05
6.44021e-05
6.44017e-05
6.44014e-05
6.44011e-05
6.44007e-05
6.44004e-05
6.44e-05
6.43997e-05
6.43993e-05
6.4399e-05
6.43987e-05
6.43983e-05
6.4398e-05
6.43976e-05
6.43973e-05
6.4397e-05
6.43966e-05
6.43963e-05
6.43959e-05
6.43956e-05
6.43953e-05
6.43949e-05
6.43946e-05
6.43942e-05
6.43939e-05
6.43936e-05
6.43932e-05
6.43929e-05
6.43926e-05
6.43922e-05
6.43919e-05
6.43915e-05
6.43912e-05
6.43909e-05
6.43905e-05
6.43902e-05
6.43899e-05
6.43895e-05
6.43892e-05
6.43888e-05
6.43885e-05
6.43882e-05
6.43878e-05
6.43875e-05
6.43872e-05
6.43868e-05
6.43865e-05
6.43861e-05
6.43858e-05
6.43855e-05
6.43851e-05
6.43848e-05
6.43845e-05
6.43841e-05
6.43838e-05
6.43835e-05
6.43831e-05
6.43828e-05
6.43824e-05
6.43821e-05
6.43818e-05
6.43814e-05
6.43811e-05
6.43808e-05
6.43804e-05
6.43801e-05
6.43798e-05
6.43794e-05
6.43791e-05
6.43788e-05
6.43784e-05
6.43781e-05
6.43778e-05
6.43774e-05
6.43771e-05
6.43768e-05
6.43764e-05
6.43761e-05
6.43758e-05
6.43754e-05
6.43751e-05
6.43748e-05
6.43744e-05
6.43741e-05
6.43738e-05
6.43734e-05
6.43731e-05
6.43728e-05
6.43724e-05
6.43721e-05
6.43718e-05
6.43714e-05
6.43711e-05
6.43708e-05
6.43704e-05
6.43701e-05
6.43698e-05
6.43694e-05
6.43691e-05
6.43688e-05
6.43685e-05
6.43681e-05
6.43678e-05
6.43675e-05
6.43671e-05
6.43668e-05
6.43665e-05
6.43661e-05
6.43658e-05
6.43655e-05
6.43652e-05
6.43648e-05
6.43645e-05
6.43642e-05
6.43638e-05
6.43635e-05
6.43632e-05
6.43628e-05
6.43625e-05
6.43622e-05
6.43619e-05
6.43615e-05
6.43612e-05
6.43609e-05
6.43605e-05
6.43602e-05
6.43599e-05
6.43596e-05
6.43592e-05
6.43589e-05
6.43586e-05
6.43582e-05
6.43579e-05
6.43576e-05
6.43573e-05
6.43569e-05
6.43566e-05
6.43563e-05
6.43559e-05
6.43556e-05
6.43553e-05
6.4355e-05
6.43546e-05
6.43543e-05
6.4354e-05
6.43537e-05
6.43533e-05
6.4353e-05
6.43527e-05
6.43524e-05
6.4352e-05
6.43517e-05
6.43514e-05
6.43511e-05
6.43507e-05
6.43504e-05
6.43501e-05
6.43498e-05
6.43494e-05
6.43491e-05
6.43488e-05
6.43484e-05
6.43481e-05
6.43478e-05
6.43475e-05
6.43472e-05
6.43468e-05
6.43465e-05
6.43462e-05
6.43459e-05
6.43455e-05
6.43452e-05
6.43449e-05
6.43446e-05
6.43442e-05
6.43439e-05
6.43436e-05
6.43433e-05
6.43429e-05
6.43426e-05
6.43423e-05
6.4342e-05
6.43416e-05
6.43413e-05
6.4341e-05
6.43407e-05
6.43404e-05
6.434e-05
6.43397e-05
6.43394e-05
6.43391e-05
6.43387e-05
6.43384e-05
6.43381e-05
6.43378e-05
6.43375e-05
6.43371e-05
6.43368e-05
6.43365e-05
6.43362e-05
6.43358e-05
6.43355e-05
6.43352e-05
6.43349e-05
6.43346e-05
6.43342e-05
6.43339e-05
6.43336e-05
6.43333e-05
6.4333e-05
6.43326e-05
6.43323e-05
6.4332e-05
6.43317e-05
6.43314e-05
6.4331e-05
6.43307e-05
6.43304e-05
6.43301e-05
6.43298e-05
6.43294e-05
6.43291e-05
6.43288e-05
6.43285e-05
6.43282e-05
6.43278e-05
6.43275e-05
6.43272e-05
6.43269e-05
6.43266e-05
6.43262e-05
6.43259e-05
6.43256e-05
6.43253e-05
6.4325e-05
6.43247e-05
6.43243e-05
6.4324e-05
6.43237e-05
6.43234e-05
6.43231e-05
6.43227e-05
6.43224e-05
6.43221e-05
6.43218e-05
6.43215e-05
6.43212e-05
6.43208e-05
6.43205e-05
6.43202e-05
6.43199e-05
6.43196e-05
6.43193e-05
6.43189e-05
6.43186e-05
6.43183e-05
6.4318e-05
6.43177e-05
6.43174e-05
6.4317e-05
6.43167e-05
6.43164e-05
6.43161e-05
6.43158e-05
6.43155e-05
6.43152e-05
6.43148e-05
6.43145e-05
6.43142e-05
6.43139e-05
6.43136e-05
6.43133e-05
6.43129e-05
6.43126e-05
6.43123e-05
6.4312e-05
6.43117e-05
6.43114e-05
6.43111e-05
6.43107e-05
6.43104e-05
6.43101e-05
6.43098e-05
6.43095e-05
6.43092e-05
6.43089e-05
6.43085e-05
6.43082e-05
6.43079e-05
6.43076e-05
6.43073e-05
6.4307e-05
6.43067e-05
6.43064e-05
6.4306e-05
6.43057e-05
6.43054e-05
6.43051e-05
6.43048e-05
6.43045e-05
6.43042e-05
6.43039e-05
6.43035e-05
6.43032e-05
6.43029e-05
6.43026e-05
6.43023e-05
6.4302e-05
6.43017e-05
6.43014e-05
6.4301e-05
6.43007e-05
6.43004e-05
6.43001e-05
6.42998e-05
6.42995e-05
6.42992e-05
6.42989e-05
6.42986e-05
6.42982e-05
6.42979e-05
6.42976e-05
6.42973e-05
6.4297e-05
6.42967e-05
6.42964e-05
6.42961e-05
6.42958e-05
6.42954e-05
6.42951e-05
6.42948e-05
6.42945e-05
6.42942e-05
6.42939e-05
6.42936e-05
6.42933e-05
6.4293e-05
6.42927e-05
6.42924e-05
6.4292e-05
6.42917e-05
6.42914e-05
6.42911e-05
6.42908e-05
6.42905e-05
6.42902e-05
6.42899e-05
6.42896e-05
6.42893e-05
6.4289e-05
6.42886e-05
6.42883e-05
6.4288e-05
6.42877e-05
6.42874e-05
6.42871e-05
6.42868e-05
6.42865e-05
6.42862e-05
6.42859e-05
6.42856e-05
6.42853e-05
6.4285e-05
6.42846e-05
6.42843e-05
6.4284e-05
6.42837e-05
6.42834e-05
6.42831e-05
6.42828e-05
6.42825e-05
6.42822e-05
6.42819e-05
6.42816e-05
6.42813e-05
6.4281e-05
6.42807e-05
6.42804e-05
6.428e-05
6.42797e-05
6.42794e-05
6.42791e-05
6.42788e-05
6.42785e-05
6.42782e-05
6.42779e-05
6.42776e-05
6.42773e-05
6.4277e-05
6.42767e-05
6.42764e-05
6.42761e-05
6.42758e-05
6.42755e-05
6.42752e-05
6.42749e-05
6.42745e-05
6.42742e-05
6.42739e-05
6.42736e-05
6.42733e-05
6.4273e-05
6.42727e-05
6.42724e-05
6.42721e-05
6.42718e-05
6.42715e-05
6.42712e-05
6.42709e-05
6.42706e-05
6.42703e-05
6.427e-05
6.42697e-05
6.42694e-05
6.42691e-05
6.42688e-05
6.42685e-05
6.42682e-05
6.42679e-05
6.42676e-05
6.42673e-05
6.4267e-05
6.42667e-05
6.42664e-05
6.4266e-05
6.42657e-05
6.42654e-05
6.42651e-05
6.42648e-05
6.42645e-05
6.42642e-05
6.42639e-05
6.42636e-05
6.42633e-05
6.4263e-05
6.42627e-05
6.42624e-05
6.42621e-05
6.42618e-05
6.42615e-05
6.42612e-05
6.42609e-05
6.42606e-05
6.42603e-05
6.426e-05
6.42597e-05
6.42594e-05
6.42591e-05
6.42588e-05
6.42585e-05
6.42582e-05
6.42579e-05
6.42576e-05
6.42573e-05
6.4257e-05
6.42567e-05
6.42564e-05
6.42561e-05
6.42558e-05
6.42555e-05
6.42552e-05
6.42549e-05
6.42546e-05
6.42543e-05
6.4254e-05
6.42537e-05
6.42534e-05
6.42531e-05
6.42528e-05
6.42525e-05
6.42522e-05
6.42519e-05
6.42516e-05
6.42513e-05
6.4251e-05
6.42507e-05
6.42504e-05
6.42501e-05
6.42498e-05
6.42495e-05
6.42492e-05
6.42489e-05
6.42486e-05
6.42483e-05
6.4248e-05
6.42477e-05
6.42474e-05
6.42471e-05
6.42468e-05
6.42465e-05
6.42462e-05
6.42459e-05
6.42457e-05
6.42454e-05
6.42451e-05
6.42448e-05
6.42445e-05
6.42442e-05
6.42439e-05
6.42436e-05
6.42433e-05
6.4243e-05
6.42427e-05
6.42424e-05
6.42421e-05
6.42418e-05
6.42415e-05
6.42412e-05
6.42409e-05
6.42406e-05
6.42403e-05
6.424e-05
6.42397e-05
6.42394e-05
6.42391e-05
6.42388e-05
6.42385e-05
6.42382e-05
6.42379e-05
6.42376e-05
6.42373e-05
6.42371e-05
6.42368e-05
6.42365e-05
6.42362e-05
6.42359e-05
6.42356e-05
6.42353e-05
6.4235e-05
6.42347e-05
6.42344e-05
6.42341e-05
6.42338e-05
6.42335e-05
6.42332e-05
6.42329e-05
6.42326e-05
6.42323e-05
6.4232e-05
6.42317e-05
6.42315e-05
6.42312e-05
6.42309e-05
6.42306e-05
6.42303e-05
6.423e-05
6.42297e-05
6.42294e-05
6.42291e-05
6.42288e-05
6.42285e-05
6.42282e-05
6.42279e-05
6.42276e-05
6.42273e-05
6.4227e-05
6.42268e-05
6.42265e-05
6.42262e-05
6.42259e-05
6.42256e-05
6.42253e-05
6.4225e-05
6.42247e-05
6.42244e-05
6.42241e-05
6.42238e-05
6.42235e-05
6.42232e-05
6.4223e-05
6.42227e-05
6.42224e-05
6.42221e-05
6.42218e-05
6.42215e-05
6.42212e-05
6.42209e-05
6.42206e-05
6.42203e-05
6.422e-05
6.42197e-05
6.42195e-05
6.42192e-05
6.42189e-05
6.42186e-05
6.42183e-05
6.4218e-05
6.42177e-05
6.42174e-05
6.42171e-05
6.42168e-05
6.42165e-05
6.42163e-05
6.4216e-05
6.42157e-05
6.42154e-05
6.42151e-05
6.42148e-05
6.42145e-05
6.42142e-05
6.42139e-05
6.42136e-05
6.42133e-05
6.42131e-05
6.42128e-05
6.42125e-05
6.42122e-05
6.42119e-05
6.42116e-05
6.42113e-05
6.4211e-05
6.42107e-05
6.42105e-05
6.42102e-05
6.42099e-05
6.42096e-05
6.42093e-05
6.4209e-05
6.42087e-05
6.42084e-05
6.42081e-05
6.42079e-05
6.42076e-05
6.42073e-05
6.4207e-05
6.42067e-05
6.42064e-05
6.42061e-05
6.42058e-05
6.42055e-05
6.42053e-05
6.4205e-05
6.42047e-05
6.42044e-05
6.42041e-05
6.42038e-05
6.42035e-05
6.42032e-05
6.4203e-05
6.42027e-05
6.42024e-05
6.42021e-05
6.42018e-05
6.42015e-05
6.42012e-05
6.42009e-05
6.42007e-05
6.42004e-05
6.42001e-05
6.41998e-05
6.41995e-05
6.41992e-05
6.41989e-05
6.41986e-05
6.41984e-05
6.41981e-05
6.41978e-05
6.41975e-05
6.41972e-05
6.41969e-05
6.41966e-05
6.41964e-05
6.41961e-05
6.41958e-05
6.41955e-05
6.41952e-05
6.41949e-05
6.41946e-05
6.41944e-05
6.41941e-05
6.41938e-05
6.41935e-05
6.41932e-05
6.41929e-05
6.41926e-05
6.41924e-05
6.41921e-05
6.41918e-05
6.41915e-05
6.41912e-05
6.41909e-05
6.41906e-05
6.41904e-05
6.41901e-05
6.41898e-05
6.41895e-05
6.41892e-05
6.41889e-05
6.41886e-05
6.41884e-05
6.41881e-05
6.41878e-05
6.41875e-05
6.41872e-05
6.41869e-05
6.41867e-05
6.41864e-05
6.41861e-05
6.41858e-05
6.41855e-05
6.41852e-05
6.4185e-05
6.41847e-05
6.41844e-05
6.41841e-05
6.41838e-05
6.41835e-05
6.41833e-05
6.4183e-05
6.41827e-05
6.41824e-05
6.41821e-05
6.41818e-05
6.41816e-05
6.41813e-05
6.4181e-05
6.41807e-05
6.41804e-05
6.41801e-05
6.41799e-05
6.41796e-05
6.41793e-05
6.4179e-05
6.41787e-05
6.41784e-05
6.41782e-05
6.41779e-05
6.41776e-05
6.41773e-05
6.4177e-05
6.41767e-05
6.41765e-05
6.41762e-05
6.41759e-05
6.41756e-05
6.41753e-05
6.41751e-05
6.41748e-05
6.41745e-05
6.41742e-05
6.41739e-05
6.41736e-05
6.41734e-05
6.41731e-05
6.41728e-05
6.41725e-05
6.41722e-05
6.4172e-05
6.41717e-05
6.41714e-05
6.41711e-05
6.41708e-05
6.41706e-05
6.41703e-05
6.417e-05
6.41697e-05
6.41694e-05
6.41692e-05
6.41689e-05
6.41686e-05
6.41683e-05
6.4168e-05
6.41678e-05
6.41675e-05
6.41672e-05
6.41669e-05
6.41666e-05
6.41664e-05
6.41661e-05
6.41658e-05
6.41655e-05
6.41652e-05
6.4165e-05
6.41647e-05
6.41644e-05
6.41641e-05
6.41638e-05
6.41636e-05
6.41633e-05
6.4163e-05
6.41627e-05
6.41624e-05
6.41622e-05
6.41619e-05
6.41616e-05
6.41613e-05
6.4161e-05
6.41608e-05
6.41605e-05
6.41602e-05
6.41599e-05
6.41597e-05
6.41594e-05
6.41591e-05
6.41588e-05
6.41585e-05
6.41583e-05
6.4158e-05
6.41577e-05
6.41574e-05
6.41571e-05
6.41569e-05
6.41566e-05
6.41563e-05
6.4156e-05
6.41558e-05
6.41555e-05
6.41552e-05
6.41549e-05
6.41546e-05
6.41544e-05
6.41541e-05
6.41538e-05
6.41535e-05
6.41533e-05
6.4153e-05
6.41527e-05
6.41524e-05
6.41521e-05
6.41519e-05
6.41516e-05
6.41513e-05
6.4151e-05
6.41508e-05
6.41505e-05
6.41502e-05
6.41499e-05
6.41497e-05
6.41494e-05
6.41491e-05
6.41488e-05
6.41486e-05
6.41483e-05
6.4148e-05
6.41477e-05
6.41474e-05
6.41472e-05
6.41469e-05
6.41466e-05
6.41463e-05
6.41461e-05
6.41458e-05
6.41455e-05
6.41452e-05
6.4145e-05
6.41447e-05
6.41444e-05
6.41441e-05
6.41439e-05
6.41436e-05
6.41433e-05
6.4143e-05
6.41428e-05
6.41425e-05
6.41422e-05
6.41419e-05
6.41417e-05
6.41414e-05
6.41411e-05
6.41408e-05
6.41406e-05
6.41403e-05
6.414e-05
6.41397e-05
6.41395e-05
6.41392e-05
6.41389e-05
6.41386e-05
6.41384e-05
6.41381e-05
6.41378e-05
6.41375e-05
6.41373e-05
6.4137e-05
6.41367e-05
6.41364e-05
6.41362e-05
6.41359e-05
6.41356e-05
6.41353e-05
6.41351e-05
6.41348e-05
6.41345e-05
6.41342e-05
6.4134e-05
6.41337e-05
6.41334e-05
6.41332e-05
6.41329e-05
6.41326e-05
6.41323e-05
6.41321e-05
6.41318e-05
6.41315e-05
6.41312e-05
6.4131e-05
6.41307e-05
6.41304e-05
6.41302e-05
6.41299e-05
6.41296e-05
6.41293e-05
6.41291e-05
6.41288e-05
6.41285e-05
6.41282e-05
6.4128e-05
6.41277e-05
6.41274e-05
6.41272e-05
6.41269e-05
6.41266e-05
6.41263e-05
6.41261e-05
6.41258e-05
6.41255e-05
6.41252e-05
6.4125e-05
6.41247e-05
6.41244e-05
6.41242e-05
6.41239e-05
6.41236e-05
6.41233e-05
6.41231e-05
6.41228e-05
6.41225e-05
6.41223e-05
6.4122e-05
6.41217e-05
6.41214e-05
6.41212e-05
6.41209e-05
6.41206e-05
6.41204e-05
6.41201e-05
6.41198e-05
6.41195e-05
6.41193e-05
6.4119e-05
6.41187e-05
6.41185e-05
6.41182e-05
6.41179e-05
6.41176e-05
6.41174e-05
6.41171e-05
6.41168e-05
6.41166e-05

