5e-05
5e-05
5e-05
5e-05
5e-05
5e-05
5e-05
5e-05
5e-05
5e-05
5e-05
5e-05
5e-05
5e-05
5e-05
5e-05
5e-05
5e-05
5e-05
5e-05
5e-05
5e-05
5e-05
5e-05
5e-05
5e-05
5e-05
5e-05
5e-05
5e-05
5e-05
5e-05
5e-05
5e-05
5e-05
5e-05
5e-05
5e-05
5e-05
5e-05
5e-05
5e-05
5e-05
5e-05
5e-05
5e-05
5e-05
5e-05
5e-05
5e-05
5e-05
5e-05
5e-05
5e-05
5e-05
5e-05
5e-05
5e-05
5e-05
5e-05
5e-05
5e-05
5e-05
5e-05
5e-05
5e-05
5e-05
5e-05
5e-05
5e-05
5e-05
5e-05
5e-05
5e-05
5e-05
5e-05
5e-05
5e-05
5e-05
5e-05
5e-05
5e-05
5e-05
5e-05
5e-05
5e-05
5e-05
5e-05
5e-05
5e-05
5e-05
5e-05
5e-05
5e-05
5e-05
5e-05
5e-05
5e-05
5e-05
5e-05
5e-05
5e-05
5e-05
5e-05
5e-05
5e-05
5e-05
5e-05
5e-05
5e-05
5e-05
5e-05
5e-05
5e-05
5e-05
5e-05
5e-05
5e-05
5e-05
5e-05
5e-05
5e-05
5e-05
5e-05
5e-05
5e-05
5e-05
5e-05
5e-05
5e-05
5e-05
5e-05
5e-05
5e-05
5e-05
5e-05
5e-05
5e-05
5e-05
5e-05
5e-05
5e-05
5e-05
5e-05
5e-05
5e-05
5e-05
5e-05
5e-05
5e-05
5e-05
5e-05
5e-05
5e-05
5e-05
5e-05
5e-05
5e-05
5e-05
5e-05
5e-05
5e-05
5e-05
5e-05
5e-05
5e-05
5e-05
5e-05
5e-05
5e-05
5e-05
5e-05
5e-05
5e-05
5e-05
5e-05
5e-05
5e-05
5e-05
5e-05
5e-05
5e-05
5e-05
5e-05
5e-05
5e-05
5e-05
5e-05
5e-05
5e-05
5e-05
5e-05
5e-05
5e-05
5e-05
5e-05
5e-05
5e-05
5e-05
5e-05
5e-05
5e-05
5e-05
5e-05
5e-05
5e-05
5e-05
5e-05
5e-05
5e-05
5e-05
5e-05
5e-05
5e-05
5e-05
5e-05
5e-05
5e-05
5e-05
5e-05
5e-05
5e-05
5e-05
5e-05
5e-05
5e-05
5e-05
5e-05
5e-05
5e-05
5e-05
5e-05
5e-05
5e-05
5e-05
5e-05
5e-05
5e-05
5e-05
5e-05
5e-05
5e-05
5e-05
5e-05
5e-05
5e-05
5e-05
5e-05
5e-05
5e-05
5e-05
5e-05
5e-05
5e-05
5e-05
5e-05
5e-05
5e-05
5e-05
5e-05
5e-05
5e-05
5e-05
5e-05
5e-05
5e-05
5e-05
5e-05
5e-05
5e-05
5e-05
5e-05
5e-05
5e-05
5e-05
5e-05
5e-05
5e-05
5e-05
5e-05
5e-05
5e-05
5e-05
5e-05
5e-05
5e-05
5e-05
5e-05
5e-05
5e-05
5e-05
5e-05
5e-05
5e-05
5e-05
5e-05
5e-05
5e-05
5e-05
5e-05
5e-05
5e-05
5e-05
5e-05
5e-05
5e-05
5e-05
5e-05
5e-05
5e-05
5e-05
5e-05
5e-05
5e-05
5e-05
5e-05
5e-05
5e-05
5e-05
5e-05
5e-05
5e-05
5e-05
5e-05
5e-05
5e-05
5e-05
5e-05
5e-05
5e-05
5e-05
5e-05
5e-05
5e-05
5e-05
5e-05
5e-05
5e-05
5e-05
5e-05
5e-05
5e-05
5e-05
5e-05
5e-05
5e-05
5e-05
5e-05
5e-05
5e-05
5e-05
5e-05
5e-05
5e-05
5e-05
5e-05
5e-05
5e-05
5e-05
5e-05
5e-05
5e-05
5e-05
5e-05
5e-05
5e-05
5e-05
5e-05
5e-05
5e-05
5e-05
5e-05
5e-05
5e-05
5e-05
5e-05
5e-05
5e-05
5e-05
5e-05
5e-05
5e-05
5e-05
5e-05
5e-05
5e-05
5e-05
5e-05
5e-05
5e-05
5e-05
5e-05
5e-05
5e-05
5e-05
5e-05
5e-05
5e-05
5e-05
5e-05
5e-05
5e-05
5e-05
5e-05
5e-05
5e-05
5e-05
5e-05
5e-05
5e-05
5e-05
5e-05
5e-05
5e-05
5e-05
5e-05
5e-05
5e-05
5e-05
5e-05
5e-05
5e-05
5e-05
5e-05
5e-05
5e-05
5e-05
5e-05
5e-05
5e-05
5e-05
5e-05
5e-05
5e-05
5e-05
5e-05
5e-05
5e-05
5e-05
5e-05
5e-05
5e-05
5e-05
5e-05
5e-05
5e-05
5e-05
5e-05
5e-05
5e-05
5e-05
5e-05
5e-05
5e-05
5e-05
5e-05
5e-05
5e-05
5e-05
5e-05
5e-05
5e-05
5e-05
5e-05
5e-05
5e-05
5e-05
5e-05
5e-05
5e-05
5e-05
5e-05
5e-05
5e-05
5e-05
5e-05
5e-05
5e-05
5e-05
5e-05
5e-05
5e-05
5e-05
5e-05
5e-05
5e-05
5e-05
5e-05
5e-05
5e-05
5e-05
5e-05
5e-05
5e-05
5e-05
5e-05
5e-05
5e-05
5e-05
5e-05
5e-05
5e-05
5e-05
5e-05
5e-05
5e-05
5e-05
5e-05
5e-05
5e-05
5e-05
5e-05
5e-05
5e-05
5e-05
5e-05
5e-05
5e-05
5e-05
5e-05
5e-05
5e-05
5e-05
5e-05
5e-05
5e-05
5e-05
5e-05
5e-05
5e-05
5e-05
5e-05
5e-05
5e-05
5e-05
5e-05
5e-05
5e-05
5e-05
5e-05
5e-05
5e-05
5e-05
5e-05
5e-05
5e-05
5e-05
5e-05
5e-05
5e-05
5e-05
5e-05
5e-05
5e-05
5e-05
5e-05
5e-05
5e-05
5e-05
5e-05
5e-05
5e-05
5e-05
5e-05
5e-05
5e-05
5e-05
5e-05
5e-05
5e-05
5e-05
5e-05
5e-05
5e-05
5e-05
5e-05
5e-05
5e-05
5e-05
5e-05
5e-05
5e-05
5e-05
5e-05
5e-05
5e-05
5e-05
5e-05
5e-05
5e-05
5e-05
5e-05
5e-05
5e-05
5e-05
5e-05
5e-05
5e-05
5e-05
5e-05
5e-05
5e-05
5e-05
5e-05
5e-05
5e-05
5e-05
5e-05
5e-05
5e-05
5e-05
5e-05
5e-05
5e-05
5e-05
5e-05
5e-05
5e-05
5e-05
5e-05
5e-05
5e-05
5e-05
5e-05
5e-05
5e-05
5e-05
5e-05
5e-05
5e-05
5e-05
5e-05
5e-05
5e-05
5e-05
5e-05
5e-05
5e-05
5e-05
5e-05
5e-05
5e-05
5e-05
5e-05
5e-05
5e-05
5e-05
5e-05
5e-05
5e-05
5e-05
5e-05
5e-05
5e-05
5e-05
5e-05
5e-05
5e-05
5e-05
5e-05
5e-05
5e-05
5e-05
5e-05
5e-05
5e-05
5e-05
5e-05
5e-05
5e-05
5e-05
5e-05
5e-05
5e-05
5e-05
5e-05
5e-05
5e-05
5e-05
5e-05
5e-05
5e-05
5e-05
5e-05
5e-05
5e-05
5e-05
5e-05
5e-05
5e-05
5e-05
5e-05
5e-05
5e-05
5e-05
5e-05
5e-05
5e-05
5e-05
5e-05
5e-05
5e-05
5e-05
5e-05
5e-05
5e-05
5e-05
5e-05
5e-05
5e-05
5e-05
5e-05
5e-05
5e-05
5e-05
5e-05
5e-05
5e-05
5e-05
5e-05
5e-05
5e-05
5e-05
5e-05
5e-05
5e-05
5e-05
5e-05
5e-05
5e-05
5e-05
5e-05
5e-05
5e-05
5e-05
5e-05
5e-05
5e-05
5e-05
5e-05
5e-05
5e-05
5e-05
5e-05
5e-05
5e-05
5e-05
5e-05
5e-05
5e-05
5e-05
5e-05
5e-05
5e-05
5e-05
5e-05
5e-05
5e-05
5e-05
5e-05
5e-05
5e-05
5e-05
5e-05
5e-05
5e-05
5e-05
5e-05
5e-05
5e-05
5e-05
5e-05
5e-05
5e-05
5e-05
5e-05
5e-05
5e-05
5e-05
5e-05
5e-05
5e-05
5e-05
5e-05
5e-05
5e-05
5e-05
5e-05
5e-05
5e-05
5e-05
5e-05
5e-05
5e-05
5e-05
5e-05
5e-05
5e-05
5e-05
5e-05
5e-05
7.91984e-05
0.000103735
0.000125056
0.000144118
0.000161564
0.000177836
0.000193244
0.000208007
0.000222284
0.00023619
0.000249813
0.000263215
0.000276446
0.000289543
0.000302533
0.000315438
0.000328275
0.000341056
0.000353792
0.00036649
0.000379156
0.000391794
0.000404408
0.000417002
0.000429576
0.000442134
0.000454675
0.000467202
0.000479715
0.000492214
0.000504701
0.000517175
0.000529637
0.000542087
0.000554526
0.000566953
0.000579368
0.000591773
0.000604166
0.000616549
0.00062892
0.000641281
0.00065363
0.000665969
0.000678298
0.000690615
0.000702922
0.000715218
0.000727504
0.000739779
0.000752043
0.000764298
0.000776541
0.000788775
0.000800998
0.00081321
0.000825412
0.000837605
0.000849786
0.000861958
0.000874119
0.000886271
0.000898412
0.000910543
0.000922664
0.000934775
0.000946876
0.000958967
0.000971048
0.00098312
0.000995181
0.00100723
0.00101927
0.00103131
0.00104333
0.00105534
0.00106734
0.00107934
0.00109132
0.00110329
0.00108606
0.00107347
0.00106407
0.00105692
0.00105137
0.00104699
0.00104345
0.00104055
0.00103813
0.00103606
0.00103426
0.00103268
0.00103125
0.00102995
0.00102875
0.00102761
0.00102654
0.00102551
0.00102452
0.00102355
0.0010226
0.00102167
0.00102075
0.00101985
0.00101895
0.00101806
0.00101717
0.00101629
0.00101541
0.00101453
0.00101366
0.00101279
0.00101192
0.00101105
0.00101018
0.00100932
0.00100845
0.00100759
0.00100672
0.00100586
0.001005
0.00100414
0.00100328
0.00100242
0.00100156
0.00100071
0.00099985
0.000998994
0.000998139
0.000997285
0.000996431
0.000995578
0.000994726
0.000993874
0.000993023
0.000992173
0.000991324
0.000990475
0.000989627
0.000988779
0.000987933
0.000987087
0.000986241
0.000985397
0.000984553
0.00098371
0.000982867
0.000982025
0.000981184
0.000980344
0.000979504
0.000978665
0.000977827
0.000976989
0.000976152
0.000975316
0.000974481
0.000973646
0.000972812
0.000971978
0.000971145
0.000970313
0.000969482
0.000968651
0.000967821
0.000966992
0.000966163
0.000965335
0.000964508
0.000963681
0.000962855
0.00096203
0.000961205
0.000960382
0.000959558
0.000958736
0.000957914
0.000957093
0.000956273
0.000955453
0.000954634
0.000953815
0.000952998
0.00095218
0.000951364
0.000950548
0.000949733
0.000948919
0.000948105
0.000947292
0.00094648
0.000945669
0.000944858
0.000944047
0.000943238
0.000942429
0.000941621
0.000940813
0.000940006
0.0009392
0.000938394
0.000937589
0.000936785
0.000935982
0.000935179
0.000934376
0.000933575
0.000932774
0.000931974
0.000931174
0.000930375
0.000929577
0.00092878
0.000927983
0.000927186
0.000926391
0.000925596
0.000924802
0.000924008
0.000923215
0.000922423
0.000921632
0.000920841
0.00092005
0.000919261
0.000918472
0.000917684
0.000916896
0.000916109
0.000915323
0.000914537
0.000913752
0.000912968
0.000912184
0.000911401
0.000910619
0.000909837
0.000909056
0.000908276
0.000907496
0.000906717
0.000905938
0.000905161
0.000904383
0.000903607
0.000902831
0.000902056
0.000901281
0.000900508
0.000899734
0.000898962
0.00089819
0.000897419
0.000896648
0.000895878
0.000895109
0.00089434
0.000893572
0.000892804
0.000892038
0.000891272
0.000890506
0.000889741
0.000888977
0.000888213
0.000887451
0.000886688
0.000885927
0.000885166
0.000884405
0.000883646
0.000882887
0.000882128
0.00088137
0.000880613
0.000879857
0.000879101
0.000878346
0.000877591
0.000876837
0.000876084
0.000875331
0.000874579
0.000873828
0.000873077
0.000872327
0.000871577
0.000870828
0.00087008
0.000869332
0.000868585
0.000867839
0.000867093
0.000866348
0.000865604
0.00086486
0.000864116
0.000863374
0.000862632
0.000861891
0.00086115
0.00086041
0.00085967
0.000858931
0.000858193
0.000857456
0.000856719
0.000855982
0.000855247
0.000854511
0.000853777
0.000853043
0.00085231
0.000851577
0.000850845
0.000850114
0.000849383
0.000848653
0.000847923
0.000847194
0.000846466
0.000845738
0.000845011
0.000844285
0.000843559
0.000842834
0.000842109
0.000841385
0.000840662
0.000839939
0.000839217
0.000838496
0.000837775
0.000837054
0.000836335
0.000835616
0.000834897
0.000834179
0.000833462
0.000832745
0.000832029
0.000831314
0.000830599
0.000829885
0.000829171
0.000828458
0.000827746
0.000827034
0.000826323
0.000825612
0.000824902
0.000824193
0.000823484
0.000822776
0.000822068
0.000821361
0.000820655
0.000819949
0.000819244
0.00081854
0.000817836
0.000817132
0.00081643
0.000815727
0.000815026
0.000814325
0.000813624
0.000812925
0.000812226
0.000811527
0.000810829
0.000810132
0.000809435
0.000808739
0.000808043
0.000807348
0.000806654
0.00080596
0.000805266
0.000804574
0.000803882
0.00080319
0.000802499
0.000801809
0.000801119
0.00080043
0.000799742
0.000799054
0.000798367
0.00079768
0.000796994
0.000796308
0.000795623
0.000794939
0.000794255
0.000793572
0.000792889
0.000792207
0.000791525
0.000790845
0.000790164
0.000789484
0.000788805
0.000788127
0.000787449
0.000786771
0.000786095
0.000785418
0.000784743
0.000784068
0.000783393
0.000782719
0.000782046
0.000781373
0.000780701
0.000780029
0.000779358
0.000778688
0.000778018
0.000777348
0.00077668
0.000776011
0.000775344
0.000774677
0.00077401
0.000773344
0.000772679
0.000772014
0.00077135
0.000770687
0.000770024
0.000769361
0.000768699
0.000768038
0.000767377
0.000766717
0.000766057
0.000765398
0.00076474
0.000764082
0.000763424
0.000762768
0.000762111
0.000761456
0.000760801
0.000760146
0.000759492
0.000758839
0.000758186
0.000757534
0.000756882
0.000756231
0.00075558
0.00075493
0.000754281
0.000753632
0.000752983
0.000752336
0.000751688
0.000751042
0.000750395
0.00074975
0.000749105
0.00074846
0.000747816
0.000747173
0.00074653
0.000745888
0.000745246
0.000744605
0.000743965
0.000743325
0.000742685
0.000742046
0.000741408
0.00074077
0.000740133
0.000739496
0.00073886
0.000738224
0.000737589
0.000736955
0.000736321
0.000735687
0.000735054
0.000734422
0.00073379
0.000733159
0.000732528
0.000731898
0.000731269
0.00073064
0.000730011
0.000729383
0.000728756
0.000728129
0.000727503
0.000726877
0.000726251
0.000725627
0.000725003
0.000724379
0.000723756
0.000723133
0.000722511
0.00072189
0.000721269
0.000720649
0.000720029
0.000719409
0.000718791
0.000718172
0.000717555
0.000716937
0.000716321
0.000715705
0.000715089
0.000714474
0.00071386
0.000713246
0.000712632
0.000712019
0.000711407
0.000710795
0.000710184
0.000709573
0.000708963
0.000708353
0.000707744
0.000707135
0.000706527
0.00070592
0.000705312
0.000704706
0.0007041
0.000703494
0.000702889
0.000702285
0.000701681
0.000701078
0.000700475
0.000699873
0.000699271
0.000698669
0.000698069
0.000697468
0.000696869
0.00069627
0.000695671
0.000695073
0.000694475
0.000693878
0.000693281
0.000692685
0.00069209
0.000691495
0.0006909
0.000690306
0.000689713
0.00068912
0.000688527
0.000687935
0.000687344
0.000686753
0.000686163
0.000685573
0.000684984
0.000684395
0.000683806
0.000683219
0.000682631
0.000682044
0.000681458
0.000680872
0.000680287
0.000679702
0.000679118
0.000678535
0.000677951
0.000677369
0.000676786
0.000676205
0.000675624
0.000675043
0.000674463
0.000673883
0.000673304
0.000672725
0.000672147
0.00067157
0.000670993
0.000670416
0.00066984
0.000669264
0.000668689
0.000668115
0.00066754
0.000666967
0.000666394
0.000665821
0.000665249
0.000664678
0.000664106
0.000663536
0.000662966
0.000662396
0.000661827
0.000661259
0.00066069
0.000660123
0.000659556
0.000658989
0.000658423
0.000657858
0.000657292
0.000656728
0.000656164
0.0006556
0.000655037
0.000654474
0.000653912
0.000653351
0.000652789
0.000652229
0.000651669
0.000651109
0.00065055
0.000649991
0.000649433
0.000648875
0.000648318
0.000647761
0.000647205
0.000646649
0.000646094
0.000645539
0.000644985
0.000644431
0.000643878
0.000643325
0.000642773
0.000642221
0.000641669
0.000641119
0.000640568
0.000640018
0.000639469
0.00063892
0.000638371
0.000637823
0.000637276
0.000636729
0.000636182
0.000635636
0.000635091
0.000634546
0.000634001
0.000633457
0.000632913
0.00063237
0.000631827
0.000631285
0.000630743
0.000630202
0.000629661
0.000629121
0.000628581
0.000628042
0.000627503
0.000626965
0.000626427
0.000625889
0.000625352
0.000624816
0.00062428
0.000623744
0.000623209
0.000622674
0.00062214
0.000621607
0.000621073
0.000620541
0.000620008
0.000619477
0.000618945
0.000618415
0.000617884
0.000617354
0.000616825
0.000616296
0.000615767
0.000615239
0.000614712
0.000614185
0.000613658
0.000613132
0.000612606
0.000612081
0.000611556
0.000611032
0.000610508
0.000609984
0.000609462
0.000608939
0.000608417
0.000607896
0.000607374
0.000606854
0.000606334
0.000605814
0.000605295
0.000604776
0.000604258
0.00060374
0.000603222
0.000602705
0.000602189
0.000601673
0.000601157
0.000600642
0.000600128
0.000599613
0.0005991
0.000598586
0.000598074
0.000597561
0.000597049
0.000596538
0.000596027
0.000595516
0.000595006
0.000594497
0.000593987
0.000593479
0.00059297
0.000592462
0.000591955
0.000591448
0.000590942
0.000590436
0.00058993
0.000589425
0.00058892
0.000588416
0.000587912
0.000587409
0.000586906
0.000586403
0.000585901
0.0005854
0.000584899
0.000584398
0.000583898
0.000583398
0.000582899
0.0005824
0.000581901
0.000581403
0.000580906
0.000580409
0.000579912
0.000579416
0.00057892
0.000578425
0.00057793
0.000577435
0.000576941
0.000576448
0.000575954
0.000575462
0.000574969
0.000574478
0.000573986
0.000573495
0.000573005
0.000572515
0.000572025
0.000571536
0.000571047
0.000570559
0.000570071
0.000569583
0.000569096
0.00056861
0.000568123
0.000567638
0.000567152
0.000566668
0.000566183
0.000565699
0.000565216
0.000564732
0.00056425
0.000563767
0.000563286
0.000562804
0.000562323
0.000561843
0.000561362
0.000560883
0.000560404
0.000559925
0.000559446
0.000558968
0.000558491
0.000558014
0.000557537
0.000557061
0.000556585
0.000556109
0.000555634
0.00055516
0.000554686
0.000554212
0.000553738
0.000553266
0.000552793
0.000552321
0.000551849
0.000551378
0.000550908
0.000550437
0.000549967
0.000549498
0.000549029
0.00054856
0.000548092
0.000547624
0.000547156
0.000546689
0.000546223
0.000545757
0.000545291
0.000544826
0.000544361
0.000543896
0.000543432
0.000542969
0.000542505
0.000542042
0.00054158
0.000541118
0.000540656
0.000540195
0.000539734
0.000539274
0.000538814
0.000538355
0.000537896
0.000537437
0.000536979
0.000536521
0.000536063
0.000535606
0.00053515
0.000534693
0.000534238
0.000533782
0.000533327
0.000532872
0.000532418
0.000531965
0.000531511
0.000531058
0.000530606
0.000530153
0.000529702
0.00052925
0.000528799
0.000528349
0.000527899
0.000527449
0.000527
0.000526551
0.000526102
0.000525654
0.000525207
0.000524759
0.000524312
0.000523866
0.00052342
0.000522974
0.000522529
0.000522084
0.000521639
0.000521195
0.000520752
0.000520308
0.000519865
0.000519423
0.000518981
0.000518539
0.000518098
0.000517657
0.000517216
0.000516776
0.000516337
0.000515897
0.000515458
0.00051502
0.000514582
0.000514144
0.000513707
0.00051327
0.000512833
0.000512397
0.000511961
0.000511526
0.000511091
0.000510656
0.000510222
0.000509788
0.000509355
0.000508922
0.000508489
0.000508057
0.000507625
0.000507194
0.000506762
0.000506332
0.000505901
0.000505472
0.000505042
0.000504613
0.000504184
0.000503756
0.000503328
0.0005029
0.000502473
0.000502046
0.00050162
0.000501194
0.000500768
0.000500343
0.000499918
0.000499493
0.000499069
0.000498646
0.000498222
0.000497799
0.000497377
0.000496954
0.000496533
0.000496111
0.00049569
0.000495269
0.000494849
0.000494429
0.00049401
0.00049359
0.000493172
0.000492753
0.000492335
0.000491918
0.0004915
0.000491083
0.000490667
0.000490251
0.000489835
0.00048942
0.000489005
0.00048859
0.000488176
0.000487762
0.000487348
0.000486935
0.000486522
0.00048611
0.000485698
0.000485286
0.000484875
0.000484464
0.000484054
0.000483643
0.000483234
0.000482824
0.000482415
0.000482006
0.000481598
0.00048119
0.000480783
0.000480376
0.000479969
0.000479562
0.000479156
0.00047875
0.000478345
0.00047794
0.000477536
0.000477131
0.000476727
0.000476324
0.000475921
0.000475518
0.000475116
0.000474713
0.000474312
0.00047391
0.00047351
0.000473109
0.000472709
0.000472309
0.000471909
0.00047151
0.000471111
0.000470713
0.000470315
0.000469917
0.00046952
0.000469123
0.000468726
0.00046833
0.000467934
0.000467539
0.000467144
0.000466749
0.000466354
0.00046596
0.000465567
0.000465173
0.00046478
0.000464387
0.000463995
0.000463603
0.000463212
0.00046282
0.00046243
0.000462039
0.000461649
0.000461259
0.00046087
0.00046048
0.000460092
0.000459703
0.000459315
0.000458928
0.00045854
0.000458153
0.000457767
0.00045738
0.000456994
0.000456609
0.000456224
0.000455839
0.000455454
0.00045507
0.000454686
0.000454303
0.00045392
0.000453537
0.000453155
0.000452772
0.000452391
0.000452009
0.000451628
0.000451248
0.000450867
0.000450487
0.000450108
0.000449728
0.000449349
0.000448971
0.000448593
0.000448215
0.000447837
0.00044746
0.000447083
0.000446706
0.00044633
0.000445954
0.000445579
0.000445204
0.000444829
0.000444454
0.00044408
0.000443707
0.000443333
0.00044296
0.000442587
0.000442215
0.000441843
0.000441471
0.0004411
0.000440728
0.000440358
0.000439987
0.000439617
0.000439248
0.000438878
0.000438509
0.00043814
0.000437772
0.000437404
0.000437036
0.000436669
0.000436302
0.000435935
0.000435569
0.000435203
0.000434837
0.000434472
0.000434107
0.000433742
0.000433378
0.000433014
0.00043265
0.000432287
0.000431924
0.000431561
0.000431199
0.000430837
0.000430475
0.000430114
0.000429753
0.000429392
0.000429032
0.000428672
0.000428312
0.000427952
0.000427593
0.000427235
0.000426876
0.000426518
0.000426161
0.000425803
0.000425446
0.000425089
0.000424733
0.000424377
0.000424021
0.000423666
0.00042331
0.000422956
0.000422601
0.000422247
0.000421893
0.00042154
0.000421187
0.000420834
0.000420481
0.000420129
0.000419777
0.000419426
0.000419074
0.000418723
0.000418373
0.000418023
0.000417673
0.000417323
0.000416974
0.000416625
0.000416276
0.000415928
0.00041558
0.000415232
0.000414885
0.000414538
0.000414191
0.000413844
0.000413498
0.000413152
0.000412807
0.000412462
0.000412117
0.000411772
0.000411428
0.000411084
0.000410741
0.000410398
0.000410055
0.000409712
0.00040937
0.000409028
0.000408686
0.000408345
0.000408004
0.000407663
0.000407322
0.000406982
0.000406642
0.000406303
0.000405964
0.000405625
0.000405286
0.000404948
0.00040461
0.000404273
0.000403935
0.000403598
0.000403262
0.000402925
0.000402589
0.000402253
0.000401918
0.000401583
0.000401248
0.000400913
0.000400579
0.000400245
0.000399912
0.000399578
0.000399245
0.000398913
0.00039858
0.000398248
0.000397917
0.000397585
0.000397254
0.000396923
0.000396592
0.000396262
0.000395932
0.000395603
0.000395273
0.000394944
0.000394616
0.000394287
0.000393959
0.000393631
0.000393304
0.000392977
0.00039265
0.000392323
0.000391997
0.000391671
0.000391345
0.00039102
0.000390695
0.00039037
0.000390045
0.000389721
0.000389397
0.000389074
0.00038875
0.000388427
0.000388104
0.000387782
0.00038746
0.000387138
0.000386817
0.000386495
0.000386174
0.000385854
0.000385533
0.000385213
0.000384894
0.000384574
0.000384255
0.000383936
0.000383618
0.000383299
0.000382981
0.000382664
0.000382346
0.000382029
0.000381712
0.000381396
0.00038108
0.000380764
0.000380448
0.000380133
0.000379818
0.000379503
0.000379189
0.000378874
0.00037856
0.000378247
0.000377934
0.000377621
0.000377308
0.000376995
0.000376683
0.000376371
0.00037606
0.000375749
0.000375438
0.000375127
0.000374816
0.000374506
0.000374196
0.000373887
0.000373578
0.000373269
0.00037296
0.000372651
0.000372343
0.000372036
0.000371728
0.000371421
0.000371114
0.000370807
0.000370501
0.000370194
0.000369889
0.000369583
0.000369278
0.000368973
0.000368668
0.000368364
0.000368059
0.000367755
0.000367452
0.000367149
0.000366846
0.000366543
0.00036624
0.000365938
0.000365636
0.000365335
0.000365033
0.000364732
0.000364431
0.000364131
0.000363831
0.000363531
0.000363231
0.000362932
0.000362632
0.000362334
0.000362035
0.000361737
0.000361439
0.000361141
0.000360843
0.000360546
0.000360249
0.000359953
0.000359656
0.00035936
0.000359064
0.000358769
0.000358474
0.000358179
0.000357884
0.000357589
0.000357295
0.000357001
0.000356708
0.000356414
0.000356121
0.000355829
0.000355536
0.000355244
0.000354952
0.00035466
0.000354369
0.000354077
0.000353786
0.000353496
0.000353205
0.000352915
0.000352626
0.000352336
0.000352047
0.000351758
0.000351469
0.00035118
0.000350892
0.000350604
0.000350317
0.000350029
0.000349742
0.000349455
0.000349169
0.000348882
0.000348596
0.00034831
0.000348025
0.000347739
0.000347454
0.00034717
0.000346885
0.000346601
0.000346317
0.000346033
0.00034575
0.000345467
0.000345184
0.000344901
0.000344619
0.000344337
0.000344055
0.000343773
0.000343492
0.000343211
0.00034293
0.000342649
0.000342369
0.000342089
0.000341809
0.00034153
0.000341251
0.000340972
0.000340693
0.000340415
0.000340136
0.000339858
0.000339581
0.000339303
0.000339026
0.000338749
0.000338473
0.000338196
0.00033792
0.000337644
0.000337369
0.000337093
0.000336818
0.000336543
0.000336269
0.000335994
0.00033572
0.000335446
0.000335173
0.000334899
0.000334626
0.000334354
0.000334081
0.000333809
0.000333537
0.000333265
0.000332993
0.000332722
0.000332451
0.00033218
0.00033191
0.000331639
0.000331369
0.0003311
0.00033083
0.000330561
0.000330292
0.000330023
0.000329755
0.000329486
0.000329218
0.000328951
0.000328683
0.000328416
0.000328149
0.000327882
0.000327615
0.000327349
0.000327083
0.000326817
0.000326552
0.000326287
0.000326022
0.000325757
0.000325492
0.000325228
0.000324964
0.0003247
0.000324437
0.000324173
0.00032391
0.000323647
0.000323385
0.000323123
0.00032286
0.000322599
0.000322337
0.000322076
0.000321815
0.000321554
0.000321293
0.000321033
0.000320773
0.000320513
0.000320253
0.000319994
0.000319735
0.000319476
0.000319217
0.000318959
0.000318701
0.000318443
0.000318185
0.000317927
0.00031767
0.000317413
0.000317156
0.0003169
0.000316644
0.000316388
0.000316132
0.000315876
0.000315621
0.000315366
0.000315111
0.000314857
0.000314602
0.000314348
0.000314094
0.000313841
0.000313587
0.000313334
0.000313081
0.000312829
0.000312576
0.000312324
0.000312072
0.00031182
0.000311569
0.000311317
0.000311066
0.000310816
0.000310565
0.000310315
0.000310065
0.000309815
0.000309565
0.000309316
0.000309067
0.000308818
0.000308569
0.000308321
0.000308072
0.000307824
0.000307577
0.000307329
0.000307082
0.000306835
0.000306588
0.000306341
0.000306095
0.000305849
0.000305603
0.000305357
0.000305112
0.000304867
0.000304622
0.000304377
0.000304132
0.000303888
0.000303644
0.0003034
0.000303157
0.000302913
0.00030267
0.000302427
0.000302184
0.000301942
0.0003017
0.000301458
0.000301216
0.000300974
0.000300733
0.000300492
0.000300251
0.00030001
0.00029977
0.00029953
0.00029929
0.00029905
0.00029881
0.000298571
0.000298332
0.000298093
0.000297855
0.000297616
0.000297378
0.00029714
0.000296902
0.000296665
0.000296428
0.00029619
0.000295954
0.000295717
0.000295481
0.000295244
0.000295008
0.000294773
0.000294537
0.000294302
0.000294067
0.000293832
0.000293597
0.000293363
0.000293129
0.000292895
0.000292661
0.000292428
0.000292194
0.000291961
0.000291728
0.000291496
0.000291263
0.000291031
0.000290799
0.000290567
0.000290336
0.000290104
0.000289873
0.000289642
0.000289412
0.000289181
0.000288951
0.000288721
0.000288491
0.000288261
0.000288032
0.000287803
0.000287574
0.000287345
0.000287117
0.000286888
0.00028666
0.000286432
0.000286205
0.000285977
0.00028575
0.000285523
0.000285296
0.00028507
0.000284843
0.000284617
0.000284391
0.000284165
0.00028394
0.000283714
0.000283489
0.000283264
0.00028304
0.000282815
0.000282591
0.000282367
0.000282143
0.00028192
0.000281696
0.000281473
0.00028125
0.000281027
0.000280805
0.000280582
0.00028036
0.000280138
0.000279916
0.000279695
0.000279473
0.000279252
0.000279031
0.000278811
0.00027859
0.00027837
0.00027815
0.00027793
0.00027771
0.000277491
0.000277272
0.000277053
0.000276834
0.000276615
0.000276397
0.000276179
0.000275961
0.000275743
0.000275525
0.000275308
0.000275091
0.000274874
0.000274657
0.00027444
0.000274224
0.000274008
0.000273792
0.000273576
0.00027336
0.000273145
0.00027293
0.000272715
0.0002725
0.000272286
0.000272071
0.000271857
0.000271643
0.00027143
0.000271216
0.000271003
0.00027079
0.000270577
0.000270364
0.000270151
0.000269939
0.000269727
0.000269515
0.000269303
0.000269092
0.00026888
0.000268669
0.000268458
0.000268248
0.000268037
0.000267827
0.000267617
0.000267407
0.000267197
0.000266987
0.000266778
0.000266569
0.00026636
0.000266151
0.000265943
0.000265734
0.000265526
0.000265318
0.000265111
0.000264903
0.000264696
0.000264488
0.000264281
0.000264075
0.000263868
0.000263662
0.000263456
0.00026325
0.000263044
0.000262838
0.000262633
0.000262428
0.000262222
0.000262018
0.000261813
0.000261609
0.000261404
0.0002612
0.000260996
0.000260793
0.000260589
0.000260386
0.000260183
0.00025998
0.000259777
0.000259575
0.000259372
0.00025917
0.000258968
0.000258767
0.000258565
0.000258364
0.000258162
0.000257961
0.000257761
0.00025756
0.00025736
0.000257159
0.000256959
0.000256759
0.00025656
0.00025636
0.000256161
0.000255962
0.000255763
0.000255564
0.000255366
0.000255167
0.000254969
0.000254771
0.000254573
0.000254376
0.000254178
0.000253981
0.000253784
0.000253587
0.000253391
0.000253194
0.000252998
0.000252802
0.000252606
0.00025241
0.000252215
0.000252019
0.000251824
0.000251629
0.000251434
0.00025124
0.000251045
0.000250851
0.000250657
0.000250463
0.000250269
0.000250076
0.000249882
0.000249689
0.000249496
0.000249304
0.000249111
0.000248919
0.000248726
0.000248534
0.000248342
0.000248151
0.000247959
0.000247768
0.000247577
0.000247386
0.000247195
0.000247004
0.000246814
0.000246624
0.000246434
0.000246244
0.000246054
0.000245864
0.000245675
0.000245486
0.000245297
0.000245108
0.00024492
0.000244731
0.000244543
0.000244355
0.000244167
0.000243979
0.000243792
0.000243604
0.000243417
0.00024323
0.000243043
0.000242856
0.00024267
0.000242484
0.000242298
0.000242112
0.000241926
0.00024174
0.000241555
0.000241369
0.000241184
0.000241
0.000240815
0.00024063
0.000240446
0.000240262
0.000240078
0.000239894
0.00023971
0.000239527
0.000239343
0.00023916
0.000238977
0.000238794
0.000238612
0.000238429
0.000238247
0.000238065
0.000237883
0.000237701
0.00023752
0.000237338
0.000237157
0.000236976
0.000236795
0.000236614
0.000236434
0.000236253
0.000236073
0.000235893
0.000235713
0.000235533
0.000235354
0.000235174
0.000234995
0.000234816
0.000234637
0.000234459
0.00023428
0.000234102
0.000233924
0.000233746
0.000233568
0.00023339
0.000233213
0.000233035
0.000232858
0.000232681
0.000232504
0.000232328
0.000232151
0.000231975
0.000231799
0.000231623
0.000231447
0.000231271
0.000231096
0.00023092
0.000230745
0.00023057
0.000230395
0.000230221
0.000230046
0.000229872
0.000229698
0.000229524
0.00022935
0.000229176
0.000229003
0.00022883
0.000228656
0.000228483
0.000228311
0.000228138
0.000227965
0.000227793
0.000227621
0.000227449
0.000227277
0.000227105
0.000226934
0.000226763
0.000226591
0.00022642
0.000226249
0.000226079
0.000225908
0.000225738
0.000225568
0.000225398
0.000225228
0.000225058
0.000224888
0.000224719
0.00022455
0.000224381
0.000224212
0.000224043
0.000223874
0.000223706
0.000223538
0.000223369
0.000223201
0.000223034
0.000222866
0.000222699
0.000222531
0.000222364
0.000222197
0.00022203
0.000221864
0.000221697
0.000221531
0.000221364
0.000221198
0.000221032
0.000220867
0.000220701
0.000220536
0.00022037
0.000220205
0.00022004
0.000219876
0.000219711
0.000219547
0.000219382
0.000219218
0.000219054
0.00021889
0.000218726
0.000218563
0.0002184
0.000218236
0.000218073
0.00021791
0.000217748
0.000217585
0.000217423
0.00021726
0.000217098
0.000216936
0.000216774
0.000216613
0.000216451
0.00021629
0.000216128
0.000215967
0.000215807
0.000215646
0.000215485
0.000215325
0.000215164
0.000215004
0.000214844
0.000214684
0.000214525
0.000214365
0.000214206
0.000214047
0.000213888
0.000213729
0.00021357
0.000213411
0.000213253
0.000213094
0.000212936
0.000212778
0.00021262
0.000212463
0.000212305
0.000212148
0.00021199
0.000211833
0.000211676
0.00021152
0.000211363
0.000211206
0.00021105
0.000210894
0.000210738
0.000210582
0.000210426
0.00021027
0.000210115
0.00020996
0.000209805
0.000209649
0.000209495
0.00020934
0.000209185
0.000209031
0.000208877
0.000208722
0.000208568
0.000208415
0.000208261
0.000208107
0.000207954
0.000207801
0.000207648
0.000207495
0.000207342
0.000207189
0.000207037
0.000206884
0.000206732
0.00020658
0.000206428
0.000206276
0.000206125
0.000205973
0.000205822
0.00020567
0.000205519
0.000205368
0.000205218
0.000205067
0.000204916
0.000204766
0.000204616
0.000204466
0.000204316
0.000204166
0.000204017
0.000203867
0.000203718
0.000203568
0.000203419
0.00020327
0.000203122
0.000202973
0.000202825
0.000202676
0.000202528
0.00020238
0.000202232
0.000202084
0.000201937
0.000201789
0.000201642
0.000201494
0.000201347
0.0002012
0.000201054
0.000200907
0.00020076
0.000200614
0.000200468
0.000200322
0.000200176
0.00020003
0.000199884
0.000199739
0.000199593
0.000199448
0.000199303
0.000199158
0.000199013
0.000198868
0.000198724
0.000198579
0.000198435
0.000198291
0.000198147
0.000198003
0.000197859
0.000197716
0.000197572
0.000197429
0.000197286
0.000197143
0.000197
0.000196857
0.000196714
0.000196572
0.000196429
0.000196287
0.000196145
0.000196003
0.000195861
0.00019572
0.000195578
0.000195437
0.000195295
0.000195154
0.000195013
0.000194872
0.000194732
0.000194591
0.000194451
0.00019431
0.00019417
0.00019403
0.00019389
0.00019375
0.000193611
0.000193471
0.000193332
0.000193192
0.000193053
0.000192914
0.000192775
0.000192637
0.000192498
0.00019236
0.000192221
0.000192083
0.000191945
0.000191807
0.000191669
0.000191531
0.000191394
0.000191257
0.000191119
0.000190982
0.000190845
0.000190708
0.000190571
0.000190435
0.000190298
0.000190162
0.000190026
0.00018989
0.000189754
0.000189618
0.000189482
0.000189347
0.000189211
0.000189076
0.000188941
0.000188806
0.000188671
0.000188536
0.000188401
0.000188267
0.000188132
0.000187998
0.000187864
0.00018773
0.000187596
0.000187462
0.000187328
0.000187195
0.000187062
0.000186928
0.000186795
0.000186662
0.000186529
0.000186397
0.000186264
0.000186131
0.000185999
0.000185867
0.000185735
0.000185603
0.000185471
0.000185339
0.000185208
0.000185076
0.000184945
0.000184813
0.000184682
0.000184551
0.000184421
0.00018429
0.000184159
0.000184029
0.000183898
0.000183768
0.000183638
0.000183508
0.000183378
0.000183249
0.000183119
0.00018299
0.00018286
0.000182731
0.000182602
0.000182473
0.000182344
0.000182215
0.000182087
0.000181958
0.00018183
0.000181702
0.000181573
0.000181445
0.000181318
0.00018119
0.000181062
0.000180935
0.000180807
0.00018068
0.000180553
0.000180426
0.000180299
0.000180172
0.000180046
0.000179919
0.000179793
0.000179667
0.00017954
0.000179414
0.000179288
0.000179163
0.000179037
0.000178911
0.000178786
0.000178661
0.000178535
0.00017841
0.000178285
0.000178161
0.000178036
0.000177911
0.000177787
0.000177662
0.000177538
0.000177414
0.00017729
0.000177166
0.000177043
0.000176919
0.000176795
0.000176672
0.000176549
0.000176426
0.000176302
0.00017618
0.000176057
0.000175934
0.000175811
0.000175689
0.000175567
0.000175444
0.000175322
0.0001752
0.000175079
0.000174957
0.000174835
0.000174714
0.000174592
0.000174471
0.00017435
0.000174229
0.000174108
0.000173987
0.000173866
0.000173746
0.000173625
0.000173505
0.000173385
0.000173265
0.000173145
0.000173025
0.000172905
0.000172785
0.000172666
0.000172546
0.000172427
0.000172308
0.000172189
0.00017207
0.000171951
0.000171832
0.000171713
0.000171595
0.000171477
0.000171358
0.00017124
0.000171122
0.000171004
0.000170886
0.000170769
0.000170651
0.000170534
0.000170416
0.000170299
0.000170182
0.000170065
0.000169948
0.000169831
0.000169714
0.000169598
0.000169481
0.000169365
0.000169249
0.000169132
0.000169016
0.0001689
0.000168785
0.000168669
0.000168553
0.000168438
0.000168323
0.000168207
0.000168092
0.000167977
0.000167862
0.000167747
0.000167633
0.000167518
0.000167404
0.000167289
0.000167175
0.000167061
0.000166947
0.000166833
0.000166719
0.000166605
0.000166492
0.000166378
0.000166265
0.000166152
0.000166039
0.000165926
0.000165813
0.0001657
0.000165587
0.000165474
0.000165362
0.00016525
0.000165137
0.000165025
0.000164913
0.000164801
0.000164689
0.000164577
0.000164466
0.000164354
0.000164243
0.000164132
0.00016402
0.000163909
0.000163798
0.000163687
0.000163577
0.000163466
0.000163355
0.000163245
0.000163134
0.000163024
0.000162914
0.000162804
0.000162694
0.000162584
0.000162475
0.000162365
0.000162255
0.000162146
0.000162037
0.000161928
0.000161818
0.000161709
0.000161601
0.000161492
0.000161383
0.000161275
0.000161166
0.000161058
0.00016095
0.000160841
0.000160733
0.000160625
0.000160518
0.00016041
0.000160302
0.000160195
0.000160087
0.00015998
0.000159873
0.000159766
0.000159659
0.000159552
0.000159445
0.000159338
0.000159232
0.000159125
0.000159019
0.000158913
0.000158806
0.0001587
0.000158594
0.000158488
0.000158383
0.000158277
0.000158171
0.000158066
0.000157961
0.000157855
0.00015775
0.000157645
0.00015754
0.000157435
0.000157331
0.000157226
0.000157121
0.000157017
0.000156913
0.000156808
0.000156704
0.0001566
0.000156496
0.000156392
0.000156289
0.000156185
0.000156081
0.000155978
0.000155875
0.000155771
0.000155668
0.000155565
0.000155462
0.000155359
0.000155257
0.000155154
0.000155051
0.000154949
0.000154847
0.000154744
0.000154642
0.00015454
0.000154438
0.000154336
0.000154235
0.000154133
0.000154031
0.00015393
0.000153828
0.000153727
0.000153626
0.000153525
0.000153424
0.000153323
0.000153222
0.000153122
0.000153021
0.000152921
0.00015282
0.00015272
0.00015262
0.00015252
0.00015242
0.00015232
0.00015222
0.00015212
0.00015202
0.000151921
0.000151821
0.000151722
0.000151623
0.000151524
0.000151425
0.000151326
0.000151227
0.000151128
0.000151029
0.000150931
0.000150832
0.000150734
0.000150636
0.000150538
0.000150439
0.000150341
0.000150244
0.000150146
0.000150048
0.00014995
0.000149853
0.000149755
0.000149658
0.000149561
0.000149464
0.000149367
0.00014927
0.000149173
0.000149076
0.000148979
0.000148883
0.000148786
0.00014869
0.000148594
0.000148497
0.000148401
0.000148305
0.000148209
0.000148113
0.000148018
0.000147922
0.000147826
0.000147731
0.000147636
0.00014754
0.000147445
0.00014735
0.000147255
0.00014716
0.000147065
0.000146971
0.000146876
0.000146781
0.000146687
0.000146592
0.000146498
0.000146404
0.00014631
0.000146216
0.000146122
0.000146028
0.000145934
0.000145841
0.000145747
0.000145654
0.00014556
0.000145467
0.000145374
0.000145281
0.000145188
0.000145095
0.000145002
0.000144909
0.000144817
0.000144724
0.000144632
0.000144539
0.000144447
0.000144355
0.000144263
0.000144171
0.000144079
0.000143987
0.000143895
0.000143803
0.000143712
0.00014362
0.000143529
0.000143438
0.000143346
0.000143255
0.000143164
0.000143073
0.000142982
0.000142891
0.000142801
0.00014271
0.00014262
0.000142529
0.000142439
0.000142349
0.000142258
0.000142168
0.000142078
0.000141988
0.000141899
0.000141809
0.000141719
0.00014163
0.00014154
0.000141451
0.000141361
0.000141272
0.000141183
0.000141094
0.000141005
0.000140916
0.000140827
0.000140739
0.00014065
0.000140562
0.000140473
0.000140385
0.000140296
0.000140208
0.00014012
0.000140032
0.000139944
0.000139856
0.000139769
0.000139681
0.000139593
0.000139506
0.000139418
0.000139331
0.000139244
0.000139157
0.00013907
0.000138983
0.000138896
0.000138809
0.000138722
0.000138635
0.000138549
0.000138462
0.000138376
0.00013829
0.000138203
0.000138117
0.000138031
0.000137945
0.000137859
0.000137773
0.000137688
0.000137602
0.000137516
0.000137431
0.000137345
0.00013726
0.000137175
0.00013709
0.000137005
0.00013692
0.000136835
0.00013675
0.000136665
0.00013658
0.000136496
0.000136411
0.000136327
0.000136242
0.000136158
0.000136074
0.00013599
0.000135906
0.000135822
0.000135738
0.000135654
0.000135571
0.000135487
0.000135403
0.00013532
0.000135237
0.000135153
0.00013507
0.000134987
0.000134904
0.000134821
0.000134738
0.000134655
0.000134573
0.00013449
0.000134407
0.000134325
0.000134243
0.00013416
0.000134078
0.000133996
0.000133914
0.000133832
0.00013375
0.000133668
0.000133586
0.000133504
0.000133423
0.000133341
0.00013326
0.000133178
0.000133097
0.000133016
0.000132935
0.000132854
0.000132773
0.000132692
0.000132611
0.00013253
0.00013245
0.000132369
0.000132289
0.000132208
0.000132128
0.000132047
0.000131967
0.000131887
0.000131807
0.000131727
0.000131647
0.000131567
0.000131488
0.000131408
0.000131328
0.000131249
0.00013117
0.00013109
0.000131011
0.000130932
0.000130853
0.000130774
0.000130695
0.000130616
0.000130537
0.000130458
0.00013038
0.000130301
0.000130222
0.000130144
0.000130066
0.000129987
0.000129909
0.000129831
0.000129753
0.000129675
0.000129597
0.000129519
0.000129442
0.000129364
0.000129286
0.000129209
0.000129131
0.000129054
0.000128977
0.000128899
0.000128822
0.000128745
0.000128668
0.000128591
0.000128514
0.000128438
0.000128361
0.000128284
0.000128208
0.000128131
0.000128055
0.000127979
0.000127902
0.000127826
0.00012775
0.000127674
0.000127598
0.000127522
0.000127446
0.000127371
0.000127295
0.000127219
0.000127144
0.000127068
0.000126993
0.000126918
0.000126843
0.000126767
0.000126692
0.000126617
0.000126542
0.000126468
0.000126393
0.000126318
0.000126243
0.000126169
0.000126094
0.00012602
0.000125946
0.000125871
0.000125797
0.000125723
0.000125649
0.000125575
0.000125501
0.000125427
0.000125353
0.00012528
0.000125206
0.000125133
0.000125059
0.000124986
0.000124912
0.000124839
0.000124766
0.000124693
0.00012462
0.000124547
0.000124474
0.000124401
0.000124328
0.000124255
0.000124183
0.00012411
0.000124038
0.000123965
0.000123893
0.000123821
0.000123748
0.000123676
0.000123604
0.000123532
0.00012346
0.000123388
0.000123317
0.000123245
0.000123173
0.000123102
0.00012303
0.000122959
0.000122887
0.000122816
0.000122745
0.000122674
0.000122602
0.000122531
0.00012246
0.00012239
0.000122319
0.000122248
0.000122177
0.000122107
0.000122036
0.000121966
0.000121895
0.000121825
0.000121755
0.000121684
0.000121614
0.000121544
0.000121474
0.000121404
0.000121334
0.000121265
0.000121195
0.000121125
0.000121056
0.000120986
0.000120917
0.000120847
0.000120778
0.000120709
0.000120639
0.00012057
0.000120501
0.000120432
0.000120363
0.000120294
0.000120226
0.000120157
0.000120088
0.00012002
0.000119951
0.000119883
0.000119814
0.000119746
0.000119678
0.00011961
0.000119541
0.000119473
0.000119405
0.000119337
0.00011927
0.000119202
0.000119134
0.000119066
0.000118999
0.000118931
0.000118864
0.000118796
0.000118729
0.000118662
0.000118595
0.000118527
0.00011846
0.000118393
0.000118326
0.00011826
0.000118193
0.000118126
0.000118059
0.000117993
0.000117926
0.00011786
0.000117793
0.000117727
0.000117661
0.000117594
0.000117528
0.000117462
0.000117396
0.00011733
0.000117264
0.000117198
0.000117133
0.000117067
0.000117001
0.000116936
0.00011687
0.000116805
0.000116739
0.000116674
0.000116609
0.000116543
0.000116478
0.000116413
0.000116348
0.000116283
0.000116218
0.000116154
0.000116089
0.000116024
0.000115959
0.000115895
0.00011583
0.000115766
0.000115701
0.000115637
0.000115573
0.000115509
0.000115445
0.000115381
0.000115316
0.000115253
0.000115189
0.000115125
0.000115061
0.000114997
0.000114934
0.00011487
0.000114807
0.000114743
0.00011468
0.000114616
0.000114553
0.00011449
0.000114427
0.000114364
0.000114301
0.000114238
0.000114175
0.000114112
0.000114049
0.000113987
0.000113924
0.000113861
0.000113799
0.000113736
0.000113674
0.000113612
0.000113549
0.000113487
0.000113425
0.000113363
0.000113301
0.000113239
0.000113177
0.000113115
0.000113053
0.000112991
0.00011293
0.000112868
0.000112806
0.000112745
0.000112684
0.000112622
0.000112561
0.0001125
0.000112438
0.000112377
0.000112316
0.000112255
0.000112194
0.000112133
0.000112072
0.000112012
0.000111951
0.00011189
0.00011183
0.000111769
0.000111708
0.000111648
0.000111588
0.000111527
0.000111467
0.000111407
0.000111347
0.000111287
0.000111227
0.000111167
0.000111107
0.000111047
0.000110987
0.000110927
0.000110868
0.000110808
0.000110748
0.000110689
0.00011063
0.00011057
0.000110511
0.000110452
0.000110392
0.000110333
0.000110274
0.000110215
0.000110156
0.000110097
0.000110038
0.000109979
0.000109921
0.000109862
0.000109803
0.000109745
0.000109686
0.000109628
0.000109569
0.000109511
0.000109453
0.000109394
0.000109336
0.000109278
0.00010922
0.000109162
0.000109104
0.000109046
0.000108988
0.000108931
0.000108873
0.000108815
0.000108758
0.0001087
0.000108642
0.000108585
0.000108528
0.00010847
0.000108413
0.000108356
0.000108299
0.000108241
0.000108184
0.000108127
0.00010807
0.000108014
0.000107957
0.0001079
0.000107843
0.000107787
0.00010773
0.000107673
0.000107617
0.00010756
0.000107504
0.000107448
0.000107391
0.000107335
0.000107279
0.000107223
0.000107167
0.000107111
0.000107055
0.000106999
0.000106943
0.000106887
0.000106831
0.000106776
0.00010672
0.000106665
0.000106609
0.000106554
0.000106498
0.000106443
0.000106387
0.000106332
0.000106277
0.000106222
0.000106167
0.000106112
0.000106057
0.000106002
0.000105947
0.000105892
0.000105837
0.000105783
0.000105728
0.000105673
0.000105619
0.000105564
0.00010551
0.000105455
0.000105401
0.000105347
0.000105293
0.000105238
0.000105184
0.00010513
0.000105076
0.000105022
0.000104968
0.000104914
0.000104861
0.000104807
0.000104753
0.000104699
0.000104646
0.000104592
0.000104539
0.000104485
0.000104432
0.000104379
0.000104325
0.000104272
0.000104219
0.000104166
0.000104113
0.000104059
0.000104007
0.000103954
0.000103901
0.000103848
0.000103795
0.000103742
0.00010369
0.000103637
0.000103584
0.000103532
0.000103479
0.000103427
0.000103375
0.000103322
0.00010327
0.000103218
0.000103166
0.000103114
0.000103062
0.00010301
0.000102958
0.000102906
0.000102854
0.000102802
0.00010275
0.000102699
0.000102647
0.000102595
0.000102544
0.000102492
0.000102441
0.000102389
0.000102338
0.000102287
0.000102235
0.000102184
0.000102133
0.000102082
0.000102031
0.00010198
0.000101929
0.000101878
0.000101827
0.000101776
0.000101726
0.000101675
0.000101624
0.000101574
0.000101523
0.000101473
0.000101422
0.000101372
0.000101321
0.000101271
0.000101221
0.00010117
0.00010112
0.00010107
0.00010102
0.00010097
0.00010092
0.00010087
0.00010082
0.00010077
0.000100721
0.000100671
0.000100621
0.000100572
0.000100522
0.000100473
0.000100423
0.000100374
0.000100324
0.000100275
0.000100226
0.000100176
0.000100127
0.000100078
0.000100029
9.99798e-05
9.99308e-05
9.98819e-05
9.98329e-05
9.97841e-05
9.97353e-05
9.96865e-05
9.96378e-05
9.95891e-05
9.95405e-05
9.94919e-05
9.94434e-05
9.93949e-05
9.93464e-05
9.92981e-05
9.92497e-05
9.92014e-05
9.91532e-05
9.9105e-05
9.90568e-05
9.90087e-05
9.89607e-05
9.89126e-05
9.88647e-05
9.88168e-05
9.87689e-05
9.87211e-05
9.86733e-05
9.86255e-05
9.85779e-05
9.85302e-05
9.84826e-05
9.84351e-05
9.83876e-05
9.83401e-05
9.82927e-05
9.82454e-05
9.81981e-05
9.81508e-05
9.81036e-05
9.80564e-05
9.80093e-05
9.79622e-05
9.79151e-05
9.78681e-05
9.78212e-05
9.77743e-05
9.77274e-05
9.76806e-05
9.76339e-05
9.75871e-05
9.75405e-05
9.74939e-05
9.74473e-05
9.74007e-05
9.73542e-05
9.73078e-05
9.72614e-05
9.7215e-05
9.71687e-05
9.71225e-05
9.70763e-05
9.70301e-05
9.6984e-05
9.69379e-05
9.68918e-05
9.68458e-05
9.67999e-05
9.6754e-05
9.67081e-05
9.66623e-05
9.66165e-05
9.65708e-05
9.65251e-05
9.64795e-05
9.64339e-05
9.63884e-05
9.63429e-05
9.62974e-05
9.6252e-05
9.62066e-05
9.61613e-05
9.6116e-05
9.60708e-05
9.60256e-05
9.59805e-05
9.59353e-05
9.58903e-05
9.58453e-05
9.58003e-05
9.57554e-05
9.57105e-05
9.56657e-05
9.56209e-05
9.55761e-05
9.55314e-05
9.54867e-05
9.54421e-05
9.53975e-05
9.5353e-05
9.53085e-05
9.52641e-05
9.52197e-05
9.51753e-05
9.5131e-05
9.50867e-05
9.50425e-05
9.49983e-05
9.49541e-05
9.491e-05
9.4866e-05
9.4822e-05
9.4778e-05
9.47341e-05
9.46902e-05
9.46463e-05
9.46025e-05
9.45588e-05
9.45151e-05
9.44714e-05
9.44278e-05
9.43842e-05
9.43406e-05
9.42971e-05
9.42537e-05
9.42103e-05
9.41669e-05
9.41236e-05
9.40803e-05
9.4037e-05
9.39938e-05
9.39506e-05
9.39075e-05
9.38644e-05
9.38214e-05
9.37784e-05
9.37355e-05
9.36926e-05
9.36497e-05
9.36069e-05
9.35641e-05
9.35213e-05
9.34786e-05
9.3436e-05
9.33933e-05
9.33508e-05
9.33082e-05
9.32657e-05
9.32233e-05
9.31809e-05
9.31385e-05
9.30962e-05
9.30539e-05
9.30117e-05
9.29695e-05
9.29273e-05
9.28852e-05
9.28431e-05
9.28011e-05
9.27591e-05
9.27171e-05
9.26752e-05
9.26333e-05
9.25915e-05
9.25497e-05
9.25079e-05
9.24662e-05
9.24245e-05
9.23829e-05
9.23413e-05
9.22998e-05
9.22583e-05
9.22168e-05
9.21754e-05
9.2134e-05
9.20926e-05
9.20513e-05
9.20101e-05
9.19689e-05
9.19277e-05
9.18865e-05
9.18454e-05
9.18044e-05
9.17633e-05
9.17223e-05
9.16814e-05
9.16405e-05
9.15996e-05
9.15588e-05
9.1518e-05
9.14773e-05
9.14366e-05
9.13959e-05
9.13553e-05
9.13147e-05
9.12742e-05
9.12337e-05
9.11932e-05
9.11528e-05
9.11124e-05
9.1072e-05
9.10317e-05
9.09915e-05
9.09512e-05
9.0911e-05
9.08709e-05
9.08308e-05
9.07907e-05
9.07507e-05
9.07107e-05
9.06707e-05
9.06308e-05
9.05909e-05
9.05511e-05
9.05113e-05
9.04715e-05
9.04318e-05
9.03921e-05
9.03525e-05
9.03129e-05
9.02733e-05
9.02338e-05
9.01943e-05
9.01548e-05
9.01154e-05
9.00761e-05
9.00367e-05
8.99974e-05
8.99582e-05
8.9919e-05
8.98798e-05
8.98406e-05
8.98015e-05
8.97625e-05
8.97234e-05
8.96844e-05
8.96455e-05
8.96066e-05
8.95677e-05
8.95289e-05
8.94901e-05
8.94513e-05
8.94126e-05
8.93739e-05
8.93353e-05
8.92966e-05
8.92581e-05
8.92195e-05
8.9181e-05
8.91426e-05
8.91042e-05
8.90658e-05
8.90274e-05
8.89891e-05
8.89508e-05
8.89126e-05
8.88744e-05
8.88363e-05
8.87981e-05
8.876e-05
8.8722e-05
8.8684e-05
8.8646e-05
8.86081e-05
8.85702e-05
8.85323e-05
8.84945e-05
8.84567e-05
8.8419e-05
8.83812e-05
8.83436e-05
8.83059e-05
8.82683e-05
8.82308e-05
8.81932e-05
8.81557e-05
8.81183e-05
8.80809e-05
8.80435e-05
8.80061e-05
8.79688e-05
8.79315e-05
8.78943e-05
8.78571e-05
8.78199e-05
8.77828e-05
8.77457e-05
8.77087e-05
8.76716e-05
8.76347e-05
8.75977e-05
8.75608e-05
8.75239e-05
8.74871e-05
8.74503e-05
8.74135e-05
8.73768e-05
8.73401e-05
8.73034e-05
8.72668e-05
8.72302e-05
8.71937e-05
8.71572e-05
8.71207e-05
8.70842e-05
8.70478e-05
8.70115e-05
8.69751e-05
8.69388e-05
8.69025e-05
8.68663e-05
8.68301e-05
8.6794e-05
8.67578e-05
8.67217e-05
8.66857e-05
8.66497e-05
8.66137e-05
8.65777e-05
8.65418e-05
8.6506e-05
8.64701e-05
8.64343e-05
8.63985e-05
8.63628e-05
8.63271e-05
8.62914e-05
8.62558e-05
8.62202e-05
8.61846e-05
8.61491e-05
8.61136e-05
8.60781e-05
8.60427e-05
8.60073e-05
8.5972e-05
8.59367e-05
8.59014e-05
8.58661e-05
8.58309e-05
8.57957e-05
8.57606e-05
8.57255e-05
8.56904e-05
8.56553e-05
8.56203e-05
8.55853e-05
8.55504e-05
8.55155e-05
8.54806e-05
8.54458e-05
8.5411e-05
8.53762e-05
8.53415e-05
8.53068e-05
8.52721e-05
8.52375e-05
8.52029e-05
8.51683e-05
8.51338e-05
8.50993e-05
8.50648e-05
8.50304e-05
8.4996e-05
8.49616e-05
8.49273e-05
8.4893e-05
8.48587e-05
8.48245e-05
8.47903e-05
8.47561e-05
8.4722e-05
8.46879e-05
8.46538e-05
8.46198e-05
8.45858e-05
8.45518e-05
8.45179e-05
8.4484e-05
8.44501e-05
8.44163e-05
8.43825e-05
8.43487e-05
8.4315e-05
8.42813e-05
8.42476e-05
8.4214e-05
8.41804e-05
8.41468e-05
8.41133e-05
8.40798e-05
8.40463e-05
8.40129e-05
8.39795e-05
8.39461e-05
8.39128e-05
8.38795e-05
8.38462e-05
8.3813e-05
8.37798e-05
8.37466e-05
8.37134e-05
8.36803e-05
8.36473e-05
8.36142e-05
8.35812e-05
8.35482e-05
8.35153e-05
8.34824e-05
8.34495e-05
8.34166e-05
8.33838e-05
8.3351e-05
8.33183e-05
8.32855e-05
8.32528e-05
8.32202e-05
8.31876e-05
8.3155e-05
8.31224e-05
8.30899e-05
8.30574e-05
8.30249e-05
8.29925e-05
8.29601e-05
8.29277e-05
8.28953e-05
8.2863e-05
8.28308e-05
8.27985e-05
8.27663e-05
8.27341e-05
8.2702e-05
8.26698e-05
8.26377e-05
8.26057e-05
8.25737e-05
8.25417e-05
8.25097e-05
8.24778e-05
8.24459e-05
8.2414e-05
8.23822e-05
8.23504e-05
8.23186e-05
8.22868e-05
8.22551e-05
8.22234e-05
8.21918e-05
8.21602e-05
8.21286e-05
8.2097e-05
8.20655e-05
8.2034e-05
8.20025e-05
8.19711e-05
8.19397e-05
8.19083e-05
8.1877e-05
8.18457e-05
8.18144e-05
8.17831e-05
8.17519e-05
8.17207e-05
8.16896e-05
8.16584e-05
8.16273e-05
8.15963e-05
8.15652e-05
8.15342e-05
8.15033e-05
8.14723e-05
8.14414e-05
8.14105e-05
8.13796e-05
8.13488e-05
8.1318e-05
8.12873e-05
8.12565e-05
8.12258e-05
8.11951e-05
8.11645e-05
8.11339e-05
8.11033e-05
8.10728e-05
8.10422e-05
8.10117e-05
8.09813e-05
8.09508e-05
8.09204e-05
8.08901e-05
8.08597e-05
8.08294e-05
8.07991e-05
8.07688e-05
8.07386e-05
8.07084e-05
8.06783e-05
8.06481e-05
8.0618e-05
8.05879e-05
8.05579e-05
8.05279e-05
8.04979e-05
8.04679e-05
8.0438e-05
8.04081e-05
8.03782e-05
8.03484e-05
8.03185e-05
8.02888e-05
8.0259e-05
8.02293e-05
8.01996e-05
8.01699e-05
8.01403e-05
8.01106e-05
8.00811e-05
8.00515e-05
8.0022e-05
7.99925e-05
7.9963e-05
7.99336e-05
7.99042e-05
7.98748e-05
7.98454e-05
7.98161e-05
7.97868e-05
7.97576e-05
7.97283e-05
7.96991e-05
7.96699e-05
7.96408e-05
7.96117e-05
7.95826e-05
7.95535e-05
7.95245e-05
7.94955e-05
7.94665e-05
7.94375e-05
7.94086e-05
7.93797e-05
7.93509e-05
7.9322e-05
7.92932e-05
7.92644e-05
7.92357e-05
7.92069e-05
7.91782e-05
7.91496e-05
7.91209e-05
7.90923e-05
7.90637e-05
7.90352e-05
7.90067e-05
7.89782e-05
7.89497e-05
7.89212e-05
7.88928e-05
7.88644e-05
7.88361e-05
7.88077e-05
7.87794e-05
7.87512e-05
7.87229e-05
7.86947e-05
7.86665e-05
7.86383e-05
7.86102e-05
7.85821e-05
7.8554e-05
7.85259e-05
7.84979e-05
7.84699e-05
7.84419e-05
7.8414e-05
7.8386e-05
7.83582e-05
7.83303e-05
7.83025e-05
7.82746e-05
7.82469e-05
7.82191e-05
7.81914e-05
7.81637e-05
7.8136e-05
7.81083e-05
7.80807e-05
7.80531e-05
7.80256e-05
7.7998e-05
7.79705e-05
7.7943e-05
7.79156e-05
7.78881e-05
7.78607e-05
7.78334e-05
7.7806e-05
7.77787e-05
7.77514e-05
7.77241e-05
7.76969e-05
7.76697e-05
7.76425e-05
7.76153e-05
7.75882e-05
7.7561e-05
7.7534e-05
7.75069e-05
7.74799e-05
7.74529e-05
7.74259e-05
7.73989e-05
7.7372e-05
7.73451e-05
7.73182e-05
7.72914e-05
7.72646e-05
7.72378e-05
7.7211e-05
7.71843e-05
7.71576e-05
7.71309e-05
7.71042e-05
7.70776e-05
7.7051e-05
7.70244e-05
7.69978e-05
7.69713e-05
7.69448e-05
7.69183e-05
7.68918e-05
7.68654e-05
7.6839e-05
7.68126e-05
7.67863e-05
7.676e-05
7.67337e-05
7.67074e-05
7.66811e-05
7.66549e-05
7.66287e-05
7.66026e-05
7.65764e-05
7.65503e-05
7.65242e-05
7.64981e-05
7.64721e-05
7.64461e-05
7.64201e-05
7.63941e-05
7.63682e-05
7.63423e-05
7.63164e-05
7.62905e-05
7.62647e-05
7.62389e-05
7.62131e-05
7.61873e-05
7.61616e-05
7.61359e-05
7.61102e-05
7.60845e-05
7.60589e-05
7.60333e-05
7.60077e-05
7.59821e-05
7.59566e-05
7.59311e-05
7.59056e-05
7.58801e-05
7.58547e-05
7.58293e-05
7.58039e-05
7.57785e-05
7.57532e-05
7.57279e-05
7.57026e-05
7.56773e-05
7.56521e-05
7.56269e-05
7.56017e-05
7.55765e-05
7.55514e-05
7.55263e-05
7.55012e-05
7.54761e-05
7.54511e-05
7.5426e-05
7.54011e-05
7.53761e-05
7.53511e-05
7.53262e-05
7.53013e-05
7.52765e-05
7.52516e-05
7.52268e-05
7.5202e-05
7.51772e-05
7.51525e-05
7.51278e-05
7.51031e-05
7.50784e-05
7.50537e-05
7.50291e-05
7.50045e-05
7.49799e-05
7.49554e-05
7.49308e-05
7.49063e-05
7.48819e-05
7.48574e-05
7.4833e-05
7.48086e-05
7.47842e-05
7.47598e-05
7.47355e-05
7.47112e-05
7.46869e-05
7.46626e-05
7.46384e-05
7.46141e-05
7.45899e-05
7.45658e-05
7.45416e-05
7.45175e-05
7.44934e-05
7.44693e-05
7.44453e-05
7.44212e-05
7.43972e-05
7.43733e-05
7.43493e-05
7.43254e-05
7.43014e-05
7.42776e-05
7.42537e-05
7.42298e-05
7.4206e-05
7.41822e-05
7.41585e-05
7.41347e-05
7.4111e-05
7.40873e-05
7.40636e-05
7.404e-05
7.40163e-05
7.39927e-05
7.39691e-05
7.39456e-05
7.3922e-05
7.38985e-05
7.3875e-05
7.38515e-05
7.38281e-05
7.38047e-05
7.37813e-05
7.37579e-05
7.37345e-05
7.37112e-05
7.36879e-05
7.36646e-05
7.36413e-05
7.36181e-05
7.35949e-05
7.35717e-05
7.35485e-05
7.35254e-05
7.35022e-05
7.34791e-05
7.3456e-05
7.3433e-05
7.341e-05
7.33869e-05
7.33639e-05
7.3341e-05
7.3318e-05
7.32951e-05
7.32722e-05
7.32493e-05
7.32265e-05
7.32036e-05
7.31808e-05
7.3158e-05
7.31353e-05
7.31125e-05
7.30898e-05
7.30671e-05
7.30444e-05
7.30218e-05
7.29991e-05
7.29765e-05
7.29539e-05
7.29314e-05
7.29088e-05
7.28863e-05
7.28638e-05
7.28413e-05
7.28189e-05
7.27964e-05
7.2774e-05
7.27516e-05
7.27293e-05
7.27069e-05
7.26846e-05
7.26623e-05
7.264e-05
7.26177e-05
7.25955e-05
7.25733e-05
7.25511e-05
7.25289e-05
7.25068e-05
7.24846e-05
7.24625e-05
7.24405e-05
7.24184e-05
7.23963e-05
7.23743e-05
7.23523e-05
7.23304e-05
7.23084e-05
7.22865e-05
7.22645e-05
7.22427e-05
7.22208e-05
7.21989e-05
7.21771e-05
7.21553e-05
7.21335e-05
7.21118e-05
7.209e-05
7.20683e-05
7.20466e-05
7.20249e-05
7.20033e-05
7.19816e-05
7.196e-05
7.19384e-05
7.19169e-05
7.18953e-05
7.18738e-05
7.18523e-05
7.18308e-05
7.18093e-05
7.17879e-05
7.17665e-05
7.17451e-05
7.17237e-05
7.17023e-05
7.1681e-05
7.16597e-05
7.16384e-05
7.16171e-05
7.15958e-05
7.15746e-05
7.15534e-05
7.15322e-05
7.1511e-05
7.14899e-05
7.14687e-05
7.14476e-05
7.14265e-05
7.14055e-05
7.13844e-05
7.13634e-05
7.13424e-05
7.13214e-05
7.13004e-05
7.12795e-05
7.12586e-05
7.12377e-05
7.12168e-05
7.11959e-05
7.11751e-05
7.11543e-05
7.11334e-05
7.11127e-05
7.10919e-05
7.10712e-05
7.10504e-05
7.10297e-05
7.10091e-05
7.09884e-05
7.09678e-05
7.09472e-05
7.09266e-05
7.0906e-05
7.08854e-05
7.08649e-05
7.08444e-05
7.08239e-05
7.08034e-05
7.07829e-05
7.07625e-05
7.07421e-05
7.07217e-05
7.07013e-05
7.06809e-05
7.06606e-05
7.06403e-05
7.062e-05
7.05997e-05
7.05795e-05
7.05592e-05
7.0539e-05
7.05188e-05
7.04986e-05
7.04785e-05
7.04583e-05
7.04382e-05
7.04181e-05
7.0398e-05
7.0378e-05
7.03579e-05
7.03379e-05
7.03179e-05
7.02979e-05
7.0278e-05
7.0258e-05
7.02381e-05
7.02182e-05
7.01983e-05
7.01785e-05
7.01586e-05
7.01388e-05
7.0119e-05
7.00992e-05
7.00794e-05
7.00597e-05
7.004e-05
7.00203e-05
7.00006e-05
6.99809e-05
6.99613e-05
6.99416e-05
6.9922e-05
6.99024e-05
6.98828e-05
6.98633e-05
6.98438e-05
6.98242e-05
6.98047e-05
6.97853e-05
6.97658e-05
6.97464e-05
6.9727e-05
6.97076e-05
6.96882e-05
6.96688e-05
6.96495e-05
6.96301e-05
6.96108e-05
6.95916e-05
6.95723e-05
6.9553e-05
6.95338e-05
6.95146e-05
6.94954e-05
6.94762e-05
6.94571e-05
6.94379e-05
6.94188e-05
6.93997e-05
6.93806e-05
6.93616e-05
6.93425e-05
6.93235e-05
6.93045e-05
6.92855e-05
6.92666e-05
6.92476e-05
6.92287e-05
6.92098e-05
6.91909e-05
6.9172e-05
6.91531e-05
6.91343e-05
6.91155e-05
6.90967e-05
6.90779e-05
6.90591e-05
6.90404e-05
6.90217e-05
6.9003e-05
6.89843e-05
6.89656e-05
6.89469e-05
6.89283e-05
6.89097e-05
6.88911e-05
6.88725e-05
6.8854e-05
6.88354e-05
6.88169e-05
6.87984e-05
6.87799e-05
6.87614e-05
6.8743e-05
6.87245e-05
6.87061e-05
6.86877e-05
6.86693e-05
6.8651e-05
6.86326e-05
6.86143e-05
6.8596e-05
6.85777e-05
6.85594e-05
6.85412e-05
6.85229e-05
6.85047e-05
6.84865e-05
6.84683e-05
6.84502e-05
6.8432e-05
6.84139e-05
6.83958e-05
6.83777e-05
6.83596e-05
6.83416e-05
6.83235e-05
6.83055e-05
6.82875e-05
6.82695e-05
6.82515e-05
6.82336e-05
6.82156e-05
6.81977e-05
6.81798e-05
6.81619e-05
6.81441e-05
6.81262e-05
6.81084e-05
6.80906e-05
6.80728e-05
6.8055e-05
6.80373e-05
6.80195e-05
6.80018e-05
6.79841e-05
6.79664e-05
6.79487e-05
6.79311e-05
6.79134e-05
6.78958e-05
6.78782e-05
6.78606e-05
6.78431e-05
6.78255e-05
6.7808e-05
6.77905e-05
6.7773e-05
6.77555e-05
6.7738e-05
6.77206e-05
6.77031e-05
6.76857e-05
6.76683e-05
6.76509e-05
6.76336e-05
6.76162e-05
6.75989e-05
6.75816e-05
6.75643e-05
6.7547e-05
6.75298e-05
6.75125e-05
6.74953e-05
6.74781e-05
6.74609e-05
6.74437e-05
6.74266e-05
6.74094e-05
6.73923e-05
6.73752e-05
6.73581e-05
6.7341e-05
6.7324e-05
6.73069e-05
6.72899e-05
6.72729e-05
6.72559e-05
6.72389e-05
6.7222e-05
6.7205e-05
6.71881e-05
6.71712e-05
6.71543e-05
6.71374e-05
6.71206e-05
6.71037e-05
6.70869e-05
6.70701e-05
6.70533e-05
6.70365e-05
6.70198e-05
6.7003e-05
6.69863e-05
6.69696e-05
6.69529e-05
6.69362e-05
6.69195e-05
6.69029e-05
6.68863e-05
6.68697e-05
6.68531e-05
6.68365e-05
6.68199e-05
6.68034e-05
6.67869e-05
6.67703e-05
6.67538e-05
6.67374e-05
6.67209e-05
6.67044e-05
6.6688e-05
6.66716e-05
6.66552e-05
6.66388e-05
6.66224e-05
6.66061e-05
6.65898e-05
6.65734e-05
6.65571e-05
6.65408e-05
6.65246e-05
6.65083e-05
6.64921e-05
6.64758e-05
6.64596e-05
6.64434e-05
6.64273e-05
6.64111e-05
6.6395e-05
6.63788e-05
6.63627e-05
6.63466e-05
6.63305e-05
6.63145e-05
6.62984e-05
6.62824e-05
6.62664e-05
6.62504e-05
6.62344e-05
6.62184e-05
6.62025e-05
6.61865e-05
6.61706e-05
6.61547e-05
6.61388e-05
6.61229e-05
6.61071e-05
6.60912e-05
6.60754e-05
6.60596e-05
6.60438e-05
6.6028e-05
6.60122e-05
6.59965e-05
6.59807e-05
6.5965e-05
6.59493e-05
6.59336e-05
6.59179e-05
6.59023e-05
6.58866e-05
6.5871e-05
6.58554e-05
6.58398e-05
6.58242e-05
6.58086e-05
6.57931e-05
6.57775e-05
6.5762e-05
6.57465e-05
6.5731e-05
6.57155e-05
6.57001e-05
6.56846e-05
6.56692e-05
6.56538e-05
6.56384e-05
6.5623e-05
6.56076e-05
6.55923e-05
6.55769e-05
6.55616e-05
6.55463e-05
6.5531e-05
6.55157e-05
6.55004e-05
6.54852e-05
6.547e-05
6.54547e-05
6.54395e-05
6.54243e-05
6.54092e-05
6.5394e-05
6.53789e-05
6.53637e-05
6.53486e-05
6.53335e-05
6.53184e-05
6.53034e-05
6.52883e-05
6.52733e-05
6.52582e-05
6.52432e-05
6.52282e-05
6.52132e-05
6.51983e-05
6.51833e-05
6.51684e-05
6.51535e-05
6.51385e-05
6.51236e-05
6.51088e-05
6.50939e-05
6.50791e-05
6.50642e-05
6.50494e-05
6.50346e-05
6.50198e-05
6.5005e-05
6.49903e-05
6.49755e-05
6.49608e-05
6.4946e-05
6.49313e-05
6.49166e-05
6.4902e-05
6.48873e-05
6.48727e-05
6.4858e-05
6.48434e-05
6.48288e-05
6.48142e-05
6.47996e-05
6.47851e-05
6.47705e-05
6.4756e-05
6.47415e-05
6.4727e-05
6.47125e-05
6.4698e-05
6.46835e-05
6.46691e-05
6.46547e-05
6.46402e-05
6.46258e-05
6.46114e-05
6.45971e-05
6.45827e-05
6.45684e-05
6.4554e-05
6.45397e-05
6.45254e-05
6.45111e-05
6.44968e-05
6.44826e-05
6.44683e-05
6.44541e-05
6.44399e-05
6.44256e-05
6.44114e-05
6.43973e-05
6.43831e-05
6.43689e-05
6.43548e-05
6.43407e-05
6.43266e-05
6.43125e-05
6.42984e-05
6.42843e-05
6.42703e-05
6.42562e-05
6.42422e-05
6.42282e-05
6.42142e-05
6.42002e-05
6.41862e-05
6.41723e-05
6.41583e-05
6.41444e-05
6.41305e-05
6.41166e-05
6.41027e-05
6.40888e-05
6.40749e-05
6.40611e-05
6.40473e-05
6.40334e-05
6.40196e-05
6.40058e-05
6.3992e-05
6.39783e-05
6.39645e-05
6.39508e-05
6.3937e-05
6.39233e-05
6.39096e-05
6.38959e-05
6.38823e-05
6.38686e-05
6.3855e-05
6.38413e-05
6.38277e-05
6.38141e-05
6.38005e-05
6.37869e-05
6.37734e-05
6.37598e-05
6.37463e-05
6.37327e-05
6.37192e-05
6.37057e-05
6.36922e-05
6.36788e-05
6.36653e-05
6.36519e-05
6.36384e-05
6.3625e-05
6.36116e-05
6.35982e-05
6.35848e-05
6.35715e-05
6.35581e-05
6.35448e-05
6.35314e-05
6.35181e-05
6.35048e-05
6.34915e-05
6.34782e-05
6.3465e-05
6.34517e-05
6.34385e-05
6.34253e-05
6.34121e-05
6.33989e-05
6.33857e-05
6.33725e-05
6.33593e-05
6.33462e-05
6.33331e-05
6.33199e-05
6.33068e-05
6.32937e-05
6.32807e-05
6.32676e-05
6.32545e-05
6.32415e-05
6.32285e-05
6.32154e-05
6.32024e-05
6.31894e-05
6.31765e-05
6.31635e-05
6.31505e-05
6.31376e-05
6.31247e-05
6.31118e-05
6.30989e-05
6.3086e-05
6.30731e-05
6.30602e-05
6.30474e-05
6.30345e-05
6.30217e-05
6.30089e-05
6.29961e-05
6.29833e-05
6.29705e-05
6.29578e-05
6.2945e-05
6.29323e-05
6.29195e-05
6.29068e-05
6.28941e-05
6.28814e-05
6.28688e-05
6.28561e-05
6.28434e-05
6.28308e-05
6.28182e-05
6.28056e-05
6.2793e-05
6.27804e-05
6.27678e-05
6.27552e-05
6.27427e-05
6.27301e-05
6.27176e-05
6.27051e-05
6.26926e-05
6.26801e-05
6.26676e-05
6.26551e-05
6.26427e-05
6.26302e-05
6.26178e-05
6.26054e-05
6.2593e-05
6.25806e-05
6.25682e-05
6.25558e-05
6.25435e-05
6.25311e-05
6.25188e-05
6.25065e-05
6.24942e-05
6.24819e-05
6.24696e-05
6.24573e-05
6.24451e-05
6.24328e-05
6.24206e-05
6.24084e-05
6.23962e-05
6.2384e-05
6.23718e-05
6.23596e-05
6.23474e-05
6.23353e-05
6.23231e-05
6.2311e-05
6.22989e-05
6.22868e-05
6.22747e-05
6.22626e-05
6.22505e-05
6.22385e-05
6.22264e-05
6.22144e-05
6.22024e-05
6.21904e-05
6.21784e-05
6.21664e-05
6.21544e-05
6.21425e-05
6.21305e-05
6.21186e-05
6.21066e-05
6.20947e-05
6.20828e-05
6.20709e-05
6.20591e-05
6.20472e-05
6.20353e-05
6.20235e-05
6.20116e-05
6.19998e-05
6.1988e-05
6.19762e-05
6.19644e-05
6.19527e-05
6.19409e-05
6.19291e-05
6.19174e-05
6.19057e-05
6.18939e-05
6.18822e-05
6.18705e-05
6.18589e-05
6.18472e-05
6.18355e-05
6.18239e-05
6.18122e-05
6.18006e-05
6.1789e-05
6.17774e-05
6.17658e-05
6.17542e-05
6.17427e-05
6.17311e-05
6.17196e-05
6.1708e-05
6.16965e-05
6.1685e-05
6.16735e-05
6.1662e-05
6.16505e-05
6.16391e-05
6.16276e-05
6.16162e-05
6.16047e-05
6.15933e-05
6.15819e-05
6.15705e-05
6.15591e-05
6.15477e-05
6.15364e-05
6.1525e-05
6.15137e-05
6.15023e-05
6.1491e-05
6.14797e-05
6.14684e-05
6.14571e-05
6.14458e-05
6.14346e-05
6.14233e-05
6.14121e-05
6.14008e-05
6.13896e-05
6.13784e-05
6.13672e-05
6.1356e-05
6.13448e-05
6.13337e-05
6.13225e-05
6.13114e-05
6.13002e-05
6.12891e-05
6.1278e-05
6.12669e-05
6.12558e-05
6.12447e-05
6.12337e-05
6.12226e-05
6.12116e-05
6.12005e-05
6.11895e-05
6.11785e-05
6.11675e-05
6.11565e-05
6.11455e-05
6.11345e-05
6.11236e-05
6.11126e-05
6.11017e-05
6.10908e-05
6.10799e-05
6.10689e-05
6.10581e-05
6.10472e-05
6.10363e-05
6.10254e-05
6.10146e-05
6.10037e-05
6.09929e-05
6.09821e-05
6.09713e-05
6.09605e-05
6.09497e-05
6.09389e-05
6.09281e-05
6.09174e-05
6.09066e-05
6.08959e-05
6.08852e-05
6.08745e-05
6.08638e-05
6.08531e-05
6.08424e-05
6.08317e-05
6.08211e-05
6.08104e-05
6.07998e-05
6.07891e-05
6.07785e-05
6.07679e-05
6.07573e-05
6.07467e-05
6.07361e-05
6.07256e-05
6.0715e-05
6.07045e-05
6.06939e-05
6.06834e-05
6.06729e-05
6.06624e-05
6.06519e-05
6.06414e-05
6.06309e-05
6.06205e-05
6.061e-05
6.05996e-05
6.05891e-05
6.05787e-05
6.05683e-05
6.05579e-05
6.05475e-05
6.05371e-05
6.05267e-05
6.05164e-05
6.0506e-05
6.04957e-05
6.04854e-05
6.0475e-05
6.04647e-05
6.04544e-05
6.04441e-05
6.04338e-05
6.04236e-05
6.04133e-05
6.04031e-05
6.03928e-05
6.03826e-05
6.03724e-05
6.03622e-05
6.0352e-05
6.03418e-05
6.03316e-05
6.03214e-05
6.03113e-05
6.03011e-05
6.0291e-05
6.02808e-05
6.02707e-05
6.02606e-05
6.02505e-05
6.02404e-05
6.02303e-05
6.02203e-05
6.02102e-05
6.02002e-05
6.01901e-05
6.01801e-05
6.01701e-05
6.01601e-05
6.01501e-05
6.01401e-05
6.01301e-05
6.01201e-05
6.01102e-05
6.01002e-05
6.00903e-05
6.00803e-05
6.00704e-05
6.00605e-05
6.00506e-05
6.00407e-05
6.00308e-05
6.00209e-05
6.00111e-05
6.00012e-05
5.99914e-05
5.99815e-05
5.99717e-05
5.99619e-05
5.99521e-05
5.99423e-05
5.99325e-05
5.99227e-05
5.9913e-05
5.99032e-05
5.98934e-05
5.98837e-05
5.9874e-05
5.98643e-05
5.98545e-05
5.98448e-05
5.98352e-05
5.98255e-05
5.98158e-05
5.98061e-05
5.97965e-05
5.97868e-05
5.97772e-05
5.97676e-05
5.9758e-05
5.97484e-05
5.97388e-05
5.97292e-05
5.97196e-05
5.971e-05
5.97005e-05
5.96909e-05
5.96814e-05
5.96719e-05
5.96623e-05
5.96528e-05
5.96433e-05
5.96338e-05
5.96243e-05
5.96149e-05
5.96054e-05
5.95959e-05
5.95865e-05
5.95771e-05
5.95676e-05
5.95582e-05
5.95488e-05
5.95394e-05
5.953e-05
5.95206e-05
5.95113e-05
5.95019e-05
5.94925e-05
5.94832e-05
5.94739e-05
5.94645e-05
5.94552e-05
5.94459e-05
5.94366e-05
5.94273e-05
5.9418e-05
5.94088e-05
5.93995e-05
5.93902e-05
5.9381e-05
5.93718e-05
5.93625e-05
5.93533e-05
5.93441e-05
5.93349e-05
5.93257e-05
5.93165e-05
5.93074e-05
5.92982e-05
5.92891e-05
5.92799e-05
5.92708e-05
5.92617e-05
5.92525e-05
5.92434e-05
5.92343e-05
5.92252e-05
5.92162e-05
5.92071e-05
5.9198e-05
5.9189e-05
5.91799e-05
5.91709e-05
5.91618e-05
5.91528e-05
5.91438e-05
5.91348e-05
5.91258e-05
5.91168e-05
5.91079e-05
5.90989e-05
5.90899e-05
5.9081e-05
5.90721e-05
5.90631e-05
5.90542e-05
5.90453e-05
5.90364e-05
5.90275e-05
5.90186e-05
5.90097e-05
5.90008e-05
5.8992e-05
5.89831e-05
5.89743e-05
5.89655e-05
5.89566e-05
5.89478e-05
5.8939e-05
5.89302e-05
5.89214e-05
5.89126e-05
5.89038e-05
5.88951e-05
5.88863e-05
5.88776e-05
5.88688e-05
5.88601e-05
5.88514e-05
5.88427e-05
5.8834e-05
5.88253e-05
5.88166e-05
5.88079e-05
5.87992e-05
5.87906e-05
5.87819e-05
5.87733e-05
5.87646e-05
5.8756e-05
5.87474e-05
5.87388e-05
5.87302e-05
5.87216e-05
5.8713e-05
5.87044e-05
5.86958e-05
5.86873e-05
5.86787e-05
5.86702e-05
5.86616e-05
5.86531e-05
5.86446e-05
5.86361e-05
5.86276e-05
5.86191e-05
5.86106e-05
5.86021e-05
5.85937e-05
5.85852e-05
5.85767e-05
5.85683e-05
5.85599e-05
5.85514e-05
5.8543e-05
5.85346e-05
5.85262e-05
5.85178e-05
5.85094e-05
5.8501e-05
5.84927e-05
5.84843e-05
5.8476e-05
5.84676e-05
5.84593e-05
5.84509e-05
5.84426e-05
5.84343e-05
5.8426e-05
5.84177e-05
5.84094e-05
5.84011e-05
5.83929e-05
5.83846e-05
5.83764e-05
5.83681e-05
5.83599e-05
5.83516e-05
5.83434e-05
5.83352e-05
5.8327e-05
5.83188e-05
5.83106e-05
5.83024e-05
5.82942e-05
5.82861e-05
5.82779e-05
5.82698e-05
5.82616e-05
5.82535e-05
5.82454e-05
5.82373e-05
5.82291e-05
5.8221e-05
5.82129e-05
5.82049e-05
5.81968e-05
5.81887e-05
5.81807e-05
5.81726e-05
5.81645e-05
5.81565e-05
5.81485e-05
5.81405e-05
5.81324e-05
5.81244e-05
5.81164e-05
5.81084e-05
5.81005e-05
5.80925e-05
5.80845e-05
5.80766e-05
5.80686e-05
5.80607e-05
5.80527e-05
5.80448e-05
5.80369e-05
5.8029e-05
5.80211e-05
5.80132e-05
5.80053e-05
5.79974e-05
5.79895e-05
5.79816e-05
5.79738e-05
5.79659e-05
5.79581e-05
5.79503e-05
5.79424e-05
5.79346e-05
5.79268e-05
5.7919e-05
5.79112e-05
5.79034e-05
5.78956e-05
5.78879e-05
5.78801e-05
5.78723e-05
5.78646e-05
5.78568e-05
5.78491e-05
5.78414e-05
5.78336e-05
5.78259e-05
5.78182e-05
5.78105e-05
5.78028e-05
5.77952e-05
5.77875e-05
5.77798e-05
5.77722e-05
5.77645e-05
5.77569e-05
5.77492e-05
5.77416e-05
5.7734e-05
5.77264e-05
5.77187e-05
5.77111e-05
5.77036e-05
5.7696e-05
5.76884e-05
5.76808e-05
5.76733e-05
5.76657e-05
5.76582e-05
5.76506e-05
5.76431e-05
5.76356e-05
5.7628e-05
5.76205e-05
5.7613e-05
5.76055e-05
5.7598e-05
5.75906e-05
5.75831e-05
5.75756e-05
5.75682e-05
5.75607e-05
5.75533e-05
5.75458e-05
5.75384e-05
5.7531e-05
5.75236e-05
5.75161e-05
5.75087e-05
5.75014e-05
5.7494e-05
5.74866e-05
5.74792e-05
5.74719e-05
5.74645e-05
5.74571e-05
5.74498e-05
5.74425e-05
5.74351e-05
5.74278e-05
5.74205e-05
5.74132e-05
5.74059e-05
5.73986e-05
5.73913e-05
5.7384e-05
5.73768e-05
5.73695e-05
5.73623e-05
5.7355e-05
5.73478e-05
5.73405e-05
5.73333e-05
5.73261e-05
5.73189e-05
5.73117e-05
5.73045e-05
5.72973e-05
5.72901e-05
5.72829e-05
5.72757e-05
5.72686e-05
5.72614e-05
5.72543e-05
5.72471e-05
5.724e-05
5.72329e-05
5.72257e-05
5.72186e-05
5.72115e-05
5.72044e-05
5.71973e-05
5.71902e-05
5.71831e-05
5.71761e-05
5.7169e-05
5.71619e-05
5.71549e-05
5.71478e-05
5.71408e-05
5.71338e-05
5.71268e-05
5.71197e-05
5.71127e-05
5.71057e-05
5.70987e-05
5.70917e-05
5.70848e-05
5.70778e-05
5.70708e-05
5.70638e-05
5.70569e-05
5.70499e-05
5.7043e-05
5.70361e-05
5.70291e-05
5.70222e-05

