5e-05
5e-05
5e-05
5e-05
5e-05
5e-05
5e-05
5e-05
5e-05
5e-05
5e-05
5e-05
5e-05
5e-05
5e-05
5e-05
5e-05
5e-05
5e-05
5e-05
5e-05
5e-05
5e-05
5e-05
5e-05
5e-05
5e-05
5e-05
5e-05
5e-05
5e-05
5e-05
5e-05
5e-05
5e-05
5e-05
5e-05
5e-05
5e-05
5e-05
5e-05
5e-05
5e-05
5e-05
5e-05
5e-05
5e-05
5e-05
5e-05
5e-05
5e-05
5e-05
5e-05
5e-05
5e-05
5e-05
5e-05
5e-05
5e-05
5e-05
5e-05
5e-05
5e-05
5e-05
5e-05
5e-05
5e-05
5e-05
5e-05
5e-05
5e-05
5e-05
5e-05
5e-05
5e-05
5e-05
5e-05
5e-05
5e-05
5e-05
5e-05
5e-05
5e-05
5e-05
5e-05
5e-05
5e-05
5e-05
5e-05
5e-05
5e-05
5e-05
5e-05
5e-05
5e-05
5e-05
5e-05
5e-05
5e-05
5e-05
5e-05
5e-05
5e-05
5e-05
5e-05
5e-05
5e-05
5e-05
5e-05
5e-05
5e-05
5e-05
5e-05
5e-05
5e-05
5e-05
5e-05
5e-05
5e-05
5e-05
5e-05
5e-05
5e-05
5e-05
5e-05
5e-05
5e-05
5e-05
5e-05
5e-05
5e-05
5e-05
5e-05
5e-05
5e-05
5e-05
5e-05
5e-05
5e-05
5e-05
5e-05
5e-05
5e-05
5e-05
5e-05
5e-05
5e-05
5e-05
5e-05
5e-05
5e-05
5e-05
5e-05
5e-05
5e-05
5e-05
5e-05
5e-05
5e-05
5e-05
5e-05
5e-05
5e-05
5e-05
5e-05
5e-05
5e-05
5e-05
5e-05
5e-05
5e-05
5e-05
5e-05
5e-05
5e-05
5e-05
5e-05
5e-05
5e-05
5e-05
5e-05
5e-05
5e-05
5e-05
5e-05
5e-05
5e-05
5e-05
5e-05
5e-05
5e-05
5e-05
5e-05
5e-05
5e-05
5e-05
5e-05
5e-05
5e-05
5e-05
5e-05
5e-05
5e-05
5e-05
5e-05
5e-05
5e-05
5e-05
5e-05
5e-05
5e-05
5e-05
5e-05
5e-05
5e-05
5e-05
5e-05
5e-05
5e-05
5e-05
5e-05
5e-05
5e-05
5e-05
5e-05
5e-05
5e-05
5e-05
5e-05
5e-05
5e-05
5e-05
5e-05
5e-05
5e-05
5e-05
5e-05
5e-05
5e-05
5e-05
5e-05
5e-05
5e-05
5e-05
5e-05
5e-05
5e-05
5e-05
5e-05
5e-05
5e-05
5e-05
5e-05
5e-05
5e-05
5e-05
5e-05
5e-05
5e-05
5e-05
5e-05
5e-05
5e-05
5e-05
5e-05
5e-05
5e-05
5e-05
5e-05
5e-05
5e-05
5e-05
5e-05
5e-05
5e-05
5e-05
5e-05
5e-05
5e-05
5e-05
5e-05
5e-05
5e-05
5e-05
5e-05
5e-05
5e-05
5e-05
5e-05
5e-05
5e-05
5e-05
5e-05
5e-05
5e-05
5e-05
5e-05
5e-05
5e-05
5e-05
5e-05
5e-05
5e-05
5e-05
5e-05
5e-05
5e-05
5e-05
5e-05
5e-05
5e-05
5e-05
5e-05
5e-05
5e-05
5e-05
5e-05
5e-05
5e-05
5e-05
5e-05
5e-05
5e-05
5e-05
5e-05
5e-05
5e-05
5e-05
5e-05
5e-05
5e-05
5e-05
5e-05
5e-05
5e-05
5e-05
5e-05
5e-05
5e-05
5e-05
5e-05
5e-05
5e-05
5e-05
5e-05
5e-05
5e-05
5e-05
5e-05
5e-05
5e-05
5e-05
5e-05
5e-05
5e-05
5e-05
5e-05
5e-05
5e-05
5e-05
5e-05
5e-05
5e-05
5e-05
5e-05
5e-05
5e-05
5e-05
5e-05
5e-05
5e-05
5e-05
5e-05
5e-05
5e-05
5e-05
5e-05
5e-05
5e-05
5e-05
5e-05
5e-05
5e-05
5e-05
5e-05
5e-05
5e-05
5e-05
5e-05
5e-05
5e-05
5e-05
5e-05
5e-05
5e-05
5e-05
5e-05
5e-05
5e-05
5e-05
5e-05
5e-05
5e-05
5e-05
5e-05
5e-05
5e-05
5e-05
5e-05
5e-05
5e-05
5e-05
5e-05
5e-05
5e-05
5e-05
5e-05
5e-05
5e-05
5e-05
5e-05
5e-05
5e-05
5e-05
5e-05
5e-05
5e-05
5e-05
5e-05
5e-05
5e-05
5e-05
5e-05
5e-05
5e-05
5e-05
5e-05
5e-05
5e-05
5e-05
5e-05
5e-05
5e-05
5e-05
5e-05
5e-05
5e-05
5e-05
5e-05
5e-05
5e-05
5e-05
5e-05
5e-05
5e-05
5e-05
5e-05
5e-05
5e-05
5e-05
5e-05
5e-05
5e-05
5e-05
5e-05
5e-05
5e-05
5e-05
5e-05
5e-05
5e-05
5e-05
5e-05
5e-05
5e-05
5e-05
5e-05
5e-05
5e-05
5e-05
5e-05
5e-05
5e-05
5e-05
5e-05
5e-05
5e-05
5e-05
5e-05
5e-05
5e-05
5e-05
5e-05
5e-05
5e-05
5e-05
5e-05
5e-05
5e-05
5e-05
5e-05
5e-05
5e-05
5e-05
5e-05
5e-05
5e-05
5e-05
5e-05
5e-05
5e-05
5e-05
5e-05
5e-05
5e-05
5e-05
5e-05
5e-05
5e-05
5e-05
5e-05
5e-05
5e-05
5e-05
5e-05
5e-05
5e-05
5e-05
5e-05
5e-05
5e-05
5e-05
5e-05
5e-05
5e-05
5e-05
5e-05
5e-05
5e-05
5e-05
5e-05
5e-05
5e-05
5e-05
5e-05
5e-05
5e-05
5e-05
5e-05
5e-05
5e-05
5e-05
5e-05
5e-05
5e-05
5e-05
5e-05
5e-05
5e-05
5e-05
5e-05
5e-05
5e-05
5e-05
5e-05
5e-05
5e-05
5e-05
5e-05
5e-05
5e-05
5e-05
5e-05
5e-05
5e-05
5e-05
5e-05
5e-05
5e-05
5e-05
5e-05
5e-05
5e-05
5e-05
5e-05
5e-05
5e-05
5e-05
5e-05
5e-05
5e-05
5e-05
5e-05
5e-05
5e-05
5e-05
5e-05
5e-05
5e-05
5e-05
5e-05
5e-05
5e-05
5e-05
5e-05
5e-05
5e-05
5e-05
5e-05
5e-05
5e-05
5e-05
5e-05
5e-05
5e-05
5e-05
5e-05
5e-05
5e-05
5e-05
5e-05
5e-05
5e-05
5e-05
5e-05
5e-05
5e-05
5e-05
5e-05
5e-05
5e-05
5e-05
5e-05
5e-05
5e-05
5e-05
5e-05
5e-05
5e-05
5e-05
5e-05
5e-05
5e-05
5e-05
5e-05
5e-05
5e-05
5e-05
5e-05
5e-05
5e-05
5e-05
5e-05
5e-05
5e-05
5e-05
5e-05
5e-05
5e-05
5e-05
5e-05
5e-05
5e-05
5e-05
5e-05
5e-05
5e-05
5e-05
5e-05
5e-05
5e-05
5e-05
5e-05
5e-05
5e-05
5e-05
5e-05
5e-05
5e-05
5e-05
5e-05
5e-05
5e-05
5e-05
5e-05
5e-05
5e-05
5e-05
5e-05
5e-05
5e-05
5e-05
5e-05
5e-05
5e-05
5e-05
5e-05
5e-05
5e-05
5e-05
5e-05
5e-05
5e-05
5e-05
5e-05
5e-05
5e-05
5e-05
5e-05
5e-05
5e-05
5e-05
5e-05
5e-05
5e-05
5e-05
5e-05
5e-05
5e-05
5e-05
5e-05
5e-05
5e-05
5e-05
5e-05
5e-05
5e-05
5e-05
5e-05
5e-05
5e-05
5e-05
5e-05
5e-05
5e-05
5e-05
5e-05
5e-05
5e-05
5e-05
5e-05
5e-05
5e-05
5e-05
5e-05
5e-05
5e-05
5e-05
5e-05
5e-05
5e-05
5e-05
5e-05
5e-05
5e-05
5e-05
5e-05
5e-05
5e-05
5e-05
5e-05
5e-05
5e-05
5e-05
5e-05
5e-05
5e-05
5e-05
5e-05
5e-05
5e-05
5e-05
5e-05
5e-05
5e-05
5e-05
5e-05
5e-05
5e-05
5e-05
5e-05
5e-05
5e-05
5e-05
5e-05
5e-05
5e-05
5e-05
5e-05
5e-05
5e-05
5e-05
5e-05
5e-05
5e-05
5e-05
5e-05
5e-05
5e-05
5e-05
5e-05
7.98065e-05
0.000106542
0.00013058
0.000152248
0.000171833
0.000189588
0.000205733
0.000220464
0.000233949
0.000246339
0.000257764
0.000268339
0.000278166
0.000287333
0.000295917
0.000303988
0.000311605
0.000318821
0.000325681
0.000332228
0.000338495
0.000344515
0.000350315
0.00035592
0.000361351
0.000366626
0.000371762
0.000376774
0.000381674
0.000386473
0.000391182
0.000395809
0.000400362
0.000404848
0.000409273
0.000413642
0.00041796
0.00042223
0.000426458
0.000430645
0.000434796
0.000438911
0.000442995
0.000447048
0.000451074
0.000455072
0.000459046
0.000462996
0.000466923
0.000470828
0.000474713
0.000478579
0.000482425
0.000486254
0.000490065
0.000493859
0.000497638
0.0005014
0.000505147
0.00050888
0.000512598
0.000516303
0.000519994
0.000523671
0.000527336
0.000530989
0.000534629
0.000538257
0.000541873
0.000545478
0.000549072
0.000552655
0.000556227
0.000559789
0.00056334
0.000566882
0.000570413
0.000573935
0.000577447
0.00058095
0.000554637
0.00053138
0.000510808
0.000492593
0.000476451
0.000462129
0.000449408
0.000438094
0.000428017
0.000419029
0.000410997
0.000403808
0.000397361
0.000391568
0.000386349
0.000381639
0.000377375
0.000373507
0.000369988
0.000366777
0.000363839
0.000361142
0.000358659
0.000356365
0.00035424
0.000352265
0.000350424
0.000348701
0.000347085
0.000345564
0.000344128
0.000342768
0.000341478
0.000340249
0.000339077
0.000337956
0.000336881
0.000335848
0.000334854
0.000333895
0.000332969
0.000332072
0.000331204
0.000330361
0.000329542
0.000328746
0.00032797
0.000327215
0.000326477
0.000325758
0.000325055
0.000324367
0.000323695
0.000323037
0.000322393
0.000321762
0.000321143
0.000320537
0.000319942
0.000319359
0.000318786
0.000318224
0.000317673
0.000317131
0.000316599
0.000316077
0.000315563
0.000315059
0.000314563
0.000314075
0.000313596
0.000313125
0.000312662
0.000312207
0.000311759
0.000311319
0.000310885
0.000310459
0.00031004
0.000309628
0.000309222
0.000308822
0.00030843
0.000308043
0.000307662
0.000307288
0.000306919
0.000306556
0.000306199
0.000305847
0.000305501
0.00030516
0.000304825
0.000304494
0.000304169
0.000303848
0.000303532
0.000303222
0.000302915
0.000302614
0.000302317
0.000302024
0.000301736
0.000301451
0.000301171
0.000300896
0.000300624
0.000300356
0.000300092
0.000299832
0.000299575
0.000299323
0.000299073
0.000298828
0.000298586
0.000298347
0.000298111
0.000297879
0.00029765
0.000297425
0.000297202
0.000296982
0.000296766
0.000296552
0.000296341
0.000296133
0.000295928
0.000295726
0.000295526
0.000295329
0.000295134
0.000294942
0.000294752
0.000294565
0.000294381
0.000294198
0.000294018
0.00029384
0.000293665
0.000293492
0.00029332
0.000293151
0.000292984
0.000292819
0.000292656
0.000292495
0.000292336
0.000292179
0.000292023
0.00029187
0.000291718
0.000291568
0.00029142
0.000291273
0.000291128
0.000290985
0.000290843
0.000290703
0.000290565
0.000290427
0.000290292
0.000290158
0.000290025
0.000289894
0.000289764
0.000289635
0.000289508
0.000289382
0.000289258
0.000289135
0.000289012
0.000288892
0.000288772
0.000288653
0.000288536
0.00028842
0.000288305
0.000288191
0.000288078
0.000287966
0.000287855
0.000287746
0.000287637
0.000287529
0.000287422
0.000287316
0.000287211
0.000287107
0.000287004
0.000286902
0.0002868
0.0002867
0.0002866
0.000286501
0.000286403
0.000286306
0.000286209
0.000286113
0.000286018
0.000285924
0.00028583
0.000285737
0.000285645
0.000285554
0.000285463
0.000285373
0.000285283
0.000285194
0.000285106
0.000285018
0.000284931
0.000284845
0.000284759
0.000284674
0.000284589
0.000284505
0.000284421
0.000284338
0.000284255
0.000284173
0.000284092
0.000284011
0.00028393
0.00028385
0.00028377
0.000283691
0.000283612
0.000283534
0.000283456
0.000283379
0.000283302
0.000283225
0.000283149
0.000283073
0.000282998
0.000282923
0.000282848
0.000282774
0.0002827
0.000282626
0.000282553
0.00028248
0.000282408
0.000282336
0.000282264
0.000282193
0.000282121
0.00028205
0.00028198
0.00028191
0.00028184
0.00028177
0.000281701
0.000281631
0.000281563
0.000281494
0.000281426
0.000281358
0.00028129
0.000281222
0.000281155
0.000281088
0.000281021
0.000280955
0.000280888
0.000280822
0.000280756
0.000280691
0.000280625
0.00028056
0.000280495
0.00028043
0.000280366
0.000280301
0.000280237
0.000280173
0.000280109
0.000280046
0.000279982
0.000279919
0.000279856
0.000279793
0.00027973
0.000279667
0.000279605
0.000279543
0.000279481
0.000279419
0.000279357
0.000279295
0.000279234
0.000279172
0.000279111
0.00027905
0.000278989
0.000278928
0.000278868
0.000278807
0.000278747
0.000278686
0.000278626
0.000278566
0.000278506
0.000278447
0.000278387
0.000278327
0.000278268
0.000278209
0.000278149
0.00027809
0.000278031
0.000277972
0.000277914
0.000277855
0.000277796
0.000277738
0.000277679
0.000277621
0.000277563
0.000277505
0.000277447
0.000277389
0.000277331
0.000277273
0.000277216
0.000277158
0.000277101
0.000277043
0.000276986
0.000276928
0.000276871
0.000276814
0.000276757
0.0002767
0.000276643
0.000276587
0.00027653
0.000276473
0.000276417
0.00027636
0.000276304
0.000276247
0.000276191
0.000276135
0.000276078
0.000276022
0.000275966
0.00027591
0.000275854
0.000275798
0.000275742
0.000275687
0.000275631
0.000275575
0.000275519
0.000275464
0.000275408
0.000275353
0.000275298
0.000275242
0.000275187
0.000275132
0.000275076
0.000275021
0.000274966
0.000274911
0.000274856
0.000274801
0.000274746
0.000274691
0.000274636
0.000274581
0.000274527
0.000274472
0.000274417
0.000274363
0.000274308
0.000274254
0.000274199
0.000274145
0.00027409
0.000274036
0.000273981
0.000273927
0.000273873
0.000273818
0.000273764
0.00027371
0.000273656
0.000273602
0.000273548
0.000273494
0.00027344
0.000273386
0.000273332
0.000273278
0.000273224
0.00027317
0.000273116
0.000273062
0.000273009
0.000272955
0.000272901
0.000272848
0.000272794
0.00027274
0.000272687
0.000272633
0.00027258
0.000272526
0.000272473
0.000272419
0.000272366
0.000272312
0.000272259
0.000272206
0.000272152
0.000272099
0.000272046
0.000271993
0.000271939
0.000271886
0.000271833
0.00027178
0.000271727
0.000271674
0.000271621
0.000271567
0.000271514
0.000271461
0.000271408
0.000271355
0.000271303
0.00027125
0.000271197
0.000271144
0.000271091
0.000271038
0.000270985
0.000270933
0.00027088
0.000270827
0.000270774
0.000270722
0.000270669
0.000270616
0.000270564
0.000270511
0.000270458
0.000270406
0.000270353
0.000270301
0.000270248
0.000270196
0.000270143
0.000270091
0.000270038
0.000269986
0.000269933
0.000269881
0.000269829
0.000269776
0.000269724
0.000269672
0.000269619
0.000269567
0.000269515
0.000269463
0.00026941
0.000269358
0.000269306
0.000269254
0.000269201
0.000269149
0.000269097
0.000269045
0.000268993
0.000268941
0.000268889
0.000268837
0.000268785
0.000268733
0.000268681
0.000268629
0.000268577
0.000268525
0.000268473
0.000268421
0.000268369
0.000268317
0.000268265
0.000268213
0.000268162
0.00026811
0.000268058
0.000268006
0.000267954
0.000267903
0.000267851
0.000267799
0.000267747
0.000267696
0.000267644
0.000267592
0.000267541
0.000267489
0.000267437
0.000267386
0.000267334
0.000267282
0.000267231
0.000267179
0.000267128
0.000267076
0.000267025
0.000266973
0.000266922
0.00026687
0.000266819
0.000266767
0.000266716
0.000266664
0.000266613
0.000266562
0.00026651
0.000266459
0.000266407
0.000266356
0.000266305
0.000266253
0.000266202
0.000266151
0.0002661
0.000266048
0.000265997
0.000265946
0.000265895
0.000265843
0.000265792
0.000265741
0.00026569
0.000265639
0.000265587
0.000265536
0.000265485
0.000265434
0.000265383
0.000265332
0.000265281
0.00026523
0.000265179
0.000265128
0.000265077
0.000265026
0.000264975
0.000264924
0.000264873
0.000264822
0.000264771
0.00026472
0.000264669
0.000264618
0.000264567
0.000264516
0.000264466
0.000264415
0.000264364
0.000264313
0.000264262
0.000264211
0.000264161
0.00026411
0.000264059
0.000264008
0.000263958
0.000263907
0.000263856
0.000263806
0.000263755
0.000263704
0.000263654
0.000263603
0.000263552
0.000263502
0.000263451
0.0002634
0.00026335
0.000263299
0.000263249
0.000263198
0.000263148
0.000263097
0.000263047
0.000262996
0.000262946
0.000262895
0.000262845
0.000262794
0.000262744
0.000262693
0.000262643
0.000262593
0.000262542
0.000262492
0.000262441
0.000262391
0.000262341
0.00026229
0.00026224
0.00026219
0.00026214
0.000262089
0.000262039
0.000261989
0.000261938
0.000261888
0.000261838
0.000261788
0.000261738
0.000261687
0.000261637
0.000261587
0.000261537
0.000261487
0.000261437
0.000261387
0.000261336
0.000261286
0.000261236
0.000261186
0.000261136
0.000261086
0.000261036
0.000260986
0.000260936
0.000260886
0.000260836
0.000260786
0.000260736
0.000260686
0.000260636
0.000260586
0.000260536
0.000260487
0.000260437
0.000260387
0.000260337
0.000260287
0.000260237
0.000260187
0.000260138
0.000260088
0.000260038
0.000259988
0.000259938
0.000259889
0.000259839
0.000259789
0.00025974
0.00025969
0.00025964
0.00025959
0.000259541
0.000259491
0.000259441
0.000259392
0.000259342
0.000259293
0.000259243
0.000259193
0.000259144
0.000259094
0.000259045
0.000258995
0.000258946
0.000258896
0.000258847
0.000258797
0.000258748
0.000258698
0.000258649
0.000258599
0.00025855
0.0002585
0.000258451
0.000258401
0.000258352
0.000258303
0.000258253
0.000258204
0.000258155
0.000258105
0.000258056
0.000258007
0.000257957
0.000257908
0.000257859
0.000257809
0.00025776
0.000257711
0.000257662
0.000257612
0.000257563
0.000257514
0.000257465
0.000257416
0.000257367
0.000257317
0.000257268
0.000257219
0.00025717
0.000257121
0.000257072
0.000257023
0.000256974
0.000256925
0.000256875
0.000256826
0.000256777
0.000256728
0.000256679
0.00025663
0.000256581
0.000256532
0.000256483
0.000256435
0.000256386
0.000256337
0.000256288
0.000256239
0.00025619
0.000256141
0.000256092
0.000256043
0.000255995
0.000255946
0.000255897
0.000255848
0.000255799
0.00025575
0.000255702
0.000255653
0.000255604
0.000255555
0.000255507
0.000255458
0.000255409
0.000255361
0.000255312
0.000255263
0.000255215
0.000255166
0.000255117
0.000255069
0.00025502
0.000254971
0.000254923
0.000254874
0.000254826
0.000254777
0.000254729
0.00025468
0.000254631
0.000254583
0.000254534
0.000254486
0.000254437
0.000254389
0.000254341
0.000254292
0.000254244
0.000254195
0.000254147
0.000254098
0.00025405
0.000254002
0.000253953
0.000253905
0.000253857
0.000253808
0.00025376
0.000253712
0.000253663
0.000253615
0.000253567
0.000253518
0.00025347
0.000253422
0.000253374
0.000253325
0.000253277
0.000253229
0.000253181
0.000253133
0.000253085
0.000253036
0.000252988
0.00025294
0.000252892
0.000252844
0.000252796
0.000252748
0.0002527
0.000252652
0.000252603
0.000252555
0.000252507
0.000252459
0.000252411
0.000252363
0.000252315
0.000252267
0.000252219
0.000252172
0.000252124
0.000252076
0.000252028
0.00025198
0.000251932
0.000251884
0.000251836
0.000251788
0.00025174
0.000251693
0.000251645
0.000251597
0.000251549
0.000251501
0.000251454
0.000251406
0.000251358
0.00025131
0.000251262
0.000251215
0.000251167
0.000251119
0.000251072
0.000251024
0.000250976
0.000250929
0.000250881
0.000250833
0.000250786
0.000250738
0.00025069
0.000250643
0.000250595
0.000250548
0.0002505
0.000250453
0.000250405
0.000250357
0.00025031
0.000250262
0.000250215
0.000250167
0.00025012
0.000250073
0.000250025
0.000249978
0.00024993
0.000249883
0.000249835
0.000249788
0.000249741
0.000249693
0.000249646
0.000249598
0.000249551
0.000249504
0.000249456
0.000249409
0.000249362
0.000249315
0.000249267
0.00024922
0.000249173
0.000249126
0.000249078
0.000249031
0.000248984
0.000248937
0.000248889
0.000248842
0.000248795
0.000248748
0.000248701
0.000248654
0.000248607
0.000248559
0.000248512
0.000248465
0.000248418
0.000248371
0.000248324
0.000248277
0.00024823
0.000248183
0.000248136
0.000248089
0.000248042
0.000247995
0.000247948
0.000247901
0.000247854
0.000247807
0.00024776
0.000247713
0.000247666
0.00024762
0.000247573
0.000247526
0.000247479
0.000247432
0.000247385
0.000247338
0.000247292
0.000247245
0.000247198
0.000247151
0.000247104
0.000247058
0.000247011
0.000246964
0.000246917
0.000246871
0.000246824
0.000246777
0.000246731
0.000246684
0.000246637
0.000246591
0.000246544
0.000246497
0.000246451
0.000246404
0.000246357
0.000246311
0.000246264
0.000246218
0.000246171
0.000246125
0.000246078
0.000246032
0.000245985
0.000245939
0.000245892
0.000245846
0.000245799
0.000245753
0.000245706
0.00024566
0.000245613
0.000245567
0.000245521
0.000245474
0.000245428
0.000245381
0.000245335
0.000245289
0.000245242
0.000245196
0.00024515
0.000245103
0.000245057
0.000245011
0.000244965
0.000244918
0.000244872
0.000244826
0.00024478
0.000244733
0.000244687
0.000244641
0.000244595
0.000244549
0.000244502
0.000244456
0.00024441
0.000244364
0.000244318
0.000244272
0.000244226
0.000244179
0.000244133
0.000244087
0.000244041
0.000243995
0.000243949
0.000243903
0.000243857
0.000243811
0.000243765
0.000243719
0.000243673
0.000243627
0.000243581
0.000243535
0.000243489
0.000243443
0.000243398
0.000243352
0.000243306
0.00024326
0.000243214
0.000243168
0.000243122
0.000243076
0.000243031
0.000242985
0.000242939
0.000242893
0.000242847
0.000242802
0.000242756
0.00024271
0.000242664
0.000242619
0.000242573
0.000242527
0.000242482
0.000242436
0.00024239
0.000242345
0.000242299
0.000242253
0.000242208
0.000242162
0.000242116
0.000242071
0.000242025
0.00024198
0.000241934
0.000241889
0.000241843
0.000241797
0.000241752
0.000241706
0.000241661
0.000241615
0.00024157
0.000241524
0.000241479
0.000241434
0.000241388
0.000241343
0.000241297
0.000241252
0.000241206
0.000241161
0.000241116
0.00024107
0.000241025
0.00024098
0.000240934
0.000240889
0.000240844
0.000240798
0.000240753
0.000240708
0.000240662
0.000240617
0.000240572
0.000240527
0.000240481
0.000240436
0.000240391
0.000240346
0.000240301
0.000240255
0.00024021
0.000240165
0.00024012
0.000240075
0.00024003
0.000239985
0.00023994
0.000239894
0.000239849
0.000239804
0.000239759
0.000239714
0.000239669
0.000239624
0.000239579
0.000239534
0.000239489
0.000239444
0.000239399
0.000239354
0.000239309
0.000239264
0.000239219
0.000239174
0.000239129
0.000239085
0.00023904
0.000238995
0.00023895
0.000238905
0.00023886
0.000238815
0.000238771
0.000238726
0.000238681
0.000238636
0.000238591
0.000238547
0.000238502
0.000238457
0.000238412
0.000238368
0.000238323
0.000238278
0.000238233
0.000238189
0.000238144
0.000238099
0.000238055
0.00023801
0.000237965
0.000237921
0.000237876
0.000237831
0.000237787
0.000237742
0.000237698
0.000237653
0.000237609
0.000237564
0.000237519
0.000237475
0.00023743
0.000237386
0.000237341
0.000237297
0.000237252
0.000237208
0.000237164
0.000237119
0.000237075
0.00023703
0.000236986
0.000236941
0.000236897
0.000236853
0.000236808
0.000236764
0.00023672
0.000236675
0.000236631
0.000236587
0.000236542
0.000236498
0.000236454
0.000236409
0.000236365
0.000236321
0.000236277
0.000236232
0.000236188
0.000236144
0.0002361
0.000236056
0.000236011
0.000235967
0.000235923
0.000235879
0.000235835
0.000235791
0.000235746
0.000235702
0.000235658
0.000235614
0.00023557
0.000235526
0.000235482
0.000235438
0.000235394
0.00023535
0.000235306
0.000235262
0.000235218
0.000235174
0.00023513
0.000235086
0.000235042
0.000234998
0.000234954
0.00023491
0.000234866
0.000234822
0.000234778
0.000234734
0.00023469
0.000234647
0.000234603
0.000234559
0.000234515
0.000234471
0.000234427
0.000234384
0.00023434
0.000234296
0.000234252
0.000234208
0.000234165
0.000234121
0.000234077
0.000234034
0.00023399
0.000233946
0.000233902
0.000233859
0.000233815
0.000233771
0.000233728
0.000233684
0.00023364
0.000233597
0.000233553
0.00023351
0.000233466
0.000233422
0.000233379
0.000233335
0.000233292
0.000233248
0.000233205
0.000233161
0.000233118
0.000233074
0.000233031
0.000232987
0.000232944
0.0002329
0.000232857
0.000232813
0.00023277
0.000232727
0.000232683
0.00023264
0.000232596
0.000232553
0.00023251
0.000232466
0.000232423
0.00023238
0.000232336
0.000232293
0.00023225
0.000232206
0.000232163
0.00023212
0.000232076
0.000232033
0.00023199
0.000231947
0.000231903
0.00023186
0.000231817
0.000231774
0.000231731
0.000231687
0.000231644
0.000231601
0.000231558
0.000231515
0.000231472
0.000231429
0.000231385
0.000231342
0.000231299
0.000231256
0.000231213
0.00023117
0.000231127
0.000231084
0.000231041
0.000230998
0.000230955
0.000230912
0.000230869
0.000230826
0.000230783
0.00023074
0.000230697
0.000230654
0.000230611
0.000230568
0.000230525
0.000230483
0.00023044
0.000230397
0.000230354
0.000230311
0.000230268
0.000230225
0.000230183
0.00023014
0.000230097
0.000230054
0.000230011
0.000229969
0.000229926
0.000229883
0.00022984
0.000229798
0.000229755
0.000229712
0.000229669
0.000229627
0.000229584
0.000229541
0.000229499
0.000229456
0.000229413
0.000229371
0.000229328
0.000229286
0.000229243
0.0002292
0.000229158
0.000229115
0.000229073
0.00022903
0.000228988
0.000228945
0.000228902
0.00022886
0.000228817
0.000228775
0.000228732
0.00022869
0.000228648
0.000228605
0.000228563
0.00022852
0.000228478
0.000228435
0.000228393
0.000228351
0.000228308
0.000228266
0.000228223
0.000228181
0.000228139
0.000228096
0.000228054
0.000228012
0.000227969
0.000227927
0.000227885
0.000227843
0.0002278
0.000227758
0.000227716
0.000227673
0.000227631
0.000227589
0.000227547
0.000227505
0.000227462
0.00022742
0.000227378
0.000227336
0.000227294
0.000227252
0.00022721
0.000227167
0.000227125
0.000227083
0.000227041
0.000226999
0.000226957
0.000226915
0.000226873
0.000226831
0.000226789
0.000226747
0.000226705
0.000226663
0.000226621
0.000226579
0.000226537
0.000226495
0.000226453
0.000226411
0.000226369
0.000226327
0.000226285
0.000226243
0.000226201
0.000226159
0.000226118
0.000226076
0.000226034
0.000225992
0.00022595
0.000225908
0.000225867
0.000225825
0.000225783
0.000225741
0.000225699
0.000225658
0.000225616
0.000225574
0.000225532
0.000225491
0.000225449
0.000225407
0.000225365
0.000225324
0.000225282
0.00022524
0.000225199
0.000225157
0.000225115
0.000225074
0.000225032
0.000224991
0.000224949
0.000224907
0.000224866
0.000224824
0.000224783
0.000224741
0.0002247
0.000224658
0.000224617
0.000224575
0.000224534
0.000224492
0.000224451
0.000224409
0.000224368
0.000224326
0.000224285
0.000224243
0.000224202
0.00022416
0.000224119
0.000224078
0.000224036
0.000223995
0.000223953
0.000223912
0.000223871
0.000223829
0.000223788
0.000223747
0.000223705
0.000223664
0.000223623
0.000223582
0.00022354
0.000223499
0.000223458
0.000223417
0.000223375
0.000223334
0.000223293
0.000223252
0.00022321
0.000223169
0.000223128
0.000223087
0.000223046
0.000223005
0.000222964
0.000222922
0.000222881
0.00022284
0.000222799
0.000222758
0.000222717
0.000222676
0.000222635
0.000222594
0.000222553
0.000222512
0.000222471
0.00022243
0.000222389
0.000222348
0.000222307
0.000222266
0.000222225
0.000222184
0.000222143
0.000222102
0.000222061
0.00022202
0.000221979
0.000221938
0.000221897
0.000221856
0.000221816
0.000221775
0.000221734
0.000221693
0.000221652
0.000221611
0.000221571
0.00022153
0.000221489
0.000221448
0.000221407
0.000221367
0.000221326
0.000221285
0.000221244
0.000221204
0.000221163
0.000221122
0.000221082
0.000221041
0.000221
0.00022096
0.000220919
0.000220878
0.000220838
0.000220797
0.000220756
0.000220716
0.000220675
0.000220635
0.000220594
0.000220553
0.000220513
0.000220472
0.000220432
0.000220391
0.000220351
0.00022031
0.00022027
0.000220229
0.000220189
0.000220148
0.000220108
0.000220067
0.000220027
0.000219986
0.000219946
0.000219905
0.000219865
0.000219825
0.000219784
0.000219744
0.000219703
0.000219663
0.000219623
0.000219582
0.000219542
0.000219502
0.000219461
0.000219421
0.000219381
0.000219341
0.0002193
0.00021926
0.00021922
0.000219179
0.000219139
0.000219099
0.000219059
0.000219019
0.000218978
0.000218938
0.000218898
0.000218858
0.000218818
0.000218777
0.000218737
0.000218697
0.000218657
0.000218617
0.000218577
0.000218537
0.000218497
0.000218457
0.000218416
0.000218376
0.000218336
0.000218296
0.000218256
0.000218216
0.000218176
0.000218136
0.000218096
0.000218056
0.000218016
0.000217976
0.000217936
0.000217896
0.000217856
0.000217817
0.000217777
0.000217737
0.000217697
0.000217657
0.000217617
0.000217577
0.000217537
0.000217497
0.000217458
0.000217418
0.000217378
0.000217338
0.000217298
0.000217258
0.000217219
0.000217179
0.000217139
0.000217099
0.00021706
0.00021702
0.00021698
0.00021694
0.000216901
0.000216861
0.000216821
0.000216782
0.000216742
0.000216702
0.000216663
0.000216623
0.000216583
0.000216544
0.000216504
0.000216464
0.000216425
0.000216385
0.000216346
0.000216306
0.000216266
0.000216227
0.000216187
0.000216148
0.000216108
0.000216069
0.000216029
0.00021599
0.00021595
0.000215911
0.000215871
0.000215832
0.000215792
0.000215753
0.000215713
0.000215674
0.000215635
0.000215595
0.000215556
0.000215516
0.000215477
0.000215438
0.000215398
0.000215359
0.00021532
0.00021528
0.000215241
0.000215202
0.000215162
0.000215123
0.000215084
0.000215044
0.000215005
0.000214966
0.000214927
0.000214887
0.000214848
0.000214809
0.00021477
0.00021473
0.000214691
0.000214652
0.000214613
0.000214574
0.000214534
0.000214495
0.000214456
0.000214417
0.000214378
0.000214339
0.0002143
0.000214261
0.000214222
0.000214182
0.000214143
0.000214104
0.000214065
0.000214026
0.000213987
0.000213948
0.000213909
0.00021387
0.000213831
0.000213792
0.000213753
0.000213714
0.000213675
0.000213636
0.000213597
0.000213558
0.000213519
0.000213481
0.000213442
0.000213403
0.000213364
0.000213325
0.000213286
0.000213247
0.000213208
0.00021317
0.000213131
0.000213092
0.000213053
0.000213014
0.000212975
0.000212937
0.000212898
0.000212859
0.00021282
0.000212782
0.000212743
0.000212704
0.000212665
0.000212627
0.000212588
0.000212549
0.000212511
0.000212472
0.000212433
0.000212395
0.000212356
0.000212317
0.000212279
0.00021224
0.000212201
0.000212163
0.000212124
0.000212086
0.000212047
0.000212008
0.00021197
0.000211931
0.000211893
0.000211854
0.000211816
0.000211777
0.000211739
0.0002117
0.000211662
0.000211623
0.000211585
0.000211546
0.000211508
0.000211469
0.000211431
0.000211393
0.000211354
0.000211316
0.000211277
0.000211239
0.000211201
0.000211162
0.000211124
0.000211085
0.000211047
0.000211009
0.00021097
0.000210932
0.000210894
0.000210855
0.000210817
0.000210779
0.000210741
0.000210702
0.000210664
0.000210626
0.000210588
0.000210549
0.000210511
0.000210473
0.000210435
0.000210397
0.000210358
0.00021032
0.000210282
0.000210244
0.000210206
0.000210168
0.000210129
0.000210091
0.000210053
0.000210015
0.000209977
0.000209939
0.000209901
0.000209863
0.000209825
0.000209787
0.000209749
0.000209711
0.000209673
0.000209635
0.000209597
0.000209559
0.000209521
0.000209483
0.000209445
0.000209407
0.000209369
0.000209331
0.000209293
0.000209255
0.000209217
0.000209179
0.000209141
0.000209103
0.000209065
0.000209028
0.00020899
0.000208952
0.000208914
0.000208876
0.000208838
0.000208801
0.000208763
0.000208725
0.000208687
0.000208649
0.000208612
0.000208574
0.000208536
0.000208498
0.000208461
0.000208423
0.000208385
0.000208347
0.00020831
0.000208272
0.000208234
0.000208197
0.000208159
0.000208121
0.000208084
0.000208046
0.000208008
0.000207971
0.000207933
0.000207895
0.000207858
0.00020782
0.000207783
0.000207745
0.000207708
0.00020767
0.000207632
0.000207595
0.000207557
0.00020752
0.000207482
0.000207445
0.000207407
0.00020737
0.000207332
0.000207295
0.000207258
0.00020722
0.000207183
0.000207145
0.000207108
0.00020707
0.000207033
0.000206996
0.000206958
0.000206921
0.000206883
0.000206846
0.000206809
0.000206771
0.000206734
0.000206697
0.000206659
0.000206622
0.000206585
0.000206548
0.00020651
0.000206473
0.000206436
0.000206398
0.000206361
0.000206324
0.000206287
0.00020625
0.000206212
0.000206175
0.000206138
0.000206101
0.000206064
0.000206026
0.000205989
0.000205952
0.000205915
0.000205878
0.000205841
0.000205804
0.000205766
0.000205729
0.000205692
0.000205655
0.000205618
0.000205581
0.000205544
0.000205507
0.00020547
0.000205433
0.000205396
0.000205359
0.000205322
0.000205285
0.000205248
0.000205211
0.000205174
0.000205137
0.0002051
0.000205063
0.000205026
0.000204989
0.000204952
0.000204915
0.000204878
0.000204842
0.000204805
0.000204768
0.000204731
0.000204694
0.000204657
0.00020462
0.000204584
0.000204547
0.00020451
0.000204473
0.000204436
0.0002044
0.000204363
0.000204326
0.000204289
0.000204253
0.000204216
0.000204179
0.000204142
0.000204106
0.000204069
0.000204032
0.000203995
0.000203959
0.000203922
0.000203885
0.000203849
0.000203812
0.000203776
0.000203739
0.000203702
0.000203666
0.000203629
0.000203592
0.000203556
0.000203519
0.000203483
0.000203446
0.00020341
0.000203373
0.000203337
0.0002033
0.000203263
0.000203227
0.00020319
0.000203154
0.000203117
0.000203081
0.000203045
0.000203008
0.000202972
0.000202935
0.000202899
0.000202862
0.000202826
0.00020279
0.000202753
0.000202717
0.00020268
0.000202644
0.000202608
0.000202571
0.000202535
0.000202499
0.000202462
0.000202426
0.00020239
0.000202353
0.000202317
0.000202281
0.000202244
0.000202208
0.000202172
0.000202136
0.000202099
0.000202063
0.000202027
0.000201991
0.000201954
0.000201918
0.000201882
0.000201846
0.00020181
0.000201774
0.000201737
0.000201701
0.000201665
0.000201629
0.000201593
0.000201557
0.000201521
0.000201484
0.000201448
0.000201412
0.000201376
0.00020134
0.000201304
0.000201268
0.000201232
0.000201196
0.00020116
0.000201124
0.000201088
0.000201052
0.000201016
0.00020098
0.000200944
0.000200908
0.000200872
0.000200836
0.0002008
0.000200764
0.000200728
0.000200692
0.000200656
0.000200621
0.000200585
0.000200549
0.000200513
0.000200477
0.000200441
0.000200405
0.00020037
0.000200334
0.000200298
0.000200262
0.000200226
0.00020019
0.000200155
0.000200119
0.000200083
0.000200047
0.000200012
0.000199976
0.00019994
0.000199904
0.000199869
0.000199833
0.000199797
0.000199762
0.000199726
0.00019969
0.000199655
0.000199619
0.000199583
0.000199548
0.000199512
0.000199476
0.000199441
0.000199405
0.000199369
0.000199334
0.000199298
0.000199263
0.000199227
0.000199192
0.000199156
0.00019912
0.000199085
0.000199049
0.000199014
0.000198978
0.000198943
0.000198907
0.000198872
0.000198836
0.000198801
0.000198765
0.00019873
0.000198695
0.000198659
0.000198624
0.000198588
0.000198553
0.000198517
0.000198482
0.000198447
0.000198411
0.000198376
0.000198341
0.000198305
0.00019827
0.000198235
0.000198199
0.000198164
0.000198129
0.000198093
0.000198058
0.000198023
0.000197987
0.000197952
0.000197917
0.000197882
0.000197846
0.000197811
0.000197776
0.000197741
0.000197705
0.00019767
0.000197635
0.0001976
0.000197565
0.000197529
0.000197494
0.000197459
0.000197424
0.000197389
0.000197354
0.000197319
0.000197284
0.000197248
0.000197213
0.000197178
0.000197143
0.000197108
0.000197073
0.000197038
0.000197003
0.000196968
0.000196933
0.000196898
0.000196863
0.000196828
0.000196793
0.000196758
0.000196723
0.000196688
0.000196653
0.000196618
0.000196583
0.000196548
0.000196513
0.000196478
0.000196443
0.000196408
0.000196373
0.000196339
0.000196304
0.000196269
0.000196234
0.000196199
0.000196164
0.000196129
0.000196095
0.00019606
0.000196025
0.00019599
0.000195955
0.00019592
0.000195886
0.000195851
0.000195816
0.000195781
0.000195747
0.000195712
0.000195677
0.000195642
0.000195608
0.000195573
0.000195538
0.000195504
0.000195469
0.000195434
0.0001954
0.000195365
0.00019533
0.000195296
0.000195261
0.000195226
0.000195192
0.000195157
0.000195122
0.000195088
0.000195053
0.000195019
0.000194984
0.00019495
0.000194915
0.00019488
0.000194846
0.000194811
0.000194777
0.000194742
0.000194708
0.000194673
0.000194639
0.000194604
0.00019457
0.000194535
0.000194501
0.000194467
0.000194432
0.000194398
0.000194363
0.000194329
0.000194294
0.00019426
0.000194226
0.000194191
0.000194157
0.000194122
0.000194088
0.000194054
0.000194019
0.000193985
0.000193951
0.000193916
0.000193882
0.000193848
0.000193813
0.000193779
0.000193745
0.000193711
0.000193676
0.000193642
0.000193608
0.000193574
0.000193539
0.000193505
0.000193471
0.000193437
0.000193403
0.000193368
0.000193334
0.0001933
0.000193266
0.000193232
0.000193197
0.000193163
0.000193129
0.000193095
0.000193061
0.000193027
0.000192993
0.000192959
0.000192925
0.00019289
0.000192856
0.000192822
0.000192788
0.000192754
0.00019272
0.000192686
0.000192652
0.000192618
0.000192584
0.00019255
0.000192516
0.000192482
0.000192448
0.000192414
0.00019238
0.000192346
0.000192312
0.000192278
0.000192244
0.000192211
0.000192177
0.000192143
0.000192109
0.000192075
0.000192041
0.000192007
0.000191973
0.000191939
0.000191906
0.000191872
0.000191838
0.000191804
0.00019177
0.000191736
0.000191703
0.000191669
0.000191635
0.000191601
0.000191568
0.000191534
0.0001915
0.000191466
0.000191433
0.000191399
0.000191365
0.000191331
0.000191298
0.000191264
0.00019123
0.000191197
0.000191163
0.000191129
0.000191096
0.000191062
0.000191028
0.000190995
0.000190961
0.000190927
0.000190894
0.00019086
0.000190827
0.000190793
0.000190759
0.000190726
0.000190692
0.000190659
0.000190625
0.000190592
0.000190558
0.000190525
0.000190491
0.000190458
0.000190424
0.000190391
0.000190357
0.000190324
0.00019029
0.000190257
0.000190223
0.00019019
0.000190156
0.000190123
0.00019009
0.000190056
0.000190023
0.000189989
0.000189956
0.000189923
0.000189889
0.000189856
0.000189822
0.000189789
0.000189756
0.000189722
0.000189689
0.000189656
0.000189622
0.000189589
0.000189556
0.000189523
0.000189489
0.000189456
0.000189423
0.00018939
0.000189356
0.000189323
0.00018929
0.000189257
0.000189223
0.00018919
0.000189157
0.000189124
0.000189091
0.000189057
0.000189024
0.000188991
0.000188958
0.000188925
0.000188892
0.000188858
0.000188825
0.000188792
0.000188759
0.000188726
0.000188693
0.00018866
0.000188627
0.000188594
0.000188561
0.000188528
0.000188495
0.000188462
0.000188428
0.000188395
0.000188362
0.000188329
0.000188296
0.000188263
0.00018823
0.000188197
0.000188165
0.000188132
0.000188099
0.000188066
0.000188033
0.000188
0.000187967
0.000187934
0.000187901
0.000187868
0.000187835
0.000187802
0.000187769
0.000187737
0.000187704
0.000187671
0.000187638
0.000187605
0.000187572
0.00018754
0.000187507
0.000187474
0.000187441
0.000187408
0.000187376
0.000187343
0.00018731
0.000187277
0.000187245
0.000187212
0.000187179
0.000187146
0.000187114
0.000187081
0.000187048
0.000187016
0.000186983
0.00018695
0.000186917
0.000186885
0.000186852
0.000186819
0.000186787
0.000186754
0.000186722
0.000186689
0.000186656
0.000186624
0.000186591
0.000186559
0.000186526
0.000186493
0.000186461
0.000186428
0.000186396
0.000186363
0.000186331
0.000186298
0.000186266
0.000186233
0.000186201
0.000186168
0.000186136
0.000186103
0.000186071
0.000186038
0.000186006
0.000185973
0.000185941
0.000185908
0.000185876
0.000185844
0.000185811
0.000185779
0.000185746
0.000185714
0.000185682
0.000185649
0.000185617
0.000185584
0.000185552
0.00018552
0.000185487
0.000185455
0.000185423
0.00018539
0.000185358
0.000185326
0.000185294
0.000185261
0.000185229
0.000185197
0.000185164
0.000185132
0.0001851
0.000185068
0.000185035
0.000185003
0.000184971
0.000184939
0.000184907
0.000184874
0.000184842
0.00018481
0.000184778
0.000184746
0.000184714
0.000184681
0.000184649
0.000184617
0.000184585
0.000184553
0.000184521
0.000184489
0.000184457
0.000184425
0.000184392
0.00018436
0.000184328
0.000184296
0.000184264
0.000184232
0.0001842
0.000184168
0.000184136
0.000184104
0.000184072
0.00018404
0.000184008
0.000183976
0.000183944
0.000183912
0.00018388
0.000183848
0.000183816
0.000183784
0.000183752
0.00018372
0.000183689
0.000183657
0.000183625
0.000183593
0.000183561
0.000183529
0.000183497
0.000183465
0.000183434
0.000183402
0.00018337
0.000183338
0.000183306
0.000183274
0.000183243
0.000183211
0.000183179
0.000183147
0.000183115
0.000183084
0.000183052
0.00018302
0.000182988
0.000182957
0.000182925
0.000182893
0.000182861
0.00018283
0.000182798
0.000182766
0.000182735
0.000182703
0.000182671
0.00018264
0.000182608
0.000182576
0.000182545
0.000182513
0.000182481
0.00018245
0.000182418
0.000182387
0.000182355
0.000182323
0.000182292
0.00018226
0.000182229
0.000182197
0.000182166
0.000182134
0.000182102
0.000182071
0.000182039
0.000182008
0.000181976
0.000181945
0.000181913
0.000181882
0.00018185
0.000181819
0.000181787
0.000181756
0.000181725
0.000181693
0.000181662
0.00018163
0.000181599
0.000181567
0.000181536
0.000181505
0.000181473
0.000181442
0.00018141
0.000181379
0.000181348
0.000181316
0.000181285
0.000181254
0.000181222
0.000181191
0.00018116
0.000181128
0.000181097
0.000181066
0.000181035
0.000181003
0.000180972
0.000180941
0.000180909
0.000180878
0.000180847
0.000180816
0.000180784
0.000180753
0.000180722
0.000180691
0.00018066
0.000180628
0.000180597
0.000180566
0.000180535
0.000180504
0.000180473
0.000180441
0.00018041
0.000180379
0.000180348
0.000180317
0.000180286
0.000180255
0.000180224
0.000180193
0.000180161
0.00018013
0.000180099
0.000180068
0.000180037
0.000180006
0.000179975
0.000179944
0.000179913
0.000179882
0.000179851
0.00017982
0.000179789
0.000179758
0.000179727
0.000179696
0.000179665
0.000179634
0.000179603
0.000179572
0.000179541
0.00017951
0.00017948
0.000179449
0.000179418
0.000179387
0.000179356
0.000179325
0.000179294
0.000179263
0.000179232
0.000179202
0.000179171
0.00017914
0.000179109
0.000179078
0.000179047
0.000179017
0.000178986
0.000178955
0.000178924
0.000178893
0.000178863
0.000178832
0.000178801
0.00017877
0.00017874
0.000178709
0.000178678
0.000178647
0.000178617
0.000178586
0.000178555
0.000178525
0.000178494
0.000178463
0.000178433
0.000178402
0.000178371
0.000178341
0.00017831
0.000178279
0.000178249
0.000178218
0.000178187
0.000178157
0.000178126
0.000178096
0.000178065
0.000178034
0.000178004
0.000177973
0.000177943
0.000177912
0.000177882
0.000177851
0.000177821
0.00017779
0.00017776
0.000177729
0.000177699
0.000177668
0.000177638
0.000177607
0.000177577
0.000177546
0.000177516
0.000177485
0.000177455
0.000177424
0.000177394
0.000177363
0.000177333
0.000177303
0.000177272
0.000177242
0.000177211
0.000177181
0.000177151
0.00017712
0.00017709
0.00017706
0.000177029
0.000176999
0.000176969
0.000176938
0.000176908
0.000176878
0.000176847
0.000176817
0.000176787
0.000176757
0.000176726
0.000176696
0.000176666
0.000176636
0.000176605
0.000176575
0.000176545
0.000176515
0.000176484
0.000176454
0.000176424
0.000176394
0.000176364
0.000176333
0.000176303
0.000176273
0.000176243
0.000176213
0.000176183
0.000176152
0.000176122
0.000176092
0.000176062
0.000176032
0.000176002
0.000175972
0.000175942
0.000175912
0.000175882
0.000175852
0.000175821
0.000175791
0.000175761
0.000175731
0.000175701
0.000175671
0.000175641
0.000175611
0.000175581
0.000175551
0.000175521
0.000175491
0.000175461
0.000175431
0.000175401
0.000175371
0.000175342
0.000175312
0.000175282
0.000175252
0.000175222
0.000175192
0.000175162
0.000175132
0.000175102
0.000175072
0.000175042
0.000175013
0.000174983
0.000174953
0.000174923
0.000174893
0.000174863
0.000174834
0.000174804
0.000174774
0.000174744
0.000174714
0.000174685
0.000174655
0.000174625
0.000174595
0.000174565
0.000174536
0.000174506
0.000174476
0.000174446
0.000174417
0.000174387
0.000174357
0.000174328
0.000174298
0.000174268
0.000174239
0.000174209
0.000174179
0.00017415
0.00017412
0.00017409
0.000174061
0.000174031
0.000174001
0.000173972
0.000173942
0.000173912
0.000173883
0.000173853
0.000173824
0.000173794
0.000173765
0.000173735
0.000173705
0.000173676
0.000173646
0.000173617
0.000173587
0.000173558
0.000173528
0.000173499
0.000173469
0.00017344
0.00017341
0.000173381
0.000173351
0.000173322
0.000173292
0.000173263
0.000173233
0.000173204
0.000173175
0.000173145
0.000173116
0.000173086
0.000173057
0.000173027
0.000172998
0.000172969
0.000172939
0.00017291
0.000172881
0.000172851
0.000172822
0.000172793
0.000172763
0.000172734
0.000172705
0.000172675
0.000172646
0.000172617
0.000172587
0.000172558
0.000172529
0.0001725
0.00017247
0.000172441
0.000172412
0.000172382
0.000172353
0.000172324
0.000172295
0.000172266
0.000172236
0.000172207
0.000172178
0.000172149
0.00017212
0.00017209
0.000172061
0.000172032
0.000172003
0.000171974
0.000171945
0.000171916
0.000171886
0.000171857
0.000171828
0.000171799
0.00017177
0.000171741
0.000171712
0.000171683
0.000171654
0.000171625
0.000171595
0.000171566
0.000171537
0.000171508
0.000171479
0.00017145
0.000171421
0.000171392
0.000171363
0.000171334
0.000171305
0.000171276
0.000171247
0.000171218
0.000171189
0.00017116
0.000171131
0.000171103
0.000171074
0.000171045
0.000171016
0.000170987
0.000170958
0.000170929
0.0001709
0.000170871
0.000170842
0.000170813
0.000170785
0.000170756
0.000170727
0.000170698
0.000170669
0.00017064
0.000170612
0.000170583
0.000170554
0.000170525
0.000170496
0.000170467
0.000170439
0.00017041
0.000170381
0.000170352
0.000170324
0.000170295
0.000170266
0.000170237
0.000170209
0.00017018
0.000170151
0.000170122
0.000170094
0.000170065
0.000170036
0.000170008
0.000169979
0.00016995
0.000169922
0.000169893
0.000169864
0.000169836
0.000169807
0.000169778
0.00016975
0.000169721
0.000169693
0.000169664
0.000169635
0.000169607
0.000169578
0.00016955
0.000169521
0.000169493
0.000169464
0.000169435
0.000169407
0.000169378
0.00016935
0.000169321
0.000169293
0.000169264
0.000169236
0.000169207
0.000169179
0.00016915
0.000169122
0.000169093
0.000169065
0.000169036
0.000169008
0.00016898
0.000168951
0.000168923
0.000168894
0.000168866
0.000168837
0.000168809
0.000168781
0.000168752
0.000168724
0.000168696
0.000168667
0.000168639
0.00016861
0.000168582
0.000168554
0.000168525
0.000168497
0.000168469
0.00016844
0.000168412
0.000168384
0.000168356
0.000168327
0.000168299
0.000168271
0.000168242
0.000168214
0.000168186
0.000168158
0.000168129
0.000168101
0.000168073
0.000168045
0.000168017
0.000167988
0.00016796
0.000167932
0.000167904
0.000167876
0.000167847
0.000167819
0.000167791
0.000167763
0.000167735
0.000167707
0.000167679
0.00016765
0.000167622
0.000167594
0.000167566
0.000167538
0.00016751
0.000167482
0.000167454
0.000167426
0.000167398
0.000167369
0.000167341
0.000167313
0.000167285
0.000167257
0.000167229
0.000167201
0.000167173
0.000167145
0.000167117
0.000167089
0.000167061
0.000167033
0.000167005
0.000166977
0.000166949
0.000166921
0.000166893
0.000166866
0.000166838
0.00016681
0.000166782
0.000166754
0.000166726
0.000166698
0.00016667
0.000166642
0.000166614
0.000166586
0.000166559
0.000166531
0.000166503
0.000166475
0.000166447
0.000166419
0.000166392
0.000166364
0.000166336
0.000166308
0.00016628
0.000166252
0.000166225
0.000166197
0.000166169
0.000166141
0.000166114
0.000166086
0.000166058
0.00016603
0.000166003
0.000165975
0.000165947
0.000165919
0.000165892
0.000165864
0.000165836
0.000165809
0.000165781
0.000165753
0.000165726
0.000165698
0.00016567
0.000165643
0.000165615
0.000165587
0.00016556
0.000165532
0.000165504
0.000165477
0.000165449
0.000165422
0.000165394
0.000165366
0.000165339
0.000165311
0.000165284
0.000165256
0.000165229
0.000165201
0.000165174
0.000165146
0.000165118
0.000165091
0.000165063
0.000165036
0.000165008
0.000164981
0.000164953
0.000164926
0.000164898
0.000164871
0.000164844
0.000164816
0.000164789
0.000164761
0.000164734
0.000164706
0.000164679
0.000164651
0.000164624
0.000164597
0.000164569
0.000164542
0.000164514
0.000164487
0.00016446
0.000164432
0.000164405
0.000164378
0.00016435
0.000164323
0.000164296
0.000164268
0.000164241
0.000164214
0.000164186
0.000164159
0.000164132
0.000164104
0.000164077
0.00016405
0.000164023
0.000163995
0.000163968
0.000163941
0.000163914
0.000163886
0.000163859
0.000163832
0.000163805
0.000163777
0.00016375
0.000163723
0.000163696
0.000163669
0.000163642
0.000163614
0.000163587
0.00016356
0.000163533
0.000163506
0.000163479
0.000163451
0.000163424
0.000163397
0.00016337
0.000163343
0.000163316
0.000163289
0.000163262
0.000163235
0.000163208
0.00016318
0.000163153
0.000163126
0.000163099
0.000163072
0.000163045
0.000163018
0.000162991
0.000162964
0.000162937
0.00016291
0.000162883
0.000162856
0.000162829
0.000162802
0.000162775
0.000162748
0.000162721
0.000162694
0.000162667
0.00016264
0.000162613
0.000162587
0.00016256
0.000162533
0.000162506
0.000162479
0.000162452
0.000162425
0.000162398
0.000162371
0.000162344
0.000162318
0.000162291
0.000162264
0.000162237
0.00016221
0.000162183
0.000162157
0.00016213
0.000162103
0.000162076
0.000162049
0.000162023
0.000161996
0.000161969
0.000161942
0.000161915
0.000161889
0.000161862
0.000161835
0.000161808
0.000161782
0.000161755
0.000161728
0.000161701
0.000161675
0.000161648
0.000161621
0.000161595
0.000161568
0.000161541
0.000161515
0.000161488
0.000161461
0.000161435
0.000161408
0.000161381
0.000161355
0.000161328
0.000161301
0.000161275
0.000161248
0.000161222
0.000161195
0.000161168
0.000161142
0.000161115
0.000161089
0.000161062
0.000161036
0.000161009
0.000160982
0.000160956
0.000160929
0.000160903
0.000160876
0.00016085
0.000160823
0.000160797
0.00016077
0.000160744
0.000160717
0.000160691
0.000160664
0.000160638
0.000160611
0.000160585
0.000160558
0.000160532
0.000160506
0.000160479
0.000160453
0.000160426
0.0001604
0.000160373
0.000160347
0.000160321
0.000160294
0.000160268
0.000160242
0.000160215
0.000160189
0.000160162
0.000160136
0.00016011
0.000160083
0.000160057
0.000160031
0.000160004
0.000159978
0.000159952
0.000159926
0.000159899
0.000159873
0.000159847
0.00015982
0.000159794
0.000159768
0.000159742
0.000159715
0.000159689
0.000159663
0.000159637
0.00015961
0.000159584
0.000159558
0.000159532
0.000159506
0.000159479
0.000159453
0.000159427
0.000159401
0.000159375
0.000159349
0.000159322
0.000159296
0.00015927
0.000159244
0.000159218
0.000159192
0.000159166
0.000159139
0.000159113
0.000159087
0.000159061
0.000159035
0.000159009
0.000158983
0.000158957
0.000158931
0.000158905
0.000158879
0.000158853
0.000158827
0.000158801
0.000158775
0.000158748
0.000158722
0.000158696
0.00015867
0.000158644
0.000158618
0.000158593
0.000158567
0.000158541
0.000158515
0.000158489
0.000158463
0.000158437
0.000158411
0.000158385
0.000158359
0.000158333
0.000158307
0.000158281
0.000158255
0.000158229
0.000158203
0.000158178
0.000158152
0.000158126
0.0001581
0.000158074
0.000158048
0.000158022
0.000157997
0.000157971
0.000157945
0.000157919
0.000157893
0.000157867
0.000157842
0.000157816
0.00015779
0.000157764
0.000157738
0.000157713
0.000157687
0.000157661
0.000157635
0.00015761
0.000157584
0.000157558
0.000157532
0.000157507
0.000157481
0.000157455
0.00015743
0.000157404
0.000157378
0.000157352
0.000157327
0.000157301
0.000157275
0.00015725
0.000157224
0.000157198
0.000157173
0.000157147
0.000157122
0.000157096
0.00015707
0.000157045
0.000157019
0.000156993
0.000156968
0.000156942
0.000156917
0.000156891
0.000156866
0.00015684
0.000156814
0.000156789
0.000156763
0.000156738
0.000156712
0.000156687
0.000156661
0.000156636
0.00015661
0.000156585
0.000156559
0.000156534
0.000156508
0.000156483
0.000156457
0.000156432
0.000156406
0.000156381
0.000156355
0.00015633
0.000156304
0.000156279
0.000156254
0.000156228
0.000156203
0.000156177
0.000156152
0.000156126
0.000156101
0.000156076
0.00015605
0.000156025
0.000156
0.000155974
0.000155949
0.000155924
0.000155898
0.000155873
0.000155847
0.000155822
0.000155797
0.000155772
0.000155746
0.000155721
0.000155696
0.00015567
0.000155645
0.00015562
0.000155594
0.000155569
0.000155544
0.000155519
0.000155493
0.000155468
0.000155443
0.000155418
0.000155393
0.000155367
0.000155342
0.000155317
0.000155292
0.000155266
0.000155241
0.000155216
0.000155191
0.000155166
0.000155141
0.000155115
0.00015509
0.000155065
0.00015504
0.000155015
0.00015499
0.000154965
0.000154939
0.000154914
0.000154889
0.000154864
0.000154839
0.000154814
0.000154789
0.000154764
0.000154739
0.000154714
0.000154689
0.000154664
0.000154639
0.000154613
0.000154588
0.000154563
0.000154538
0.000154513
0.000154488
0.000154463
0.000154438
0.000154413
0.000154388
0.000154363
0.000154338
0.000154313
0.000154288
0.000154264
0.000154239
0.000154214
0.000154189
0.000154164
0.000154139
0.000154114
0.000154089
0.000154064
0.000154039
0.000154014
0.000153989
0.000153964
0.00015394
0.000153915
0.00015389
0.000153865
0.00015384
0.000153815
0.00015379
0.000153766
0.000153741
0.000153716
0.000153691
0.000153666
0.000153641
0.000153617
0.000153592
0.000153567
0.000153542
0.000153518
0.000153493
0.000153468
0.000153443
0.000153418
0.000153394
0.000153369
0.000153344
0.000153319
0.000153295
0.00015327
0.000153245
0.000153221
0.000153196
0.000153171
0.000153147
0.000153122
0.000153097
0.000153072
0.000153048
0.000153023
0.000152998
0.000152974
0.000152949
0.000152925
0.0001529
0.000152875
0.000152851
0.000152826
0.000152801
0.000152777
0.000152752
0.000152728
0.000152703
0.000152678
0.000152654
0.000152629
0.000152605
0.00015258
0.000152556
0.000152531
0.000152507
0.000152482
0.000152457
0.000152433
0.000152408
0.000152384
0.000152359
0.000152335
0.00015231
0.000152286
0.000152261
0.000152237
0.000152212
0.000152188
0.000152164
0.000152139
0.000152115
0.00015209
0.000152066
0.000152041
0.000152017
0.000151993
0.000151968
0.000151944
0.000151919
0.000151895
0.00015187
0.000151846
0.000151822
0.000151797
0.000151773
0.000151749
0.000151724
0.0001517
0.000151676
0.000151651
0.000151627
0.000151603
0.000151578
0.000151554
0.00015153
0.000151505
0.000151481
0.000151457
0.000151432
0.000151408
0.000151384
0.00015136
0.000151335
0.000151311
0.000151287
0.000151263
0.000151238
0.000151214
0.00015119
0.000151166
0.000151141
0.000151117
0.000151093
0.000151069
0.000151045
0.00015102
0.000150996
0.000150972
0.000150948
0.000150924
0.0001509
0.000150875
0.000150851
0.000150827
0.000150803
0.000150779
0.000150755
0.000150731
0.000150707
0.000150682
0.000150658
0.000150634
0.00015061
0.000150586
0.000150562
0.000150538
0.000150514
0.00015049
0.000150466
0.000150442
0.000150418
0.000150394
0.00015037
0.000150345
0.000150321
0.000150297
0.000150273
0.000150249
0.000150225
0.000150201
0.000150177
0.000150153
0.000150129
0.000150106
0.000150082
0.000150058
0.000150034
0.00015001
0.000149986
0.000149962
0.000149938
0.000149914
0.00014989
0.000149866
0.000149842
0.000149818
0.000149794
0.00014977
0.000149747
0.000149723
0.000149699
0.000149675
0.000149651
0.000149627
0.000149603
0.00014958
0.000149556
0.000149532
0.000149508
0.000149484
0.00014946
0.000149437
0.000149413
0.000149389
0.000149365
0.000149341
0.000149318
0.000149294
0.00014927
0.000149246
0.000149223
0.000149199
0.000149175
0.000149151
0.000149128
0.000149104
0.00014908
0.000149056
0.000149033
0.000149009
0.000148985
0.000148962
0.000148938
0.000148914
0.00014889
0.000148867
0.000148843
0.000148819
0.000148796
0.000148772
0.000148748
0.000148725
0.000148701
0.000148678
0.000148654
0.00014863
0.000148607
0.000148583
0.000148559
0.000148536
0.000148512
0.000148489
0.000148465
0.000148442
0.000148418
0.000148394
0.000148371
0.000148347
0.000148324
0.0001483
0.000148277
0.000148253
0.00014823
0.000148206
0.000148183
0.000148159
0.000148136
0.000148112
0.000148089
0.000148065
0.000148042
0.000148018
0.000147995
0.000147971
0.000147948
0.000147924
0.000147901
0.000147877
0.000147854
0.00014783
0.000147807
0.000147784
0.00014776
0.000147737
0.000147713
0.00014769
0.000147667
0.000147643
0.00014762
0.000147596
0.000147573
0.00014755
0.000147526
0.000147503
0.00014748
0.000147456
0.000147433
0.00014741
0.000147386
0.000147363
0.00014734
0.000147316
0.000147293
0.00014727
0.000147246
0.000147223
0.0001472
0.000147177
0.000147153
0.00014713
0.000147107
0.000147084
0.00014706
0.000147037
0.000147014
0.000146991
0.000146967
0.000146944
0.000146921
0.000146898
0.000146875
0.000146851
0.000146828
0.000146805
0.000146782
0.000146759
0.000146735
0.000146712
0.000146689
0.000146666
0.000146643
0.00014662
0.000146596
0.000146573
0.00014655
0.000146527
0.000146504
0.000146481
0.000146458
0.000146435
0.000146412
0.000146388
0.000146365
0.000146342
0.000146319
0.000146296
0.000146273
0.00014625
0.000146227
0.000146204
0.000146181
0.000146158
0.000146135
0.000146112
0.000146089
0.000146066
0.000146043
0.00014602
0.000145997
0.000145974
0.000145951
0.000145928
0.000145905
0.000145882
0.000145859
0.000145836
0.000145813
0.00014579
0.000145767
0.000145744
0.000145721
0.000145698
0.000145675
0.000145652
0.00014563
0.000145607
0.000145584
0.000145561
0.000145538
0.000145515
0.000145492
0.000145469
0.000145446
0.000145424
0.000145401
0.000145378
0.000145355
0.000145332
0.000145309
0.000145287
0.000145264
0.000145241
0.000145218
0.000145195
0.000145172
0.00014515
0.000145127
0.000145104
0.000145081
0.000145059
0.000145036
0.000145013
0.00014499
0.000144968
0.000144945
0.000144922
0.000144899
0.000144877
0.000144854
0.000144831
0.000144808
0.000144786
0.000144763
0.00014474
0.000144718
0.000144695
0.000144672
0.00014465
0.000144627
0.000144604
0.000144582
0.000144559
0.000144536
0.000144514
0.000144491
0.000144468
0.000144446
0.000144423
0.0001444
0.000144378
0.000144355
0.000144333
0.00014431
0.000144287
0.000144265
0.000144242
0.00014422
0.000144197
0.000144175
0.000144152
0.000144129
0.000144107
0.000144084
0.000144062
0.000144039
0.000144017
0.000143994
0.000143972
0.000143949
0.000143927
0.000143904
0.000143882
0.000143859
0.000143837
0.000143814
0.000143792
0.000143769
0.000143747
0.000143724
0.000143702
0.00014368
0.000143657
0.000143635
0.000143612
0.00014359
0.000143567
0.000143545
0.000143523
0.0001435
0.000143478
0.000143455
0.000143433
0.000143411
0.000143388
0.000143366
0.000143343
0.000143321
0.000143299
0.000143276
0.000143254
0.000143232
0.000143209
0.000143187
0.000143165
0.000143142
0.00014312
0.000143098
0.000143075
0.000143053
0.000143031
0.000143009
0.000142986
0.000142964
0.000142942
0.000142919
0.000142897
0.000142875
0.000142853
0.00014283
0.000142808
0.000142786
0.000142764
0.000142742
0.000142719
0.000142697
0.000142675
0.000142653
0.00014263
0.000142608
0.000142586
0.000142564
0.000142542
0.00014252
0.000142497
0.000142475
0.000142453
0.000142431
0.000142409
0.000142387
0.000142365
0.000142342
0.00014232
0.000142298
0.000142276
0.000142254
0.000142232
0.00014221
0.000142188
0.000142166
0.000142143
0.000142121
0.000142099
0.000142077
0.000142055
0.000142033
0.000142011
0.000141989
0.000141967
0.000141945
0.000141923
0.000141901
0.000141879
0.000141857
0.000141835
0.000141813
0.000141791
0.000141769
0.000141747
0.000141725
0.000141703
0.000141681
0.000141659
0.000141637
0.000141615
0.000141593
0.000141571
0.000141549
0.000141527
0.000141505
0.000141483
0.000141462
0.00014144
0.000141418
0.000141396
0.000141374
0.000141352
0.00014133
0.000141308
0.000141286
0.000141264
0.000141243
0.000141221
0.000141199
0.000141177
0.000141155
0.000141133
0.000141112
0.00014109
0.000141068
0.000141046
0.000141024
0.000141002
0.000140981
0.000140959
0.000140937
0.000140915
0.000140893
0.000140872
0.00014085
0.000140828
0.000140806
0.000140785
0.000140763
0.000140741
0.000140719
0.000140698
0.000140676
0.000140654
0.000140632
0.000140611
0.000140589
0.000140567
0.000140546
0.000140524
0.000140502
0.000140481
0.000140459
0.000140437
0.000140415
0.000140394
0.000140372
0.00014035
0.000140329
0.000140307
0.000140286
0.000140264
0.000140242
0.000140221
0.000140199
0.000140177
0.000140156
0.000140134
0.000140113
0.000140091
0.000140069
0.000140048
0.000140026
0.000140005
0.000139983
0.000139962
0.00013994
0.000139918
0.000139897
0.000139875
0.000139854
0.000139832
0.000139811
0.000139789
0.000139768
0.000139746
0.000139725
0.000139703
0.000139682
0.00013966
0.000139639
0.000139617
0.000139596
0.000139574
0.000139553
0.000139531
0.00013951
0.000139488
0.000139467
0.000139446
0.000139424
0.000139403
0.000139381
0.00013936
0.000139338
0.000139317
0.000139296
0.000139274
0.000139253
0.000139231
0.00013921
0.000139189
0.000139167
0.000139146
0.000139125
0.000139103
0.000139082
0.000139061
0.000139039
0.000139018
0.000138996
0.000138975
0.000138954
0.000138933
0.000138911
0.00013889
0.000138869
0.000138847
0.000138826
0.000138805
0.000138783
0.000138762
0.000138741
0.00013872
0.000138698
0.000138677
0.000138656
0.000138635
0.000138613
0.000138592
0.000138571
0.00013855
0.000138528
0.000138507
0.000138486
0.000138465
0.000138444
0.000138422
0.000138401
0.00013838
0.000138359
0.000138338
0.000138316
0.000138295
0.000138274
0.000138253
0.000138232
0.000138211
0.00013819
0.000138168
0.000138147
0.000138126
0.000138105
0.000138084
0.000138063
0.000138042
0.000138021
0.000137999
0.000137978
0.000137957
0.000137936
0.000137915
0.000137894
0.000137873
0.000137852
0.000137831
0.00013781
0.000137789
0.000137768
0.000137747
0.000137726
0.000137705
0.000137684
0.000137663
0.000137642
0.000137621
0.0001376
0.000137579
0.000137558
0.000137537
0.000137516
0.000137495
0.000137474
0.000137453
0.000137432
0.000137411
0.00013739
0.000137369
0.000137348
0.000137327
0.000137306
0.000137285
0.000137264
0.000137243
0.000137222
0.000137201
0.000137181
0.00013716
0.000137139
0.000137118
0.000137097
0.000137076
0.000137055
0.000137034
0.000137014
0.000136993
0.000136972
0.000136951
0.00013693
0.000136909
0.000136888
0.000136868
0.000136847
0.000136826
0.000136805
0.000136784
0.000136764
0.000136743
0.000136722
0.000136701
0.00013668
0.00013666
0.000136639
0.000136618
0.000136597
0.000136577
0.000136556
0.000136535
0.000136514
0.000136494
0.000136473
0.000136452
0.000136431
0.000136411
0.00013639
0.000136369
0.000136349
0.000136328
0.000136307
0.000136286
0.000136266
0.000136245
0.000136224
0.000136204
0.000136183
0.000136162
0.000136142
0.000136121
0.0001361
0.00013608
0.000136059
0.000136039
0.000136018
0.000135997
0.000135977
0.000135956
0.000135936
0.000135915
0.000135894
0.000135874
0.000135853
0.000135833
0.000135812
0.000135791
0.000135771
0.00013575
0.00013573
0.000135709
0.000135689
0.000135668
0.000135648
0.000135627
0.000135606
0.000135586
0.000135565
0.000135545
0.000135524
0.000135504
0.000135483
0.000135463
0.000135442
0.000135422
0.000135401
0.000135381
0.000135361
0.00013534
0.00013532
0.000135299
0.000135279
0.000135258
0.000135238
0.000135217
0.000135197
0.000135177
0.000135156
0.000135136
0.000135115
0.000135095
0.000135074
0.000135054
0.000135034
0.000135013
0.000134993
0.000134973
0.000134952
0.000134932
0.000134911
0.000134891
0.000134871
0.00013485
0.00013483
0.00013481
0.000134789
0.000134769
0.000134749
0.000134728
0.000134708
0.000134688
0.000134667
0.000134647
0.000134627
0.000134607
0.000134586
0.000134566
0.000134546
0.000134525
0.000134505
0.000134485
0.000134465
0.000134444
0.000134424
0.000134404
0.000134384
0.000134363
0.000134343
0.000134323
0.000134303
0.000134283
0.000134262
0.000134242
0.000134222
0.000134202
0.000134182
0.000134161
0.000134141
0.000134121
0.000134101
0.000134081
0.000134061
0.00013404
0.00013402
0.000134
0.00013398
0.00013396
0.00013394
0.00013392
0.000133899
0.000133879
0.000133859
0.000133839
0.000133819
0.000133799
0.000133779
0.000133759
0.000133739
0.000133719
0.000133698
0.000133678
0.000133658
0.000133638
0.000133618
0.000133598
0.000133578
0.000133558
0.000133538
0.000133518
0.000133498
0.000133478
0.000133458
0.000133438
0.000133418
0.000133398
0.000133378
0.000133358
0.000133338
0.000133318
0.000133298
0.000133278
0.000133258
0.000133238
0.000133218
0.000133198
0.000133178
0.000133158
0.000133138
0.000133118
0.000133098
0.000133079
0.000133059
0.000133039
0.000133019
0.000132999
0.000132979
0.000132959
0.000132939
0.000132919
0.000132899
0.00013288
0.00013286
0.00013284
0.00013282
0.0001328
0.00013278
0.00013276
0.000132741
0.000132721
0.000132701
0.000132681
0.000132661
0.000132641
0.000132622
0.000132602
0.000132582
0.000132562
0.000132542
0.000132523
0.000132503
0.000132483
0.000132463
0.000132443
0.000132424
0.000132404
0.000132384
0.000132364
0.000132345
0.000132325
0.000132305
0.000132285
0.000132266
0.000132246
0.000132226
0.000132206
0.000132187
0.000132167
0.000132147
0.000132128
0.000132108
0.000132088
0.000132069
0.000132049
0.000132029
0.00013201
0.00013199
0.00013197
0.000131951
0.000131931
0.000131911
0.000131892
0.000131872
0.000131852
0.000131833
0.000131813
0.000131793
0.000131774
0.000131754
0.000131735
0.000131715
0.000131695
0.000131676
0.000131656
0.000131637
0.000131617
0.000131597
0.000131578
0.000131558
0.000131539
0.000131519
0.0001315
0.00013148
0.000131461
0.000131441
0.000131422
0.000131402
0.000131382
0.000131363
0.000131343
0.000131324
0.000131304
0.000131285
0.000131265
0.000131246
0.000131226
0.000131207
0.000131187
0.000131168
0.000131149
0.000131129
0.00013111
0.00013109
0.000131071
0.000131051
0.000131032
0.000131012
0.000130993
0.000130974
0.000130954
0.000130935
0.000130915
0.000130896
0.000130876
0.000130857
0.000130838
0.000130818
0.000130799
0.00013078
0.00013076
0.000130741
0.000130721
0.000130702
0.000130683
0.000130663
0.000130644
0.000130625
0.000130605
0.000130586
0.000130567
0.000130547
0.000130528
0.000130509
0.000130489
0.00013047
0.000130451
0.000130432
0.000130412
0.000130393
0.000130374
0.000130354
0.000130335
0.000130316
0.000130297
0.000130277
0.000130258
0.000130239
0.00013022
0.0001302
0.000130181
0.000130162
0.000130143
0.000130123
0.000130104
0.000130085
0.000130066
0.000130047
0.000130027
0.000130008
0.000129989
0.00012997
0.000129951
0.000129931
0.000129912
0.000129893
0.000129874
0.000129855
0.000129836
0.000129816
0.000129797
0.000129778
0.000129759
0.00012974
0.000129721
0.000129702
0.000129683
0.000129663
0.000129644
0.000129625
0.000129606
0.000129587
0.000129568
0.000129549
0.00012953
0.000129511
0.000129492
0.000129473
0.000129453
0.000129434
0.000129415
0.000129396
0.000129377
0.000129358
0.000129339
0.00012932
0.000129301
0.000129282
0.000129263
0.000129244
0.000129225
0.000129206
0.000129187
0.000129168
0.000129149
0.00012913
0.000129111
0.000129092
0.000129073
0.000129054
0.000129035
0.000129016
0.000128997
0.000128978
0.000128959
0.00012894
0.000128922
0.000128903
0.000128884
0.000128865
0.000128846
0.000128827
0.000128808
0.000128789
0.00012877
0.000128751
0.000128732
0.000128714
0.000128695
0.000128676
0.000128657
0.000128638
0.000128619
0.0001286
0.000128581
0.000128563
0.000128544
0.000128525
0.000128506
0.000128487
0.000128468
0.00012845
0.000128431
0.000128412
0.000128393
0.000128374
0.000128356
0.000128337
0.000128318
0.000128299
0.00012828
0.000128262
0.000128243
0.000128224
0.000128205
0.000128186
0.000128168
0.000128149
0.00012813
0.000128111
0.000128093
0.000128074
0.000128055
0.000128037
0.000128018
0.000127999
0.00012798
0.000127962
0.000127943
0.000127924
0.000127906
0.000127887
0.000127868
0.00012785
0.000127831
0.000127812
0.000127794
0.000127775
0.000127756
0.000127738
0.000127719
0.0001277
0.000127682
0.000127663
0.000127644
0.000127626
0.000127607
0.000127588
0.00012757
0.000127551
0.000127533
0.000127514
0.000127495
0.000127477
0.000127458
0.00012744
0.000127421
0.000127403
0.000127384
0.000127365
0.000127347
0.000127328
0.00012731
0.000127291
0.000127273
0.000127254
0.000127236
0.000127217
0.000127198
0.00012718
0.000127161
0.000127143
0.000127124
0.000127106
0.000127087
0.000127069
0.00012705
0.000127032
0.000127013
0.000126995
0.000126977
0.000126958
0.00012694
0.000126921
0.000126903
0.000126884
0.000126866
0.000126847
0.000126829
0.00012681
0.000126792
0.000126774
0.000126755
0.000126737
0.000126718
0.0001267
0.000126682
0.000126663
0.000126645
0.000126626
0.000126608
0.00012659
0.000126571
0.000126553
0.000126534
0.000126516
0.000126498
0.000126479
0.000126461
0.000126443
0.000126424
0.000126406
0.000126388
0.000126369
0.000126351
0.000126333
0.000126314
0.000126296
0.000126278
0.000126259
0.000126241
0.000126223
0.000126205
0.000126186
0.000126168
0.00012615
0.000126131
0.000126113
0.000126095
0.000126077
0.000126058
0.00012604
0.000126022
0.000126004
0.000125985
0.000125967
0.000125949
0.000125931
0.000125913
0.000125894
0.000125876
0.000125858
0.00012584
0.000125821
0.000125803
0.000125785
0.000125767
0.000125749
0.000125731
0.000125712
0.000125694
0.000125676
0.000125658
0.00012564
0.000125622
0.000125603
0.000125585
0.000125567
0.000125549
0.000125531
0.000125513
0.000125495
0.000125477
0.000125458
0.00012544
0.000125422
0.000125404
0.000125386
0.000125368
0.00012535
0.000125332
0.000125314
0.000125296
0.000125278
0.000125259
0.000125241
0.000125223
0.000125205
0.000125187
0.000125169
0.000125151
0.000125133
0.000125115
0.000125097
0.000125079
0.000125061
0.000125043
0.000125025
0.000125007
0.000124989
0.000124971
0.000124953
0.000124935
0.000124917
0.000124899
0.000124881
0.000124863
0.000124845
0.000124827
0.000124809
0.000124791
0.000124773
0.000124755
0.000124737
0.00012472
0.000124702
0.000124684
0.000124666
0.000124648
0.00012463
0.000124612
0.000124594
0.000124576
0.000124558
0.00012454
0.000124523
0.000124505
0.000124487
0.000124469
0.000124451
0.000124433
0.000124415
0.000124397
0.00012438
0.000124362
0.000124344
0.000124326
0.000124308
0.00012429
0.000124273
0.000124255
0.000124237
0.000124219
0.000124201
0.000124183
0.000124166
0.000124148
0.00012413
0.000124112
0.000124094
0.000124077
0.000124059
0.000124041
0.000124023
0.000124006
0.000123988
0.00012397
0.000123952
0.000123935
0.000123917
0.000123899
0.000123881
0.000123864
0.000123846
0.000123828
0.00012381
0.000123793
0.000123775
0.000123757
0.00012374
0.000123722
0.000123704
0.000123687
0.000123669
0.000123651
0.000123634
0.000123616
0.000123598
0.000123581
0.000123563
0.000123545
0.000123528
0.00012351
0.000123492
0.000123475
0.000123457
0.000123439
0.000123422
0.000123404
0.000123386
0.000123369
0.000123351
0.000123334
0.000123316
0.000123298
0.000123281
0.000123263
0.000123246
0.000123228
0.000123211
0.000123193
0.000123175
0.000123158
0.00012314
0.000123123
0.000123105
0.000123088
0.00012307
0.000123053
0.000123035
0.000123017
0.000123
0.000122982
0.000122965
0.000122947
0.00012293
0.000122912
0.000122895
0.000122877
0.00012286
0.000122842
0.000122825
0.000122807
0.00012279
0.000122772
0.000122755
0.000122738
0.00012272
0.000122703
0.000122685
0.000122668
0.00012265
0.000122633
0.000122615
0.000122598
0.000122581
0.000122563
0.000122546
0.000122528
0.000122511
0.000122494
0.000122476
0.000122459
0.000122441
0.000122424
0.000122407
0.000122389
0.000122372
0.000122354
0.000122337
0.00012232
0.000122302

