5e-05
5e-05
5e-05
5e-05
5e-05
5e-05
5e-05
5e-05
5e-05
5e-05
5e-05
5e-05
5e-05
5e-05
5e-05
5e-05
5e-05
5e-05
5e-05
5e-05
5e-05
5e-05
5e-05
5e-05
5e-05
5e-05
5e-05
5e-05
5e-05
5e-05
5e-05
5e-05
5e-05
5e-05
5e-05
5e-05
5e-05
5e-05
5e-05
5e-05
5e-05
5e-05
5e-05
5e-05
5e-05
5e-05
5e-05
5e-05
5e-05
5e-05
5e-05
5e-05
5e-05
5e-05
5e-05
5e-05
5e-05
5e-05
5e-05
5e-05
5e-05
5e-05
5e-05
5e-05
5e-05
5e-05
5e-05
5e-05
5e-05
5e-05
5e-05
5e-05
5e-05
5e-05
5e-05
5e-05
5e-05
5e-05
5e-05
5e-05
5e-05
5e-05
5e-05
5e-05
5e-05
5e-05
5e-05
5e-05
5e-05
5e-05
5e-05
5e-05
5e-05
5e-05
5e-05
5e-05
5e-05
5e-05
5e-05
5e-05
5e-05
5e-05
5e-05
5e-05
5e-05
5e-05
5e-05
5e-05
5e-05
5e-05
5e-05
5e-05
5e-05
5e-05
5e-05
5e-05
5e-05
5e-05
5e-05
5e-05
5e-05
5e-05
5e-05
5e-05
5e-05
5e-05
5e-05
5e-05
5e-05
5e-05
5e-05
5e-05
5e-05
5e-05
5e-05
5e-05
5e-05
5e-05
5e-05
5e-05
5e-05
5e-05
5e-05
5e-05
5e-05
5e-05
5e-05
5e-05
5e-05
5e-05
5e-05
5e-05
5e-05
5e-05
5e-05
5e-05
5e-05
5e-05
5e-05
5e-05
5e-05
5e-05
5e-05
5e-05
5e-05
5e-05
5e-05
5e-05
5e-05
5e-05
5e-05
5e-05
5e-05
5e-05
5e-05
5e-05
5e-05
5e-05
5e-05
5e-05
5e-05
5e-05
5e-05
5e-05
5e-05
5e-05
5e-05
5e-05
5e-05
5e-05
5e-05
5e-05
5e-05
5e-05
5e-05
5e-05
5e-05
5e-05
5e-05
5e-05
5e-05
5e-05
5e-05
5e-05
5e-05
5e-05
5e-05
5e-05
5e-05
5e-05
5e-05
5e-05
5e-05
5e-05
5e-05
5e-05
5e-05
5e-05
5e-05
5e-05
5e-05
5e-05
5e-05
5e-05
5e-05
5e-05
5e-05
5e-05
5e-05
5e-05
5e-05
5e-05
5e-05
5e-05
5e-05
5e-05
5e-05
5e-05
5e-05
5e-05
5e-05
5e-05
5e-05
5e-05
5e-05
5e-05
5e-05
5e-05
5e-05
5e-05
5e-05
5e-05
5e-05
5e-05
5e-05
5e-05
5e-05
5e-05
5e-05
5e-05
5e-05
5e-05
5e-05
5e-05
5e-05
5e-05
5e-05
5e-05
5e-05
5e-05
5e-05
5e-05
5e-05
5e-05
5e-05
5e-05
5e-05
5e-05
5e-05
5e-05
5e-05
5e-05
5e-05
5e-05
5e-05
5e-05
5e-05
5e-05
5e-05
5e-05
5e-05
5e-05
5e-05
5e-05
5e-05
5e-05
5e-05
5e-05
5e-05
5e-05
5e-05
5e-05
5e-05
5e-05
5e-05
5e-05
5e-05
5e-05
5e-05
5e-05
5e-05
5e-05
5e-05
5e-05
5e-05
5e-05
5e-05
5e-05
5e-05
5e-05
5e-05
5e-05
5e-05
5e-05
5e-05
5e-05
5e-05
5e-05
5e-05
5e-05
5e-05
5e-05
5e-05
5e-05
5e-05
5e-05
5e-05
5e-05
5e-05
5e-05
5e-05
5e-05
5e-05
5e-05
5e-05
5e-05
5e-05
5e-05
5e-05
5e-05
5e-05
5e-05
5e-05
5e-05
5e-05
5e-05
5e-05
5e-05
5e-05
5e-05
5e-05
5e-05
5e-05
5e-05
5e-05
5e-05
5e-05
5e-05
5e-05
5e-05
5e-05
5e-05
5e-05
5e-05
5e-05
5e-05
5e-05
5e-05
5e-05
5e-05
5e-05
5e-05
5e-05
5e-05
5e-05
5e-05
5e-05
5e-05
5e-05
5e-05
5e-05
5e-05
5e-05
5e-05
5e-05
5e-05
5e-05
5e-05
5e-05
5e-05
5e-05
5e-05
5e-05
5e-05
5e-05
5e-05
5e-05
5e-05
5e-05
5e-05
5e-05
5e-05
5e-05
5e-05
5e-05
5e-05
5e-05
5e-05
5e-05
5e-05
5e-05
5e-05
5e-05
5e-05
5e-05
5e-05
5e-05
5e-05
5e-05
5e-05
5e-05
5e-05
5e-05
5e-05
5e-05
5e-05
5e-05
5e-05
5e-05
5e-05
5e-05
5e-05
5e-05
5e-05
5e-05
5e-05
5e-05
5e-05
5e-05
5e-05
5e-05
5e-05
5e-05
5e-05
5e-05
5e-05
5e-05
5e-05
5e-05
5e-05
5e-05
5e-05
5e-05
5e-05
5e-05
5e-05
5e-05
5e-05
5e-05
5e-05
5e-05
5e-05
5e-05
5e-05
5e-05
5e-05
5e-05
5e-05
5e-05
5e-05
5e-05
5e-05
5e-05
5e-05
5e-05
5e-05
5e-05
5e-05
5e-05
5e-05
5e-05
5e-05
5e-05
5e-05
5e-05
5e-05
5e-05
5e-05
5e-05
5e-05
5e-05
5e-05
5e-05
5e-05
5e-05
5e-05
5e-05
5e-05
5e-05
5e-05
5e-05
5e-05
5e-05
5e-05
5e-05
5e-05
5e-05
5e-05
5e-05
5e-05
5e-05
5e-05
5e-05
5e-05
5e-05
5e-05
5e-05
5e-05
5e-05
5e-05
5e-05
5e-05
5e-05
5e-05
5e-05
5e-05
5e-05
5e-05
5e-05
5e-05
5e-05
5e-05
5e-05
5e-05
5e-05
5e-05
5e-05
5e-05
5e-05
5e-05
5e-05
5e-05
5e-05
5e-05
5e-05
5e-05
5e-05
5e-05
5e-05
5e-05
5e-05
5e-05
5e-05
5e-05
5e-05
5e-05
5e-05
5e-05
5e-05
5e-05
5e-05
5e-05
5e-05
5e-05
5e-05
5e-05
5e-05
5e-05
5e-05
5e-05
5e-05
5e-05
5e-05
5e-05
5e-05
5e-05
5e-05
5e-05
5e-05
5e-05
5e-05
5e-05
5e-05
5e-05
5e-05
5e-05
5e-05
5e-05
5e-05
5e-05
5e-05
5e-05
5e-05
5e-05
5e-05
5e-05
5e-05
5e-05
5e-05
5e-05
5e-05
5e-05
5e-05
5e-05
5e-05
5e-05
5e-05
5e-05
5e-05
5e-05
5e-05
5e-05
5e-05
5e-05
5e-05
5e-05
5e-05
5e-05
5e-05
5e-05
5e-05
5e-05
5e-05
5e-05
5e-05
5e-05
5e-05
5e-05
5e-05
5e-05
5e-05
5e-05
5e-05
5e-05
5e-05
5e-05
5e-05
5e-05
5e-05
5e-05
5e-05
5e-05
5e-05
5e-05
5e-05
5e-05
5e-05
5e-05
5e-05
5e-05
5e-05
5e-05
5e-05
5e-05
5e-05
5e-05
5e-05
5e-05
5e-05
5e-05
5e-05
5e-05
5e-05
5e-05
5e-05
5e-05
5e-05
5e-05
5e-05
5e-05
5e-05
5e-05
5e-05
5e-05
5e-05
5e-05
5e-05
5e-05
5e-05
5e-05
5e-05
5e-05
5e-05
5e-05
5e-05
5e-05
5e-05
5e-05
5e-05
5e-05
5e-05
5e-05
5e-05
5e-05
5e-05
5e-05
5e-05
5e-05
5e-05
5e-05
5e-05
5e-05
5e-05
5e-05
5e-05
5e-05
5e-05
5e-05
5e-05
5e-05
5e-05
5e-05
5e-05
5e-05
5e-05
5e-05
5e-05
5e-05
5e-05
5e-05
5e-05
5e-05
5e-05
5e-05
5e-05
5e-05
5e-05
5e-05
5e-05
5e-05
5e-05
5e-05
5e-05
5e-05
5e-05
5e-05
5e-05
5e-05
5e-05
5e-05
5e-05
5e-05
5e-05
5e-05
5e-05
5e-05
5e-05
5e-05
5e-05
5e-05
5e-05
5e-05
5e-05
5e-05
5e-05
5e-05
5e-05
5e-05
5e-05
5e-05
5e-05
5e-05
5e-05
5e-05
5e-05
5e-05
5e-05
5e-05
5e-05
5e-05
5e-05
5e-05
5e-05
5e-05
5e-05
5e-05
5e-05
5e-05
5e-05
5e-05
5e-05
5e-05
5e-05
5e-05
5e-05
5e-05
5e-05
5e-05
5e-05
5e-05
5e-05
7.82942e-05
0.000101947
0.000122591
0.000141175
0.000158297
0.000174351
0.000189612
0.000204274
0.000218481
0.000232338
0.000245925
0.000259301
0.000272512
0.000285594
0.000298574
0.000311471
0.000324303
0.000337082
0.000349817
0.000362515
0.000375182
0.000387823
0.000400441
0.000413038
0.000425617
0.00043818
0.000450727
0.000463259
0.000475778
0.000488284
0.000500777
0.000513258
0.000525726
0.000538183
0.000550628
0.000563062
0.000575485
0.000587896
0.000600297
0.000612686
0.000625064
0.000637431
0.000649788
0.000662134
0.000674469
0.000686793
0.000699107
0.00071141
0.000723702
0.000735984
0.000748255
0.000760516
0.000772766
0.000785006
0.000797236
0.000809455
0.000821664
0.000833862
0.000846051
0.000858229
0.000870397
0.000882554
0.000894702
0.000906839
0.000918967
0.000931084
0.000943192
0.000955289
0.000967376
0.000979454
0.000991522
0.00100358
0.00101563
0.00102767
0.00103969
0.00105171
0.00106372
0.00107572
0.00108771
0.00109969
0.00108337
0.00107166
0.00106295
0.00105629
0.00105107
0.00104691
0.00104353
0.00104074
0.00103839
0.00103638
0.00103463
0.00103308
0.00103168
0.0010304
0.00102921
0.00102809
0.00102703
0.00102601
0.00102502
0.00102406
0.00102312
0.00102219
0.00102128
0.00102038
0.00101948
0.00101859
0.0010177
0.00101682
0.00101594
0.00101507
0.0010142
0.00101332
0.00101245
0.00101159
0.00101072
0.00100985
0.00100899
0.00100812
0.00100726
0.0010064
0.00100553
0.00100467
0.00100381
0.00100295
0.00100209
0.00100124
0.00100038
0.000999522
0.000998667
0.000997812
0.000996957
0.000996103
0.00099525
0.000994398
0.000993547
0.000992696
0.000991846
0.000990996
0.000990148
0.000989299
0.000988452
0.000987606
0.00098676
0.000985914
0.00098507
0.000984226
0.000983383
0.00098254
0.000981699
0.000980858
0.000980017
0.000979178
0.000978339
0.0009775
0.000976663
0.000975826
0.00097499
0.000974154
0.000973319
0.000972485
0.000971652
0.000970819
0.000969987
0.000969156
0.000968325
0.000967495
0.000966666
0.000965837
0.000965009
0.000964182
0.000963355
0.000962529
0.000961704
0.00096088
0.000960056
0.000959233
0.00095841
0.000957589
0.000956768
0.000955947
0.000955127
0.000954308
0.00095349
0.000952672
0.000951855
0.000951039
0.000950223
0.000949408
0.000948594
0.000947781
0.000946968
0.000946155
0.000945344
0.000944533
0.000943723
0.000942913
0.000942104
0.000941296
0.000940489
0.000939682
0.000938876
0.00093807
0.000937265
0.000936461
0.000935657
0.000934855
0.000934052
0.000933251
0.00093245
0.00093165
0.000930851
0.000930052
0.000929254
0.000928456
0.000927659
0.000926863
0.000926068
0.000925273
0.000924479
0.000923685
0.000922892
0.0009221
0.000921309
0.000920518
0.000919727
0.000918938
0.000918149
0.000917361
0.000916573
0.000915786
0.000915
0.000914215
0.00091343
0.000912645
0.000911862
0.000911079
0.000910297
0.000909515
0.000908734
0.000907954
0.000907174
0.000906395
0.000905616
0.000904839
0.000904062
0.000903285
0.000902509
0.000901734
0.00090096
0.000900186
0.000899413
0.00089864
0.000897869
0.000897097
0.000896327
0.000895557
0.000894788
0.000894019
0.000893251
0.000892484
0.000891717
0.000890951
0.000890185
0.000889421
0.000888656
0.000887893
0.00088713
0.000886368
0.000885606
0.000884845
0.000884085
0.000883326
0.000882567
0.000881808
0.00088105
0.000880293
0.000879537
0.000878781
0.000878026
0.000877271
0.000876518
0.000875764
0.000875012
0.00087426
0.000873508
0.000872758
0.000872007
0.000871258
0.000870509
0.000869761
0.000869013
0.000868266
0.00086752
0.000866774
0.000866029
0.000865285
0.000864541
0.000863798
0.000863055
0.000862314
0.000861572
0.000860832
0.000860092
0.000859352
0.000858613
0.000857875
0.000857138
0.000856401
0.000855665
0.000854929
0.000854194
0.000853459
0.000852726
0.000851992
0.00085126
0.000850528
0.000849797
0.000849066
0.000848336
0.000847606
0.000846878
0.000846149
0.000845422
0.000844695
0.000843968
0.000843243
0.000842518
0.000841793
0.000841069
0.000840346
0.000839623
0.000838901
0.00083818
0.000837459
0.000836738
0.000836019
0.0008353
0.000834581
0.000833864
0.000833146
0.00083243
0.000831714
0.000830999
0.000830284
0.00082957
0.000828856
0.000828143
0.000827431
0.000826719
0.000826008
0.000825298
0.000824588
0.000823878
0.00082317
0.000822462
0.000821754
0.000821047
0.000820341
0.000819635
0.00081893
0.000818226
0.000817522
0.000816818
0.000816116
0.000815414
0.000814712
0.000814011
0.000813311
0.000812611
0.000811912
0.000811214
0.000810516
0.000809818
0.000809122
0.000808426
0.00080773
0.000807035
0.000806341
0.000805647
0.000804954
0.000804261
0.000803569
0.000802878
0.000802187
0.000801497
0.000800807
0.000800118
0.00079943
0.000798742
0.000798055
0.000797368
0.000796682
0.000795997
0.000795312
0.000794627
0.000793944
0.00079326
0.000792578
0.000791896
0.000791214
0.000790534
0.000789853
0.000789174
0.000788495
0.000787816
0.000787138
0.000786461
0.000785784
0.000785108
0.000784432
0.000783757
0.000783083
0.000782409
0.000781736
0.000781063
0.000780391
0.000779719
0.000779048
0.000778378
0.000777708
0.000777039
0.00077637
0.000775702
0.000775035
0.000774368
0.000773701
0.000773036
0.00077237
0.000771706
0.000771042
0.000770378
0.000769715
0.000769053
0.000768391
0.00076773
0.000767069
0.000766409
0.000765749
0.00076509
0.000764432
0.000763774
0.000763117
0.00076246
0.000761804
0.000761148
0.000760493
0.000759839
0.000759185
0.000758532
0.000757879
0.000757227
0.000756575
0.000755924
0.000755273
0.000754624
0.000753974
0.000753325
0.000752677
0.000752029
0.000751382
0.000750736
0.000750089
0.000749444
0.000748799
0.000748155
0.000747511
0.000746868
0.000746225
0.000745583
0.000744941
0.0007443
0.00074366
0.00074302
0.00074238
0.000741741
0.000741103
0.000740465
0.000739828
0.000739192
0.000738556
0.00073792
0.000737285
0.000736651
0.000736017
0.000735383
0.000734751
0.000734118
0.000733487
0.000732855
0.000732225
0.000731595
0.000730965
0.000730336
0.000729708
0.00072908
0.000728453
0.000727826
0.0007272
0.000726574
0.000725949
0.000725324
0.0007247
0.000724077
0.000723454
0.000722831
0.000722209
0.000721588
0.000720967
0.000720347
0.000719727
0.000719108
0.000718489
0.000717871
0.000717253
0.000716636
0.00071602
0.000715404
0.000714788
0.000714173
0.000713559
0.000712945
0.000712331
0.000711719
0.000711106
0.000710495
0.000709883
0.000709273
0.000708663
0.000708053
0.000707444
0.000706835
0.000706227
0.00070562
0.000705013
0.000704406
0.0007038
0.000703195
0.00070259
0.000701986
0.000701382
0.000700779
0.000700176
0.000699574
0.000698972
0.000698371
0.00069777
0.00069717
0.00069657
0.000695971
0.000695373
0.000694775
0.000694177
0.00069358
0.000692984
0.000692388
0.000691792
0.000691197
0.000690603
0.000690009
0.000689415
0.000688823
0.00068823
0.000687638
0.000687047
0.000686456
0.000685866
0.000685276
0.000684687
0.000684098
0.00068351
0.000682922
0.000682335
0.000681748
0.000681162
0.000680577
0.000679991
0.000679407
0.000678823
0.000678239
0.000677656
0.000677073
0.000676491
0.00067591
0.000675329
0.000674748
0.000674168
0.000673588
0.000673009
0.000672431
0.000671853
0.000671275
0.000670698
0.000670122
0.000669546
0.00066897
0.000668395
0.000667821
0.000667247
0.000666673
0.0006661
0.000665528
0.000664956
0.000664384
0.000663813
0.000663243
0.000662673
0.000662103
0.000661534
0.000660966
0.000660398
0.00065983
0.000659263
0.000658697
0.000658131
0.000657565
0.000657
0.000656436
0.000655872
0.000655308
0.000654745
0.000654183
0.000653621
0.000653059
0.000652498
0.000651938
0.000651378
0.000650818
0.000650259
0.0006497
0.000649142
0.000648585
0.000648027
0.000647471
0.000646915
0.000646359
0.000645804
0.000645249
0.000644695
0.000644141
0.000643588
0.000643035
0.000642483
0.000641931
0.00064138
0.000640829
0.000640279
0.000639729
0.00063918
0.000638631
0.000638083
0.000637535
0.000636987
0.00063644
0.000635894
0.000635348
0.000634803
0.000634258
0.000633713
0.000633169
0.000632626
0.000632082
0.00063154
0.000630998
0.000630456
0.000629915
0.000629374
0.000628834
0.000628294
0.000627755
0.000627216
0.000626678
0.00062614
0.000625603
0.000625066
0.00062453
0.000623994
0.000623458
0.000622923
0.000622389
0.000621855
0.000621321
0.000620788
0.000620255
0.000619723
0.000619191
0.00061866
0.000618129
0.000617599
0.000617069
0.00061654
0.000616011
0.000615483
0.000614955
0.000614427
0.0006139
0.000613374
0.000612848
0.000612322
0.000611797
0.000611272
0.000610748
0.000610224
0.000609701
0.000609178
0.000608656
0.000608134
0.000607613
0.000607092
0.000606571
0.000606051
0.000605531
0.000605012
0.000604494
0.000603975
0.000603458
0.00060294
0.000602424
0.000601907
0.000601391
0.000600876
0.000600361
0.000599846
0.000599332
0.000598818
0.000598305
0.000597793
0.00059728
0.000596768
0.000596257
0.000595746
0.000595236
0.000594726
0.000594216
0.000593707
0.000593198
0.00059269
0.000592183
0.000591675
0.000591168
0.000590662
0.000590156
0.000589651
0.000589146
0.000588641
0.000588137
0.000587633
0.00058713
0.000586627
0.000586125
0.000585623
0.000585121
0.00058462
0.00058412
0.00058362
0.00058312
0.000582621
0.000582122
0.000581624
0.000581126
0.000580628
0.000580131
0.000579635
0.000579138
0.000578643
0.000578148
0.000577653
0.000577158
0.000576664
0.000576171
0.000575678
0.000575185
0.000574693
0.000574201
0.00057371
0.000573219
0.000572729
0.000572239
0.000571749
0.00057126
0.000570772
0.000570283
0.000569795
0.000569308
0.000568821
0.000568335
0.000567849
0.000567363
0.000566878
0.000566393
0.000565909
0.000565425
0.000564941
0.000564458
0.000563976
0.000563494
0.000563012
0.00056253
0.00056205
0.000561569
0.000561089
0.00056061
0.00056013
0.000559652
0.000559173
0.000558695
0.000558218
0.000557741
0.000557264
0.000556788
0.000556312
0.000555837
0.000555362
0.000554888
0.000554414
0.00055394
0.000553467
0.000552994
0.000552522
0.00055205
0.000551578
0.000551107
0.000550637
0.000550166
0.000549696
0.000549227
0.000548758
0.000548289
0.000547821
0.000547354
0.000546886
0.000546419
0.000545953
0.000545487
0.000545021
0.000544556
0.000544091
0.000543627
0.000543163
0.000542699
0.000542236
0.000541773
0.000541311
0.000540849
0.000540388
0.000539927
0.000539466
0.000539006
0.000538546
0.000538087
0.000537628
0.000537169
0.000536711
0.000536253
0.000535796
0.000535339
0.000534882
0.000534426
0.00053397
0.000533515
0.00053306
0.000532606
0.000532152
0.000531698
0.000531245
0.000530792
0.000530339
0.000529887
0.000529436
0.000528984
0.000528534
0.000528083
0.000527633
0.000527184
0.000526734
0.000526286
0.000525837
0.000525389
0.000524942
0.000524494
0.000524048
0.000523601
0.000523155
0.00052271
0.000522264
0.00052182
0.000521375
0.000520931
0.000520488
0.000520044
0.000519602
0.000519159
0.000518717
0.000518276
0.000517835
0.000517394
0.000516953
0.000516513
0.000516074
0.000515635
0.000515196
0.000514757
0.000514319
0.000513882
0.000513444
0.000513008
0.000512571
0.000512135
0.000511699
0.000511264
0.000510829
0.000510395
0.000509961
0.000509527
0.000509094
0.000508661
0.000508228
0.000507796
0.000507364
0.000506933
0.000506502
0.000506071
0.000505641
0.000505211
0.000504782
0.000504353
0.000503924
0.000503496
0.000503068
0.000502641
0.000502214
0.000501787
0.000501361
0.000500935
0.000500509
0.000500084
0.000499659
0.000499235
0.000498811
0.000498387
0.000497964
0.000497541
0.000497119
0.000496697
0.000496275
0.000495853
0.000495432
0.000495012
0.000494592
0.000494172
0.000493752
0.000493333
0.000492915
0.000492496
0.000492079
0.000491661
0.000491244
0.000490827
0.000490411
0.000489995
0.000489579
0.000489164
0.000488749
0.000488334
0.00048792
0.000487506
0.000487093
0.00048668
0.000486267
0.000485855
0.000485443
0.000485031
0.00048462
0.00048421
0.000483799
0.000483389
0.000482979
0.00048257
0.000482161
0.000481753
0.000481344
0.000480937
0.000480529
0.000480122
0.000479715
0.000479309
0.000478903
0.000478497
0.000478092
0.000477687
0.000477283
0.000476879
0.000476475
0.000476072
0.000475668
0.000475266
0.000474864
0.000474462
0.00047406
0.000473659
0.000473258
0.000472857
0.000472457
0.000472058
0.000471658
0.000471259
0.000470861
0.000470462
0.000470064
0.000469667
0.00046927
0.000468873
0.000468476
0.00046808
0.000467684
0.000467289
0.000466894
0.000466499
0.000466105
0.000465711
0.000465317
0.000464924
0.000464531
0.000464138
0.000463746
0.000463354
0.000462963
0.000462572
0.000462181
0.000461791
0.000461401
0.000461011
0.000460622
0.000460233
0.000459844
0.000459456
0.000459068
0.00045868
0.000458293
0.000457906
0.00045752
0.000457133
0.000456748
0.000456362
0.000455977
0.000455592
0.000455208
0.000454824
0.00045444
0.000454057
0.000453674
0.000453291
0.000452909
0.000452527
0.000452145
0.000451764
0.000451383
0.000451002
0.000450622
0.000450242
0.000449863
0.000449484
0.000449105
0.000448726
0.000448348
0.00044797
0.000447593
0.000447216
0.000446839
0.000446463
0.000446086
0.000445711
0.000445335
0.00044496
0.000444586
0.000444211
0.000443837
0.000443464
0.00044309
0.000442717
0.000442345
0.000441972
0.0004416
0.000441229
0.000440857
0.000440486
0.000440116
0.000439745
0.000439375
0.000439006
0.000438637
0.000438268
0.000437899
0.000437531
0.000437163
0.000436795
0.000436428
0.000436061
0.000435695
0.000435328
0.000434962
0.000434597
0.000434232
0.000433867
0.000433502
0.000433138
0.000432774
0.00043241
0.000432047
0.000431684
0.000431322
0.00043096
0.000430598
0.000430236
0.000429875
0.000429514
0.000429153
0.000428793
0.000428433
0.000428074
0.000427714
0.000427355
0.000426997
0.000426638
0.000426281
0.000425923
0.000425566
0.000425209
0.000424852
0.000424496
0.00042414
0.000423784
0.000423429
0.000423074
0.000422719
0.000422365
0.000422011
0.000421657
0.000421304
0.00042095
0.000420598
0.000420245
0.000419893
0.000419541
0.00041919
0.000418839
0.000418488
0.000418138
0.000417788
0.000417438
0.000417088
0.000416739
0.00041639
0.000416042
0.000415693
0.000415345
0.000414998
0.000414651
0.000414304
0.000413957
0.000413611
0.000413265
0.000412919
0.000412574
0.000412229
0.000411884
0.000411539
0.000411195
0.000410852
0.000410508
0.000410165
0.000409822
0.00040948
0.000409137
0.000408796
0.000408454
0.000408113
0.000407772
0.000407431
0.000407091
0.000406751
0.000406411
0.000406072
0.000405733
0.000405394
0.000405055
0.000404717
0.00040438
0.000404042
0.000403705
0.000403368
0.000403031
0.000402695
0.000402359
0.000402023
0.000401688
0.000401353
0.000401018
0.000400684
0.00040035
0.000400016
0.000399683
0.000399349
0.000399017
0.000398684
0.000398352
0.00039802
0.000397688
0.000397357
0.000397026
0.000396695
0.000396365
0.000396034
0.000395705
0.000395375
0.000395046
0.000394717
0.000394388
0.00039406
0.000393732
0.000393404
0.000393077
0.00039275
0.000392423
0.000392097
0.00039177
0.000391444
0.000391119
0.000390794
0.000390469
0.000390144
0.000389819
0.000389495
0.000389172
0.000388848
0.000388525
0.000388202
0.000387879
0.000387557
0.000387235
0.000386913
0.000386592
0.000386271
0.00038595
0.00038563
0.000385309
0.000384989
0.00038467
0.00038435
0.000384031
0.000383713
0.000383394
0.000383076
0.000382758
0.000382441
0.000382123
0.000381806
0.00038149
0.000381173
0.000380857
0.000380541
0.000380226
0.000379911
0.000379596
0.000379281
0.000378967
0.000378653
0.000378339
0.000378025
0.000377712
0.000377399
0.000377087
0.000376774
0.000376462
0.00037615
0.000375839
0.000375528
0.000375217
0.000374906
0.000374596
0.000374286
0.000373976
0.000373667
0.000373358
0.000373049
0.00037274
0.000372432
0.000372124
0.000371816
0.000371509
0.000371201
0.000370895
0.000370588
0.000370282
0.000369976
0.00036967
0.000369364
0.000369059
0.000368754
0.00036845
0.000368145
0.000367841
0.000367538
0.000367234
0.000366931
0.000366628
0.000366325
0.000366023
0.000365721
0.000365419
0.000365118
0.000364816
0.000364515
0.000364215
0.000363914
0.000363614
0.000363314
0.000363015
0.000362715
0.000362416
0.000362118
0.000361819
0.000361521
0.000361223
0.000360926
0.000360628
0.000360331
0.000360034
0.000359738
0.000359441
0.000359146
0.00035885
0.000358554
0.000358259
0.000357964
0.00035767
0.000357375
0.000357081
0.000356788
0.000356494
0.000356201
0.000355908
0.000355615
0.000355323
0.000355031
0.000354739
0.000354447
0.000354156
0.000353865
0.000353574
0.000353283
0.000352993
0.000352703
0.000352413
0.000352124
0.000351835
0.000351546
0.000351257
0.000350969
0.000350681
0.000350393
0.000350105
0.000349818
0.000349531
0.000349244
0.000348958
0.000348671
0.000348385
0.0003481
0.000347814
0.000347529
0.000347244
0.00034696
0.000346675
0.000346391
0.000346107
0.000345824
0.00034554
0.000345257
0.000344974
0.000344692
0.00034441
0.000344128
0.000343846
0.000343564
0.000343283
0.000343002
0.000342722
0.000342441
0.000342161
0.000341881
0.000341601
0.000341322
0.000341043
0.000340764
0.000340485
0.000340207
0.000339929
0.000339651
0.000339374
0.000339096
0.000338819
0.000338542
0.000338266
0.00033799
0.000337714
0.000337438
0.000337162
0.000336887
0.000336612
0.000336337
0.000336063
0.000335789
0.000335515
0.000335241
0.000334967
0.000334694
0.000334421
0.000334149
0.000333876
0.000333604
0.000333332
0.00033306
0.000332789
0.000332518
0.000332247
0.000331976
0.000331706
0.000331435
0.000331166
0.000330896
0.000330626
0.000330357
0.000330088
0.00032982
0.000329551
0.000329283
0.000329015
0.000328748
0.00032848
0.000328213
0.000327946
0.00032768
0.000327413
0.000327147
0.000326881
0.000326615
0.00032635
0.000326085
0.00032582
0.000325555
0.000325291
0.000325027
0.000324763
0.000324499
0.000324236
0.000323972
0.000323709
0.000323447
0.000323184
0.000322922
0.00032266
0.000322398
0.000322137
0.000321876
0.000321615
0.000321354
0.000321093
0.000320833
0.000320573
0.000320313
0.000320054
0.000319795
0.000319536
0.000319277
0.000319018
0.00031876
0.000318502
0.000318244
0.000317986
0.000317729
0.000317472
0.000317215
0.000316958
0.000316702
0.000316446
0.00031619
0.000315934
0.000315679
0.000315424
0.000315169
0.000314914
0.00031466
0.000314405
0.000314151
0.000313898
0.000313644
0.000313391
0.000313138
0.000312885
0.000312632
0.00031238
0.000312128
0.000311876
0.000311624
0.000311373
0.000311122
0.000310871
0.00031062
0.00031037
0.00031012
0.00030987
0.00030962
0.00030937
0.000309121
0.000308872
0.000308623
0.000308375
0.000308126
0.000307878
0.00030763
0.000307383
0.000307135
0.000306888
0.000306641
0.000306394
0.000306148
0.000305902
0.000305656
0.00030541
0.000305164
0.000304919
0.000304674
0.000304429
0.000304184
0.00030394
0.000303696
0.000303452
0.000303208
0.000302965
0.000302721
0.000302478
0.000302235
0.000301993
0.00030175
0.000301508
0.000301266
0.000301025
0.000300783
0.000300542
0.000300301
0.00030006
0.00029982
0.000299579
0.000299339
0.000299099
0.00029886
0.00029862
0.000298381
0.000298142
0.000297903
0.000297665
0.000297427
0.000297189
0.000296951
0.000296713
0.000296476
0.000296238
0.000296002
0.000295765
0.000295528
0.000295292
0.000295056
0.00029482
0.000294584
0.000294349
0.000294114
0.000293879
0.000293644
0.00029341
0.000293175
0.000292941
0.000292707
0.000292474
0.00029224
0.000292007
0.000291774
0.000291541
0.000291309
0.000291077
0.000290844
0.000290613
0.000290381
0.000290149
0.000289918
0.000289687
0.000289456
0.000289226
0.000288995
0.000288765
0.000288535
0.000288306
0.000288076
0.000287847
0.000287618
0.000287389
0.00028716
0.000286932
0.000286704
0.000286476
0.000286248
0.00028602
0.000285793
0.000285566
0.000285339
0.000285112
0.000284886
0.000284659
0.000284433
0.000284208
0.000283982
0.000283756
0.000283531
0.000283306
0.000283081
0.000282857
0.000282632
0.000282408
0.000282184
0.000281961
0.000281737
0.000281514
0.000281291
0.000281068
0.000280845
0.000280623
0.0002804
0.000280178
0.000279956
0.000279735
0.000279513
0.000279292
0.000279071
0.00027885
0.00027863
0.000278409
0.000278189
0.000277969
0.000277749
0.00027753
0.000277311
0.000277091
0.000276872
0.000276654
0.000276435
0.000276217
0.000275999
0.000275781
0.000275563
0.000275346
0.000275128
0.000274911
0.000274694
0.000274478
0.000274261
0.000274045
0.000273829
0.000273613
0.000273397
0.000273182
0.000272967
0.000272752
0.000272537
0.000272322
0.000272108
0.000271894
0.00027168
0.000271466
0.000271252
0.000271039
0.000270825
0.000270612
0.0002704
0.000270187
0.000269975
0.000269762
0.00026955
0.000269338
0.000269127
0.000268915
0.000268704
0.000268493
0.000268282
0.000268072
0.000267861
0.000267651
0.000267441
0.000267231
0.000267022
0.000266812
0.000266603
0.000266394
0.000266185
0.000265976
0.000265768
0.00026556
0.000265352
0.000265144
0.000264936
0.000264729
0.000264521
0.000264314
0.000264107
0.000263901
0.000263694
0.000263488
0.000263282
0.000263076
0.00026287
0.000262665
0.00026246
0.000262254
0.000262049
0.000261845
0.00026164
0.000261436
0.000261232
0.000261028
0.000260824
0.00026062
0.000260417
0.000260214
0.000260011
0.000259808
0.000259605
0.000259403
0.000259201
0.000258999
0.000258797
0.000258595
0.000258394
0.000258193
0.000257991
0.000257791
0.00025759
0.000257389
0.000257189
0.000256989
0.000256789
0.000256589
0.00025639
0.00025619
0.000255991
0.000255792
0.000255593
0.000255395
0.000255196
0.000254998
0.0002548
0.000254602
0.000254404
0.000254207
0.00025401
0.000253812
0.000253615
0.000253419
0.000253222
0.000253026
0.00025283
0.000252634
0.000252438
0.000252242
0.000252047
0.000251851
0.000251656
0.000251461
0.000251267
0.000251072
0.000250878
0.000250684
0.00025049
0.000250296
0.000250102
0.000249909
0.000249716
0.000249523
0.00024933
0.000249137
0.000248945
0.000248752
0.00024856
0.000248368
0.000248176
0.000247985
0.000247793
0.000247602
0.000247411
0.00024722
0.00024703
0.000246839
0.000246649
0.000246459
0.000246269
0.000246079
0.000245889
0.0002457
0.000245511
0.000245321
0.000245133
0.000244944
0.000244755
0.000244567
0.000244379
0.000244191
0.000244003
0.000243815
0.000243628
0.000243441
0.000243254
0.000243067
0.00024288
0.000242693
0.000242507
0.000242321
0.000242135
0.000241949
0.000241763
0.000241578
0.000241392
0.000241207
0.000241022
0.000240837
0.000240653
0.000240468
0.000240284
0.0002401
0.000239916
0.000239732
0.000239549
0.000239365
0.000239182
0.000238999
0.000238816
0.000238633
0.000238451
0.000238268
0.000238086
0.000237904
0.000237722
0.000237541
0.000237359
0.000237178
0.000236997
0.000236816
0.000236635
0.000236454
0.000236274
0.000236094
0.000235913
0.000235733
0.000235554
0.000235374
0.000235195
0.000235015
0.000234836
0.000234657
0.000234479
0.0002343
0.000234122
0.000233943
0.000233765
0.000233587
0.00023341
0.000233232
0.000233055
0.000232877
0.0002327
0.000232523
0.000232347
0.00023217
0.000231994
0.000231817
0.000231641
0.000231466
0.00023129
0.000231114
0.000230939
0.000230764
0.000230589
0.000230414
0.000230239
0.000230064
0.00022989
0.000229716
0.000229542
0.000229368
0.000229194
0.000229021
0.000228847
0.000228674
0.000228501
0.000228328
0.000228155
0.000227983
0.00022781
0.000227638
0.000227466
0.000227294
0.000227122
0.000226951
0.000226779
0.000226608
0.000226437
0.000226266
0.000226095
0.000225925
0.000225754
0.000225584
0.000225414
0.000225244
0.000225074
0.000224904
0.000224735
0.000224566
0.000224396
0.000224227
0.000224059
0.00022389
0.000223721
0.000223553
0.000223385
0.000223217
0.000223049
0.000222881
0.000222714
0.000222546
0.000222379
0.000222212
0.000222045
0.000221878
0.000221712
0.000221545
0.000221379
0.000221213
0.000221047
0.000220881
0.000220715
0.00022055
0.000220385
0.00022022
0.000220054
0.00021989
0.000219725
0.00021956
0.000219396
0.000219232
0.000219068
0.000218904
0.00021874
0.000218576
0.000218413
0.00021825
0.000218087
0.000217924
0.000217761
0.000217598
0.000217436
0.000217273
0.000217111
0.000216949
0.000216787
0.000216625
0.000216464
0.000216302
0.000216141
0.00021598
0.000215819
0.000215658
0.000215498
0.000215337
0.000215177
0.000215016
0.000214856
0.000214696
0.000214537
0.000214377
0.000214218
0.000214058
0.000213899
0.00021374
0.000213581
0.000213423
0.000213264
0.000213106
0.000212948
0.00021279
0.000212632
0.000212474
0.000212316
0.000212159
0.000212001
0.000211844
0.000211687
0.00021153
0.000211374
0.000211217
0.000211061
0.000210904
0.000210748
0.000210592
0.000210437
0.000210281
0.000210125
0.00020997
0.000209815
0.00020966
0.000209505
0.00020935
0.000209195
0.000209041
0.000208886
0.000208732
0.000208578
0.000208424
0.000208271
0.000208117
0.000207963
0.00020781
0.000207657
0.000207504
0.000207351
0.000207198
0.000207046
0.000206893
0.000206741
0.000206589
0.000206437
0.000206285
0.000206133
0.000205982
0.00020583
0.000205679
0.000205528
0.000205377
0.000205226
0.000205075
0.000204925
0.000204774
0.000204624
0.000204474
0.000204324
0.000204174
0.000204025
0.000203875
0.000203726
0.000203576
0.000203427
0.000203278
0.000203129
0.000202981
0.000202832
0.000202684
0.000202536
0.000202387
0.000202239
0.000202092
0.000201944
0.000201796
0.000201649
0.000201502
0.000201355
0.000201208
0.000201061
0.000200914
0.000200767
0.000200621
0.000200475
0.000200329
0.000200182
0.000200037
0.000199891
0.000199745
0.0001996
0.000199455
0.000199309
0.000199164
0.000199019
0.000198875
0.00019873
0.000198586
0.000198441
0.000198297
0.000198153
0.000198009
0.000197865
0.000197722
0.000197578
0.000197435
0.000197291
0.000197148
0.000197005
0.000196863
0.00019672
0.000196577
0.000196435
0.000196293
0.00019615
0.000196008
0.000195867
0.000195725
0.000195583
0.000195442
0.0001953
0.000195159
0.000195018
0.000194877
0.000194736
0.000194596
0.000194455
0.000194315
0.000194175
0.000194034
0.000193895
0.000193755
0.000193615
0.000193475
0.000193336
0.000193197
0.000193057
0.000192918
0.000192779
0.000192641
0.000192502
0.000192364
0.000192225
0.000192087
0.000191949
0.000191811
0.000191673
0.000191535
0.000191398
0.00019126
0.000191123
0.000190986
0.000190849
0.000190712
0.000190575
0.000190438
0.000190302
0.000190165
0.000190029
0.000189893
0.000189757
0.000189621
0.000189485
0.00018935
0.000189214
0.000189079
0.000188943
0.000188808
0.000188673
0.000188539
0.000188404
0.000188269
0.000188135
0.000188
0.000187866
0.000187732
0.000187598
0.000187464
0.000187331
0.000187197
0.000187064
0.00018693
0.000186797
0.000186664
0.000186531
0.000186399
0.000186266
0.000186133
0.000186001
0.000185869
0.000185737
0.000185605
0.000185473
0.000185341
0.000185209
0.000185078
0.000184946
0.000184815
0.000184684
0.000184553
0.000184422
0.000184291
0.000184161
0.00018403
0.0001839
0.000183769
0.000183639
0.000183509
0.000183379
0.00018325
0.00018312
0.00018299
0.000182861
0.000182732
0.000182603
0.000182474
0.000182345
0.000182216
0.000182087
0.000181959
0.00018183
0.000181702
0.000181574
0.000181446
0.000181318
0.00018119
0.000181063
0.000180935
0.000180808
0.00018068
0.000180553
0.000180426
0.000180299
0.000180172
0.000180046
0.000179919
0.000179793
0.000179666
0.00017954
0.000179414
0.000179288
0.000179162
0.000179037
0.000178911
0.000178786
0.00017866
0.000178535
0.00017841
0.000178285
0.00017816
0.000178035
0.000177911
0.000177786
0.000177662
0.000177537
0.000177413
0.000177289
0.000177165
0.000177042
0.000176918
0.000176794
0.000176671
0.000176548
0.000176424
0.000176301
0.000176178
0.000176056
0.000175933
0.00017581
0.000175688
0.000175565
0.000175443
0.000175321
0.000175199
0.000175077
0.000174955
0.000174834
0.000174712
0.000174591
0.000174469
0.000174348
0.000174227
0.000174106
0.000173985
0.000173864
0.000173744
0.000173623
0.000173503
0.000173383
0.000173263
0.000173142
0.000173023
0.000172903
0.000172783
0.000172663
0.000172544
0.000172425
0.000172305
0.000172186
0.000172067
0.000171948
0.00017183
0.000171711
0.000171592
0.000171474
0.000171356
0.000171238
0.000171119
0.000171001
0.000170884
0.000170766
0.000170648
0.000170531
0.000170413
0.000170296
0.000170179
0.000170062
0.000169945
0.000169828
0.000169711
0.000169595
0.000169478
0.000169362
0.000169245
0.000169129
0.000169013
0.000168897
0.000168781
0.000168666
0.00016855
0.000168435
0.000168319
0.000168204
0.000168089
0.000167974
0.000167859
0.000167744
0.000167629
0.000167514
0.0001674
0.000167286
0.000167171
0.000167057
0.000166943
0.000166829
0.000166715
0.000166602
0.000166488
0.000166374
0.000166261
0.000166148
0.000166035
0.000165921
0.000165808
0.000165696
0.000165583
0.00016547
0.000165358
0.000165245
0.000165133
0.000165021
0.000164909
0.000164797
0.000164685
0.000164573
0.000164461
0.00016435
0.000164238
0.000164127
0.000164016
0.000163905
0.000163794
0.000163683
0.000163572
0.000163461
0.00016335
0.00016324
0.00016313
0.000163019
0.000162909
0.000162799
0.000162689
0.000162579
0.00016247
0.00016236
0.00016225
0.000162141
0.000162032
0.000161922
0.000161813
0.000161704
0.000161595
0.000161487
0.000161378
0.000161269
0.000161161
0.000161052
0.000160944
0.000160836
0.000160728
0.00016062
0.000160512
0.000160404
0.000160297
0.000160189
0.000160082
0.000159974
0.000159867
0.00015976
0.000159653
0.000159546
0.000159439
0.000159332
0.000159226
0.000159119
0.000159013
0.000158907
0.0001588
0.000158694
0.000158588
0.000158482
0.000158377
0.000158271
0.000158165
0.00015806
0.000157954
0.000157849
0.000157744
0.000157639
0.000157534
0.000157429
0.000157324
0.000157219
0.000157115
0.00015701
0.000156906
0.000156802
0.000156698
0.000156594
0.00015649
0.000156386
0.000156282
0.000156178
0.000156075
0.000155971
0.000155868
0.000155765
0.000155661
0.000155558
0.000155455
0.000155352
0.00015525
0.000155147
0.000155044
0.000154942
0.00015484
0.000154737
0.000154635
0.000154533
0.000154431
0.000154329
0.000154227
0.000154126
0.000154024
0.000153923
0.000153821
0.00015372
0.000153619
0.000153518
0.000153417
0.000153316
0.000153215
0.000153114
0.000153014
0.000152913
0.000152813
0.000152712
0.000152612
0.000152512
0.000152412
0.000152312
0.000152212
0.000152112
0.000152013
0.000151913
0.000151814
0.000151714
0.000151615
0.000151516
0.000151417
0.000151318
0.000151219
0.00015112
0.000151022
0.000150923
0.000150824
0.000150726
0.000150628
0.00015053
0.000150431
0.000150333
0.000150235
0.000150138
0.00015004
0.000149942
0.000149845
0.000149747
0.00014965
0.000149553
0.000149455
0.000149358
0.000149261
0.000149164
0.000149068
0.000148971
0.000148874
0.000148778
0.000148681
0.000148585
0.000148489
0.000148393
0.000148297
0.000148201
0.000148105
0.000148009
0.000147913
0.000147818
0.000147722
0.000147627
0.000147532
0.000147436
0.000147341
0.000147246
0.000147151
0.000147056
0.000146962
0.000146867
0.000146772
0.000146678
0.000146584
0.000146489
0.000146395
0.000146301
0.000146207
0.000146113
0.000146019
0.000145925
0.000145832
0.000145738
0.000145645
0.000145551
0.000145458
0.000145365
0.000145272
0.000145179
0.000145086
0.000144993
0.0001449
0.000144807
0.000144715
0.000144622
0.00014453
0.000144437
0.000144345
0.000144253
0.000144161
0.000144069
0.000143977
0.000143885
0.000143794
0.000143702
0.000143611
0.000143519
0.000143428
0.000143337
0.000143245
0.000143154
0.000143063
0.000142973
0.000142882
0.000142791
0.0001427
0.00014261
0.000142519
0.000142429
0.000142339
0.000142249
0.000142158
0.000142068
0.000141978
0.000141889
0.000141799
0.000141709
0.00014162
0.00014153
0.000141441
0.000141351
0.000141262
0.000141173
0.000141084
0.000140995
0.000140906
0.000140817
0.000140728
0.00014064
0.000140551
0.000140463
0.000140374
0.000140286
0.000140198
0.00014011
0.000140022
0.000139934
0.000139846
0.000139758
0.00013967
0.000139583
0.000139495
0.000139408
0.000139321
0.000139233
0.000139146
0.000139059
0.000138972
0.000138885
0.000138798
0.000138711
0.000138625
0.000138538
0.000138452
0.000138365
0.000138279
0.000138193
0.000138106
0.00013802
0.000137934
0.000137848
0.000137763
0.000137677
0.000137591
0.000137505
0.00013742
0.000137335
0.000137249
0.000137164
0.000137079
0.000136994
0.000136909
0.000136824
0.000136739
0.000136654
0.000136569
0.000136485
0.0001364
0.000136316
0.000136231
0.000136147
0.000136063
0.000135979
0.000135895
0.000135811
0.000135727
0.000135643
0.000135559
0.000135476
0.000135392
0.000135309
0.000135225
0.000135142
0.000135059
0.000134976
0.000134893
0.00013481
0.000134727
0.000134644
0.000134561
0.000134479
0.000134396
0.000134313
0.000134231
0.000134149
0.000134066
0.000133984
0.000133902
0.00013382
0.000133738
0.000133656
0.000133575
0.000133493
0.000133411
0.00013333
0.000133248
0.000133167
0.000133086
0.000133004
0.000132923
0.000132842
0.000132761
0.00013268
0.000132599
0.000132519
0.000132438
0.000132357
0.000132277
0.000132196
0.000132116
0.000132036
0.000131955
0.000131875
0.000131795
0.000131715
0.000131635
0.000131556
0.000131476
0.000131396
0.000131317
0.000131237
0.000131158
0.000131078
0.000130999
0.00013092
0.000130841
0.000130762
0.000130683
0.000130604
0.000130525
0.000130446
0.000130367
0.000130289
0.00013021
0.000130132
0.000130054
0.000129975
0.000129897
0.000129819
0.000129741
0.000129663
0.000129585
0.000129507
0.000129429
0.000129352
0.000129274
0.000129197
0.000129119
0.000129042
0.000128964
0.000128887
0.00012881
0.000128733
0.000128656
0.000128579
0.000128502
0.000128425
0.000128349
0.000128272
0.000128195
0.000128119
0.000128043
0.000127966
0.00012789
0.000127814
0.000127738
0.000127662
0.000127586
0.00012751
0.000127434
0.000127358
0.000127282
0.000127207
0.000127131
0.000127056
0.000126981
0.000126905
0.00012683
0.000126755
0.00012668
0.000126605
0.00012653
0.000126455
0.00012638
0.000126305
0.000126231
0.000126156
0.000126082
0.000126007
0.000125933
0.000125859
0.000125784
0.00012571
0.000125636
0.000125562
0.000125488
0.000125414
0.000125341
0.000125267
0.000125193
0.00012512
0.000125046
0.000124973
0.000124899
0.000124826
0.000124753
0.00012468
0.000124607
0.000124534
0.000124461
0.000124388
0.000124315
0.000124242
0.00012417
0.000124097
0.000124025
0.000123952
0.00012388
0.000123807
0.000123735
0.000123663
0.000123591
0.000123519
0.000123447
0.000123375
0.000123303
0.000123232
0.00012316
0.000123088
0.000123017
0.000122945
0.000122874
0.000122803
0.000122731
0.00012266
0.000122589
0.000122518
0.000122447
0.000122376
0.000122305
0.000122235
0.000122164
0.000122093
0.000122023
0.000121952
0.000121882
0.000121811
0.000121741
0.000121671
0.000121601
0.000121531
0.000121461
0.000121391
0.000121321
0.000121251
0.000121181
0.000121112
0.000121042
0.000120973
0.000120903
0.000120834
0.000120764
0.000120695
0.000120626
0.000120557
0.000120488
0.000120419
0.00012035
0.000120281
0.000120212
0.000120143
0.000120075
0.000120006
0.000119938
0.000119869
0.000119801
0.000119732
0.000119664
0.000119596
0.000119528
0.00011946
0.000119392
0.000119324
0.000119256
0.000119188
0.00011912
0.000119053
0.000118985
0.000118918
0.00011885
0.000118783
0.000118715
0.000118648
0.000118581
0.000118514
0.000118447
0.00011838
0.000118313
0.000118246
0.000118179
0.000118112
0.000118046
0.000117979
0.000117912
0.000117846
0.000117779
0.000117713
0.000117647
0.000117581
0.000117514
0.000117448
0.000117382
0.000117316
0.00011725
0.000117184
0.000117119
0.000117053
0.000116987
0.000116922
0.000116856
0.000116791
0.000116725
0.00011666
0.000116595
0.000116529
0.000116464
0.000116399
0.000116334
0.000116269
0.000116204
0.00011614
0.000116075
0.00011601
0.000115945
0.000115881
0.000115816
0.000115752
0.000115687
0.000115623
0.000115559
0.000115495
0.00011543
0.000115366
0.000115302
0.000115238
0.000115175
0.000115111
0.000115047
0.000114983
0.00011492
0.000114856
0.000114792
0.000114729
0.000114666
0.000114602
0.000114539
0.000114476
0.000114413
0.00011435
0.000114287
0.000114224
0.000114161
0.000114098
0.000114035
0.000113972
0.00011391
0.000113847
0.000113785
0.000113722
0.00011366
0.000113597
0.000113535
0.000113473
0.000113411
0.000113348
0.000113286
0.000113224
0.000113162
0.000113101
0.000113039
0.000112977
0.000112915
0.000112854
0.000112792
0.000112731
0.000112669
0.000112608
0.000112546
0.000112485
0.000112424
0.000112363
0.000112302
0.000112241
0.00011218
0.000112119
0.000112058
0.000111997
0.000111936
0.000111876
0.000111815
0.000111755
0.000111694
0.000111634
0.000111573
0.000111513
0.000111453
0.000111392
0.000111332
0.000111272
0.000111212
0.000111152
0.000111092
0.000111032
0.000110973
0.000110913
0.000110853
0.000110794
0.000110734
0.000110674
0.000110615
0.000110556
0.000110496
0.000110437
0.000110378
0.000110319
0.00011026
0.0001102
0.000110141
0.000110083
0.000110024
0.000109965
0.000109906
0.000109847
0.000109789
0.00010973
0.000109672
0.000109613
0.000109555
0.000109496
0.000109438
0.00010938
0.000109322
0.000109264
0.000109205
0.000109147
0.000109089
0.000109032
0.000108974
0.000108916
0.000108858
0.000108801
0.000108743
0.000108685
0.000108628
0.00010857
0.000108513
0.000108456
0.000108398
0.000108341
0.000108284
0.000108227
0.00010817
0.000108113
0.000108056
0.000107999
0.000107942
0.000107885
0.000107828
0.000107772
0.000107715
0.000107659
0.000107602
0.000107546
0.000107489
0.000107433
0.000107377
0.00010732
0.000107264
0.000107208
0.000107152
0.000107096
0.00010704
0.000106984
0.000106928
0.000106872
0.000106817
0.000106761
0.000106705
0.00010665
0.000106594
0.000106539
0.000106483
0.000106428
0.000106373
0.000106317
0.000106262
0.000106207
0.000106152
0.000106097
0.000106042
0.000105987
0.000105932
0.000105877
0.000105823
0.000105768
0.000105713
0.000105659
0.000105604
0.000105549
0.000105495
0.000105441
0.000105386
0.000105332
0.000105278
0.000105224
0.000105169
0.000105115
0.000105061
0.000105007
0.000104953
0.000104899
0.000104846
0.000104792
0.000104738
0.000104685
0.000104631
0.000104577
0.000104524
0.00010447
0.000104417
0.000104364
0.00010431
0.000104257
0.000104204
0.000104151
0.000104098
0.000104045
0.000103992
0.000103939
0.000103886
0.000103833
0.00010378
0.000103727
0.000103675
0.000103622
0.00010357
0.000103517
0.000103465
0.000103412
0.00010336
0.000103307
0.000103255
0.000103203
0.000103151
0.000103099
0.000103047
0.000102995
0.000102943
0.000102891
0.000102839
0.000102787
0.000102735
0.000102684
0.000102632
0.00010258
0.000102529
0.000102477
0.000102426
0.000102374
0.000102323
0.000102272
0.00010222
0.000102169
0.000102118
0.000102067
0.000102016
0.000101965
0.000101914
0.000101863
0.000101812
0.000101761
0.000101711
0.00010166
0.000101609
0.000101559
0.000101508
0.000101458
0.000101407
0.000101357
0.000101306
0.000101256
0.000101206
0.000101155
0.000101105
0.000101055
0.000101005
0.000100955
0.000100905
0.000100855
0.000100805
0.000100755
0.000100706
0.000100656
0.000100606
0.000100557
0.000100507
0.000100458
0.000100408
0.000100359
0.000100309
0.00010026
0.000100211
0.000100161
0.000100112
0.000100063
0.000100014
9.99648e-05
9.99158e-05
9.98668e-05
9.98179e-05
9.97691e-05
9.97202e-05
9.96715e-05
9.96228e-05
9.95741e-05
9.95255e-05
9.94769e-05
9.94283e-05
9.93799e-05
9.93314e-05
9.9283e-05
9.92347e-05
9.91864e-05
9.91381e-05
9.90899e-05
9.90418e-05
9.89937e-05
9.89456e-05
9.88976e-05
9.88496e-05
9.88017e-05
9.87539e-05
9.8706e-05
9.86582e-05
9.86105e-05
9.85628e-05
9.85152e-05
9.84676e-05
9.84201e-05
9.83726e-05
9.83251e-05
9.82777e-05
9.82303e-05
9.8183e-05
9.81357e-05
9.80885e-05
9.80413e-05
9.79942e-05
9.79471e-05
9.79001e-05
9.78531e-05
9.78062e-05
9.77593e-05
9.77124e-05
9.76656e-05
9.76188e-05
9.75721e-05
9.75254e-05
9.74788e-05
9.74322e-05
9.73857e-05
9.73392e-05
9.72928e-05
9.72464e-05
9.72e-05
9.71537e-05
9.71074e-05
9.70612e-05
9.7015e-05
9.69689e-05
9.69228e-05
9.68768e-05
9.68308e-05
9.67849e-05
9.6739e-05
9.66931e-05
9.66473e-05
9.66015e-05
9.65558e-05
9.65101e-05
9.64645e-05
9.64189e-05
9.63733e-05
9.63278e-05
9.62824e-05
9.6237e-05
9.61916e-05
9.61463e-05
9.6101e-05
9.60558e-05
9.60106e-05
9.59654e-05
9.59203e-05
9.58753e-05
9.58302e-05
9.57853e-05
9.57403e-05
9.56955e-05
9.56506e-05
9.56058e-05
9.55611e-05
9.55164e-05
9.54717e-05
9.54271e-05
9.53825e-05
9.5338e-05
9.52935e-05
9.5249e-05
9.52046e-05
9.51603e-05
9.5116e-05
9.50717e-05
9.50275e-05
9.49833e-05
9.49391e-05
9.4895e-05
9.4851e-05
9.4807e-05
9.4763e-05
9.47191e-05
9.46752e-05
9.46313e-05
9.45875e-05
9.45438e-05
9.45001e-05
9.44564e-05
9.44128e-05
9.43692e-05
9.43256e-05
9.42821e-05
9.42387e-05
9.41953e-05
9.41519e-05
9.41085e-05
9.40653e-05
9.4022e-05
9.39788e-05
9.39356e-05
9.38925e-05
9.38495e-05
9.38064e-05
9.37634e-05
9.37205e-05
9.36776e-05
9.36347e-05
9.35919e-05
9.35491e-05
9.35063e-05
9.34636e-05
9.3421e-05
9.33784e-05
9.33358e-05
9.32933e-05
9.32508e-05
9.32083e-05
9.31659e-05
9.31235e-05
9.30812e-05
9.30389e-05
9.29967e-05
9.29545e-05
9.29123e-05
9.28702e-05
9.28281e-05
9.27861e-05
9.27441e-05
9.27021e-05
9.26602e-05
9.26183e-05
9.25765e-05
9.25347e-05
9.2493e-05
9.24513e-05
9.24096e-05
9.2368e-05
9.23264e-05
9.22848e-05
9.22433e-05
9.22019e-05
9.21604e-05
9.2119e-05
9.20777e-05
9.20364e-05
9.19951e-05
9.19539e-05
9.19127e-05
9.18716e-05
9.18305e-05
9.17894e-05
9.17484e-05
9.17074e-05
9.16665e-05
9.16256e-05
9.15847e-05
9.15439e-05
9.15031e-05
9.14624e-05
9.14217e-05
9.1381e-05
9.13404e-05
9.12998e-05
9.12593e-05
9.12188e-05
9.11783e-05
9.11379e-05
9.10975e-05
9.10571e-05
9.10168e-05
9.09766e-05
9.09363e-05
9.08961e-05
9.0856e-05
9.08159e-05
9.07758e-05
9.07358e-05
9.06958e-05
9.06558e-05
9.06159e-05
9.05761e-05
9.05362e-05
9.04964e-05
9.04567e-05
9.04169e-05
9.03773e-05
9.03376e-05
9.0298e-05
9.02585e-05
9.02189e-05
9.01794e-05
9.014e-05
9.01006e-05
9.00612e-05
9.00219e-05
8.99826e-05
8.99433e-05
8.99041e-05
8.98649e-05
8.98258e-05
8.97867e-05
8.97476e-05
8.97086e-05
8.96696e-05
8.96307e-05
8.95918e-05
8.95529e-05
8.95141e-05
8.94753e-05
8.94365e-05
8.93978e-05
8.93591e-05
8.93204e-05
8.92818e-05
8.92433e-05
8.92047e-05
8.91662e-05
8.91278e-05
8.90894e-05
8.9051e-05
8.90126e-05
8.89743e-05
8.89361e-05
8.88978e-05
8.88596e-05
8.88215e-05
8.87834e-05
8.87453e-05
8.87072e-05
8.86692e-05
8.86313e-05
8.85933e-05
8.85554e-05
8.85176e-05
8.84797e-05
8.8442e-05
8.84042e-05
8.83665e-05
8.83288e-05
8.82912e-05
8.82536e-05
8.8216e-05
8.81785e-05
8.8141e-05
8.81035e-05
8.80661e-05
8.80287e-05
8.79914e-05
8.79541e-05
8.79168e-05
8.78796e-05
8.78424e-05
8.78052e-05
8.77681e-05
8.7731e-05
8.7694e-05
8.76569e-05
8.762e-05
8.7583e-05
8.75461e-05
8.75092e-05
8.74724e-05
8.74356e-05
8.73988e-05
8.73621e-05
8.73254e-05
8.72888e-05
8.72521e-05
8.72156e-05
8.7179e-05
8.71425e-05
8.7106e-05
8.70696e-05
8.70332e-05
8.69968e-05
8.69605e-05
8.69242e-05
8.68879e-05
8.68517e-05
8.68155e-05
8.67793e-05
8.67432e-05
8.67071e-05
8.66711e-05
8.66351e-05
8.65991e-05
8.65631e-05
8.65272e-05
8.64913e-05
8.64555e-05
8.64197e-05
8.63839e-05
8.63482e-05
8.63125e-05
8.62768e-05
8.62412e-05
8.62056e-05
8.617e-05
8.61345e-05
8.6099e-05
8.60636e-05
8.60282e-05
8.59928e-05
8.59574e-05
8.59221e-05
8.58868e-05
8.58516e-05
8.58164e-05
8.57812e-05
8.5746e-05
8.57109e-05
8.56758e-05
8.56408e-05
8.56058e-05
8.55708e-05
8.55359e-05
8.5501e-05
8.54661e-05
8.54313e-05
8.53965e-05
8.53617e-05
8.5327e-05
8.52923e-05
8.52576e-05
8.5223e-05
8.51884e-05
8.51538e-05
8.51193e-05
8.50848e-05
8.50503e-05
8.50159e-05
8.49815e-05
8.49471e-05
8.49128e-05
8.48785e-05
8.48442e-05
8.481e-05
8.47758e-05
8.47417e-05
8.47075e-05
8.46734e-05
8.46394e-05
8.46053e-05
8.45714e-05
8.45374e-05
8.45035e-05
8.44696e-05
8.44357e-05
8.44019e-05
8.43681e-05
8.43343e-05
8.43006e-05
8.42669e-05
8.42332e-05
8.41996e-05
8.4166e-05
8.41324e-05
8.40989e-05
8.40654e-05
8.4032e-05
8.39985e-05
8.39651e-05
8.39318e-05
8.38984e-05
8.38651e-05
8.38319e-05
8.37986e-05
8.37654e-05
8.37322e-05
8.36991e-05
8.3666e-05
8.36329e-05
8.35999e-05
8.35669e-05
8.35339e-05
8.35009e-05
8.3468e-05
8.34352e-05
8.34023e-05
8.33695e-05
8.33367e-05
8.3304e-05
8.32712e-05
8.32385e-05
8.32059e-05
8.31733e-05
8.31407e-05
8.31081e-05
8.30756e-05
8.30431e-05
8.30106e-05
8.29782e-05
8.29458e-05
8.29134e-05
8.28811e-05
8.28488e-05
8.28165e-05
8.27843e-05
8.27521e-05
8.27199e-05
8.26877e-05
8.26556e-05
8.26235e-05
8.25915e-05
8.25595e-05
8.25275e-05
8.24955e-05
8.24636e-05
8.24317e-05
8.23998e-05
8.2368e-05
8.23362e-05
8.23044e-05
8.22727e-05
8.2241e-05
8.22093e-05
8.21776e-05
8.2146e-05
8.21144e-05
8.20829e-05
8.20513e-05
8.20199e-05
8.19884e-05
8.1957e-05
8.19256e-05
8.18942e-05
8.18629e-05
8.18315e-05
8.18003e-05
8.1769e-05
8.17378e-05
8.17066e-05
8.16755e-05
8.16443e-05
8.16132e-05
8.15822e-05
8.15511e-05
8.15201e-05
8.14892e-05
8.14582e-05
8.14273e-05
8.13964e-05
8.13656e-05
8.13348e-05
8.1304e-05
8.12732e-05
8.12425e-05
8.12118e-05
8.11811e-05
8.11505e-05
8.11199e-05
8.10893e-05
8.10587e-05
8.10282e-05
8.09977e-05
8.09673e-05
8.09368e-05
8.09064e-05
8.08761e-05
8.08457e-05
8.08154e-05
8.07851e-05
8.07549e-05
8.07246e-05
8.06944e-05
8.06643e-05
8.06341e-05
8.0604e-05
8.0574e-05
8.05439e-05
8.05139e-05
8.04839e-05
8.0454e-05
8.0424e-05
8.03941e-05
8.03643e-05
8.03344e-05
8.03046e-05
8.02748e-05
8.02451e-05
8.02154e-05
8.01857e-05
8.0156e-05
8.01264e-05
8.00968e-05
8.00672e-05
8.00376e-05
8.00081e-05
7.99786e-05
7.99492e-05
7.99197e-05
7.98903e-05
7.98609e-05
7.98316e-05
7.98023e-05
7.9773e-05
7.97437e-05
7.97145e-05
7.96853e-05
7.96561e-05
7.9627e-05
7.95979e-05
7.95688e-05
7.95397e-05
7.95107e-05
7.94817e-05
7.94527e-05
7.94237e-05
7.93948e-05
7.93659e-05
7.93371e-05
7.93082e-05
7.92794e-05
7.92507e-05
7.92219e-05
7.91932e-05
7.91645e-05
7.91358e-05
7.91072e-05
7.90786e-05
7.905e-05
7.90215e-05
7.89929e-05
7.89644e-05
7.8936e-05
7.89075e-05
7.88791e-05
7.88507e-05
7.88224e-05
7.8794e-05
7.87657e-05
7.87375e-05
7.87092e-05
7.8681e-05
7.86528e-05
7.86246e-05
7.85965e-05
7.85684e-05
7.85403e-05
7.85123e-05
7.84842e-05
7.84562e-05
7.84283e-05
7.84003e-05
7.83724e-05
7.83445e-05
7.83167e-05
7.82888e-05
7.8261e-05
7.82333e-05
7.82055e-05
7.81778e-05
7.81501e-05
7.81224e-05
7.80948e-05
7.80671e-05
7.80396e-05
7.8012e-05
7.79845e-05
7.7957e-05
7.79295e-05
7.7902e-05
7.78746e-05
7.78472e-05
7.78198e-05
7.77925e-05
7.77652e-05
7.77379e-05
7.77106e-05
7.76834e-05
7.76561e-05
7.7629e-05
7.76018e-05
7.75747e-05
7.75476e-05
7.75205e-05
7.74934e-05
7.74664e-05
7.74394e-05
7.74124e-05
7.73855e-05
7.73586e-05
7.73317e-05
7.73048e-05
7.7278e-05
7.72511e-05
7.72244e-05
7.71976e-05
7.71709e-05
7.71441e-05
7.71175e-05
7.70908e-05
7.70642e-05
7.70376e-05
7.7011e-05
7.69844e-05
7.69579e-05
7.69314e-05
7.69049e-05
7.68785e-05
7.68521e-05
7.68257e-05
7.67993e-05
7.67729e-05
7.67466e-05
7.67203e-05
7.66941e-05
7.66678e-05
7.66416e-05
7.66154e-05
7.65892e-05
7.65631e-05
7.6537e-05
7.65109e-05
7.64848e-05
7.64588e-05
7.64328e-05
7.64068e-05
7.63808e-05
7.63549e-05
7.6329e-05
7.63031e-05
7.62772e-05
7.62514e-05
7.62256e-05
7.61998e-05
7.61741e-05
7.61483e-05
7.61226e-05
7.60969e-05
7.60713e-05
7.60456e-05
7.602e-05
7.59945e-05
7.59689e-05
7.59434e-05
7.59179e-05
7.58924e-05
7.58669e-05
7.58415e-05
7.58161e-05
7.57907e-05
7.57653e-05
7.574e-05
7.57147e-05
7.56894e-05
7.56642e-05
7.56389e-05
7.56137e-05
7.55885e-05
7.55634e-05
7.55382e-05
7.55131e-05
7.54881e-05
7.5463e-05
7.5438e-05
7.54129e-05
7.5388e-05
7.5363e-05
7.53381e-05
7.53131e-05
7.52883e-05
7.52634e-05
7.52386e-05
7.52137e-05
7.5189e-05
7.51642e-05
7.51394e-05
7.51147e-05
7.509e-05
7.50654e-05
7.50407e-05
7.50161e-05
7.49915e-05
7.49669e-05
7.49424e-05
7.49178e-05
7.48933e-05
7.48689e-05
7.48444e-05
7.482e-05
7.47956e-05
7.47712e-05
7.47468e-05
7.47225e-05
7.46982e-05
7.46739e-05
7.46497e-05
7.46254e-05
7.46012e-05
7.4577e-05
7.45528e-05
7.45287e-05
7.45046e-05
7.44805e-05
7.44564e-05
7.44324e-05
7.44083e-05
7.43843e-05
7.43604e-05
7.43364e-05
7.43125e-05
7.42886e-05
7.42647e-05
7.42408e-05
7.4217e-05
7.41932e-05
7.41694e-05
7.41456e-05
7.41219e-05
7.40982e-05
7.40745e-05
7.40508e-05
7.40271e-05
7.40035e-05
7.39799e-05
7.39563e-05
7.39328e-05
7.39092e-05
7.38857e-05
7.38622e-05
7.38388e-05
7.38153e-05
7.37919e-05
7.37685e-05
7.37451e-05
7.37218e-05
7.36985e-05
7.36752e-05
7.36519e-05
7.36286e-05
7.36054e-05
7.35822e-05
7.3559e-05
7.35358e-05
7.35127e-05
7.34895e-05
7.34664e-05
7.34434e-05
7.34203e-05
7.33973e-05
7.33743e-05
7.33513e-05
7.33283e-05
7.33054e-05
7.32825e-05
7.32596e-05
7.32367e-05
7.32138e-05
7.3191e-05
7.31682e-05
7.31454e-05
7.31227e-05
7.30999e-05
7.30772e-05
7.30545e-05
7.30318e-05
7.30092e-05
7.29865e-05
7.29639e-05
7.29414e-05
7.29188e-05
7.28963e-05
7.28737e-05
7.28512e-05
7.28288e-05
7.28063e-05
7.27839e-05
7.27615e-05
7.27391e-05
7.27167e-05
7.26944e-05
7.26721e-05
7.26498e-05
7.26275e-05
7.26052e-05
7.2583e-05
7.25608e-05
7.25386e-05
7.25164e-05
7.24943e-05
7.24722e-05
7.24501e-05
7.2428e-05
7.24059e-05
7.23839e-05
7.23619e-05
7.23399e-05
7.23179e-05
7.2296e-05
7.2274e-05
7.22521e-05
7.22303e-05
7.22084e-05
7.21865e-05
7.21647e-05
7.21429e-05
7.21211e-05
7.20994e-05
7.20777e-05
7.20559e-05
7.20342e-05
7.20126e-05
7.19909e-05
7.19693e-05
7.19477e-05
7.19261e-05
7.19045e-05
7.1883e-05
7.18615e-05
7.184e-05
7.18185e-05
7.1797e-05
7.17756e-05
7.17542e-05
7.17328e-05
7.17114e-05
7.169e-05
7.16687e-05
7.16474e-05
7.16261e-05
7.16048e-05
7.15836e-05
7.15624e-05
7.15411e-05
7.152e-05
7.14988e-05
7.14776e-05
7.14565e-05
7.14354e-05
7.14143e-05
7.13933e-05
7.13722e-05
7.13512e-05
7.13302e-05
7.13092e-05
7.12883e-05
7.12673e-05
7.12464e-05
7.12255e-05
7.12046e-05
7.11838e-05
7.11629e-05
7.11421e-05
7.11213e-05
7.11005e-05
7.10798e-05
7.10591e-05
7.10383e-05
7.10176e-05
7.0997e-05
7.09763e-05
7.09557e-05
7.09351e-05
7.09145e-05
7.08939e-05
7.08734e-05
7.08528e-05
7.08323e-05
7.08118e-05
7.07913e-05
7.07709e-05
7.07505e-05
7.073e-05
7.07097e-05
7.06893e-05
7.06689e-05
7.06486e-05
7.06283e-05
7.0608e-05
7.05877e-05
7.05675e-05
7.05472e-05
7.0527e-05
7.05068e-05
7.04867e-05
7.04665e-05
7.04464e-05
7.04263e-05
7.04062e-05
7.03861e-05
7.0366e-05
7.0346e-05
7.0326e-05
7.0306e-05
7.0286e-05
7.02661e-05
7.02461e-05
7.02262e-05
7.02063e-05
7.01864e-05
7.01666e-05
7.01468e-05
7.01269e-05
7.01071e-05
7.00874e-05
7.00676e-05
7.00479e-05
7.00281e-05
7.00084e-05
6.99887e-05
6.99691e-05
6.99494e-05
6.99298e-05
6.99102e-05
6.98906e-05
6.9871e-05
6.98515e-05
6.9832e-05
6.98125e-05
6.9793e-05
6.97735e-05
6.9754e-05
6.97346e-05
6.97152e-05
6.96958e-05
6.96764e-05
6.96571e-05
6.96377e-05
6.96184e-05
6.95991e-05
6.95798e-05
6.95606e-05
6.95413e-05
6.95221e-05
6.95029e-05
6.94837e-05
6.94645e-05
6.94454e-05
6.94263e-05
6.94072e-05
6.93881e-05
6.9369e-05
6.93499e-05
6.93309e-05
6.93119e-05
6.92929e-05
6.92739e-05
6.92549e-05
6.9236e-05
6.92171e-05
6.91982e-05
6.91793e-05
6.91604e-05
6.91416e-05
6.91227e-05
6.91039e-05
6.90851e-05
6.90663e-05
6.90476e-05
6.90288e-05
6.90101e-05
6.89914e-05
6.89727e-05
6.89541e-05
6.89354e-05
6.89168e-05
6.88982e-05
6.88796e-05
6.8861e-05
6.88425e-05
6.88239e-05
6.88054e-05
6.87869e-05
6.87684e-05
6.87499e-05
6.87315e-05
6.87131e-05
6.86947e-05
6.86763e-05
6.86579e-05
6.86395e-05
6.86212e-05
6.86029e-05
6.85846e-05
6.85663e-05
6.8548e-05
6.85298e-05
6.85115e-05
6.84933e-05
6.84751e-05
6.84569e-05
6.84388e-05
6.84206e-05
6.84025e-05
6.83844e-05
6.83663e-05
6.83483e-05
6.83302e-05
6.83122e-05
6.82942e-05
6.82762e-05
6.82582e-05
6.82402e-05
6.82223e-05
6.82043e-05
6.81864e-05
6.81685e-05
6.81506e-05
6.81328e-05
6.81149e-05
6.80971e-05
6.80793e-05
6.80615e-05
6.80438e-05
6.8026e-05
6.80083e-05
6.79905e-05
6.79728e-05
6.79552e-05
6.79375e-05
6.79198e-05
6.79022e-05
6.78846e-05
6.7867e-05
6.78494e-05
6.78319e-05
6.78143e-05
6.77968e-05
6.77793e-05
6.77618e-05
6.77443e-05
6.77268e-05
6.77094e-05
6.7692e-05
6.76746e-05
6.76572e-05
6.76398e-05
6.76224e-05
6.76051e-05
6.75878e-05
6.75705e-05
6.75532e-05
6.75359e-05
6.75187e-05
6.75014e-05
6.74842e-05
6.7467e-05
6.74498e-05
6.74326e-05
6.74155e-05
6.73983e-05
6.73812e-05
6.73641e-05
6.7347e-05
6.733e-05
6.73129e-05
6.72959e-05
6.72789e-05
6.72619e-05
6.72449e-05
6.72279e-05
6.7211e-05
6.7194e-05
6.71771e-05
6.71602e-05
6.71433e-05
6.71264e-05
6.71096e-05
6.70928e-05
6.70759e-05
6.70591e-05
6.70423e-05
6.70256e-05
6.70088e-05
6.69921e-05
6.69754e-05
6.69587e-05
6.6942e-05
6.69253e-05
6.69086e-05
6.6892e-05
6.68754e-05
6.68588e-05
6.68422e-05
6.68256e-05
6.68091e-05
6.67925e-05
6.6776e-05
6.67595e-05
6.6743e-05
6.67265e-05
6.671e-05
6.66936e-05
6.66772e-05
6.66608e-05
6.66444e-05
6.6628e-05
6.66116e-05
6.65953e-05
6.6579e-05
6.65626e-05
6.65463e-05
6.65301e-05
6.65138e-05
6.64975e-05
6.64813e-05
6.64651e-05
6.64489e-05
6.64327e-05
6.64165e-05
6.64004e-05
6.63842e-05
6.63681e-05
6.6352e-05
6.63359e-05
6.63198e-05
6.63038e-05
6.62877e-05
6.62717e-05
6.62557e-05
6.62397e-05
6.62237e-05
6.62077e-05
6.61918e-05
6.61759e-05
6.61599e-05
6.6144e-05
6.61281e-05
6.61123e-05
6.60964e-05
6.60806e-05
6.60647e-05
6.60489e-05
6.60331e-05
6.60174e-05
6.60016e-05
6.59859e-05
6.59701e-05
6.59544e-05
6.59387e-05
6.5923e-05
6.59073e-05
6.58917e-05
6.58761e-05
6.58604e-05
6.58448e-05
6.58292e-05
6.58136e-05
6.57981e-05
6.57825e-05
6.5767e-05
6.57515e-05
6.5736e-05
6.57205e-05
6.5705e-05
6.56896e-05
6.56741e-05
6.56587e-05
6.56433e-05
6.56279e-05
6.56125e-05
6.55972e-05
6.55818e-05
6.55665e-05
6.55511e-05
6.55358e-05
6.55206e-05
6.55053e-05
6.549e-05
6.54748e-05
6.54595e-05
6.54443e-05
6.54291e-05
6.54139e-05
6.53988e-05
6.53836e-05
6.53685e-05
6.53534e-05
6.53382e-05
6.53231e-05
6.53081e-05
6.5293e-05
6.52779e-05
6.52629e-05
6.52479e-05
6.52329e-05
6.52179e-05
6.52029e-05
6.51879e-05
6.5173e-05
6.51581e-05
6.51431e-05
6.51282e-05
6.51134e-05
6.50985e-05
6.50836e-05
6.50688e-05
6.50539e-05
6.50391e-05
6.50243e-05
6.50095e-05
6.49948e-05
6.498e-05
6.49653e-05
6.49505e-05
6.49358e-05
6.49211e-05
6.49064e-05
6.48918e-05
6.48771e-05
6.48625e-05
6.48478e-05
6.48332e-05
6.48186e-05
6.4804e-05
6.47895e-05
6.47749e-05
6.47604e-05
6.47458e-05
6.47313e-05
6.47168e-05
6.47023e-05
6.46879e-05
6.46734e-05
6.4659e-05
6.46445e-05
6.46301e-05
6.46157e-05
6.46013e-05
6.4587e-05
6.45726e-05
6.45583e-05
6.45439e-05
6.45296e-05
6.45153e-05
6.4501e-05
6.44868e-05
6.44725e-05
6.44583e-05
6.4444e-05
6.44298e-05
6.44156e-05
6.44014e-05
6.43872e-05
6.43731e-05
6.43589e-05
6.43448e-05
6.43307e-05
6.43166e-05
6.43025e-05
6.42884e-05
6.42743e-05
6.42603e-05
6.42463e-05
6.42322e-05
6.42182e-05
6.42042e-05
6.41903e-05
6.41763e-05
6.41623e-05
6.41484e-05
6.41345e-05
6.41206e-05
6.41067e-05
6.40928e-05
6.40789e-05
6.4065e-05
6.40512e-05
6.40374e-05
6.40235e-05
6.40097e-05
6.39959e-05
6.39822e-05
6.39684e-05
6.39547e-05
6.39409e-05
6.39272e-05
6.39135e-05
6.38998e-05
6.38861e-05
6.38724e-05
6.38588e-05
6.38452e-05
6.38315e-05
6.38179e-05
6.38043e-05
6.37907e-05
6.37771e-05
6.37636e-05
6.375e-05
6.37365e-05
6.3723e-05
6.37095e-05
6.3696e-05
6.36825e-05
6.3669e-05
6.36556e-05
6.36421e-05
6.36287e-05
6.36153e-05
6.36019e-05
6.35885e-05
6.35751e-05
6.35618e-05
6.35484e-05
6.35351e-05
6.35217e-05
6.35084e-05
6.34951e-05
6.34819e-05
6.34686e-05
6.34553e-05
6.34421e-05
6.34288e-05
6.34156e-05
6.34024e-05
6.33892e-05
6.3376e-05
6.33629e-05
6.33497e-05
6.33366e-05
6.33235e-05
6.33103e-05
6.32972e-05
6.32841e-05
6.32711e-05
6.3258e-05
6.3245e-05
6.32319e-05
6.32189e-05
6.32059e-05
6.31929e-05
6.31799e-05
6.31669e-05
6.3154e-05
6.3141e-05
6.31281e-05
6.31151e-05
6.31022e-05
6.30893e-05
6.30765e-05
6.30636e-05
6.30507e-05
6.30379e-05
6.3025e-05
6.30122e-05
6.29994e-05
6.29866e-05
6.29738e-05
6.29611e-05
6.29483e-05
6.29355e-05
6.29228e-05
6.29101e-05
6.28974e-05
6.28847e-05
6.2872e-05
6.28593e-05
6.28467e-05
6.2834e-05
6.28214e-05
6.28088e-05
6.27962e-05
6.27836e-05
6.2771e-05
6.27584e-05
6.27458e-05
6.27333e-05
6.27208e-05
6.27082e-05
6.26957e-05
6.26832e-05
6.26707e-05
6.26583e-05
6.26458e-05
6.26334e-05
6.26209e-05
6.26085e-05
6.25961e-05
6.25837e-05
6.25713e-05
6.25589e-05
6.25466e-05
6.25342e-05
6.25219e-05
6.25095e-05
6.24972e-05
6.24849e-05
6.24726e-05
6.24604e-05
6.24481e-05
6.24358e-05
6.24236e-05
6.24114e-05
6.23991e-05
6.23869e-05
6.23747e-05
6.23626e-05
6.23504e-05
6.23382e-05
6.23261e-05
6.23139e-05
6.23018e-05
6.22897e-05
6.22776e-05
6.22655e-05
6.22534e-05
6.22414e-05
6.22293e-05
6.22173e-05
6.22053e-05
6.21932e-05
6.21812e-05
6.21693e-05
6.21573e-05
6.21453e-05
6.21333e-05
6.21214e-05
6.21095e-05
6.20975e-05
6.20856e-05
6.20737e-05
6.20618e-05
6.205e-05
6.20381e-05
6.20263e-05
6.20144e-05
6.20026e-05
6.19908e-05
6.1979e-05
6.19672e-05
6.19554e-05
6.19436e-05
6.19319e-05
6.19201e-05
6.19084e-05
6.18967e-05
6.18849e-05
6.18732e-05
6.18616e-05
6.18499e-05
6.18382e-05
6.18266e-05
6.18149e-05
6.18033e-05
6.17917e-05
6.178e-05
6.17685e-05
6.17569e-05
6.17453e-05
6.17337e-05
6.17222e-05
6.17106e-05
6.16991e-05
6.16876e-05
6.16761e-05
6.16646e-05
6.16531e-05
6.16416e-05
6.16302e-05
6.16187e-05
6.16073e-05
6.15958e-05
6.15844e-05
6.1573e-05
6.15616e-05
6.15502e-05
6.15389e-05
6.15275e-05
6.15162e-05
6.15048e-05
6.14935e-05
6.14822e-05
6.14709e-05
6.14596e-05
6.14483e-05
6.1437e-05
6.14258e-05
6.14145e-05
6.14033e-05
6.13921e-05
6.13808e-05
6.13696e-05
6.13584e-05
6.13473e-05
6.13361e-05
6.13249e-05
6.13138e-05
6.13026e-05
6.12915e-05
6.12804e-05
6.12693e-05
6.12582e-05
6.12471e-05
6.1236e-05
6.1225e-05
6.12139e-05
6.12029e-05
6.11918e-05
6.11808e-05
6.11698e-05
6.11588e-05
6.11478e-05
6.11368e-05
6.11259e-05
6.11149e-05
6.1104e-05
6.10931e-05
6.10821e-05
6.10712e-05
6.10603e-05
6.10494e-05
6.10385e-05
6.10277e-05
6.10168e-05
6.1006e-05
6.09951e-05
6.09843e-05
6.09735e-05
6.09627e-05
6.09519e-05
6.09411e-05
6.09303e-05
6.09196e-05
6.09088e-05
6.08981e-05
6.08874e-05
6.08766e-05
6.08659e-05
6.08552e-05
6.08445e-05
6.08339e-05
6.08232e-05
6.08125e-05
6.08019e-05
6.07913e-05
6.07806e-05
6.077e-05
6.07594e-05
6.07488e-05
6.07382e-05
6.07277e-05
6.07171e-05
6.07065e-05
6.0696e-05
6.06855e-05
6.06749e-05
6.06644e-05
6.06539e-05
6.06434e-05
6.0633e-05
6.06225e-05
6.0612e-05
6.06016e-05
6.05911e-05
6.05807e-05
6.05703e-05
6.05599e-05
6.05495e-05
6.05391e-05
6.05287e-05
6.05184e-05
6.0508e-05
6.04977e-05
6.04873e-05
6.0477e-05
6.04667e-05
6.04564e-05
6.04461e-05
6.04358e-05
6.04255e-05
6.04152e-05
6.0405e-05
6.03947e-05
6.03845e-05
6.03743e-05
6.03641e-05
6.03539e-05
6.03437e-05
6.03335e-05
6.03233e-05
6.03131e-05
6.0303e-05
6.02928e-05
6.02827e-05
6.02726e-05
6.02625e-05
6.02524e-05
6.02423e-05
6.02322e-05
6.02221e-05
6.0212e-05
6.0202e-05
6.01919e-05
6.01819e-05
6.01719e-05
6.01619e-05
6.01519e-05
6.01419e-05
6.01319e-05
6.01219e-05
6.01119e-05
6.0102e-05
6.0092e-05
6.00821e-05
6.00722e-05
6.00622e-05
6.00523e-05
6.00424e-05
6.00325e-05
6.00227e-05
6.00128e-05
6.00029e-05
5.99931e-05
5.99832e-05
5.99734e-05
5.99636e-05
5.99538e-05
5.9944e-05
5.99342e-05
5.99244e-05
5.99146e-05
5.99049e-05
5.98951e-05
5.98854e-05
5.98756e-05
5.98659e-05
5.98562e-05
5.98465e-05
5.98368e-05
5.98271e-05
5.98174e-05
5.98078e-05
5.97981e-05
5.97885e-05
5.97788e-05
5.97692e-05
5.97596e-05
5.975e-05
5.97404e-05
5.97308e-05
5.97212e-05
5.97116e-05
5.97021e-05
5.96925e-05
5.9683e-05
5.96734e-05
5.96639e-05
5.96544e-05
5.96449e-05
5.96354e-05
5.96259e-05
5.96164e-05
5.96069e-05
5.95975e-05
5.9588e-05
5.95786e-05
5.95691e-05
5.95597e-05
5.95503e-05
5.95409e-05
5.95315e-05
5.95221e-05
5.95127e-05
5.95034e-05
5.9494e-05
5.94847e-05
5.94753e-05
5.9466e-05
5.94567e-05
5.94474e-05
5.94381e-05
5.94288e-05
5.94195e-05
5.94102e-05
5.94009e-05
5.93917e-05
5.93824e-05
5.93732e-05
5.9364e-05
5.93547e-05
5.93455e-05
5.93363e-05
5.93271e-05
5.93179e-05
5.93088e-05
5.92996e-05
5.92904e-05
5.92813e-05
5.92722e-05
5.9263e-05
5.92539e-05
5.92448e-05
5.92357e-05
5.92266e-05
5.92175e-05
5.92084e-05
5.91994e-05
5.91903e-05
5.91812e-05
5.91722e-05
5.91632e-05
5.91542e-05
5.91451e-05
5.91361e-05
5.91271e-05
5.91181e-05
5.91092e-05
5.91002e-05
5.90912e-05
5.90823e-05
5.90733e-05
5.90644e-05
5.90555e-05
5.90466e-05
5.90376e-05
5.90287e-05
5.90199e-05
5.9011e-05
5.90021e-05
5.89932e-05
5.89844e-05
5.89755e-05
5.89667e-05
5.89579e-05
5.8949e-05
5.89402e-05
5.89314e-05
5.89226e-05
5.89138e-05
5.89051e-05
5.88963e-05
5.88875e-05
5.88788e-05
5.887e-05
5.88613e-05
5.88526e-05
5.88438e-05
5.88351e-05
5.88264e-05
5.88177e-05
5.88091e-05
5.88004e-05
5.87917e-05
5.87831e-05
5.87744e-05
5.87658e-05
5.87571e-05
5.87485e-05
5.87399e-05
5.87313e-05
5.87227e-05
5.87141e-05
5.87055e-05
5.86969e-05
5.86884e-05
5.86798e-05
5.86713e-05
5.86627e-05
5.86542e-05
5.86457e-05
5.86372e-05
5.86287e-05
5.86202e-05
5.86117e-05
5.86032e-05
5.85947e-05
5.85863e-05
5.85778e-05
5.85694e-05
5.85609e-05
5.85525e-05
5.85441e-05
5.85356e-05
5.85272e-05
5.85188e-05
5.85104e-05
5.85021e-05
5.84937e-05
5.84853e-05
5.8477e-05
5.84686e-05
5.84603e-05
5.8452e-05
5.84436e-05
5.84353e-05
5.8427e-05
5.84187e-05
5.84104e-05
5.84021e-05
5.83939e-05
5.83856e-05
5.83773e-05
5.83691e-05
5.83608e-05
5.83526e-05
5.83444e-05
5.83362e-05
5.83279e-05
5.83197e-05
5.83116e-05
5.83034e-05
5.82952e-05
5.8287e-05
5.82789e-05
5.82707e-05
5.82626e-05
5.82544e-05
5.82463e-05
5.82382e-05
5.82301e-05
5.82219e-05
5.82139e-05
5.82058e-05
5.81977e-05
5.81896e-05
5.81815e-05
5.81735e-05
5.81654e-05
5.81574e-05
5.81494e-05
5.81413e-05
5.81333e-05
5.81253e-05
5.81173e-05
5.81093e-05
5.81013e-05
5.80933e-05
5.80854e-05
5.80774e-05
5.80694e-05
5.80615e-05
5.80536e-05
5.80456e-05
5.80377e-05
5.80298e-05
5.80219e-05
5.8014e-05
5.80061e-05
5.79982e-05
5.79903e-05
5.79825e-05
5.79746e-05
5.79667e-05
5.79589e-05
5.79511e-05
5.79432e-05
5.79354e-05
5.79276e-05
5.79198e-05
5.7912e-05
5.79042e-05
5.78964e-05
5.78886e-05
5.78808e-05
5.78731e-05
5.78653e-05
5.78576e-05
5.78498e-05
5.78421e-05
5.78344e-05
5.78267e-05
5.7819e-05
5.78113e-05
5.78036e-05
5.77959e-05
5.77882e-05
5.77805e-05
5.77729e-05
5.77652e-05
5.77576e-05
5.77499e-05
5.77423e-05
5.77347e-05
5.77271e-05
5.77194e-05
5.77118e-05
5.77042e-05
5.76967e-05
5.76891e-05
5.76815e-05
5.76739e-05
5.76664e-05
5.76588e-05
5.76513e-05
5.76437e-05
5.76362e-05
5.76287e-05
5.76212e-05
5.76137e-05
5.76062e-05
5.75987e-05
5.75912e-05
5.75837e-05
5.75763e-05
5.75688e-05
5.75613e-05
5.75539e-05
5.75465e-05
5.7539e-05
5.75316e-05
5.75242e-05
5.75168e-05
5.75094e-05
5.7502e-05
5.74946e-05
5.74872e-05
5.74798e-05
5.74724e-05
5.74651e-05
5.74577e-05
5.74504e-05
5.74431e-05
5.74357e-05
5.74284e-05
5.74211e-05
5.74138e-05
5.74065e-05
5.73992e-05
5.73919e-05
5.73846e-05
5.73773e-05
5.73701e-05
5.73628e-05
5.73556e-05
5.73483e-05
5.73411e-05
5.73338e-05
5.73266e-05
5.73194e-05
5.73122e-05
5.7305e-05
5.72978e-05
5.72906e-05
5.72834e-05
5.72763e-05
5.72691e-05
5.72619e-05
5.72548e-05
5.72476e-05
5.72405e-05
5.72334e-05
5.72262e-05
5.72191e-05
5.7212e-05
5.72049e-05
5.71978e-05
5.71907e-05
5.71836e-05
5.71766e-05
5.71695e-05
5.71624e-05
5.71554e-05
5.71483e-05
5.71413e-05
5.71342e-05
5.71272e-05
5.71202e-05
5.71132e-05
5.71062e-05
5.70992e-05
5.70922e-05
5.70852e-05
5.70782e-05
5.70712e-05
5.70643e-05
5.70573e-05
5.70504e-05
5.70434e-05
5.70365e-05
5.70296e-05
5.70226e-05
5.70157e-05

