5e-05
5e-05
5e-05
5e-05
5e-05
5e-05
5e-05
5e-05
5e-05
5e-05
5e-05
5e-05
5e-05
5e-05
5e-05
5e-05
5e-05
5e-05
5e-05
5e-05
5e-05
5e-05
5e-05
5e-05
5e-05
5e-05
5e-05
5e-05
5e-05
5e-05
5e-05
5e-05
5e-05
5e-05
5e-05
5e-05
5e-05
5e-05
5e-05
5e-05
5e-05
5e-05
5e-05
5e-05
5e-05
5e-05
5e-05
5e-05
5e-05
5e-05
5e-05
5e-05
5e-05
5e-05
5e-05
5e-05
5e-05
5e-05
5e-05
5e-05
5e-05
5e-05
5e-05
5e-05
5e-05
5e-05
5e-05
5e-05
5e-05
5e-05
5e-05
5e-05
5e-05
5e-05
5e-05
5e-05
5e-05
5e-05
5e-05
5e-05
5e-05
5e-05
5e-05
5e-05
5e-05
5e-05
5e-05
5e-05
5e-05
5e-05
5e-05
5e-05
5e-05
5e-05
5e-05
5e-05
5e-05
5e-05
5e-05
5e-05
5e-05
5e-05
5e-05
5e-05
5e-05
5e-05
5e-05
5e-05
5e-05
5e-05
5e-05
5e-05
5e-05
5e-05
5e-05
5e-05
5e-05
5e-05
5e-05
5e-05
5e-05
5e-05
5e-05
5e-05
5e-05
5e-05
5e-05
5e-05
5e-05
5e-05
5e-05
5e-05
5e-05
5e-05
5e-05
5e-05
5e-05
5e-05
5e-05
5e-05
5e-05
5e-05
5e-05
5e-05
5e-05
5e-05
5e-05
5e-05
5e-05
5e-05
5e-05
5e-05
5e-05
5e-05
5e-05
5e-05
5e-05
5e-05
5e-05
5e-05
5e-05
5e-05
5e-05
5e-05
5e-05
5e-05
5e-05
5e-05
5e-05
5e-05
5e-05
5e-05
5e-05
5e-05
5e-05
5e-05
5e-05
5e-05
5e-05
5e-05
5e-05
5e-05
5e-05
5e-05
5e-05
5e-05
5e-05
5e-05
5e-05
5e-05
5e-05
5e-05
5e-05
5e-05
5e-05
5e-05
5e-05
5e-05
5e-05
5e-05
5e-05
5e-05
5e-05
5e-05
5e-05
5e-05
5e-05
5e-05
5e-05
5e-05
5e-05
5e-05
5e-05
5e-05
5e-05
5e-05
5e-05
5e-05
5e-05
5e-05
5e-05
5e-05
5e-05
5e-05
5e-05
5e-05
5e-05
5e-05
5e-05
5e-05
5e-05
5e-05
5e-05
5e-05
5e-05
5e-05
5e-05
5e-05
5e-05
5e-05
5e-05
5e-05
5e-05
5e-05
5e-05
5e-05
5e-05
5e-05
5e-05
5e-05
5e-05
5e-05
5e-05
5e-05
5e-05
5e-05
5e-05
5e-05
5e-05
5e-05
5e-05
5e-05
5e-05
5e-05
5e-05
5e-05
5e-05
5e-05
5e-05
5e-05
5e-05
5e-05
5e-05
5e-05
5e-05
5e-05
5e-05
5e-05
5e-05
5e-05
5e-05
5e-05
5e-05
5e-05
5e-05
5e-05
5e-05
5e-05
5e-05
5e-05
5e-05
5e-05
5e-05
5e-05
5e-05
5e-05
5e-05
5e-05
5e-05
5e-05
5e-05
5e-05
5e-05
5e-05
5e-05
5e-05
5e-05
5e-05
5e-05
5e-05
5e-05
5e-05
5e-05
5e-05
5e-05
5e-05
5e-05
5e-05
5e-05
5e-05
5e-05
5e-05
5e-05
5e-05
5e-05
5e-05
5e-05
5e-05
5e-05
5e-05
5e-05
5e-05
5e-05
5e-05
5e-05
5e-05
5e-05
5e-05
5e-05
5e-05
5e-05
5e-05
5e-05
5e-05
5e-05
5e-05
5e-05
5e-05
5e-05
5e-05
5e-05
5e-05
5e-05
5e-05
5e-05
5e-05
5e-05
5e-05
5e-05
5e-05
5e-05
5e-05
5e-05
5e-05
5e-05
5e-05
5e-05
5e-05
5e-05
5e-05
5e-05
5e-05
5e-05
5e-05
5e-05
5e-05
5e-05
5e-05
5e-05
5e-05
5e-05
5e-05
5e-05
5e-05
5e-05
5e-05
5e-05
5e-05
5e-05
5e-05
5e-05
5e-05
5e-05
5e-05
5e-05
5e-05
5e-05
5e-05
5e-05
5e-05
5e-05
5e-05
5e-05
5e-05
5e-05
5e-05
5e-05
5e-05
5e-05
5e-05
5e-05
5e-05
5e-05
5e-05
5e-05
5e-05
5e-05
5e-05
5e-05
5e-05
5e-05
5e-05
5e-05
5e-05
5e-05
5e-05
5e-05
5e-05
5e-05
5e-05
5e-05
5e-05
5e-05
5e-05
5e-05
5e-05
5e-05
5e-05
5e-05
5e-05
5e-05
5e-05
5e-05
5e-05
5e-05
5e-05
5e-05
5e-05
5e-05
5e-05
5e-05
5e-05
5e-05
5e-05
5e-05
5e-05
5e-05
5e-05
5e-05
5e-05
5e-05
5e-05
5e-05
5e-05
5e-05
5e-05
5e-05
5e-05
5e-05
5e-05
5e-05
5e-05
5e-05
5e-05
5e-05
5e-05
5e-05
5e-05
5e-05
5e-05
5e-05
5e-05
5e-05
5e-05
5e-05
5e-05
5e-05
5e-05
5e-05
5e-05
5e-05
5e-05
5e-05
5e-05
5e-05
5e-05
5e-05
5e-05
5e-05
5e-05
5e-05
5e-05
5e-05
5e-05
5e-05
5e-05
5e-05
5e-05
5e-05
5e-05
5e-05
5e-05
5e-05
5e-05
5e-05
5e-05
5e-05
5e-05
5e-05
5e-05
5e-05
5e-05
5e-05
5e-05
5e-05
5e-05
5e-05
5e-05
5e-05
5e-05
5e-05
5e-05
5e-05
5e-05
5e-05
5e-05
5e-05
5e-05
5e-05
5e-05
5e-05
5e-05
5e-05
5e-05
5e-05
5e-05
5e-05
5e-05
5e-05
5e-05
5e-05
5e-05
5e-05
5e-05
5e-05
5e-05
5e-05
5e-05
5e-05
5e-05
5e-05
5e-05
5e-05
5e-05
5e-05
5e-05
5e-05
5e-05
5e-05
5e-05
5e-05
5e-05
5e-05
5e-05
5e-05
5e-05
5e-05
5e-05
5e-05
5e-05
5e-05
5e-05
5e-05
5e-05
5e-05
5e-05
5e-05
5e-05
5e-05
5e-05
5e-05
5e-05
5e-05
5e-05
5e-05
5e-05
5e-05
5e-05
5e-05
5e-05
5e-05
5e-05
5e-05
5e-05
5e-05
5e-05
5e-05
5e-05
5e-05
5e-05
5e-05
5e-05
5e-05
5e-05
5e-05
5e-05
5e-05
5e-05
5e-05
5e-05
5e-05
5e-05
5e-05
5e-05
5e-05
5e-05
5e-05
5e-05
5e-05
5e-05
5e-05
5e-05
5e-05
5e-05
5e-05
5e-05
5e-05
5e-05
5e-05
5e-05
5e-05
5e-05
5e-05
5e-05
5e-05
5e-05
5e-05
5e-05
5e-05
5e-05
5e-05
5e-05
5e-05
5e-05
5e-05
5e-05
5e-05
5e-05
5e-05
5e-05
5e-05
5e-05
5e-05
5e-05
5e-05
5e-05
5e-05
5e-05
5e-05
5e-05
5e-05
5e-05
5e-05
5e-05
5e-05
5e-05
5e-05
5e-05
5e-05
5e-05
5e-05
5e-05
5e-05
5e-05
5e-05
5e-05
5e-05
5e-05
5e-05
5e-05
5e-05
5e-05
5e-05
5e-05
5e-05
5e-05
5e-05
5e-05
5e-05
5e-05
5e-05
5e-05
5e-05
5e-05
5e-05
5e-05
5e-05
5e-05
5e-05
5e-05
5e-05
5e-05
5e-05
5e-05
5e-05
5e-05
5e-05
5e-05
5e-05
5e-05
5e-05
5e-05
5e-05
5e-05
5e-05
5e-05
5e-05
5e-05
5e-05
5e-05
5e-05
5e-05
5e-05
5e-05
5e-05
5e-05
5e-05
5e-05
5e-05
5e-05
5e-05
5e-05
5e-05
5e-05
5e-05
5e-05
5e-05
5e-05
5e-05
5e-05
5e-05
5e-05
5e-05
5e-05
5e-05
5e-05
5e-05
5e-05
5e-05
5e-05
5e-05
5e-05
5e-05
5e-05
5e-05
5e-05
5e-05
5e-05
5e-05
5e-05
5e-05
5e-05
5e-05
5e-05
5e-05
5e-05
5e-05
5e-05
5e-05
5e-05
5e-05
5e-05
5e-05
5e-05
5e-05
5e-05
5e-05
5e-05
5e-05
5e-05
5e-05
5e-05
5e-05
5e-05
5e-05
5e-05
5e-05
5e-05
5e-05
5e-05
5e-05
0.000373614
0.000696958
0.00102003
0.00134284
0.00166538
0.00198765
0.00230965
0.00263138
0.00295284
0.00327404
0.00359497
0.00391563
0.00423603
0.00455616
0.00487602
0.00519561
0.00551494
0.00583401
0.0061528
0.00647134
0.0067896
0.00710761
0.00742534
0.00774282
0.00806002
0.00837697
0.00869365
0.00901007
0.00932622
0.00964211
0.00995774
0.0102731
0.0105882
0.010903
0.0112176
0.0115319
0.011846
0.0121598
0.0124733
0.0127866
0.0130996
0.0134123
0.0137248
0.0140371
0.014349
0.0146607
0.0149722
0.0152834
0.0155943
0.015905
0.0162154
0.0165255
0.0168354
0.0171451
0.0174544
0.0177636
0.0180724
0.018381
0.0186894
0.0189975
0.0193053
0.0196129
0.0199202
0.0202273
0.0205341
0.0208407
0.021147
0.021453
0.0217588
0.0220644
0.0223696
0.0226747
0.0229794
0.023284
0.0235882
0.0238922
0.024196
0.0244995
0.0248028
0.0251058
0.0250849
0.0250641
0.0250432
0.0250224
0.0250016
0.0249809
0.0249601
0.0249394
0.0249186
0.0248979
0.0248772
0.0248566
0.0248359
0.0248153
0.0247947
0.0247741
0.0247535
0.0247329
0.0247123
0.0246918
0.0246713
0.0246508
0.0246303
0.0246098
0.0245894
0.024569
0.0245485
0.0245281
0.0245078
0.0244874
0.0244671
0.0244467
0.0244264
0.0244061
0.0243858
0.0243656
0.0243453
0.0243251
0.0243049
0.0242847
0.0242645
0.0242443
0.0242242
0.0242041
0.024184
0.0241639
0.0241438
0.0241237
0.0241037
0.0240837
0.0240636
0.0240436
0.0240237
0.0240037
0.0239838
0.0239638
0.0239439
0.023924
0.0239041
0.0238843
0.0238644
0.0238446
0.0238248
0.023805
0.0237852
0.0237655
0.0237457
0.023726
0.0237063
0.0236866
0.0236669
0.0236472
0.0236276
0.023608
0.0235883
0.0235687
0.0235492
0.0235296
0.02351
0.0234905
0.023471
0.0234515
0.023432
0.0234125
0.0233931
0.0233736
0.0233542
0.0233348
0.0233154
0.0232961
0.0232767
0.0232574
0.023238
0.0232187
0.0231994
0.0231802
0.0231609
0.0231417
0.0231224
0.0231032
0.023084
0.0230649
0.0230457
0.0230265
0.0230074
0.0229883
0.0229692
0.0229501
0.022931
0.022912
0.022893
0.0228739
0.0228549
0.0228359
0.022817
0.022798
0.0227791
0.0227602
0.0227412
0.0227223
0.0227035
0.0226846
0.0226658
0.0226469
0.0226281
0.0226093
0.0225905
0.0225718
0.022553
0.0225343
0.0225156
0.0224968
0.0224782
0.0224595
0.0224408
0.0224222
0.0224036
0.0223849
0.0223663
0.0223478
0.0223292
0.0223106
0.0222921
0.0222736
0.0222551
0.0222366
0.0222181
0.0221997
0.0221812
0.0221628
0.0221444
0.022126
0.0221076
0.0220892
0.0220709
0.0220526
0.0220342
0.0220159
0.0219976
0.0219794
0.0219611
0.0219429
0.0219246
0.0219064
0.0218882
0.02187
0.0218519
0.0218337
0.0218156
0.0217975
0.0217793
0.0217613
0.0217432
0.0217251
0.0217071
0.021689
0.021671
0.021653
0.021635
0.0216171
0.0215991
0.0215812
0.0215632
0.0215453
0.0215274
0.0215095
0.0214917
0.0214738
0.021456
0.0214381
0.0214203
0.0214025
0.0213848
0.021367
0.0213493
0.0213315
0.0213138
0.0212961
0.0212784
0.0212607
0.0212431
0.0212254
0.0212078
0.0211902
0.0211726
0.021155
0.0211374
0.0211199
0.0211023
0.0210848
0.0210673
0.0210498
0.0210323
0.0210148
0.0209974
0.0209799
0.0209625
0.0209451
0.0209277
0.0209103
0.0208929
0.0208756
0.0208582
0.0208409
0.0208236
0.0208063
0.020789
0.0207717
0.0207545
0.0207372
0.02072
0.0207028
0.0206856
0.0206684
0.0206513
0.0206341
0.020617
0.0205999
0.0205827
0.0205656
0.0205486
0.0205315
0.0205144
0.0204974
0.0204804
0.0204634
0.0204464
0.0204294
0.0204124
0.0203955
0.0203785
0.0203616
0.0203447
0.0203278
0.0203109
0.020294
0.0202772
0.0202603
0.0202435
0.0202267
0.0202099
0.0201931
0.0201763
0.0201596
0.0201428
0.0201261
0.0201094
0.0200927
0.020076
0.0200593
0.0200427
0.020026
0.0200094
0.0199928
0.0199762
0.0199596
0.019943
0.0199264
0.0199099
0.0198933
0.0198768
0.0198603
0.0198438
0.0198273
0.0198109
0.0197944
0.019778
0.0197615
0.0197451
0.0197287
0.0197123
0.019696
0.0196796
0.0196633
0.0196469
0.0196306
0.0196143
0.019598
0.0195818
0.0195655
0.0195492
0.019533
0.0195168
0.0195006
0.0194844
0.0194682
0.019452
0.0194359
0.0194197
0.0194036
0.0193875
0.0193714
0.0193553
0.0193392
0.0193232
0.0193071
0.0192911
0.0192751
0.0192591
0.0192431
0.0192271
0.0192111
0.0191952
0.0191792
0.0191633
0.0191474
0.0191315
0.0191156
0.0190997
0.0190838
0.019068
0.0190522
0.0190363
0.0190205
0.0190047
0.018989
0.0189732
0.0189574
0.0189417
0.018926
0.0189102
0.0188945
0.0188788
0.0188632
0.0188475
0.0188319
0.0188162
0.0188006
0.018785
0.0187694
0.0187538
0.0187382
0.0187227
0.0187071
0.0186916
0.0186761
0.0186605
0.018645
0.0186296
0.0186141
0.0185986
0.0185832
0.0185678
0.0185523
0.0185369
0.0185215
0.0185062
0.0184908
0.0184754
0.0184601
0.0184448
0.0184295
0.0184142
0.0183989
0.0183836
0.0183683
0.0183531
0.0183378
0.0183226
0.0183074
0.0182922
0.018277
0.0182618
0.0182467
0.0182315
0.0182164
0.0182012
0.0181861
0.018171
0.0181559
0.0181409
0.0181258
0.0181107
0.0180957
0.0180807
0.0180657
0.0180507
0.0180357
0.0180207
0.0180057
0.0179908
0.0179759
0.0179609
0.017946
0.0179311
0.0179162
0.0179013
0.0178865
0.0178716
0.0178568
0.017842
0.0178272
0.0178124
0.0177976
0.0177828
0.017768
0.0177533
0.0177385
0.0177238
0.0177091
0.0176944
0.0176797
0.017665
0.0176503
0.0176357
0.017621
0.0176064
0.0175918
0.0175772
0.0175626
0.017548
0.0175334
0.0175189
0.0175043
0.0174898
0.0174753
0.0174608
0.0174463
0.0174318
0.0174173
0.0174029
0.0173884
0.017374
0.0173596
0.0173451
0.0173307
0.0173163
0.017302
0.0172876
0.0172733
0.0172589
0.0172446
0.0172303
0.017216
0.0172017
0.0171874
0.0171731
0.0171589
0.0171446
0.0171304
0.0171162
0.017102
0.0170878
0.0170736
0.0170594
0.0170452
0.0170311
0.0170169
0.0170028
0.0169887
0.0169746
0.0169605
0.0169464
0.0169324
0.0169183
0.0169043
0.0168902
0.0168762
0.0168622
0.0168482
0.0168342
0.0168202
0.0168063
0.0167923
0.0167784
0.0167644
0.0167505
0.0167366
0.0167227
0.0167088
0.016695
0.0166811
0.0166673
0.0166534
0.0166396
0.0166258
0.016612
0.0165982
0.0165844
0.0165707
0.0165569
0.0165432
0.0165294
0.0165157
0.016502
0.0164883
0.0164746
0.0164609
0.0164473
0.0164336
0.01642
0.0164063
0.0163927
0.0163791
0.0163655
0.0163519
0.0163384
0.0163248
0.0163112
0.0162977
0.0162842
0.0162707
0.0162572
0.0162437
0.0162302
0.0162167
0.0162032
0.0161898
0.0161764
0.0161629
0.0161495
0.0161361
0.0161227
0.0161093
0.016096
0.0160826
0.0160692
0.0160559
0.0160426
0.0160293
0.016016
0.0160027
0.0159894
0.0159761
0.0159628
0.0159496
0.0159364
0.0159231
0.0159099
0.0158967
0.0158835
0.0158703
0.0158572
0.015844
0.0158308
0.0158177
0.0158046
0.0157915
0.0157784
0.0157653
0.0157522
0.0157391
0.015726
0.015713
0.0156999
0.0156869
0.0156739
0.0156609
0.0156479
0.0156349
0.0156219
0.015609
0.015596
0.0155831
0.0155701
0.0155572
0.0155443
0.0155314
0.0155185
0.0155056
0.0154927
0.0154799
0.015467
0.0154542
0.0154414
0.0154286
0.0154158
0.015403
0.0153902
0.0153774
0.0153646
0.0153519
0.0153392
0.0153264
0.0153137
0.015301
0.0152883
0.0152756
0.0152629
0.0152503
0.0152376
0.015225
0.0152123
0.0151997
0.0151871
0.0151745
0.0151619
0.0151493
0.0151367
0.0151242
0.0151116
0.0150991
0.0150865
0.015074
0.0150615
0.015049
0.0150365
0.0150241
0.0150116
0.0149991
0.0149867
0.0149742
0.0149618
0.0149494
0.014937
0.0149246
0.0149122
0.0148998
0.0148875
0.0148751
0.0148628
0.0148504
0.0148381
0.0148258
0.0148135
0.0148012
0.0147889
0.0147767
0.0147644
0.0147521
0.0147399
0.0147277
0.0147154
0.0147032
0.014691
0.0146788
0.0146667
0.0146545
0.0146423
0.0146302
0.014618
0.0146059
0.0145938
0.0145817
0.0145696
0.0145575
0.0145454
0.0145333
0.0145213
0.0145092
0.0144972
0.0144852
0.0144731
0.0144611
0.0144491
0.0144372
0.0144252
0.0144132
0.0144012
0.0143893
0.0143774
0.0143654
0.0143535
0.0143416
0.0143297
0.0143178
0.0143059
0.0142941
0.0142822
0.0142703
0.0142585
0.0142467
0.0142349
0.014223
0.0142112
0.0141995
0.0141877
0.0141759
0.0141641
0.0141524
0.0141406
0.0141289
0.0141172
0.0141055
0.0140938
0.0140821
0.0140704
0.0140587
0.0140471
0.0140354
0.0140238
0.0140121
0.0140005
0.0139889
0.0139773
0.0139657
0.0139541
0.0139425
0.0139309
0.0139194
0.0139078
0.0138963
0.0138848
0.0138733
0.0138617
0.0138502
0.0138388
0.0138273
0.0138158
0.0138043
0.0137929
0.0137814
0.01377
0.0137586
0.0137472
0.0137358
0.0137244
0.013713
0.0137016
0.0136902
0.0136789
0.0136675
0.0136562
0.0136449
0.0136335
0.0136222
0.0136109
0.0135996
0.0135884
0.0135771
0.0135658
0.0135546
0.0135433
0.0135321
0.0135209
0.0135097
0.0134984
0.0134872
0.0134761
0.0134649
0.0134537
0.0134426
0.0134314
0.0134203
0.0134091
0.013398
0.0133869
0.0133758
0.0133647
0.0133536
0.0133425
0.0133315
0.0133204
0.0133093
0.0132983
0.0132873
0.0132763
0.0132652
0.0132542
0.0132432
0.0132323
0.0132213
0.0132103
0.0131994
0.0131884
0.0131775
0.0131665
0.0131556
0.0131447
0.0131338
0.0131229
0.013112
0.0131011
0.0130903
0.0130794
0.0130686
0.0130577
0.0130469
0.0130361
0.0130253
0.0130145
0.0130037
0.0129929
0.0129821
0.0129713
0.0129606
0.0129498
0.0129391
0.0129284
0.0129176
0.0129069
0.0128962
0.0128855
0.0128748
0.0128642
0.0128535
0.0128428
0.0128322
0.0128215
0.0128109
0.0128003
0.0127897
0.012779
0.0127684
0.0127579
0.0127473
0.0127367
0.0127261
0.0127156
0.012705
0.0126945
0.012684
0.0126735
0.0126629
0.0126524
0.0126419
0.0126315
0.012621
0.0126105
0.0126001
0.0125896
0.0125792
0.0125687
0.0125583
0.0125479
0.0125375
0.0125271
0.0125167
0.0125063
0.012496
0.0124856
0.0124752
0.0124649
0.0124546
0.0124442
0.0124339
0.0124236
0.0124133
0.012403
0.0123927
0.0123824
0.0123722
0.0123619
0.0123517
0.0123414
0.0123312
0.012321
0.0123107
0.0123005
0.0122903
0.0122801
0.01227
0.0122598
0.0122496
0.0122395
0.0122293
0.0122192
0.012209
0.0121989
0.0121888
0.0121787
0.0121686
0.0121585
0.0121484
0.0121383
0.0121283
0.0121182
0.0121082
0.0120981
0.0120881
0.0120781
0.0120681
0.0120581
0.0120481
0.0120381
0.0120281
0.0120181
0.0120081
0.0119982
0.0119882
0.0119783
0.0119684
0.0119584
0.0119485
0.0119386
0.0119287
0.0119188
0.0119089
0.0118991
0.0118892
0.0118794
0.0118695
0.0118597
0.0118498
0.01184
0.0118302
0.0118204
0.0118106
0.0118008
0.011791
0.0117812
0.0117715
0.0117617
0.0117519
0.0117422
0.0117325
0.0117227
0.011713
0.0117033
0.0116936
0.0116839
0.0116742
0.0116645
0.0116549
0.0116452
0.0116356
0.0116259
0.0116163
0.0116066
0.011597
0.0115874
0.0115778
0.0115682
0.0115586
0.011549
0.0115394
0.0115299
0.0115203
0.0115108
0.0115012
0.0114917
0.0114822
0.0114727
0.0114631
0.0114536
0.0114441
0.0114347
0.0114252
0.0114157
0.0114062
0.0113968
0.0113873
0.0113779
0.0113685
0.011359
0.0113496
0.0113402
0.0113308
0.0113214
0.011312
0.0113027
0.0112933
0.0112839
0.0112746
0.0112652
0.0112559
0.0112466
0.0112372
0.0112279
0.0112186
0.0112093
0.0112
0.0111907
0.0111815
0.0111722
0.0111629
0.0111537
0.0111444
0.0111352
0.011126
0.0111167
0.0111075
0.0110983
0.0110891
0.0110799
0.0110708
0.0110616
0.0110524
0.0110432
0.0110341
0.0110249
0.0110158
0.0110067
0.0109976
0.0109884
0.0109793
0.0109702
0.0109611
0.0109521
0.010943
0.0109339
0.0109248
0.0109158
0.0109067
0.0108977
0.0108887
0.0108796
0.0108706
0.0108616
0.0108526
0.0108436
0.0108346
0.0108257
0.0108167
0.0108077
0.0107988
0.0107898
0.0107809
0.0107719
0.010763
0.0107541
0.0107452
0.0107363
0.0107274
0.0107185
0.0107096
0.0107007
0.0106919
0.010683
0.0106741
0.0106653
0.0106565
0.0106476
0.0106388
0.01063
0.0106212
0.0106124
0.0106036
0.0105948
0.010586
0.0105772
0.0105685
0.0105597
0.010551
0.0105422
0.0105335
0.0105248
0.010516
0.0105073
0.0104986
0.0104899
0.0104812
0.0104725
0.0104639
0.0104552
0.0104465
0.0104379
0.0104292
0.0104206
0.0104119
0.0104033
0.0103947
0.0103861
0.0103775
0.0103689
0.0103603
0.0103517
0.0103431
0.0103345
0.010326
0.0103174
0.0103089
0.0103003
0.0102918
0.0102833
0.0102747
0.0102662
0.0102577
0.0102492
0.0102407
0.0102323
0.0102238
0.0102153
0.0102068
0.0101984
0.0101899
0.0101815
0.0101731
0.0101646
0.0101562
0.0101478
0.0101394
0.010131
0.0101226
0.0101142
0.0101058
0.0100974
0.0100891
0.0100807
0.0100724
0.010064
0.0100557
0.0100474
0.010039
0.0100307
0.0100224
0.0100141
0.0100058
0.00999751
0.00998923
0.00998095
0.00997269
0.00996442
0.00995617
0.00994792
0.00993968
0.00993144
0.00992322
0.009915
0.00990678
0.00989857
0.00989037
0.00988218
0.00987399
0.00986581
0.00985764
0.00984948
0.00984132
0.00983316
0.00982502
0.00981688
0.00980875
0.00980062
0.0097925
0.00978439
0.00977628
0.00976819
0.00976009
0.00975201
0.00974393
0.00973586
0.00972779
0.00971974
0.00971169
0.00970364
0.0096956
0.00968757
0.00967955
0.00967153
0.00966352
0.00965551
0.00964751
0.00963952
0.00963154
0.00962356
0.00961559
0.00960762
0.00959967
0.00959172
0.00958377
0.00957583
0.0095679
0.00955998
0.00955206
0.00954415
0.00953624
0.00952834
0.00952045
0.00951256
0.00950469
0.00949681
0.00948895
0.00948109
0.00947324
0.00946539
0.00945755
0.00944972
0.00944189
0.00943407
0.00942626
0.00941845
0.00941065
0.00940285
0.00939507
0.00938729
0.00937951
0.00937174
0.00936398
0.00935623
0.00934848
0.00934074
0.009333
0.00932527
0.00931755
0.00930983
0.00930212
0.00929442
0.00928672
0.00927903
0.00927134
0.00926367
0.00925599
0.00924833
0.00924067
0.00923302
0.00922537
0.00921773
0.0092101
0.00920247
0.00919485
0.00918724
0.00917963
0.00917203
0.00916443
0.00915684
0.00914926
0.00914168
0.00913411
0.00912655
0.00911899
0.00911144
0.0091039
0.00909636
0.00908882
0.0090813
0.00907378
0.00906627
0.00905876
0.00905126
0.00904376
0.00903627
0.00902879
0.00902132
0.00901385
0.00900638
0.00899892
0.00899147
0.00898403
0.00897659
0.00896916
0.00896173
0.00895431
0.0089469
0.00893949
0.00893209
0.00892469
0.0089173
0.00890992
0.00890254
0.00889517
0.0088878
0.00888045
0.00887309
0.00886575
0.00885841
0.00885107
0.00884374
0.00883642
0.00882911
0.0088218
0.00881449
0.0088072
0.0087999
0.00879262
0.00878534
0.00877807
0.0087708
0.00876354
0.00875628
0.00874903
0.00874179
0.00873455
0.00872732
0.0087201
0.00871288
0.00870566
0.00869846
0.00869126
0.00868406
0.00867687
0.00866969
0.00866251
0.00865534
0.00864818
0.00864102
0.00863386
0.00862672
0.00861957
0.00861244
0.00860531
0.00859819
0.00859107
0.00858396
0.00857685
0.00856975
0.00856266
0.00855557
0.00854849
0.00854141
0.00853434
0.00852728
0.00852022
0.00851317
0.00850612
0.00849908
0.00849204
0.00848501
0.00847799
0.00847097
0.00846396
0.00845696
0.00844996
0.00844296
0.00843597
0.00842899
0.00842201
0.00841504
0.00840808
0.00840112
0.00839416
0.00838722
0.00838028
0.00837334
0.00836641
0.00835948
0.00835257
0.00834565
0.00833875
0.00833184
0.00832495
0.00831806
0.00831117
0.00830429
0.00829742
0.00829055
0.00828369
0.00827684
0.00826999
0.00826314
0.0082563
0.00824947
0.00824264
0.00823582
0.00822901
0.0082222
0.00821539
0.00820859
0.0082018
0.00819501
0.00818823
0.00818146
0.00817468
0.00816792
0.00816116
0.00815441
0.00814766
0.00814092
0.00813418
0.00812745
0.00812072
0.008114
0.00810729
0.00810058
0.00809388
0.00808718
0.00808049
0.0080738
0.00806712
0.00806044
0.00805377
0.00804711
0.00804045
0.0080338
0.00802715
0.00802051
0.00801387
0.00800724
0.00800061
0.00799399
0.00798738
0.00798077
0.00797417
0.00796757
0.00796098
0.00795439
0.00794781
0.00794123
0.00793466
0.0079281
0.00792154
0.00791498
0.00790843
0.00790189
0.00789535
0.00788882
0.00788229
0.00787577
0.00786926
0.00786275
0.00785624
0.00784974
0.00784325
0.00783676
0.00783027
0.0078238
0.00781732
0.00781086
0.00780439
0.00779794
0.00779149
0.00778504
0.0077786
0.00777216
0.00776574
0.00775931
0.00775289
0.00774648
0.00774007
0.00773367
0.00772727
0.00772088
0.00771449
0.00770811
0.00770173
0.00769536
0.00768899
0.00768263
0.00767628
0.00766993
0.00766358
0.00765724
0.00765091
0.00764458
0.00763826
0.00763194
0.00762563
0.00761932
0.00761302
0.00760672
0.00760043
0.00759414
0.00758786
0.00758158
0.00757531
0.00756905
0.00756278
0.00755653
0.00755028
0.00754403
0.00753779
0.00753156
0.00752533
0.00751911
0.00751289
0.00750667
0.00750046
0.00749426
0.00748806
0.00748187
0.00747568
0.0074695
0.00746332
0.00745715
0.00745098
0.00744482
0.00743866
0.00743251
0.00742636
0.00742022
0.00741408
0.00740795
0.00740182
0.0073957
0.00738959
0.00738348
0.00737737
0.00737127
0.00736517
0.00735908
0.007353
0.00734692
0.00734084
0.00733477
0.0073287
0.00732264
0.00731659
0.00731054
0.00730449
0.00729845
0.00729242
0.00728639
0.00728036
0.00727434
0.00726832
0.00726231
0.00725631
0.00725031
0.00724431
0.00723832
0.00723234
0.00722636
0.00722038
0.00721441
0.00720845
0.00720249
0.00719653
0.00719058
0.00718463
0.00717869
0.00717276
0.00716683
0.0071609
0.00715498
0.00714907
0.00714315
0.00713725
0.00713135
0.00712545
0.00711956
0.00711367
0.00710779
0.00710192
0.00709604
0.00709018
0.00708431
0.00707846
0.00707261
0.00706676
0.00706092
0.00705508
0.00704925
0.00704342
0.00703759
0.00703178
0.00702596
0.00702015
0.00701435
0.00700855
0.00700276
0.00699697
0.00699118
0.00698541
0.00697963
0.00697386
0.0069681
0.00696234
0.00695658
0.00695083
0.00694508
0.00693934
0.00693361
0.00692787
0.00692215
0.00691643
0.00691071
0.006905
0.00689929
0.00689359
0.00688789
0.00688219
0.0068765
0.00687082
0.00686514
0.00685947
0.0068538
0.00684813
0.00684247
0.00683682
0.00683116
0.00682552
0.00681988
0.00681424
0.00680861
0.00680298
0.00679736
0.00679174
0.00678613
0.00678052
0.00677491
0.00676931
0.00676372
0.00675813
0.00675254
0.00674696
0.00674139
0.00673581
0.00673025
0.00672469
0.00671913
0.00671358
0.00670803
0.00670248
0.00669694
0.00669141
0.00668588
0.00668035
0.00667483
0.00666932
0.00666381
0.0066583
0.0066528
0.0066473
0.00664181
0.00663632
0.00663083
0.00662535
0.00661988
0.00661441
0.00660894
0.00660348
0.00659802
0.00659257
0.00658713
0.00658168
0.00657624
0.00657081
0.00656538
0.00655996
0.00655453
0.00654912
0.00654371
0.0065383
0.0065329
0.0065275
0.00652211
0.00651672
0.00651133
0.00650595
0.00650058
0.00649521
0.00648984
0.00648448
0.00647912
0.00647377
0.00646842
0.00646307
0.00645773
0.0064524
0.00644707
0.00644174
0.00643642
0.0064311
0.00642579
0.00642048
0.00641518
0.00640988
0.00640458
0.00639929
0.006394
0.00638872
0.00638344
0.00637817
0.0063729
0.00636764
0.00636238
0.00635712
0.00635187
0.00634662
0.00634138
0.00633614
0.00633091
0.00632568
0.00632045
0.00631523
0.00631001
0.0063048
0.00629959
0.00629439
0.00628919
0.00628399
0.0062788
0.00627362
0.00626844
0.00626326
0.00625808
0.00625292
0.00624775
0.00624259
0.00623743
0.00623228
0.00622713
0.00622199
0.00621685
0.00621172
0.00620659
0.00620146
0.00619634
0.00619122
0.00618611
0.006181
0.00617589
0.00617079
0.0061657
0.0061606
0.00615552
0.00615043
0.00614535
0.00614028
0.00613521
0.00613014
0.00612508
0.00612002
0.00611496
0.00610991
0.00610487
0.00609983
0.00609479
0.00608976
0.00608473
0.0060797
0.00607468
0.00606967
0.00606465
0.00605965
0.00605464
0.00604964
0.00604465
0.00603966
0.00603467
0.00602969
0.00602471
0.00601973
0.00601476
0.00600979
0.00600483
0.00599987
0.00599492
0.00598997
0.00598502
0.00598008
0.00597514
0.00597021
0.00596528
0.00596036
0.00595544
0.00595052
0.00594561
0.0059407
0.00593579
0.00593089
0.00592599
0.0059211
0.00591621
0.00591133
0.00590645
0.00590157
0.0058967
0.00589183
0.00588697
0.00588211
0.00587725
0.0058724
0.00586755
0.00586271
0.00585787
0.00585303
0.0058482
0.00584337
0.00583855
0.00583373
0.00582891
0.0058241
0.00581929
0.00581449
0.00580969
0.00580489
0.0058001
0.00579531
0.00579053
0.00578575
0.00578097
0.0057762
0.00577144
0.00576667
0.00576191
0.00575716
0.0057524
0.00574766
0.00574291
0.00573817
0.00573343
0.0057287
0.00572397
0.00571925
0.00571453
0.00570981
0.0057051
0.00570039
0.00569569
0.00569099
0.00568629
0.0056816
0.00567691
0.00567222
0.00566754
0.00566286
0.00565819
0.00565352
0.00564885
0.00564419
0.00563953
0.00563488
0.00563023
0.00562558
0.00562094
0.0056163
0.00561167
0.00560704
0.00560241
0.00559779
0.00559317
0.00558855
0.00558394
0.00557933
0.00557473
0.00557013
0.00556553
0.00556094
0.00555635
0.00555177
0.00554719
0.00554261
0.00553804
0.00553347
0.0055289
0.00552434
0.00551978
0.00551523
0.00551068
0.00550613
0.00550159
0.00549705
0.00549251
0.00548798
0.00548345
0.00547893
0.00547441
0.00546989
0.00546538
0.00546087
0.00545636
0.00545186
0.00544736
0.00544287
0.00543838
0.00543389
0.00542941
0.00542493
0.00542046
0.00541598
0.00541152
0.00540705
0.00540259
0.00539813
0.00539368
0.00538923
0.00538479
0.00538034
0.00537591
0.00537147
0.00536704
0.00536261
0.00535819
0.00535377
0.00534935
0.00534494
0.00534053
0.00533613
0.00533173
0.00532733
0.00532293
0.00531854
0.00531416
0.00530977
0.00530539
0.00530102
0.00529665
0.00529228
0.00528791
0.00528355
0.00527919
0.00527484
0.00527049
0.00526614
0.0052618
0.00525746
0.00525312
0.00524879
0.00524446
0.00524014
0.00523582
0.0052315
0.00522718
0.00522287
0.00521857
0.00521426
0.00520996
0.00520567
0.00520137
0.00519708
0.0051928
0.00518852
0.00518424
0.00517996
0.00517569
0.00517142
0.00516716
0.0051629
0.00515864
0.00515439
0.00515014
0.00514589
0.00514165
0.00513741
0.00513317
0.00512894
0.00512471
0.00512049
0.00511626
0.00511205
0.00510783
0.00510362
0.00509941
0.00509521
0.00509101
0.00508681
0.00508262
0.00507842
0.00507424
0.00507005
0.00506587
0.0050617
0.00505753
0.00505336
0.00504919
0.00504503
0.00504087
0.00503671
0.00503256
0.00502841
0.00502427
0.00502013
0.00501599
0.00501185
0.00500772
0.00500359
0.00499947
0.00499535
0.00499123
0.00498711
0.004983
0.0049789
0.00497479
0.00497069
0.00496659
0.0049625
0.00495841
0.00495432
0.00495024
0.00494616
0.00494208
0.00493801
0.00493394
0.00492987
0.00492581
0.00492175
0.00491769
0.00491364
0.00490959
0.00490555
0.0049015
0.00489746
0.00489343
0.00488939
0.00488536
0.00488134
0.00487732
0.0048733
0.00486928
0.00486527
0.00486126
0.00485725
0.00485325
0.00484925
0.00484525
0.00484126
0.00483727
0.00483329
0.0048293
0.00482532
0.00482135
0.00481737
0.0048134
0.00480944
0.00480548
0.00480152
0.00479756
0.00479361
0.00478966
0.00478571
0.00478177
0.00477783
0.00477389
0.00476996
0.00476603
0.0047621
0.00475818
0.00475426
0.00475034
0.00474643
0.00474252
0.00473861
0.00473471
0.0047308
0.00472691
0.00472301
0.00471912
0.00471523
0.00471135
0.00470747
0.00470359
0.00469972
0.00469584
0.00469198
0.00468811
0.00468425
0.00468039
0.00467653
0.00467268
0.00466883
0.00466499
0.00466115
0.00465731
0.00465347
0.00464964
0.00464581
0.00464198
0.00463816
0.00463434
0.00463052
0.00462671
0.00462289
0.00461909
0.00461528
0.00461148
0.00460768
0.00460389
0.0046001
0.00459631
0.00459252
0.00458874
0.00458496
0.00458119
0.00457741
0.00457364
0.00456988
0.00456611
0.00456235
0.0045586
0.00455484
0.00455109
0.00454734
0.0045436
0.00453986
0.00453612
0.00453238
0.00452865
0.00452492
0.0045212
0.00451747
0.00451375
0.00451004
0.00450632
0.00450261
0.0044989
0.0044952
0.0044915
0.0044878
0.00448411
0.00448041
0.00447672
0.00447304
0.00446936
0.00446568
0.004462
0.00445833
0.00445466
0.00445099
0.00444732
0.00444366
0.00444
0.00443635
0.0044327
0.00442905
0.0044254
0.00442176
0.00441812
0.00441448
0.00441085
0.00440722
0.00440359
0.00439996
0.00439634
0.00439272
0.00438911
0.00438549
0.00438188
0.00437828
0.00437467
0.00437107
0.00436747
0.00436388
0.00436029
0.0043567
0.00435311
0.00434953
0.00434595
0.00434237
0.0043388
0.00433523
0.00433166
0.00432809
0.00432453
0.00432097
0.00431742
0.00431386
0.00431031
0.00430677
0.00430322
0.00429968
0.00429614
0.00429261
0.00428907
0.00428554
0.00428202
0.00427849
0.00427497
0.00427145
0.00426794
0.00426443
0.00426092
0.00425741
0.00425391
0.00425041
0.00424691
0.00424342
0.00423992
0.00423644
0.00423295
0.00422947
0.00422599
0.00422251
0.00421904
0.00421556
0.0042121
0.00420863
0.00420517
0.00420171
0.00419825
0.0041948
0.00419135
0.0041879
0.00418445
0.00418101
0.00417757
0.00417413
0.0041707
0.00416727
0.00416384
0.00416042
0.00415699
0.00415357
0.00415016
0.00414674
0.00414333
0.00413992
0.00413652
0.00413312
0.00412972
0.00412632
0.00412292
0.00411953
0.00411614
0.00411276
0.00410938
0.004106
0.00410262
0.00409924
0.00409587
0.0040925
0.00408914
0.00408578
0.00408241
0.00407906
0.0040757
0.00407235
0.004069
0.00406566
0.00406231
0.00405897
0.00405563
0.0040523
0.00404896
0.00404564
0.00404231
0.00403898
0.00403566
0.00403234
0.00402903
0.00402572
0.0040224
0.0040191
0.00401579
0.00401249
0.00400919
0.00400589
0.0040026
0.00399931
0.00399602
0.00399274
0.00398945
0.00398617
0.0039829
0.00397962
0.00397635
0.00397308
0.00396981
0.00396655
0.00396329
0.00396003
0.00395677
0.00395352
0.00395027
0.00394702
0.00394378
0.00394054
0.0039373
0.00393406
0.00393083
0.00392759
0.00392437
0.00392114
0.00391792
0.0039147
0.00391148
0.00390826
0.00390505
0.00390184
0.00389863
0.00389543
0.00389223
0.00388903
0.00388583
0.00388264
0.00387945
0.00387626
0.00387307
0.00386989
0.00386671
0.00386353
0.00386036
0.00385718
0.00385401
0.00385084
0.00384768
0.00384452
0.00384136
0.0038382
0.00383505
0.0038319
0.00382875
0.0038256
0.00382246
0.00381932
0.00381618
0.00381304
0.00380991
0.00380678
0.00380365
0.00380052
0.0037974
0.00379428
0.00379116
0.00378805
0.00378494
0.00378183
0.00377872
0.00377561
0.00377251
0.00376941
0.00376632
0.00376322
0.00376013
0.00375704
0.00375395
0.00375087
0.00374779
0.00374471
0.00374163
0.00373856
0.00373549
0.00373242
0.00372935
0.00372629
0.00372323
0.00372017
0.00371711
0.00371406
0.00371101
0.00370796
0.00370492
0.00370187
0.00369883
0.00369579
0.00369276
0.00368972
0.00368669
0.00368367
0.00368064
0.00367762
0.0036746
0.00367158
0.00366856
0.00366555
0.00366254
0.00365953
0.00365653
0.00365352
0.00365052
0.00364753
0.00364453
0.00364154
0.00363855
0.00363556
0.00363257
0.00362959
0.00362661
0.00362363
0.00362066
0.00361768
0.00361471
0.00361174
0.00360878
0.00360582
0.00360286
0.0035999
0.00359694
0.00359399
0.00359104
0.00358809
0.00358514
0.0035822
0.00357926
0.00357632
0.00357338
0.00357045
0.00356752
0.00356459
0.00356166
0.00355874
0.00355582
0.0035529
0.00354998
0.00354707
0.00354416
0.00354125
0.00353834
0.00353543
0.00353253
0.00352963
0.00352674
0.00352384
0.00352095
0.00351806
0.00351517
0.00351229
0.0035094
0.00350652
0.00350364
0.00350077
0.0034979
0.00349502
0.00349216
0.00348929
0.00348643
0.00348356
0.00348071
0.00347785
0.003475
0.00347214
0.00346929
0.00346645
0.0034636
0.00346076
0.00345792
0.00345508
0.00345225
0.00344941
0.00344658
0.00344376
0.00344093
0.00343811
0.00343529
0.00343247
0.00342965
0.00342684
0.00342402
0.00342122
0.00341841
0.0034156
0.0034128
0.00341
0.0034072
0.00340441
0.00340162
0.00339882
0.00339604
0.00339325
0.00339047
0.00338769
0.00338491
0.00338213
0.00337935
0.00337658
0.00337381
0.00337105
0.00336828
0.00336552
0.00336276
0.00336
0.00335724
0.00335449
0.00335174
0.00334899
0.00334624
0.0033435
0.00334075
0.00333801
0.00333528
0.00333254
0.00332981
0.00332708
0.00332435
0.00332162
0.0033189
0.00331618
0.00331346
0.00331074
0.00330802
0.00330531
0.0033026
0.00329989
0.00329719
0.00329448
0.00329178
0.00328908
0.00328639
0.00328369
0.003281
0.00327831
0.00327562
0.00327293
0.00327025
0.00326757
0.00326489
0.00326221
0.00325954
0.00325687
0.0032542
0.00325153
0.00324886
0.0032462
0.00324354
0.00324088
0.00323822
0.00323557
0.00323291
0.00323026
0.00322762
0.00322497
0.00322233
0.00321969
0.00321705
0.00321441
0.00321177
0.00320914
0.00320651
0.00320388
0.00320126
0.00319863
0.00319601
0.00319339
0.00319077
0.00318816
0.00318555
0.00318294
0.00318033
0.00317772
0.00317512
0.00317251
0.00316991
0.00316732
0.00316472
0.00316213
0.00315954
0.00315695
0.00315436
0.00315178
0.00314919
0.00314661
0.00314403
0.00314146
0.00313888
0.00313631
0.00313374
0.00313117
0.00312861
0.00312605
0.00312348
0.00312093
0.00311837
0.00311581
0.00311326
0.00311071
0.00310816
0.00310562
0.00310307
0.00310053
0.00309799
0.00309545
0.00309292
0.00309038
0.00308785
0.00308532
0.00308279
0.00308027
0.00307775
0.00307522
0.00307271
0.00307019
0.00306767
0.00306516
0.00306265
0.00306014
0.00305764
0.00305513
0.00305263
0.00305013
0.00304763
0.00304514
0.00304264
0.00304015
0.00303766
0.00303517
0.00303269
0.0030302
0.00302772
0.00302524
0.00302276
0.00302029
0.00301782
0.00301535
0.00301288
0.00301041
0.00300794
0.00300548
0.00300302
0.00300056
0.0029981
0.00299565
0.0029932
0.00299075
0.0029883
0.00298585
0.00298341
0.00298096
0.00297852
0.00297609
0.00297365
0.00297122
0.00296878
0.00296635
0.00296392
0.0029615
0.00295907
0.00295665
0.00295423
0.00295181
0.0029494
0.00294698
0.00294457
0.00294216
0.00293975
0.00293735
0.00293494
0.00293254
0.00293014
0.00292774
0.00292535
0.00292295
0.00292056
0.00291817
0.00291578
0.0029134
0.00291101
0.00290863
0.00290625
0.00290387
0.00290149
0.00289912
0.00289675
0.00289438
0.00289201
0.00288964
0.00288728
0.00288492
0.00288256
0.0028802
0.00287784
0.00287549
0.00287313
0.00287078
0.00286843
0.00286609
0.00286374
0.0028614
0.00285906
0.00285672
0.00285438
0.00285205
0.00284971
0.00284738
0.00284505
0.00284273
0.0028404
0.00283808
0.00283576
0.00283344
0.00283112
0.0028288
0.00282649
0.00282418
0.00282187
0.00281956
0.00281725
0.00281495
0.00281265
0.00281035
0.00280805
0.00280575
0.00280346
0.00280117
0.00279887
0.00279659
0.0027943
0.00279201
0.00278973
0.00278745
0.00278517
0.00278289
0.00278062
0.00277834
0.00277607
0.0027738
0.00277153
0.00276927
0.002767
0.00276474
0.00276248
0.00276022
0.00275797
0.00275571
0.00275346
0.00275121
0.00274896
0.00274671
0.00274447
0.00274222
0.00273998
0.00273774
0.0027355
0.00273327
0.00273103
0.0027288
0.00272657
0.00272434
0.00272211
0.00271989
0.00271767
0.00271545
0.00271323
0.00271101
0.00270879
0.00270658
0.00270437
0.00270216
0.00269995
0.00269774
0.00269554
0.00269333
0.00269113
0.00268893
0.00268674
0.00268454
0.00268235
0.00268016
0.00267797
0.00267578
0.00267359
0.00267141
0.00266923
0.00266704
0.00266487
0.00266269
0.00266051
0.00265834
0.00265617
0.002654
0.00265183
0.00264966
0.0026475
0.00264534
0.00264317
0.00264102
0.00263886
0.0026367
0.00263455
0.0026324
0.00263025
0.0026281
0.00262595
0.00262381
0.00262166
0.00261952
0.00261738
0.00261524
0.00261311
0.00261097
0.00260884
0.00260671
0.00260458
0.00260246
0.00260033
0.00259821
0.00259609
0.00259397
0.00259185
0.00258973
0.00258762
0.0025855
0.00258339
0.00258128
0.00257917
0.00257707
0.00257496
0.00257286
0.00257076
0.00256866
0.00256657
0.00256447
0.00256238
0.00256028
0.00255819
0.00255611
0.00255402
0.00255193
0.00254985
0.00254777
0.00254569
0.00254361
0.00254154
0.00253946
0.00253739
0.00253532
0.00253325
0.00253118
0.00252911
0.00252705
0.00252499
0.00252293
0.00252087
0.00251881
0.00251675
0.0025147
0.00251265
0.0025106
0.00250855
0.0025065
0.00250446
0.00250241
0.00250037
0.00249833
0.00249629
0.00249426
0.00249222
0.00249019
0.00248816
0.00248613
0.0024841
0.00248207
0.00248004
0.00247802
0.002476
0.00247398
0.00247196
0.00246995
0.00246793
0.00246592
0.00246391
0.0024619
0.00245989
0.00245788
0.00245588
0.00245387
0.00245187
0.00244987
0.00244787
0.00244588
0.00244388
0.00244189
0.0024399
0.00243791
0.00243592
0.00243393
0.00243195
0.00242996
0.00242798
0.002426
0.00242402
0.00242205
0.00242007
0.0024181
0.00241613
0.00241416
0.00241219
0.00241022
0.00240826
0.00240629
0.00240433
0.00240237
0.00240041
0.00239845
0.0023965
0.00239454
0.00239259
0.00239064
0.00238869
0.00238675
0.0023848
0.00238286
0.00238091
0.00237897
0.00237703
0.0023751
0.00237316
0.00237123
0.00236929
0.00236736
0.00236543
0.0023635
0.00236158
0.00235965
0.00235773
0.00235581
0.00235389
0.00235197
0.00235005
0.00234814
0.00234623
0.00234431
0.0023424
0.00234049
0.00233859
0.00233668
0.00233478
0.00233288
0.00233097
0.00232908
0.00232718
0.00232528
0.00232339
0.00232149
0.0023196
0.00231771
0.00231582
0.00231394
0.00231205
0.00231017
0.00230829
0.00230641
0.00230453
0.00230265
0.00230078
0.0022989
0.00229703
0.00229516
0.00229329
0.00229142
0.00228955
0.00228769
0.00228583
0.00228397
0.00228211
0.00228025
0.00227839
0.00227653
0.00227468
0.00227283
0.00227098
0.00226913
0.00226728
0.00226543
0.00226359
0.00226175
0.0022599
0.00225806
0.00225623
0.00225439
0.00225255
0.00225072
0.00224889
0.00224706
0.00224523
0.0022434
0.00224157
0.00223975
0.00223792
0.0022361
0.00223428
0.00223246
0.00223065
0.00222883
0.00222702
0.0022252
0.00222339
0.00222158
0.00221978
0.00221797
0.00221616
0.00221436
0.00221256
0.00221076
0.00220896
0.00220716
0.00220536
0.00220357
0.00220178
0.00219998
0.00219819
0.00219641
0.00219462
0.00219283
0.00219105
0.00218927
0.00218748
0.00218571
0.00218393
0.00218215
0.00218037
0.0021786
0.00217683
0.00217506
0.00217329
0.00217152
0.00216975
0.00216799
0.00216623
0.00216446
0.0021627
0.00216094
0.00215919
0.00215743
0.00215568
0.00215392
0.00215217
0.00215042
0.00214867
0.00214692
0.00214518
0.00214343
0.00214169
0.00213995
0.00213821
0.00213647
0.00213473
0.002133
0.00213126
0.00212953
0.0021278
0.00212607
0.00212434
0.00212261
0.00212089
0.00211916
0.00211744
0.00211572
0.002114
0.00211228
0.00211056
0.00210885
0.00210713
0.00210542
0.00210371
0.002102
0.00210029
0.00209858
0.00209688
0.00209517
0.00209347
0.00209177
0.00209007
0.00208837
0.00208667
0.00208498
0.00208328
0.00208159
0.0020799
0.00207821
0.00207652
0.00207483
0.00207314
0.00207146
0.00206978
0.00206809
0.00206641
0.00206474
0.00206306
0.00206138
0.00205971
0.00205803
0.00205636
0.00205469
0.00205302
0.00205135
0.00204969
0.00204802
0.00204636
0.0020447
0.00204304
0.00204138
0.00203972
0.00203806
0.00203641
0.00203475
0.0020331
0.00203145
0.0020298
0.00202815
0.0020265
0.00202486
0.00202321
0.00202157
0.00201993
0.00201829
0.00201665
0.00201501
0.00201338
0.00201174
0.00201011
0.00200848
0.00200684
0.00200522
0.00200359
0.00200196
0.00200034
0.00199871
0.00199709
0.00199547
0.00199385
0.00199223
0.00199061
0.001989
0.00198738
0.00198577
0.00198416
0.00198255
0.00198094
0.00197933
0.00197772
0.00197612
0.00197451
0.00197291
0.00197131
0.00196971
0.00196811
0.00196652
0.00196492
0.00196333
0.00196173
0.00196014
0.00195855
0.00195696
0.00195537
0.00195379
0.0019522
0.00195062
0.00194903
0.00194745
0.00194587
0.0019443
0.00194272
0.00194114
0.00193957
0.00193799
0.00193642
0.00193485
0.00193328
0.00193171
0.00193015
0.00192858
0.00192702
0.00192545
0.00192389
0.00192233
0.00192077
0.00191922
0.00191766
0.0019161
0.00191455
0.001913
0.00191145
0.0019099
0.00190835
0.0019068
0.00190526
0.00190371
0.00190217
0.00190062
0.00189908
0.00189754
0.00189601
0.00189447
0.00189293
0.0018914
0.00188987
0.00188833
0.0018868
0.00188527
0.00188375
0.00188222
0.00188069
0.00187917
0.00187765
0.00187612
0.0018746
0.00187308
0.00187157
0.00187005
0.00186853
0.00186702
0.00186551
0.00186399
0.00186248
0.00186098
0.00185947
0.00185796
0.00185646
0.00185495
0.00185345
0.00185195
0.00185045
0.00184895
0.00184745
0.00184595
0.00184446
0.00184296
0.00184147
0.00183998
0.00183849
0.001837
0.00183551
0.00183402
0.00183254
0.00183105
0.00182957
0.00182809
0.00182661
0.00182513
0.00182365
0.00182218
0.0018207
0.00181923
0.00181775
0.00181628
0.00181481
0.00181334
0.00181187
0.00181041
0.00180894
0.00180747
0.00180601
0.00180455
0.00180309
0.00180163
0.00180017
0.00179871
0.00179726
0.0017958
0.00179435
0.0017929
0.00179145
0.00179
0.00178855
0.0017871
0.00178565
0.00178421
0.00178276
0.00178132
0.00177988
0.00177844
0.001777
0.00177556
0.00177412
0.00177269
0.00177125
0.00176982
0.00176839
0.00176696
0.00176553
0.0017641
0.00176267
0.00176125
0.00175982
0.0017584
0.00175698
0.00175556
0.00175413
0.00175272
0.0017513
0.00174988
0.00174847
0.00174705
0.00174564
0.00174423
0.00174282
0.00174141
0.00174
0.00173859
0.00173719
0.00173578
0.00173438
0.00173297
0.00173157
0.00173017
0.00172877
0.00172738
0.00172598
0.00172458
0.00172319
0.0017218
0.0017204
0.00171901
0.00171762
0.00171624
0.00171485
0.00171346
0.00171208
0.00171069
0.00170931
0.00170793
0.00170655
0.00170517
0.00170379
0.00170241
0.00170104
0.00169966
0.00169829
0.00169692
0.00169555
0.00169418
0.00169281
0.00169144
0.00169007
0.00168871
0.00168734
0.00168598
0.00168462
0.00168326
0.0016819
0.00168054
0.00167918
0.00167782
0.00167647
0.00167511
0.00167376
0.00167241
0.00167106
0.00166971
0.00166836
0.00166701
0.00166566
0.00166432
0.00166298
0.00166163
0.00166029
0.00165895
0.00165761
0.00165627
0.00165493
0.0016536
0.00165226
0.00165093
0.0016496
0.00164826
0.00164693
0.0016456
0.00164427
0.00164295
0.00164162
0.0016403
0.00163897
0.00163765
0.00163633
0.00163501
0.00163369
0.00163237
0.00163105
0.00162973
0.00162842
0.0016271
0.00162579
0.00162448
0.00162317
0.00162186
0.00162055
0.00161924
0.00161793
0.00161663
0.00161532
0.00161402
0.00161272
0.00161142
0.00161012
0.00160882
0.00160752
0.00160622
0.00160493
0.00160363
0.00160234
0.00160105
0.00159976
0.00159847
0.00159718
0.00159589
0.0015946
0.00159331
0.00159203
0.00159075
0.00158946
0.00158818
0.0015869
0.00158562
0.00158434
0.00158306
0.00158179
0.00158051
0.00157924
0.00157796
0.00157669
0.00157542
0.00157415
0.00157288
0.00157161
0.00157035
0.00156908
0.00156782
0.00156655
0.00156529
0.00156403
0.00156277
0.00156151
0.00156025
0.00155899
0.00155774
0.00155648
0.00155523
0.00155397
0.00155272
0.00155147
0.00155022
0.00154897
0.00154772
0.00154647
0.00154523
0.00154398
0.00154274
0.0015415
0.00154025
0.00153901
0.00153777
0.00153653
0.0015353
0.00153406
0.00153282
0.00153159
0.00153036
0.00152912
0.00152789
0.00152666
0.00152543
0.0015242
0.00152298
0.00152175
0.00152052
0.0015193
0.00151808
0.00151685
0.00151563
0.00151441
0.00151319
0.00151197
0.00151076
0.00150954
0.00150833
0.00150711
0.0015059
0.00150469
0.00150347
0.00150226
0.00150106
0.00149985
0.00149864
0.00149743
0.00149623
0.00149502
0.00149382
0.00149262
0.00149142
0.00149022
0.00148902
0.00148782
0.00148662
0.00148543
0.00148423
0.00148304
0.00148184
0.00148065
0.00147946
0.00147827
0.00147708
0.00147589
0.00147471
0.00147352
0.00147233
0.00147115
0.00146997
0.00146878
0.0014676
0.00146642
0.00146524
0.00146407
0.00146289
0.00146171
0.00146054
0.00145936
0.00145819
0.00145702
0.00145584
0.00145467
0.0014535
0.00145234
0.00145117
0.00145
0.00144884
0.00144767
0.00144651
0.00144534
0.00144418
0.00144302
0.00144186
0.0014407
0.00143954
0.00143839
0.00143723
0.00143608
0.00143492
0.00143377
0.00143262
0.00143147
0.00143032
0.00142917
0.00142802
0.00142687
0.00142572
0.00142458
0.00142343
0.00142229
0.00142115
0.00142001
0.00141887
0.00141773
0.00141659
0.00141545
0.00141431
0.00141318
0.00141204
0.00141091
0.00140977
0.00140864
0.00140751
0.00140638
0.00140525
0.00140412
0.00140299
0.00140187
0.00140074
0.00139962
0.00139849
0.00139737
0.00139625
0.00139513
0.00139401
0.00139289
0.00139177
0.00139065
0.00138954
0.00138842
0.00138731
0.00138619
0.00138508
0.00138397
0.00138286
0.00138175
0.00138064
0.00137953
0.00137843
0.00137732
0.00137621
0.00137511
0.00137401
0.0013729
0.0013718
0.0013707
0.0013696
0.0013685
0.00136741
0.00136631
0.00136521
0.00136412
0.00136302
0.00136193
0.00136084
0.00135975
0.00135866
0.00135757
0.00135648
0.00135539
0.0013543
0.00135322
0.00135213
0.00135105
0.00134996
0.00134888
0.0013478
0.00134672
0.00134564
0.00134456
0.00134348
0.00134241
0.00134133
0.00134026
0.00133918
0.00133811
0.00133704
0.00133596
0.00133489
0.00133382
0.00133275
0.00133169
0.00133062
0.00132955
0.00132849
0.00132742
0.00132636
0.0013253
0.00132423
0.00132317
0.00132211
0.00132105
0.00132
0.00131894
0.00131788
0.00131683
0.00131577
0.00131472
0.00131366
0.00131261
0.00131156
0.00131051
0.00130946
0.00130841
0.00130736
0.00130632
0.00130527
0.00130423
0.00130318
0.00130214
0.0013011
0.00130005
0.00129901
0.00129797
0.00129693
0.0012959
0.00129486
0.00129382
0.00129279
0.00129175
0.00129072
0.00128968
0.00128865
0.00128762
0.00128659
0.00128556
0.00128453
0.0012835
0.00128248
0.00128145
0.00128043
0.0012794
0.00127838
0.00127735
0.00127633
0.00127531
0.00127429
0.00127327
0.00127225
0.00127124
0.00127022
0.0012692
0.00126819
0.00126717
0.00126616
0.00126515
0.00126414
0.00126312
0.00126211
0.00126111
0.0012601
0.00125909
0.00125808
0.00125708
0.00125607
0.00125507
0.00125406
0.00125306
0.00125206
0.00125106
0.00125006
0.00124906
0.00124806
0.00124706
0.00124607
0.00124507
0.00124408
0.00124308
0.00124209
0.0012411
0.0012401
0.00123911
0.00123812
0.00123713
0.00123614
0.00123516
0.00123417
0.00123318
0.0012322
0.00123122
0.00123023
0.00122925
0.00122827
0.00122729
0.00122631
0.00122533
0.00122435
0.00122337
0.00122239
0.00122142
0.00122044
0.00121947
0.00121849
0.00121752
0.00121655
0.00121558
0.00121461
0.00121364
0.00121267
0.0012117
0.00121073
0.00120977
0.0012088
0.00120784
0.00120687
0.00120591
0.00120495
0.00120398
0.00120302
0.00120206
0.0012011
0.00120015
0.00119919
0.00119823
0.00119727
0.00119632
0.00119536
0.00119441
0.00119346
0.00119251
0.00119155
0.0011906
0.00118965
0.00118871
0.00118776
0.00118681
0.00118586
0.00118492
0.00118397
0.00118303
0.00118209
0.00118114
0.0011802
0.00117926
0.00117832
0.00117738
0.00117644
0.0011755
0.00117457
0.00117363
0.00117269
0.00117176
0.00117083
0.00116989
0.00116896
0.00116803
0.0011671
0.00116617
0.00116524
0.00116431
0.00116338
0.00116245
0.00116153
0.0011606
0.00115968
0.00115875
0.00115783
0.00115691
0.00115599
0.00115507
0.00115415
0.00115323
0.00115231
0.00115139
0.00115047
0.00114956
0.00114864
0.00114773
0.00114681
0.0011459
0.00114499
0.00114407
0.00114316
0.00114225
0.00114134
0.00114044
0.00113953
0.00113862
0.00113771
0.00113681
0.0011359
0.001135
0.0011341
0.00113319
0.00113229
0.00113139
0.00113049
0.00112959
0.00112869
0.00112779
0.0011269
0.001126
0.0011251
0.00112421
0.00112331
0.00112242
0.00112153
0.00112063
0.00111974
0.00111885
0.00111796
0.00111707
0.00111618
0.0011153
0.00111441
0.00111352
0.00111264
0.00111175
0.00111087
0.00110999
0.0011091
0.00110822
0.00110734
0.00110646
0.00110558
0.0011047
0.00110382
0.00110295
0.00110207
0.00110119
0.00110032
0.00109944
0.00109857
0.0010977
0.00109682
0.00109595
0.00109508
0.00109421
0.00109334
0.00109247
0.0010916
0.00109074
0.00108987
0.00108901
0.00108814
0.00108728
0.00108641
0.00108555
0.00108469
0.00108383
0.00108296
0.0010821
0.00108125
0.00108039
0.00107953
0.00107867
0.00107781
0.00107696
0.0010761
0.00107525
0.0010744
0.00107354
0.00107269
0.00107184
0.00107099
0.00107014
0.00106929
0.00106844
0.00106759
0.00106674
0.0010659
0.00106505
0.00106421
0.00106336
0.00106252
0.00106168
0.00106083
0.00105999
0.00105915
0.00105831
0.00105747
0.00105663
0.00105579
0.00105496
0.00105412
0.00105328
0.00105245
0.00105161
0.00105078
0.00104995
0.00104911
0.00104828
0.00104745
0.00104662
0.00104579
0.00104496
0.00104413
0.0010433
0.00104248
0.00104165
0.00104083
0.00104
0.00103918
0.00103835
0.00103753
0.00103671
0.00103589
0.00103507
0.00103425
0.00103343
0.00103261
0.00103179
0.00103097
0.00103015
0.00102934
0.00102852
0.00102771
0.00102689
0.00102608
0.00102527
0.00102446
0.00102364
0.00102283
0.00102202
0.00102121
0.00102041
0.0010196
0.00101879
0.00101798
0.00101718
0.00101637
0.00101557
0.00101476
0.00101396
0.00101316
0.00101236
0.00101155
0.00101075
0.00100995
0.00100915
0.00100836
0.00100756
0.00100676
0.00100596
0.00100517
0.00100437
0.00100358
0.00100278
0.00100199
0.0010012
0.00100041
0.000999615
0.000998824
0.000998034
0.000997245
0.000996456
0.000995668
0.000994881
0.000994094
0.000993308
0.000992522
0.000991738
0.000990953
0.00099017
0.000989387
0.000988605
0.000987823
0.000987043
0.000986262
0.000985483
0.000984704
0.000983926
0.000983148
0.000982371
0.000981595
0.000980819
0.000980044
0.00097927
0.000978496
0.000977723
0.00097695
0.000976178
0.000975407
0.000974637
0.000973867
0.000973098
0.000972329
0.000971561
0.000970794
0.000970027
0.000969261
0.000968496
0.000967731
0.000966967
0.000966203
0.00096544
0.000964678
0.000963916
0.000963155
0.000962395
0.000961635
0.000960876
0.000960118
0.00095936
0.000958603
0.000957846
0.000957091
0.000956335
0.000955581
0.000954827
0.000954073
0.00095332
0.000952568
0.000951817
0.000951066
0.000950316
0.000949566
0.000948817
0.000948069
0.000947321
0.000946574
0.000945827
0.000945081
0.000944336
0.000943591
0.000942847
0.000942104
0.000941361
0.000940619
0.000939877
0.000939136
0.000938396
0.000937656
0.000936917
0.000936179
0.000935441
0.000934704
0.000933967
0.000933231
0.000932496
0.000931761
0.000931027
0.000930293
0.00092956
0.000928828
0.000928096
0.000927365
0.000926634
0.000925904
0.000925175
0.000924446
0.000923718
0.000922991
0.000922264
0.000921538
0.000920812
0.000920087
0.000919362
0.000918638
0.000917915
0.000917192
0.00091647
0.000915749
0.000915028
0.000914308
0.000913588
0.000912869
0.000912151
0.000911433
0.000910716
0.000909999
0.000909283
0.000908567
0.000907852
0.000907138
0.000906425
0.000905711
0.000904999
0.000904287
0.000903576
0.000902865
0.000902155
0.000901445
0.000900736
0.000900028
0.00089932
0.000898613
0.000897906
0.0008972
0.000896495
0.00089579
0.000895086
0.000894382
0.000893679
0.000892977
0.000892275
0.000891574
0.000890873
0.000890173
0.000889473
0.000888774
0.000888076
0.000887378
0.000886681
0.000885984
0.000885288
0.000884593
0.000883898
0.000883203
0.00088251
0.000881816
0.000881124
0.000880432
0.00087974
0.000879049
0.000878359
0.000877669
0.00087698
0.000876292
0.000875604
0.000874916
0.000874229
0.000873543
0.000872857
0.000872172
0.000871488
0.000870804
0.00087012
0.000869437
0.000868755
0.000868073
0.000867392
0.000866712
0.000866032
0.000865352
0.000864673
0.000863995
0.000863317
0.00086264
0.000861963
0.000861287
0.000860612
0.000859937
0.000859262
0.000858588
0.000857915
0.000857243
0.00085657
0.000855899
0.000855228
0.000854557
0.000853887
0.000853218
0.000852549
0.000851881
0.000851213
0.000850546
0.00084988
0.000849214
0.000848548
0.000847883
0.000847219
0.000846555
0.000845892
0.000845229
0.000844567
0.000843905
0.000843244
0.000842584
0.000841924
0.000841265
0.000840606
0.000839948
0.00083929
0.000838633
0.000837976
0.00083732
0.000836664
0.000836009
0.000835355
0.000834701
0.000834048
0.000833395
0.000832742
0.000832091
0.000831439
0.000830789
0.000830139
0.000829489
0.00082884
0.000828192
0.000827544
0.000826896
0.000826249
0.000825603
0.000824957
0.000824312
0.000823667
0.000823023
0.000822379
0.000821736
0.000821094
0.000820452
0.00081981
0.000819169
0.000818529
0.000817889
0.000817249
0.000816611
0.000815972
0.000815335
0.000814697
0.000814061
0.000813424
0.000812789
0.000812154
0.000811519
0.000810885
0.000810251
0.000809618
0.000808986
0.000808354
0.000807722
0.000807092
0.000806461
0.000805831
0.000805202
0.000804573
0.000803945
0.000803317
0.00080269
0.000802063
0.000801437
0.000800811
0.000800186
0.000799562
0.000798937
0.000798314
0.000797691
0.000797068
0.000796446
0.000795825
0.000795204
0.000794583
0.000793963
0.000793344
0.000792725
0.000792106
0.000791488
0.000790871
0.000790254
0.000789638
0.000789022
0.000788407
0.000787792
0.000787177
0.000786564
0.00078595
0.000785338
0.000784725
0.000784114
0.000783502
0.000782892
0.000782281
0.000781672
0.000781062
0.000780454
0.000779845
0.000779238
0.000778631
0.000778024
0.000777418
0.000776812
0.000776207
0.000775602
0.000774998
0.000774394
0.000773791
0.000773189
0.000772586
0.000771985
0.000771384
0.000770783
0.000770183
0.000769583
0.000768984
0.000768385
0.000767787
0.00076719
0.000766592
0.000765996
0.0007654
0.000764804
0.000764209
0.000763614
0.00076302
0.000762426
0.000761833
0.00076124
0.000760648
0.000760056
0.000759465
0.000758874
0.000758284
0.000757694
0.000757105
0.000756516
0.000755928
0.00075534
0.000754753
0.000754166
0.00075358
0.000752994
0.000752409
0.000751824
0.000751239
0.000750656
0.000750072
0.000749489
0.000748907
0.000748325
0.000747743
0.000747163
0.000746582
0.000746002
0.000745423
0.000744843
0.000744265
0.000743687
0.000743109
0.000742532
0.000741956
0.000741379
0.000740804
0.000740229
0.000739654
0.00073908
0.000738506
0.000737933
0.00073736
0.000736787
0.000736216
0.000735644
0.000735073
0.000734503
0.000733933
0.000733363
0.000732794
0.000732226
0.000731658
0.00073109
0.000730523
0.000729957
0.00072939
0.000728825
0.00072826
0.000727695
0.000727131
0.000726567
0.000726003
0.000725441
0.000724878
0.000724316
0.000723755
0.000723194
0.000722633
0.000722073
0.000721514
0.000720954
0.000720396
0.000719838
0.00071928
0.000718723
0.000718166
0.000717609
0.000717054
0.000716498
0.000715943
0.000715389
0.000714835
0.000714281
0.000713728
0.000713175
0.000712623
0.000712071
0.00071152
0.000710969
0.000710419
0.000709869
0.00070932
0.000708771
0.000708222
0.000707674
0.000707126
0.000706579
0.000706033
0.000705486
0.000704941
0.000704395
0.00070385
0.000703306
0.000702762
0.000702219
0.000701675
0.000701133
0.000700591
0.000700049
0.000699508
0.000698967
0.000698427
0.000697887
0.000697347
0.000696808
0.00069627
0.000695732
0.000695194
0.000694657
0.00069412
0.000693584
0.000693048
0.000692512
0.000691977
0.000691443
0.000690909
0.000690375
0.000689842
0.000689309
0.000688777
0.000688245
0.000687713
0.000687182
0.000686652
0.000686122
0.000685592
0.000685063
0.000684534
0.000684006
0.000683478
0.00068295
0.000682423
0.000681897
0.000681371
0.000680845
0.00068032
0.000679795
0.000679271
0.000678747
0.000678223
0.0006777
0.000677177
0.000676655
0.000676133
0.000675612
0.000675091
0.000674571
0.000674051
0.000673531
0.000673012
0.000672493
0.000671975
0.000671457
0.000670939
0.000670422
0.000669906
0.00066939
0.000668874
0.000668359
0.000667844
0.000667329
0.000666815
0.000666302
0.000665789
0.000665276
0.000664763
0.000664252
0.00066374
0.000663229
0.000662719
0.000662208
0.000661699
0.000661189
0.00066068
0.000660172
0.000659664
0.000659156
0.000658649
0.000658142
0.000657636
0.00065713
0.000656624
0.000656119
0.000655615
0.00065511
0.000654607
0.000654103
0.0006536
0.000653098
0.000652595
0.000652094
0.000651592
0.000651091
0.000650591
0.000650091
0.000649591
0.000649092
0.000648593
0.000648095
0.000647597
0.000647099
0.000646602
0.000646105
0.000645609
0.000645113
0.000644617
0.000644122
0.000643628
0.000643133
0.000642639
0.000642146
0.000641653
0.00064116
0.000640668
0.000640176
0.000639685
0.000639194
0.000638703
0.000638213
0.000637723
0.000637234
0.000636745
0.000636257
0.000635768
0.000635281
0.000634793
0.000634306
0.00063382
0.000633334
0.000632848
0.000632363
0.000631878
0.000631393
0.000630909
0.000630426
0.000629942
0.000629459
0.000628977
0.000628495
0.000628013
0.000627532
0.000627051
0.000626571
0.00062609
0.000625611
0.000625132
0.000624653
0.000624174
0.000623696
0.000623218
0.000622741
0.000622264
0.000621788
0.000621312
0.000620836
0.000620361
0.000619886
0.000619411
0.000618937
0.000618463
0.00061799
0.000617517
0.000617045
0.000616572
0.000616101
0.000615629
0.000615158
0.000614688
0.000614218
0.000613748
0.000613278
0.000612809
0.000612341
0.000611873
0.000611405
0.000610937
0.00061047
0.000610004
0.000609537
0.000609071
0.000608606
0.000608141
0.000607676
0.000607212
0.000606748
0.000606284
0.000605821
0.000605358
0.000604896
0.000604434
0.000603972
0.000603511
0.00060305
0.000602589
0.000602129
0.00060167
0.00060121
0.000600751
0.000600293
0.000599835
0.000599377
0.000598919
0.000598462
0.000598006
0.000597549
0.000597093
0.000596638
0.000596183
0.000595728
0.000595274
0.00059482
0.000594366
0.000593913
0.00059346
0.000593007
0.000592555
0.000592103
0.000591652
0.000591201
0.00059075
0.0005903
0.00058985
0.000589401
0.000588952
0.000588503
0.000588054
0.000587606
0.000587159
0.000586712
0.000586265
0.000585818
0.000585372
0.000584926
0.000584481
0.000584036
0.000583591
0.000583147
0.000582703
0.000582259
0.000581816
0.000581373
0.000580931
0.000580489
0.000580047
0.000579606
0.000579165
0.000578724
0.000578284
0.000577844
0.000577405
0.000576966
0.000576527
0.000576088
0.00057565
0.000575213
0.000574775
0.000574338
0.000573902
0.000573466
0.00057303
0.000572594
0.000572159
0.000571724
0.00057129
0.000570856
0.000570422
0.000569989
0.000569556
0.000569123
0.000568691
0.000568259
0.000567828
0.000567396
0.000566966
0.000566535
0.000566105
0.000565675
0.000565246
0.000564817
0.000564388
0.00056396
0.000563532
0.000563105
0.000562677
0.00056225
0.000561824
0.000561398
0.000560972
0.000560546
0.000560121
0.000559697
0.000559272
0.000558848
0.000558425
0.000558001
0.000557578
0.000557156
0.000556733
0.000556311
0.00055589
0.000555469
0.000555048
0.000554627
0.000554207
0.000553787
0.000553368
0.000552949
0.00055253
0.000552111
0.000551693
0.000551276
0.000550858
0.000550441
0.000550024
0.000549608
0.000549192
0.000548776
0.000548361
0.000547946
0.000547532
0.000547117
0.000546703
0.00054629
0.000545877
0.000545464
0.000545051
0.000544639
0.000544227
0.000543816
0.000543404
0.000542994
0.000542583
0.000542173
0.000541763
0.000541354
0.000540945
0.000540536
0.000540127
0.000539719
0.000539312
0.000538904
0.000538497
0.00053809
0.000537684
0.000537278
0.000536872
0.000536467
0.000536062
0.000535657
0.000535253
0.000534849
0.000534445
0.000534041
0.000533638
0.000533236
0.000532833
0.000532431
0.00053203
0.000531628
0.000531227
0.000530827
0.000530426
0.000530026
0.000529627
0.000529227
0.000528828
0.000528429
0.000528031
0.000527633
0.000527235
0.000526838
0.000526441
0.000526044
0.000525648
0.000525252
0.000524856
0.000524461
0.000524066
0.000523671
0.000523277
0.000522883
0.000522489
0.000522095
0.000521702
0.00052131
0.000520917
0.000520525
0.000520133
0.000519742
0.000519351
0.00051896
0.000518569
0.000518179
0.000517789
0.0005174
0.000517011
0.000516622
0.000516233
0.000515845
0.000515457
0.00051507
0.000514682
0.000514296
0.000513909
0.000513523
0.000513137
0.000512751
0.000512366
0.000511981
0.000511596
0.000511212
0.000510828
0.000510444
0.000510061
0.000509678
0.000509295
0.000508912
0.00050853
0.000508149
0.000507767
0.000507386
0.000507005
0.000506625
0.000506244
0.000505864
0.000505485
0.000505106
0.000504727
0.000504348
0.00050397
0.000503592
0.000503214
0.000502837
0.00050246
0.000502083
0.000501707
0.00050133
0.000500955
0.000500579
0.000500204
0.000499829
0.000499455
0.00049908
0.000498706
0.000498333
0.00049796
0.000497587
0.000497214
0.000496841
0.000496469
0.000496098
0.000495726
0.000495355
0.000494984
0.000494614
0.000494244
0.000493874
0.000493504
0.000493135
0.000492766
0.000492397
0.000492029
0.000491661
0.000491293
0.000490926
0.000490558
0.000490192
0.000489825
0.000489459
0.000489093
0.000488727
0.000488362
0.000487997
0.000487632
0.000487268
0.000486904
0.00048654
0.000486177
0.000485813
0.000485451
0.000485088
0.000484726
0.000484364
0.000484002
0.000483641
0.00048328
0.000482919
0.000482558
0.000482198
0.000481838
0.000481479
0.00048112
0.000480761
0.000480402
0.000480044
0.000479685
0.000479328
0.00047897
0.000478613
0.000478256
0.0004779
0.000477543
0.000477187
0.000476832
0.000476476
0.000476121
0.000475766
0.000475412
0.000475058
0.000474704
0.00047435
0.000473997
0.000473644
0.000473291
0.000472939
0.000472586
0.000472234
0.000471883
0.000471532
0.000471181
0.00047083
0.00047048
0.000470129
0.00046978
0.00046943
0.000469081
0.000468732
0.000468383
0.000468035
0.000467687
0.000467339
0.000466992
0.000466644
0.000466297
0.000465951
0.000465604
0.000465258
0.000464913
0.000464567
0.000464222
0.000463877
0.000463533
0.000463188
0.000462844
0.0004625
0.000462157
0.000461814
0.000461471
0.000461128
0.000460786
0.000460444
0.000460102
0.000459761
0.00045942
0.000459079
0.000458738
0.000458398
0.000458058
0.000457718
0.000457378
0.000457039
0.0004567
0.000456362
0.000456023
0.000455685
0.000455347
0.00045501
0.000454673
0.000454336
0.000453999
0.000453663
0.000453327
0.000452991
0.000452655
0.00045232
0.000451985
0.00045165
0.000451316
0.000450982
0.000450648
0.000450314
0.000449981
0.000449648
0.000449315
0.000448983
0.00044865
0.000448318
0.000447987
0.000447655
0.000447324
0.000446993
0.000446663
0.000446333
0.000446003
0.000445673
0.000445343
0.000445014
0.000444685
0.000444357
0.000444028
0.0004437
0.000443372
0.000443045
0.000442718
0.000442391
0.000442064
0.000441738
0.000441411
0.000441085
0.00044076
0.000440434
0.000440109
0.000439785
0.00043946
0.000439136
0.000438812
0.000438488
0.000438164
0.000437841
0.000437518
0.000437196
0.000436873
0.000436551
0.000436229
0.000435908
0.000435586
0.000435265
0.000434945
0.000434624
0.000434304
0.000433984
0.000433664
0.000433345
0.000433025
0.000432707
0.000432388
0.000432069
0.000431751
0.000431433
0.000431116
0.000430799
0.000430481
0.000430165
0.000429848
0.000429532
0.000429216
0.0004289
0.000428585
0.000428269
0.000427954
0.00042764
0.000427325
0.000427011
0.000426697
0.000426384
0.00042607
0.000425757
0.000425444
0.000425132
0.000424819
0.000424507
0.000424195
0.000423884
0.000423572
0.000423261
0.000422951
0.00042264
0.00042233
0.00042202
0.00042171
0.0004214
0.000421091
0.000420782
0.000420474
0.000420165
0.000419857
0.000419549
0.000419241
0.000418934
0.000418627
0.00041832
0.000418013
0.000417707
0.0004174
0.000417094
0.000416789
0.000416483
0.000416178
0.000415873
0.000415569
0.000415264
0.00041496
0.000414656
0.000414353
0.000414049
0.000413746
0.000413443
0.000413141
0.000412838
0.000412536
0.000412234
0.000411933
0.000411631
0.00041133
0.000411029
0.000410729
0.000410428
0.000410128
0.000409828
0.000409529
0.00040923
0.00040893
0.000408632
0.000408333
0.000408035
0.000407736
0.000407439
0.000407141
0.000406844
0.000406546
0.00040625
0.000405953
0.000405657
0.00040536
0.000405065
0.000404769
0.000404474
0.000404178
0.000403883
0.000403589
0.000403294
0.000403
0.000402706
0.000402413

